-----------------------------------six_1.txt-----------------------
2 2 2 2 2 2 2 2 1 2 2 2 2 2 2 2 2 2 2 2 27 2 2 2 2 2 2 25 25 26 2 13 2 2 13 2 2 2 2 2 26 21 21 21 21 21 15 15 15 15 15 15 15 15 15 15 15 15 15 15 27 25 25 25 25 25 25 25 25 25 2 25 2 2 2 2 2 1 1 1 2 27 27 2 2 
-----------------------------------six_2.txt-----------------------
2 2 2 2 2 2 2 2 2 2 2 2 2 2 2 2 2 2 2 2 2 2 2 2 2 2 2 25 25 25 2 13 2 2 2 2 2 2 13 26 21 21 21 26 26 26 15 15 15 15 15 15 15 15 15 15 15 15 15 14 27 27 31 25 25 25 25 25 2 23 2 2 23 2 2 2 25 25 1 1 1 2 27 2 2 
-----------------------------------six_3.txt-----------------------
2 1 1 1 1 2 2 2 2 2 2 2 2 27 2 2 2 2 2 2 2 2 2 2 27 2 2 2 13 2 2 2 2 2 2 25 25 13 2 26 15 21 21 21 21 15 15 15 15 15 15 15 15 15 15 15 15 15 15 15 15 15 25 25 25 25 25 25 25 25 25 25 25 21 2 26 25 25 25 2 27 27 2 2 2 
-----------------------------------six_4.txt-----------------------
2 10 2 2 2 2 2 2 2 2 2 2 2 2 2 2 2 27 2 2 2 27 3 3 26 25 25 25 25 25 13 13 2 13 13 26 26 26 26 21 26 26 21 26 15 15 15 15 15 15 15 15 15 15 15 14 15 15 15 15 25 25 25 25 25 25 2 25 25 25 22 21 2 25 25 25 2 27 2 2 2 2 2 2 2 
-----------------------------------six_5.txt-----------------------
2 2 2 2 2 2 2 3 1 1 3 27 2 2 27 2 2 2 2 2 2 2 2 2 2 27 2 2 2 2 13 2 2 2 2 2 2 13 13 13 26 26 26 26 26 26 15 15 15 15 15 15 21 15 15 15 15 15 15 15 15 15 15 15 25 25 25 25 25 25 25 25 2 23 22 25 25 25 25 25 25 2 27 27 2 
-----------------------------------six_6.txt-----------------------
2 2 2 2 10 2 2 2 27 2 2 2 2 27 2 2 3 2 2 2 2 2 2 2 2 2 2 2 25 25 25 25 26 2 2 2 13 13 13 13 15 26 26 26 26 26 26 26 15 15 26 15 15 15 15 15 15 15 15 15 15 15 26 15 26 25 25 25 2 2 2 25 25 4 31 25 25 25 25 2 2 2 2 2 2 
-----------------------------------six_7.txt-----------------------
2 10 2 2 2 2 27 2 3 2 2 27 2 2 2 2 2 2 2 3 2 2 2 2 2 2 2 2 25 25 25 25 25 25 25 13 2 2 13 15 26 26 26 26 26 26 26 15 15 21 15 15 15 15 15 15 15 15 15 27 15 15 27 27 25 25 25 25 25 25 2 2 25 2 2 23 25 25 25 25 25 2 2 2 2 
-----------------------------------six_8.txt-----------------------
2 2 2 2 2 2 2 2 2 2 27 2 2 2 2 2 2 2 2 2 2 27 2 2 2 2 2 2 25 25 25 25 25 25 13 2 13 2 26 2 27 26 15 15 14 21 21 15 15 15 15 15 15 15 15 15 15 15 15 15 27 27 27 15 27 25 25 25 25 25 25 2 25 25 25 25 25 25 25 25 25 1 27 27 2 
-----------------------------------six_9.txt-----------------------
2 2 10 2 2 2 2 2 2 2 2 2 2 2 10 2 2 2 2 10 25 2 2 2 2 2 26 25 2 13 2 2 25 13 13 15 26 26 26 21 21 21 26 26 21 15 15 15 15 15 15 15 15 15 15 26 25 25 15 15 25 25 25 25 25 25 25 25 25 25 25 25 25 25 2 2 27 4 2 2 2 2 2 2 2 
-----------------------------------six_10.txt-----------------------
2 2 2 2 2 2 2 2 2 2 2 2 2 2 2 2 10 10 3 2 2 2 2 2 27 27 27 2 2 25 25 25 25 25 2 2 2 2 13 15 26 26 26 26 15 26 26 26 15 15 26 15 15 15 15 15 15 14 27 27 27 25 25 25 25 25 25 25 25 25 25 25 25 25 25 2 2 27 2 2 2 2 2 2 2 
-----------------------------------six_11.txt-----------------------
2 2 2 2 2 2 2 2 2 2 2 2 2 2 2 2 2 2 2 2 25 25 25 25 25 25 13 25 25 25 25 26 26 26 26 15 26 26 15 15 15 15 15 15 15 15 15 15 15 15 4 15 25 25 25 25 25 25 25 25 2 25 25 25 25 25 25 2 2 3 2 2 2 2 2 2 2 27 2 2 2 2 3 3 2 
-----------------------------------six_12.txt-----------------------
2 2 2 10 2 2 2 2 2 2 2 2 2 2 2 2 2 2 2 2 2 2 10 2 2 1 2 2 25 2 2 2 2 2 2 25 2 25 15 27 27 27 26 27 27 26 15 15 15 14 15 15 15 15 15 15 15 14 15 26 27 27 25 25 25 25 25 25 2 2 2 2 2 2 2 25 25 1 2 27 2 2 2 27 2 
-----------------------------------six_13.txt-----------------------
2 10 2 27 2 2 2 2 2 2 2 2 2 2 2 2 2 2 2 2 27 2 2 2 25 2 25 25 25 25 2 13 27 25 25 26 26 26 21 15 15 15 15 15 15 15 15 15 15 15 15 15 15 15 16 15 15 26 25 25 25 25 25 25 25 2 2 2 2 2 25 2 2 2 2 2 2 27 27 2 27 2 2 2 2 
-----------------------------------six_14.txt-----------------------
2 2 2 2 10 2 2 2 2 2 2 2 2 2 2 2 2 2 25 25 25 25 2 2 13 2 25 2 2 15 26 26 27 27 26 26 26 26 15 15 15 15 15 15 15 15 15 15 14 16 14 14 25 25 25 25 25 25 25 2 2 2 2 2 2 25 2 2 2 2 27 2 2 2 2 2 2 2 3 2 2 2 2 2 2 
-----------------------------------six_15.txt-----------------------
2 2 10 2 2 2 2 2 2 2 2 2 2 2 10 2 2 2 2 10 2 2 2 2 2 2 2 2 25 2 2 2 2 2 2 13 2 13 13 15 27 27 26 15 21 15 15 26 26 26 26 26 26 15 15 15 15 15 27 16 14 27 27 25 25 25 25 25 25 25 2 2 2 25 25 25 25 25 4 2 2 2 2 2 2 
