-----------------------------------apple_1.txt-----------------------
2 2 2 2 2 2 2 2 2 2 2 2 27 2 2 26 26 26 26 26 26 25 25 4 27 27 25 27 27 27 27 27 27 27 27 27 27 27 2 5 5 1 1 1 1 1 1 1 1 1 1 1 2 2 2 25 25 25 25 25 25 4 4 21 21 21 21 21 2 4 2 2 4 2 2 27 27 27 2 2 2 27 27 2 2 
-----------------------------------apple_2.txt-----------------------
2 2 2 2 2 2 2 2 2 2 2 2 13 2 27 26 26 26 26 26 26 26 25 25 25 27 27 27 31 27 27 27 27 27 14 27 27 2 2 2 2 1 5 1 1 1 1 1 1 1 1 1 1 1 5 25 2 2 2 25 25 4 4 4 21 21 21 21 21 15 2 2 2 2 4 2 2 2 27 27 31 27 27 2 2 
-----------------------------------apple_3.txt-----------------------
2 2 2 2 2 2 2 2 1 1 2 2 15 15 15 27 26 26 26 26 26 26 25 25 25 4 27 27 27 27 4 27 27 27 27 27 27 2 2 2 5 1 1 1 1 1 1 1 1 1 1 1 2 2 2 2 2 2 2 2 25 2 13 21 21 21 21 21 21 2 4 4 31 31 31 2 2 2 2 2 2 2 2 2 2 
-----------------------------------apple_4.txt-----------------------
2 2 2 2 2 2 2 2 2 2 2 2 2 15 4 24 27 27 26 26 26 27 26 26 25 25 25 27 27 27 27 27 27 27 27 27 27 27 27 2 13 1 1 1 1 1 1 1 1 1 1 1 1 1 1 2 2 2 2 2 2 2 23 21 21 21 21 21 21 2 2 2 4 2 27 2 2 2 2 2 2 2 2 2 2 
-----------------------------------apple_5.txt-----------------------
2 2 2 2 2 2 4 27 15 15 26 26 26 26 26 26 26 25 25 4 27 27 27 27 27 27 27 27 27 2 2 27 2 2 2 3 5 5 1 1 1 1 1 1 1 1 1 1 2 2 2 2 2 25 2 25 2 4 2 2 2 23 4 4 4 27 4 2 2 2 2 2 4 2 2 2 2 2 2 2 2 2 2 2 31 
-----------------------------------apple_6.txt-----------------------
2 2 2 2 2 2 2 2 2 2 15 26 26 15 15 15 26 26 15 26 26 25 25 25 27 25 27 27 4 27 27 27 27 27 27 27 27 2 3 5 1 1 1 1 1 1 1 1 1 5 5 5 1 2 2 2 2 2 2 13 2 13 2 1 13 19 2 2 2 2 27 27 27 2 2 2 2 2 2 2 2 2 2 3 3 
-----------------------------------apple_7.txt-----------------------
2 2 2 2 2 2 2 2 2 2 21 21 26 26 26 26 15 15 15 26 26 26 26 25 2 26 27 27 27 27 27 27 27 27 27 2 2 2 2 2 3 5 1 1 1 1 1 1 1 1 1 1 1 5 5 1 2 2 1 2 2 2 2 21 2 4 13 2 2 21 2 2 2 4 2 2 27 27 2 2 2 2 2 2 2 
-----------------------------------apple_8.txt-----------------------
2 3 2 2 2 2 2 2 31 27 27 26 15 26 15 15 15 15 26 26 26 27 25 27 27 27 27 27 27 27 27 27 27 27 27 27 27 1 1 1 1 1 1 1 1 1 1 1 1 1 1 2 2 2 2 2 25 25 2 2 2 4 21 21 21 21 21 2 2 4 2 2 27 2 2 27 2 27 2 2 2 27 2 2 2 
-----------------------------------apple_9.txt-----------------------
2 2 2 2 2 2 2 2 2 27 27 2 26 26 26 26 26 26 26 26 26 26 25 25 27 4 27 14 27 27 27 27 27 4 14 27 2 27 2 1 5 1 1 1 1 1 1 1 5 5 5 5 5 5 5 5 2 21 2 2 4 4 4 21 21 21 21 26 2 2 2 2 2 2 13 2 27 2 2 2 2 2 2 2 2 
-----------------------------------apple_10.txt-----------------------
2 2 2 2 2 3 2 2 2 2 2 31 27 26 26 26 26 26 26 15 26 26 26 27 27 2 27 27 27 4 27 27 27 27 4 14 14 2 2 2 4 1 1 1 1 1 1 1 1 1 1 1 5 5 5 2 2 21 21 2 2 2 2 4 4 21 22 21 2 2 2 2 2 4 4 2 2 2 2 27 2 2 2 2 2 
-----------------------------------apple_11.txt-----------------------
3 2 2 2 2 2 2 2 2 2 2 27 26 26 15 15 26 26 21 15 26 26 26 26 27 31 27 27 27 27 4 27 27 27 27 27 27 27 25 3 1 1 1 1 1 1 1 1 1 1 5 1 2 2 2 2 2 2 2 2 2 4 21 21 23 21 2 4 4 4 4 2 27 27 27 2 2 2 2 2 2 2 2 2 2 
-----------------------------------apple_12.txt-----------------------
2 2 2 2 2 2 2 2 2 2 2 2 2 2 2 2 2 2 2 27 2 2 2 2 2 2 2 2 2 27 2 27 26 26 26 26 15 15 15 26 15 15 15 27 27 27 25 4 27 27 27 4 4 31 31 4 4 4 2 25 1 1 1 1 1 1 1 1 1 1 1 1 1 2 5 2 2 2 2 2 2 13 23 23 23 
-----------------------------------apple_13.txt-----------------------
2 2 2 2 2 2 2 2 2 2 2 2 2 3 2 2 2 2 2 2 2 2 2 2 2 2 2 2 2 2 2 15 26 26 15 15 15 21 15 15 15 15 26 27 27 27 4 27 27 4 31 4 27 27 31 27 4 27 2 5 1 1 1 1 1 1 1 1 1 1 5 5 5 5 2 2 2 2 2 2 2 21 21 21 21 
-----------------------------------apple_14.txt-----------------------
2 2 2 2 2 2 2 2 2 31 4 27 27 26 26 26 15 15 26 26 26 15 26 26 27 25 4 27 27 27 4 4 4 4 4 4 4 2 2 1 1 1 1 1 1 1 1 1 1 5 5 2 5 5 2 2 2 21 21 21 21 21 21 21 13 13 2 2 2 2 27 27 4 2 2 2 2 2 13 13 2 2 2 2 3 
-----------------------------------apple_15.txt-----------------------
2 2 2 27 2 2 2 2 2 23 31 27 26 26 26 26 26 26 26 27 27 27 27 27 27 27 4 27 27 27 4 4 27 27 27 4 27 2 25 14 5 1 1 1 1 1 1 1 1 1 1 5 5 5 2 2 2 2 2 2 2 4 4 21 4 21 21 21 27 4 4 4 4 2 2 2 2 2 2 27 2 2 2 2 2 
