-----------------------------------zero_1.txt-----------------------
2 2 2 2 2 2 2 2 2 2 2 2 2 2 2 24 32 32 4 31 4 30 13 13 19 15 15 15 15 15 21 15 15 15 15 16 16 13 2 2 5 5 5 5 5 5 5 5 5 5 5 5 5 5 5 7 7 5 7 7 29 4 4 4 4 2 2 27 4 27 2 2 2 2 2 2 2 2 2 2 2 2 13 27 27 
-----------------------------------zero_2.txt-----------------------
2 1 2 2 2 2 2 2 2 2 2 2 2 2 2 21 14 4 32 4 31 4 4 16 13 19 19 15 16 15 15 15 15 15 15 15 16 27 14 2 2 2 2 2 5 5 5 5 5 5 5 5 5 5 5 5 5 5 7 7 7 7 4 30 30 4 4 4 2 27 14 27 4 2 2 2 2 2 2 2 2 2 27 14 31 
-----------------------------------zero_3.txt-----------------------
27 2 2 27 2 27 2 1 2 2 2 2 2 2 1 2 2 2 27 4 4 4 4 31 4 24 13 15 13 15 15 15 15 15 15 15 15 16 16 14 27 2 2 2 2 5 5 5 5 5 5 5 5 5 5 5 5 5 5 7 7 7 2 7 8 4 4 4 4 2 2 4 27 27 2 2 2 2 2 2 2 2 2 2 2 
-----------------------------------zero_4.txt-----------------------
2 2 2 2 2 2 2 2 2 2 2 2 2 2 2 2 27 4 24 30 4 4 31 4 13 13 15 15 14 15 15 15 15 15 15 15 14 14 27 27 2 2 2 5 1 5 5 5 5 5 5 5 5 5 5 5 21 5 5 7 29 4 29 32 4 32 4 4 4 4 27 27 2 2 2 2 2 2 2 2 2 2 2 2 27 
-----------------------------------zero_5.txt-----------------------
2 2 2 2 2 2 2 27 2 2 2 2 2 2 2 2 2 4 30 4 30 4 30 24 4 13 13 15 15 14 15 15 15 15 15 15 15 16 16 13 2 2 2 2 5 5 5 5 5 5 5 5 5 5 5 5 5 5 5 7 7 4 29 4 31 4 4 4 4 2 2 2 2 2 2 2 2 2 2 2 2 2 2 2 2 
-----------------------------------zero_6.txt-----------------------
2 2 2 2 2 2 2 2 2 2 2 2 2 2 2 2 2 2 2 2 2 4 31 32 4 32 19 15 15 15 15 15 15 15 15 15 15 15 14 14 14 2 2 2 5 5 5 5 3 5 5 5 5 5 5 5 5 5 5 7 2 7 7 8 4 30 32 4 4 4 27 4 27 27 27 2 2 2 2 2 2 2 2 2 27 
-----------------------------------zero_7.txt-----------------------
2 2 2 2 2 2 2 2 2 2 2 2 2 2 2 2 2 27 27 30 30 4 4 4 4 18 15 15 15 15 15 15 15 15 15 15 15 14 16 27 27 2 2 1 5 5 5 5 5 5 5 5 5 5 5 5 5 5 5 5 7 5 7 4 29 4 27 4 4 4 4 2 2 2 2 2 2 2 2 2 27 4 2 27 27 
-----------------------------------zero_8.txt-----------------------
2 2 2 2 2 2 2 2 2 2 2 2 2 2 2 2 27 2 2 2 31 2 31 4 4 31 19 15 15 15 15 15 15 15 15 15 15 15 16 27 27 2 2 2 2 5 5 5 5 5 5 5 5 5 5 5 5 2 5 5 7 8 29 29 30 30 4 2 27 27 4 4 27 27 27 2 2 2 2 2 4 14 14 27 4 
-----------------------------------zero_9.txt-----------------------
2 2 3 1 2 2 2 2 2 2 2 2 2 2 2 2 2 2 2 2 24 32 4 30 31 4 13 15 15 15 15 15 15 15 15 15 15 16 26 27 2 2 2 2 5 5 5 5 5 5 5 5 5 5 5 5 5 7 7 7 7 7 29 29 4 4 4 4 14 4 13 27 27 2 2 2 2 2 2 2 2 27 27 2 2 
-----------------------------------zero_10.txt-----------------------
2 10 2 2 2 2 2 2 2 2 2 2 2 2 2 2 2 2 2 27 4 2 31 4 31 4 19 23 19 19 15 15 15 15 15 15 15 15 16 13 27 2 2 2 2 2 5 5 5 5 5 5 5 5 2 2 5 5 5 7 7 4 7 4 30 4 4 4 4 31 4 27 2 4 2 3 2 2 2 27 2 2 2 2 2 
-----------------------------------zero_11.txt-----------------------
2 2 2 2 2 2 2 2 2 2 2 2 2 2 2 2 2 2 2 2 29 32 4 30 4 14 19 15 15 15 15 15 15 15 15 15 15 14 14 27 27 27 2 2 5 5 5 5 2 5 5 5 5 5 5 2 5 5 5 7 7 7 8 29 4 4 29 4 27 27 4 4 4 14 27 27 2 2 27 27 2 2 2 27 2 
-----------------------------------zero_12.txt-----------------------
27 2 2 2 2 2 2 2 2 3 2 2 2 2 27 2 27 2 32 4 30 4 4 4 19 19 15 15 14 15 15 15 15 15 15 15 14 16 16 2 2 2 5 5 5 5 5 5 5 5 5 5 5 5 5 5 5 7 7 7 29 4 29 4 4 4 4 27 27 2 2 2 2 2 2 2 2 2 2 2 2 2 2 27 27 
-----------------------------------zero_13.txt-----------------------
2 2 2 2 2 2 3 27 2 2 2 2 2 2 2 2 2 4 4 24 4 30 4 30 4 13 19 15 15 15 15 15 15 15 15 14 14 27 27 27 2 2 2 5 5 5 5 5 5 5 5 5 5 5 5 5 5 7 7 7 7 7 4 4 4 31 4 4 4 27 27 27 27 4 2 2 2 2 2 2 2 2 2 2 2 
-----------------------------------zero_14.txt-----------------------
2 2 2 2 2 2 3 2 2 2 2 2 2 2 2 2 2 4 32 4 31 4 32 30 32 13 19 19 14 15 15 15 15 15 15 15 14 27 27 27 2 2 2 5 5 5 5 5 5 5 5 5 5 21 5 5 5 7 7 29 7 7 29 4 4 4 4 4 4 2 2 2 2 2 2 2 2 2 2 2 2 27 2 2 2 
-----------------------------------zero_15.txt-----------------------
2 2 27 2 2 2 2 3 1 2 2 2 1 2 2 2 27 27 24 4 30 4 4 4 14 13 19 19 15 15 15 15 15 15 15 15 15 14 16 27 2 2 2 2 5 2 2 5 5 5 5 5 5 5 5 5 5 5 5 7 4 4 7 4 4 4 4 4 31 27 27 27 27 27 2 13 2 2 2 2 27 2 2 2 2 
