-----------------------------------okay_1.txt-----------------------
3 3 3 3 3 3 3 3 3 1 3 3 3 3 3 4 29 7 5 5 5 5 5 5 5 7 21 21 5 5 8 7 8 7 7 7 13 13 15 21 21 21 21 21 21 21 21 15 15 21 21 21 21 21 21 21 15 21 21 15 21 21 21 21 29 31 31 4 4 4 4 27 27 27 3 3 3 3 3 3 3 3 3 3 3 
-----------------------------------okay_2.txt-----------------------
3 3 3 1 3 3 3 3 3 3 3 3 3 2 7 7 5 5 5 5 5 5 5 5 5 5 7 5 5 7 7 8 5 5 7 2 2 15 21 21 21 21 23 13 21 21 21 21 15 21 21 15 21 21 21 21 21 15 15 15 21 15 21 21 21 21 21 4 31 4 4 27 2 27 3 3 3 3 2 3 3 3 3 3 3 
-----------------------------------okay_3.txt-----------------------
3 3 3 3 3 3 3 9 9 3 3 2 27 5 5 5 21 5 5 5 5 5 7 7 7 8 7 5 5 7 7 5 5 5 2 25 21 21 21 21 21 21 21 21 21 21 21 21 21 21 21 21 21 21 21 21 21 21 15 15 15 13 23 21 21 4 31 29 4 31 27 4 27 3 3 3 3 3 3 3 3 1 3 3 3 
-----------------------------------okay_4.txt-----------------------
3 3 3 3 3 3 27 29 29 7 7 5 5 21 5 5 5 7 7 5 7 5 7 7 7 7 7 7 25 2 13 21 21 21 23 21 23 21 21 21 21 21 23 21 21 21 21 21 21 21 21 21 21 21 15 21 21 15 26 21 21 4 21 4 4 31 4 27 27 27 27 2 2 3 2 2 3 3 3 3 3 3 3 3 3 
-----------------------------------okay_5.txt-----------------------
3 3 3 3 3 2 3 3 3 4 7 7 5 5 5 5 5 5 21 21 7 5 7 7 5 5 7 7 5 7 29 29 13 13 15 21 21 21 21 21 13 21 13 13 15 15 15 15 15 21 21 21 15 21 21 21 21 21 15 21 21 15 15 21 15 15 31 31 4 4 4 4 4 27 27 27 3 3 3 3 3 3 2 3 3 
-----------------------------------okay_6.txt-----------------------
3 3 3 3 3 3 3 3 3 3 3 3 2 7 5 5 5 5 5 5 5 5 5 5 7 5 7 7 7 7 7 7 7 7 15 15 15 21 13 13 13 21 13 21 21 21 21 21 21 21 21 21 21 15 21 21 21 21 21 21 15 15 15 21 15 15 15 15 31 31 31 31 27 27 27 27 3 3 2 3 2 3 27 4 3 
-----------------------------------okay_7.txt-----------------------
3 3 3 3 31 2 5 5 5 5 21 5 5 5 5 5 5 5 5 5 5 7 7 2 13 13 15 21 21 21 21 21 21 21 21 21 21 21 21 21 21 21 21 21 15 21 21 15 15 15 15 15 21 21 21 21 21 4 21 4 4 31 4 4 4 27 27 27 3 3 3 3 3 3 3 3 3 3 3 2 3 2 2 3 3 
-----------------------------------okay_8.txt-----------------------
3 3 3 3 3 3 27 7 5 5 5 5 5 5 5 5 21 5 7 7 7 7 7 7 7 7 7 7 2 2 23 15 21 21 13 21 13 21 21 21 13 15 21 15 21 21 15 15 15 21 21 21 21 21 15 15 21 15 15 27 27 21 21 31 31 4 4 27 27 4 3 27 3 3 3 3 3 3 3 3 3 3 3 3 3 
-----------------------------------okay_9.txt-----------------------
3 3 3 3 3 3 3 3 3 3 3 3 4 7 7 5 5 5 5 5 5 5 5 5 5 5 5 5 5 5 5 7 13 13 15 21 21 21 15 15 15 15 21 21 21 21 21 21 21 21 21 21 15 21 21 21 15 21 21 15 15 15 15 27 15 15 15 4 4 31 31 31 31 27 4 27 27 27 27 27 3 3 3 3 3 
-----------------------------------okay_10.txt-----------------------
3 3 3 3 3 3 27 7 5 5 5 5 5 5 5 5 5 5 5 5 5 7 5 7 7 7 15 13 13 15 21 21 21 21 21 21 15 21 21 21 21 21 21 21 15 15 15 15 21 21 21 21 21 21 21 15 15 15 15 15 21 15 14 4 4 32 32 31 27 27 4 27 27 3 27 27 3 3 3 3 3 3 3 3 3 
-----------------------------------okay_11.txt-----------------------
3 3 3 27 3 2 7 7 5 5 5 7 5 7 7 7 5 7 5 5 5 5 6 7 2 2 13 21 21 15 15 14 15 14 14 15 14 13 13 14 21 21 21 15 15 21 21 15 21 21 21 21 21 21 21 21 21 13 21 15 27 4 4 4 29 4 4 4 2 2 2 3 3 3 3 3 3 3 3 3 3 3 3 1 3 
-----------------------------------okay_12.txt-----------------------
1 2 2 2 3 7 3 5 5 5 5 5 5 5 7 5 5 5 5 5 5 5 6 5 6 2 13 15 21 21 15 15 14 13 13 13 23 13 14 14 14 15 14 13 15 14 15 21 14 21 21 21 21 21 21 15 21 21 21 21 15 15 21 23 13 31 4 14 14 27 27 4 2 27 3 1 2 2 2 2 2 1 13 1 13 
-----------------------------------okay_13.txt-----------------------
3 3 2 2 1 3 3 1 2 2 2 1 3 7 5 5 5 21 5 5 5 21 5 5 7 7 5 7 7 7 7 7 13 13 13 21 21 21 21 21 21 21 21 21 15 15 21 21 15 21 21 21 21 21 21 21 21 21 21 21 21 21 21 21 15 15 15 15 15 15 21 4 31 4 31 4 4 2 3 3 3 3 3 3 3 
-----------------------------------okay_14.txt-----------------------
3 3 3 27 2 27 3 27 7 7 7 5 5 5 5 5 7 7 5 5 5 5 5 5 5 7 7 7 13 13 13 15 21 15 15 13 13 14 13 13 13 13 21 13 23 13 21 13 15 15 15 15 15 15 21 21 21 21 21 21 15 15 21 15 21 23 21 21 4 31 31 4 27 2 2 27 2 3 27 27 27 3 3 3 3 
-----------------------------------okay_15.txt-----------------------
3 3 3 3 3 4 3 5 5 5 5 5 5 5 5 5 7 8 5 5 7 7 5 5 7 13 13 15 21 21 21 21 21 21 21 21 21 15 21 15 21 21 21 15 15 15 15 15 21 21 21 21 15 15 15 15 15 15 21 15 15 15 31 31 31 4 31 31 4 27 27 27 27 27 3 3 3 3 3 3 3 3 3 3 3 
