-----------------------------------eight_1.txt-----------------------
2 2 2 2 2 2 2 2 2 2 2 2 3 2 2 2 2 2 2 2 2 27 27 2 2 2 2 2 2 2 2 2 2 4 31 4 2 15 21 15 21 15 21 15 15 15 15 15 15 15 15 15 15 15 15 15 15 15 15 15 15 15 15 14 15 15 15 23 27 27 27 14 14 27 27 27 27 14 13 2 25 25 25 2 2 
-----------------------------------eight_2.txt-----------------------
2 2 2 2 2 2 2 2 2 2 2 2 2 2 2 2 2 27 2 2 2 2 2 2 2 2 2 2 2 2 2 2 2 2 2 2 2 27 31 26 26 21 15 15 21 21 21 15 21 21 15 15 15 15 15 15 15 15 26 15 15 15 15 21 15 14 15 27 27 15 14 14 27 27 14 14 27 27 13 13 25 25 25 25 27 
-----------------------------------eight_3.txt-----------------------
2 2 2 2 2 2 2 2 2 2 2 2 27 2 27 2 2 27 2 2 2 2 2 3 1 2 2 2 2 2 2 2 2 2 27 4 31 13 26 26 26 21 15 21 21 15 15 21 15 15 15 15 15 15 15 15 15 15 15 26 15 15 15 15 15 27 27 26 15 14 31 14 27 14 14 27 3 2 27 9 25 25 25 25 25 
-----------------------------------eight_4.txt-----------------------
2 2 2 2 2 2 2 2 2 2 2 2 2 2 27 2 3 2 2 2 2 2 2 2 2 2 2 4 32 27 26 21 21 21 21 21 15 15 15 15 15 15 15 15 15 26 15 15 15 15 26 15 15 15 15 15 15 15 15 26 27 27 27 27 27 27 27 27 9 2 25 25 2 25 25 25 25 2 2 27 27 2 13 2 2 
-----------------------------------eight_5.txt-----------------------
27 2 2 2 2 2 3 2 2 2 2 2 2 2 2 2 2 2 2 2 2 2 2 2 2 2 2 2 2 2 2 2 2 2 2 4 21 4 27 15 15 21 15 21 15 15 15 15 15 15 15 15 15 15 15 15 15 15 15 15 15 15 15 15 14 15 15 27 4 14 14 27 27 27 27 27 27 27 2 2 25 27 27 25 3 
-----------------------------------eight_6.txt-----------------------
2 2 2 3 3 2 2 2 2 2 2 2 2 2 3 3 2 2 2 2 2 2 2 2 2 2 2 2 2 2 4 31 26 15 15 15 21 21 21 15 15 15 15 15 15 15 15 15 15 15 15 15 15 15 15 15 26 21 14 27 15 15 14 27 27 27 14 14 27 27 11 13 2 25 25 25 25 25 2 2 2 2 2 2 2 
-----------------------------------eight_7.txt-----------------------
2 2 2 2 2 2 2 2 2 10 2 2 2 2 2 2 2 2 2 2 2 2 2 2 2 2 2 2 2 2 27 2 2 2 2 3 2 27 2 25 26 21 21 26 21 21 21 15 26 15 15 15 15 15 15 15 15 26 15 15 26 26 15 15 15 15 15 14 14 14 27 14 14 27 27 27 27 2 2 9 25 25 2 2 2 
-----------------------------------eight_8.txt-----------------------
2 10 2 2 2 2 2 2 2 2 2 2 2 2 2 2 2 2 2 2 2 10 2 2 2 2 2 2 2 2 2 2 2 2 2 2 2 2 2 2 2 26 15 26 26 26 15 4 27 27 27 14 31 4 27 27 27 4 4 4 27 13 2 25 2 25 2 1 1 2 2 2 2 2 2 2 2 2 2 2 2 2 2 2 2 
-----------------------------------eight_9.txt-----------------------
2 2 2 2 3 2 2 2 2 2 2 2 2 2 2 2 2 1 3 2 2 2 2 2 2 2 27 4 31 15 21 21 26 21 21 15 15 15 15 21 15 15 15 15 26 15 15 15 15 26 15 15 15 26 15 27 15 15 4 15 15 15 27 27 27 2 2 2 2 25 25 25 25 25 25 25 3 27 2 27 2 2 2 2 2 
-----------------------------------eight_10.txt-----------------------
2 3 2 2 2 1 2 2 2 2 2 2 2 3 2 2 2 2 2 2 2 2 2 2 2 2 4 26 21 21 21 26 15 21 21 15 21 21 15 15 15 15 21 21 15 15 21 15 15 15 15 21 21 26 15 15 15 26 21 4 14 14 27 27 27 2 27 2 2 2 2 25 25 25 25 25 1 2 2 2 2 2 2 2 2 
-----------------------------------eight_11.txt-----------------------
2 2 2 2 2 3 2 2 2 2 2 2 2 2 2 2 2 2 2 2 2 3 3 2 2 2 2 27 27 4 21 15 21 21 15 15 15 21 21 15 21 15 15 15 15 26 15 15 15 15 26 26 15 15 15 21 26 15 15 26 15 27 27 27 27 14 27 27 27 2 2 2 25 25 25 25 3 3 2 2 2 2 2 2 2 
-----------------------------------eight_12.txt-----------------------
2 2 2 2 2 2 2 2 2 2 2 2 2 2 3 3 2 2 2 2 2 2 2 2 2 2 2 27 27 27 21 27 27 27 26 15 15 21 15 15 27 27 15 15 15 15 15 26 26 26 15 15 15 15 15 15 15 21 26 14 14 27 27 27 27 4 2 2 27 9 25 25 25 25 2 3 2 2 2 27 2 2 2 2 2 
-----------------------------------eight_13.txt-----------------------
2 2 2 2 2 2 2 2 2 2 2 2 2 2 2 2 2 3 2 2 2 2 2 2 2 2 2 27 2 2 27 4 4 26 26 27 21 21 26 21 15 15 15 15 15 15 15 15 15 26 15 15 15 15 26 26 26 15 15 26 15 27 15 21 23 14 14 27 27 27 14 4 2 27 27 13 13 27 25 2 2 2 2 2 2 
-----------------------------------eight_14.txt-----------------------
2 2 2 2 2 2 2 2 2 2 2 2 2 3 2 2 2 3 3 2 27 2 2 27 27 26 26 2 26 26 26 26 21 21 26 26 26 15 15 15 15 15 15 15 15 26 15 15 15 15 15 15 15 26 26 26 21 15 4 15 26 27 27 27 27 14 2 27 2 2 1 2 25 25 1 25 3 2 2 2 2 2 2 2 2 
-----------------------------------eight_15.txt-----------------------
2 2 2 2 2 2 2 2 2 2 2 3 2 2 2 2 2 3 3 2 2 25 2 2 2 2 2 2 2 2 27 14 21 26 26 21 21 15 26 26 26 15 15 15 15 15 15 15 15 26 26 15 15 15 26 15 26 15 14 15 15 15 19 18 4 27 14 14 27 27 2 27 9 25 25 25 25 25 25 1 3 2 27 2 2 
