SAMPLES:	9815
BITSPERSAMPLE:	16
CHANNELS:	1
SAMPLERATE:	16000
NORMALIZED:	FALSE
1
-2
0
3
1
0
1
1
1
1
2
1
0
1
2
2
3
-1
-2
-2
-2
-1
-1
1
2
2
2
1
0
1
1
-1
2
1
0
1
0
2
0
1
1
0
2
1
1
0
-1
0
1
0
0
1
0
2
1
-1
-3
-4
-3
0
1
-1
-1
-3
-3
-4
-2
-5
-5
-3
-1
0
0
1
-3
-1
-1
-1
1
0
1
-1
0
2
1
1
2
1
2
4
3
1
1
2
0
2
2
2
2
-1
-2
-1
0
-1
-3
-1
2
2
3
1
0
-1
-1
0
0
-2
-4
0
-2
-1
0
-1
-2
0
-2
-2
0
0
2
2
4
2
1
3
6
2
2
-2
-2
-2
-2
0
-1
0
-2
-1
1
-1
-1
-1
0
1
0
-1
-2
-2
-3
-4
-5
0
2
2
1
3
3
0
-2
1
-1
0
-1
-2
0
1
3
2
2
5
1
3
3
1
2
4
3
1
1
-1
-2
0
-1
-2
-2
-3
-3
-2
0
2
2
0
-1
-3
0
-2
-1
1
0
-1
-3
-5
-1
-1
-3
0
-3
-2
-2
-1
-3
-1
0
1
1
0
3
2
-1
0
0
2
2
1
-1
0
1
1
2
1
0
1
-1
-2
1
0
1
0
2
2
0
3
0
2
0
-1
0
0
1
-1
0
0
-1
-2
-2
0
1
0
2
-1
-3
-1
-1
1
-1
1
3
2
1
0
3
1
2
1
-1
-1
0
1
1
0
-1
0
0
1
-3
-4
-1
-2
2
2
1
0
1
1
-1
-2
-3
-3
1
-2
-3
-2
-1
2
1
1
1
0
1
2
1
2
2
2
0
-3
-1
-1
0
1
2
0
-2
2
1
-1
-1
0
0
-1
0
-1
2
0
-2
0
0
1
1
3
1
-1
1
1
1
-1
-1
-2
-2
-3
0
0
-1
-1
-2
1
-1
-1
0
0
2
1
1
0
1
-1
0
2
2
-1
1
2
3
5
3
2
0
-2
-2
-2
-2
-4
-3
0
-1
0
0
1
0
-2
-3
-1
-1
1
2
0
2
0
-1
0
0
0
0
1
0
-3
-1
-1
-2
-2
1
-1
-3
-3
-5
-5
-4
-2
-2
-1
0
2
0
1
2
2
2
1
1
2
1
0
1
2
2
2
3
2
0
4
4
2
0
-1
-1
-4
1
2
-2
0
-1
-3
-1
1
1
2
-1
0
-2
-2
1
-1
-1
0
-1
-1
-3
-1
0
1
-3
0
1
1
0
-1
0
-3
-3
-2
-3
-5
-4
-1
-3
-5
-1
1
2
3
3
2
0
1
2
2
3
1
1
3
1
1
2
2
2
1
3
4
1
-2
-1
-4
-2
0
2
0
-1
-1
-2
1
-1
0
-1
-1
1
2
1
1
-2
-2
0
-3
-2
-1
-3
0
3
3
2
1
0
2
4
2
1
-2
-1
-3
-4
-4
-3
-2
-3
-3
2
2
3
3
2
0
1
0
0
-1
0
1
-1
0
0
-3
-3
1
2
2
1
0
0
-2
-2
-1
-2
1
0
0
-2
-2
-1
0
1
2
2
3
2
-1
-2
-1
1
0
0
-1
-1
1
0
-2
-2
0
1
3
-1
-1
1
2
5
3
2
-2
0
-1
-3
1
-2
-1
3
2
-1
-2
0
-3
1
0
0
1
0
3
1
4
1
2
0
0
0
-4
-5
-3
-2
-2
-2
2
3
1
1
0
2
1
1
-1
-2
-3
-3
-1
-1
-3
-3
-3
-2
1
0
-1
-1
0
1
1
2
4
-1
0
1
3
3
3
3
3
3
2
4
6
3
-1
-1
-1
-3
-3
-2
-4
-1
-2
-1
-1
-1
0
0
2
0
0
0
0
-1
-2
-1
-2
0
-1
-2
2
2
-1
-1
-2
-1
1
-1
-3
-3
-1
-3
0
2
3
1
1
1
1
2
1
1
2
1
-2
-2
-2
-2
2
0
-1
-1
-1
-3
0
-1
1
1
2
3
2
3
3
0
-1
0
0
-4
-1
-1
-1
1
0
0
2
0
-1
-1
-1
0
4
3
4
1
1
1
1
1
2
2
2
-2
2
3
2
5
1
0
-3
0
0
2
1
0
-1
0
0
0
0
2
1
-2
-2
0
-2
-4
-2
-2
-2
-1
-2
-2
-1
-5
-2
-3
-3
-3
-2
-3
-3
-1
-1
-2
-3
-1
-2
0
1
3
2
1
5
3
1
1
2
0
1
1
-1
-1
-1
0
1
3
2
0
1
1
0
1
2
0
0
1
1
2
2
3
0
-2
0
-1
1
0
1
-3
-3
-3
-3
-1
0
1
3
1
3
3
0
1
0
1
0
1
2
0
0
0
2
-1
-1
-2
-3
-2
-2
-1
-1
0
0
0
1
1
2
4
3
1
-1
-1
0
0
1
1
2
0
0
-1
-1
0
0
0
0
2
-2
0
-1
-2
1
-3
-2
0
2
1
1
-1
0
-2
-1
-1
-1
-1
-1
-2
-4
-3
-3
-4
-3
-4
-4
-2
0
-1
0
-1
0
0
0
2
0
-1
0
1
1
-1
1
1
0
3
4
4
4
4
4
4
3
2
2
-1
1
2
0
0
1
3
2
2
0
-1
-1
1
-2
1
2
1
5
2
0
3
1
2
1
0
1
-1
-2
-2
-3
-3
-2
-4
-4
-2
-5
-3
-1
0
-2
-1
1
2
0
-2
-2
-2
-1
-2
-2
-2
-1
0
-1
-2
-2
-2
-2
0
0
-1
2
0
-3
1
0
-1
-1
-3
-3
-1
0
-1
0
-2
1
3
2
4
2
3
2
6
5
2
2
1
1
0
1
1
3
2
3
2
2
2
2
1
1
2
1
1
-2
1
1
-1
-2
2
3
1
2
1
0
0
-2
-2
-1
-3
-1
-1
-2
-2
-3
-1
2
2
-1
-2
0
-1
0
-1
-1
-2
-4
-2
0
-2
-3
-3
-2
-3
-2
-3
-2
-2
-1
-2
-1
-1
-1
-1
2
-1
-3
-2
-3
0
-1
0
0
2
2
2
-1
2
0
0
2
2
3
4
6
2
3
1
2
3
1
1
0
2
0
2
3
5
3
1
2
4
1
-1
-1
0
-1
-2
-1
-1
-1
-2
0
0
1
1
2
2
1
0
2
1
-3
-6
-4
-3
-2
-1
0
1
1
1
-3
-1
-3
-3
-1
1
1
0
0
1
-1
-3
1
-1
0
-2
-3
-3
-4
-2
-3
1
2
2
3
0
-1
0
1
-1
-3
-1
-2
-1
-2
0
0
0
1
1
-2
-1
0
2
1
1
2
2
-2
-1
0
-3
-1
1
3
3
3
3
4
3
5
4
5
0
0
0
-2
1
0
0
-2
-3
0
2
1
0
2
1
1
2
1
3
2
2
1
0
-1
-1
0
3
1
-1
-1
-1
1
1
4
2
-2
-3
-1
1
0
-2
0
-1
-2
-2
-2
-2
-4
-4
-2
-1
-1
-2
0
0
-2
-1
-2
0
3
3
2
3
2
2
2
1
1
-2
0
1
1
0
-1
-4
-3
-3
-3
-2
-1
-1
-1
-3
-4
-3
0
-2
0
0
0
3
1
4
4
1
-1
0
0
-2
2
-1
-2
-3
-3
-1
-3
0
2
2
1
3
4
5
2
3
8
4
3
3
4
3
4
2
0
4
7
4
4
2
2
1
-3
0
-1
1
1
-1
-3
-4
-3
-3
-5
-4
-4
-7
-6
-2
-2
-3
-2
-1
-1
-2
-1
-3
1
0
2
1
0
1
0
0
-2
0
1
0
2
1
0
3
1
2
4
2
1
1
0
-2
-2
-2
-3
-4
-3
-1
-5
-4
-2
2
2
3
4
3
3
2
3
6
0
1
2
0
-1
-2
0
-2
0
0
-1
0
0
1
0
1
0
0
1
2
2
1
2
1
3
0
-2
-1
0
-2
0
1
0
-3
-1
0
-1
2
1
2
-1
1
2
0
-2
-1
-3
-6
-4
-3
-3
-3
-5
-3
-2
-3
0
3
1
1
2
3
3
2
0
-1
1
-1
-3
1
1
-1
0
-1
1
1
0
3
2
4
3
2
2
-1
-1
1
0
2
3
1
1
3
1
2
1
1
4
5
0
-2
-1
-3
-3
-2
-3
-5
-5
-3
0
-1
4
2
0
-2
3
2
0
-2
-2
-1
-4
-2
-4
-4
1
0
-2
2
3
2
0
1
2
5
1
2
0
-1
1
0
-1
-5
-3
0
1
1
3
2
1
3
2
-1
-3
-3
-3
-3
-4
-1
-3
-1
0
1
1
1
2
3
4
3
0
-1
1
1
2
3
3
1
2
0
0
2
1
2
2
2
0
-4
-5
-2
-3
-4
-4
-3
-1
-1
-2
-1
-1
-1
0
-2
-2
-2
-1
1
-1
0
-1
0
5
3
1
1
0
4
2
0
-1
0
-2
-4
-1
0
0
1
3
4
3
1
2
0
3
-2
-2
-2
-2
0
0
1
2
2
1
1
-2
-3
-4
-2
0
0
1
0
0
1
1
-1
1
-1
-1
-1
0
-2
-2
2
3
3
1
-2
-1
1
1
4
2
2
2
3
2
1
2
3
2
2
1
-3
-3
-3
-2
0
1
-1
1
1
1
3
1
2
4
3
1
-3
-2
-2
-2
-4
-3
-2
-4
-5
-4
0
-1
-1
-2
-1
-2
-4
-4
-4
-5
-3
-5
-6
-6
-3
-2
-2
1
-1
-1
0
-1
-1
0
-1
-3
-3
-2
-1
-1
-1
0
0
1
3
0
0
3
3
5
2
1
0
0
-2
1
4
3
4
5
7
6
3
3
3
4
2
1
0
0
1
1
0
2
2
-2
-2
2
1
1
1
0
3
2
0
3
2
0
4
4
1
2
3
1
2
2
-1
0
0
0
2
0
1
3
4
2
1
-1
0
-1
-2
-1
-2
-2
-1
-1
0
0
-1
0
1
0
0
2
-2
1
0
-2
-2
-3
-5
-6
-4
-4
-6
-6
-5
-7
-6
-7
-4
-5
-4
-4
-5
-4
-5
-6
-7
-7
-4
-6
-5
-6
-3
-4
-4
-1
-1
-2
-1
1
-2
-2
0
1
1
-1
2
2
1
2
0
3
2
2
2
4
5
2
3
8
7
7
6
9
9
10
8
11
12
10
9
8
4
4
2
0
3
1
0
3
1
1
0
0
-1
-5
-5
-3
-2
-3
-4
-5
-5
-3
-2
0
-3
-1
-2
-1
-4
-5
0
-1
-1
4
2
2
1
3
2
1
6
4
8
9
5
7
5
3
5
5
6
5
3
1
3
4
5
7
5
5
4
4
6
3
3
0
0
3
-2
-2
-1
-2
-3
-2
0
-2
-4
-4
-7
-7
-12
-13
-10
-11
-11
-12
-14
-15
-15
-15
-17
-16
-18
-20
-19
-14
-12
-13
-12
-14
-13
-12
-14
-10
-6
-8
-7
-5
-5
-4
-2
-2
-1
2
2
5
5
5
9
12
10
8
11
12
12
12
12
16
14
15
14
17
21
18
18
17
17
17
16
17
17
15
17
16
16
14
14
16
13
16
14
12
10
6
4
-1
-1
-2
-6
-5
-5
-7
-10
-12
-13
-14
-13
-16
-15
-16
-15
-13
-9
-10
-9
-8
-7
-4
-3
1
1
3
3
5
7
10
10
12
13
11
16
18
20
21
22
23
25
27
29
31
33
36
38
42
44
49
48
46
46
45
42
37
33
26
19
8
-5
-16
-29
-40
-58
-68
-84
-97
-115
-150
-166
-178
-191
-197
-227
-258
-261
-265
-268
-262
-281
-293
-280
-274
-258
-244
-249
-236
-204
-180
-151
-122
-102
-68
-33
3
36
72
115
153
184
219
245
281
324
344
364
384
395
427
461
464
474
478
480
512
526
519
519
506
500
517
507
483
462
430
409
394
354
310
269
219
179
138
88
36
-16
-64
-114
-165
-210
-250
-285
-319
-360
-392
-408
-424
-440
-452
-476
-490
-496
-507
-514
-532
-560
-572
-577
-581
-577
-570
-551
-515
-466
-396
-311
-207
-81
59
217
385
570
771
961
1131
1288
1414
1507
1573
1589
1558
1490
1376
1233
1066
870
658
434
197
-42
-272
-506
-730
-944
-1141
-1335
-1520
-1679
-1822
-1932
-2020
-2090
-2127
-2121
-2085
-2011
-1909
-1791
-1634
-1454
-1263
-1055
-846
-646
-444
-247
-71
85
226
347
452
536
596
638
669
687
683
670
649
621
596
571
544
527
515
515
533
560
593
640
697
763
841
914
984
1061
1128
1189
1241
1277
1298
1306
1295
1278
1243
1173
1091
989
868
747
608
451
292
131
-28
-184
-331
-465
-582
-682
-767
-835
-880
-904
-911
-905
-886
-862
-827
-787
-749
-709
-688
-677
-661
-657
-662
-670
-688
-707
-719
-733
-746
-758
-764
-771
-778
-776
-760
-720
-665
-554
-380
-153
151
521
936
1388
1825
2249
2596
2888
3086
3120
3047
2862
2579
2237
1846
1439
1068
717
404
112
-124
-331
-540
-755
-1010
-1293
-1645
-2037
-2455
-2869
-3273
-3665
-3955
-4145
-4230
-4173
-4037
-3810
-3446
-3035
-2587
-2130
-1695
-1291
-928
-612
-335
-93
135
361
588
820
1066
1329
1597
1856
2090
2292
2444
2531
2554
2514
2428
2286
2107
1910
1718
1545
1392
1273
1190
1132
1091
1073
1058
1033
995
937
856
765
673
577
483
406
346
310
291
288
291
282
262
220
155
60
-56
-194
-344
-493
-626
-737
-828
-887
-926
-938
-940
-933
-921
-915
-920
-934
-946
-954
-949
-929
-892
-831
-744
-637
-520
-401
-289
-191
-119
-73
-49
-45
-65
-99
-141
-196
-253
-317
-392
-477
-572
-677
-774
-850
-888
-868
-770
-584
-283
139
658
1231
1822
2400
2933
3361
3648
3790
3774
3616
3322
2929
2480
2015
1574
1169
810
504
254
35
-175
-392
-644
-957
-1337
-1778
-2265
-2780
-3297
-3780
-4199
-4535
-4753
-4832
-4770
-4576
-4273
-3873
-3408
-2904
-2386
-1894
-1438
-1032
-685
-402
-161
51
254
460
685
935
1225
1548
1897
2260
2604
2915
3172
3354
3444
3434
3336
3146
2875
2554
2211
1864
1530
1241
1002
810
668
580
520
466
424
379
305
205
106
-2
-124
-237
-321
-379
-418
-424
-401
-371
-337
-300
-279
-281
-299
-334
-385
-455
-509
-554
-595
-619
-622
-611
-601
-595
-588
-592
-615
-649
-687
-728
-761
-768
-753
-714
-640
-535
-413
-288
-167
-53
32
85
117
112
80
33
-28
-101
-179
-263
-356
-462
-575
-694
-810
-917
-998
-1022
-976
-839
-585
-200
303
886
1512
2157
2772
3308
3718
3980
4067
3997
3774
3412
2963
2476
1990
1525
1111
759
473
240
40
-144
-360
-618
-945
-1344
-1815
-2348
-2908
-3476
-4013
-4487
-4857
-5095
-5184
-5116
-4911
-4585
-4154
-3650
-3110
-2564
-2043
-1569
-1155
-811
-527
-286
-76
120
317
536
794
1092
1429
1792
2172
2545
2898
3205
3438
3588
3656
3634
3517
3328
3092
2825
2532
2235
1950
1688
1442
1222
1025
829
638
460
280
83
-97
-250
-400
-540
-638
-689
-715
-721
-696
-649
-614
-585
-562
-562
-584
-617
-664
-723
-773
-791
-791
-772
-722
-641
-549
-471
-396
-334
-315
-333
-372
-436
-519
-607
-682
-735
-759
-734
-670
-580
-467
-330
-190
-67
37
118
166
178
164
132
73
2
-84
-183
-294
-417
-543
-680
-820
-937
-1017
-1043
-991
-846
-589
-200
307
894
1513
2145
2768
3325
3752
4031
4158
4129
3952
3635
3227
2766
2294
1838
1412
1036
724
473
255
52
-163
-413
-721
-1098
-1544
-2060
-2630
-3221
-3798
-4345
-4822
-5183
-5406
-5483
-5418
-5209
-4873
-4426
-3905
-3349
-2782
-2233
-1719
-1264
-875
-541
-248
7
241
477
733
1017
1336
1691
2079
2481
2877
3253
3592
3871
4058
4141
4126
4026
3825
3542
3206
2846
2463
2074
1707
1375
1068
780
526
284
62
-147
-355
-557
-742
-901
-1031
-1132
-1194
-1198
-1163
-1104
-1010
-893
-777
-669
-575
-506
-466
-452
-460
-479
-504
-517
-526
-520
-499
-467
-421
-388
-370
-354
-359
-390
-434
-494
-563
-612
-650
-668
-657
-619
-552
-466
-365
-256
-152
-56
25
90
137
165
175
166
136
85
12
-93
-222
-367
-536
-711
-868
-985
-1030
-988
-843
-555
-120
437
1063
1725
2416
3080
3651
4063
4323
4410
4319
4057
3652
3158
2614
2067
1539
1070
684
386
162
-8
-145
-295
-487
-742
-1077
-1514
-2058
-2672
-3316
-3974
-4616
-5180
-5614
-5894
-6012
-5959
-5727
-5328
-4800
-4184
-3522
-2843
-2184
-1572
-1040
-587
-216
79
328
546
758
977
1224
1521
1867
2247
2652
3070
3478
3842
4147
4384
4527
4552
4470
4301
4050
3722
3324
2887
2438
1980
1524
1091
677
304
-24
-331
-601
-818
-983
-1111
-1203
-1253
-1251
-1222
-1175
-1109
-1028
-951
-881
-820
-778
-754
-741
-739
-750
-754
-742
-735
-717
-682
-631
-574
-538
-517
-491
-489
-505
-540
-584
-635
-696
-749
-790
-816
-804
-767
-721
-649
-558
-453
-343
-239
-137
-42
35
100
147
179
187
171
123
37
-86
-237
-414
-611
-797
-956
-1059
-1075
-986
-759
-366
173
813
1506
2256
3033
3749
4322
4723
4965
5009
4857
4519
4032
3455
2830
2203
1605
1081
652
327
84
-99
-253
-416
-613
-876
-1236
-1727
-2325
-2986
-3690
-4423
-5133
-5743
-6206
-6503
-6617
-6534
-6240
-5765
-5145
-4423
-3644
-2842
-2062
-1358
-745
-235
165
474
707
883
1031
1179
1366
1612
1915
2263
2668
3118
3579
4007
4384
4682
4868
4927
4848
4641
4311
3885
3376
2811
2223
1657
1130
642
214
-136
-405
-621
-788
-898
-968
-1027
-1078
-1110
-1134
-1154
-1164
-1172
-1170
-1145
-1092
-1027
-962
-884
-786
-701
-629
-561
-503
-473
-473
-480
-501
-545
-585
-618
-652
-678
-683
-673
-664
-655
-628
-601
-591
-589
-583
-582
-587
-585
-568
-536
-489
-409
-309
-204
-90
29
141
236
300
309
265
174
45
-140
-384
-646
-867
-1028
-1122
-1135
-1024
-714
-198
443
1130
1872
2711
3574
4312
4833
5182
5376
5374
5137
4675
4073
3409
2735
2045
1379
796
353
48
-176
-357
-526
-677
-831
-1068
-1462
-2011
-2627
-3284
-4017
-4824
-5601
-6234
-6701
-7011
-7148
-7050
-6698
-6138
-5427
-4613
-3723
-2797
-1887
-1059
-350
225
681
1046
1316
1471
1547
1644
1809
2002
2189
2423
2786
3237
3660
4024
4388
4791
5105
5191
5100
4968
4767
4345
3677
2952
2292
1609
825
39
-561
-960
-1294
-1610
-1782
-1701
-1494
-1366
-1291
-1115
-841
-677
-720
-805
-787
-760
-873
-1058
-1119
-1023
-935
-931
-901
-726
-495
-387
-408
-377
-256
-200
-297
-431
-442
-396
-440
-550
-586
-519
-463
-492
-559
-559
-505
-520
-615
-685
-661
-600
-591
-584
-481
-302
-145
-38
82
238
338
302
176
43
-96
-353
-727
-1035
-1183
-1264
-1339
-1265
-852
-177
513
1187
2046
3108
4084
4777
5271
5696
5942
5844
5440
4908
4293
3526
2663
1851
1170
548
-1
-379
-579
-756
-987
-1148
-1222
-1418
-1895
-2518
-3083
-3675
-4486
-5437
-6246
-6817
-7285
-7678
-7820
-7590
-7087
-6441
-5641
-4614
-3465
-2343
-1284
-279
608
1282
1780
2196
2499
2588
2532
2530
2635
2723
2740
2836
3125
3495
3782
4005
4307
4660
4834
4734
4527
4345
4066
3502
2752
2067
1491
845
112
-511
-904
-1180
-1466
-1705
-1748
-1618
-1503
-1480
-1441
-1266
-1051
-962
-976
-933
-802
-698
-663
-596
-458
-321
-238
-185
-114
-25
4
-70
-172
-219
-218
-257
-351
-402
-375
-335
-338
-338
-300
-262
-285
-380
-480
-534
-568
-649
-802
-953
-977
-893
-809
-774
-728
-594
-411
-250
-128
-29
9
-63
-211
-351
-532
-843
-1182
-1384
-1459
-1595
-1696
-1365
-549
308
896
1578
2786
4224
5278
5847
6310
6801
7003
6750
6202
5536
4717
3705
2630
1670
846
96
-506
-920
-1262
-1628
-1858
-1826
-1834
-2274
-3001
-3558
-3940
-4560
-5548
-6524
-7212
-7743
-8207
-8464
-8351
-7928
-7334
-6549
-5492
-4189
-2811
-1488
-259
848
1784
2564
3246
3737
3886
3762
3629
3634
3623
3460
3278
3284
3445
3618
3825
4183
4562
4708
4673
4667
4633
4320
3701
2926
2030
1045
119
-715
-1603
-2440
-2972
-3233
-3374
-3287
-2877
-2438
-2132
-1699
-1021
-444
-152
64
256
290
282
393
425
262
166
234
248
221
373
531
426
272
364
476
348
177
91
-98
-360
-431
-422
-605
-835
-903
-955
-1078
-1056
-926
-1044
-1339
-1378
-1177
-1113
-1182
-1161
-1088
-1046
-879
-569
-387
-418
-471
-528
-700
-905
-1065
-1283
-1571
-1824
-2014
-1938
-1195
28
866
1213
2142
4076
5976
6925
7312
7887
8443
8517
8135
7447
6488
5293
3986
2642
1390
369
-430
-1138
-1845
-2547
-3081
-3047
-2640
-2785
-3825
-4823
-4906
-4752
-5533
-6962
-7922
-8235
-8542
-9003
-9140
-8747
-8087
-7366
-6469
-5185
-3530
-1822
-342
917
2068
3125
4107
4983
5436
5229
4784
4711
4845
4553
3868
3419
3425
3488
3403
3445
3820
4264
4356
4143
4098
4332
4226
3310
2068
1181
486
-540
-1841
-2934
-3645
-4107
-4413
-4501
-4223
-3564
-2894
-2488
-1981
-962
97
458
376
565
995
1161
1019
878
806
767
777
783
793
950
1103
933
645
690
856
577
21
-253
-318
-540
-818
-929
-1028
-1135
-1062
-995
-1167
-1274
-1080
-1022
-1346
-1529
-1294
-1173
-1381
-1422
-1104
-853
-868
-911
-923
-1046
-1265
-1462
-1572
-1643
-1932
-2437
-2220
-617
1141
1497
1469
3274
6417
8337
8526
8852
9999
10647
10158
9281
8398
7108
5346
3519
1858
365
-958
-2049
-2931
-3788
-4710
-5254
-4852
-4172
-4703
-6292
-6972
-6218
-6000
-7434
-8993
-9303
-9183
-9593
-9948
-9508
-8612
-7731
-6695
-5268
-3475
-1470
494
2128
3408
4485
5460
6445
7275
7300
6340
5481
5564
5660
4638
3263
2903
3207
3013
2479
2553
3281
3841
3718
3186
2997
3382
3311
1855
-38
-866
-1145
-2344
-4041
-4709
-4480
-4524
-4777
-4331
-3177
-2004
-1191
-732
-234
775
1782
1755
1061
1034
1579
1438
698
581
1058
1099
754
819
1270
1536
1452
1069
569
414
547
133
-949
-1647
-1529
-1455
-1856
-2078
-1894
-1762
-1716
-1461
-1131
-954
-881
-976
-1217
-1156
-673
-499
-1022
-1509
-1427
-1329
-1673
-1952
-1730
-1561
-2056
-2613
-1722
818
3010
3204
3030
5316
9305
11688
11646
11493
12362
12810
11965
10640
9249
7134
4333
1781
-219
-2090
-3950
-5382
-6369
-7428
-8609
-8982
-7944
-6788
-7405
-9238
-9693
-8266
-7522
-8904
-10561
-10661
-10149
-10238
-10160
-9018
-7541
-6445
-5046
-2782
-215
2108
4339
6349
7588
8165
8899
9986
10462
9446
7432
5934
5609
5273
3750
1847
1048
1080
703
264
924
2000
1853
894
890
1837
2100
1031
-568
-1878
-2526
-2630
-3006
-4012
-4601
-3967
-3021
-2514
-1522
341
1596
1586
1874
3217
4188
3832
2954
2290
1773
1491
1338
704
-223
-488
-261
-492
-814
-393
-95
-967
-1917
-1681
-1163
-1555
-2261
-2468
-2492
-2430
-1866
-1281
-1373
-1477
-941
-521
-676
-548
61
88
-533
-685
-412
-728
-1470
-1854
-2071
-2383
-2511
-2815
-3464
-2473
1250
4545
4484
4144
8010
13884
16371
15349
14773
15586
15627
14147
11832
8800
5187
1841
-1071
-4022
-6689
-8525
-9805
-10953
-11871
-12427
-12219
-10660
-8910
-9321
-11345
-11430
-8998
-7903
-9928
-11905
-11355
-10027
-9716
-9311
-7653
-5537
-3565
-1176
1724
4594
7333
9944
11777
12418
12515
12746
12910
12185
9903
6586
4061
3244
2462
-10
-2725
-3252
-2414
-2611
-3226
-2109
-262
-278
-1477
-1200
268
469
-986
-2552
-3398
-3461
-2860
-2546
-3107
-3086
-1256
787
1530
2506
4768
6123
5354
4802
5805
6208
4633
2674
1497
572
-154
-479
-1239
-2469
-2688
-1945
-2015
-2731
-2401
-1691
-2424
-3551
-3070
-2048
-2347
-3084
-2800
-2134
-1743
-1052
-374
-601
-830
78
907
491
120
550
193
-1312
-2026
-1726
-2161
-3121
-3263
-3601
-4618
-2913
2736
6981
6164
5640
11139
18750
21477
19717
18563
19085
18697
16335
12705
8426
3884
-604
-5091
-9083
-11612
-13082
-14693
-16237
-16801
-16633
-15696
-13083
-10253
-10490
-12926
-12582
-8809
-6937
-9317
-11682
-10794
-8881
-8189
-7398
-5162
-2445
-40
2583
5690
8995
12207
14667
15515
14975
14152
13525
12696
10840
7125
2141
-1478
-2306
-2857
-5708
-8849
-9010
-7268
-6536
-6160
-4010
-1246
-281
-339
818
2972
4215
3688
2042
794
1239
2531
2369
814
560
2248
3462
3418
4029
5543
5753
4367
3552
3889
3678
2022
-286
-2265
-3221
-3154
-3380
-4825
-6092
-5620
-4514
-4362
-4343
-3272
-2222
-2332
-2430
-1300
195
826
727
579
785
1556
2390
2269
1363
1076
1567
1297
-177
-1485
-2064
-3040
-4597
-5281
-5083
-5916
-7404
-5495
921
6439
6804
6590
12537
21872
26129
23958
21979
23094
22940
18704
12993
8244
3161
-3217
-9138
-13173
-15978
-18334
-19682
-19761
-19505
-19330
-17756
-13793
-9985
-9782
-11968
-11520
-7590
-5381
-7828
-10725
-9651
-6744
-5778
-5600
-3031
1193
4269
6316
9230
12958
15780
17013
16941
15520
12989
10394
8284
5447
495
-5517
-9510
-10257
-10391
-12359
-14295
-13072
-9763
-7483
-5649
-1872
2530
4423
4648
6261
9056
10474
9636
7561
5684
5433
6374
5745
3058
1762
3158
3783
2302
2036
3703
3513
801
-555
277
58
-2070
-3965
-5060
-5896
-5791
-5089
-5553
-6538
-5681
-3787
-3332
-3314
-1652
98
-29
-129
1693
3530
3671
3354
3452
3246
3138
3786
3542
1469
-268
-525
-1582
-4245
-5960
-6304
-7430
-9173
-9580
-9390
-8799
-3886
5039
10285
9058
10748
21188
31134
31321
26179
24638
25248
22220
15731
8917
2280
-4944
-11334
-16432
-20338
-22373
-22608
-22504
-22824
-21778
-18936
-15052
-11006
-8625
-9539
-11497
-9214
-4168
-3217
-7354
-9263
-5333
-1119
-8
1236
5464
9855
12057
13818
16209
18233
18511
16974
13251
8093
3789
789
-2660
-8123
-14067
-18050
-18687
-16852
-15386
-15227
-14145
-9822
-4350
-265
3416
7683
10662
11099
11784
13959
15217
13830
11032
8383
6411
6050
5955
3531
-200
-1324
-68
-523
-2309
-2257
-1419
-3002
-5134
-4277
-2435
-2960
-4787
-5274
-4761
-4027
-2808
-2227
-3046
-3384
-1758
-303
-420
-28
1599
2441
2103
2954
4992
5700
4824
3956
3724
3334
2751
1619
-963
-3914
-5840
-6816
-8680
-10751
-11060
-10601
-11225
-11824
-6757
4029
11935
12287
11865
18592
28363
32505
29007
24610
23152
20120
14093
6724
578
-6011
-13501
-19008
-22255
-23110
-23440
-22481
-20883
-19750
-17838
-14495
-8778
-5111
-5686
-8005
-7161
-2532
-540
-2312
-4347
-2198
1836
3901
5622
8525
12588
14252
14072
14240
14546
13807
10249
5358
-361
-5556
-9177
-11945
-14811
-18723
-21005
-19733
-15545
-11432
-9110
-5771
-62
5978
9511
11955
15547
17629
16129
13389
12673
12255
9172
4808
1087
-1216
-2011
-1848
-2888
-5513
-5697
-2936
-1511
-2753
-2572
-29
87
-2122
-2083
392
734
-1555
-2496
-1777
-1042
-442
64
-665
-1661
-366
1463
1188
464
1773
2905
1780
1318
2980
3464
1239
-337
-282
-975
-2868
-4031
-5111
-7397
-8499
-8024
-7608
-8264
-7778
-6349
-4676
2319
12778
17785
14966
15519
25064
32292
29547
21627
19111
17871
11128
2535
-4652
-9372
-16113
-21639
-24396
-25481
-23779
-21803
-18748
-17070
-14037
-9007
-4448
74
1300
715
-691
1639
6131
5356
1516
189
4889
7712
6169
6148
8822
10809
7860
5052
4157
2813
-601
-6205
-11205
-15500
-17062
-17001
-17380
-17913
-17287
-13398
-7778
-1722
2851
5953
9664
13979
17477
19360
20891
20543
16671
12275
10725
9184
3800
-2645
-6525
-8900
-11292
-11509
-10366
-10889
-11175
-7665
-2359
149
1997
5387
7354
6744
7158
9328
8031
3494
746
279
-1144
-3245
-3605
-4194
-5629
-4813
-1667
-163
-676
510
2413
2066
1295
2502
2557
-915
-3812
-3886
-4227
-6511
-7753
-7525
-8093
-7718
-5374
-2985
-2725
-1874
698
2706
8085
16907
22648
19326
16307
24153
31680
28193
17158
12279
11529
4811
-4092
-11133
-14514
-19824
-24826
-25930
-25614
-22116
-18672
-14973
-13014
-10150
-3718
1350
5390
6056
5256
3977
5360
9991
9256
4429
1626
5304
7864
4360
2225
3473
4152
-912
-5898
-6648
-7120
-9904
-15067
-18259
-19183
-17253
-13754
-11660
-9788
-6839
-978
5246
10311
13846
15237
17262
19577
20047
16813
13565
13074
9735
2455
-3100
-3403
-4759
-10947
-14765
-13377
-11023
-10707
-9198
-5519
-2610
1025
5680
8524
8922
10541
12943
10879
6644
5785
5929
1404
-4479
-5237
-3833
-5377
-7350
-6040
-3741
-2560
-787
1290
1508
1432
2774
2558
-405
-2096
-1604
-3245
-7192
-8115
-5896
-5715
-7018
-6084
-2757
-984
-646
1263
2411
2052
888
5021
14365
20159
18520
13338
18408
28643
30293
20309
9707
9723
7357
-2223
-13801
-18397
-18806
-25043
-29321
-28336
-21125
-15553
-13048
-8518
-4329
2187
7367
12002
12823
8892
6264
5782
8668
6895
837
-3337
-1870
2079
-398
-3772
-3176
-530
-3400
-10586
-12094
-9663
-9663
-15509
-19588
-17105
-11833
-7338
-5006
-1212
3765
9228
14159
17752
19379
17997
15880
13122
9597
6449
5768
3480
-4323
-10541
-7942
-3038
-7102
-13301
-11343
-5566
-4867
-5234
-123
3700
3474
4815
10059
12577
11206
11021
9434
5109
2675
4048
1044
-7280
-10164
-6441
-4989
-7710
-6216
-1561
-598
-623
3050
6189
3461
529
477
-1057
-3851
-3923
-3659
-7656
-9628
-4636
-627
-2283
-2899
1241
3699
1179
1049
2660
129
-5387
-5929
4694
14834
16841
12084
13078
25195
32290
28233
15737
10416
9605
515
-11904
-20866
-20119
-23695
-30415
-29629
-21221
-10545
-7081
-2244
2977
7449
11693
14369
15634
9237
2659
-516
485
1011
-3785
-7000
-6215
-960
-34
-2918
-2096
275
-1362
-10347
-15128
-12647
-10813
-14684
-20148
-16927
-8918
-1838
2226
6585
12881
17000
19487
19504
18476
15112
9396
3190
-1789
-3475
-5556
-8153
-10795
-10459
-7456
-4079
-1791
-2734
-2087
391
3019
3061
2895
4926
4857
4464
5689
8679
8538
5537
4340
3713
2523
-19
-1829
-4102
-6487
-6283
-4393
-2659
-2495
-1257
580
1509
2205
2655
1553
-2004
-4389
-4236
-4081
-4949
-5278
-4252
-2930
-742
2216
3912
3755
3138
3559
1980
-915
-3218
-5693
-9145
-11803
-1633
13048
17295
11843
11589
25363
32476
26473
13402
7418
5951
-3907
-14586
-22282
-20821
-20997
-24671
-22809
-14696
-1993
2651
4038
5587
8515
11766
10371
8221
2304
-2791
-5101
-3399
-41
-2041
-3275
-1051
3814
3398
-1091
-1181
-1320
-6256
-15970
-19676
-15854
-13170
-14432
-16381
-10340
145
8101
11218
13091
17514
18927
16385
11631
8099
4789
-1369
-7331
-10353
-7964
-5289
-5611
-6362
-4072
1638
4442
3396
922
779
2085
995
-485
32
2446
2488
1600
4166
7803
8040
4513
2480
2558
1915
-290
-3067
-4347
-4278
-3194
-2065
-818
913
1413
452
-594
-44
-198
-3033
-6196
-6771
-4526
-3133
-2695
-1702
648
3005
3780
4409
4521
3405
1081
-1295
-3310
-4828
-6469
-8042
-9255
-3352
10376
18954
17382
13669
22552
31688
26580
13088
3122
1998
-5451
-16436
-23066
-21024
-16265
-18801
-18122
-10930
1369
7411
5614
4718
4957
7242
5480
2146
-1370
-4250
-4070
-2619
1829
3469
2903
3416
4622
3370
-2870
-6081
-7417
-12357
-20524
-24099
-18258
-12188
-10210
-9473
-3373
7066
13600
15007
14194
15258
14375
9012
3409
135
-881
-4045
-7789
-8701
-5089
1206
2564
-170
-1279
3027
5704
882
-3328
-2719
-797
-3151
-3951
1192
5163
4514
2639
6017
9894
8822
4382
765
776
553
-835
-3086
-3433
-1605
-922
-1284
-875
1853
1936
-2300
-5368
-3633
-1529
-4265
-6993
-5074
-1052
415
711
2596
4311
4407
3187
2145
1340
-337
-2225
-5059
-6836
-6091
-5512
-6166
-6814
3491
18468
22719
16429
14234
26338
29731
18271
3850
-1213
-885
-10543
-19684
-22363
-15358
-11292
-15400
-13779
-4722
7024
6833
1549
744
2978
5019
1347
-790
-1521
-803
541
2245
6371
6362
4564
2666
543
-4209
-10430
-11559
-13643
-19134
-23616
-19842
-10246
-5288
-3897
-1225
6745
13720
13871
11421
10284
10530
5984
-627
-2725
-1185
-608
-4273
-6090
-3319
1426
4507
2497
-381
-1038
965
772
-3070
-3362
-1031
-515
-2480
252
6977
7800
3776
2118
6000
7576
4015
277
-494
937
392
-435
-192
1092
988
-1179
-1832
-837
-82
-2879
-6737
-6756
-3695
-2079
-3763
-3555
130
2768
2633
2535
4135
3923
1134
-901
-645
-813
-2912
-4414
-5006
-4179
-4120
-3785
-4006
209
13254
21408
19119
11963
17855
27384
21443
7432
-2703
-590
-4365
-14781
-20331
-16446
-8358
-11601
-14530
-8931
2822
7556
1403
-1702
62
4830
4200
345
-285
1448
3945
3014
4262
6105
4537
943
-3902
-7274
-11628
-13445
-14079
-17633
-20364
-18110
-9004
-2226
-731
589
5613
11925
11625
8375
7227
7779
4779
-1628
-3380
-632
1541
-1246
-4642
-3095
756
1841
-608
-1471
47
759
-109
474
2777
3858
2294
452
1806
4169
3774
243
-1492
433
2161
1764
1234
2593
3967
3953
3476
3783
3742
1525
-1978
-3974
-3819
-4112
-6049
-7459
-6376
-3929
-2122
-1026
491
2221
2874
2503
2607
2679
1515
-669
-1813
-1449
-1273
-2121
-2586
-2090
-1949
-2262
-3400
-3189
-3590
2465
14166
19640
16614
11567
20159
26274
19207
5992
-2167
10
-6340
-16098
-20623
-14037
-7539
-13354
-14909
-6449
6355
6801
-712
-1989
2042
6137
2399
-699
744
3657
4108
1681
4239
6102
3856
-2004
-7853
-10173
-12661
-13562
-16167
-18751
-17932
-13213
-5129
-432
1896
3865
8080
11069
8590
6146
5824
5562
623
-4169
-2763
1052
1658
-2404
-3991
-935
1329
9
-1721
-408
139
-966
1015
5083
6356
4085
2765
3333
3308
2660
456
-2368
-3285
-1437
691
1572
3205
4568
4965
5246
6387
6129
2644
-1508
-4094
-4416
-5129
-6609
-7496
-6722
-4852
-3129
-805
1290
2245
1870
1419
1837
2379
1358
-1043
-2412
-1673
-664
-917
-1576
-1136
-1089
-2050
-2631
-3414
-3645
-4363
3049
15117
20027
16762
13484
22450
25846
17094
4094
-2455
-1435
-9456
-18239
-20072
-11470
-6230
-12072
-11974
-2478
8598
6021
-1832
-2378
1808
3968
-643
-1555
2124
5318
4558
2669
5573
6068
2193
-4901
-11115
-13717
-15396
-15406
-17175
-17605
-14347
-8018
-658
2744
4724
6270
8368
7570
3761
2448
2735
1974
-2218
-3785
-65
3693
3244
-728
-1452
154
-174
-2236
-2743
-984
-1236
-1329
2722
8328
9243
5232
3146
4091
3748
73
-3544
-4322
-3512
-2045
159
3633
6657
7211
6004
5638
6639
5098
-182
-5172
-6437
-5600
-5890
-6447
-5646
-3879
-2490
-1227
791
2306
1891
-21
-752
245
975
-161
-1660
-1215
30
448
3
-429
-411
-1414
-3483
-4449
-4496
-4050
-4666
1076
14176
21844
20140
15511
20631
24736
16974
4407
-4371
-4610
-9241
-16754
-18197
-10766
-3108
-6541
-8669
-2533
6340
5708
-2553
-5593
-2789
1026
-479
-966
3515
7696
7732
4820
5386
5016
53
-7567
-14609
-17180
-17418
-15895
-14787
-13457
-9535
-4160
1944
4694
4771
4251
3847
2239
-1076
-1145
1107
2346
637
36
3540
6579
5520
314
-2871
-2922
-2575
-3386
-3901
-708
2445
3568
4045
6772
8904
4873
-398
-1892
-452
-1206
-3321
-2372
609
3706
5312
6879
8114
7562
4741
1298
159
-433
-2701
-6152
-7089
-4722
-2554
-2442
-2953
-1927
-796
-1139
-1377
-553
88
-925
-1641
-143
1718
2265
1200
344
632
685
-881
-2654
-3116
-3687
-4508
-5762
-4440
-3170
3508
16506
22628
20630
14478
18499
22119
13913
2019
-7084
-5494
-7247
-13324
-14229
-7098
1284
-3226
-8013
-4425
3600
3444
-5337
-8952
-5143
2126
2772
2038
5942
9938
9278
3511
1396
563
-3583
-10735
-17737
-17987
-14102
-10126
-9249
-9042
-5784
-1718
1275
742
-1022
-1229
-867
-1628
-2820
185
4890
6610
4615
2784
4483
5432
2405
-3734
-7190
-6108
-5466
-5586
-3879
2363
9093
10033
9153
10471
11658
6006
-2792
-4985
-4023
-5224
-6268
-2551
2660
4829
6230
7643
7992
6053
3134
500
-869
-828
-1394
-2055
-2087
-1089
-1083
-2784
-4249
-4811
-5342
-6413
-5517
-2487
-417
220
1770
4245
4687
3039
1832
996
-699
-2680
-3346
-3391
-3283
-2862
-2745
-1871
-1533
-1052
-1249
2447
13183
19687
18166
12408
13983
18836
14245
4590
-3125
-2980
-3692
-9184
-10987
-6522
-1083
-3841
-8200
-5874
-355
277
-4561
-6136
-2673
1922
2968
3524
6728
8581
6415
1917
-218
-1792
-5710
-10237
-13096
-13367
-12321
-10342
-7747
-5647
-5312
-5408
-4263
-2515
-2033
-2825
-2362
-1066
571
2529
4660
6271
6042
4316
1908
394
-714
-2112
-3759
-4885
-4103
-49
6370
8163
4778
2949
4882
4833
127
-2262
-1491
-1782
-2283
556
5230
6059
4070
3349
4439
4888
3247
1172
167
804
1823
1831
1025
145
-793
-2879
-4825
-4878
-4806
-6301
-7199
-4553
-956
58
30
1202
2611
2567
1695
1003
76
-926
-1548
-1555
-862
-951
-1083
-1361
-1914
-1693
-2113
-2104
-2836
2256
13963
20066
17515
11850
14542
17396
11014
1522
-3808
-2413
-3888
-8116
-7686
-1389
2019
-3491
-8247
-5373
-688
-3563
-8998
-8061
-1418
3603
3171
4306
7926
8932
3978
-1492
-2249
-3417
-7737
-12340
-11844
-7922
-5433
-5617
-6722
-5744
-5209
-5888
-7164
-7392
-6062
-4768
-2392
7
3276
6120
6246
4234
2373
2626
1881
-569
-3258
-3240
-575
1206
1274
1892
5724
6581
2547
511
3480
4706
-308
-2606
1066
3540
1251
111
2774
3666
1508
423
2429
3776
2955
2100
2817
4523
4377
2299
-118
-793
-1196
-3594
-6079
-5923
-4383
-5070
-6227
-4229
-838
-323
-1592
-478
1899
1961
315
-59
884
675
-365
-1079
-594
-396
-1168
-1563
-1906
-1788
-1776
-1830
-1702
-595
7946
17612
19020
12784
9330
14038
13515
5394
-2247
-1831
1340
-1236
-4784
-2228
3494
919
-7844
-10747
-5397
-2490
-7761
-10238
-4981
3252
5521
3533
4989
6823
4241
-2634
-5310
-3303
-3416
-6852
-9045
-6438
-2993
-2308
-5010
-7974
-9146
-9764
-9615
-9162
-6965
-4195
-1534
503
1759
3907
5069
3517
-23
-1231
711
2172
1522
764
2757
4468
3611
1018
586
2012
1470
1017
2153
5005
4875
2527
1436
1553
980
-1437
-2049
-257
1813
2092
2601
4687
5685
4628
2722
2691
2759
1510
27
-612
-167
-1296
-3066
-4349
-4544
-5244
-6459
-6041
-3887
-1649
-950
-589
649
1720
1358
108
-234
161
-111
-620
-369
838
873
-79
-530
-931
-1169
-2052
-2532
-2209
164
9337
16288
16028
10309
9382
13278
10282
2773
-1793
1206
3006
89
-1975
1161
3862
-1579
-8450
-9107
-4789
-4685
-8875
-7437
-1420
3695
2677
839
2241
2897
21
-4853
-5488
-3203
-1951
-3018
-3468
-2281
-2351
-4198
-7418
-9260
-9581
-9629
-9337
-8567
-5254
-1617
129
-507
-1363
-367
551
149
-850
480
3147
4383
4297
4624
5623
4189
866
-1276
-563
2541
4791
4831
3980
4269
4272
1346
-1851
-2495
-2052
-2389
-739
3245
5798
5313
3975
4342
4123
2490
559
642
2141
2237
1865
1231
-298
-2376
-3544
-4933
-6729
-6469
-4905
-3915
-2578
4
917
-708
-1474
-1133
-993
-1221
-1055
-102
815
1944
2398
2007
1084
76
-492
-1295
-1895
-1997
-1650
-1048
378
6842
13909
14985
9222
5290
8503
9441
4548
-728
1567
6096
5255
1647
811
2630
-55
-6336
-9533
-6632
-2751
-4473
-6699
-3800
2278
3072
-2269
-4836
-2662
-668
-3184
-5237
-3176
-131
46
-2058
-2226
-1405
-2972
-7481
-10628
-8799
-5583
-4919
-6410
-5755
-2655
-1317
-2762
-4501
-3701
-2238
-1659
-837
1506
4398
4854
3646
3065
3829
3791
2019
1649
3414
5421
5048
3664
3211
2616
1208
-628
-951
-554
-242
423
1769
3386
3688
3128
2344
2093
2409
2476
2294
1962
2258
2333
1405
-75
-1388
-2143
-2985
-3429
-3252
-2692
-2299
-2248
-1865
-1274
-912
-1275
-1829
-1706
-983
-208
145
486
1149
1810
1927
1524
1365
1527
1363
697
221
369
634
464
161
252
1168
2727
4128
4519
3822
3171
3014
2832
2082
1460
1873
2737
2947
2139
1233
881
700
197
-708
-1433
-1673
-1485
-1220
-1413
-2033
-2616
-2640
-2350
-2292
-2482
-2745
-2970
-3248
-3429
-3379
-3390
-3575
-3711
-3468
-3084
-2991
-3183
-3442
-3539
-3507
-3236
-2701
-2123
-1766
-1657
-1350
-661
46
238
-74
-248
20
362
311
50
76
366
570
700
1121
1746
2036
1908
1882
2169
2428
2515
2744
3198
3547
3611
3462
3226
3014
2901
2678
2195
1825
1896
2027
1729
1292
1060
725
112
-259
-135
-173
-678
-1017
-819
-594
-750
-984
-1071
-1113
-1106
-922
-685
-515
-351
-303
-520
-760
-695
-677
-1157
-1689
-1592
-1156
-1174
-1504
-1471
-1113
-1001
-1128
-1038
-722
-345
202
973
1569
1733
1799
1984
2206
2474
2943
3275
3054
2665
2797
3330
3466
3066
2566
2199
1884
1684
1638
1472
1165
986
944
665
94
-473
-1091
-1933
-2722
-2999
-3021
-3352
-3813
-3861
-3584
-3631
-4116
-4588
-4786
-4762
-4566
-4227
-3885
-3545
-3127
-2729
-2447
-2203
-2024
-2209
-2641
-2682
-2191
-1794
-1802
-1700
-1194
-681
-400
-41
523
1022
1426
1979
2611
2963
3057
3298
3761
4085
4009
3754
3630
3640
3621
3554
3560
3547
3325
2976
2804
2809
2624
2088
1501
1223
1175
1025
648
271
152
173
35
-263
-417
-383
-462
-704
-831
-830
-1057
-1513
-1788
-1818
-2001
-2412
-2638
-2534
-2400
-2363
-2244
-2047
-1957
-1888
-1633
-1261
-914
-437
234
741
856
899
1174
1583
1995
2497
2960
3094
3023
3107
3303
3267
2982
2620
2243
1987
2123
2486
2503
2103
1779
1639
1220
452
-207
-701
-1359
-2021
-2188
-2020
-2168
-2655
-3001
-3160
-3509
-4025
-4378
-4508
-4505
-4265
-3779
-3361
-3170
-3032
-2867
-2818
-2845
-2775
-2714
-2802
-2783
-2410
-1983
-1917
-2028
-1909
-1617
-1435
-1217
-702
-72
448
1099
2087
2964
3221
3088
3065
3164
3245
3461
3834
3989
3901
4011
4298
4163
3532
3031
2838
2621
2447
2600
2771
2535
2168
1980
1624
907
303
31
-221
-349
5
360
0
-604
-617
-504
-1141
-2037
-2224
-2047
-2295
-2596
-2329
-2019
-2294
-2612
-2352
-1976
-2042
-2245
-2196
-2070
-1930
-1568
-1174
-1043
-744
167
1085
1263
1142
1469
1943
2004
2049
2552
2946
2717
2445
2775
3273
3302
3021
2831
2779
2844
3041
2998
2422
1708
1338
1041
439
-163
-488
-917
-1608
-1971
-1806
-1883
-2604
-3279
-3383
-3362
-3624
-3853
-3869
-3951
-4092
-3918
-3501
-3303
-3360
-3352
-3247
-3180
-3073
-2905
-2946
-3140
-3016
-2515
-2143
-2072
-1879
-1397
-969
-673
-181
524
1071
1415
1848
2392
2747
2873
3020
3254
3465
3634
3805
3857
3746
3668
3727
3706
3462
3208
3139
3159
3112
3006
2810
2465
2077
1787
1515
1178
930
843
676
347
168
205
-26
-712
-1307
-1448
-1554
-2009
-2433
-2408
-2219
-2294
-2480
-2454
-2333
-2380
-2525
-2523
-2356
-2202
-2181
-2242
-2168
-1806
-1345
-1133
-1126
-890
-252
410
744
888
1109
1372
1557
1823
2325
2825
2957
2850
2953
3356
3637
3514
3193
2963
2905
2939
2967
2776
2258
1649
1242
940
471
-135
-668
-1120
-1557
-1849
-1925
-2078
-2528
-3017
-3204
-3167
-3227
-3438
-3656
-3774
-3788
-3714
-3652
-3706
-3806
-3818
-3695
-3483
-3220
-2994
-2910
-2858
-2596
-2128
-1734
-1546
-1366
-1040
-661
-315
78
538
930
1242
1681
2339
2950
3200
3139
3084
3195
3352
3484
3634
3798
3892
3961
4071
4067
3783
3356
3058
2908
2833
2846
2843
2589
2137
1821
1638
1214
519
-50
-338
-551
-769
-931
-1167
-1595
-1976
-2079
-2107
-2280
-2471
-2551
-2637
-2710
-2600
-2448
-2578
-2831
-2730
-2312
-2035
-1970
-1829
-1650
-1675
-1749
-1566
-1245
-1064
-915
-539
-29
463
987
1477
1673
1641
1762
2118
2448
2709
3067
3399
3493
3508
3697
3846
3648
3226
2884
2672
2539
2509
2373
1886
1247
839
533
-20
-671
-1078
-1397
-1884
-2248
-2193
-2171
-2663
-3307
-3537
-3538
-3752
-4034
-4043
-3925
-3939
-3899
-3630
-3385
-3403
-3488
-3387
-3163
-2938
-2684
-2407
-2172
-1910
-1533
-1158
-915
-708
-438
-205
-28
299
805
1214
1435
1754
2298
2749
2904
2996
3230
3426
3478
3627
3956
4162
4069
3948
3962
3892
3616
3353
3219
3072
2875
2730
2527
2098
1578
1175
785
280
-138
-318
-479
-781
-1030
-1163
-1454
-1957
-2319
-2376
-2406
-2554
-2602
-2456
-2320
-2293
-2278
-2305
-2444
-2547
-2447
-2268
-2182
-2086
-1857
-1611
-1466
-1307
-1114
-1069
-1161
-1079
-697
-279
-42
170
588
1170
1703
2025
2127
2130
2193
2403
2713
3041
3242
3240
3154
3210
3416
3450
3081
2521
2179
2161
2235
2135
1782
1280
771
341
-23
-405
-873
-1425
-1935
-2185
-2132
-2098
-2437
-3042
-3467
-3547
-3552
-3681
-3826
-3826
-3711
-3532
-3261
-2982
-2863
-2936
-3008
-2888
-2598
-2316
-2176
-2117
-1930
-1535
-1144
-964
-885
-671
-322
-8
285
670
1075
1372
1659
2083
2524
2786
2951
3226
3567
3809
3938
3974
3895
3821
3890
3958
3750
3385
3189
3139
2951
2644
2388
2075
1605
1220
1100
943
505
24
-247
-440
-700
-947
-1187
-1549
-1925
-2081
-2104
-2283
-2572
-2717
-2729
-2766
-2778
-2675
-2583
-2613
-2605
-2430
-2241
-2183
-2135
-1960
-1742
-1569
-1352
-1051
-782
-604
-461
-333
-259
-178
0
259
491
690
941
1280
1656
1968
2122
2119
2102
2236
2547
2901
3135
3193
3153
3148
3214
3224
3037
2678
2310
2092
2035
2001
1775
1294
695
166
-234
-588
-966
-1385
-1769
-2015
-2086
-2122
-2343
-2775
-3240
-3539
-3651
-3664
-3638
-3607
-3558
-3450
-3258
-3072
-3022
-3113
-3200
-3132
-2865
-2470
-2070
-1749
-1483
-1194
-869
-585
-381
-236
-72
172
543
1011
1454
1778
1997
2201
2420
2640
2822
2959
3052
3159
3326
3506
3621
3626
3558
3441
3311
3189
3069
2893
2663
2434
2221
1978
1667
1312
940
571
224
-92
-402
-726
-1028
-1294
-1532
-1776
-2020
-2225
-2369
-2438
-2449
-2428
-2416
-2402
-2364
-2302
-2245
-2205
-2150
-2055
-1905
-1720
-1540
-1389
-1277
-1181
-1086
-996
-917
-819
-656
-420
-157
74
234
341
450
591
754
914
1080
1291
1575
1899
2161
2275
2253
2204
2248
2402
2601
2744
2796
2781
2769
2761
2685
2473
2142
1807
1566
1428
1293
1039
625
131
-337
-738
-1119
-1514
-1899
-2220
-2433
-2537
-2613
-2751
-2977
-3207
-3338
-3346
-3281
-3194
-3103
-2992
-2849
-2677
-2530
-2448
-2418
-2367
-2232
-2010
-1740
-1480
-1267
-1099
-930
-742
-549
-352
-121
162
492
856
1220
1544
1799
2001
2191
2390
2587
2807
3032
3192
3264
3298
3288
3206
3074
2956
2826
2633
2455
2344
2218
2000
1771
1579
1350
1072
838
653
399
99
-134
-319
-567
-843
-1047
-1234
-1475
-1710
-1862
-2006
-2199
-2330
-2333
-2302
-2317
-2285
-2162
-2054
-2005
-1927
-1789
-1678
-1596
-1427
-1170
-951
-804
-640
-462
-369
-332
-254
-146
-78
1
190
420
570
654
747
820
824
830
925
1056
1152
1277
1490
1684
1747
1741
1762
1763
1727
1756
1891
1996
2005
2013
2055
2013
1839
1654
1511
1328
1106
966
854
619
264
-67
-376
-764
-1173
-1474
-1706
-1964
-2187
-2295
-2402
-2617
-2837
-2944
-3002
-3080
-3071
-2931
-2779
-2663
-2489
-2268
-2138
-2092
-1997
-1825
-1677
-1530
-1286
-1005
-796
-607
-361
-151
-62
19
204
419
612
876
1231
1523
1719
1952
2209
2317
2291
2350
2509
2624
2709
2874
2987
2885
2695
2581
2429
2130
1876
1796
1736
1589
1464
1347
1049
601
252
36
-218
-481
-586
-593
-692
-868
-1012
-1202
-1520
-1795
-1863
-1830
-1847
-1837
-1720
-1617
-1623
-1636
-1591
-1578
-1596
-1502
-1264
-1055
-936
-802
-632
-521
-482
-399
-278
-199
-138
2
171
258
285
339
415
448
476
547
622
649
671
735
787
781
778
820
878
934
1013
1127
1215
1261
1316
1388
1431
1447
1473
1509
1525
1513
1496
1445
1337
1184
1024
846
639
428
218
-8
-257
-514
-777
-1049
-1325
-1576
-1791
-1976
-2134
-2259
-2363
-2453
-2524
-2567
-2584
-2579
-2542
-2462
-2354
-2230
-2094
-1946
-1797
-1652
-1491
-1316
-1139
-959
-771
-573
-379
-187
2
191
383
575
773
979
1175
1341
1490
1645
1790
1918
2037
2156
2241
2282
2307
2317
2284
2215
2151
2077
1979
1864
1749
1614
1438
1252
1071
890
703
530
382
235
86
-62
-203
-352
-508
-644
-758
-861
-962
-1039
-1100
-1161
-1223
-1268
-1291
-1308
-1301
-1263
-1202
-1139
-1073
-986
-900
-822
-742
-654
-563
-473
-377
-273
-182
-108
-37
27
82
127
172
219
260
299
337
372
398
410
420
435
443
443
444
446
445
442
434
425
410
392
379
366
354
343
328
312
295
280
266
249
228
205
187
177
158
132
104
70
34
-10
-54
-105
-166
-236
-297
-359
-431
-501
-569
-633
-696
-754
-803
-843
-881
-908
-919
-922
-923
-911
-886
-851
-812
-766
-712
-657
-600
-536
-469
-396
-327
-252
-172
-93
-13
66
144
219
297
373
453
524
590
656
713
761
798
829
853
868
876
881
880
867
848
828
806
777
746
715
679
645
606
565
523
473
420
368
312
255
200
144
85
29
-22
-71
-122
-170
-213
-248
-278
-306
-326
-339
-350
-353
-354
-349
-340
-329
-317
-304
-289
-276
-263
-253
-244
-235
-230
-229
-225
-222
-220
-221
-226
-224
-221
-221
-217
-212
-206
-200
-191
-180
-167
-152
-140
-125
-108
-91
-73
-61
-51
-39
-27
-21
-17
-15
-14
-17
-17
-17
-20
-25
-28
-28
-31
-30
-28
-30
-27
-23
-21
-16
-9
-3
1
3
7
14
21
28
34
42
52
62
73
84
94
106
115
126
135
144
150
150
148
144
141
134
127
117
103
88
79
69
64
57
49
46
44
40
36
33
29
24
21
15
6
0
-8
-18
-28
-39
-50
-63
-72
-82
-91
-99
-107
-112
-114
-117
-117
-113
-107
-97
-85
-73
-60
-44
-29
-13
5
22
39
57
75
91
107
116
127
140
150
153
160
166
169
172
170
165
161
155
147
139
127
116
107
97
84
72
59
44
30
13
-2
-15
-26
-41
-55
-69
-79
-90
-97
-104
-109
-114
-123
-126
-129
-131
-131
-136
-142
-142
-145
-147
-147
-147
-148
-144
-139
-133
-123
-116
-103
-87
-72
-59
-43
-25
-5
12
29
45
59
73
80
86
93
100
103
108
109
105
104
100
97
90
82
72
65
58
51
43
30
25
17
8
0
-6
-12
-17
-22
-28
-30
-34
-36
-38
-40
-40
-41
-42
-42
-40
-37
-37
-39
-37
-35
-34
-34
-34
-34
-30
-28
-27
-24
-23
-20
-16
-14
-12
-11
-7
1
4
10
16
21
28
32
34
38
44
46
49
50
51
55
58
57
53
47
44
43
40
38
33
24
23
22
17
13
10
8
7
8
10
11
7
8
9
6
3
1
-1
-4
-8
-12
-13
-15
-17
-22
-25
-26
-25
-27
-28
-30
-30
-30
-35
-34
-36
-35
-37
-37
-35
-30
-26
-24
-21
-20
-15
-11
-9
-9
-8
-5
-4
0
4
4
3
6
7
7
10
12
9
6
2
5
8
2
-2
0
3
6
-1
-2
1
5
5
4
0
0
-2
0
6
11
16
10
1
5
23
34
17
-11
-8
24
41
25
-14
-10
89
149
77
-46
-71
-10
40
4
-78
-104
-48
18
-10
-89
-110
-48
19
13
-38
-50
-18
13
8
-24
-36
-13
19
30
13
-1
13
34
34
21
16
23
30
27
19
10
5
7
15
16
14
22
27
25
16
19
19
14
9
13
16
11
9
9
5
-5
-9
-12
-12
-8
0
7
-1
-11
-17
-17
-18
-24
-27
-22
-21
-22
-24
-16
-8
-13
-20
-20
-14
-4
-9
-17
-13
-1
4
-3
-8
1
4
1
-2
-2
1
8
8
2
-3
-1
3
-4
-8
-1
8
4
-3
0
5
5
0
-1
3
4
6
6
3
3
4
4
-1
-7
-3
5
6
9
12
13
9
6
4
-1
-1
10
14
9
6
2
-2
-9
-5
5
9
9
8
5
0
-3
-3
1
8
14
11
1
-3
-3
-7
-10
-1
10
11
7
1
-3
-11
-16
-15
-9
-1
4
-1
-13
-19
-19
-15
-12
-4
2
2
-3
-10
-13
-11
-7
-1
3
6
4
1
-2
-5
-4
-1
5
9
11
11
7
-1
-5
-2
3
5
8
10
9
5
-1
-3
1
5
5
8
11
8
8
2
-2
-2
-2
-2
0
2
0
-1
0
-1
-1
-2
-1
-3
-4
-5
-8
-9
-10
-11
-15
-18
-13
-12
-10
-7
-3
0
-1
0
-1
-2
-2
-1
1
3
3
0
0
-1
-3
-1
1
3
8
13
14
15
16
15
14
14
13
13
15
11
8
5
5
3
3
8
7
6
4
1
-2
-4
-4
-6
-4
-3
-4
-6
-7
-5
-6
-8
-10
-10
-8
-8
-7
-9
-10
-11
-11
-14
-13
-12
-14
-13
-13
-13
-14
-13
-10
-8
-6
-4
1
5
6
6
8
5
5
5
4
7
7
9
7
9
11
10
12
12
9
9
7
7
9
10
9
9
7
6
4
5
7
6
6
6
6
6
2
1
2
0
1
-2
-4
-10
-9
-12
-14
-12
-11
-10
-8
-5
-7
-6
-6
-8
-8
-8
-8
-10
-10
-9
-6
-7
-5
-2
0
1
2
3
3
4
3
1
3
2
1
1
1
2
2
4
6
7
7
6
8
7
6
6
7
11
11
11
8
3
1
0
-3
-2
-1
-1
3
2
3
3
3
1
-2
-6
-8
-10
-9
-10
-7
-5
-6
-5
-4
-4
-6
-6
-5
-5
-5
-6
-7
-6
-4
-3
-2
-3
-1
0
-2
0
1
1
3
3
4
3
4
3
4
4
6
5
5
7
6
6
5
5
3
3
4
4
5
8
7
6
4
4
3
2
0
0
1
1
1
-1
0
-3
-5
-9
-11
-11
-10
-7
-4
0
2
2
-1
-1
-1
2
-1
-4
-3
-1
3
5
2
4
4
3
2
-1
-1
-3
-4
-2
-1
-1
-1
1
2
2
3
3
3
3
1
1
-1
-3
-1
-2
-2
-2
0
2
2
4
6
2
3
3
-1
-2
-2
-2
-3
-3
-3
-5
-6
-9
-10
-11
-10
-9
-7
-4
-3
-2
-2
-4
-3
-3
-4
-3
-4
-2
-1
-2
-2
1
-2
-4
0
2
2
4
3
5
7
5
5
6
10
11
13
12
13
13
14
11
11
15
15
16
17
20
22
23
20
21
21
20
20
19
17
13
11
9
8
5
2
-1
-4
-9
-12
-14
-17
-20
-23
-26
-32
-32
-33
-35
-33
-43
-48
-51
-53
-52
-53
-53
-53
-47
-44
-42
-40
-45
-44
-45
-45
-45
-45
-46
-45
-40
-39
-35
-29
-24
-16
-4
9
20
34
49
63
77
93
104
119
127
121
119
110
102
100
92
82
74
64
56
52
45
38
35
33
32
38
42
48
55
65
79
95
107
121
131
138
148
148
137
120
101
77
53
24
-5
-35
-63
-89
-119
-143
-163
-181
-192
-209
-224
-226
-227
-224
-216
-209
-200
-189
-180
-170
-155
-146
-139
-128
-120
-115
-111
-109
-105
-107
-107
-107
-110
-109
-110
-109
-107
-106
-101
-94
-85
-74
-59
-43
-24
-6
16
41
62
85
107
128
148
168
190
208
227
245
259
266
275
279
278
278
271
264
253
242
232
216
199
183
165
144
125
107
92
72
53
39
22
8
-5
-18
-30
-42
-53
-63
-73
-80
-88
-101
-110
-120
-128
-137
-145
-153
-160
-165
-169
-171
-176
-175
-175
-173
-172
-170
-158
-152
-145
-139
-129
-120
-106
-95
-84
-73
-65
-54
-43
-32
-26
-14
-6
4
11
15
20
25
30
32
36
37
40
43
45
47
46
50
51
52
53
52
52
56
53
53
51
47
45
43
40
39
36
32
29
26
25
23
20
17
16
14
12
10
9
7
5
6
3
2
3
4
4
4
5
5
5
3
2
2
1
0
2
1
1
2
2
2
2
1
2
3
2
3
2
2
2
-1
1
-2
0
0
-1
1
-1
0
1
0
1
0
-1
1
0
1
0
-1
1
3
3
3
2
4
5
3
5
3
4
5
5
5
7
8
8
7
6
6
6
10
9
9
10
8
8
7
5
2
-1
-4
-6
-8
-11
-10
-10
-12
-15
-18
-18
-21
-23
-25
-24
-25
-26
-27
-27
-25
-23
-22
-22
-20
-19
-19
-16
-15
-13
-13
-13
-11
-10
-9
-7
-4
-3
-1
1
5
9
12
14
16
19
21
23
25
27
26
26
27
28
27
26
25
27
29
25
25
26
24
25
26
23
22
20
18
19
15
13
14
14
14
12
9
8
7
5
4
1
3
-1
-1
-1
-2
-3
-4
-6
-7
-7
-7
-7
-7
-6
-7
-6
-7
-7
-6
-6
-3
-3
-4
-6
-3
-4
-4
-2
-1
-2
-2
-1
-1
0
-1
0
1
-1
-3
-4
-3
-3
-3
-4
-6
-8
-9
-9
-12
-12
-13
-12
-12
-12
-11
-12
-11
-10
-10
-10
-8
-6
-6
-4
-5
-5
-6
-7
-5
-1
-3
1
