SAMPLES:	9526
BITSPERSAMPLE:	16
CHANNELS:	1
SAMPLERATE:	16000
NORMALIZED:	FALSE
2
5
4
2
2
4
2
1
0
-2
-2
-5
-4
-4
0
-4
-2
0
0
0
1
3
-2
1
1
-1
1
2
3
3
-2
-3
-2
-1
0
-1
-4
-1
-4
-3
-1
-1
0
-4
-2
-1
-1
-1
4
0
1
-1
1
-1
-2
1
1
1
1
5
3
4
3
1
0
-4
-3
-2
0
-1
-4
-2
-4
-4
-5
-3
1
1
3
1
2
3
1
4
1
-2
-2
-1
2
1
2
1
0
-2
-6
-4
1
3
3
0
4
5
5
6
5
2
1
4
2
2
-3
-3
-2
-1
-1
-4
-2
-1
-3
-4
-1
-2
0
0
2
0
-3
0
1
3
0
-3
0
0
1
4
3
6
3
3
0
0
-2
-2
0
-5
-1
-3
-7
-5
-4
-2
-2
-3
1
2
5
5
1
3
6
5
1
-1
-1
0
-1
-2
0
3
1
0
0
-2
0
1
-3
-1
-1
-1
-6
-6
-2
-6
-6
-3
0
1
-1
-2
0
3
0
2
2
1
5
6
4
2
4
4
1
4
2
-1
-1
-3
3
-2
-5
0
-2
-1
-1
-2
-1
-2
-2
-1
1
0
1
1
0
0
1
-1
1
2
0
2
5
3
2
1
2
4
4
7
2
1
0
0
0
-2
-6
-5
-4
-5
0
0
0
-2
0
0
0
4
2
1
0
-1
1
-5
-3
-1
-4
-4
-1
-1
-2
1
0
0
-2
-4
-4
-4
-4
-6
0
3
-3
3
5
3
3
2
1
3
0
2
1
2
2
1
1
1
3
2
1
-2
-2
0
-2
-3
3
2
0
0
-1
3
0
3
2
4
2
2
3
0
-4
-5
-1
2
-2
0
1
1
3
0
-1
-2
-1
-1
-1
2
-2
0
2
1
2
-4
-2
-2
-4
-3
-1
2
3
3
0
4
4
3
3
2
0
-1
0
2
3
1
1
-5
-3
0
0
2
0
0
-3
-4
-3
-2
-1
-1
-4
-3
-3
-5
-2
0
-1
0
1
1
3
1
2
1
-2
-1
0
1
2
2
0
1
1
-1
1
-1
-2
0
-1
-1
-5
-3
-1
-1
-2
-2
-3
-1
2
0
3
3
2
5
2
0
0
-2
-3
-6
-3
-2
2
2
3
2
3
5
2
5
3
2
3
5
-1
2
2
0
-3
-3
-1
-3
-3
-2
0
-2
-2
3
-1
-4
3
1
2
1
-1
3
4
0
2
1
1
2
-2
-1
2
-1
-1
0
0
1
-3
-1
1
-2
1
0
-4
-1
-1
-1
-1
1
0
-2
0
0
-2
-5
-4
-1
1
-1
-1
-4
-4
-3
-6
4
43
4
-38
1
5
-13
-15
-20
-9
0
5
12
3
-1
-7
-10
-4
-2
-13
-4
4
11
1
28
57
2
-19
-9
9
2
-27
-26
-8
8
10
9
13
-5
-5
32
-1
-39
-9
22
7
6
6
98
20
-89
-5
21
7
-28
-30
7
22
17
9
6
8
-13
-11
6
-2
-22
-25
2
6
-16
-12
9
6
-9
-8
12
6
-12
-6
2
-4
-12
4
13
28
32
-8
-24
9
16
-13
-21
5
15
-4
-4
4
2
-4
-4
-3
1
-1
-5
-8
-5
-5
-10
-5
0
1
-2
1
3
1
-7
-3
0
-4
-5
-2
6
1
2
9
4
3
9
3
-3
1
6
1
-3
-1
3
-1
-5
-3
0
3
-1
-1
2
4
4
2
9
7
3
2
7
3
0
4
3
3
0
1
-3
-4
-2
-1
-1
-1
-4
-4
-5
-4
-2
-4
-2
-2
1
-1
-4
0
-5
-5
-3
2
5
0
-1
1
1
-1
-8
-4
1
0
2
2
1
1
1
0
0
2
3
3
2
-2
-3
-3
1
-1
2
3
1
5
5
2
3
1
3
4
0
2
2
-2
0
0
-1
-4
-2
-1
1
1
-1
2
3
-1
-2
-1
-3
0
-2
-4
-4
-2
-3
-2
1
0
1
1
-3
-4
-2
-1
1
0
-1
-2
2
1
-1
1
-1
0
-3
-1
5
5
3
1
2
2
4
1
-5
0
-2
-5
-5
-3
-2
1
0
1
2
3
1
-5
-1
0
-1
-2
-2
-1
4
-1
-1
-1
2
1
-1
3
4
0
-5
3
8
-3
-7
8
8
-8
-5
5
6
-4
-10
6
7
-3
-2
7
13
-1
-8
3
9
-1
-8
-2
7
4
-10
1
11
-3
-10
3
15
-7
-12
11
15
-9
-11
15
7
-17
-8
15
3
-18
-2
19
3
-24
-8
22
4
-26
-6
19
0
-21
1
17
-4
-16
4
17
-15
-21
12
8
-25
-9
22
-3
-16
21
16
-18
-5
24
5
-18
4
21
-4
-20
-4
19
3
-22
-5
25
3
-25
-2
21
-1
-19
0
15
7
-3
3
10
-2
-11
2
2
-1
-10
12
13
-14
-11
9
14
-6
-14
7
24
-3
-21
8
14
-10
-16
5
10
-10
-13
1
8
-15
-14
10
9
-13
10
23
-15
-16
10
8
-14
-6
19
5
-9
5
7
5
2
-9
10
22
-5
-17
14
12
-25
-8
28
2
-11
1
1
-2
-13
-4
2
14
4
-16
-4
10
11
-20
-30
8
34
-19
-44
30
30
-31
-31
27
34
-19
-24
24
19
-19
-22
10
25
-11
-12
8
10
13
-13
-27
17
33
-19
-36
13
43
-16
-58
19
59
-37
-67
59
70
-81
-48
79
36
-68
-35
56
44
-72
-41
74
30
-57
-18
37
24
12
-40
-32
75
62
-159
-6
197
-79
-141
94
119
-21
-194
36
413
-272
-397
458
138
-471
46
319
-48
-230
-8
263
-14
-298
99
222
-161
-110
114
58
-59
-70
23
102
-46
-119
71
103
-62
-90
4
126
22
-194
21
244
-120
-220
197
151
-188
-119
145
144
-110
-180
152
161
-219
-55
216
-21
-133
27
76
13
-75
-1
78
-38
-41
91
-23
-102
70
89
-104
-87
119
72
-115
-33
100
-23
-35
-3
-28
103
9
-174
63
151
-92
-106
9
116
91
-228
-109
341
-19
-345
163
230
-156
-151
107
142
-31
-180
16
214
-40
-199
14
183
30
-185
-74
211
46
-202
-93
226
142
-265
-162
309
204
-350
-188
360
189
-357
-153
274
157
-188
-254
241
299
-324
-236
307
173
-196
-250
80
449
-84
-665
255
742
-417
-694
520
604
-574
-473
505
451
-394
-562
326
726
-363
-854
424
981
-489
-1054
518
1109
-564
-1267
674
1335
-818
-1314
955
1315
-1003
-1289
973
1402
-1101
-1589
1354
1523
-1587
-1375
1758
1227
-1742
-1175
1776
1251
-2027
-1229
2225
1073
-2324
-919
2451
819
-2552
-719
2775
402
-2925
39
2836
-338
-2697
516
2678
-722
-2657
1024
2547
-1430
-2088
1613
1458
-1324
-1069
817
1102
-276
-1643
281
2205
-711
-2516
1422
2298
-1865
-1891
1914
1660
-1903
-1477
1773
1521
-1840
-1481
1929
1446
-2120
-1308
2345
1090
-2748
-489
2737
22
-2681
350
2509
-651
-2111
441
2191
-430
-2248
335
2626
-748
-2665
1198
2577
-1772
-2160
2056
1883
-2383
-1681
2765
1559
-3374
-1258
4068
497
-4097
-151
4197
-257
-4089
444
4310
-1188
-3948
1760
3630
-2627
-2759
3107
1987
-3638
-907
3769
-118
-3437
750
2850
-614
-2904
662
3200
-1155
-3181
1708
3025
-2716
-1693
2542
898
-2475
105
1960
-652
-1755
1416
1092
-1400
-1262
1981
885
-1792
-1304
2257
1122
-2336
-727
1861
566
-1325
-408
772
89
-116
148
-355
-546
716
1114
-1319
-994
898
1574
-748
-2056
925
1797
-706
-1098
-210
919
855
-735
-1440
907
1297
-595
-1384
815
563
-71
-659
63
713
-589
-490
1584
-563
-1959
1655
1600
-1991
-1404
2133
1195
-2063
-1093
2051
1024
-2552
138
1927
-667
-1662
1906
12
-1698
1097
864
-1123
-605
1126
481
-1001
-607
1160
433
-1106
-139
672
300
-837
690
-591
-407
1732
-545
-1860
867
2112
-1421
-1550
1063
1236
-469
-1005
-566
1510
944
-1832
-1093
1940
1159
-1946
-1318
2462
266
-1677
261
356
83
611
-877
-987
1558
968
-1912
-880
2168
277
-1492
-341
917
523
-366
-827
81
958
-60
-540
-480
523
703
-583
-580
623
-264
531
8
-1381
1304
59
-173
-560
55
891
-416
-547
718
-651
543
256
-685
-334
1192
-253
-706
-14
574
520
-707
-1259
1630
1342
-2801
71
1737
716
-2565
604
715
826
-761
-1864
1808
1361
-2005
-297
483
1125
-34
-2323
715
2792
-1803
-2070
1949
1120
-940
-1173
175
1581
215
-2089
76
1747
4
-1289
-275
531
1435
-1042
-1515
1215
1179
-685
-1498
461
2113
-1261
-1506
1351
593
-466
-543
-377
1247
311
-1512
-169
1511
140
-1252
-828
2064
532
-2665
631
1878
-774
-1416
1173
263
-400
-80
-344
676
429
-1553
625
1066
-578
-1414
1215
1401
-2456
647
806
-74
-564
-115
-40
1422
-831
-1897
2214
769
-1813
-437
726
1845
-1359
-2302
2071
2378
-2946
-1516
3152
93
-1843
-242
1462
-110
-142
-1320
572
1871
-711
-2860
1156
4367
-3414
-3472
4116
2512
-4330
-1301
3664
669
-2602
-1555
3291
1463
-3797
-1213
3887
1532
-4562
-1197
4902
53
-3524
-211
2140
1611
-2371
-2199
2419
3568
-4525
-2642
5370
1476
-5530
6
4412
-602
-2901
-133
2881
-138
-1929
-946
2188
2078
-3990
-689
3271
1242
-4017
-420
4143
-1063
-2337
-162
3320
-494
-3622
1426
2936
-1061
-3573
2084
2862
-2882
-448
763
789
174
-2250
1486
1334
-2174
77
1389
-396
-178
-969
380
2021
-1648
-1229
1514
564
-798
-113
-309
241
1096
-875
-539
249
503
958
-2369
713
1635
-1123
-976
809
1478
-1272
-2205
3022
594
-2027
-479
13
3327
-1401
-3635
2098
3511
-3348
-1104
1459
2026
-2467
-1405
3416
170
-3560
571
3778
-2006
-1823
722
2287
-1614
-640
301
1326
-1205
-215
412
550
-169
-1461
1224
614
-686
-501
89
633
700
-1212
-1667
3410
-67
-3872
2669
1224
-2117
203
674
28
-149
-810
1363
-527
-954
1292
11
-744
-757
2156
-867
-1176
1031
74
423
-1388
378
1636
-1724
-459
2058
-867
-1349
1174
1050
-1648
-460
1798
-67
-1859
515
1949
-1092
-1644
1531
969
-1556
-83
701
701
-1591
-18
1872
-469
-1920
308
2835
-1609
-1507
915
1389
-1100
-452
688
-157
-368
950
-1013
-26
1838
-2459
98
2535
-1377
-1121
501
764
841
-1995
78
1210
-10
-738
139
-23
285
211
-475
-949
2364
-1098
-1641
2001
-93
-600
-296
300
198
678
-1741
104
2881
-2539
-1166
3113
-1325
-724
1003
-730
771
-419
-797
2188
-1757
-813
1997
-169
-1012
-560
1500
295
-1316
-715
2448
-1035
-1039
741
631
-903
710
-779
215
1126
-2241
2408
-1491
-183
1303
-709
-708
1281
-595
-687
996
462
-1391
-711
3064
-1102
-2988
2753
1723
-3726
659
2507
-1358
-1222
813
864
-186
-1128
-265
2053
-556
-1839
1217
1124
-1910
821
142
74
-603
70
725
353
-2060
1332
301
19
-289
-1035
857
1260
-883
-1455
814
1685
-824
-2579
3316
227
-3692
2338
2224
-3265
-775
3242
-518
-2154
810
1430
-956
-1308
2422
-1408
-461
1505
-1459
833
174
-873
411
136
-12
247
-616
50
144
381
1161
-3185
285
4404
-2866
-2812
4041
-212
-2552
1756
250
-1035
151
263
794
-612
-1390
809
2359
-1850
-2185
2386
1189
-2039
451
419
-1581
2533
-804
-749
-468
289
2075
-1353
-1031
-415
2533
-510
-1551
301
370
313
796
-1158
-1732
2980
189
-3013
1993
1197
-2962
926
1812
-241
-1922
-1112
3884
97
-4189
1279
3000
-1752
-1537
1411
736
-1257
-228
1526
-923
-676
927
-17
92
-665
-152
689
1298
-3702
2289
2380
-4114
698
1644
21
-751
-1084
1203
765
-940
-689
981
193
35
-1537
649
1819
-1358
-1044
1012
790
-773
-927
646
1731
-1781
-400
-15
1711
29
-2058
-394
3524
-1601
-3167
3610
1121
-3086
-364
2102
122
-787
-1352
2033
313
-1758
-584
2445
427
-2690
143
1722
223
-1223
-185
758
571
-1652
115
2630
-1815
-2420
3500
1057
-4451
827
4093
-2267
-1917
488
1704
1041
-2551
-712
2141
757
-2700
909
1417
-528
-1011
-575
1537
1467
-2631
-713
2707
-1073
-698
730
505
-1168
358
339
-649
598
746
-1657
565
691
-1060
179
1453
-266
-2225
-95
2785
946
-3864
-469
4380
-1592
-3110
2562
2093
-2598
-1748
2650
612
-1525
-412
1933
-1606
-215
779
206
824
-2198
195
1399
269
-1335
53
954
418
-2257
742
1862
-449
-1467
-255
1203
-23
258
-254
-945
-152
1825
-784
-1358
2440
-784
-2053
781
2328
-390
-3119
1707
1118
-392
-1181
-174
2091
-199
-2802
565
3252
-1502
-1785
1386
-320
511
-85
-977
959
472
-435
-1898
1479
2524
-2478
-2191
2564
1726
-2701
-529
1563
1486
-2356
-1472
2539
1303
-2191
-1098
2177
-435
-58
-685
62
1396
-955
-623
158
1004
214
-1295
134
753
-7
-1051
573
1144
-1024
-849
942
652
-1692
1307
391
-1499
274
1056
-787
-358
1678
-1013
-1426
1059
1050
-356
-1306
1323
-325
-1541
1848
847
-1583
-477
395
319
819
-835
214
-448
-289
492
849
-725
-183
474
-1411
353
2351
-1263
-1237
1116
-978
260
1410
-504
-625
-242
-147
443
422
741
-584
-1481
-594
1713
1764
-586
-2303
-780
1874
1339
-1109
-1055
1167
-291
-644
-118
1166
1316
-1957
-1858
1414
2026
-964
-523
336
-620
-197
240
901
-33
-959
769
-676
-522
1556
453
-1665
-763
872
991
40
-295
-494
-473
568
48
-780
1146
934
-1990
-149
1369
-181
-378
-609
-26
970
-37
-545
670
379
-1489
-569
1498
485
-1093
117
763
-292
-362
-18
-32
227
-92
-522
636
998
-597
-1041
249
28
4
510
-127
-283
761
-79
-1022
315
71
-438
409
134
93
491
117
-649
-839
178
545
15
-121
534
347
-284
-735
-10
478
-561
-163
582
290
154
-81
-308
-229
-337
-248
604
704
-333
-239
130
-104
-88
-67
-280
38
378
126
215
159
-448
-444
166
-47
-39
806
162
-820
-104
453
55
-331
-167
346
-131
-132
610
-79
-368
75
-469
-185
894
224
-411
-84
-121
-124
282
202
-255
-13
-1
-273
252
670
-226
-847
12
495
49
5
130
-139
-320
-44
278
273
-42
-454
-241
462
316
-279
-171
56
-116
-213
339
503
-332
-463
225
191
-179
84
174
-277
-173
312
156
-93
-84
-269
-89
348
160
-103
-89
-45
-30
3
45
45
-61
-108
-18
242
216
-190
-254
5
93
18
95
195
-113
-296
109
219
-39
-153
-58
132
112
-45
70
51
-197
-159
164
252
-3
-97
-14
-49
2
90
-5
-120
-40
151
66
-104
13
-9
-209
-21
206
84
-96
-75
52
30
-109
-69
37
-19
-42
96
102
-17
-96
-148
-36
85
5
-30
52
37
-42
-14
-3
-82
-73
25
81
85
89
34
-47
-44
-34
-8
108
97
-48
-1
131
-23
-219
-61
72
-61
-41
215
260
27
-92
41
138
66
53
177
181
64
44
77
44
-49
-66
30
179
277
242
129
76
52
52
170
282
227
158
141
57
12
44
-43
-194
-120
96
120
-20
-55
-78
-250
-343
-140
32
-47
-153
-159
-146
-184
-258
-300
-274
-233
-192
-128
-108
-184
-307
-431
-464
-385
-322
-347
-406
-463
-525
-600
-676
-682
-624
-588
-552
-457
-403
-470
-555
-561
-527
-473
-363
-219
-157
-174
-214
-259
-265
-192
-110
-36
80
82
-98
-305
-454
-594
-595
-347
-112
-79
-87
63
234
333
539
740
519
47
-61
96
59
-243
-467
-542
-409
-186
-163
-372
-496
-51
1994
6331
10394
10869
8461
7064
7560
7661
7368
8009
8197
6658
5319
5290
4367
896
-3420
-6156
-6765
-5922
-5016
-5593
-7674
-10001
-11600
-12149
-11702
-10892
-10302
-9604
-7701
-5064
-3137
-2472
-2661
-2867
-1939
650
3869
6197
7103
6802
5842
5292
5459
5289
4207
3085
2710
2729
2327
954
-1182
-3246
-4624
-4670
-2389
732
502
-3308
-5781
-5187
-4933
-5216
-3368
-1471
-2324
-2344
827
2400
214
-999
585
1975
3401
6203
7052
4162
1620
1603
1495
708
832
655
-998
-1924
-1334
-1804
-3649
-4554
-4126
-3358
-2047
-749
-1050
-2324
-2557
-1871
-1125
-216
310
-176
-268
726
1311
1181
983
-18
2257
15027
30412
29003
10775
1180
10569
19000
13799
8292
11393
12894
7560
3934
4742
1301
-9266
-18321
-17514
-8670
-2035
-5340
-14619
-20226
-19512
-17329
-16012
-13996
-11236
-9329
-7705
-4697
-547
1752
-636
-5231
-5064
2755
11780
14427
10981
6580
3886
2778
2960
3609
2969
400
-2154
-2304
-859
-1558
-6375
-12238
-14523
-12044
-7484
-4271
-3695
-4858
-6392
-6672
-3951
481
3311
5984
12141
16945
13831
8790
10028
11384
6903
5196
9945
10066
3610
1703
3209
-1659
-7720
-5785
-2649
-4559
-4336
-835
-2808
-8154
-7787
-4825
-5650
-5774
-2328
-1294
-3321
-2634
-451
-948
-1138
1607
3545
3595
4987
6559
5222
3246
3211
3102
1957
1506
950
-1362
-3532
-3796
-4144
-5705
-6211
-5277
-5372
-4911
2871
17412
24626
14666
316
1177
13949
19292
13701
10956
15002
15582
9697
5626
5588
1873
-7740
-13956
-9400
-349
610
-8987
-19205
-21665
-18773
-16638
-15985
-14226
-11568
-10187
-9724
-7659
-3955
-2294
-4619
-6615
-2302
7256
13939
12655
7183
3859
3807
4593
5350
6208
5808
3139
100
-823
-538
-2627
-7961
-12112
-11031
-6945
-4575
-4445
-4853
-6179
-8122
-7370
-2061
5392
10615
10249
6101
4276
6167
6456
4743
6181
8299
5528
3289
6969
7797
298
-4857
-1621
1270
476
1828
2980
-1768
-6898
-6294
-4537
-5037
-4536
-3691
-5161
-5381
-2354
-1358
-3658
-3886
-1177
1033
3050
5592
5500
2531
905
1631
2149
1900
1479
222
-1537
-1887
-901
-1412
-4161
-2451
11124
27499
26172
6915
-3685
7201
18695
13916
6312
10380
16188
11265
2613
1323
2716
-3587
-14584
-16835
-6497
2849
-1711
-14769
-21807
-19306
-15518
-14998
-13978
-9927
-6370
-6582
-7940
-5733
-1193
-528
-4613
-5714
1991
12513
15298
9225
2430
630
1836
2591
3043
3937
3447
-32
-4131
-4974
-3646
-5404
-10463
-12730
-9285
-4487
-2821
-3914
-5550
-6583
-6741
-4378
4435
16797
18688
6905
-491
5711
9642
4660
5933
12604
7365
-2121
2931
10126
1415
-8869
-5153
340
-334
2458
5664
-1159
-9373
-8128
-4563
-4277
-1842
223
-4379
-7924
-3422
61
-2782
-3843
-317
1659
2111
5363
7518
4056
99
451
2452
3257
3018
1368
-1563
-3338
-3201
-2985
-2922
-3374
-5201
-899
16137
31327
23783
1687
-4914
9049
19497
15598
10934
13944
15737
9278
1494
632
2112
-3716
-14631
-16276
-4611
3913
-3391
-17999
-24764
-21757
-17043
-14341
-11766
-8542
-7033
-8784
-10504
-7230
-1304
182
-3361
-4058
3481
12918
14933
8841
1865
-34
1900
3840
4985
5769
4548
-59
-5411
-6629
-4476
-4684
-8547
-11351
-9254
-4993
-2986
-3832
-5705
-7166
-7459
-4392
4905
15707
16196
6363
770
5116
7933
5470
7431
11236
6335
-172
3466
7828
1563
-5851
-4579
-997
581
3721
4450
-1398
-6872
-6682
-5150
-3758
-81
1030
-3770
-6821
-3608
-1110
-2719
-3060
-696
793
1682
4006
5342
3523
1128
176
526
1826
2812
1495
-1521
-2953
-3142
-3625
-3545
-2966
-4317
-2993
10840
29007
29154
8668
-5038
4101
18090
18059
11266
12667
17435
13501
2944
-1266
2253
468
-10932
-18387
-10250
1719
198
-13342
-23501
-23247
-19062
-16371
-14375
-10278
-6710
-7628
-11233
-10614
-3974
956
-616
-3847
-569
8309
14542
12547
5250
678
1325
3433
3857
4779
6357
4260
-2290
-7412
-6412
-3546
-4522
-8852
-10663
-7702
-4175
-3754
-5510
-6311
-6248
-5801
-2853
5074
14645
16903
9883
2959
3790
6858
6828
7957
10819
8295
1820
1420
4719
2249
-3386
-4067
-1979
-1253
780
2730
-141
-5414
-7445
-6900
-4966
-802
1048
-2914
-6937
-5421
-2927
-2897
-1539
1406
1888
379
1564
4466
4986
2862
339
-348
962
2618
1724
-772
-2235
-3327
-4444
-4069
-2422
-2889
477
15289
29872
24556
4437
-2631
9187
18575
14107
9353
14558
19013
11935
58
-2094
2980
537
-11604
-17057
-7425
1615
-3705
-16315
-21640
-19605
-18281
-18707
-16118
-9485
-5414
-8026
-12894
-11512
-4545
-331
-1694
-3011
1038
7481
11124
9641
5677
3423
3480
3490
2786
4292
7064
6128
-95
-5892
-6184
-3625
-3582
-6863
-8666
-7026
-5241
-5916
-6876
-5790
-4911
-5974
-5796
337
10498
15791
11657
5177
4696
7088
7025
7865
11580
10927
4337
1553
4817
5442
1198
-1746
-2356
-2656
-857
2017
1248
-2544
-5226
-7033
-7511
-4043
-350
-2486
-7030
-7164
-5087
-4470
-3055
37
781
-1025
-903
1978
4643
4671
2792
1234
1879
2932
2024
799
548
-618
-3904
-4949
-2309
-838
-2789
-132
13703
26846
22459
4636
-2871
7046
16338
13168
8770
13961
18688
11657
-146
-1910
4351
3390
-8218
-15589
-8518
856
-1771
-12489
-17990
-17108
-17520
-19626
-17512
-10102
-5149
-7700
-13426
-13540
-7231
-2077
-2262
-4020
-2048
2748
6993
8270
6907
5124
4209
3464
2309
3590
7564
9347
4983
-1483
-3670
-2057
-1511
-4062
-6124
-5484
-4280
-5413
-7148
-6301
-4805
-5713
-7195
-4844
795
6878
11313
11825
8127
4225
3764
4949
6865
9954
11013
7445
4074
4819
4904
1643
-786
-867
-1761
-2115
607
2389
-255
-4413
-6894
-8148
-7547
-5030
-3709
-4665
-5519
-5656
-6050
-4853
-1503
382
-677
-1178
1003
3633
5014
5156
4053
2397
1475
1400
1400
1672
1497
-468
-2697
-3124
-3093
-2814
4214
18247
25100
14648
-335
-1107
9007
13810
10061
8844
13759
15519
8277
191
1085
5497
1180
-9828
-12452
-3659
2487
-2629
-11555
-15141
-15328
-16879
-18416
-15319
-8599
-5425
-9328
-14333
-12913
-7297
-4436
-5335
-5393
-2573
1342
4513
5607
5024
4549
4624
3511
1957
3561
8015
10029
6367
761
-1647
-599
-294
-2602
-4377
-3517
-2942
-5415
-7679
-6189
-3545
-4149
-6597
-5895
-1582
2110
3370
5915
10550
11473
6406
2580
5092
8404
8047
7466
8610
7811
4740
2625
1510
394
-101
-877
-2822
-2539
298
-84
-4353
-6372
-5773
-7407
-8943
-6023
-2649
-3728
-5743
-4864
-3021
-1801
-776
-10
845
2817
4102
3674
4200
5660
4357
1059
689
2340
1897
-271
-1359
-1537
-2443
-4232
-4462
3059
16711
22249
11333
-1437
235
9009
10579
7335
9736
15216
14299
6141
59
2589
7278
3444
-6919
-9888
-3121
928
-3761
-9312
-10306
-11523
-15640
-18713
-16222
-9916
-6192
-9147
-14282
-14023
-9282
-6269
-6386
-5776
-3408
-687
1673
3055
3824
5258
6715
5251
2328
2864
7139
9714
7360
3095
922
1253
833
-1641
-3283
-2118
-1528
-4473
-7067
-5327
-2294
-2819
-5030
-4453
-1392
940
1844
3196
4980
5269
3464
2242
3849
6462
6993
5748
5413
6017
5625
4016
2969
2947
2427
687
-877
-607
282
-652
-3172
-4695
-4714
-5006
-5493
-4754
-3323
-3127
-3775
-3466
-1968
-465
135
286
773
1839
2649
2838
3169
3547
2938
1351
374
207
-172
-1034
-1872
-2250
-2601
-3559
-4395
-348
10081
18133
14284
3627
167
5369
9002
7185
7130
12021
14883
10002
2479
1546
6053
5975
-1989
-8084
-5426
-765
-2036
-6555
-8038
-8082
-11145
-16169
-17691
-13687
-8671
-7968
-10989
-12273
-10248
-8212
-7893
-7134
-4772
-2325
-612
483
1497
3192
5581
6442
4477
2414
3282
6050
7077
5519
3680
3386
3142
799
-1965
-1783
393
-140
-3714
-5456
-3289
-1033
-1575
-2662
-1731
93
525
260
1467
3760
4402
2774
1677
2892
4647
4829
4156
4088
4325
3845
2884
2469
2578
2096
589
-601
-371
235
-320
-1572
-2269
-2598
-3164
-3462
-2824
-1870
-1496
-1527
-1194
-380
135
71
191
982
1689
1673
1398
1385
1354
932
325
-277
-839
-1399
-1897
-2275
-2552
-2642
-2934
-4007
-4943
-1882
6604
14105
12761
4950
1153
4442
7792
6782
6120
9744
13070
10127
3629
1797
5708
7172
1249
-5468
-5328
-1504
-1613
-5448
-7021
-5919
-7265
-12391
-15949
-13751
-8999
-7619
-10077
-11410
-9478
-7301
-7136
-7073
-5257
-2935
-1679
-1377
-815
946
3677
5424
4655
2833
2526
3950
4958
4514
3810
4121
4430
2770
-34
-857
792
1329
-1001
-3151
-2381
-520
-419
-1364
-1104
130
301
-523
24
2494
4106
3042
1481
1924
3327
3528
3042
3408
4160
3745
2317
1651
2372
2877
1703
100
97
956
509
-904
-1328
-1022
-1582
-2668
-2747
-1837
-1146
-1224
-1614
-1445
-565
59
-145
-198
457
663
-89
-437
284
858
542
-53
-444
-708
-993
-1432
-2085
-2642
-3083
-3539
-3858
-4159
-4504
-2503
4250
11670
12236
5968
1691
3763
6934
6461
5479
8284
12142
11081
5436
2334
4967
7081
2734
-3625
-4383
-1191
-1032
-4489
-6323
-5388
-5981
-10122
-14012
-13296
-9302
-7196
-8681
-10112
-8974
-7378
-7354
-7358
-5617
-3124
-1424
-761
-479
461
2538
4519
4534
3038
2287
3207
4349
4263
3511
3610
4296
3348
463
-1311
-107
1303
-18
-2351
-2542
-1160
-885
-1639
-1275
415
1264
385
-128
1477
3683
4026
3014
2891
3725
3702
2787
2767
3880
4239
2918
1516
1675
2540
2114
449
-470
-19
237
-548
-1140
-811
-790
-1927
-3011
-2687
-1556
-1006
-1217
-1322
-961
-613
-552
-433
-83
144
23
-176
-152
10
95
-100
-655
-1316
-1723
-1897
-2152
-2516
-2833
-3122
-3389
-3415
-3531
-4343
-4784
-1622
5884
12417
11918
5908
2246
4237
7233
7154
6821
9756
12780
10541
4801
2581
5271
6393
1766
-3848
-4426
-1786
-1679
-4553
-6036
-5321
-6391
-10750
-14099
-12544
-8318
-6407
-7786
-9091
-8215
-6583
-5997
-5846
-4672
-2617
-1006
-595
-539
583
2849
4372
3466
1363
935
2762
4200
3447
2231
2787
3849
2574
-358
-1321
532
1655
-113
-2071
-1294
537
215
-1398
-1077
1077
1818
472
177
2548
4816
4275
2495
2413
3691
3832
2748
2621
3756
3915
2193
714
1154
2074
1386
-249
-756
-67
138
-516
-754
-338
-549
-1738
-2417
-1683
-691
-749
-1423
-1589
-1310
-1312
-1471
-1150
-621
-783
-1593
-1998
-1512
-884
-838
-1185
-1433
-1498
-1583
-1776
-1972
-2042
-2088
-2462
-3131
-3365
-2925
-2960
-3998
-3401
2256
10734
14652
10456
4052
2927
6086
7444
6285
7628
12021
13182
7994
2464
2808
5868
4347
-1514
-4513
-2176
-1
-2114
-5269
-5445
-4933
-7809
-12462
-13485
-9853
-6124
-5878
-7577
-8188
-7592
-7395
-7637
-6778
-4391
-1826
-581
-780
-1040
11
2087
3131
2073
683
1282
3306
4203
3502
3279
4243
4056
1418
-1006
-227
2183
2306
-64
-1501
-720
-282
-1574
-2254
-522
1473
1195
50
888
3184
3921
2714
2143
3206
3893
3160
2860
4165
5168
3948
1826
1243
2015
2065
981
434
1004
1164
7
-1033
-775
-499
-1697
-3313
-3354
-2175
-1721
-2360
-2702
-2245
-2112
-2801
-3099
-2107
-980
-1116
-1855
-1651
-724
-501
-1019
-1089
-579
-548
-1163
-1471
-1094
-830
-1231
-1946
-2478
-2669
-2556
-2620
-3304
-3261
717
8560
14171
11841
4774
1675
4579
7440
6897
7360
11681
14503
10305
3298
1844
5633
6338
937
-3686
-2230
817
-681
-4755
-5818
-4799
-6977
-12325
-14647
-11032
-6157
-5434
-8029
-9623
-9143
-8795
-9188
-8246
-5158
-1966
-682
-1043
-1277
-202
1829
3144
2630
1465
1816
3770
5065
4582
3847
4153
3933
1497
-1256
-974
1785
2803
556
-1676
-1385
-648
-1871
-3231
-1926
745
1297
-104
-48
2424
4252
3516
2397
3192
4630
4577
4052
5057
6470
5578
2781
1187
1811
2445
1549
386
239
249
-720
-1864
-1924
-1615
-2393
-3812
-4090
-3027
-2252
-2548
-2935
-2767
-2748
-3207
-3116
-1848
-659
-860
-1667
-1406
-243
260
-151
-268
162
5
-891
-1275
-785
-712
-1635
-2522
-2695
-2748
-2959
-3070
-3380
-3645
-851
6975
14781
14639
6809
1156
3397
8126
8975
8824
12666
16518
12845
4010
335
4391
7250
2769
-3053
-2587
1035
59
-5161
-7829
-6903
-8145
-13258
-16230
-12718
-6999
-5630
-8720
-11358
-11352
-10592
-10174
-8480
-4691
-910
585
-129
-1146
-713
1340
3355
3485
2423
2765
5158
6865
5882
3947
3497
3483
1572
-880
-261
3084
4247
1034
-2708
-3221
-2202
-2807
-3840
-2371
598
1495
218
132
2273
3730
2723
1683
3094
5485
6098
5405
5517
5937
4600
2126
1311
2585
3434
2382
866
307
-61
-1246
-2385
-2264
-1847
-2749
-4189
-4078
-2750
-2563
-3861
-4544
-3862
-3367
-3677
-3383
-1944
-974
-1552
-2427
-1984
-613
142
-99
-282
118
212
-614
-1461
-1418
-1083
-1422
-2089
-2016
-1358
-1806
-4040
-4611
2066
14198
20488
13695
2425
143
6289
10389
10022
12171
17611
17538
8232
-787
269
6866
6887
-764
-5053
-1464
1205
-3260
-8951
-9651
-9254
-12832
-17036
-15509
-8909
-4425
-6767
-12619
-15303
-13403
-10516
-8255
-4964
-987
1012
392
-1143
-1580
400
4012
5682
4116
3215
5821
8650
7506
3959
2017
2245
1883
216
18
2717
4467
874
-5069
-6817
-4159
-2600
-3366
-2613
131
1034
-1020
-2182
-56
3038
3713
2776
3691
6557
7848
6394
5445
6146
5819
3781
3301
5260
6116
3844
612
-823
-851
-1040
-1702
-1679
-1043
-1885
-4505
-6130
-5059
-4010
-4869
-5569
-4403
-3231
-3704
-4222
-3734
-2973
-2994
-3140
-2365
-598
875
433
-600
-550
232
-183
-956
-443
150
-427
-1806
-1871
-1333
-1712
-3210
-783
10333
22170
20900
6267
-2554
3388
12291
13100
12093
16791
19264
11510
-802
-3546
3882
8700
2812
-5188
-3969
625
-1920
-10078
-13220
-11816
-13001
-16315
-15576
-9348
-4774
-6635
-13736
-18289
-16022
-9985
-5130
-2471
-122
576
-261
-1587
-1693
274
4546
8310
7255
4276
4744
8172
7556
2425
-889
628
3078
2342
842
1240
1850
-1953
-8122
-9530
-4748
-488
-1366
-3062
-2387
-1738
-3160
-3018
692
4418
5317
5119
6709
8681
8734
6852
5683
6420
7495
7573
7293
7447
5972
2032
-1593
-1734
-137
-124
-1285
-1763
-2168
-4495
-6972
-6957
-5145
-4825
-6191
-6186
-4306
-3230
-4701
-5898
-4862
-2966
-2283
-1964
-353
1039
619
-1016
-878
996
2258
1595
333
166
-87
-995
-2394
-2227
-1114
-1613
-3980
-1789
11173
24538
21726
3424
-7140
1519
14719
17318
14581
17082
18217
9068
-3994
-4899
6109
12044
4082
-6134
-4752
1020
-1711
-11311
-15600
-13451
-12762
-14302
-12847
-7282
-5085
-10368
-19007
-21349
-14251
-4588
237
-516
-2228
-3288
-3134
-2076
-28
3412
7570
9534
6731
3712
4966
7640
5227
-359
-1552
2607
5900
3874
-1
-2164
-3701
-7111
-9385
-6018
-255
670
-3744
-6388
-4955
-3249
-2603
-45
4082
5615
4714
5216
7998
9276
7791
6457
7601
9816
10301
8843
6843
4893
2207
-113
228
2503
2510
-1230
-4753
-5289
-4865
-5742
-6124
-4723
-3976
-5793
-7674
-6727
-4547
-4239
-5542
-5223
-2633
-246
18
-578
-502
-316
-555
-34
2328
4125
3228
489
-1084
-1115
-991
-1333
-2030
-1968
-2215
-3811
-4613
3900
19987
25543
10049
-8252
-4765
12885
21500
16768
14145
16326
12052
422
-4752
4399
13605
8452
-5188
-8218
-126
1700
-8170
-17088
-15879
-12438
-12110
-11991
-8916
-7446
-12126
-19593
-22056
-14403
-3476
1684
-1079
-5143
-5846
-3475
242
2573
4066
6090
8616
7927
5265
5497
7465
5556
-86
-1373
3310
7460
4823
-1883
-6275
-6902
-6735
-6955
-4387
-735
-1567
-7055
-9646
-6143
-1920
-896
-600
2221
5457
6158
6041
8776
11822
9760
5683
7728
13679
14025
8903
5714
4580
1676
-13
2214
3839
1009
-3525
-6453
-6703
-4616
-3578
-5643
-7259
-5785
-5319
-7286
-6811
-3921
-4123
-6483
-5105
-918
696
-73
-567
-475
-64
1130
2627
3450
4008
2390
-531
-1401
714
1015
-1972
-3206
-3061
-3378
-4989
-5299
-5145
890
15722
24355
12864
-6988
-6453
11154
22097
17569
13192
16140
14682
4885
-3099
3326
12942
10110
-3299
-7645
1087
3408
-7591
-18969
-17466
-11958
-10313
-11023
-10083
-9496
-14069
-20334
-22219
-13859
-2858
1411
-2533
-6873
-5950
-2277
1765
3027
3841
5955
9195
9212
6226
5549
6316
4679
337
592
5385
7953
3211
-4712
-8193
-7008
-5015
-5018
-3858
-2565
-4518
-8935
-9655
-4927
-1128
-950
-1125
2487
6125
6036
4514
6327
10055
10368
9597
12143
15293
12062
5818
4181
6106
5882
3731
3185
1993
-1745
-5800
-6641
-4870
-3420
-4462
-6957
-7128
-5528
-5776
-7869
-6994
-3875
-3028
-3811
-2448
-144
-866
-2663
-2098
1090
3584
3871
2520
1487
1418
609
33
882
2322
613
-2483
-3543
-2879
-3313
-5662
-6293
-5634
-5469
-5844
2693
19804
25748
7805
-13060
-6126
17653
27776
18789
12938
15150
11814
1681
-1430
8711
15309
7043
-6950
-7248
2461
2121
-11319
-21632
-18269
-11564
-8561
-8866
-9873
-13368
-19128
-22306
-18886
-7597
2108
2442
-5342
-10023
-6366
1006
5891
5485
4669
6522
9790
8888
5632
5134
5842
3471
-40
2524
7704
6933
-1847
-9607
-9641
-5334
-2723
-3361
-3670
-4539
-7595
-10488
-8113
-2354
156
-782
-556
2677
4926
5166
5266
6996
9616
11307
12572
14713
16230
12107
5179
3956
8347
8733
4030
1975
1165
-4090
-9191
-6714
-2666
-4317
-7857
-8149
-7174
-6992
-6565
-6687
-6315
-3887
-1567
-2279
-2802
-1281
-1710
-3369
-1144
3899
4622
2094
862
787
79
453
2680
3169
1914
-390
-2030
-2943
-2899
-3790
-5593
-5093
-4582
-5080
-6177
-5623
-5707
475
17006
26255
12017
-9712
-5524
16880
27515
18768
12107
15040
13880
5305
-61
7302
13353
6475
-6522
-6854
2979
2047
-11789
-22567
-18653
-11009
-7583
-9015
-12004
-15197
-18656
-19349
-16204
-7086
268
62
-6152
-8962
-3948
3065
6368
3795
2751
6352
11183
10322
5837
4144
4198
3264
1907
4831
7681
4575
-3996
-9693
-7525
-3001
-1746
-4252
-5677
-6656
-8178
-8661
-6058
-2562
-1771
-1518
506
4179
5335
4079
4123
7624
11574
12594
12998
13600
12245
8143
6682
9014
9728
6051
1943
1008
190
-2375
-5207
-5613
-4986
-5553
-7120
-7856
-7128
-7117
-7757
-7389
-4882
-2706
-2545
-3364
-3553
-2702
-1457
350
1731
1984
1173
871
1382
1998
2134
1969
1776
1144
321
-495
-725
-1679
-3155
-4393
-4182
-3734
-4161
-5041
-6459
-6322
-5482
-5143
-4581
6086
23563
25628
4306
-12783
1073
25108
29399
16633
11764
15285
12439
3497
1510
9620
11434
1396
-8280
-3491
3904
-3322
-19254
-25205
-16471
-7560
-5991
-10938
-16165
-19340
-19968
-17898
-12438
-3619
758
-2334
-7983
-6756
439
5950
5663
3002
5368
11435
14410
9747
3982
2657
3808
4228
4977
7390
6175
-739
-8592
-9648
-4951
-1864
-3747
-7026
-7533
-7348
-7950
-8055
-5854
-3464
-2276
-387
3088
5909
5173
3136
3630
7819
12794
15633
15611
13228
10203
8396
9212
11038
10640
6546
1749
-130
-706
-3288
-6729
-7326
-6330
-6992
-8384
-8273
-8117
-9534
-9907
-7325
-3663
-1845
-2228
-3594
-4134
-2649
-232
1456
2027
2324
1988
1366
1323
1945
2219
1900
2098
2198
1833
491
-919
-2412
-2988
-2362
-2282
-3051
-4632
-5354
-6563
-6430
-5391
-4261
-3602
-4091
-4679
-1477
13970
28070
20811
-3230
-9202
12956
31607
26844
12909
11271
12963
8828
2719
4943
10134
5455
-5402
-9701
-1826
148
-11248
-24712
-24505
-13727
-6410
-7287
-14781
-19691
-19997
-16019
-11879
-6560
-338
864
-2793
-5886
-886
6170
8507
5110
3797
9153
14325
12624
4578
215
984
3353
4167
4569
3762
-1642
-8343
-11250
-7401
-3013
-2765
-5869
-7558
-6090
-4832
-4570
-4569
-2505
263
3305
6304
8417
8402
5866
4633
6978
11996
14613
13392
10575
7729
4972
3440
5429
7295
4900
-355
-2973
-2896
-4053
-6512
-7709
-6727
-5794
-5448
-5699
-6273
-7064
-7118
-5256
-1962
1013
1457
97
-1149
-779
779
2565
3539
2805
1356
455
589
329
-592
-1375
-1413
-1073
-1426
-2128
-3146
-3921
-4615
-4522
-3494
-2482
-2102
-3134
-3835
-3773
-2558
-1777
-1161
-286
-478
-643
-934
-856
572
11936
27790
26823
4462
-10628
4504
25859
25967
10968
5747
9218
6923
-902
-3895
366
-464
-7416
-11126
-4459
24
-8756
-21786
-23902
-12670
-1728
1039
-4940
-11201
-11788
-7662
-3587
-1159
3065
5848
4451
480
887
5106
5988
1286
-2685
1581
8135
7432
-1714
-9041
-8989
-5763
-3738
-3104
-2356
-4148
-8046
-10463
-8011
-3275
-1181
-1728
-1490
1861
4923
5005
2860
2181
4735
8818
11941
12133
10088
6791
4103
3597
5613
7481
6077
2693
427
4
-610
-1302
-1273
-1257
-1572
-1023
326
-228
-2973
-4718
-2927
540
1904
134
-2299
-2900
-2320
-1673
-668
726
846
-527
-1174
-334
327
-418
-1243
-1047
-189
4
-1165
-2985
-4304
-4276
-3421
-2184
-1543
-2100
-3510
-4165
-2984
-1317
-279
-88
324
338
-35
-66
326
490
-119
-65
58
17
-1105
-2610
-3409
-3634
-4080
-2360
8737
23010
22022
1680
-11875
737
21369
24032
11883
6076
8629
8055
1817
-1172
1143
793
-4177
-6360
-1036
2048
-5991
-18943
-22238
-12215
-112
2946
-3906
-11201
-11864
-7364
-3705
-1917
996
3750
3163
387
793
3751
3368
-1740
-4567
401
7354
6924
-1567
-9017
-9545
-5837
-2835
-1655
-1456
-3100
-6242
-8081
-6054
-2256
-593
-1271
-803
2555
5546
4955
1887
517
2659
6611
9744
10495
8788
5342
2192
1345
3099
5023
4649
2470
735
164
-684
-2093
-2724
-1735
89
1936
3330
2900
-68
-2948
-1665
2861
5064
2797
137
-24
-155
-1770
-2332
-740
164
-734
-1078
-341
-840
-3063
-4288
-2905
-393
689
-731
-3330
-4834
-4365
-3277
-2791
-2676
-2471
-2418
-2683
-2575
-1942
-1294
-1031
-589
591
1797
1890
488
-823
-774
363
1082
727
108
-518
-1170
-2251
-2685
-2258
-2233
-3569
-3048
4522
15097
17589
7446
-2787
-208
11380
18172
14936
9454
6919
5895
3288
1123
633
-476
-3262
-4910
-2406
-53
-3263
-11458
-16358
-12543
-3891
1343
-714
-5549
-8004
-6831
-4430
-1783
1029
2513
1701
58
426
1713
938
-2247
-3995
-1481
2642
3510
-634
-6021
-8589
-7507
-4815
-2422
-1349
-2281
-4294
-5433
-4300
-2049
-671
-619
-127
2411
5411
5724
2955
773
1885
4944
7237
7845
6944
4513
1614
380
1681
3486
3280
1483
639
1326
1494
233
-1243
-1689
342
5737
10221
7602
258
-2968
-395
2287
3593
4576
2331
-3019
-4637
-1682
-1641
-5081
-5144
-1951
-879
-984
-247
-2132
-6500
-6515
-1374
1834
675
-1456
-3427
-5283
-4678
-2000
-1092
-1977
-1438
-7
-158
-835
-657
-877
-1176
653
3401
3619
1539
-204
-1052
-1315
-359
1038
789
-694
-1345
-1186
-1563
-2245
-2194
-1747
-1667
-1700
-412
3052
6662
6873
3840
2775
6418
10655
10835
8291
6922
7035
6588
5075
3531
2156
432
-1383
-2196
-1750
-1795
-3975
-7106
-8054
-5979
-3534
-3251
-4593
-5343
-4698
-3639
-3062
-2684
-2036
-1402
-1132
-834
-137
227
-691
-2334
-2895
-1679
-311
-678
-2473
-3790
-3838
-3554
-3594
-3437
-2771
-2261
-2214
-1935
-924
111
339
165
761
2459
4097
4398
3562
3020
3477
4148
4213
4006
4067
3951
3099
2015
1564
1631
1366
612
171
540
1066
851
61
-347
8
563
863
1041
1249
1349
1297
1203
1103
891
692
1122
2315
2906
1560
-661
-1651
-1402
-1293
-1326
-1062
-1503
-2839
-3140
-1987
-1754
-3053
-3283
-1503
19
183
121
-170
-1421
-2318
-1388
12
0
-742
-879
-818
-1145
-1319
-1231
-1471
-1657
-901
198
247
-711
-1520
-1658
-1265
-399
499
508
-329
-717
-90
500
181
-399
-372
20
227
405
612
185
-907
-1022
1212
4337
5410
3954
2823
3964
5559
5207
3883
3996
5072
4800
3278
2590
2750
1743
-492
-1550
-465
774
299
-1214
-2070
-1917
-1791
-2392
-3194
-3364
-2975
-2820
-2999
-2839
-2330
-2479
-3580
-4284
-3516
-2174
-1816
-2348
-2472
-1877
-1488
-1707
-1868
-1593
-1341
-1375
-1193
-487
141
1
-669
-1040
-762
-268
-128
-300
-310
18
320
314
318
701
1198
1357
1361
1718
2297
2498
2338
2413
2794
2872
2455
2150
2341
2564
2340
1906
1741
1758
1557
1125
770
632
552
451
455
627
760
620
214
-208
-411
-311
-13
223
179
-149
-498
-617
-480
-282
-214
-322
-473
-486
-336
-238
-404
-772
-1123
-1305
-1340
-1369
-1538
-1798
-1943
-1853
-1688
-1671
-1831
-2050
-2161
-2006
-1543
-1038
-823
-916
-1011
-910
-658
-366
-125
-18
-15
110
406
584
375
13
-53
184
358
341
355
448
389
188
261
742
1140
1039
775
929
1419
1711
1708
1812
2170
2490
2586
2592
2616
2603
2623
2811
3056
3056
2766
2372
1959
1528
1199
1085
962
561
-80
-670
-1086
-1430
-1764
-1998
-2134
-2232
-2314
-2391
-2516
-2723
-2894
-2873
-2640
-2360
-2199
-2227
-2441
-2704
-2771
-2503
-2048
-1764
-1837
-2059
-2107
-1935
-1741
-1629
-1475
-1212
-1027
-1019
-968
-684
-349
-254
-237
114
772
1268
1344
1331
1626
2085
2337
2412
2638
3039
3236
3011
2689
2659
2845
2877
2660
2415
2288
2139
1793
1396
1187
1118
930
589
379
423
400
18
-466
-571
-267
-32
-181
-483
-590
-528
-572
-790
-954
-955
-964
-1125
-1351
-1514
-1658
-1915
-2181
-2191
-1977
-1871
-2073
-2329
-2292
-1984
-1711
-1602
-1493
-1229
-897
-653
-497
-329
-145
15
164
357
557
677
700
702
748
787
780
782
905
1218
1631
1927
1944
1784
1760
2086
2629
3029
3086
2933
2812
2832
2939
3020
2950
2634
2147
1758
1634
1574
1195
453
-266
-633
-789
-1081
-1610
-2188
-2610
-2860
-3001
-3094
-3209
-3431
-3721
-3875
-3742
-3456
-3312
-3401
-3481
-3300
-2924
-2637
-2585
-2577
-2404
-2104
-1839
-1669
-1514
-1327
-1169
-1007
-724
-328
-7
110
178
476
997
1444
1634
1752
2079
2561
2887
2927
2913
3081
3345
3488
3511
3561
3601
3453
3138
2933
2944
2923
2662
2348
2267
2277
1993
1384
908
882
1022
858
373
-47
-175
-189
-317
-527
-722
-972
-1302
-1494
-1361
-1170
-1348
-1854
-2214
-2158
-2004
-2151
-2520
-2702
-2513
-2212
-2164
-2414
-2670
-2686
-2456
-2106
-1746
-1462
-1374
-1449
-1421
-1086
-571
-264
-299
-364
-134
275
445
257
53
182
529
749
727
613
530
457
449
643
983
1139
939
650
659
967
1191
1142
1063
1201
1473
1599
1524
1437
1455
1533
1672
1917
2150
2118
1776
1451
1460
1693
1789
1609
1351
1189
1038
787
510
339
262
158
6
-129
-301
-614
-988
-1190
-1123
-1005
-1076
-1338
-1613
-1802
-1929
-2019
-2022
-1948
-1919
-2003
-2181
-2346
-2414
-2366
-2221
-2022
-1869
-1841
-1916
-1971
-1859
-1582
-1258
-1015
-874
-759
-601
-404
-235
-97
90
383
707
946
1040
1033
1034
1135
1357
1645
1847
1856
1742
1679
1763
1897
1923
1829
1753
1784
1843
1821
1679
1482
1333
1270
1261
1246
1136
895
620
446
409
390
270
52
-164
-285
-342
-398
-496
-620
-723
-770
-782
-799
-852
-937
-1000
-1011
-979
-944
-944
-999
-1079
-1147
-1161
-1112
-1045
-1034
-1088
-1140
-1149
-1112
-1051
-970
-875
-798
-731
-654
-538
-405
-288
-172
-14
195
405
570
693
813
965
1138
1332
1521
1669
1771
1837
1901
1981
2052
2069
2047
2007
1964
1894
1795
1691
1565
1411
1236
1045
846
653
463
267
62
-166
-402
-631
-865
-1108
-1332
-1516
-1676
-1841
-2032
-2246
-2453
-2613
-2700
-2745
-2790
-2848
-2912
-2929
-2894
-2819
-2712
-2579
-2414
-2219
-1986
-1746
-1511
-1279
-1012
-688
-335
10
299
541
766
1004
1261
1506
1715
1880
2001
2098
2181
2238
2264
2271
2274
2273
2238
2164
2084
2016
1956
1879
1795
1706
1620
1546
1467
1365
1235
1104
1001
920
828
695
523
343
190
69
-46
-190
-369
-554
-704
-815
-904
-1010
-1141
-1253
-1322
-1345
-1348
-1360
-1390
-1405
-1377
-1305
-1220
-1151
-1097
-1047
-971
-870
-775
-695
-648
-605
-554
-486
-413
-374
-367
-366
-333
-281
-236
-205
-180
-154
-99
-8
74
130
178
249
344
453
554
645
706
763
850
949
1038
1105
1153
1195
1241
1279
1303
1301
1279
1250
1216
1173
1108
1027
923
801
679
560
433
289
126
-39
-200
-354
-509
-659
-813
-961
-1096
-1214
-1329
-1437
-1526
-1603
-1669
-1712
-1732
-1739
-1738
-1727
-1692
-1634
-1557
-1471
-1376
-1274
-1162
-1038
-901
-758
-621
-483
-342
-209
-71
61
177
291
402
511
609
705
791
868
938
1002
1073
1137
1187
1242
1287
1330
1361
1379
1390
1396
1400
1389
1357
1313
1263
1211
1144
1059
974
878
775
668
550
434
321
202
84
-31
-125
-215
-303
-383
-448
-497
-536
-568
-590
-590
-588
-581
-574
-561
-538
-516
-501
-490
-479
-468
-468
-473
-487
-504
-523
-541
-556
-575
-597
-609
-618
-624
-616
-605
-583
-551
-507
-459
-408
-351
-290
-216
-138
-58
17
87
155
226
298
358
408
463
517
563
595
621
649
681
708
728
732
726
712
685
659
633
609
552
491
439
386
316
242
170
102
31
-38
-100
-180
-259
-330
-398
-463
-526
-575
-619
-673
-713
-746
-772
-791
-814
-823
-818
-819
-814
-792
-767
-746
-727
-705
-661
-609
-566
-527
-480
-429
-373
-314
-252
-188
-121
-57
16
97
170
243
317
394
465
531
594
646
699
747
788
818
839
860
877
879
864
854
840
818
790
760
727
697
651
603
567
526
485
438
390
352
308
259
217
177
142
100
62
26
-11
-54
-95
-133
-167
-196
-238
-286
-330
-373
-409
-447
-488
-525
-560
-588
-611
-629
-648
-660
-672
-680
-665
-649
-637
-628
-608
-580
-541
-506
-472
-431
-390
-347
-300
-255
-208
-156
-114
-72
-27
21
65
101
137
171
207
248
281
306
327
341
362
386
401
413
425
424
427
431
432
432
419
398
387
373
354
336
300
266
235
208
179
140
102
66
33
-2
-37
-63
-93
-118
-143
-169
-186
-206
-219
-235
-250
-256
-265
-272
-274
-280
-278
-272
-274
-270
-262
-253
-243
-233
-218
-204
-186
-169
-145
-122
-97
-67
-43
-19
7
37
67
90
116
138
158
181
200
217
232
247
254
262
270
266
269
267
261
256
249
240
228
211
200
187
167
150
133
110
87
72
49
29
8
-14
-36
-56
-74
-91
-105
-122
-136
-145
-148
-157
-166
-169
-183
-187
-186
-194
-193
-194
-193
-190
-193
-192
-187
-185
-181
-174
-169
-158
-147
-133
-123
-111
-98
-86
-71
-56
-41
-25
-12
1
24
39
61
72
86
105
118
132
139
149
161
169
174
172
171
175
170
161
154
152
147
142
130
118
113
100
82
74
64
56
46
33
21
13
4
-6
-16
-27
-30
-36
-42
-50
-50
-50
-54
-59
-65
-73
-75
-75
-81
-84
-85
-89
-87
-85
-91
-91
-86
-83
-76
-66
-61
-62
-60
-55
-42
-34
-31
-30
-25
-14
-10
-5
4
8
10
18
19
23
27
30
36
40
43
46
40
43
47
50
54
57
60
56
53
50
46
45
48
48
41
40
39
35
27
22
27
28
25
18
14
9
4
-1
2
-3
-7
-9
-16
-18
-22
-22
-23
-28
-33
-43
-47
-48
-52
-58
-61
-63
-61
-57
-59
-66
-61
-53
-49
-44
-38
-30
-26
-25
-23
-13
-4
-1
5
12
17
16
21
25
29
35
38
44
47
47
45
45
49
55
56
59
61
60
57
58
57
58
54
50
49
45
42
34
27
22
16
12
5
-2
-12
-15
-18
-24
-25
-28
-30
-36
-43
-49
-49
-50
-50
-48
-49
-51
-49
-51
-51
-51
-50
-45
-43
-41
-37
-36
-36
-34
-32
-28
-29
-23
-20
-20
-15
-10
-5
0
0
5
11
17
19
20
25
33
39
44
47
50
52
47
53
59
57
61
61
60
62
59
53
52
50
49
46
43
33
31
29
24
17
13
16
13
1
-5
-12
-13
-12
-19
-23
-25
-26
-31
-40
-40
-40
-44
-51
-50
-51
-53
-54
-57
-56
-55
-56
-56
-53
-54
-49
-50
-45
-41
-36
-30
-29
-26
-23
-15
-7
-3
-4
-3
5
14
19
20
18
19
24
28
28
33
33
29
29
32
32
30
36
40
43
41
38
40
35
29
25
30
31
26
27
30
28
23
21
20
15
17
18
13
4
0
0
-2
-6
-4
-5
-14
-16
-16
-16
-14
-17
-21
-21
-22
-23
-21
-21
-24
-18
-18
-20
-20
-19
-17
-15
-13
-11
-9
-8
-4
-10
-12
-12
-12
-7
-2
-1
-2
-3
-6
-7
-8
-7
-2
6
5
12
13
11
18
14
16
28
25
22
25
24
21
17
17
14
8
7
6
5
5
-1
1
3
-2
-7
-6
-8
-8
-9
-9
-10
-13
-9
-9
-10
-8
-8
-9
-11
-13
-13
-15
-16
-15
-17
-16
-22
-19
-18
-22
-24
-19
-19
-16
-15
-13
-8
-5
-4
-3
0
3
8
10
14
17
17
16
23
26
28
27
25
26
27
25
22
25
20
21
21
18
21
23
19
17
14
14
13
11
6
5
9
6
7
2
0
1
-5
-3
-5
-8
-5
-8
-11
-15
-10
-14
-21
-20
-21
-23
-26
-23
-25
-26
-23
-29
-27
-24
-25
-20
-19
-21
-17
-14
-11
-13
-12
-7
-7
-4
-2
-2
1
-1
0
2
5
4
5
6
7
14
14
18
16
16
20
22
23
25
25
25
23
25
24
23
25
22
22
24
23
19
15
13
16
14
11
11
3
5
-1
-2
-6
-11
-13
-14
-14
-13
-14
-13
-22
-26
-25
-25
-27
-28
-25
-28
-28
-29
-30
-30
-24
-26
-23
-21
-18
-14
-14
-10
-6
-4
-5
-2
3
6
7
8
9
9
12
15
16
15
17
18
17
17
21
20
16
16
19
18
14
19
19
19
17
15
13
15
15
10
15
9
7
5
5
4
4
1
-3
-5
-8
-9
-10
-11
-16
-14
-13
-15
-13
-13
-12
-14
-16
-15
-13
-14
-12
-11
-13
-7
-8
-12
-8
-4
-3
-5
-7
-5
-2
-4
-2
-2
-4
0
2
-2
-3
1
0
1
3
8
11
10
12
11
12
11
13
15
10
13
16
11
12
14
11
9
7
8
6
4
0
2
4
2
3
0
-2
-5
-9
-10
-8
-9
-11
-7
-6
-5
-5
-5
-6
-6
-9
-5
-5
-8
-7
-8
-9
-4
-7
-9
-10
-12
-8
-9
-5
-7
-8
-5
-3
-1
0
-1
0
2
1
-1
-1
-1
4
0
5
9
6
6
8
12
9
10
14
12
7
8
12
7
10
6
6
7
8
6
2
-1
3
2
0
4
0
3
3
2
1
1
1
-2
-2
-2
0
-2
-6
-8
-4
-5
-9
-9
-6
-4
-2
-4
-6
-4
-3
-5
-3
-9
-4
4
0
1
0
4
5
4
0
-1
4
3
5
2
-1
-1
1
1
-1
-3
-2
-4
-1
1
-2
-3
-1
-2
-3
-4
-3
-3
-2
2
1
1
1
2
0
-3
1
0
2
4
3
5
5
5
3
0
0
1
2
4
3
3
3
3
3
0
1
2
1
-1
-5
-6
-1
-3
-4
-4
-4
-4
-2
-4
-2
-2
-4
-2
-5
-6
-3
-2
-3
-3
-2
-1
-3
-6
-5
-3
-1
-3
-4
-3
-2
0
1
2
1
-1
2
4
4
4
3
4
8
6
3
0
3
6
6
7
9
12
11
9
8
5
6
7
7
4
4
3
1
4
-1
-1
3
1
-3
-2
4
1
-2
-4
-8
-5
-4
-6
-7
-5
-8
-9
-8
-3
-8
-8
-8
-10
-7
-5
-5
-2
1
0
-8
-9
-4
-2
-3
-2
-2
0
2
4
4
4
7
3
3
3
6
5
5
7
4
0
0
3
3
5
5
6
9
6
9
8
8
7
7
5
4
4
3
2
-1
-3
0
-1
-4
-2
-2
-3
-4
-7
-11
-10
-8
-6
-7
-10
-10
-9
-7
-6
-9
-7
-3
0
-5
-3
-4
-9
-5
-3
-3
0
0
3
-1
1
1
1
3
4
3
3
2
-1
4
2
0
3
2
3
0
-2
-1
-1
2
4
7
7
11
13
9
7
5
2
6
7
9
8
7
5
9
8
4
5
4
0
-2
-2
-6
-5
-5
1
2
-3
-4
-5
-2
0
-2
-3
0
2
0
0
0
2
1
-1
-4
-3
4
1
-2
-2
0
0
-4
-2
-8
-10
-5
-7
-6
-6
-6
-6
-4
-1
-2
0
0
-2
-2
0
0
0
3
1
1
3
2
0
0
4
6
6
1
2
-1
1
2
1
2
1
1
-1
-2
-4
-4
-3
-3
-2
-1
-2
-2
2
2
4
2
1
-3
1
0
0
1
-2
-2
-4
-3
-6
-3
0
0
-1
3
-1
0
2
1
1
-1
1
2
-2
1
-1
-6
0
5
2
3
8
6
2
4
2
2
4
3
1
-1
1
1
-1
-3
-1
-2
0
0
2
3
-3
-2
-2
-1
-3
1
4
-2
3
2
5
1
3
1
2
3
0
6
6
6
-1
-1
-2
-2
0
-1
0
0
-1
-2
-1
-1
-5
-6
-4
-5
-5
-6
-5
-6
-7
-6
-10
-7
-4
0
-4
-1
-3
-1
2
-1
-1
1
1
-1
1
-1
-2
-1
3
0
1
5
5
6
7
5
3
2
2
3
3
4
3
0
3
4
1
-1
2
2
0
3
5
6
5
4
0
2
5
1
3
1
-5
-4
-2
-3
-3
-2
-4
-5
-6
-4
-3
-5
-8
-8
-7
-7
-8
-6
-5
-5
-6
-5
-4
-5
-3
-2
1
1
0
2
1
-1
-1
0
1
0
2
0
-1
1
2
3
4
4
0
4
7
7
3
4
7
5
4
4
4
5
6
5
4
1
4
3
-2
-1
-2
1
5
2
0
2
0
-2
1
5
1
0
-2
-5
-5
-1
-4
-5
-3
-5
-3
-6
-7
-8
-7
-3
-1
-4
-6
-4
-3
-3
-5
-1
1
2
4
1
-1
-3
-1
5
4
3
3
7
2
3
4
6
8
5
2
1
2
0
1
0
-1
-3
-3
-3
-2
-2
-3
-1
-1
1
0
0
2
3
-1
1
2
5
4
0
2
3
-6
-3
-3
-3
-3
-7
-5
-4
0
-2
2
3
1
2
-1
-1
0
-1
-5
-2
-1
3
-1
1
0
1
1
-1
2
3
2
-2
1
1
-2
-4
-2
-2
-2
-6
-3
0
-1
2
1
-2
0
-2
0
2
1
0
-1
4
2
2
1
1
3
4
5
2
4
3
2
6
4
0
1
-1
2
3
-3
1
1
-5
-2
2
-1
0
1
2
-1
-2
1
-5
-3
2
4
3
2
2
2
2
-4
-4
-1
-1
4
5
0
-3
-1
2
2
0
1
4
0
-2
-2
-2
-1
-3
-3
-3
-3
0
-3
-3
-3
0
0
-2
-2
2
0
1
3
-1
1
-1
-2
-4
-3
-3
-3
-1
-4
-3
-3
-4
-4
-5
-2
-5
-4
1
1
1
3
4
3
7
5
5
8
8
7
4
1
1
1
3
14
30
32
12
-5
-3
0
-4
-10
-12
-7
-4
-3
-3
-12
-15
-11
-9
-16
-23
-17
-4
0
-10
-6
4
3
-1
-4
-3
-2
-4
0
7
14
12
14
16
10
9
8
5
-4
-6
1
8
2
2
5
10
4
-2
0
-1
-3
-2
0
-3
2
3
0
-3
-5
-6
-5
-5
-4
-1
-1
-1
-3
-1
-2
-4
-3
-5
-7
-4
-3
-3
-5
-5
1
1
5
5
2
1
4
3
-4
3
6
0
-2
6
6
4
6
5
5
0
4
-1
1
3
2
1
-2
-1
1
-1
2
1
0
1
1
4
2
2
1
0
-2
1
-3
-2
-6
-5
-5
-4
-3
-2
-1
-1
0
-4
-2
-1
-1
-3
-2
-1
0
-2
-2
-3
-2
0
-1
1
0
2
3
0
3
2
1
-1
0
-1
0
1
-2
-3
1
-1
-1
-1
-5
-5
-6
-3
-1
2
1
-1
-1
1
-1
0
3
1
0
4
3
3
