SAMPLES:	6626
BITSPERSAMPLE:	16
CHANNELS:	1
SAMPLERATE:	16000
NORMALIZED:	FALSE
4
2
1
2
3
2
-3
-2
-1
2
-2
-3
0
-3
-1
3
4
2
0
-2
-2
-3
-3
-1
-2
-3
2
1
-2
-4
-2
0
1
4
2
0
-2
2
2
2
2
4
-1
3
3
1
1
-1
3
1
4
3
4
3
1
-1
0
-1
0
2
1
-1
0
0
1
1
3
1
3
2
-4
-4
1
1
-1
-1
-4
2
-1
-2
0
-1
-2
0
1
0
-1
0
2
-3
-2
-1
-2
-4
-2
0
-3
-5
-2
-2
-2
1
3
2
1
1
4
3
2
2
0
1
1
2
2
-1
-2
-2
0
-2
-2
0
-1
-2
-3
-2
-4
-3
1
0
1
1
0
-4
-4
-2
-3
-3
-2
-1
-2
-2
2
0
-1
2
5
2
3
5
3
2
5
2
1
3
-1
5
-1
0
3
-2
1
0
1
1
-1
-3
1
3
2
3
1
2
3
1
3
1
-1
0
-2
0
3
-3
-2
-2
-2
-2
-3
0
1
2
-1
-1
-1
1
2
3
5
1
0
-3
-2
-1
-2
-1
0
0
-2
-1
2
0
-3
-2
-2
-4
-1
-1
-5
-2
-1
-2
-3
-3
0
3
-1
2
-1
-2
1
-1
-1
1
-2
-4
-5
-6
1
0
-2
-1
0
2
6
5
1
5
3
3
3
3
3
2
2
3
2
3
4
1
3
3
1
2
2
3
0
-1
1
2
-2
-3
2
5
1
-2
1
3
-3
-5
-4
-6
-8
-6
-5
-5
-3
-5
-1
-1
-1
2
0
1
-1
1
3
2
-1
-1
-3
-3
2
0
1
1
-1
-2
-2
2
-2
2
2
2
0
0
2
1
2
0
3
1
1
0
-1
2
3
5
0
0
-1
-1
3
-1
-2
-4
-4
-2
0
-1
-4
-4
-4
-4
-3
0
-5
1
0
2
0
4
5
6
4
2
3
0
3
3
3
3
3
0
-4
1
4
2
2
3
4
4
5
6
4
0
-4
-5
-3
-4
-3
1
0
0
-2
-2
-1
-4
-3
-1
-4
-4
-1
-4
-3
0
-2
-1
-2
-5
-1
1
-1
-1
0
-1
0
-1
-3
0
2
2
2
1
2
2
1
0
1
-1
1
0
2
4
0
1
1
1
3
0
1
1
1
0
-2
-6
-2
-2
0
-1
-1
-3
-2
0
2
3
2
1
-2
2
-2
-3
-2
-1
2
-2
1
2
1
0
1
0
-1
1
2
2
-1
1
1
4
1
0
1
1
4
3
4
2
1
-1
-4
-3
3
3
2
-1
2
0
2
0
3
3
-2
-1
1
2
-1
-4
-4
-2
-3
-4
-2
-2
-3
-1
0
1
3
1
-2
4
0
0
3
0
-1
7
-10
1
-1
2
-3
8
3
-6
-14
-12
-16
-2
-11
33
246
3
-14
91
41
2
38
48
9
42
723
770
-100
9
77
-214
-62
159
-121
-179
-13
30
-73
-30
-57
-193
-188
-216
-324
-455
-419
-356
-345
-311
-220
-133
-135
-164
-114
-13
7
40
143
156
60
-21
-86
-87
183
392
403
432
451
341
181
174
240
153
165
339
196
-14
-71
-204
-326
-321
-270
-211
-139
-92
-38
-131
-316
-256
-168
-225
-197
-105
-48
-63
-54
118
132
-70
-69
135
234
168
176
305
404
496
495
288
225
223
65
5
42
-126
-343
-277
-211
-307
-333
-245
-221
-163
-98
-90
7
90
165
325
373
447
581
307
68
307
510
343
93
-142
-435
-327
-46
-74
-166
-204
-320
-520
-418
-336
-724
-830
-554
-124
107
-273
-778
-697
-447
-872
-1167
-960
-964
-713
264
461
-232
-181
61
-87
276
746
119
-146
914
1102
733
845
394
108
368
277
6
-300
-613
-164
652
565
790
1357
1059
447
598
1331
1203
281
176
746
384
-490
-1105
-1459
-1099
-132
613
545
600
673
741
964
553
459
989
662
41
286
-85
-1533
-1218
-166
-832
-486
608
754
284
257
-95
-578
-328
-222
-919
-1484
-453
-364
-604
-631
-485
-248
-1130
-704
-560
-1292
-733
55
-322
-823
-928
-936
-777
-686
-476
-291
-287
115
288
858
1055
-48
-85
-757
-1460
-688
-291
-929
-461
164
689
1648
1250
599
198
-155
-567
-736
-684
-711
-936
-739
348
1070
1470
1476
1207
568
63
-525
-914
-245
177
110
641
1011
676
1336
1648
785
781
714
257
431
282
415
1042
1869
1407
1479
1281
565
883
932
753
633
441
56
-427
-950
-842
-136
-98
65
207
-543
113
550
876
765
-203
-619
-1247
-1445
-1121
-1373
-1980
-1521
-1580
-1843
-1220
-636
-553
-197
296
-495
-1716
-1546
-1159
-2052
-2122
-1728
-1205
-883
-820
-264
895
1134
546
1685
1831
796
65
-637
-564
90
1073
659
406
1593
2465
2139
1878
2255
2312
1211
275
170
84
-486
-827
-620
-128
817
1070
386
-368
-293
519
437
209
144
-658
-303
655
54
-1616
-1341
-187
-801
-1110
-911
-862
-1569
-1283
-913
-1486
-1036
-327
-58
311
792
700
280
-89
-281
5
-69
-47
209
44
-295
-135
-61
266
685
520
338
785
1283
547
29
261
784
950
1262
1327
881
612
652
714
528
349
628
966
1120
2035
2043
1137
555
421
295
266
-393
-1281
-1488
-1376
-1091
-815
-64
-853
-1368
-162
308
58
438
631
-52
402
1094
486
48
106
41
91
77
-872
-1897
-1299
-1196
-1395
-1098
-579
-28
510
1108
1402
1592
1535
1025
806
727
85
-64
-73
-198
-381
-548
98
452
-48
-336
-324
-324
-186
-13
283
-699
-1250
-729
-277
-273
-1251
-1984
-2059
-2321
-2729
-2937
-3650
-4382
-5518
-5760
-5519
-5341
-3365
-1498
-544
-535
-257
-202
-569
537
2031
1740
-100
-2680
-6258
-8282
-8210
-6682
-4201
-1905
2052
11351
19053
19831
19005
16643
13438
11887
9958
9039
8711
7141
4591
907
-3365
-5329
-5961
-6450
-5317
-4179
-2865
-2175
-1942
-1191
-1448
-3753
-6079
-7432
-8318
-8311
-7632
-5898
-3411
-1873
-374
1987
4610
6626
7375
6973
6804
6987
6545
6102
4175
1566
-99
-1089
-2197
-2811
-2405
-2300
-2525
-2495
-3351
-4990
-5207
-4331
-4445
-5164
-5033
-4998
-4602
-3681
-3044
-2509
-1870
-1600
-1572
-2143
-2839
-2743
-1986
-1371
-347
437
-245
-2217
-4802
-5672
-4959
-2529
-472
1056
2915
3459
3252
2862
3698
4692
4662
4318
4130
4249
4362
4385
4018
3496
2788
1991
1686
2112
3148
3992
4538
5061
5389
5432
5148
4834
4000
2553
1823
749
-445
-1190
-1677
-1876
-2551
-2662
-2968
-3732
-3541
-3343
-4689
-4953
-3926
-4236
-4755
-4335
-3777
-3778
-4136
-4366
-4445
-4137
-3307
-2845
-3063
-3473
-3508
-3144
-2600
-1922
-1171
758
2124
2375
1660
29
-1136
-2649
-4064
-4203
-3226
-2226
-265
2065
3884
5156
5462
6301
7733
8436
8175
7922
7077
6315
6958
7390
6070
4423
4276
3925
3170
2363
1638
1258
-184
-1607
-2346
-3995
-5889
-7158
-7136
-5926
-4836
-4313
-3628
-2710
-1790
-1006
-626
-138
181
261
345
219
-153
110
1002
2309
2877
3184
3358
3043
2346
813
-134
-927
-2116
-2553
-2675
-3137
-3655
-3739
-3756
-4283
-4547
-4086
-3708
-3234
-2105
-1327
-822
-328
429
908
968
856
196
-527
-783
-1121
-1532
-1559
-1160
-502
-18
-164
-314
14
134
-3
-210
-226
-155
-91
316
720
989
1079
1375
1417
1217
1764
2272
2881
3640
3974
4184
4170
3939
3823
4087
4389
4337
3910
3735
3581
3028
2562
2230
1700
885
447
-94
-968
-1740
-2136
-2464
-2909
-3281
-3433
-3860
-4660
-5260
-5206
-5162
-5072
-4688
-3916
-2984
-2479
-1922
-1407
-858
-403
-131
419
914
1494
2087
2281
2585
2739
2755
2832
3616
4398
4578
4939
5321
5118
4615
3806
3010
2289
1929
1726
1357
1307
1147
627
-97
-411
-557
-1067
-1566
-1569
-1284
-1333
-1707
-1912
-2059
-2413
-2995
-3132
-3205
-3764
-3770
-3881
-4611
-4881
-4729
-4874
-5007
-4370
-3635
-3183
-2638
-1996
-1728
-1772
-1467
-1192
-899
-767
-813
-497
-239
19
504
1115
1938
2660
3119
3488
4178
5123
5455
5380
5578
5634
5512
5555
5617
5458
5201
4886
4262
3398
2364
1422
760
480
146
-46
540
684
285
181
-48
-337
-471
-670
-1038
-1546
-1909
-2033
-2442
-2881
-2883
-2841
-2877
-2531
-1821
-1366
-1183
-1018
-862
-791
-673
-256
-69
53
321
81
-402
-779
-1120
-1387
-1258
-883
-898
-999
-994
-945
-1055
-773
-74
208
616
914
841
667
433
270
-169
-502
-569
-321
-6
11
549
806
297
-5
347
743
669
264
-265
-516
-856
-1044
-1013
-1062
-687
-369
-463
-469
-116
-42
93
811
987
961
1196
1313
1182
1198
1373
1320
1437
1469
1045
736
929
894
344
317
720
677
552
823
1241
1182
913
752
563
322
-178
-357
-178
-325
-493
-63
328
-12
-213
-198
-467
-721
-618
-647
-1248
-1666
-1972
-2282
-2598
-3017
-3139
-2989
-2879
-2653
-2058
-1719
-1577
-1440
-1351
-1032
-748
-562
-567
-332
-159
-277
-19
384
671
327
216
474
424
530
705
1046
1160
1280
1504
1861
2104
1988
2277
2292
2251
2284
2307
2253
2016
2315
2680
3065
3388
3616
3450
3101
3172
3192
2934
2409
2064
1734
1385
973
523
242
-122
-517
-1002
-1357
-1504
-1884
-2391
-2422
-2316
-2464
-2499
-2271
-2081
-2209
-2378
-2341
-2398
-2589
-2671
-2657
-2759
-3018
-3065
-3081
-3347
-3363
-2919
-2678
-2580
-2011
-1307
-1045
-987
-607
-369
-561
-534
-235
-242
-510
-585
-459
-366
-168
203
462
653
883
1194
1199
1039
1140
1111
843
625
649
444
189
156
124
202
297
457
412
439
790
1007
1104
1358
1798
1965
1992
2175
2368
2265
1817
1526
1359
1136
1035
1012
902
809
912
1045
1196
1537
1793
1837
1816
1839
1848
1733
1546
1227
819
460
149
-156
-360
-431
-523
-583
-528
-404
-329
-420
-627
-797
-948
-1132
-1310
-1436
-1519
-1685
-1823
-1886
-1885
-1940
-2009
-1957
-1921
-1883
-1891
-1804
-1683
-1560
-1502
-1550
-1487
-1427
-1392
-1504
-1513
-1416
-1475
-1517
-1567
-1566
-1680
-1801
-1814
-1884
-1768
-1489
-1101
-829
-500
-18
210
402
693
1071
1089
960
1135
1228
1263
1337
1584
1641
1523
1738
1995
2073
1943
1886
1777
1444
1224
1052
936
740
594
593
560
651
707
847
1026
1133
1227
1202
1330
1377
1231
1056
857
647
115
-383
-678
-1013
-1432
-1921
-2101
-2269
-2512
-2756
-3110
-3310
-3400
-3461
-3710
-3383
-1283
1933
5025
7949
11485
15058
17349
18964
20377
20317
17839
14142
10377
5811
341
-4890
-9393
-13740
-17371
-19225
-19581
-19094
-17712
-15538
-13254
-10819
-7878
-5018
-3329
-2233
-1212
-750
-917
-826
51
-138
-1047
-1176
-291
271
-7
733
1232
680
-96
128
308
-798
-1463
-1837
-2377
-3086
-2815
-2433
-3092
-3313
-2974
-2936
-3282
-2680
-1917
-2223
-2533
-1864
-1188
-1246
-522
1107
2240
3045
4465
6080
6694
6835
7309
6895
5807
4810
3947
2479
850
-67
-973
-2111
-2758
-2635
-2895
-3246
-3173
-3026
-3509
-3373
-1908
5529
14279
17810
18240
20367
28713
32472
31147
29282
29521
27167
17057
10147
6084
754
-8545
-16899
-20090
-23424
-25071
-25706
-24332
-22944
-21294
-18291
-16252
-12837
-10321
-8933
-9567
-9784
-8530
-8674
-8145
-7243
-6085
-5452
-3581
575
3466
5864
8659
11195
11461
10806
11471
10546
7144
2810
-260
-3357
-5208
-5826
-7198
-8799
-9068
-6970
-7030
-6671
-4439
-3660
-5298
-6188
-3591
-2943
-4013
-3149
-1180
-769
-220
3400
5846
6343
7311
8689
8212
7057
7655
6366
2619
177
25
-1211
-3151
-2672
-1769
-2648
-2995
-910
791
566
898
1556
804
-449
-586
-838
-2701
-4024
-4080
-4893
-5451
-4744
1070
9612
14685
16835
18008
25155
31719
31926
29386
28351
28382
20207
10859
6126
2111
-5755
-15759
-19850
-21869
-23554
-24255
-23051
-20811
-19247
-16057
-13357
-10324
-7525
-5755
-5712
-6852
-6171
-5908
-5801
-5505
-5037
-4435
-3226
476
3616
5560
8208
11167
12134
10812
11112
11571
8502
3211
-574
-2979
-7013
-11030
-12468
-12091
-12231
-12125
-9845
-6367
-3264
-1623
-107
1651
2624
2508
1638
1316
762
-584
-1722
-1780
-925
-260
349
1393
2981
4433
5129
5375
5470
5184
3768
2025
948
69
-1405
-3051
-3718
-3837
-3984
-3896
-3226
-2532
-2170
-1672
-1102
-608
-229
-125
-371
-738
-969
-1082
-799
3366
9926
13985
15052
17650
25673
30580
29848
28575
29102
27495
19146
12084
8086
2959
-5675
-14501
-18846
-21823
-23640
-24611
-24195
-22703
-20727
-17676
-14790
-11080
-7864
-6020
-5531
-5338
-4387
-3860
-3030
-2735
-3143
-2867
-780
2421
4234
6049
9069
11279
11059
10691
12050
11904
8131
3537
833
-2034
-6261
-9620
-11211
-12607
-14439
-14564
-12617
-10218
-8145
-6397
-4489
-2418
-382
1069
1705
2176
2422
1891
1322
1758
2578
2435
1699
1962
2917
3261
3122
3237
3244
2422
1418
1119
937
170
-1032
-1938
-2503
-2916
-3062
-3315
-3445
-3543
-3550
-3619
-3400
-2879
-2661
-2600
-2435
-1392
39
4597
11222
15716
17339
19710
27374
32302
31310
29226
29430
28277
19921
12344
8658
4488
-4023
-13383
-17371
-19411
-21550
-23735
-23841
-22193
-20760
-18911
-16688
-13084
-10114
-8806
-8413
-7720
-6048
-5080
-4069
-3203
-2650
-1612
680
3949
6033
7909
10626
12574
12240
11881
13122
12516
8204
3517
1315
-1607
-6593
-10158
-11214
-12701
-15385
-15349
-12475
-10344
-9419
-7484
-4504
-2630
-1347
471
1733
1771
1673
1810
1573
1624
2411
2513
1596
1910
3469
3752
3020
3396
3989
2604
920
1164
1262
-696
-2516
-2568
-2816
-4045
-4555
-3924
-3948
-4626
-4393
-3799
-3558
-3431
-2786
-2206
-1802
-386
3577
9705
14824
17276
19470
25474
31512
32129
29728
29370
29272
23018
14388
9861
6770
-678
-10526
-15817
-17603
-20012
-22846
-23588
-22337
-21127
-19727
-17715
-14801
-11903
-10192
-9731
-9258
-7577
-5909
-4805
-3887
-2806
-1419
804
4086
6742
8566
10974
13294
13455
12360
12938
13412
9749
4175
1244
-346
-4731
-9853
-11214
-11589
-14284
-16048
-13423
-10059
-9741
-9024
-5755
-2982
-2286
-999
1191
1571
808
1051
1694
1490
1741
2426
1996
1567
2888
4121
3370
2986
3983
3588
1511
1042
1822
359
-2442
-3041
-2595
-3741
-5081
-4545
-3907
-4801
-5183
-4133
-3331
-3349
-2959
-2185
-1504
-497
3168
8670
13522
16515
18625
23870
29270
31362
29897
28775
28729
23780
16337
10888
7799
1526
-8024
-13924
-16270
-18350
-21615
-22714
-21678
-20895
-20024
-18196
-15061
-12632
-11060
-10345
-9761
-8306
-6723
-5310
-4405
-3353
-1822
234
3287
6253
8503
10524
12468
13360
12851
12818
12855
10737
6184
2056
-322
-3455
-7326
-10414
-11848
-13226
-14713
-13785
-11320
-9254
-8560
-7173
-4450
-2500
-1403
-377
860
926
302
589
1455
1905
1812
1941
2167
2706
3632
4264
4118
3736
3502
2625
1584
1161
578
-1184
-3081
-3574
-3670
-4466
-4851
-4422
-4354
-4831
-4595
-3491
-3115
-3038
-2519
-1459
-590
2874
8467
13300
15861
18191
24232
28624
30217
29467
29148
28252
22643
16704
11597
7519
1109
-7369
-12919
-16196
-18029
-20803
-22229
-21540
-20546
-19570
-18298
-15164
-12647
-11406
-10927
-9956
-8402
-7191
-5730
-4560
-3540
-1963
543
3653
6149
8534
11019
12590
13042
13080
13697
12942
9727
5874
2954
320
-3800
-7408
-9250
-10841
-13142
-14068
-12162
-10218
-9654
-8614
-5981
-3894
-3152
-1836
-182
326
-275
-111
677
944
1153
1501
1749
2069
2960
3665
3707
3844
4088
3265
1980
1695
1529
-167
-2193
-2863
-3149
-4271
-5180
-4802
-4585
-5150
-5193
-4358
-3766
-3789
-3423
-2724
-1852
-835
3349
8669
13263
15961
18742
25135
29207
30802
29702
29597
28592
22537
16698
11867
7804
337
-8140
-12708
-15723
-18098
-21033
-21631
-20949
-20363
-19251
-17501
-14601
-12745
-11633
-11192
-10300
-8790
-7582
-6294
-5282
-3922
-1938
694
4086
6803
9317
11738
13389
14003
13792
13950
12561
8854
4572
1315
-1524
-5492
-8582
-10064
-11256
-12685
-12531
-9879
-7898
-7126
-6023
-3875
-2499
-2434
-1760
-1208
-1727
-2748
-2700
-1869
-1392
-640
420
1491
2692
4338
5658
5971
6094
5885
4650
2933
1888
744
-1617
-3875
-4764
-5258
-6152
-6266
-5531
-5071
-4968
-4109
-2724
-2225
-2363
-1900
-1740
-1515
-1277
807
5691
9833
13799
15840
21117
27356
30162
31028
30160
30939
27075
20654
15684
10687
4555
-4738
-11198
-15147
-18484
-21004
-22769
-22405
-21943
-20297
-18218
-15683
-13191
-11596
-10586
-10331
-9156
-7880
-6915
-6018
-5347
-3693
-1212
2170
5485
7903
10964
13484
14721
14926
15226
15064
11889
7251
3739
905
-2925
-7580
-10333
-11701
-13434
-14615
-13591
-10962
-9569
-8851
-6909
-3984
-2458
-2253
-1277
-202
-358
-1250
-742
555
747
743
1531
2937
3914
4707
5537
5760
5592
5050
4096
2907
1863
366
-1966
-3830
-4455
-5041
-6130
-6501
-5978
-5540
-5657
-4802
-3628
-3365
-3444
-3043
-2423
-1828
-1017
3279
8284
12435
15517
18800
25784
29574
31303
30813
30641
29511
23189
17650
12554
7306
-403
-8756
-13001
-16461
-19075
-21480
-21992
-21255
-20618
-18841
-17016
-14568
-13123
-12063
-11628
-11178
-9739
-8498
-7164
-6226
-4622
-1707
1582
5319
8298
11206
14005
15351
15852
15567
15184
12952
8478
4388
949
-2312
-6406
-9643
-11266
-12773
-13583
-13049
-10875
-9291
-8376
-6878
-4938
-3359
-2878
-2188
-1683
-1742
-1920
-1638
-581
197
891
1763
2920
4315
5406
6100
6255
6077
5396
4137
2858
1641
1
-2202
-4026
-4867
-5471
-6052
-6208
-5905
-5524
-5085
-4332
-3439
-3087
-3117
-2872
-2966
-2380
-1657
1232
6469
10764
15015
17611
23917
29473
31528
31930
30820
30567
25131
18635
13522
7896
1175
-7567
-12791
-15985
-18589
-20330
-21464
-20580
-19747
-18146
-16533
-14563
-12790
-12285
-12155
-12083
-10865
-9589
-8373
-6728
-5073
-2155
1501
5660
9277
11880
14869
16319
16543
15946
14983
12862
8051
3493
-130
-3350
-6905
-9972
-11198
-12109
-12621
-11973
-10035
-8235
-7586
-6791
-5611
-4467
-4225
-4118
-3724
-3637
-3507
-3036
-1462
171
1384
2669
4126
5744
6751
7159
7126
6476
5334
3698
2149
773
-674
-2518
-4133
-4851
-4943
-5067
-5146
-4874
-4296
-4018
-3753
-3140
-2887
-3095
-3702
-3636
-3410
-2702
-1163
4102
9776
14483
17485
21936
29081
32028
32425
30927
30203
26701
19025
12970
7686
1840
-5992
-12772
-15469
-17485
-18652
-19611
-19016
-17802
-16828
-15544
-14346
-12927
-12694
-13060
-13508
-13003
-11562
-9954
-7759
-5463
-2543
1720
6273
10539
13220
15611
17344
16854
15523
13681
11619
7342
1944
-1794
-4572
-7120
-9897
-10990
-10944
-11170
-10838
-9219
-6958
-6232
-6199
-5489
-4504
-4349
-4677
-4191
-3817
-3775
-3191
-1557
487
1865
3356
4756
5840
6814
7318
7130
6093
4979
3585
1795
324
-577
-1865
-3605
-4577
-4563
-4586
-4762
-4556
-4251
-4101
-4002
-3523
-3433
-3531
-3635
-3702
-3922
-3594
-2073
522
6258
11579
16493
19524
24473
30766
32437
32063
29910
28291
23168
15248
9695
4315
-1610
-8753
-13982
-15827
-17235
-17543
-18049
-17392
-16357
-15556
-14926
-14421
-13420
-13608
-14355
-14656
-13436
-11282
-9108
-6120
-2961
809
5390
9774
13554
15552
17054
17224
15487
13102
10388
7352
2641
-2185
-5359
-7553
-9368
-10918
-11126
-10374
-9914
-9348
-8020
-5818
-3157
-2290
-2205
-1621
-634
-198
-1654
-1821
-1392
-2157
-3008
-1964
562
1139
849
2559
4672
5145
5168
6266
6369
4603
2985
2323
975
-1305
-3157
-5028
-6631
-7152
-6928
-6902
-6764
-5340
-4201
-3844
-2577
-709
-111
-1028
-1205
-177
-738
-1202
-322
4145
9841
13838
17765
21023
27474
31332
31779
30154
27816
25053
17799
10234
4619
-643
-6641
-13509
-16786
-17559
-17591
-17593
-17670
-16033
-14815
-13964
-13995
-13361
-12532
-13050
-13927
-13827
-11633
-8790
-6019
-2663
1031
5606
9916
13529
16011
17070
17220
15222
12120
8807
5798
1997
-2648
-6360
-8166
-8947
-9683
-9640
-8684
-7748
-7561
-7080
-5661
-4749
-5307
-6190
-6294
-5776
-5735
-5288
-4023
-2562
-1231
349
2780
5067
6275
6753
6906
6898
6367
5337
4140
2809
1352
-33
-910
-1238
-1574
-2422
-3228
-3552
-3700
-4063
-4392
-4415
-4356
-4924
-4782
-4211
-3426
-3187
-3136
-2344
-1340
-820
-55
1445
5444
11683
16005
19592
21494
26509
30201
29854
27744
24726
22177
15869
8531
3706
-241
-4996
-10964
-14539
-14841
-15124
-15741
-16572
-15929
-15452
-15776
-16369
-15851
-14740
-14594
-14657
-13660
-10595
-6796
-3276
510
4193
7975
11264
13710
15498
15487
14560
12174
9254
6414
3736
1309
-1995
-4779
-6301
-6681
-6968
-7607
-7472
-7415
-7933
-8322
-7808
-7061
-7685
-8323
-7800
-6672
-5788
-4644
-2524
-626
687
2237
4275
5822
6301
6347
6136
5616
4944
4215
3361
2291
1327
363
-503
-922
-1214
-2084
-3339
-4138
-4253
-4620
-5124
-5214
-4872
-4680
-4403
-3697
-2674
-1900
-1548
-1117
-282
122
1005
2212
6816
12995
17118
20063
21907
27426
30084
29163
26364
23232
20052
13008
6000
1639
-2073
-6671
-12237
-14743
-14343
-14370
-15082
-15832
-15136
-14999
-15944
-16753
-16065
-15102
-14969
-14655
-12713
-8876
-4730
-794
3387
7161
10548
12911
14527
15294
14239
12216
9264
6145
3305
875
-1101
-3298
-5220
-5895
-6033
-6344
-6731
-6842
-7141
-8366
-9234
-8868
-8407
-8505
-8289
-7083
-5428
-3901
-1842
590
2252
3229
4121
5101
5679
5578
5156
4410
3641
3181
2803
2481
2055
1636
841
-50
-638
-1310
-2489
-3925
-5012
-5642
-6213
-6341
-5659
-4970
-4271
-3401
-2111
-806
-116
417
627
956
825
791
1309
3961
10708
15715
19411
20824
25147
30060
29740
27200
23274
20288
14047
5738
280
-2829
-6318
-11391
-15150
-14684
-13321
-13289
-14219
-14237
-13622
-14506
-16473
-16802
-15591
-14691
-14636
-13404
-9397
-4323
69
4079
8272
11620
13631
14067
14172
13068
10536
7180
3327
491
-1236
-1838
-3027
-4718
-5068
-4429
-4267
-5451
-6191
-6561
-8128
-10103
-10644
-9423
-8644
-8275
-6799
-4277
-1807
213
2378
4182
4866
4816
4636
4420
4090
3523
2794
2064
2048
2596
2908
2822
2605
2190
945
-508
-1622
-2811
-4579
-6254
-6943
-6934
-6656
-5763
-4165
-2753
-1624
-428
824
1438
1462
1167
854
159
-89
-477
32
1911
8277
15225
19772
21863
24030
29203
29740
26823
21432
17457
12550
4442
-2253
-5054
-6091
-8980
-12866
-13347
-10764
-9588
-11126
-13021
-13321
-13913
-16638
-18825
-17890
-15538
-13913
-12865
-8888
-2642
3024
6646
9576
12357
13738
12839
10801
8971
6600
3699
492
-1585
-1990
-1885
-1810
-2261
-2404
-2347
-3100
-4763
-6533
-7830
-9321
-10985
-11538
-10034
-8043
-6272
-4330
-1435
1293
2695
3638
4429
4528
3493
2364
1958
1820
1549
1626
2217
2997
3762
4174
4064
3346
2154
518
-1696
-3550
-4890
-5988
-6918
-7047
-6145
-4974
-3708
-2297
-576
221
615
980
1125
849
131
-117
-190
-302
331
812
2010
4231
11095
17652
21190
21563
22280
26292
25529
21705
16040
12890
9082
2352
-2824
-4078
-3513
-5612
-9654
-10985
-9194
-8629
-11697
-14982
-15671
-15695
-17835
-19407
-17022
-12758
-9736
-8488
-4619
1411
6209
7835
8357
9568
9898
8064
5379
4096
3386
2136
335
-474
475
959
492
-904
-2013
-2883
-4916
-7319
-9398
-10031
-10356
-10779
-10132
-7455
-3954
-1713
-267
1409
3347
3607
2566
1921
1723
1267
152
33
1205
2436
3176
3560
4266
4764
4298
2825
1053
-483
-1981
-3720
-5145
-5292
-4839
-4514
-4282
-3252
-1836
-1163
-1059
-813
-146
-241
-487
-366
175
573
709
1373
2017
2776
2941
2970
2951
4273
9945
15160
18294
17604
18288
22452
22872
20100
14719
12522
9921
3843
-1962
-3898
-2938
-4899
-9632
-12102
-10310
-8841
-11151
-14343
-14966
-13722
-14759
-16506
-15065
-10867
-7505
-7230
-5334
-554
4325
6014
5583
6327
7344
6675
4414
2982
2930
2591
892
-670
-614
241
14
-1856
-3721
-4670
-5738
-7404
-9235
-9795
-9340
-8325
-5345
-1727
2125
4035
5241
6219
5844
4517
2039
-192
-2589
-3967
-4165
-3389
-2208
-449
1677
2840
3480
4071
4370
3174
754
-1019
-2382
-3556
-4431
-4498
-4120
-3906
-3067
-1978
-1021
-489
-3
45
-556
-684
-44
556
475
1010
1941
2741
2814
2968
3161
2793
1742
882
381
2535
8998
14450
17528
15970
18341
22527
22923
18973
12939
10908
7624
1857
-3481
-4732
-3035
-3988
-7736
-10070
-8424
-6315
-8387
-12642
-15027
-14305
-15154
-16959
-16478
-12254
-8019
-6744
-4866
-810
4390
6722
6065
5050
4537
4404
3000
1202
443
838
1356
868
894
1788
2790
1699
-806
-3220
-4668
-5711
-7465
-8836
-9113
-7858
-6462
-5166
-3130
-448
1530
1491
824
869
1162
694
-593
-1076
-578
477
1304
2042
3069
3976
4183
3217
2190
1558
1064
-178
-1688
-2244
-1917
-1413
-1254
-1014
-554
-289
-401
-751
-1024
-1248
-1391
-1527
-1454
-877
129
1230
1936
2244
2420
2550
2480
1892
1055
531
-120
-46
351
5640
12518
18191
19046
17100
19743
21361
20653
14131
8330
6144
3256
-525
-4357
-4007
-1826
-2393
-5591
-8676
-8440
-8354
-10895
-15646
-18670
-18518
-17691
-16504
-14648
-10326
-5921
-2566
-301
1770
4250
5422
5195
3279
1374
945
1532
2573
2831
3401
4272
5154
5117
3887
2422
304
-2236
-5651
-8489
-9336
-8819
-7637
-7053
-6091
-4439
-2504
-1049
-909
-1503
-2397
-2817
-3284
-3558
-3000
-1332
766
2034
3157
4510
5861
6279
5411
4041
2493
1452
715
177
-182
-57
653
946
924
851
1006
691
-565
-1888
-2867
-3245
-3233
-2833
-2099
-1128
152
1426
2515
2949
3084
2992
2288
1522
595
266
106
239
1069
5307
11842
18369
20699
18867
18854
19038
19109
14251
8133
4365
1595
-186
-3148
-4152
-3504
-3201
-4090
-7395
-9662
-11430
-12833
-14933
-17831
-18673
-18348
-15783
-12541
-8924
-5494
-2695
144
2123
2940
2792
2776
2901
2271
1408
1143
2673
4498
5658
5891
5237
4727
3225
1315
-1387
-4055
-6119
-7784
-8503
-8526
-7494
-5851
-4367
-3316
-3078
-2906
-2843
-2954
-3418
-4054
-4008
-3294
-1785
49
1986
3686
4944
5689
5776
5299
4542
3876
3087
2217
1590
1460
1825
2108
2297
2140
1610
836
-25
-887
-1958
-2782
-3245
-3205
-2983
-2363
-1231
55
1207
1949
2391
2387
2345
2069
1789
1283
1038
1172
1449
1718
2036
2519
4801
9203
14417
17981
17187
15779
13754
12933
10650
7004
4046
1239
344
-933
-1482
-1977
-2647
-2941
-4842
-6620
-9238
-11529
-13164
-15067
-15106
-15170
-13480
-11125
-8308
-5309
-3681
-1870
-983
-369
-670
-1334
-1226
-1219
-567
-227
598
1932
2966
4300
4524
4372
3306
1737
319
-1502
-2705
-3955
-4196
-4095
-3852
-3357
-3332
-2814
-2886
-2862
-2894
-3124
-3079
-3372
-3016
-2419
-1460
-276
824
2110
2945
3709
3916
3751
3327
2720
2406
2007
2071
2294
2620
2884
2946
3097
2831
2392
1643
941
259
-303
-485
-498
-237
62
492
905
1299
1664
1883
2202
2508
2772
2538
2165
2202
2393
2299
1696
1176
882
454
-15
-513
-727
-928
-271
1262
3659
6012
7271
7917
7484
6790
5209
3233
1397
41
-212
-58
780
1489
1922
1860
840
-364
-2128
-3738
-5321
-6764
-7461
-7898
-7625
-7307
-6632
-6003
-5623
-5224
-5207
-5064
-5468
-5931
-6299
-6510
-6003
-5350
-4182
-2927
-1565
-173
709
1360
1376
1284
810
368
97
-10
382
807
1519
2044
2496
2801
2692
2395
1702
1036
326
-265
-532
-617
-207
214
760
1138
1426
1597
1493
1366
1089
935
813
881
1101
1452
1974
2264
2469
2710
3338
3466
2777
1929
1598
1757
1706
1825
2055
2124
1948
1769
1533
1031
599
547
401
-98
-582
-810
-1024
-1172
-1109
-832
-749
-673
-451
-298
-333
-446
-428
-454
-515
-539
-484
-385
-216
-44
-9
-150
-294
-402
-311
-27
431
856
1198
1515
1652
1488
1024
433
-181
-708
-1034
-938
-619
-158
296
601
713
361
-194
-914
-1579
-2137
-2581
-2747
-2713
-2492
-2250
-1975
-1677
-1501
-1504
-1729
-1956
-2230
-2500
-2702
-2800
-2682
-2466
-2067
-1554
-1050
-579
-331
-187
-242
-472
-794
-1090
-1113
-951
-602
-41
808
1759
2505
2921
2946
2666
2089
1538
1159
1065
1226
1550
2103
2702
3240
3466
3300
2868
2241
1589
1043
670
542
512
566
586
536
486
330
102
-249
-545
-647
-631
-439
-231
70
268
365
380
315
363
442
627
742
768
653
354
27
-205
-291
-387
-464
-468
-355
-349
-513
-767
-997
-1171
-1427
-1661
-1813
-1825
-1812
-1841
-1772
-1633
-1521
-1576
-1588
-1403
-1011
-562
-124
401
893
1347
1560
1699
1735
1679
1594
1511
1669
1899
2173
2323
2347
2248
1945
1557
1064
542
-50
-659
-1154
-1524
-1767
-1975
-2079
-2095
-2062
-2041
-2081
-2159
-2279
-2372
-2422
-2391
-2164
-1753
-1239
-785
-372
24
232
271
118
-9
-192
-317
-243
1
418
756
1118
1335
1383
1253
979
783
606
551
526
564
685
811
988
1108
1159
1072
908
712
479
247
154
283
474
531
466
600
854
919
622
313
365
465
454
269
42
-113
-66
221
429
334
58
-287
-506
-502
-464
-391
-454
-562
-856
-1215
-1269
-1108
-899
-942
-1053
-1044
-999
-980
-1102
-1079
-819
-474
-310
-301
-164
50
309
537
712
667
458
432
528
551
515
572
772
976
1101
1157
1251
1369
1433
1342
1158
1051
1047
1094
1080
1022
913
834
818
850
805
609
387
175
-139
-586
-949
-1165
-1248
-1252
-1150
-1030
-970
-1035
-1157
-1245
-1336
-1396
-1424
-1357
-1251
-1153
-1069
-975
-932
-940
-735
-490
-363
-391
-654
-895
-1158
-1322
-1394
-1241
-860
-548
-439
-303
-37
81
-7
-5
139
-29
-201
-90
450
1023
1162
971
796
837
1193
1304
1029
752
672
771
587
632
347
240
747
868
403
89
-19
29
411
371
126
-161
-7
443
944
997
826
1051
1193
1202
1089
753
501
284
393
807
625
276
423
767
510
407
359
-67
-298
-324
-403
-437
-395
-587
-769
-665
-591
-497
-308
-296
-410
-687
-815
-689
-362
-150
-261
-422
-241
108
212
245
274
241
381
658
799
754
639
514
394
365
216
78
-43
-142
-255
-427
-652
-905
-993
-1022
-1107
-1249
-1255
-1186
-1205
-1222
-1358
-1647
-1755
-1598
-1352
-1006
-616
-536
-606
-712
-793
-697
-321
-166
-161
211
178
-369
-589
60
631
418
-66
-171
213
514
591
423
161
69
264
335
-133
-286
336
903
989
853
983
1167
1240
1289
1254
878
528
895
1119
1023
1285
1871
1997
1674
1501
1485
1306
864
810
1036
1012
774
573
506
278
-31
-136
57
19
-356
-517
-617
-625
-724
-960
-968
-882
-852
-844
-874
-650
-173
-178
-438
-247
31
-145
-440
-561
-491
-239
-112
-305
-319
17
52
-101
-125
-215
-374
-503
-466
-555
-747
-820
-854
-734
-723
-791
-734
-726
-694
-515
-384
-395
-570
-797
-796
-515
-227
-104
-79
-40
-97
-103
-100
-316
-393
-358
-194
145
322
134
155
571
620
314
168
88
21
278
385
19
-87
9
-20
-30
137
424
395
198
134
240
293
357
356
356
558
525
420
601
1094
1143
748
741
751
791
961
952
860
826
910
721
235
151
612
812
369
-162
-175
52
-303
-530
-267
-338
-451
-303
-253
-262
110
435
241
-224
-372
-195
-411
-596
-280
74
146
271
221
-287
-407
-44
-16
-486
-615
-356
-362
-237
-231
-703
-1050
-780
-336
-458
-459
-158
-234
-519
-567
-793
-1140
-1186
-907
-365
-307
-350
-195
-325
-584
-375
-160
-174
-48
-187
-290
-218
-97
7
211
435
655
722
572
348
420
650
209
5
115
45
36
152
190
480
932
762
325
-17
17
253
513
497
70
133
811
998
663
557
781
753
382
144
475
909
539
381
554
522
221
23
-276
-496
-64
226
-111
-478
-347
-406
-286
-223
-547
-726
-739
-268
136
57
-164
-363
-356
-197
-423
-562
-85
6
-175
8
181
30
-354
-339
-9
87
-25
-375
-467
-373
-615
-478
121
12
-241
-138
-364
-759
-626
-164
-26
-192
-472
-452
-194
11
-168
-657
-302
172
186
304
245
-121
-155
747
925
363
-65
-181
262
784
758
312
215
103
261
426
93
142
190
-32
-285
-231
-156
-22
183
197
13
-9
57
-31
107
317
533
693
543
43
134
547
431
207
366
647
663
673
655
289
-212
0
-22
93
326
-60
-173
-357
-221
-558
-807
-296
200
-18
-235
-108
-361
23
248
14
-226
-346
-108
-159
-352
-368
-223
-43
20
-114
-72
59
-123
-531
-784
-883
-932
-517
-286
-520
-738
-700
-723
-683
-459
-359
-461
-853
-835
-234
73
-81
-425
-433
-139
125
219
404
478
126
221
648
782
692
652
840
612
423
545
493
875
1016
726
477
443
581
551
322
47
-140
-51
128
69
43
-70
170
535
419
175
86
110
61
292
510
269
38
324
459
255
469
758
212
-244
68
61
-114
-240
-281
-208
-333
-465
-259
-374
-579
-383
-579
-782
-733
-655
-578
-416
-247
-468
-618
-471
-224
-94
-42
-238
-510
-484
-280
-98
113
302
226
47
-86
-188
-81
48
87
322
282
92
77
-49
-48
187
60
-270
-320
-214
-92
9
17
-120
-150
-93
-29
-87
-199
-317
-398
-103
148
-1
-169
79
427
401
-46
-259
-97
174
613
711
182
-242
95
567
566
113
-357
-231
256
536
379
-29
-175
18
246
443
302
-8
122
343
454
413
187
118
444
571
319
240
470
481
367
623
595
353
170
-37
-6
227
212
109
10
-150
-213
-237
-185
-399
-631
-469
-316
-346
-457
-609
-646
-385
-274
-383
-586
-833
-771
-485
-276
-299
-319
-368
-372
-218
-105
-241
-461
-489
-538
-296
100
222
104
-45
-133
-190
-86
44
169
24
18
244
267
50
-119
135
338
426
329
60
13
270
367
306
316
286
385
163
59
404
473
425
445
99
-62
308
412
169
-90
-26
156
-10
-243
-185
-77
48
255
189
-243
-559
-483
-330
53
403
189
43
260
132
-203
-50
121
111
305
383
210
134
32
-31
270
357
147
55
-65
-238
-254
-186
-46
173
148
106
59
-158
-334
-272
-51
-63
-167
-132
-129
-229
-236
-180
-80
68
37
-66
-102
-118
-183
-215
-165
-149
-190
-260
-243
-140
53
49
-131
-65
-19
-259
-358
-215
-192
-151
-95
-124
-93
-113
-299
-298
10
104
-111
-303
-303
-91
192
264
-17
-184
156
470
328
126
201
331
253
189
302
275
150
175
246
278
177
166
412
387
109
152
230
47
-16
14
10
45
24
-58
32
239
330
309
184
45
129
321
172
-22
75
87
6
84
214
322
315
71
-131
-276
-424
-271
6
-28
-267
-343
-240
-204
-155
-59
-265
-517
-368
-298
-523
-463
-166
-64
-51
5
-59
-188
-162
13
88
-97
-256
-181
-88
-22
147
188
-19
-112
-3
4
-23
81
81
-37
-67
-113
-237
-274
-155
33
169
155
-32
-208
-225
-196
-136
6
37
-47
-15
92
151
193
203
176
196
193
107
97
204
259
202
155
205
266
211
83
75
193
222
132
73
27
-67
-88
-4
58
83
122
141
97
36
-19
-45
22
101
105
135
202
200
158
126
86
55
69
99
71
22
29
46
19
13
74
120
56
-73
-150
-161
-158
-148
-135
-161
-179
-161
-170
-210
-214
-180
-143
-135
-208
-308
-323
-259
-213
-243
-297
-264
-146
-79
-111
-172
-201
-162
-94
-93
-143
-138
-72
1
49
40
-9
-27
1
31
32
15
18
54
111
162
177
136
75
63
73
66
77
84
71
98
169
209
203
217
247
211
119
54
47
74
107
121
119
119
124
131
133
106
89
91
59
18
6
1
-2
24
49
47
45
57
57
58
70
87
71
12
-41
-39
-3
25
36
10
-39
-72
-79
-89
-101
-114
-132
-148
-150
-134
-114
-111
-103
-75
-54
-48
-36
-23
-29
-51
-68
-82
-89
-74
-53
-38
-43
-57
-43
-10
7
3
-21
-42
-43
-33
-38
-51
-52
-37
-5
24
27
-6
-24
-7
13
15
1
-21
-44
-53
-43
-33
-34
-39
-33
-10
20
39
31
1
-25
-27
-6
22
44
68
90
115
133
141
123
91
56
27
3
-13
-8
7
20
29
34
38
41
37
33
32
28
21
6
-5
-5
12
21
18
6
-1
8
25
40
46
46
43
39
29
14
4
2
4
5
6
10
16
21
22
24
20
15
11
10
5
-7
-19
-22
-18
-15
-21
-35
-49
-56
-62
-68
-79
-88
-93
-87
-83
-86
-80
-73
-65
-54
-45
-34
-28
-20
-15
-11
0
9
20
38
46
46
41
31
32
40
46
47
42
29
18
17
17
17
18
17
15
12
6
4
6
8
5
6
4
2
0
2
11
13
11
8
4
6
12
18
17
16
18
25
29
24
18
10
9
9
2
-1
-5
-10
-15
-15
-17
-23
-32
-42
-45
-44
-39
-34
-29
-27
-26
-21
-17
-9
-1
0
3
8
9
10
16
24
27
26
22
22
21
22
22
19
16
13
13
12
11
9
6
4
2
-2
-5
-7
-6
-8
-7
-9
-9
-3
-2
-4
-4
-4
-3
-1
0
2
-1
0
-1
-1
4
4
1
3
1
-1
1
0
2
2
5
1
-1
-4
-4
0
-2
-1
-4
-2
-4
-3
-4
-3
-2
-4
-3
-4
-2
-2
3
2
2
3
3
6
6
5
4
1
-3
-2
-5
-8
-6
-6
-8
-12
-10
-11
-11
-10
-9
-8
-10
-11
-11
-8
-5
-1
1
2
6
4
7
8
10
10
9
12
9
9
7
7
3
3
1
-1
0
-3
-2
-3
-3
0
-2
1
1
3
2
2
5
7
8
10
13
13
11
12
16
14
15
19
20
20
16
16
14
12
12
10
9
8
6
6
6
4
0
-3
-5
-11
-13
-15
-19
-20
-21
-22
-24
-26
-25
-25
-21
-17
-16
-15
-12
-12
-11
-8
-8
-3
0
-1
2
4
4
1
-1
1
-1
-9
-10
-13
-18
-21
-25
-28
-25
-24
-21
-18
-13
-11
-10
-7
-1
3
4
11
15
20
24
29
35
40
43
44
47
46
39
35
32
29
26
23
18
13
12
11
6
2
-4
-9
-12
-16
-19
-24
-27
-29
-30
-28
-27
-24
-19
-15
-12
-4
-1
4
7
9
11
13
11
12
16
16
17
15
18
17
20
17
15
6
3
1
-4
-8
-9
-7
-9
-8
-6
-4
-2
0
-1
0
-1
1
-1
-1
2
2
3
3
2
1
2
-1
-3
-5
-5
-4
-6
-6
-6
-7
-9
-12
-15
-16
-17
-19
-19
-22
-23
-19
-19
-20
-18
-17
-17
-17
-15
-14
-10
-7
-4
-1
-1
2
4
7
9
8
9
12
12
12
14
14
15
14
11
8
10
7
6
6
5
5
9
10
9
11
10
11
13
15
17
17
17
17
18
19
18
17
16
14
11
6
6
6
4
-1
-2
0
-4
-5
-7
-6
-6
-7
-9
-10
-11
-9
-8
-8
-8
-10
-8
-7
-7
-7
-9
-8
-7
-7
-6
-6
-5
-6
-5
-3
-4
-2
-5
-6
-5
-5
-6
-4
-5
-3
-6
-5
-4
