SAMPLES:	6337
BITSPERSAMPLE:	16
CHANNELS:	1
SAMPLERATE:	16000
NORMALIZED:	FALSE
-2
1
2
-2
-2
-2
3
-2
-1
1
0
-1
-5
1
1
4
3
0
-2
2
3
1
-2
2
6
-2
-4
-2
0
-4
-3
-4
-3
-3
-3
1
3
1
-2
4
8
7
2
5
10
10
2
-3
4
5
3
-2
-1
3
4
-1
-4
-1
0
-1
-7
-4
0
0
-5
-5
-4
-4
-8
-10
-7
-9
-8
-5
-6
-3
-1
-2
-6
-4
-1
2
0
0
4
1
-3
0
4
3
-1
2
7
5
3
1
8
2
0
3
8
5
0
3
4
1
-3
0
4
2
1
-2
1
5
1
-1
-1
4
6
-6
-5
3
0
-6
-3
2
-3
-9
-4
6
-1
-4
-3
3
1
-2
0
1
2
1
3
2
4
4
0
-2
6
5
-4
-4
5
2
0
1
3
4
5
3
0
1
5
7
0
-1
4
7
-3
-7
-2
0
-3
-6
-2
-3
-11
-7
-1
-3
-8
-8
1
2
-7
-11
-7
1
1
-6
-7
-2
-1
-3
-1
5
1
-6
-4
2
1
-8
-6
2
2
-2
-2
6
10
4
0
3
6
3
1
2
2
-1
-3
-1
1
-1
-2
-1
1
-1
-3
2
2
0
-1
0
-1
0
-2
2
4
-1
0
0
4
2
0
3
6
3
-3
1
6
6
2
0
3
6
4
2
2
4
4
-1
-3
5
2
1
1
7
8
5
5
6
6
3
2
2
4
0
-1
1
1
2
-3
2
3
-2
-1
-1
-1
-4
-3
-2
-1
-8
-8
-2
-1
-6
-11
-7
-8
-10
-13
-7
-2
-6
-10
-5
-2
-10
-14
-6
-2
-6
-10
-7
2
-3
-9
-8
-4
-5
-11
-9
-2
1
-4
-6
-4
1
0
0
3
6
6
4
5
7
7
6
8
9
5
5
7
1
-3
2
4
0
-5
5
10
3
1
7
12
13
7
7
8
4
4
5
6
6
2
4
7
6
2
5
8
6
6
2
4
3
1
1
-1
-3
-5
-3
-3
-7
-8
-5
-5
-8
-14
-9
-2
-4
-9
-10
-7
-11
-13
-13
-11
-8
-12
-15
-11
-8
-4
-5
-2
5
5
8
19
25
27
27
27
34
35
34
40
41
40
42
46
44
45
48
54
53
50
48
48
48
40
31
24
17
9
-7
-22
-35
-44
-56
-69
-85
-90
-96
-108
-114
-114
-103
-168
-207
-185
-183
-179
-176
-215
-211
-178
-171
-145
-124
-122
-99
-70
-34
5
36
70
106
144
172
186
229
274
280
290
303
304
337
357
343
345
339
331
362
395
395
401
392
403
450
453
431
427
404
389
388
354
321
280
236
200
167
117
64
17
-19
-52
-94
-130
-166
-198
-237
-297
-348
-398
-458
-513
-577
-679
-772
-863
-973
-1060
-1183
-1335
-1391
-1401
-1368
-1262
-1109
-853
-450
-2
516
1058
1703
2310
2793
3223
3536
3698
3778
3688
3425
3056
2571
2047
1500
917
343
-173
-628
-1017
-1363
-1637
-1847
-2027
-2177
-2366
-2559
-2741
-2961
-3207
-3443
-3736
-4034
-4234
-4372
-4429
-4392
-4289
-4014
-3592
-3072
-2434
-1733
-1011
-248
497
1173
1753
2244
2651
2887
3014
3068
3012
2914
2845
2748
2637
2578
2613
2719
2796
2883
3031
3078
3021
2989
2858
2503
2062
1629
1095
465
-108
-563
-1037
-1448
-1624
-1701
-1747
-1659
-1384
-1141
-973
-714
-441
-371
-376
-311
-361
-580
-728
-754
-875
-1007
-941
-794
-733
-605
-319
-132
-65
61
173
87
-68
-108
-242
-520
-657
-630
-686
-748
-580
-350
-276
-208
-27
58
-19
-57
-38
-128
-254
-277
-306
-421
-502
-548
-723
-981
-1167
-1393
-1721
-1931
-1921
-1873
-1696
-1127
-244
660
1643
2954
4337
5465
6390
7233
7856
8020
7792
7328
6597
5583
4429
3168
1897
736
-347
-1327
-2098
-2592
-3019
-3388
-3551
-3585
-3766
-4068
-4288
-4559
-5058
-5726
-6329
-6879
-7521
-8103
-8415
-8514
-8446
-8080
-7409
-6428
-5225
-3897
-2459
-924
613
1993
3168
4206
5039
5550
5784
5870
5808
5542
5141
4775
4437
4052
3690
3468
3361
3255
3174
3198
3277
3310
3316
3313
3249
3058
2724
2310
1813
1224
513
-264
-1014
-1678
-2283
-2821
-3157
-3301
-3352
-3319
-3052
-2589
-2171
-1827
-1408
-929
-605
-408
-189
21
52
-51
-73
-17
-11
-109
-192
-192
-157
-181
-240
-231
-194
-250
-370
-343
-157
-80
-181
-173
52
199
108
-55
-153
-255
-386
-518
-700
-934
-1101
-1148
-1165
-1137
-1071
-1156
-1433
-1625
-1670
-1917
-2390
-2559
-2402
-2641
-3132
-2482
-384
1323
1576
2217
4918
8076
9390
9487
10456
11985
12100
10758
9598
9047
7805
5387
2832
1085
-148
-1513
-2996
-4230
-5037
-5488
-5503
-5227
-5209
-5696
-6076
-5937
-6027
-6963
-8035
-8416
-8785
-9947
-11089
-11028
-10174
-9725
-9527
-8546
-6583
-4418
-2504
-570
1598
3726
5388
6633
7762
8723
9080
8782
8233
7634
6906
6145
5444
4577
3596
3023
2981
2933
2631
2464
2604
2701
2461
2101
2042
2158
1650
409
-354
-126
-302
-1597
-2439
-2083
-2073
-2956
-3074
-2202
-2060
-2728
-2699
-1939
-1557
-1516
-1505
-1630
-1494
-825
-578
-1051
-915
-247
-590
-1357
-746
196
-504
-1673
-1338
-513
-714
-1117
-897
-765
-914
-669
-245
-104
98
441
425
409
1021
1553
1268
912
1199
1283
654
155
290
324
-169
-607
-815
-1076
-1515
-1909
-2363
-2746
-2743
-2900
-3787
-4066
-1482
2139
3103
2177
4405
10041
13558
13306
13095
15213
16327
14892
12702
11296
9702
6763
3166
-368
-2489
-3780
-5212
-7420
-9103
-9500
-9248
-8459
-8010
-8314
-9299
-8997
-8156
-8860
-10721
-11411
-10911
-12035
-13995
-14361
-12496
-10992
-10539
-9590
-7171
-3547
-155
2649
4830
7414
10000
11652
12263
12584
12804
11947
10308
8465
6936
5539
4367
3028
1249
71
350
1041
536
-308
-31
654
296
-455
-673
-899
-1669
-2063
-2104
-2326
-2129
-1099
-450
-591
514
2353
2853
2221
2942
3922
2923
1632
1769
1845
105
-958
-780
-990
-1841
-1770
-1224
-1680
-1684
-1110
-1105
-1939
-1741
-1336
-2320
-3202
-2759
-2321
-3248
-3351
-2234
-1633
-1823
-1103
265
650
771
1562
2332
2179
2124
2210
1746
804
428
172
-684
-1258
-1679
-2338
-3572
-3680
-3705
-4588
-5221
-5265
-5780
-7308
-4163
2175
5444
3397
4634
13672
20744
21171
18719
21413
23943
22257
18050
14758
13261
9115
3941
-2756
-6098
-7297
-8573
-11786
-15252
-14963
-14329
-12632
-12134
-11551
-12750
-13002
-11065
-11060
-12933
-14986
-13195
-13320
-15553
-16681
-13633
-9447
-8318
-7235
-4839
705
5702
9259
10785
12543
15466
16668
15918
14086
13752
12178
8867
5024
2516
1292
94
-1144
-3424
-4834
-4119
-1944
-1540
-2713
-2589
-1169
-794
-2101
-2537
-1720
-1306
-2231
-2868
-1557
1154
3143
3580
4333
6942
9511
9690
8735
8902
9047
6666
3364
1838
1500
-648
-3988
-5623
-5016
-4355
-5176
-5781
-5177
-3847
-3894
-4724
-4663
-3783
-4015
-5889
-6266
-4676
-3067
-3493
-3561
-1664
662
1814
2311
4006
5411
5559
4613
4389
4711
4210
2767
1191
667
417
-553
-2305
-3726
-4244
-5191
-6797
-7402
-7591
-9114
-10817
-5833
3423
7365
4529
6661
19767
29603
28925
24493
27637
31389
27539
19912
14421
12683
6683
-1607
-10552
-14307
-14761
-16487
-19957
-23754
-22224
-20424
-17675
-16347
-15456
-16175
-16647
-13706
-13457
-15397
-17754
-14828
-13181
-15298
-15784
-10765
-2965
-565
576
3774
11179
17319
19534
19557
19629
21317
20061
16334
11792
9553
6765
1512
-3729
-6721
-6860
-7145
-7651
-8957
-9080
-6848
-3551
-2095
-3218
-2973
-994
45
-1596
-2037
904
3569
3297
3203
7508
12900
14684
13835
14562
16403
15770
12484
8958
6156
2791
-1858
-6552
-8915
-8824
-9301
-11953
-12844
-9543
-5977
-6242
-7151
-4974
-2900
-3992
-5802
-4776
-3529
-4369
-5715
-4900
-2223
59
1290
1659
3485
6351
7923
6890
5944
6654
5814
2712
273
301
-524
-3720
-6555
-7432
-7713
-8762
-10427
-11243
-11199
-11554
-13116
-10917
601
10901
11014
7775
14400
27276
32433
28159
24997
28704
28006
21087
13014
9316
5720
-2082
-10191
-16807
-17617
-17583
-18386
-21549
-22877
-19984
-17136
-14035
-13166
-12327
-13397
-12486
-9843
-9674
-10932
-11005
-6789
-5773
-6713
-4680
2605
9062
9449
9661
12447
17838
19623
17757
14411
11779
9901
5328
-164
-4922
-6850
-9629
-13894
-16590
-15861
-12711
-10785
-9575
-8938
-6693
-2657
1121
2138
1383
2949
5716
6952
6904
8952
11878
12551
12077
13410
15773
15921
13773
10819
8166
5700
3088
-852
-5242
-8013
-9297
-10894
-12117
-10579
-8226
-7666
-7830
-5459
-2161
-986
-1523
-1665
-1011
-993
-1054
-1137
-678
52
834
1394
2217
4509
6181
5853
4309
4428
5305
3981
1213
-729
-1446
-3356
-5948
-7302
-7895
-8795
-10226
-11298
-11246
-10804
-10734
-11393
-6278
6074
13842
12258
10485
19286
30208
31459
24780
22170
24714
21267
12637
4107
646
-3511
-10478
-17509
-21731
-19971
-18309
-18365
-20697
-19389
-14811
-11356
-8983
-8604
-7792
-8351
-6660
-4636
-4822
-5383
-3700
825
1447
1342
4620
11620
15375
13384
12005
13237
15547
13103
7548
1907
-1518
-4371
-9589
-14327
-16419
-15380
-15722
-16852
-15678
-11099
-5584
-2548
-848
590
3729
7123
8867
7877
6482
8269
11329
11992
10606
12438
15709
14587
10493
9926
11079
6769
-609
-4814
-6411
-9530
-12447
-13492
-13886
-12803
-9382
-6236
-4685
-910
3869
4457
2353
3841
6668
4346
-310
-1281
-16
-1168
-2417
-1243
479
1067
1738
2965
3448
4163
4312
2386
-586
-1481
-1004
-2935
-5974
-7057
-6430
-7012
-8438
-7962
-6926
-7082
-7509
-6670
-5802
-5370
1071
12325
17619
14599
13945
22953
31566
30404
22423
18930
19036
14392
5003
-4177
-7747
-11183
-17122
-24154
-26116
-21335
-17608
-17405
-18817
-15061
-9125
-4804
-2684
-2301
-1627
-1581
508
1552
1298
1478
3834
6690
5979
6040
9101
14030
14156
9491
5744
5047
4888
-162
-7232
-12668
-14583
-16288
-19218
-20121
-17858
-13505
-11060
-8855
-4798
1655
7582
9974
10201
10039
11793
13229
12346
9048
6629
7545
8828
8498
7785
8960
8652
4836
1426
872
-594
-6112
-11478
-13398
-13196
-12551
-10953
-8735
-6119
-1998
2698
5815
7925
10422
10656
7267
4180
4049
3136
-1081
-4796
-5166
-4211
-3837
-2729
-681
768
1340
1845
2278
2320
1911
232
-2685
-4648
-4176
-3572
-4747
-5916
-5165
-3838
-3827
-3385
-2264
-1975
-2772
-2999
-2870
-3253
1678
12542
18941
15041
12364
21303
31209
29738
19534
14361
14074
8641
-1723
-11210
-14432
-17272
-22267
-27827
-28362
-21258
-14512
-12116
-12928
-8588
-1227
3683
5213
4718
4539
2929
3584
4224
3522
2623
4142
6891
5193
3869
6268
10782
9163
1838
-3386
-4648
-4990
-10088
-16253
-19917
-19322
-17689
-17341
-14804
-9079
-1632
2033
4214
8449
14505
18271
16911
13957
10960
10052
9244
7011
3224
597
1182
831
-507
-375
1821
56
-5434
-7198
-4848
-4325
-7791
-8961
-7133
-4795
-2159
1486
4585
5905
7587
8261
7440
6768
6663
3411
-2714
-5361
-3970
-3583
-5967
-6206
-3573
-1734
-912
1098
3608
3384
1610
452
-149
-758
-1435
-2892
-5407
-5751
-3415
-2059
-2835
-2301
-104
340
-759
-556
677
-345
-3283
-4852
760
12031
18540
14822
11421
20518
31130
29174
17135
10981
11497
4892
-8167
-17856
-18104
-19197
-24892
-29235
-26778
-17548
-9899
-5946
-5738
-2314
4303
8680
8740
6043
5166
3371
2645
2159
1712
2051
4043
6807
4300
1704
3646
7813
4521
-5674
-11696
-11849
-11721
-16794
-20745
-19786
-15690
-12086
-9314
-3457
4294
11534
13558
13079
14479
17521
17843
12412
6599
2867
1675
474
-1299
-2701
-2989
-1458
-1343
-1883
-1183
407
-1678
-6476
-7071
-3948
-2343
-3872
-3171
278
3372
5634
7485
8559
7735
6256
3804
1074
-525
-1715
-4576
-8104
-7712
-4260
-2138
-2342
-1258
1543
2568
1942
2011
2504
714
-2322
-3831
-3679
-3086
-2836
-2930
-3037
-1545
919
1738
1324
1422
1672
70
-2123
-2987
-3923
-5747
811
14449
20360
14280
11746
25386
31788
26382
13108
6944
7682
-1519
-15235
-24220
-21819
-21139
-24832
-27434
-20730
-7489
473
617
-1546
3454
9506
10253
6128
2162
982
-397
728
1370
1945
3732
7621
8933
3576
970
3535
4175
-5775
-17637
-20245
-17008
-16316
-20499
-19981
-12924
-4311
95
3261
10659
18137
19851
14516
11110
11842
11453
5985
-1275
-4037
-3993
-2797
-2440
-1828
-941
241
600
-1519
-1528
277
-961
-6987
-8515
-2862
866
51
485
5043
7210
6959
7295
7443
5136
958
-2196
-4538
-4605
-3775
-4174
-5613
-4530
64
2858
2287
1412
2576
1943
-1160
-2314
-1413
-2350
-5293
-5187
-2632
-1018
-67
1208
1718
1197
1877
2236
363
-1655
-2591
-3939
-6672
-7413
-753
14167
23554
20932
13744
23877
30793
26471
16930
2170
1197
-4338
-17855
-28958
-25837
-19457
-20930
-23797
-17356
-1658
7920
7258
1981
2017
6441
7691
3995
-1532
-2194
-1191
571
2918
5964
9266
10615
9747
3030
-3201
-3980
-3960
-12270
-25379
-28913
-22200
-15175
-14768
-12827
-3679
6787
11254
11295
15531
20672
18809
9162
1913
2353
4042
1345
-4744
-6212
-2559
1011
731
-474
941
529
-3945
-8354
-6114
-1857
-3600
-7846
-5725
2773
7693
7571
7602
9291
8714
5314
2831
1401
-587
-4696
-8077
-7447
-3094
381
-267
-1223
761
3819
3525
942
-306
-1016
-3586
-6305
-4941
-1730
-1360
-2986
-2071
1574
3897
3773
3039
2124
736
-1115
-2403
-3082
-3675
-5113
-6873
-5915
5148
21651
28607
21819
17128
26883
27494
22257
7485
-4182
-5911
-14520
-25358
-29469
-21096
-15342
-16686
-17272
-8292
5035
10237
6120
-745
-964
2465
3062
63
-1729
1343
4038
6293
8049
10463
12193
10381
3150
-8026
-13191
-12270
-13448
-22041
-28604
-23485
-12843
-6086
-4251
1390
10355
14772
11722
9012
12372
13820
7416
-1952
-3665
1569
5070
2776
-700
684
3038
1570
-2769
-4145
-3561
-6773
-11712
-11009
-3069
2026
432
-147
5471
11120
10289
7041
5357
3923
19
-3601
-3856
-2113
-1831
-4035
-4041
-88
4030
3576
502
-669
-330
-896
-2683
-3082
-2328
-2735
-4153
-3049
1064
3001
923
-747
810
2319
1432
59
-693
-1429
-2456
-2788
-2202
-1349
-1911
-3645
-1909
12458
27523
28315
16288
16960
27368
25763
14574
-2638
-5241
-6929
-17763
-27675
-24637
-13338
-12240
-16992
-15100
-2520
7041
5704
-39
-3163
16
2552
2645
1556
3482
6757
7172
7998
8565
8939
6530
1324
-8136
-17434
-18090
-14685
-15877
-22779
-22309
-12005
-2257
337
994
7601
13196
10892
4562
5301
10903
9586
1630
-2683
2367
7704
6547
1610
110
1158
-1885
-6733
-7774
-5094
-6517
-10288
-8352
-315
6231
5975
4505
6118
9120
8141
4148
1954
805
-2040
-5429
-4008
-33
1078
-1352
-2603
72
2628
1831
-1289
-2279
-1674
-2315
-3130
-1402
1443
609
-1761
-1467
1267
2001
-546
-3035
-3137
-1466
-1133
-1199
-409
1166
987
-162
177
1112
375
-2462
-4407
1598
17437
27035
21509
12759
20378
28367
22047
4999
-7207
-6318
-11070
-22281
-27997
-18885
-8731
-11352
-15124
-7432
7306
10873
3842
-2190
-1053
3496
3286
1116
933
5387
7141
5015
4492
5474
4659
-2163
-10784
-18228
-19513
-16065
-14789
-17038
-17148
-8644
1388
6298
6284
8273
12540
11044
4519
1243
5794
7278
611
-4900
-946
6544
6043
382
-3114
-1987
-3255
-7579
-8440
-4764
-2232
-4809
-3404
5203
13108
11632
5647
4891
6848
5275
-883
-4241
-3915
-4260
-5908
-4400
1708
4619
1906
-1120
1084
4191
2434
-2059
-4398
-3078
-2301
-2597
-1930
484
1132
-1244
-2071
219
1971
-704
-3770
-3223
-95
1337
95
-30
927
772
-1114
-1842
-1151
-2504
-4346
-5064
-624
13790
26974
27208
17272
18087
27139
24302
8370
-8015
-11343
-12338
-18955
-25425
-19834
-6734
-5067
-10389
-8046
5387
11256
4170
-4284
-5258
871
3187
2471
2418
7421
10375
6899
3908
3199
2050
-5750
-15793
-22886
-22393
-16660
-13759
-13502
-11737
-3568
4531
8345
7885
6998
8077
5729
539
-2280
2670
6724
2844
-2004
433
7500
7135
-121
-6343
-6096
-5433
-9232
-10228
-4489
3099
3647
3526
9890
16664
14444
5203
521
378
-1033
-5948
-8179
-5368
-2380
-1644
-820
3931
6931
4108
-651
-895
1648
352
-3016
-3818
-1242
-6
-619
-437
964
1013
-1831
-3659
-2376
-562
-1770
-3513
-1910
1202
2385
1415
1167
1308
260
-2412
-4165
-3921
-4041
-5767
-6049
-3449
3888
19372
30812
27998
17099
18864
26835
19661
676
-13637
-12792
-11804
-18217
-22349
-12914
237
-2977
-11386
-7365
6951
8061
-4146
-10990
-5176
4887
5823
4528
7601
14093
12875
4842
968
74
-4094
-14765
-23309
-24799
-18622
-11384
-9347
-8676
-4858
2991
7155
6500
3775
2659
3092
577
-2009
223
7441
9246
3462
-3
3677
7226
1195
-8280
-11665
-8108
-6393
-7602
-3402
4788
8037
5557
8138
14295
13337
4585
-2379
-2331
-757
-1878
-4803
-3976
-28
1074
-272
1141
4436
2041
-3349
-3946
68
1918
-384
-2031
-681
1723
1391
-768
-1467
-1155
-2594
-4648
-3356
-219
574
-932
-576
2264
4171
2832
263
-591
-1451
-3540
-5445
-4739
-3741
-4301
-4486
-2116
907
11308
26268
30533
20537
12306
20157
23065
9843
-8561
-14307
-8404
-9794
-17483
-17125
-3106
2454
-8002
-13554
-2478
9124
2022
-9590
-9536
2945
9911
6395
5267
10247
12360
4005
-2929
-3587
-4549
-11838
-20438
-22515
-17391
-9338
-6286
-6604
-5592
-809
3662
4118
1994
510
2030
2428
592
1489
7679
10929
5338
-1636
-1231
2867
-75
-8582
-11191
-6363
-4082
-5767
-2638
6558
10751
7448
5950
9783
12259
6091
-1750
-3373
-783
-1368
-4456
-3286
640
1521
-1462
-1284
2455
3628
-622
-3669
-88
3314
1881
-1083
-152
1290
-508
-2994
-3220
-1771
-2410
-4103
-3717
182
2602
898
-92
2217
3691
1157
-1300
-936
-691
-2969
-5152
-4301
-1889
-1347
-3214
-3386
-906
2481
14679
26744
26666
14985
12539
22388
19999
3645
-11621
-10993
-6050
-10648
-17729
-12399
985
111
-10758
-10792
2748
7369
-3282
-10564
-4087
7919
8725
4184
6336
12348
8635
-2387
-6579
-4642
-7155
-16246
-21733
-18964
-10742
-5484
-5240
-5241
-2692
984
2188
1697
53
416
2050
2475
2250
5373
10297
8603
1565
-2939
-552
754
-4961
-9819
-8044
-2993
-1562
-378
4258
7405
6771
4550
4780
6320
5809
1188
-2273
-327
2749
1337
-1726
-621
797
-628
-2423
-1447
409
-127
-1456
-718
2048
2534
357
-1290
-634
-305
-2036
-3021
-2205
-708
-865
-1370
-292
1353
1147
-319
127
1639
1318
-272
-1000
-409
-892
-2464
-3741
-2939
-1844
-2064
-3450
-2956
-1242
3904
19430
28899
23822
11410
14325
22978
15172
-3255
-14565
-9687
-5012
-9759
-14141
-5736
2666
-2963
-11434
-6438
4333
1550
-9045
-10837
1211
11782
9592
3984
6080
9732
4069
-4620
-8904
-9660
-13647
-17818
-17592
-11996
-5165
-3914
-5592
-5675
-2024
709
-256
-3710
-4651
353
5879
6624
5146
7385
9499
5892
-691
-3252
-1439
-2908
-7673
-8294
-2543
2055
1796
2087
5048
6729
5167
2980
2443
3633
2791
510
282
3137
3271
-107
-1534
-37
452
-1878
-2786
-1457
711
936
419
963
1289
58
-1811
-1666
-1328
-2058
-3124
-2346
-429
596
135
-581
-28
312
-10
-485
558
706
-158
-330
84
233
-1349
-2295
-2678
-1554
-1548
-1961
-2917
-1324
437
8846
23184
26306
17012
8376
16152
19337
7643
-8558
-11924
-5450
-3498
-8152
-7936
354
-221
-8518
-11668
-1972
2693
-4715
-10737
-5037
8210
12150
8001
4709
6432
3196
-3963
-7355
-7994
-10786
-16325
-15561
-9949
-3647
-3321
-6089
-7098
-5572
-3989
-3609
-2844
-3425
-1847
2025
7336
9372
8488
6067
2571
309
-1317
-1385
-2563
-4690
-5360
-1003
4558
5168
3247
2494
2825
1868
2066
1729
349
201
2101
3782
3900
3464
764
-1576
-1456
231
-373
-1686
-1153
683
2334
2583
1825
-370
-2382
-3182
-2283
-1805
-2386
-2795
-1731
382
1500
1149
-422
-1412
-1153
-462
-102
55
275
-29
251
965
576
-1175
-2466
-2267
-1713
-810
-751
-749
-1464
11
3253
15499
24872
20578
9057
8216
17853
14522
581
-10053
-5912
-1196
-2962
-7313
-2746
1363
-5873
-13263
-9183
1884
-149
-8415
-8476
3462
12713
9354
3079
2624
3887
-2508
-8047
-8100
-6252
-10266
-14513
-11548
-4560
-1129
-6235
-10907
-10294
-5683
-3992
-4275
-3780
-1300
2785
5254
6771
6845
6387
2374
-1798
-2315
772
2233
-727
-1802
178
4034
2862
1009
624
753
146
504
3312
3765
3130
2040
3031
2966
2534
17
-2167
-1555
207
1105
258
952
954
511
-24
484
-270
-2182
-2944
-1910
-144
-338
-995
-1593
-881
-327
-432
-736
-928
-833
-632
510
1511
1333
-82
-1011
-322
-238
-989
-2247
-2086
-1072
263
841
697
-114
-997
-492
5073
19377
23706
15558
5461
11861
19200
10689
-4387
-9152
-1759
-175
-4631
-6743
1052
455
-9111
-13760
-4687
3263
-3735
-10554
-5524
8218
11726
5146
519
2839
1662
-5820
-8525
-5842
-4406
-10250
-12552
-7926
-1461
-2341
-9436
-12618
-9622
-4881
-4480
-4458
-3081
963
3955
4907
5321
5435
4201
-457
-2606
-253
3878
3002
-360
-1158
2210
4562
2428
1016
929
1374
748
2817
4628
3356
969
903
2011
1950
1018
-1634
-2402
-828
1552
1332
552
819
538
123
492
917
-681
-2105
-2130
-618
-88
-992
-1943
-2088
-1201
-597
-316
-514
-663
-759
-330
363
840
610
-706
-1097
-484
93
-572
-1533
-1323
-646
137
586
517
215
-1262
-1106
1211
13237
22740
18839
7654
6681
17254
14493
916
-8667
-2311
2546
-836
-5993
-1613
2410
-5703
-13412
-9796
1457
-631
-8870
-7920
3931
10747
4889
-1038
-30
2082
-4369
-9135
-6786
-2164
-4801
-10037
-8232
-3365
-2147
-8359
-12541
-11244
-6583
-4987
-4895
-2664
843
2983
1929
2176
3412
4073
889
-2238
-269
4517
5804
1818
37
2319
3672
848
-1006
1986
4224
2148
1139
4708
6136
2216
-878
379
1261
-259
-988
-418
510
1059
810
52
441
812
-594
-1383
425
1367
-458
-1254
-167
-238
-2041
-2674
-1798
-1434
-1633
-1144
-88
427
0
-811
-638
-161
-233
-862
-771
87
347
-271
-511
37
-12
-442
-561
861
364
-304
-1106
-41
1051
8646
19830
19406
10006
4283
13454
14533
3724
-6445
-2180
4718
1643
-4168
-2992
2628
-3542
-11943
-11121
-429
1064
-7087
-8030
1252
8221
2506
-3432
-2097
1408
-2891
-8395
-6185
-1467
-1974
-7913
-7790
-4014
-3128
-8197
-11614
-9520
-6167
-5001
-5418
-2459
671
1873
-372
-673
1757
3110
1490
-696
1383
4912
6063
3000
1061
1580
2590
1719
-149
1671
4195
4883
2867
3504
4980
3094
-582
-919
1148
459
-488
-297
1157
693
80
-267
-224
166
0
-360
66
1509
949
-580
-1135
-676
-1446
-2648
-2221
-1630
-1561
-1461
-526
-319
-844
-1367
-1464
-975
-563
167
-12
714
683
129
268
251
7
-1203
-584
286
814
86
108
-593
-688
-9
6778
18414
18715
9691
3663
12244
15117
4630
-4858
-795
6251
2787
-2605
-1560
3208
-3009
-11375
-10250
-1155
467
-7357
-8409
-24
5716
87
-5473
-3025
670
-2837
-7907
-5237
-905
-1558
-6509
-7045
-3918
-4011
-8304
-10902
-7983
-5199
-5522
-6735
-3645
-74
266
-1900
-2392
385
2233
1717
602
2434
4878
4933
2935
2521
3455
2402
401
453
3238
4438
3866
3708
4783
4535
2772
1421
553
218
-143
432
866
1042
462
-38
133
401
-19
-843
-223
856
1199
525
144
-81
-862
-1531
-1624
-1574
-2117
-2275
-1666
-978
-1158
-1871
-2037
-1479
-724
-659
-370
542
1027
550
78
503
665
-375
-846
-49
796
405
200
347
421
-651
-1629
-975
3938
14638
17697
11038
4150
9478
14533
6719
-2855
-1233
6730
5097
-348
-883
3901
203
-8979
-10656
-3591
230
-6114
-9165
-2743
4112
491
-6359
-5636
-698
-1665
-7423
-6667
-646
612
-4347
-6672
-3379
-2697
-7217
-10546
-7751
-3918
-4342
-6590
-5188
-854
-52
-2683
-4003
-1102
1592
1187
650
2784
5150
4466
2754
2914
4304
3392
1112
873
4190
7055
5716
2951
3029
4278
2620
172
0
684
-8
349
2124
2091
202
-503
363
517
86
-246
-70
599
1445
1151
-292
-874
-979
-1403
-1808
-1845
-2025
-2110
-1846
-1409
-1136
-1717
-2286
-1834
-468
-75
-606
-282
434
528
549
676
6
-405
75
825
559
169
339
769
537
63
-256
-346
244
3046
9712
13498
10598
5098
5833
9396
7355
1242
-576
3802
5848
3498
724
1721
1564
-2911
-7292
-6591
-2876
-2689
-5287
-5435
-1773
286
-2493
-5894
-5619
-3656
-4658
-6895
-5442
-1683
-740
-3746
-5380
-4031
-3196
-5532
-7898
-6543
-3708
-3079
-4287
-3182
-801
-461
-2356
-3022
-1224
441
291
-121
1386
3558
3896
2574
2131
2953
3381
2776
2539
3358
4614
5064
4619
3975
3602
3094
1889
859
715
1284
1399
1146
1063
1242
1222
585
-257
-715
-370
111
331
428
514
267
-281
-567
-674
-980
-1358
-1337
-926
-531
-345
-453
-695
-717
-444
-367
-799
-998
-529
19
-44
-267
-176
-58
-170
-269
-221
-321
-442
-276
161
488
412
199
132
171
-5
-246
-59
808
2149
3017
2687
1722
1725
2653
3159
2738
2507
2643
2779
2906
3488
3780
2893
1595
1181
1901
2125
1324
-184
-906
-660
-159
-712
-2202
-3240
-3473
-3556
-4030
-4068
-3987
-4462
-5286
-5009
-3988
-3887
-5120
-5986
-5545
-4614
-4147
-4121
-4025
-3766
-3150
-2633
-2315
-2394
-2398
-2323
-1873
-949
-26
265
-60
333
1459
2459
2439
2285
2617
3238
3845
4382
4670
4335
4156
4451
4772
4505
4088
3781
3551
3612
3864
3682
2878
2277
2171
2006
1436
781
350
181
149
-36
-557
-1085
-1328
-1423
-1654
-1899
-2026
-2146
-2229
-2116
-1948
-2131
-2493
-2436
-1945
-1628
-1756
-1835
-1646
-1437
-1394
-1312
-1174
-1204
-1140
-720
-117
-40
-337
-531
-224
422
1628
3121
3836
3162
2296
2768
3856
4307
3969
4011
4199
4431
4680
5120
4916
3957
3030
2693
2922
2934
2333
919
76
312
600
-720
-2687
-3602
-3670
-4154
-4730
-4506
-4378
-5194
-5864
-5238
-4704
-5587
-6988
-7112
-6359
-5702
-5422
-5066
-4799
-4503
-3855
-3234
-3044
-3269
-3170
-2880
-2119
-1012
-75
-48
-134
823
2058
2409
2084
2522
3345
3861
4229
4951
5323
4937
4789
5229
5464
4990
4596
4578
4650
4710
4639
4025
3121
2684
2618
2122
1359
920
767
445
115
-115
-658
-1408
-1888
-1931
-2162
-2577
-2832
-2755
-2657
-2651
-2616
-2726
-2903
-2886
-2444
-2116
-2230
-2444
-2292
-1868
-1657
-1552
-1416
-1158
-913
-552
-135
16
-38
-67
271
896
2155
3562
4099
3314
2724
3442
4415
4518
4178
4417
4526
4388
4502
5161
5023
3887
2931
2925
3275
2984
2109
861
165
72
-107
-1444
-3125
-3843
-3866
-4172
-4579
-4330
-4406
-5443
-6263
-5706
-5156
-6091
-7335
-7215
-6137
-5511
-5328
-5030
-4729
-4527
-4136
-3515
-3229
-3271
-3152
-2595
-1644
-581
105
51
27
839
1974
2359
2236
2635
3435
4015
4452
5047
5286
4916
4739
5159
5504
5172
4647
4538
4764
4890
4553
3838
3128
2763
2571
2217
1710
1162
689
324
127
-210
-914
-1705
-2139
-2160
-2208
-2421
-2710
-2797
-2658
-2472
-2512
-2835
-3074
-3019
-2733
-2528
-2430
-2358
-2244
-2029
-1725
-1418
-1293
-1257
-1086
-741
-379
-192
-72
62
326
770
1615
2919
3944
3937
3180
3087
3874
4603
4656
4634
4797
4722
4650
4962
5342
4752
3610
2924
3086
3268
2714
1481
252
-160
-227
-899
-2382
-3456
-3748
-4006
-4474
-4509
-4313
-5035
-6194
-6308
-5438
-5446
-6623
-7303
-6691
-5798
-5467
-5279
-4982
-4755
-4535
-4001
-3372
-3078
-3038
-2844
-2235
-1255
-284
80
-57
246
1333
2271
2459
2609
3259
3814
3996
4430
5154
5346
4997
5007
5429
5503
5152
4961
4960
4859
4661
4319
3660
2983
2711
2523
1996
1417
1123
794
241
-167
-423
-990
-1797
-2212
-2204
-2322
-2677
-2890
-2896
-2956
-3091
-3156
-3203
-3293
-3236
-2918
-2592
-2462
-2397
-2221
-2025
-1871
-1659
-1400
-1205
-985
-581
-146
94
187
273
379
535
843
1376
2322
3590
4400
4096
3423
3679
4699
5241
5018
4838
4903
4825
4693
4854
4880
4183
3139
2601
2689
2639
1834
457
-613
-916
-1047
-1861
-3132
-3930
-4160
-4399
-4667
-4636
-4805
-5674
-6467
-6228
-5654
-5986
-6808
-6856
-6096
-5439
-5081
-4741
-4551
-4572
-4300
-3563
-2979
-2863
-2747
-2205
-1347
-420
272
434
371
804
1726
2361
2528
2808
3353
3830
4288
4885
5249
5177
5157
5418
5517
5273
5046
4981
4961
4953
4748
4062
3211
2745
2501
2073
1629
1373
1052
655
463
217
-543
-1477
-1984
-2208
-2552
-2876
-2983
-3059
-3154
-3089
-3023
-3260
-3578
-3544
-3251
-3053
-2940
-2736
-2527
-2380
-2131
-1764
-1535
-1450
-1191
-703
-301
-114
56
283
481
668
895
1046
1065
1148
1565
2545
3921
4841
4551
3637
3491
4316
4976
4843
4466
4300
4249
4335
4610
4611
3866
2833
2332
2457
2474
1748
393
-772
-1129
-1175
-1877
-3204
-4132
-4352
-4478
-4707
-4673
-4746
-5570
-6441
-6204
-5421
-5651
-6707
-6999
-6166
-5318
-4970
-4681
-4366
-4237
-3996
-3316
-2645
-2478
-2528
-2217
-1397
-337
469
628
487
908
1943
2666
2715
2785
3246
3699
4065
4647
5115
4929
4576
4834
5356
5359
4988
4831
4885
4883
4725
4240
3407
2727
2514
2369
1973
1544
1162
648
226
77
-297
-1210
-1999
-2112
-2046
-2349
-2787
-3017
-3154
-3277
-3286
-3307
-3503
-3679
-3548
-3223
-2974
-2863
-2788
-2641
-2336
-1870
-1434
-1191
-1044
-735
-230
175
296
352
574
847
1019
1156
1227
1109
1018
1254
1602
1928
2774
4105
4582
3631
2851
3495
4452
4480
4235
4401
4295
3785
3850
4402
4078
2800
1957
2001
2088
1677
821
-398
-1420
-1641
-1692
-2680
-4067
-4544
-4406
-4652
-4914
-4629
-4831
-6072
-6736
-5820
-5071
-5876
-6722
-6089
-4962
-4604
-4416
-3857
-3635
-3875
-3535
-2494
-1892
-1968
-1824
-1126
-325
402
930
875
608
1127
2288
2847
2687
2885
3525
3799
3881
4405
4780
4361
4093
4830
5569
5284
4700
4642
4674
4411
4167
3805
2974
2275
2318
2446
1950
1257
837
440
40
-150
-526
-1421
-2136
-2093
-1967
-2440
-3057
-3255
-3274
-3334
-3225
-3057
-3223
-3472
-3212
-2645
-2469
-2705
-2736
-2337
-1810
-1390
-1127
-1040
-973
-655
-175
63
-1
-2
263
625
917
1067
1012
853
868
1110
1287
1188
1001
1224
2297
3828
4511
3670
2546
2716
3846
4488
4310
3968
3621
3324
3570
4204
4020
2650
1419
1363
1887
1853
919
-542
-1667
-1800
-1506
-2095
-3580
-4558
-4532
-4362
-4424
-4316
-4485
-5511
-6317
-5612
-4483
-4828
-6021
-6073
-4917
-4056
-3846
-3666
-3559
-3693
-3418
-2423
-1645
-1705
-1910
-1483
-569
349
913
811
402
690
1839
2688
2649
2550
2966
3412
3671
4135
4529
4261
3893
4361
5188
5277
4771
4499
4497
4399
4181
3749
2975
2361
2394
2554
2164
1512
1057
636
193
-12
-250
-984
-1753
-1827
-1576
-1829
-2478
-2897
-3025
-3074
-3021
-2963
-3133
-3310
-3047
-2571
-2457
-2688
-2751
-2518
-2215
-1895
-1552
-1365
-1328
-1097
-623
-335
-426
-500
-229
186
472
659
806
818
763
904
1199
1223
913
769
986
1241
1670
2832
4140
4107
2856
2351
3274
4101
3969
3776
3889
3630
3268
3639
4081
3350
2050
1593
1861
1881
1439
597
-693
-1646
-1567
-1496
-2726
-4222
-4395
-3952
-4201
-4508
-4146
-4361
-5666
-6211
-5099
-4425
-5486
-6389
-5574
-4315
-4010
-3984
-3632
-3553
-3749
-3279
-2265
-1848
-2036
-1852
-1087
-274
432
866
664
388
1126
2477
2965
2652
2861
3609
3874
3836
4317
4809
4546
4255
4788
5426
5289
4847
4761
4745
4403
3876
3304
2749
2444
2388
2185
1715
1286
920
434
-64
-421
-841
-1402
-1768
-1847
-1973
-2318
-2683
-2947
-3134
-3237
-3263
-3298
-3338
-3250
-3045
-2873
-2821
-2850
-2852
-2703
-2367
-1978
-1691
-1504
-1291
-981
-677
-535
-502
-366
-77
213
475
746
907
920
1018
1255
1374
1392
1573
1738
1534
1217
1253
1637
2440
3774
4709
4073
2732
2682
3805
4336
4002
3841
3723
3171
3036
3722
3716
2266
1101
1365
1796
1253
360
-464
-1503
-2233
-2116
-2232
-3600
-4897
-4748
-4105
-4287
-4682
-4721
-5200
-6047
-5883
-4843
-4877
-5995
-6143
-4883
-3994
-4042
-3886
-3436
-3419
-3357
-2386
-1428
-1552
-1844
-1083
110
637
811
1076
1178
1299
2125
3193
3393
3072
3374
4180
4506
4398
4390
4323
4140
4464
5245
5362
4578
4008
4205
4362
3862
3078
2467
2098
1992
2054
1837
1130
381
85
90
-125
-736
-1407
-1736
-1686
-1620
-1893
-2476
-2994
-3111
-2901
-2811
-3100
-3465
-3463
-3121
-2844
-2848
-3011
-3098
-2921
-2478
-2010
-1809
-1804
-1641
-1149
-611
-424
-531
-462
33
600
863
933
1059
1242
1461
1793
2030
1937
1764
1897
2170
2228
2119
1949
1713
1515
1519
1812
2704
4082
4598
3360
1920
2145
3176
3317
2964
2971
2582
1703
1821
2724
2229
395
-275
506
644
-244
-843
-1339
-2445
-3063
-2562
-2692
-4289
-5208
-4367
-3710
-4337
-4738
-4433
-4809
-5614
-5180
-4132
-4538
-5648
-5194
-3636
-3104
-3449
-3175
-2564
-2488
-2273
-1308
-683
-946
-857
217
1149
1264
1321
1676
1935
2242
2937
3441
3262
3136
3673
4210
4130
3894
3914
3971
4049
4315
4403
3942
3450
3453
3568
3249
2632
2041
1578
1390
1414
1199
607
167
158
132
-240
-721
-1118
-1489
-1711
-1676
-1723
-2145
-2569
-2533
-2294
-2334
-2588
-2714
-2683
-2587
-2417
-2300
-2393
-2482
-2225
-1789
-1559
-1505
-1351
-1077
-775
-412
-57
102
159
421
839
1071
1090
1187
1441
1669
1813
1925
1957
1892
1898
2026
2031
1797
1586
1599
1625
1455
1225
1064
852
534
266
118
108
404
983
1323
1043
515
282
364
536
710
723
478
311
507
680
365
-154
-381
-382
-414
-420
-460
-810
-1282
-1422
-1387
-1755
-2388
-2669
-2571
-2542
-2634
-2655
-2745
-2985
-3086
-2915
-2861
-3079
-3168
-2878
-2479
-2223
-2028
-1832
-1653
-1408
-1028
-700
-564
-450
-147
282
638
866
1014
1147
1322
1563
1801
1968
2107
2265
2432
2578
2731
2859
2905
2882
2820
2691
2516
2453
2505
2457
2230
2000
1829
1574
1258
1037
889
686
524
515
460
186
-140
-301
-425
-665
-896
-982
-1019
-1094
-1144
-1168
-1272
-1449
-1531
-1484
-1441
-1456
-1431
-1302
-1146
-1033
-946
-859
-781
-698
-578
-445
-353
-261
-103
74
176
219
274
358
455
580
709
785
832
916
1006
989
862
758
730
703
634
570
549
507
394
253
141
17
-155
-293
-332
-349
-371
-203
197
451
250
-90
-127
12
13
-21
79
104
3
97
337
193
-287
-444
-173
-31
-146
-168
-172
-383
-549
-479
-615
-1127
-1388
-1141
-982
-1216
-1375
-1318
-1421
-1642
-1613
-1530
-1777
-1989
-1701
-1265
-1213
-1309
-1173
-978
-924
-819
-586
-476
-474
-277
112
356
366
384
536
747
940
1134
1326
1473
1567
1667
1783
1837
1803
1784
1867
1966
1965
1901
1866
1824
1704
1567
1475
1380
1247
1126
1059
966
789
588
426
290
171
94
24
-113
-279
-386
-455
-552
-680
-783
-856
-857
-800
-780
-840
-927
-948
-900
-889
-905
-860
-782
-715
-650
-602
-590
-576
-521
-428
-366
-341
-277
-172
-99
-64
-23
21
52
99
183
254
275
274
280
299
313
295
276
281
296
290
249
196
151
87
18
1
4
-32
-85
-91
-99
-194
-288
-280
-254
-300
-329
-243
-153
-182
-229
-184
-153
-207
-201
-89
-17
-35
0
113
134
55
47
121
137
88
104
172
181
153
165
164
79
14
35
71
43
-3
-5
1
-21
-62
-105
-150
-172
-164
-143
-145
-174
-196
-198
-175
-170
-217
-253
-200
-114
-96
-123
-123
-103
-105
-77
2
23
-29
-6
117
158
91
74
141
164
147
187
238
206
167
214
267
214
130
156
223
201
142
138
161
136
100
98
86
30
-5
29
54
15
-35
-27
0
-15
-52
-66
-58
-51
-39
-16
-8
-21
-19
1
-2
-27
-25
2
24
31
39
48
39
34
43
43
25
23
50
75
67
44
36
38
35
24
11
2
-1
2
11
8
-19
-46
-48
-33
-43
-70
-77
-66
-65
-77
-84
-87
-102
-120
-116
-109
-125
-141
-132
-120
-126
-135
-130
-120
-124
-132
-120
-105
-97
-93
-86
-74
-66
-55
-40
-25
-20
-15
-1
19
36
49
56
68
92
115
121
123
133
145
154
158
160
162
170
172
167
157
149
146
141
126
112
102
94
84
73
55
34
11
-3
-14
-29
-43
-61
-71
-78
-90
-105
-118
-122
-125
-125
-129
-128
-128
-125
-121
-119
-121
-116
-104
-96
-91
-86
-74
-65
-59
-48
-35
-26
-18
-5
7
13
18
26
39
46
52
55
63
77
77
73
80
84
88
86
86
86
83
83
86
85
77
71
67
68
62
51
42
40
38
31
21
11
7
3
4
-3
-16
-21
-21
-25
-35
-43
-46
-45
-47
-51
-51
-51
-54
-55
-55
-54
-52
-51
-48
-47
-46
-43
-41
-39
-35
-30
-22
-21
-21
-21
-9
-6
-9
-4
8
13
10
14
20
23
23
22
28
35
37
34
33
37
32
28
27
32
31
26
23
24
20
14
8
9
7
4
1
-2
-1
-6
-10
-10
-16
-19
-22
-21
-24
-26
-27
-28
-28
-29
-33
-33
-35
-35
-34
-28
-24
-21
-21
-22
-17
-16
-17
-16
-9
0
2
3
6
7
9
7
9
14
16
19
23
26
30
29
23
21
24
29
27
27
29
31
25
19
19
18
14
13
14
13
6
6
10
10
6
-1
-1
-3
-7
-7
-9
-8
-11
-15
-16
-18
-17
-20
-23
-19
-14
-12
-15
-14
-12
-12
-13
-17
-15
-15
-12
-9
-9
-9
-9
-4
-3
-6
-4
-2
2
3
6
8
9
12
10
11
15
14
12
15
16
14
13
14
15
17
13
12
13
16
13
7
7
7
6
1
-1
-1
-1
-3
-4
-4
-9
-7
-8
-12
-11
-9
-10
-14
-18
-18
-16
-16
-18
-21
-18
-17
-16
-20
-20
-16
-14
-12
-15
-15
-11
-8
-7
-5
-4
0
4
5
6
8
11
11
9
12
14
14
15
17
18
18
15
14
15
16
14
14
13
12
15
12
6
4
2
3
4
0
-1
3
2
-2
-4
-3
-1
