SAMPLES:	6922
BITSPERSAMPLE:	16
CHANNELS:	1
SAMPLERATE:	16000
NORMALIZED:	FALSE
0
-1
1
1
1
2
0
4
0
-2
-2
-2
-3
-2
-3
-1
-1
-4
-4
-3
-3
-1
0
-2
0
-1
-3
-2
-6
-5
-4
-3
-5
-4
-2
-3
-3
-3
-2
-1
-1
-2
-2
-3
1
6
-1
-1
1
1
-2
0
3
5
2
4
2
1
5
6
1
4
5
2
2
5
5
1
4
0
2
3
4
2
2
2
3
1
-2
0
3
3
1
0
-1
1
0
0
-1
-1
-4
-3
-2
-2
2
-1
1
-1
-2
-1
-3
-3
-3
-1
-1
-2
2
3
-1
1
-3
-1
-2
1
0
-4
-4
-2
1
-1
0
0
-1
1
0
-2
0
-1
0
-1
1
-1
-3
-1
0
-1
-4
-5
-6
-5
-1
1
-1
-5
0
0
-2
-1
-4
0
-1
1
1
1
2
-2
-1
0
-4
0
1
2
-1
0
3
-1
0
2
-1
1
4
2
3
4
4
3
6
3
1
0
3
4
2
3
2
2
3
1
0
1
3
1
2
5
2
1
0
2
-1
0
-1
1
-1
1
0
0
1
1
1
-1
3
3
0
0
2
5
5
1
0
-4
-4
-3
0
3
3
-1
-2
-3
2
-2
-5
-1
2
1
1
8
1
1
3
0
0
-1
-2
-3
-4
-4
-2
-6
-2
0
-5
-1
-3
-3
-7
-7
-9
-10
-10
-9
-8
-12
-9
-6
-6
-7
-7
-7
-6
-7
-5
-5
-4
-4
0
0
-3
0
-1
0
2
-2
0
0
-4
-5
-2
-1
1
0
3
4
7
11
15
17
14
15
17
22
28
29
25
21
23
33
37
28
18
10
11
14
16
20
20
23
27
28
22
14
15
27
44
62
84
105
126
144
149
159
175
192
219
248
272
320
349
368
393
399
407
435
440
437
437
424
423
425
388
335
273
204
142
67
-16
-102
-177
-248
-344
-459
-570
-684
-778
-849
-964
-1057
-1116
-1178
-1220
-1264
-1369
-1421
-1446
-1466
-1453
-1428
-1386
-1343
-1298
-1240
-1175
-1101
-1018
-923
-815
-709
-594
-479
-357
-220
-70
76
206
316
414
521
648
778
887
974
1046
1107
1171
1231
1260
1252
1225
1209
1222
1240
1264
1283
1281
1246
1182
1109
1008
875
749
633
500
339
209
124
60
-45
-218
-400
-535
-639
-721
-753
-707
-580
-249
552
1630
2249
1955
1229
947
1334
1879
2223
2315
2185
1981
2018
2271
2246
1650
795
220
105
213
150
-224
-623
-773
-924
-1491
-2285
-2783
-2883
-2862
-2832
-2787
-2920
-3237
-3313
-2990
-2837
-3271
-3843
-3904
-3478
-3002
-2635
-2315
-2069
-1900
-1705
-1516
-1489
-1592
-1563
-1282
-924
-640
-405
-122
261
744
1164
1316
1290
1441
1928
2486
2805
2900
2947
3032
3186
3392
3498
3354
3131
3135
3309
3312
3088
2855
2695
2503
2263
2012
1681
1331
1168
1150
934
481
89
-107
-300
-585
-890
-1239
-1596
-1786
-1788
-1868
-2119
-2289
-2250
-2170
-2199
-2267
-2287
-2257
-2173
-2060
-1999
-2004
-1976
-1812
-1552
-1334
-1199
-1048
-812
-579
-440
-368
-285
-168
-27
148
265
248
233
341
471
441
351
352
401
575
1176
2054
2529
2375
2173
2389
2803
3145
3428
3518
3292
3069
3207
3457
3335
2846
2300
1870
1593
1432
1181
704
217
-77
-379
-923
-1510
-1895
-2187
-2534
-2819
-3009
-3299
-3649
-3735
-3543
-3512
-3822
-4132
-4160
-4018
-3855
-3621
-3329
-3112
-2934
-2639
-2267
-2012
-1831
-1550
-1214
-979
-806
-532
-191
134
472
827
1124
1390
1727
2086
2311
2428
2599
2884
3184
3339
3304
3191
3171
3235
3255
3169
2992
2799
2695
2629
2433
2098
1789
1569
1360
1152
945
663
342
123
-51
-361
-785
-1119
-1290
-1425
-1601
-1785
-1966
-2128
-2222
-2202
-2165
-2239
-2343
-2320
-2210
-2155
-2166
-2139
-2042
-1941
-1843
-1729
-1599
-1448
-1292
-1130
-994
-928
-891
-785
-675
-699
-775
-707
-244
1079
3360
5239
4999
3134
2067
2847
4181
4858
4987
4809
4437
4457
5222
5816
5127
3411
2002
1658
1954
2042
1590
801
167
66
25
-1003
-2745
-3665
-3467
-3381
-3751
-4035
-4417
-4985
-4717
-3569
-3437
-5001
-6317
-6024
-5135
-4687
-4397
-4037
-3751
-3342
-2718
-2357
-2537
-2862
-2872
-2471
-1929
-1529
-1235
-753
-21
772
1302
1341
1158
1404
2103
2669
2945
3306
3730
4003
4335
4801
4932
4594
4358
4557
4800
4782
4653
4538
4342
4057
3713
3276
2765
2329
2083
1910
1548
922
345
26
-256
-734
-1290
-1770
-2128
-2344
-2478
-2733
-3087
-3309
-3329
-3323
-3367
-3440
-3470
-3406
-3254
-3103
-3025
-3030
-3015
-2813
-2439
-2120
-1935
-1705
-1361
-1047
-814
-608
-466
-427
-336
-114
65
84
73
151
185
65
-125
-325
-443
78
1750
3973
5322
5080
3942
3086
3181
4097
5057
5298
4893
4643
5054
5784
6074
5422
3962
2462
1679
1591
1494
974
314
-43
-182
-623
-1611
-2808
-3727
-4219
-4405
-4549
-4912
-5374
-5401
-4782
-4115
-4146
-4893
-5729
-6036
-5691
-5046
-4531
-4207
-3825
-3196
-2424
-1834
-1685
-1918
-2127
-1990
-1592
-1185
-849
-417
277
1103
1729
1947
1915
1954
2207
2598
3024
3351
3501
3683
4197
4839
5094
4972
4884
4828
4514
4098
3935
3938
3895
3986
4320
4372
3693
2694
1995
1494
868
297
-9
-263
-571
-744
-928
-1501
-2315
-2930
-3400
-3877
-4053
-3823
-3623
-3595
-3455
-3321
-3558
-3963
-4108
-4000
-3880
-3738
-3439
-3043
-2772
-2591
-2226
-1845
-1789
-1724
-1314
-1217
-1681
-1589
-605
1
-289
-555
-295
9
-6
-197
97
1796
4854
7638
8323
7150
6215
6333
5455
2762
1543
4245
7495
7260
5463
6034
8055
7969
5504
2666
303
-1529
-2005
-887
826
2130
2304
703
-1558
-2163
-1870
-3771
-7279
-8013
-5512
-4028
-4848
-4842
-3629
-4368
-7125
-8550
-8295
-9095
-10468
-9259
-5568
-2838
-2413
-2905
-3100
-2774
-2033
-1678
-2302
-2504
-784
1913
3609
4385
4816
4209
2560
1871
2629
2619
1481
1592
3686
5413
5466
4893
5289
6911
8270
7775
6043
5187
5293
4982
3908
3158
2879
2397
1352
167
-674
-1373
-1887
-1970
-1841
-2179
-2425
-2166
-2029
-2375
-2525
-2825
-4086
-5100
-4749
-4211
-4613
-4845
-4371
-4102
-4315
-4238
-3878
-3599
-3131
-2439
-1902
-1544
-1051
-544
-382
-336
-156
-142
-492
-698
-614
-737
-1190
-1622
-1849
-2169
-2578
-857
8102
22390
28464
18861
7887
10863
17425
9333
-6700
-8852
3710
11193
4937
-2454
-1866
63
-3596
-8442
-7834
-3634
-2204
-3901
-1176
8028
12969
4549
-7481
-8514
-1732
-1349
-8222
-10639
-5530
-1718
-3750
-6680
-7315
-8125
-11036
-12806
-10090
-4740
-2548
-4844
-5366
-19
4921
2025
-4396
-5074
99
3701
3314
2481
2991
3588
3431
2776
1775
380
-1252
-1979
-431
2588
3836
2139
1013
3421
6718
7000
5196
5019
7421
9446
9130
6980
4631
3401
3066
2258
232
-1849
-3008
-3390
-3429
-3045
-2811
-3184
-2942
-1286
500
820
-144
-1035
-975
-489
-954
-2674
-4232
-4093
-3007
-2829
-3890
-4987
-4913
-4147
-3306
-2592
-1909
-1337
-774
6
592
466
-228
-934
-1138
-593
-70
-469
-1276
-1404
-1130
-1689
-2900
-3810
-4632
-5205
-3356
8571
26742
31989
17280
3931
9801
17958
6461
-12862
-13403
1645
9996
3081
-4871
-2922
-923
-5565
-10689
-6601
1884
834
-5208
-544
13073
16068
2629
-9330
-7133
-509
-1412
-7751
-10126
-5718
-2661
-5231
-7498
-6194
-5488
-9238
-11259
-5931
671
326
-4939
-5984
-201
4994
2469
-3701
-4966
174
4239
2835
325
471
1856
1703
1190
1772
1983
145
-2296
-1610
1899
3554
1197
-547
2169
6307
7218
4888
3458
5398
8544
8540
5821
3883
3771
3037
3606
5037
1592
-3791
-4707
-2884
-4203
-5216
-3876
-3261
-1333
2963
3976
495
-1214
-738
-440
47
-420
-3158
-4426
-2256
-1580
-4182
-6600
-6602
-5511
-3784
-1607
-840
-840
-451
443
559
-86
-942
-2329
-2275
-684
-319
-1885
-2620
-2202
-2722
-2677
-1894
-2801
-4875
-5018
-3964
3695
21894
32537
21457
3867
5395
16289
10794
-8420
-17898
-6289
7520
5412
-5273
-5977
794
-757
-8081
-6482
3519
5052
-2939
-4068
7794
16755
8282
-6337
-9717
-1544
1743
-5892
-12273
-9270
-3866
-4785
-7110
-5193
-2036
-3546
-7172
-5941
166
3040
-2349
-7573
-3998
4175
5401
-1228
-5509
-2430
2770
2434
-1502
-2548
435
2333
1194
1138
2970
2918
-1054
-3586
-985
2850
2469
-776
-165
4653
7884
5888
2540
2590
5286
7803
6822
3416
1710
4802
6514
1827
-2518
-3523
-4315
-5779
-3712
-1718
-2106
-850
1571
2599
3016
2764
-742
-2379
360
1667
-1172
-3777
-3885
-3719
-3315
-4120
-6017
-5917
-3403
-1473
-1039
75
647
89
58
887
572
-816
-1376
-1618
-1787
-1658
-1771
-2773
-3265
-2094
-1834
-2649
-3546
-4431
-5700
-1482
16100
31616
26962
7796
1799
12719
14294
-2609
-19189
-13852
2277
6193
-3097
-6735
438
2653
-4372
-7430
1090
7215
997
-5628
1182
14293
13310
-883
-10219
-5234
1525
-2915
-11288
-11987
-5889
-3886
-6316
-5794
-1131
838
-3249
-5896
-2105
3195
810
-6184
-7025
61
5523
1881
-4046
-4058
960
2683
-929
-3250
-1069
2145
1981
1137
2701
4442
2148
-2374
-2909
458
2438
318
-1025
2155
6503
7076
4156
2673
4159
6110
6265
3856
2164
3657
4373
1178
-2514
-3343
-4468
-5978
-4575
-2193
-923
592
1837
2063
3145
3557
815
-1636
-834
57
-1258
-2909
-4176
-4642
-3856
-3779
-4948
-4813
-2824
-1487
-736
524
1103
670
537
586
63
-351
-776
-2024
-2727
-2137
-1943
-2869
-3206
-3185
-3226
-3242
-3494
-4496
707
18528
31923
24774
6292
2667
12866
11978
-5375
-19976
-13074
2352
4518
-4667
-6284
2403
4184
-3779
-6700
2091
8283
1678
-5872
172
13326
12705
-1548
-10651
-5332
1129
-3908
-12051
-12224
-5714
-3389
-5919
-5042
618
3246
-1769
-5727
-2213
2892
239
-6804
-7422
-436
4883
1539
-4000
-3663
820
1707
-1967
-3201
-276
2676
2237
1573
3729
5341
2512
-2548
-3385
-234
1529
-44
-728
2674
6820
7229
4517
3269
5479
7021
5440
4119
3892
1971
-1146
-2331
-3200
-4811
-4930
-4127
-3118
-168
2591
1912
900
2114
2932
2170
1076
-539
-1840
-1454
-1778
-4081
-5537
-5335
-5084
-4555
-3378
-2599
-1924
-617
267
563
1269
1383
230
-460
-306
-636
-1462
-2022
-2583
-2855
-2440
-2592
-3361
-3860
-4003
-4662
-2722
11172
28960
30874
13664
700
7717
14620
3685
-16165
-19841
-4734
5696
170
-7343
-1817
5907
1814
-6015
-2797
7108
6589
-3308
-5447
6777
15535
6520
-8082
-10105
-1451
-307
-8867
-14197
-9513
-2981
-3585
-5424
-1324
4702
2595
-5038
-6199
22
2700
-3857
-9572
-5126
4039
5289
-1962
-5887
-2033
2045
-466
-4043
-1948
3077
4119
1329
1808
5587
5515
-727
-5601
-3145
1663
1934
-1154
-583
4464
7797
6166
3440
3592
5474
8414
8381
4608
1171
-282
-2272
-5185
-4694
-4201
-5123
-3401
619
3092
3279
2221
80
558
3028
2519
-710
-2032
-1266
-1413
-2145
-4227
-6269
-5797
-4190
-3681
-2990
-861
-169
-567
-22
1040
1478
843
-685
-2154
-1612
-593
-1676
-3506
-3780
-2734
-2056
-2270
-3362
-4212
-4661
-1043
14398
30687
28915
9820
-317
8399
13184
466
-17919
-18577
-3296
5179
-929
-6196
706
5979
-199
-6418
-562
8938
6133
-4390
-4762
8772
15734
4462
-9851
-10023
-1609
-1833
-9825
-13257
-7478
-1972
-3736
-4731
870
6181
1652
-6571
-6274
875
2887
-4369
-9447
-4056
4665
4305
-3110
-5829
-1869
913
-1957
-3927
-252
4621
4281
942
2030
5711
4588
-2044
-6038
-2938
1717
1977
-480
563
4783
6681
4534
2526
3520
6730
9658
7696
3368
1166
-87
-3787
-6581
-5142
-4183
-3791
-1647
1172
3097
3915
2318
-174
1084
3175
1563
-1307
-1859
-1691
-2046
-3014
-5264
-6058
-4496
-3510
-3705
-2357
-121
198
-16
439
881
1095
280
-1729
-2639
-1591
-1462
-3022
-3950
-3612
-3005
-2321
-2478
-3256
-3656
1682
17889
31485
26290
6987
-643
8354
11169
-2280
-17848
-15248
-961
4233
-2806
-5979
1660
4890
-2430
-6794
1424
10468
6033
-4216
-2786
10630
14742
1925
-10792
-9196
-2087
-4384
-11557
-12036
-4751
-854
-4186
-4522
2050
6037
-582
-8315
-5922
2059
3038
-4352
-7792
-1913
4533
1746
-5038
-5924
-1847
-277
-2766
-2472
2223
5645
3528
410
2004
4710
2811
-2533
-4369
-983
2419
2210
605
1727
4147
4539
2932
3466
8405
10878
6754
1524
509
85
-2959
-5327
-5917
-4482
-983
1301
790
1042
2154
981
125
1696
2658
1586
622
-277
-1189
-1342
-3225
-6263
-6828
-5190
-4327
-3636
-2222
-1271
-128
1301
1572
1163
1057
-51
-1879
-2421
-2360
-2818
-3405
-3709
-3872
-3056
-2761
-3722
-4978
-752
15873
31250
28062
8431
-1126
8162
12881
1093
-15215
-14420
-731
4605
-2674
-7020
116
3409
-4042
-8503
727
11302
7361
-3525
-2917
10987
15716
2944
-10043
-8561
-1362
-3878
-10847
-11158
-4430
-2128
-6436
-5991
1648
5547
-1877
-9234
-5809
2759
3843
-3041
-5920
-850
3731
-73
-5674
-5560
-2388
-1767
-3253
-1069
3492
5117
1941
-633
1250
3087
1230
-2252
-2154
954
3119
2790
1889
2401
2786
2200
2728
6544
9532
7675
3590
1863
1543
-522
-3279
-5219
-4814
-2058
379
638
247
804
1152
1105
1500
1825
1454
1275
955
-2
-641
-1875
-3988
-5575
-5509
-4761
-4075
-3340
-3019
-1958
-115
1083
1025
660
367
-309
-775
-1405
-2315
-3414
-4185
-4243
-3478
-2861
-3666
-4822
-881
15695
30656
25869
5557
-3290
7663
13753
2842
-12746
-11211
2661
6674
-2253
-7463
-1376
539
-6815
-9354
1833
12307
7046
-4076
-2349
11674
14479
817
-10722
-7581
-462
-3085
-8650
-7726
-2108
-2651
-7816
-6548
664
2270
-5634
-9980
-3854
4622
3963
-2838
-4692
-188
2404
-1950
-5740
-4669
-1858
-1491
-1988
466
3555
3614
101
-1863
-198
1811
1074
-1085
-894
1589
4101
3751
1783
685
1958
5805
9047
8110
4421
2670
1650
-275
-1561
-2093
-3356
-3159
-291
1141
723
-87
-1240
-990
1902
3413
1654
713
1309
1215
464
-853
-3352
-4495
-3678
-3719
-4041
-3392
-3024
-3228
-2250
-1003
-493
32
-64
-687
-269
52
-1109
-2595
-2960
-2646
-2380
-2997
-4664
-5638
399
18407
31228
23011
1191
-4925
8190
13436
1134
-13117
-8366
5628
7632
-2487
-6645
-960
-1266
-8627
-7707
6222
13343
4125
-6556
-1240
12712
11482
-3185
-11535
-5050
836
-3193
-7858
-6077
-2717
-5762
-8767
-4364
2604
513
-7659
-8835
-1315
4611
1376
-3820
-4013
232
1694
-1277
-3666
-4274
-3416
-2241
216
1964
1566
-30
-1104
-558
440
1271
816
262
147
1784
4179
4387
2104
479
3413
8335
9201
5039
1550
419
509
223
-785
-2247
-2308
-96
838
503
65
-1058
-1905
-194
2205
2623
1936
1132
620
577
32
-2678
-4731
-4283
-3404
-3102
-2955
-2893
-2757
-1650
-931
-850
-537
-405
-1074
-1334
-960
-1517
-2188
-2310
-1953
-1917
-1906
-2761
-3676
-2666
9754
27486
28960
9552
-7198
1273
13854
9187
-7366
-11694
1072
8724
878
-8395
-4806
-971
-5888
-8533
3014
14806
9123
-4444
-6134
7392
12472
979
-10030
-6588
1253
-735
-6489
-7227
-4442
-6663
-10120
-6858
993
1954
-5542
-8863
-3623
2943
1785
-2857
-4309
-1489
1374
525
-1461
-3275
-3589
-2352
435
2133
1400
-20
-882
-856
-737
269
523
-156
-769
906
4172
5115
4383
3934
6762
7618
5270
2443
477
270
297
742
-588
-1346
-693
-307
-1050
-811
-504
-774
672
1986
2774
2377
1465
-436
-1208
-268
-947
-2859
-3913
-3303
-2767
-2562
-3749
-4328
-2859
-1320
-1121
-1067
152
362
27
-390
-872
-1082
-1606
-2318
-3295
-3062
-3428
-4004
-2904
10862
28509
27984
7063
-8953
2568
16272
11449
-5396
-8459
4411
9659
-1016
-11074
-7240
-3667
-7389
-8426
4395
14162
6399
-6804
-6741
7520
11895
1963
-6649
-2383
3425
46
-5858
-7785
-7513
-10285
-10594
-5538
696
-959
-7402
-8591
-3909
957
185
-1607
-2496
-822
1762
2381
209
-3704
-4533
-1436
2407
2247
408
-534
-691
-1601
-1770
810
1974
573
-808
1960
5225
5143
6382
7226
4796
1683
1559
1907
1010
1322
742
-885
834
2829
-156
-2126
-1099
-342
321
1521
918
-603
535
852
-996
-1151
-754
-2046
-2364
-2261
-3330
-3344
-2283
-2580
-2978
-1273
-641
-1670
-1658
-1417
-1489
-1181
-1563
-2335
-1460
157
-603
-1615
-1362
-1405
-2654
1454
18154
28549
17750
-5471
-7993
11129
19351
6535
-7559
-1532
9675
6504
-7340
-10612
-4221
-2665
-6046
-1365
10454
8799
-4279
-11493
-2251
8781
5922
-2910
-4168
1955
2423
-2411
-5913
-6396
-8100
-8281
-4067
89
-1220
-8100
-11116
-8746
-4155
-2356
-2556
-2807
-2827
-373
2770
2690
-1812
-4074
-390
4975
4838
639
-1166
-345
-385
-2070
-810
1693
1201
-1060
-426
3890
7544
7552
4679
1877
2299
4176
3385
778
-76
899
1565
1396
547
-1076
-1537
-282
852
1634
1874
773
-379
191
992
-151
-2199
-3051
-2644
-1795
-2400
-4456
-5235
-3676
-2217
-2058
-1964
-1549
-842
-225
-403
-1030
-1324
-1311
-1010
-527
-121
-1067
-2089
-2537
-2556
-1713
10070
25159
22440
2134
-10420
4871
21250
16203
-1018
-4001
7303
9765
-2527
-11159
-6319
-2289
-4121
-3140
6792
8918
-3073
-12251
-6291
7624
9442
900
-4349
-1366
665
-2101
-4881
-6054
-7239
-7425
-3138
-462
-3093
-9501
-11543
-8115
-4241
-1757
-1448
-2568
-5667
-5585
-1069
2056
-1228
-4806
-1326
5328
6521
844
-2504
-1111
1534
1991
2732
4043
2550
-673
-1380
1594
7281
9149
3326
-1627
330
5564
5034
1036
-1077
-164
3224
4548
630
-2668
-941
1491
2434
2886
2584
-182
-1841
-956
-185
268
-1336
-4359
-4393
-1333
-1069
-4281
-6171
-4761
-2598
-1313
-1820
-3251
-2638
-1394
-1348
-1550
-870
-460
-496
-106
-242
-1008
-988
-1125
-1814
-561
12691
25143
17735
-4184
-10930
9654
25005
15622
-2236
-2328
7878
7496
-3966
-7218
-620
1158
-2421
-887
6893
3219
-9453
-12746
-1352
10052
6971
-2311
-5640
-2622
-1566
-1990
-2015
-2680
-5514
-5804
-2608
-3407
-8267
-11786
-8998
-4807
-2885
-2412
-3299
-6630
-9651
-6388
878
2979
-2443
-4784
-138
3999
1406
-2404
-785
2541
3592
3359
4157
3501
1263
1048
4352
6430
4755
1885
351
1402
2763
2520
837
765
2110
2541
2093
1755
1047
809
2809
4385
3543
1498
720
371
-58
-581
-1604
-2279
-2669
-3279
-3715
-3057
-3217
-4489
-4500
-2638
-2024
-3330
-3931
-3333
-1815
-1227
-1896
-2607
-1637
-211
-458
-1055
-638
66
-660
-1202
444
12457
21674
12438
-6608
-8268
13404
25287
13915
-1661
-342
7573
6165
-2392
-2593
3320
2263
-2441
-932
5344
461
-9500
-8545
2593
9098
3052
-5382
-7475
-3948
-1387
290
297
-1890
-5556
-5887
-3170
-4458
-7500
-8173
-5744
-4997
-5406
-4946
-5803
-9115
-9880
-3816
2392
949
-5583
-5952
-344
2465
244
-977
1593
2610
1542
2074
3965
3137
1317
3079
5863
5598
2931
680
482
3248
5021
2528
-681
142
2159
1756
1747
2476
2184
2279
3539
3176
1798
1476
1453
1113
1659
1480
-1145
-3212
-3266
-2659
-1624
-1362
-3651
-5663
-4164
-2032
-2520
-3888
-3836
-3175
-2285
-1852
-2452
-2382
-1188
-893
-1625
-1219
-374
-1035
-1724
142
10194
19131
11705
-5580
-8127
12258
25496
14667
-1233
-888
6826
6223
-181
470
5473
2451
-4147
-2872
4764
2529
-7256
-7226
3030
8097
1239
-6576
-7116
-2812
369
1592
-22
-4095
-7673
-6854
-2496
-1968
-4849
-6329
-5428
-5918
-6797
-5315
-4498
-7209
-8445
-3569
808
-1891
-7516
-6544
-373
2271
-266
-1923
-183
1106
949
2255
4445
4060
2427
2788
4003
3980
2826
1596
2008
3792
4039
942
-1055
1003
3367
3023
2319
2081
1458
1523
2586
2872
2207
1953
1394
446
341
231
-762
-1153
-723
-741
-1113
-1874
-3248
-4062
-2796
-1528
-2320
-3530
-3651
-3253
-2710
-1929
-2127
-2443
-1967
-1154
-812
-649
-484
-1190
-1745
556
9302
15127
7168
-6308
-4612
14447
23949
12149
-1612
8
6918
6360
2666
4621
6581
556
-5277
-1954
4822
1541
-6709
-5645
2168
3441
-3400
-7131
-4360
-766
185
659
-335
-4290
-7502
-5617
-619
-333
-4780
-8060
-7632
-6551
-5743
-4000
-3746
-6480
-8011
-4711
-1548
-2942
-5338
-3229
689
584
-2013
-1841
654
1091
673
2311
4666
3760
2240
2358
2719
3113
3801
3953
2743
2058
1216
43
621
3307
3284
1041
1147
2262
2181
2109
3185
3090
2165
1923
1410
500
513
229
-1458
-2137
-1801
-1949
-2142
-1466
-1650
-2553
-2012
-1593
-2533
-2972
-2011
-1879
-2240
-2215
-2469
-2732
-2131
-1006
-1208
-1197
-1109
-1556
-1571
5240
14248
9981
-3875
-7274
10171
24273
15193
-1575
-2561
6982
8590
4096
5014
8798
2762
-5948
-3517
6217
6416
-3938
-7053
-9
3279
-3257
-8047
-4612
-593
-1677
-3296
-2631
-4106
-6542
-5296
-79
1261
-3550
-7688
-7424
-5567
-4878
-3613
-3093
-5846
-9306
-7332
-2412
-2004
-5144
-5105
-1021
195
-1925
-1830
900
1774
731
1348
3597
4166
1873
735
2430
5264
5454
2527
368
1030
2705
3213
3191
2815
1843
857
1724
3307
3642
2715
1731
1499
1210
809
597
875
1009
511
-358
-935
-1158
-1111
-680
-564
-1477
-2975
-3245
-2129
-1504
-2300
-3191
-2888
-2266
-2286
-2484
-2063
-1377
-1226
-1618
-1720
-1572
-1108
-1084
1623
9413
11025
695
-7888
2383
20574
19950
3283
-3873
4399
10015
6526
4748
8512
6127
-3374
-5238
4061
9594
1214
-7248
-3230
2947
-1076
-8204
-6178
57
-294
-4914
-5403
-3667
-4651
-5649
-2993
204
-2227
-7289
-8221
-5050
-2785
-3273
-4234
-5528
-7443
-7299
-3665
-1343
-3402
-5653
-4313
-1916
-1991
-2072
-383
952
579
452
1821
2995
2792
2344
3079
4409
5027
3523
1369
1532
3452
4194
2986
2012
2074
2106
2190
3046
3471
2646
1736
1590
1847
1682
1296
835
364
120
-288
-838
-992
-703
-444
-810
-1660
-2499
-2595
-1567
-626
-1191
-2676
-3347
-2777
-1951
-1867
-2172
-2146
-1957
-1805
-1855
-1592
-1210
-1086
-1247
2092
8709
8059
-1830
-6474
6173
21044
15994
-177
-3363
6659
10845
6344
5423
8714
4632
-4075
-2762
7376
9835
-439
-7345
-2152
2870
-2091
-7734
-4239
861
-1910
-7120
-6199
-3123
-4086
-5515
-2976
-808
-4332
-8839
-7770
-3380
-1991
-4028
-5607
-6044
-6461
-5881
-2991
-1042
-2771
-5118
-4328
-1869
-1091
-1372
-1047
-537
-369
352
1197
1379
1852
3131
4048
3888
3464
2787
2186
3069
4889
4675
2544
1937
3184
3758
3229
3200
3096
2171
1678
2120
2202
1581
969
389
-142
-192
-28
-403
-792
-813
-884
-1427
-1881
-2081
-2161
-1620
-1122
-1622
-2641
-2666
-1886
-1604
-1711
-1658
-1706
-2109
-2295
-1908
-1459
-1536
-1665
-1806
-722
4390
8268
3635
-4332
-1099
13319
18594
6890
-2767
2792
10642
8410
4291
7253
8303
544
-4207
2797
10140
5132
-4472
-4367
1700
939
-5316
-5823
-617
-416
-6173
-7848
-3785
-2584
-5704
-5790
-2028
-2052
-7163
-9257
-5366
-2021
-3349
-5813
-6019
-5755
-5945
-4468
-1669
-1383
-4026
-5408
-3402
-1082
-1009
-1412
-574
127
-253
-190
1137
2404
2440
2449
3172
3657
3132
2241
2589
4285
4967
3567
2345
3008
4059
3773
3391
3761
3426
2187
1768
2335
2316
1364
674
470
210
-47
-118
-350
-796
-1074
-1196
-1428
-1935
-2343
-2180
-1566
-1397
-2002
-2531
-2244
-1720
-1668
-1922
-1944
-1863
-1893
-1880
-1669
-1453
-1613
-1995
-1618
2373
6737
4312
-3062
-2954
8725
16763
9340
-1291
664
8592
9061
5225
6765
8790
3127
-2554
1848
9282
7217
-1150
-3568
394
1031
-3144
-4972
-2226
-1185
-4332
-6520
-4918
-3583
-4971
-5515
-3468
-2627
-5780
-8554
-6582
-3048
-2823
-4908
-5826
-5701
-6051
-5418
-2819
-1348
-3193
-5301
-4188
-1686
-1151
-1883
-1179
236
62
-861
2
2066
2758
2219
2491
3464
3188
2145
2421
4001
4590
3616
2925
3350
3941
4082
4172
4354
4037
2993
2175
2179
2443
2207
1442
646
153
-41
-139
-305
-605
-794
-771
-1029
-1780
-2266
-1975
-1387
-1561
-2352
-2495
-1984
-1818
-2236
-2182
-1556
-1323
-1940
-2270
-1748
-1160
-1412
-1834
-1828
-453
2748
4489
1716
-2231
642
9395
12554
5752
-6
3195
8270
7202
4616
6675
7880
3015
-884
3168
8438
5502
-1521
-2497
1149
1192
-2682
-4001
-1942
-1724
-4241
-5394
-4038
-3770
-5389
-5902
-4137
-3218
-5295
-7590
-6892
-4505
-3663
-4645
-5267
-5063
-5110
-4943
-3532
-2060
-2534
-3945
-3765
-2150
-1432
-1856
-1451
-428
-283
-565
419
1911
2063
1720
2537
3614
3029
2178
2960
4317
4211
3215
3380
4101
3851
3356
3920
4536
3824
2515
2262
2764
2519
1723
1323
1200
748
155
-32
53
-114
-326
-437
-823
-1305
-1456
-1299
-1415
-1706
-1625
-1457
-1696
-2032
-1770
-1223
-1227
-1732
-1901
-1644
-1582
-1769
-1794
-1486
-1407
-1194
-232
949
1268
826
1296
3121
4378
3696
2754
3413
4917
5001
3886
3719
4698
5063
4455
4317
4977
4590
2512
1152
1633
2177
1078
-643
-1382
-1522
-1974
-2622
-2784
-2898
-3368
-4050
-4287
-4126
-4294
-4947
-5535
-5500
-5073
-4869
-5091
-5106
-4698
-4280
-4059
-3777
-3365
-3343
-3643
-3421
-2580
-2037
-2287
-2550
-1976
-1048
-463
-50
503
880
945
1323
2152
2611
2530
2689
3281
3403
3026
3284
4155
4381
3736
3467
3842
3761
2977
2508
2754
2932
2404
1798
1689
1675
1375
1013
1043
1008
400
-263
-364
-244
-448
-871
-1107
-1238
-1525
-1673
-1406
-1164
-1541
-2160
-2341
-2085
-1967
-2204
-2382
-2429
-2466
-2419
-2119
-1353
-147
981
1560
1843
2184
2542
2819
3546
4738
5173
4385
3722
4325
5283
5504
5318
5241
4557
3058
2369
2990
3163
1618
-326
-1049
-1050
-1368
-1802
-2037
-2695
-3745
-4289
-4011
-3843
-4486
-5286
-5551
-5429
-5295
-5267
-5331
-5384
-5230
-4736
-4209
-3933
-3750
-3672
-3759
-3635
-2940
-2246
-2274
-2589
-2244
-1377
-712
-190
413
690
550
860
1823
2410
2217
2226
2961
3427
3261
3439
4316
4767
4224
3878
4334
4451
3562
2824
2983
3175
2589
1924
1795
1747
1418
1153
1249
1203
611
-157
-424
-293
-383
-855
-1258
-1319
-1373
-1471
-1490
-1328
-1362
-1732
-2100
-2159
-2022
-2151
-2470
-2640
-2528
-2455
-2405
-2151
-1497
-417
690
1561
2077
2333
2417
2627
3489
4772
5234
4389
3586
4075
5213
5799
5618
5203
4350
3085
2691
3212
3155
1622
-169
-845
-985
-1274
-1646
-1942
-2822
-3918
-4274
-3942
-3905
-4715
-5354
-5318
-5195
-5355
-5553
-5351
-5070
-4901
-4646
-4304
-4032
-3927
-3829
-3789
-3542
-2986
-2537
-2554
-2666
-2140
-1232
-551
-125
376
814
902
1065
1753
2442
2502
2327
2561
3017
3269
3619
4159
4321
4020
3953
4267
4233
3724
3416
3418
3136
2529
2224
2217
1855
1223
945
1118
891
101
-447
-316
-93
-427
-833
-928
-1010
-1401
-1589
-1266
-1039
-1337
-1835
-1998
-1924
-1841
-1935
-2216
-2490
-2545
-2373
-2185
-2041
-1928
-1496
-417
1146
2187
2224
1849
2006
2864
4060
5043
5087
4242
3594
4136
5207
5704
5446
4838
3974
3113
2996
3233
2733
1209
-213
-838
-1157
-1536
-1973
-2432
-3215
-3991
-4294
-4185
-4202
-4572
-5093
-5554
-5790
-5572
-5088
-4901
-5106
-5169
-4712
-4183
-3892
-3698
-3517
-3475
-3412
-2918
-2303
-2115
-2182
-1787
-976
-359
3
420
773
863
1115
1878
2510
2466
2273
2605
3180
3473
3718
4063
4118
3822
3820
4243
4272
3616
3011
2964
2975
2653
2308
2180
1920
1413
1103
1133
956
311
-258
-327
-268
-538
-908
-1086
-1231
-1414
-1370
-1118
-1218
-1693
-1994
-1895
-1749
-1809
-1986
-2216
-2398
-2361
-2129
-2023
-2106
-2121
-1735
-662
820
1889
2076
1954
2243
2898
3542
4316
4990
4769
3808
3517
4545
5637
5615
4880
4243
3594
2951
2821
2875
2180
553
-825
-1299
-1394
-1681
-2184
-2821
-3633
-4220
-4299
-4119
-4370
-4999
-5472
-5584
-5484
-5284
-5101
-5165
-5277
-5024
-4370
-3921
-3813
-3748
-3615
-3460
-3105
-2476
-2072
-2064
-1933
-1192
-384
11
284
750
1094
1207
1604
2304
2578
2269
2288
2906
3441
3524
3641
3937
3995
3821
3876
4054
3839
3343
3106
3139
2923
2420
2058
1910
1677
1363
1175
1050
718
261
-39
-205
-419
-669
-882
-1108
-1327
-1441
-1432
-1497
-1633
-1695
-1705
-1851
-2035
-2015
-1897
-1994
-2255
-2231
-1923
-1717
-1802
-1868
-1662
-964
321
1759
2467
2261
2083
2648
3620
4449
4941
4824
4078
3585
4184
5171
5355
4761
4158
3626
2910
2519
2485
2044
696
-665
-1206
-1420
-1802
-2293
-2577
-3148
-4007
-4533
-4471
-4379
-4780
-5270
-5489
-5503
-5450
-5265
-5058
-5020
-4965
-4589
-4112
-3831
-3680
-3483
-3311
-3070
-2486
-1904
-1794
-1875
-1360
-527
-48
183
707
1262
1406
1616
2234
2742
2600
2434
2805
3339
3514
3527
3702
3823
3768
3749
3872
3808
3444
3107
3039
2989
2714
2307
1988
1751
1528
1368
1163
768
265
6
-14
-150
-495
-836
-1030
-1254
-1386
-1321
-1276
-1582
-1988
-2022
-1806
-1800
-2097
-2273
-2199
-2092
-2088
-1999
-1782
-1639
-1614
-1480
-1165
-862
-320
811
2214
2889
2759
2592
2872
3406
4105
4861
4850
3950
3311
3976
4960
5023
4419
3872
3256
2407
2111
2257
1751
283
-988
-1388
-1672
-2140
-2512
-2721
-3363
-4156
-4418
-4243
-4325
-4789
-5108
-5234
-5383
-5490
-5311
-5079
-5086
-5108
-4787
-4261
-3882
-3660
-3459
-3207
-2813
-2182
-1644
-1493
-1478
-1066
-335
290
736
1155
1458
1577
1854
2408
2786
2717
2643
2933
3289
3434
3530
3716
3776
3709
3743
3849
3709
3366
3184
3202
3083
2718
2359
2148
1926
1661
1467
1288
883
349
47
3
-144
-530
-892
-1129
-1348
-1490
-1456
-1447
-1734
-2052
-2052
-1900
-2013
-2290
-2313
-2155
-2091
-2075
-1884
-1673
-1642
-1518
-1139
-730
-610
-631
-438
257
1455
2530
2875
2663
2630
2996
3463
4024
4542
4425
3547
3000
3592
4424
4420
3781
3298
2866
2211
1797
1765
1405
181
-1137
-1723
-1859
-2135
-2656
-3149
-3719
-4245
-4448
-4395
-4467
-4810
-5109
-5300
-5435
-5432
-5268
-5173
-5267
-5083
-4447
-3817
-3617
-3523
-3137
-2635
-2185
-1693
-1206
-996
-887
-428
303
870
1160
1392
1619
1914
2387
2845
2958
2832
2882
3097
3231
3308
3490
3691
3751
3754
3801
3813
3699
3534
3426
3309
3032
2604
2233
2031
1858
1581
1282
984
580
131
-125
-229
-518
-1025
-1387
-1459
-1511
-1746
-2017
-2115
-2099
-2102
-2131
-2110
-2062
-2069
-2111
-2032
-1768
-1509
-1417
-1349
-1073
-709
-518
-423
-200
62
133
78
87
292
859
1762
2469
2565
2395
2465
2725
3074
3673
4096
3601
2621
2474
3254
3668
3263
2814
2560
1974
1270
1197
1325
620
-725
-1535
-1640
-1886
-2478
-2947
-3233
-3747
-4312
-4456
-4346
-4477
-4855
-5039
-5002
-5003
-5041
-4936
-4721
-4508
-4142
-3608
-3156
-2904
-2587
-2093
-1658
-1360
-1010
-648
-484
-286
247
855
1091
1172
1501
1943
2212
2412
2685
2806
2742
2811
3125
3389
3453
3518
3668
3778
3767
3738
3679
3522
3271
3025
2823
2573
2226
1840
1533
1278
1022
746
410
-25
-398
-528
-609
-938
-1392
-1612
-1650
-1757
-1870
-1837
-1818
-1963
-2032
-1850
-1605
-1541
-1577
-1515
-1335
-1121
-947
-781
-620
-494
-417
-301
-122
12
36
30
88
136
76
-81
-78
411
1307
1996
2051
1874
1983
2261
2477
2876
3441
3439
2675
2126
2475
2948
2727
2234
2030
1719
987
501
564
344
-643
-1599
-1900
-2113
-2687
-3136
-3164
-3357
-3958
-4334
-4207
-4131
-4398
-4554
-4440
-4448
-4647
-4605
-4225
-3872
-3598
-3166
-2641
-2305
-2077
-1683
-1168
-783
-556
-314
-6
281
554
897
1297
1609
1803
2042
2376
2659
2821
2985
3195
3336
3387
3445
3497
3475
3456
3522
3540
3386
3144
2947
2731
2449
2175
1931
1616
1236
952
781
546
221
-20
-164
-381
-661
-814
-859
-1025
-1311
-1483
-1468
-1449
-1483
-1454
-1330
-1250
-1290
-1331
-1263
-1152
-1107
-1091
-1018
-919
-857
-774
-599
-442
-418
-412
-273
-87
-16
-22
4
40
36
41
111
189
185
100
112
397
837
1105
1134
1206
1407
1515
1511
1629
1782
1645
1342
1301
1473
1460
1231
1067
937
700
487
384
145
-307
-650
-804
-1068
-1495
-1789
-1905
-2096
-2359
-2477
-2531
-2734
-2981
-3006
-2875
-2846
-2931
-2936
-2838
-2740
-2584
-2260
-1884
-1664
-1500
-1200
-844
-636
-485
-235
-6
86
235
540
807
954
1153
1411
1541
1584
1712
1877
1948
2020
2185
2298
2247
2172
2193
2237
2204
2115
2048
2019
1935
1769
1640
1611
1538
1313
1096
1018
973
845
713
616
475
305
204
127
-43
-284
-474
-592
-689
-774
-828
-866
-910
-952
-1011
-1072
-1091
-1056
-1014
-1004
-988
-937
-890
-848
-740
-597
-533
-577
-589
-498
-395
-338
-298
-249
-232
-229
-178
-88
-6
32
29
8
14
49
90
164
293
405
427
407
415
467
586
743
800
718
642
660
683
669
665
612
450
312
333
377
277
107
11
-70
-238
-390
-441
-510
-692
-906
-1064
-1222
-1403
-1525
-1579
-1639
-1731
-1795
-1798
-1756
-1703
-1653
-1595
-1511
-1426
-1308
-1091
-836
-723
-721
-602
-364
-212
-135
42
241
330
436
677
873
923
1037
1302
1503
1546
1585
1686
1754
1779
1827
1881
1853
1752
1693
1696
1679
1601
1512
1447
1370
1239
1099
1011
926
778
609
497
411
269
108
-7
-110
-240
-355
-416
-448
-508
-591
-681
-765
-827
-863
-910
-976
-1018
-997
-964
-960
-952
-911
-852
-816
-804
-796
-777
-764
-733
-647
-547
-496
-487
-453
-362
-229
-127
-153
-272
-304
-232
-188
-143
31
174
-6
-301
-226
205
522
530
455
468
512
551
650
806
915
919
851
783
708
635
615
579
459
385
427
380
147
-11
26
-16
-219
-287
-203
-304
-631
-807
-770
-782
-880
-871
-814
-874
-994
-999
-908
-818
-753
-699
-694
-685
-607
-509
-510
-548
-479
-295
-150
-97
-66
-1
47
113
273
461
520
475
491
600
712
782
830
868
920
1015
1056
959
847
889
992
953
815
740
702
588
448
399
377
270
140
95
93
30
-86
-164
-189
-218
-243
-249
-268
-314
-340
-338
-372
-435
-430
-356
-337
-405
-468
-483
-497
-485
-378
-243
-202
-246
-278
-254
-192
-126
-70
-33
-26
-41
-50
-26
26
88
169
268
334
314
235
156
149
240
359
347
187
46
46
106
98
55
60
83
30
-77
-133
-112
-88
-77
-40
-14
-72
-151
-127
-45
-77
-196
-219
-139
-144
-255
-298
-212
-136
-172
-251
-269
-214
-142
-94
-98
-149
-170
-80
16
-45
-164
-135
-9
24
11
61
85
48
58
114
150
231
366
357
175
85
180
252
226
228
224
130
59
103
107
1
-63
-57
-95
-162
-194
-261
-388
-409
-301
-254
-309
-325
-297
-323
-339
-265
-221
-291
-344
-288
-230
-234
-218
-161
-114
-54
29
79
103
178
275
305
315
415
548
569
520
550
643
667
616
600
634
627
563
521
537
569
565
512
445
386
332
258
181
145
110
18
-110
-177
-189
-207
-225
-220
-229
-283
-346
-367
-334
-289
-310
-411
-474
-441
-435
-518
-550
-458
-390
-451
-518
-494
-436
-405
-364
-306
-298
-338
-349
-294
-217
-160
-118
-65
0
70
144
197
215
226
293
397
428
338
247
274
361
381
342
321
320
313
313
302
224
121
95
120
78
-33
-112
-142
-159
-166
-153
-174
-229
-247
-219
-232
-296
-322
-293
-259
-249
-263
-303
-345
-312
-201
-127
-152
-200
-199
-168
-148
-131
-115
-103
-72
-4
50
46
44
113
220
279
288
293
314
340
367
392
419
438
437
440
461
458
398
331
315
330
311
268
234
199
161
148
166
169
150
139
112
63
9
-37
-77
-99
-93
-112
-191
-281
-315
-298
-285
-308
-362
-424
-456
-447
-423
-406
-397
-388
-359
-304
-268
-271
-261
-168
-47
2
-19
-32
-8
40
94
148
168
160
173
222
259
262
275
312
335
314
262
214
167
115
83
79
60
9
-31
-18
12
-3
-44
-56
-39
-49
-87
-125
-159
-183
-180
-153
-152
-185
-213
-207
-189
-174
-151
-149
-180
-191
-147
-96
-100
-122
-81
-11
8
-33
-62
-47
-9
24
43
44
33
47
76
102
108
122
159
197
215
203
184
185
232
286
296
268
242
229
225
238
254
235
191
177
203
210
170
122
106
104
100
91
70
22
-26
-50
-75
-126
-181
-210
-230
-268
-309
-349
-376
-383
-367
-358
-365
-374
-360
-327
-304
-301
-307
-285
-236
-187
-153
-135
-121
-95
-46
17
68
94
113
128
138
157
201
240
235
212
212
232
244
242
232
214
201
213
219
190
152
145
159
171
176
173
159
145
152
162
148
121
102
84
58
28
-14
-59
-79
-76
-98
-150
-186
-196
-205
-226
-243
-262
-286
-303
-297
-276
-262
-242
-219
-199
-176
-158
-141
-111
-62
-25
-28
-36
-22
18
54
88
120
136
141
154
183
205
213
217
220
225
239
248
237
226
237
263
259
233
210
198
177
145
119
89
49
7
-14
-16
-31
-64
-87
-89
-87
-103
-126
-145
-171
-195
-207
-226
-258
-283
-286
-280
-279
-272
-259
-249
-240
-219
-187
-177
-183
-187
-170
-147
-141
-136
-126
-104
-79
-52
-24
3
29
54
81
107
122
126
138
161
183
194
203
217
242
278
299
304
296
290
293
287
269
239
214
197
181
147
106
71
51
48
34
15
-14
-55
-89
-114
-125
-128
-136
-150
-160
-163
-158
-149
-151
-149
-132
-112
-95
-94
-104
-102
-90
-76
-57
-54
-56
-61
-53
-27
-4
5
4
7
16
28
30
37
48
60
78
86
90
85
70
75
87
98
96
85
73
68
70
58
40
18
8
2
-11
-33
-62
-73
-75
-74
-82
-94
-105
-111
-110
-111
-115
-124
-133
-134
-128
-117
-110
-116
-113
-91
-65
-45
-35
-37
-30
-17
-3
7
14
22
39
62
79
97
110
130
152
167
178
181
187
193
192
188
182
178
173
168
156
135
111
87
59
33
6
-23
-51
-81
-98
-111
-124
-139
-152
-159
-158
-158
-164
-171
-173
-159
-140
-119
-109
-92
-71
-45
-18
-3
4
11
18
29
41
45
45
48
56
64
69
70
69
61
58
59
54
46
36
31
33
35
38
41
42
48
60
66
67
68
61
58
52
45
33
19
5
-6
-17
-28
-45
-63
-83
-102
-118
-137
-156
-172
-188
-197
-200
-202
-202
-193
-184
-174
-158
-142
-124
-106
-85
-61
-34
-9
19
51
84
115
142
169
196
218
235
251
261
270
271
273
272
268
259
245
232
216
196
173
149
123
98
71
46
21
-7
-31
-60
-85
-112
-135
-156
-173
-192
-205
-218
-229
-230
-236
-238
-237
-233
-222
-214
-204
-189
-176
-162
-144
-127
-110
-92
-74
-57
-38
-19
-2
13
31
45
62
76
90
99
109
120
129
140
146
153
157
158
162
165
164
163
158
150
146
137
129
119
107
95
83
70
60
47
29
13
-3
-19
-35
-50
-63
-75
-89
-100
-111
-122
-132
-137
-140
-141
-144
-145
-143
-138
-133
-131
-130
-120
-111
-98
-85
-73
-58
-43
-24
-11
11
32
47
66
75
86
100
104
111
112
111
109
105
103
98
89
80
72
63
56
48
39
32
20
12
4
-7
-13
-15
-21
-23
-28
-30
-29
-31
-33
-34
-39
-42
-43
-50
-50
-49
-51
-52
-55
-57
-50
-48
-47
-43
-37
-31
-25
-26
-18
-10
-7
-1
0
9
19
21
23
32
36
44
46
44
49
53
51
50
47
47
49
45
39
35
33
34
28
20
15
15
11
2
-9
-13
-14
-21
-29
-35
-35
-34
-41
-46
-42
-35
-35
-34
-33
-28
-19
-13
-11
-9
-1
9
13
13
15
21
29
27
27
30
33
35
32
29
27
30
29
25
20
17
14
11
5
3
1
-6
-13
-15
-17
-21
-27
-32
-31
-29
-32
-35
-35
-33
-33
-36
-36
-34
-30
-30
-30
-27
-22
-16
-16
-18
-19
-15
-11
-11
-11
-8
-7
-3
-1
2
8
8
7
6
13
18
19
18
19
23
22
26
27
27
32
29
27
33
33
30
27
24
26
26
24
22
19
15
11
10
7
7
5
0
-1
-5
-7
-7
-7
-9
-10
-10
-9
-9
-6
-9
-8
-6
-8
-8
-8
-4
-2
-2
0
4
2
2
0
2
2
2
-1
-1
-3
-6
-2
-8
-11
-12
-9
-14
-13
-16
-17
-15
-16
-12
-15
-10
-14
-8
-10
-5
-5
-8
-4
-6
-3
-8
-3
-3
-2
-4
1
3
1
4
3
5
1
7
6
10
9
12
10
10
12
11
12
9
13
13
15
9
10
10
7
10
9
11
5
9
6
7
6
3
4
5
3
0
1
-2
0
-1
-2
-3
-3
-7
-9
-7
-10
-13
-15
-14
-16
-16
-15
-14
-16
-16
-16
-14
-15
-15
-14
-13
-10
-8
-10
-6
1
1
1
7
8
10
14
17
17
18
23
26
23
19
26
26
23
21
26
27
18
15
19
13
6
7
7
-1
-8
-9
-10
-16
-20
-20
-22
-27
-26
-25
-25
-26
-25
-24
-24
-23
-24
-22
-18
-14
-12
-9
-5
-1
-2
3
6
10
7
10
13
12
10
12
16
13
9
13
17
13
16
18
19
18
20
23
