SAMPLES:	8741
BITSPERSAMPLE:	16
CHANNELS:	1
SAMPLERATE:	16000
NORMALIZED:	FALSE
2
-1
0
-1
2
2
1
-2
-1
3
2
1
2
-1
-1
-2
0
2
4
-2
-1
3
-1
0
3
0
1
2
-2
4
3
2
-2
-2
-2
-3
-1
-1
0
1
2
0
-2
1
0
1
-1
1
2
1
4
0
3
1
-2
1
0
0
1
-2
-2
-3
-6
-4
-2
-4
-2
-4
-5
-3
-1
0
1
-1
-1
2
-4
-2
3
4
-2
-1
-2
1
1
-2
1
-1
-2
-1
1
2
0
0
4
4
3
3
4
2
-1
2
1
3
3
-3
-3
-2
-2
-2
0
-2
-2
-1
1
1
-3
0
1
1
1
1
0
1
1
1
-2
-3
-5
-1
0
1
-1
1
1
-2
-3
-3
0
0
-2
-3
-2
-2
3
1
3
2
3
1
1
1
0
0
0
2
0
-1
1
1
3
0
0
-1
2
2
1
1
-1
0
1
-1
2
3
1
0
1
-3
-5
2
1
-1
0
1
-1
-1
-1
0
0
0
2
2
-2
0
0
1
-2
0
1
-1
3
3
0
0
2
-3
1
2
0
0
-1
-1
-1
-1
-2
0
0
0
-2
0
-2
-2
-7
-5
-2
-3
-1
-3
-1
1
-1
0
2
3
4
0
2
0
0
3
1
3
1
2
1
2
3
-1
-2
0
1
2
-1
-1
2
-1
-2
-1
0
-1
2
1
0
0
2
-1
-1
-1
0
3
3
2
-1
-1
-5
-4
-2
-1
-2
0
3
-1
-1
0
1
1
-1
-2
3
4
0
2
4
2
2
2
2
4
1
1
1
-1
-1
-2
2
0
0
0
0
1
-1
1
0
-1
-2
-2
0
-1
-1
-2
-2
-3
-4
-1
-1
3
0
-2
-2
2
-3
-1
3
2
2
2
1
0
0
-4
-1
3
0
-3
0
1
0
-3
-2
-1
2
0
2
2
-2
2
2
-2
1
2
2
0
2
0
3
1
1
1
1
3
4
2
-2
-2
-1
0
0
1
-2
-5
-8
-6
-5
-4
-3
-1
-3
0
0
-2
-1
0
3
0
1
1
0
2
1
2
3
-1
2
3
1
1
2
1
0
3
-3
-3
2
1
0
1
1
2
-1
0
1
0
0
-1
2
-2
1
-1
1
4
2
0
2
2
0
3
0
2
1
1
2
0
1
2
2
1
4
3
0
2
1
-1
-2
-1
-3
-2
-1
-5
-5
-4
-4
-5
-4
-6
-4
-1
-4
-5
-4
-1
-2
1
4
2
-1
-1
-1
0
0
1
-1
-2
-1
2
3
1
2
4
3
2
1
2
4
1
3
1
1
1
2
3
3
-1
-2
1
0
-2
-2
1
-2
-3
-4
-1
-1
-1
0
1
2
-1
1
0
2
0
0
1
-1
-1
2
1
0
1
-1
-1
-1
2
2
5
0
1
4
2
3
-1
0
1
1
0
-4
-1
-1
-2
-2
-4
-3
-2
-1
-3
-3
0
-4
-4
-1
-4
-3
-4
0
-3
-1
2
-1
0
2
2
-1
0
4
1
1
3
1
-1
5
0
0
0
3
2
4
3
1
4
-2
-1
-2
1
-1
-1
-1
-1
-3
-1
0
4
2
2
1
-1
-1
0
-1
-4
-1
-3
0
-2
0
1
2
0
0
1
0
0
0
1
1
0
0
0
1
-3
-5
-2
3
2
3
3
1
-2
3
5
6
7
2
2
6
1
0
0
1
1
0
1
-2
-5
-4
-3
-6
-5
0
-3
-1
-1
-5
-3
-2
-4
-4
-2
-2
-6
-2
-3
-2
0
2
1
3
4
0
-2
1
2
-1
1
1
1
-1
2
2
2
1
0
-1
1
-1
-3
0
4
1
-3
0
0
-1
1
1
0
2
2
2
-2
0
1
-3
0
-3
-4
2
-1
0
0
1
-1
-1
0
2
2
2
2
3
-1
1
2
1
0
1
1
2
4
2
3
1
1
2
4
3
0
2
0
4
1
-2
-1
-4
-1
0
-4
-1
-1
-4
-2
-3
1
1
0
1
1
-2
0
0
-1
2
0
0
-1
-3
-3
-2
-3
0
-1
2
0
-2
-1
3
2
1
1
1
-1
-2
0
-2
-5
-4
-4
-2
-4
-4
-4
-2
-3
-1
0
-3
0
3
3
1
-1
-2
-1
0
-2
-2
1
2
2
6
4
4
7
5
5
3
2
4
7
6
6
7
4
5
4
3
5
3
-1
-3
-1
-2
-2
-4
-4
-7
-7
-4
-7
-4
-4
-1
-2
-2
-1
-2
-3
-3
1
-1
1
1
-1
-3
-3
-2
-1
-3
-2
-1
-1
1
4
4
4
1
-3
-3
-5
-5
-2
-3
1
3
2
0
1
2
2
3
4
3
0
2
2
0
-1
-1
-2
-2
1
1
4
2
0
0
0
1
2
-3
-4
0
-1
0
0
-1
-3
-1
0
2
1
3
3
-1
1
-1
2
3
2
2
1
5
2
4
6
4
1
0
-1
-4
-3
-2
-2
1
-3
-2
2
-1
-1
0
2
0
0
3
-1
1
1
-1
-2
-3
-1
-1
-1
3
1
-3
1
3
2
0
1
0
1
2
-2
-1
-2
-1
-1
-3
-1
-2
-3
-1
-1
1
0
-3
-3
-4
1
0
-2
0
1
2
-1
0
0
-4
-1
0
-1
-4
-3
-1
-7
-8
-6
-3
-2
1
1
-2
-2
-2
2
0
3
4
3
5
5
4
-2
-1
-1
-1
0
-1
-2
1
3
0
1
0
2
4
1
-4
0
-1
-2
1
2
0
1
0
0
2
1
2
5
4
2
6
9
8
9
2
8
13
12
13
14
14
13
16
16
18
20
18
19
20
19
20
23
26
27
28
28
27
31
33
34
34
33
36
34
39
42
43
44
45
44
47
45
41
41
38
33
30
28
21
14
5
-6
-18
-30
-44
-56
-66
-80
-97
-113
-120
-135
-145
-163
-182
-193
-206
-213
-221
-237
-253
-260
-263
-264
-266
-275
-278
-268
-263
-254
-244
-236
-222
-202
-188
-171
-150
-132
-111
-87
-62
-36
-16
7
37
63
82
105
127
150
172
192
211
229
249
267
285
295
303
312
327
336
339
338
333
331
329
323
311
298
282
268
256
236
215
196
170
146
120
92
63
32
5
-25
-49
-74
-101
-127
-145
-163
-178
-187
-190
-187
-180
-161
-135
-97
-52
6
76
155
250
347
450
558
675
798
905
1011
1113
1194
1280
1341
1371
1382
1363
1322
1272
1177
1051
901
725
530
308
76
-178
-432
-700
-968
-1233
-1494
-1748
-1988
-2209
-2413
-2590
-2744
-2872
-2970
-3043
-3082
-3092
-3070
-3016
-2941
-2834
-2698
-2542
-2363
-2169
-1951
-1722
-1473
-1214
-948
-670
-391
-110
176
454
727
1001
1266
1528
1774
2005
2221
2415
2592
2746
2865
2963
3037
3087
3117
3118
3092
3044
2971
2877
2762
2634
2486
2328
2159
1979
1799
1614
1423
1223
1016
804
585
365
143
-85
-313
-535
-753
-960
-1160
-1355
-1548
-1722
-1884
-2031
-2149
-2246
-2305
-2330
-2314
-2254
-2157
-2020
-1859
-1672
-1465
-1234
-984
-714
-434
-146
151
448
740
1014
1261
1470
1649
1792
1892
1947
1953
1918
1832
1711
1549
1345
1107
837
551
245
-68
-385
-711
-1031
-1337
-1624
-1888
-2131
-2346
-2529
-2677
-2782
-2856
-2899
-2914
-2901
-2861
-2802
-2718
-2628
-2519
-2397
-2261
-2103
-1930
-1737
-1527
-1299
-1044
-769
-482
-172
150
488
832
1183
1534
1883
2224
2556
2868
3169
3433
3664
3865
4021
4143
4211
4243
4231
4175
4078
3947
3777
3569
3324
3041
2729
2391
2029
1640
1236
823
401
-23
-438
-845
-1232
-1604
-1945
-2253
-2526
-2769
-2971
-3129
-3243
-3325
-3378
-3400
-3394
-3353
-3286
-3198
-3089
-2960
-2805
-2620
-2419
-2201
-1969
-1728
-1469
-1201
-929
-662
-399
-141
113
361
596
817
1019
1201
1357
1490
1597
1676
1739
1779
1789
1791
1785
1777
1769
1759
1747
1733
1728
1734
1749
1765
1771
1777
1787
1805
1826
1831
1819
1781
1733
1666
1577
1447
1265
1051
806
548
275
-29
-355
-688
-1010
-1307
-1588
-1863
-2134
-2392
-2613
-2797
-2949
-3084
-3206
-3298
-3348
-3351
-3321
-3271
-3207
-3115
-2991
-2836
-2669
-2509
-2353
-2185
-1998
-1797
-1599
-1403
-1201
-979
-726
-448
-167
105
381
676
997
1330
1645
1940
2208
2481
2785
3087
3356
3565
3726
3876
4027
4150
4206
4179
4091
3981
3866
3731
3540
3279
2979
2672
2375
2074
1724
1313
881
457
68
-311
-717
-1139
-1547
-1892
-2173
-2423
-2669
-2900
-3101
-3238
-3315
-3360
-3400
-3432
-3437
-3385
-3281
-3148
-2999
-2850
-2672
-2460
-2207
-1948
-1702
-1467
-1232
-971
-704
-440
-187
50
285
521
757
978
1163
1309
1433
1540
1635
1708
1744
1747
1734
1723
1728
1735
1717
1671
1619
1583
1574
1577
1560
1530
1493
1480
1502
1536
1563
1562
1530
1498
1469
1428
1354
1221
1040
844
657
466
247
-6
-293
-567
-813
-1030
-1248
-1483
-1719
-1929
-2092
-2220
-2335
-2449
-2546
-2615
-2642
-2638
-2620
-2602
-2581
-2543
-2476
-2392
-2300
-2216
-2129
-2028
-1905
-1767
-1618
-1467
-1306
-1120
-909
-675
-432
-189
82
375
676
984
1281
1573
1858
2140
2401
2641
2842
3022
3170
3288
3372
3412
3405
3366
3299
3190
3050
2869
2659
2429
2186
1928
1656
1369
1080
797
519
241
-34
-309
-570
-816
-1035
-1245
-1446
-1638
-1798
-1939
-2055
-2152
-2232
-2295
-2333
-2343
-2327
-2301
-2260
-2201
-2116
-2015
-1894
-1763
-1623
-1469
-1306
-1111
-919
-717
-538
-349
-166
17
195
339
467
567
677
759
845
887
911
918
927
951
956
961
939
941
955
1015
1073
1121
1161
1204
1278
1358
1459
1527
1594
1630
1673
1698
1704
1663
1562
1437
1275
1118
931
728
491
254
12
-216
-430
-659
-877
-1102
-1293
-1474
-1615
-1754
-1867
-1969
-2043
-2097
-2144
-2171
-2208
-2215
-2232
-2210
-2183
-2141
-2103
-2051
-1985
-1909
-1813
-1735
-1633
-1540
-1393
-1252
-1070
-889
-694
-479
-251
1
251
517
768
1038
1289
1547
1785
2009
2216
2397
2562
2689
2796
2867
2917
2929
2921
2883
2814
2715
2583
2434
2255
2066
1860
1654
1433
1205
966
720
482
250
34
-184
-390
-602
-806
-1002
-1183
-1354
-1511
-1653
-1779
-1882
-1970
-2038
-2089
-2115
-2123
-2107
-2071
-2019
-1949
-1870
-1777
-1671
-1544
-1398
-1240
-1078
-927
-780
-630
-470
-304
-151
-19
86
175
260
354
415
460
482
496
532
581
623
632
633
679
763
864
966
1042
1107
1208
1323
1464
1610
1702
1772
1869
1936
1968
1971
1927
1851
1737
1631
1481
1289
1071
821
530
277
71
-137
-387
-635
-884
-1059
-1263
-1432
-1597
-1761
-1879
-1957
-2029
-2062
-2119
-2152
-2132
-2149
-2097
-2114
-2097
-2016
-1947
-1917
-1868
-1839
-1774
-1661
-1598
-1456
-1273
-1111
-947
-773
-599
-374
-57
161
384
626
838
1093
1336
1642
1851
2091
2154
2364
2507
2562
2637
2654
2633
2772
2660
2601
2435
2372
2169
2030
1815
1974
4880
3824
74
-1365
-408
588
639
-797
-1696
-1334
-384
-469
-1606
-2095
-1588
-830
-1303
-2431
-2830
-2279
-1866
-1658
-1949
-2336
-2181
-1814
-1646
-1658
-1765
-1520
-1064
-864
-813
-945
-848
-654
-291
206
252
-206
-122
323
308
270
173
322
584
413
333
971
1761
1836
848
-133
55
1242
2308
2236
1203
671
1219
1908
2068
1652
1304
1621
2038
2348
2155
1412
863
678
1022
1498
1448
778
80
-423
-534
-379
-478
-858
-1202
-1439
-1428
-1391
-1469
-1977
-2628
-2381
-1908
-1091
-1481
-2532
-2751
-2413
-1521
-825
-1472
-2615
-1444
-678
-1401
-1721
-1668
-1193
-265
-265
-1439
-983
-220
-194
-224
-667
465
1463
1090
100
-105
1102
2420
1721
602
1500
2257
2292
908
904
2270
2718
1387
670
1727
2779
1448
146
198
802
3643
724
-1351
-452
1161
2178
-805
-2317
1241
1140
-170
-1629
-703
596
128
-1546
-178
739
-1888
-1297
1262
-1295
-1856
-195
292
-1211
-1643
-1190
762
-792
-2323
251
-1637
-37
160
-1113
-846
-572
-232
509
-149
-726
-734
761
370
-452
-572
-776
819
274
-756
-577
1904
3001
891
-604
-1419
542
2563
2573
1193
160
1066
2077
1492
747
1025
1583
2229
1948
1539
1284
761
-58
84
918
1246
523
-647
-1224
-1186
-1650
-1393
-775
-1390
-1844
-2982
-2138
-1614
-1308
-3191
-4571
-1028
-133
-2272
-2120
-2420
-2419
-538
-1340
-435
-374
-2334
-430
39
-298
-729
-336
274
-298
-433
1592
-278
-1069
1364
620
1395
2995
836
104
1212
1004
2071
2874
2772
350
142
2337
3111
1165
32
2642
2624
840
213
1901
484
252
1262
203
-22
1239
1231
-3204
-1952
2288
-518
-1273
9
-3535
-368
457
-939
-713
-2393
-368
420
-1065
-268
513
-1531
-436
-1106
-106
1640
-791
-2369
-1436
443
798
139
-1676
-1060
-135
166
-478
575
-386
-1004
-308
-689
-97
1109
91
-1506
-3247
-428
1583
733
-742
602
4291
2824
-1544
-3285
866
6298
5518
-222
-778
3124
4151
1925
-113
764
4017
4323
2338
1102
404
745
856
139
772
1880
731
-1892
-3234
-2364
-1480
-1846
-2940
-3412
-2994
-2770
-3194
-4396
-5455
-1995
-3282
-3845
-1018
-2852
-4134
-1862
-2969
-3385
1985
-734
-2314
266
-1131
-1331
959
1485
581
-395
1142
2486
1460
-922
-163
3395
3758
515
2473
5550
3031
-811
1061
2769
3376
4980
4040
-499
-1339
2950
3411
589
1044
2586
1378
-1475
179
2655
-1459
-1454
1005
-39
-1198
-993
-1057
-3452
-1668
-2117
-2126
2968
-1764
-5615
-1672
-490
-8
-711
-2070
-517
-775
-100
647
-3249
-831
1786
-1786
784
793
-937
956
-3010
-2941
4505
2768
-3229
-2517
-421
2525
241
-2610
-958
47
74
-913
-3177
-1927
863
2283
5707
6829
1738
-6023
-3637
7186
12444
5836
-303
1380
5400
5538
3081
2879
4670
5424
4630
3457
3743
2898
-196
-2127
203
4239
3476
-2163
-6348
-5699
-4029
-3699
-4023
-4343
-5618
-8026
-8117
-6660
-7067
-7779
-6962
-5709
-5387
-4941
-4973
-5920
-6407
-4934
-1532
681
-545
-2966
-2051
985
2015
889
283
2487
4681
3614
2568
2722
2732
3211
4765
5178
5688
5747
4604
3950
3654
4175
5452
5718
3438
1482
2948
2866
585
148
1208
2533
1904
-2073
-1150
-763
-1946
-132
889
-1274
-2504
-1487
-963
-3567
-2370
-1142
-3457
-1546
364
-741
-5346
-3445
-1714
1655
2370
-2167
-2023
-1510
-1564
-1015
3525
1338
-2609
-2651
-2244
1265
1332
-32
-4178
-679
2222
-3142
-1409
10
-2163
-3160
-1675
911
82
-4695
-5979
-1946
9075
15400
6728
-9897
-10475
7070
18704
12268
1150
2696
8442
6661
2513
5493
11159
9913
3256
1306
7234
10341
2706
-5696
-3963
6495
8811
-530
-8706
-7880
-4609
-6374
-7521
-5156
-4942
-10026
-14150
-13299
-9977
-8056
-9679
-11618
-11111
-8203
-5564
-8021
-10567
-8671
-3509
-603
-1459
-2376
-1992
-968
-188
1575
3978
5981
5686
3347
2794
5058
8192
7693
5761
6682
10581
12950
8802
3813
2089
5932
9431
8792
6171
3192
324
-2189
183
3770
3816
-30
-3154
-3975
-3122
-1000
-1280
-3102
-3458
-2730
-1892
-3536
-5161
-4040
-2914
-2207
-1297
-771
-934
-1185
-2754
-1642
1506
3717
2914
492
-1614
177
2029
768
441
929
1060
-613
-2502
-2546
-1805
-1763
-2749
-3879
-2782
-1146
-4497
-5931
-4281
-4993
-4963
-4362
5093
15808
12603
-5911
-16823
333
20908
21035
6309
2108
10008
10026
2461
4072
14881
17246
8743
2223
4975
10677
5883
-2714
-3685
5286
9949
541
-8828
-9773
-6957
-8917
-10295
-6823
-4722
-10029
-17639
-18738
-15406
-11017
-9354
-10837
-12757
-13383
-10449
-10267
-11446
-9200
-4397
-1660
-3051
-3546
-2429
-929
-418
1524
4859
7786
8657
5524
3524
5045
9060
11094
10441
11579
12203
14404
10826
5561
2987
6506
12037
10233
6481
2402
-1025
-4109
-1105
4011
4497
245
-4490
-6300
-7164
-3194
469
-1398
-4190
-5498
-4734
-6097
-6265
-4234
-2372
-3089
-3059
-946
-1536
-2609
-2544
273
2626
3529
3476
981
-13
919
3245
3999
1520
687
515
-990
-465
400
-1105
-2793
-4442
-3109
-2070
-3421
-5200
-7385
-7724
435
16053
16920
1796
-17609
-11139
13238
24002
16245
6255
7458
6644
410
2626
16612
23221
12654
-140
476
10418
9444
-367
-3149
2119
7162
77
-6805
-7797
-8393
-12484
-14988
-8666
-2810
-7463
-18963
-23536
-19739
-13105
-9282
-9953
-11206
-14167
-14924
-13403
-10927
-6468
-3941
-2507
-3219
-3341
-2015
-338
906
2240
5167
7530
8919
7071
5792
6023
7873
10533
16382
20650
14100
3550
-87
7307
12445
12405
11027
6030
-2227
-5533
-457
4166
4417
1955
-1595
-5250
-5419
-1988
-2097
-3581
-3017
-1989
-3976
-5866
-4590
-5012
-6751
-4994
71
646
-2126
-3530
-2535
-1052
452
3727
4666
3038
975
-87
767
2547
4196
3168
300
-1447
-1530
-2415
-2632
-1853
-1881
-3185
-4941
-5320
-5861
-5652
-2837
12859
19783
7122
-13755
-13223
12667
24656
16689
7718
12262
11908
392
-861
16103
27573
16231
697
78
9491
9427
-861
-2021
3100
5213
-4159
-10611
-7160
-7063
-14514
-20207
-13400
-6143
-9753
-19536
-23205
-21171
-18456
-14560
-11450
-9638
-12483
-15779
-14867
-12018
-6257
-2670
-888
-1553
-2659
-1756
576
3691
5385
7221
8050
8891
8131
7648
8786
9974
12357
17484
18461
11077
2722
2488
7637
9188
9975
9972
3338
-5615
-6455
-461
2744
1722
649
-2300
-6249
-5802
-2828
-2098
-1799
-1368
-2929
-5698
-4215
-1392
-3358
-5253
-2289
1057
726
-118
841
1083
-29
1383
4581
5481
4599
2510
759
287
1545
2829
1338
-532
-2419
-4355
-5326
-4365
-3365
-4545
-7089
-8423
-7309
-3607
12228
19367
7352
-13652
-14351
10654
23562
19070
12876
15177
10153
-2183
-208
19510
30983
18799
3004
406
7837
7986
1132
2835
6019
3240
-8217
-11781
-5946
-6893
-15465
-20181
-14500
-10483
-13687
-19604
-21625
-22600
-22454
-17669
-12682
-9824
-12750
-16014
-15988
-13383
-6938
-1886
1272
735
-1906
-2623
395
5435
8865
10012
9646
9477
8335
8586
10974
12042
17557
19358
12435
4293
2765
8233
7265
6132
8487
5592
-4744
-8061
-2652
372
-1210
-1917
-1582
-5679
-6417
-3430
-3096
-2919
-2078
-2037
-4734
-3949
-689
-2335
-4939
-2021
1766
1068
1180
2511
2378
763
2409
6118
5723
4838
4500
3091
1942
1966
3502
2176
-188
-2278
-4125
-5718
-4286
-3760
-4574
-7684
-8210
-6692
5548
19790
14621
-5586
-18268
436
18743
20048
15370
18801
15987
-1187
-7453
9884
29709
26039
9785
2310
4200
4383
-1169
2286
8947
7079
-5745
-14304
-8983
-6842
-12954
-19501
-16137
-12351
-14678
-18948
-20328
-21098
-23951
-22169
-16730
-10865
-9733
-13074
-15589
-16481
-11897
-5452
943
4065
2422
-319
-1696
1656
6604
11617
13439
12549
10005
8263
9162
10296
13074
16212
20717
15488
5398
17
1462
4451
5024
8500
6593
-3699
-12202
-9262
-3613
-1744
-656
-232
-3466
-8855
-8121
-4399
-1357
618
-516
-2361
-3061
-957
-1664
-3169
-809
2770
2726
1894
4377
4563
1730
289
3516
6852
6270
4837
2302
371
-308
-430
144
-378
-1456
-4875
-7680
-7130
-4808
-6022
-7125
-4996
10005
21206
11559
-7423
-14239
5316
19701
19389
18342
22926
16534
-2666
-7092
12976
31028
24326
9582
4331
4940
748
-5082
1989
9275
4912
-8962
-15838
-10484
-9647
-15877
-20632
-17507
-14764
-16903
-20025
-20504
-21300
-23952
-23003
-18713
-11806
-8428
-10448
-13744
-15385
-10960
-4665
1442
5606
5784
3288
523
1798
7064
13056
15087
14061
11564
9723
9295
9156
12051
13779
14296
16008
12003
4920
-1933
-1674
1992
3063
4203
2395
-4920
-11825
-11057
-7050
-3082
-764
84
-4281
-9372
-7352
-3657
-1308
370
1577
703
-1988
-1627
-309
319
1591
3320
3462
4170
5583
4573
1897
944
3966
5387
4721
3603
1745
-619
-2914
-2574
-2409
-2773
-4086
-5648
-6866
-7066
-8190
-7432
-4061
11759
21693
12592
-5345
-11424
5779
17242
20371
22161
26260
17106
-780
-3646
13397
27820
22972
12704
7585
5171
-933
-5335
1353
5849
1325
-9897
-14112
-10775
-12741
-18574
-22793
-20522
-18632
-18375
-19007
-19227
-21752
-25379
-24995
-20756
-12663
-7416
-7436
-10784
-13664
-11057
-6160
595
6824
9737
7888
3487
2979
7063
12726
15132
15649
14193
12138
9974
9768
12098
13098
11979
12450
11941
6500
-197
-2727
-660
-524
-462
77
-2392
-8247
-11405
-9710
-6248
-3555
-1848
-2542
-5011
-5672
-4619
-3265
-622
1550
1565
167
237
1206
524
724
2363
3677
4450
5779
5617
3272
1088
2046
3016
2851
2744
2181
348
-2817
-5001
-5648
-4989
-4458
-5219
-6533
-7500
-8348
-8149
189
18502
21667
7725
-9487
-3488
13507
18999
20872
25849
27387
11334
-2817
4289
22721
26650
16730
10081
8354
4640
-3354
-3175
3073
1715
-6718
-14761
-12308
-10609
-15298
-21817
-24671
-23464
-22045
-19820
-18291
-18275
-22196
-25596
-25658
-20366
-11275
-6175
-6057
-9460
-10377
-7663
-3822
2372
8023
11018
8870
5869
6853
11038
13978
13935
13916
13527
12918
11195
11240
11735
9285
7770
9196
10773
5840
-595
-3046
-3492
-4975
-4192
-225
-1421
-7764
-11478
-8863
-6128
-4627
-2164
-1060
-2462
-4165
-2942
-662
1188
2213
1399
881
2169
3661
2692
1816
2856
3140
2531
3825
6047
4653
865
-404
351
431
-305
-34
-512
-3420
-6352
-7768
-7196
-6578
-6270
-6487
-7379
-7705
-4048
11260
21756
16157
-1904
-7040
7458
18521
20983
23592
29662
21828
3346
-1886
13912
27451
22622
12420
8753
7951
888
-5855
-2560
2181
-1268
-12372
-16593
-11843
-10548
-18220
-26743
-26452
-22453
-20849
-20682
-17760
-16667
-21329
-26535
-25301
-16507
-7921
-4548
-5315
-7252
-7234
-5906
-2293
3841
9845
11779
9346
7525
9032
11988
12692
12393
12530
12610
11999
11227
11263
9799
7239
4324
4665
8178
7986
3147
-3452
-6127
-6422
-5306
-2253
-212
-3514
-8703
-8783
-6398
-4585
-2899
-296
-381
-3087
-2323
1407
2706
1346
1011
1516
1367
2567
5004
5053
2431
836
1244
2350
4167
5159
3437
227
-1978
-2380
-2085
-953
-544
-2124
-4999
-7232
-7828
-7180
-5926
-5789
-6071
-6525
-4723
5808
18040
19962
6284
-6050
-1805
12759
22621
23323
22390
20662
13674
3510
2825
13795
23572
20633
8939
1354
2773
3954
86
-5100
-6235
-6200
-9346
-12346
-11582
-10211
-15133
-23875
-28281
-24328
-17320
-13284
-13250
-16590
-20533
-22591
-20868
-15002
-8415
-3776
-3064
-5013
-6335
-4623
-426
3301
5205
5536
6057
7494
9560
10749
9858
8212
6435
5947
7249
9868
11600
9804
6035
3510
3977
4825
5135
3739
1108
-2212
-4247
-2952
-1105
-683
-2252
-3111
-2738
-1123
769
1217
1004
-205
371
3074
4542
4647
4049
2565
644
-68
1921
4462
4308
2967
763
750
1264
1823
3117
1453
549
-1425
-1465
415
841
211
-2034
-2587
-2787
-2527
-633
-560
-1483
-1683
-2593
-2965
-1406
-212
-577
-1531
-1359
1138
4143
4737
2519
-418
-1532
440
3760
6375
6492
4561
1684
10
658
2316
3021
1852
52
-785
-108
1104
1750
713
-1451
-3401
-3921
-2716
-1180
-658
-1548
-3611
-5678
-6521
-5758
-4265
-3372
-3855
-4818
-5285
-5039
-4005
-2849
-2138
-2464
-3314
-3640
-2767
-1226
-247
-436
-1122
-1592
-1562
-1262
-701
-140
-267
-1017
-1640
-1207
-328
35
-243
-581
-292
248
638
1074
1669
1801
1302
996
1886
3592
4361
3842
3280
3826
4677
4922
4803
4873
5004
4673
4174
4462
5210
4890
3379
2189
2131
2363
2022
1588
1150
302
-898
-1555
-1047
-241
-577
-1875
-2619
-2355
-1844
-1774
-1687
-1464
-1757
-2305
-2446
-1757
-975
-1081
-1629
-1878
-1490
-984
-862
-1122
-1555
-1960
-2328
-2022
-551
1527
2515
1637
-520
-2263
-2340
-1058
1219
2676
2487
744
-801
-529
938
2296
2334
1531
452
183
1222
3077
4381
3808
1611
-1071
-2389
-1483
883
2679
2289
257
-1928
-2770
-1925
-340
517
-371
-1921
-2700
-2360
-1373
-829
-1101
-2090
-3345
-3971
-3351
-1963
-1221
-1772
-2941
-3636
-3828
-3553
-2638
-1699
-1820
-3027
-3935
-3351
-1732
-619
-474
-872
-1054
-1035
-766
423
1926
2480
1835
1002
1507
2836
3896
4294
4210
3765
3197
3157
3826
4791
4728
3743
2998
2854
2835
2531
2335
2186
1704
1027
856
1156
1391
1081
405
-13
142
408
488
387
270
41
-327
-528
-523
-493
-640
-1013
-1354
-1377
-1331
-1474
-1605
-1725
-1906
-2205
-2587
-3106
-3714
-3834
-2686
-580
911
517
-1433
-3583
-4376
-3162
-520
2219
3393
2600
914
167
1176
2950
3757
3019
1797
1595
2818
4433
5114
3725
549
-2428
-3084
-1098
1768
3084
1873
-803
-2952
-3231
-2099
-757
-295
-1124
-2154
-2489
-2166
-1445
-1443
-2713
-3851
-3982
-3460
-2162
-1080
-773
-1401
-2788
-3716
-3029
-1930
-1346
-840
-480
-399
-835
-1195
-465
841
1781
1483
482
119
693
1749
2733
2812
1488
913
1178
1830
2162
2006
1852
1425
1737
1525
1369
1834
1257
1577
1215
-178
1371
2295
2237
990
-1448
-319
234
1430
2298
2081
1341
-352
-598
799
1683
897
687
416
187
1172
604
-792
-923
-1077
-440
-90
-2189
-3451
-2140
-1574
-1862
-3026
-4246
-4784
-3785
-2750
-3440
-2673
1024
4773
4767
910
-3237
-3750
-844
3653
7316
7741
4905
1825
1478
3511
5191
4714
2631
1012
1577
3619
5017
4222
1467
-1855
-4316
-4885
-3095
-724
68
-1315
-3565
-5300
-6368
-6414
-5583
-4433
-3957
-3919
-3916
-3656
-3367
-3402
-3239
-3257
-2888
-2008
-918
107
1601
2873
1882
-152
-941
-49
1541
2702
3379
3193
1782
1127
1916
2843
3635
3572
2552
1270
467
477
1586
2318
1119
-612
-1920
-2349
-1542
-27
288
-779
-1470
-1366
-174
712
326
169
760
1111
-235
139
282
571
1529
1246
306
-614
651
81
636
1586
1284
400
-47
1896
2649
1033
-842
-1996
-1200
-290
-707
-100
-784
-2725
-4274
-4726
-4198
-3375
-3066
-2957
-3762
-5898
-5632
-344
7724
12502
9199
1712
-2381
1105
7415
11666
12509
11030
7901
5900
6711
8335
8768
6389
2911
539
290
1017
1308
695
-849
-4469
-9389
-12906
-12056
-8655
-6225
-7065
-9645
-12122
-13340
-12340
-9862
-7393
-6776
-7196
-6846
-4662
-1806
589
1594
1336
597
492
1446
3961
6778
8194
7039
4770
3270
2835
3302
4071
4579
3780
2829
3176
4790
5076
3053
142
-2436
-3948
-3412
-1305
79
-610
-2331
-3214
-3224
-3266
-2875
-1768
-1007
-455
532
2249
3209
3281
2724
1358
-62
-469
491
1432
1956
1986
1305
6
-1025
-910
-842
-1291
-555
454
1209
959
-637
-1184
-1656
-2690
-2678
-1940
-2184
-2256
-1904
-2437
-3335
-4003
-4176
-4194
-4654
-5108
-1020
7740
17191
19157
12252
3934
2683
7163
11578
13804
14563
14672
12812
11263
10004
8828
5908
2198
-1239
-3089
-3878
-3450
-2935
-2333
-4424
-10337
-17556
-20670
-18332
-14628
-13086
-13455
-13311
-13538
-13394
-12700
-10702
-8985
-8032
-7350
-5774
-3128
791
4548
7095
7480
6226
4259
3779
5833
8792
10118
9301
8434
7536
6469
5091
4056
2775
1300
781
1481
2007
1451
228
-1554
-4515
-6994
-7632
-6368
-5585
-4929
-3659
-2551
-2207
-1957
-929
-203
-153
230
1869
3785
5167
6051
6102
5092
3613
2672
2183
1630
1735
1833
1282
445
268
377
134
-522
-1308
-2514
-3872
-4126
-3231
-2403
-2679
-3040
-3602
-3855
-4326
-4157
-4137
-4055
-4162
-3657
-4187
-3426
3195
13966
22925
20798
13607
8032
10082
13082
14917
15110
15824
16166
14093
12075
10284
9691
6645
1156
-4874
-9099
-10847
-10234
-7868
-6184
-9255
-15653
-21428
-21969
-20570
-19526
-19355
-18251
-16596
-15537
-13818
-11034
-6980
-4192
-3719
-4448
-4382
-1729
2419
7139
10841
11986
10972
9192
9579
10396
10443
8769
7420
6518
5130
4237
4002
4335
2768
-327
-2913
-3742
-3245
-3098
-3497
-4791
-6405
-7266
-6383
-4754
-4234
-4006
-3534
-2470
-1528
-92
2099
3612
4209
4640
5163
5509
5991
6996
7037
5460
3868
3499
3360
2484
1500
211
-1391
-2789
-2972
-2541
-2488
-2489
-3033
-4268
-5438
-5361
-4581
-4409
-4479
-4119
-3627
-3299
-2833
-2058
-1969
-1951
-2200
-1727
-2581
-1915
4863
16163
25470
23370
17337
13774
16364
16923
14658
12792
13691
14442
11414
8688
8497
10320
8047
720
-7438
-13226
-15194
-15208
-13916
-12705
-14514
-17442
-19801
-18785
-18215
-18417
-18827
-18150
-17667
-17815
-15343
-9623
-2673
1188
1190
448
689
2781
4568
6528
8644
9668
9792
9202
10436
11656
11898
9690
6357
2691
-480
-1536
-1158
-449
-1671
-3901
-5513
-6302
-5209
-3509
-1563
-2101
-3968
-5062
-4487
-2528
-1011
681
1127
1611
1904
3340
5319
6728
7168
6239
5362
5068
5974
7152
6963
5803
3928
2552
1371
654
-300
-1865
-3790
-5747
-6715
-6831
-5716
-4611
-4155
-4640
-5324
-5129
-4722
-4172
-3722
-3175
-2752
-2176
-1070
33
776
1058
969
431
-381
-710
-1775
1791
10086
20185
22560
18052
16254
18067
18969
13719
10532
10623
11316
7096
3175
4178
7973
8686
2744
-4180
-8348
-10875
-13760
-17142
-16755
-16002
-16723
-18338
-17453
-14537
-13044
-12545
-12993
-13635
-14975
-13970
-10542
-6005
-2295
121
2457
4141
5403
6471
7546
8925
8070
5764
3906
5114
7352
7614
6561
5637
4676
1820
-1028
-2420
-2775
-4235
-6875
-8545
-8813
-7768
-5979
-3544
-509
1306
2095
1986
2515
2947
2733
2446
2286
2609
3137
5150
7065
8167
8030
7688
6738
5100
4161
3515
2755
1756
1219
946
187
-160
-776
-2376
-4533
-6088
-7080
-7951
-7976
-7115
-6105
-5367
-3903
-2562
-1836
-1404
-858
-527
-852
-773
-2
482
787
937
1537
1437
1441
1006
746
-628
-786
4395
12008
17597
15287
13830
15805
18065
14637
10005
9955
10754
6507
179
-324
4250
6557
2988
-1724
-3257
-4543
-8836
-13873
-14891
-13118
-14872
-18537
-19370
-14995
-11280
-10440
-10331
-9338
-8918
-9787
-9938
-7822
-4733
-2195
-892
194
1999
4862
7451
9110
8986
7620
5980
4621
3935
3006
3015
3393
2788
764
-741
-273
96
-1553
-4118
-5804
-6872
-8013
-8585
-6898
-3427
-416
1599
3173
5273
6611
6473
5834
4876
3825
2918
2915
3820
4836
6085
7013
7168
6722
6297
5373
3705
1792
337
-1008
-2235
-2693
-2843
-3082
-3563
-4091
-4866
-5695
-5990
-6394
-7354
-7527
-6224
-4325
-3097
-1749
36
1418
1896
2001
2285
2307
1839
1154
613
661
1021
1094
787
667
437
-458
-2455
-1220
4966
11734
13766
11059
12145
15207
15256
10943
8854
10678
9367
3075
-1193
1049
5293
4416
119
-1719
-1170
-3340
-8798
-12020
-10609
-10688
-15385
-19227
-17567
-12948
-11617
-11917
-10632
-8136
-7311
-8479
-8134
-5555
-2948
-2287
-2719
-1411
1605
4800
6910
8400
9240
9232
8020
6300
4763
3923
3621
2118
-292
-1775
-1068
-61
-951
-2282
-2872
-3326
-5291
-7391
-7389
-5739
-4369
-3915
-2339
1196
4889
6745
7501
8285
8484
6991
5313
5048
5374
5110
4380
4437
5127
5770
5864
4943
3844
2473
619
-1622
-3031
-3505
-4434
-5818
-6353
-5957
-5531
-5279
-5059
-5112
-5506
-5407
-4676
-3747
-2617
-1292
-229
555
1520
2852
3895
4297
4170
3543
2494
1670
1199
713
12
-596
-1130
-1755
-2464
-3015
-3983
-3787
711
6659
10107
8787
9504
13345
14803
12129
9269
10354
9796
4674
124
1091
5072
5137
1710
-39
1112
-9
-4871
-8837
-8740
-9209
-14075
-18371
-18000
-14257
-12926
-12809
-10948
-8176
-6676
-7463
-7051
-4905
-2845
-2219
-2745
-1724
559
3443
5902
7688
8585
8758
8432
7385
5929
4892
4751
3119
80
-2288
-2297
-1639
-2448
-3093
-2799
-2556
-4041
-5859
-5475
-4051
-3864
-5192
-4570
-1775
1014
2878
5684
9093
10303
9657
9103
9309
8631
7227
5452
3677
2509
2078
1897
1577
1975
1787
200
-1220
-1392
-1876
-3724
-4865
-5114
-5729
-6568
-5771
-4227
-3596
-3313
-2637
-1734
-1245
-728
-412
-275
117
480
637
1027
2201
2876
2668
2308
2337
1916
657
-282
-1165
-2115
-3414
-4402
-4954
-4939
-4762
-5004
-5513
-2463
3820
8954
9821
9532
12957
15516
14413
11648
11764
12621
9014
3611
1756
4245
5483
2821
453
925
842
-3069
-7272
-8165
-7942
-11432
-16169
-17917
-16265
-14590
-14111
-12348
-9609
-7237
-6444
-5840
-3884
-1867
-792
-955
-1015
-233
1358
3537
5314
6263
7108
8390
8610
7330
6022
5944
4931
1547
-1787
-2905
-2624
-3404
-4452
-3999
-2725
-2654
-4011
-4326
-3132
-2698
-4005
-4925
-3865
-2432
-1732
172
3961
7336
8425
9044
10553
11414
10457
8689
7133
5464
3520
2003
1173
1251
1494
940
51
246
786
-68
-1616
-2246
-2787
-4452
-5561
-5046
-4268
-4361
-4375
-3476
-2493
-1961
-1781
-1645
-1473
-1526
-1888
-2056
-1355
-415
-177
-365
170
1188
1458
1079
881
695
-236
-1543
-2345
-2517
-2832
-3529
-3932
-3749
-3300
-3614
-1649
3899
9461
10729
9536
11962
15009
14329
11094
10437
11189
8042
2695
528
2610
4060
2045
-326
1
549
-1998
-5623
-6499
-6235
-9313
-13888
-15333
-13784
-12418
-12148
-10555
-8427
-6853
-5773
-4503
-2721
-1331
-447
-566
-1042
-1062
-102
1757
3480
4093
4237
5260
6278
5778
4658
4816
4699
2046
-1139
-2118
-1567
-2495
-4091
-4212
-3154
-3043
-4025
-3815
-2142
-1006
-2023
-3053
-2333
-936
-744
-646
925
2918
3902
5025
7205
10004
11631
12106
11692
10848
9964
7970
5747
3658
2383
275
-1687
-2037
-1486
-1907
-2985
-3117
-3268
-4151
-5064
-5053
-5322
-6035
-6413
-6150
-5144
-4050
-3053
-2702
-2048
-1078
-804
-787
-280
521
229
-528
-341
609
1302
1518
1673
1781
1619
1008
432
79
-316
-1286
-2968
-4013
-4402
-4664
-5126
-5318
-4945
-5187
-4839
-1188
4710
8792
9062
10048
13510
15195
13506
11802
12922
12502
8004
3625
3454
5492
5008
2477
1674
2473
1277
-2223
-4424
-4268
-5816
-10519
-14491
-15267
-14538
-14728
-14388
-12533
-10469
-9211
-8193
-6177
-3803
-2155
-1515
-1657
-1827
-1398
187
2488
3969
4633
5581
7014
7562
7092
7366
8122
6868
3544
1020
695
229
-1827
-3456
-3347
-2955
-3973
-4867
-3751
-1961
-1949
-3356
-3602
-2384
-1690
-1956
-1314
492
1801
2086
2959
5345
8026
9766
10593
11360
11953
11444
9837
8375
7255
5145
1985
-440
-1444
-2361
-3676
-4479
-4623
-5114
-5914
-6258
-6051
-5949
-6341
-6826
-6810
-6165
-5367
-4794
-3858
-2568
-1609
-1214
-526
655
1318
1086
843
1123
1549
1709
1720
1981
2201
2127
1537
1055
876
377
-731
-1934
-2455
-2899
-3650
-4477
-4707
-4672
-4823
-4831
-4478
-3896
-3453
-950
3787
8263
9596
10313
13505
16539
16126
13870
13638
13481
10113
5329
3573
4583
4192
1355
-841
-517
-563
-3068
-5956
-6650
-7169
-10523
-14555
-15990
-15082
-14877
-15205
-14188
-11899
-9589
-7782
-5510
-2892
-491
951
1499
1796
2340
3484
4700
5430
5435
5863
7105
8006
7721
7356
7843
7281
4656
1819
904
435
-1660
-4236
-5161
-4775
-5145
-6092
-5702
-3906
-2905
-3560
-3919
-2696
-1363
-1371
-1579
-646
598
1005
1446
3120
5391
6859
7726
8938
10161
10626
9995
9333
8370
6808
4519
2323
707
-832
-2353
-3980
-5033
-5604
-5963
-6417
-6573
-6189
-5961
-6039
-5804
-4730
-3910
-3608
-3173
-2159
-1197
-620
92
832
1388
1541
1560
1541
1885
2197
2003
1497
1431
1677
1363
931
789
679
-109
-1131
-1685
-2113
-2639
-3419
-3990
-4235
-4162
-4060
-4019
-3489
-2853
-2491
-2562
-2276
-1766
-1485
203
3509
7614
9391
10455
12301
14866
15613
14239
13180
12133
9887
5577
2476
1505
1059
-934
-3254
-3658
-3431
-4120
-5735
-6225
-6348
-7920
-10555
-12430
-12453
-12173
-11952
-11572
-10245
-8293
-6153
-3837
-1469
875
2501
3475
3728
3769
4153
4941
5423
4884
4465
4779
5418
5158
4647
4581
4418
3028
811
-598
-1251
-2378
-4522
-6147
-6492
-6506
-6894
-6784
-5299
-3645
-2990
-2748
-1701
-141
675
871
1126
1731
2184
2465
3130
4246
5488
6187
6846
8167
9589
9941
9140
8658
7899
6074
3608
1959
449
-1845
-3900
-4902
-5181
-5540
-5521
-5353
-5243
-4980
-4713
-4515
-4201
-3355
-3035
-3259
-2832
-1593
-604
-275
576
1447
1700
1482
1621
1810
1543
1195
678
299
121
238
122
-122
-155
-437
-910
-1298
-1314
-1708
-2450
-3113
-3515
-3742
-3831
-3631
-3302
-2923
-2609
-2277
-1824
-1143
-824
-765
-819
290
2575
5614
8011
9477
11052
12648
13888
13595
13035
12017
10246
7067
3768
1785
646
-411
-2106
-3286
-3870
-4226
-4895
-5687
-5989
-6777
-8204
-10140
-11061
-11096
-10847
-10575
-10000
-8635
-6944
-4813
-2675
-391
1657
3157
3777
3796
4071
4471
4636
4135
3516
3144
3068
3127
3014
3061
2993
2549
1299
-33
-892
-1614
-2765
-4337
-5432
-5958
-6127
-6096
-5545
-4342
-3113
-2129
-1321
-112
1312
2386
2876
3092
3499
3847
4088
4457
5190
5946
6315
6303
6317
6562
7184
7123
6534
5468
4807
3607
2112
804
-211
-1440
-3203
-4280
-5018
-5307
-5695
-5717
-5707
-5554
-5129
-4709
-4121
-3480
-2692
-2289
-1895
-1155
-368
172
442
869
1015
1054
1047
1099
925
654
485
286
123
13
12
-160
-404
-618
-778
-900
-1117
-1357
-1674
-1885
-2082
-2190
-2154
-2053
-1991
-2008
-1829
-1525
-1114
-815
-747
-716
-651
-475
-520
147
1670
3631
4972
6455
8796
10822
11595
11335
11650
11304
9726
7094
5128
3642
1768
-323
-1980
-2414
-2865
-3619
-4492
-4576
-4619
-5635
-6975
-7978
-8446
-9368
-10061
-10225
-9763
-9022
-7927
-6280
-4489
-2491
-687
951
2145
3000
3638
4012
4161
3838
3579
3543
3611
3365
3207
3613
3931
3555
2755
2363
1972
823
-802
-2116
-2931
-3883
-4898
-5379
-5029
-4335
-3910
-3263
-2139
-737
80
605
1204
1780
1960
1912
2136
2459
2724
2985
3392
3855
4259
5031
5739
5804
5195
4806
4518
3414
1988
1032
582
-480
-1360
-1779
-1971
-2497
-2780
-2903
-3287
-3450
-3465
-3718
-4110
-3596
-2854
-2746
-2496
-1494
-563
-400
13
760
1077
929
847
829
524
424
306
49
-105
90
54
-337
-331
-47
-101
-523
-708
-885
-1313
-1712
-1887
-2031
-2215
-2229
-2112
-1851
-1388
-868
-541
-315
-131
1
9
-40
-101
-259
-324
-457
-163
830
2326
3646
4681
6138
7644
8842
9213
9179
8729
7899
6574
4750
3218
2052
1004
-506
-1640
-1999
-2075
-2474
-3028
-3406
-3924
-4766
-5824
-6761
-7345
-7705
-8125
-8423
-8034
-6946
-5654
-4349
-2838
-1178
276
1330
2023
2598
3050
3248
2926
2474
2263
2365
2358
2203
2257
2395
2352
1946
1467
1024
390
-577
-1891
-2976
-3693
-4162
-4592
-4683
-4177
-3524
-2933
-2280
-1242
-154
598
1025
1327
1748
2178
2463
2641
2976
3469
3877
4122
4553
4939
5145
4932
4487
3957
3763
4058
3523
2423
1508
1601
840
-437
-1084
-1166
-2077
-3535
-3789
-3743
-3873
-4080
-3732
-3533
-3149
-2138
-1577
-1339
-766
153
-45
-433
166
671
273
-253
57
-26
-365
-462
-297
-440
-578
-587
-889
-1058
-990
-1086
-1650
-1841
-1636
-1618
-1731
-1527
-1066
-868
-686
-472
-197
47
223
281
259
444
486
498
549
786
823
772
889
944
927
886
1285
1874
2532
3042
3510
4154
4747
5123
5248
5501
5497
4953
4106
3370
2681
1740
840
50
-644
-1335
-1911
-2390
-2808
-3157
-3535
-3989
-4453
-4820
-5127
-5331
-5399
-5347
-5185
-4716
-4015
-3295
-2581
-1708
-849
-292
143
674
1098
1193
1201
1366
1517
1479
1410
1421
1469
1374
1155
923
747
474
-19
-554
-971
-1339
-1746
-1992
-2057
-2022
-1938
-1610
-1091
-596
-130
333
814
1142
1458
1707
1889
2002
2154
2345
2482
2757
2940
3135
3163
3158
2920
2966
3499
3453
2762
2058
2104
1536
466
-5
12
-407
-1250
-1414
-1408
-1523
-1725
-1906
-2286
-2345
-1969
-2049
-2225
-1947
-1314
-1486
-1681
-1195
-748
-893
-1191
-997
-906
-957
-1051
-977
-1199
-1023
-1133
-1069
-1079
-894
-634
-1103
-765
-683
-164
-282
-154
72
153
157
48
112
180
205
-70
-74
-48
285
198
161
260
345
344
177
317
481
476
374
346
414
624
1190
2044
2761
3325
4030
4751
5200
5366
5478
5427
4908
4012
3058
2274
1494
636
-224
-908
-1390
-1920
-2406
-2780
-2996
-3299
-3780
-4155
-4381
-4523
-4653
-4632
-4379
-4030
-3539
-2883
-2186
-1479
-831
-238
185
434
580
597
518
307
47
-99
-173
-308
-513
-599
-534
-580
-757
-884
-898
-912
-1072
-1194
-1138
-1039
-961
-867
-488
25
505
1012
1509
2051
2425
2717
2951
3134
3209
3043
2834
2646
2506
2231
2007
1881
1904
1820
1613
1563
1652
1594
1075
648
424
125
-326
-472
-326
-273
-216
-66
77
55
143
12
-477
-879
-1062
-1302
-1796
-1874
-1783
-1913
-2122
-2059
-1913
-1948
-1974
-2003
-2095
-2253
-2255
-2348
-2353
-2229
-2028
-1849
-1577
-1071
-606
-247
96
459
722
911
1002
1157
1243
1267
1191
1183
1320
1307
1244
1156
1157
1004
769
541
286
59
-133
-231
-394
-443
-369
-200
-27
182
435
635
866
1033
1251
1606
2158
2625
2961
3369
3860
4239
4347
4322
4109
3684
3031
2231
1333
468
-353
-1230
-2067
-2659
-3025
-3357
-3585
-3671
-3716
-3790
-3800
-3755
-3717
-3567
-3321
-3064
-2792
-2347
-1824
-1394
-923
-411
13
191
357
435
388
222
68
-78
-314
-482
-651
-707
-781
-747
-766
-812
-832
-793
-682
-556
-305
-98
79
294
720
1148
1496
1873
2286
2554
2635
2747
2822
2796
2641
2445
2220
2036
1861
1616
1395
1280
1127
873
685
537
316
56
-141
-388
-614
-735
-851
-1025
-1036
-878
-836
-887
-817
-724
-800
-931
-999
-1098
-1250
-1347
-1407
-1395
-1300
-1202
-1153
-1010
-782
-647
-597
-508
-421
-436
-457
-411
-291
-138
2
98
252
464
617
650
654
682
686
609
460
358
323
273
184
191
153
124
92
138
133
474
1072
1308
1174
1244
1556
1254
852
795
841
517
422
758
994
1249
1614
1901
1920
2059
2021
1473
941
608
101
-670
-1124
-1436
-1850
-2133
-2196
-2174
-2106
-1907
-1926
-1987
-1823
-1645
-1729
-1811
-1690
-1706
-1762
-1619
-1344
-1125
-876
-589
-447
-267
-45
66
-4
-35
-81
-263
-402
-476
-544
-621
-570
-511
-440
-309
-162
-38
122
343
458
566
747
920
973
1050
1224
1354
1436
1525
1630
1726
1848
1891
1823
1773
1751
1613
1372
1228
1143
986
767
596
447
306
160
-15
-136
-182
-267
-423
-492
-497
-574
-650
-628
-614
-654
-654
-644
-709
-779
-795
-813
-832
-769
-673
-611
-563
-506
-484
-517
-523
-512
-529
-567
-546
-500
-465
-398
-298
-173
-45
63
112
161
196
149
88
163
275
237
203
299
343
193
122
167
126
40
109
182
98
110
287
342
306
588
1015
1086
991
1156
1276
1024
781
743
618
437
409
312
109
141
215
-31
-206
-28
-40
-391
-545
-541
-770
-1007
-1050
-1160
-1286
-1194
-1114
-1174
-1056
-829
-817
-838
-659
-550
-588
-522
-406
-391
-326
-159
-57
32
191
306
354
412
427
340
274
219
97
5
7
-45
-102
-37
6
-37
-5
112
92
27
89
128
57
45
98
102
133
219
264
296
442
566
574
648
805
844
819
861
889
824
764
715
591
469
395
273
119
55
-7
-128
-258
-330
-398
-494
-567
-622
-629
-614
-617
-627
-570
-491
-428
-384
-309
-216
-139
-64
-37
-11
64
139
135
132
201
262
220
177
182
173
142
105
70
63
78
43
-29
-67
-77
-131
-212
-261
-273
-280
-273
-261
-228
-149
-63
-10
30
108
176
194
188
201
249
290
306
332
390
419
402
363
312
249
197
134
51
17
26
-2
-55
-60
-73
-139
-204
-256
-328
-396
-445
-520
-603
-629
-657
-713
-714
-658
-613
-571
-468
-355
-265
-177
-87
-9
58
94
84
99
131
126
122
177
234
270
327
354
345
347
337
266
206
202
169
132
163
198
204
252
310
306
286
302
293
233
186
157
121
97
77
62
87
129
158
191
233
252
245
222
157
58
-16
-94
-202
-265
-264
-269
-277
-242
-192
-184
-184
-168
-199
-260
-302
-340
-384
-406
-382
-346
-297
-213
-125
-64
6
70
102
119
125
132
117
96
84
66
57
56
44
49
72
85
108
134
160
178
181
187
165
135
100
48
-4
-41
-69
-85
-78
-54
-17
24
63
89
99
107
92
60
36
15
-5
-14
-6
12
30
60
94
101
105
109
91
59
32
4
-29
-53
-50
-46
-40
-12
1
-10
-35
-72
-134
-206
-267
-321
-365
-371
-342
-302
-250
-179
-122
-78
-47
-33
-34
-40
-48
-62
-63
-51
-30
-13
21
55
92
129
157
187
207
223
226
217
201
172
137
101
73
55
44
50
59
67
76
76
60
35
-2
-39
-70
-88
-84
-64
-32
15
60
98
139
170
184
182
170
141
104
69
28
-16
-56
-82
-105
-109
-97
-85
-65
-45
-35
-39
-46
-66
-108
-147
-187
-221
-235
-231
-214
-191
-152
-111
-75
-45
-22
-15
-17
-19
-29
-36
-43
-37
-27
-18
4
27
56
86
118
144
162
176
178
168
155
139
115
94
75
60
46
41
42
48
55
65
84
102
117
130
135
134
131
121
116
108
100
93
82
65
41
12
-19
-55
-84
-108
-126
-128
-125
-111
-93
-74
-59
-48
-48
-53
-67
-93
-115
-146
-167
-177
-182
-181
-171
-154
-138
-126
-123
-122
-126
-130
-141
-145
-148
-146
-137
-122
-94
-61
-29
7
41
64
83
91
92
94
87
79
77
81
90
107
127
148
160
174
181
185
185
179
172
168
169
171
176
179
172
164
151
126
94
62
35
6
-19
-32
-42
-44
-46
-50
-52
-58
-69
-91
-110
-136
-162
-182
-199
-197
-200
-197
-186
-172
-157
-137
-122
-106
-94
-82
-68
-52
-36
-21
-3
14
29
41
51
57
58
56
52
43
34
31
24
20
17
18
23
26
33
34
36
37
32
34
34
34
35
46
55
68
83
99
114
125
136
143
143
133
123
108
86
68
43
22
4
-14
-30
-48
-61
-73
-84
-95
-102
-105
-106
-108
-109
-112
-114
-117
-115
-108
-109
-103
-93
-82
-70
-59
-43
-33
-22
-10
-2
6
14
22
23
24
25
27
28
36
41
45
50
55
64
71
78
80
86
88
89
92
97
99
104
103
104
104
95
88
79
67
51
36
19
-1
-20
-35
-46
-56
-59
-60
-52
-46
-41
-33
-27
-23
-27
-34
-46
-57
-72
-81
-85
-93
-93
-87
-84
-79
-75
-70
-75
-81
-87
-102
-114
-120
-124
-120
-109
-91
-68
-39
-11
14
33
50
54
57
59
54
52
51
57
64
72
80
92
104
111
113
108
100
84
72
59
47
37
31
25
23
21
18
18
17
17
18
15
12
15
13
12
11
10
9
10
11
13
17
14
15
13
11
14
9
4
4
2
-5
-13
-18
-22
-29
-34
-39
-47
-52
-52
-54
-56
-52
-49
-42
-37
-26
-16
-8
0
-1
4
3
5
1
-1
5
8
7
9
14
17
22
26
25
24
17
14
6
0
-8
-16
-16
-20
-15
-14
-11
-1
0
2
4
1
-6
-11
-17
-21
-23
-22
-24
-22
-10
-4
3
13
19
19
18
16
13
10
6
-1
-3
-7
-9
-8
-3
-4
-3
-2
-4
-5
-10
-8
-13
-13
-13
-13
-10
-10
-11
-13
-9
-10
-7
-2
0
5
6
9
15
24
27
27
31
33
34
33
31
28
25
24
21
17
18
14
15
17
22
24
20
21
14
12
6
-1
-7
-11
-11
-10
-10
-11
-10
-12
-7
-8
-7
-5
-4
-1
2
3
3
7
4
4
1
-6
-9
-14
-15
-19
-21
-21
-26
-22
-21
-19
-19
-16
-21
-23
-21
-23
-24
-26
-29
-24
-22
-16
-8
-3
0
6
12
14
16
20
19
18
17
17
19
20
20
20
25
20
21
19
19
13
11
7
4
1
-2
-4
-5
-10
-13
-12
-11
-9
-8
-4
-5
-5
-6
-8
-12
-14
-12
-10
-6
-8
-6
-1
4
6
8
7
5
6
4
-3
-5
-6
-11
-10
-5
-2
4
4
9
11
10
9
6
5
1
-8
-11
-14
-18
-17
-14
-11
-2
1
8
18
23
28
32
34
35
42
35
33
29
25
23
15
13
8
2
-2
-4
-8
-17
-20
-22
-28
-30
-30
-30
-33
-32
-28
-31
-27
-24
-19
-16
-14
-12
-8
-3
1
4
11
16
15
13
16
16
19
19
17
14
10
9
3
2
1
1
2
1
3
6
3
7
4
2
2
-1
0
-5
-7
-3
-8
-8
-8
-8
-2
0
-1
1
6
2
0
-3
0
3
0
1
7
8
5
6
9
8
9
10
9
8
6
7
4
3
-2
-5
-5
-6
-8
-9
-7
-6
-6
-7
-6
-4
-4
-6
-7
-13
-17
-17
-14
-13
-15
-11
-9
-3
3
2
1
5
4
4
2
0
-1
0
-1
1
1
2
4
2
2
-1
-1
-5
-6
-13
-14
-14
-18
-12
-13
-11
-6
-6
-4
-3
5
4
2
4
10
12
12
11
14
19
23
29
30
33
31
29
26
14
7
0
-4
-3
-5
-8
-5
-3
-1
0
4
5
7
6
4
3
1
3
0
2
0
1
0
7
7
9
10
3
0
-6
-7
-11
-15
-21
-19
-21
-20
-18
-20
-15
-16
-20
-18
-19
-17
-15
-15
-12
-7
-2
0
3
6
14
12
10
11
11
11
12
12
11
11
10
15
14
11
10
9
8
3
-1
1
-2
-3
-4
-9
-5
-4
-6
-4
-10
-11
-10
-14
-8
-11
-14
-11
-14
-11
-10
-7
-4
-5
-6
-3
-3
-2
0
-4
-1
-3
-6
-5
-7
-5
0
1
0
-3
2
3
0
0
-1
-4
-1
-3
-5
-3
-2
-4
1
5
6
7
12
13
16
14
14
19
21
26
25
24
23
22
20
21
23
21
20
19
13
8
5
4
2
-5
-6
-8
-10
-13
-13
-14
-17
-15
-19
-20
-18
-15
-15
-14
-14
-11
-6
-5
-1
-1
2
-1
-3
0
-2
-4
-7
-2
-2
-4
-1
-3
-3
-3
-5
-6
-7
-5
-5
-12
-12
-7
-6
0
2
2
5
9
15
13
12
11
9
8
9
2
5
6
2
5
3
1
1
0
-1
-5
-3
-1
-4
-3
-4
-6
-3
-3
-2
-2
0
1
4
4
2
5
1
0
-2
-4
0
-2
-1
1
3
0
3
0
-1
-1
-4
-3
-2
-7
-6
-4
-2
-2
-1
-2
-1
-1
-6
-3
-1
0
0
1
0
2
0
1
3
2
1
0
0
-2
-2
0
-1
-2
1
1
0
-1
1
3
1
2
4
5
8
7
6
3
3
3
0
0
1
-2
-2
0
1
0
3
2
-2
0
-5
-7
-5
-6
-6
-2
-2
0
-1
-1
-2
-2
0
1
-1
0
2
4
7
7
4
3
3
1
3
3
4
0
-3
-2
1
-1
-2
-3
-4
-3
-5
-4
-6
-2
-2
1
-2
1
0
-1
-1
-1
1
-1
1
3
2
0
3
3
3
1
3
3
2
3
3
2
6
3
4
1
-1
0
-3
2
-2
-2
-4
-2
-2
-3
1
-6
-5
-2
-3
-5
-4
-3
-6
-5
-1
-1
-1
-4
-2
-2
-8
-6
-5
-7
-1
-4
-3
-4
-2
-4
-1
-2
-1
3
2
0
1
-1
4
-1
-2
-1
-4
1
4
2
4
5
3
7
6
9
9
8
8
10
8
8
11
8
6
7
8
3
1
5
4
4
2
3
3
-2
-2
-6
-7
-7
-7
-7
-6
-6
-7
-4
-7
-6
-5
-4
-3
-3
