SAMPLES:	10478
BITSPERSAMPLE:	16
CHANNELS:	1
SAMPLERATE:	16000
NORMALIZED:	FALSE
2
-1
3
0
-2
1
1
2
-2
2
1
3
1
0
5
3
1
2
-1
-2
-2
0
1
1
4
7
3
3
2
2
-1
0
2
3
1
-2
0
-1
-1
-2
-3
-4
-5
1
-1
-3
-1
-2
-2
-1
1
-3
0
1
1
-2
0
3
-2
-2
1
-3
-4
-1
-3
-1
-2
0
2
-2
1
2
-1
3
2
1
2
-1
-5
1
-1
-1
4
6
4
4
3
2
2
0
3
2
2
0
-3
-1
-2
-2
-2
0
2
2
1
-2
-1
1
4
1
1
0
-1
1
-2
-1
-4
-5
-3
-3
3
-3
-1
2
-2
-1
2
4
6
0
-1
-1
0
2
0
-1
-1
-4
-4
0
1
1
2
2
2
2
-1
-3
-3
-1
-3
-2
0
2
1
1
-3
-3
-1
2
2
-1
1
1
5
3
4
2
3
0
0
1
-4
-1
1
0
0
0
1
1
2
0
-1
-2
-4
0
0
-1
0
2
4
0
1
1
1
-1
-1
-1
-4
1
1
-1
-2
0
1
3
-1
-5
-3
-6
-5
-1
2
-2
-1
-1
-3
-2
-1
6
2
1
2
2
-1
0
2
2
3
4
4
2
4
1
0
-1
0
-1
-1
-1
0
4
6
0
-1
-1
3
3
1
-1
-3
-1
-5
-1
2
2
1
-1
0
1
-1
0
-1
5
3
-3
2
1
0
-1
-2
-1
3
4
3
2
1
1
-1
-3
-4
-2
-1
0
2
1
-1
1
-2
0
-2
1
1
1
1
1
1
1
-2
-3
-4
-6
-3
-4
-3
-1
-2
-4
1
6
2
-1
0
-2
-4
-3
0
1
1
1
3
3
1
0
-2
4
3
2
0
-1
-1
0
2
5
5
5
1
0
1
1
-1
-2
0
2
2
0
2
0
0
-4
-1
0
-2
0
-1
-1
-1
3
1
-2
-2
-4
1
-2
1
-1
-4
-3
-1
-1
-5
-3
1
2
1
-1
-1
1
0
-1
0
1
2
1
0
1
4
4
4
1
1
2
1
0
1
-2
-1
4
-3
-1
3
-1
-1
0
4
1
0
1
1
0
1
-2
-3
0
0
0
0
2
0
1
1
-1
0
0
0
-2
-2
1
-1
-2
1
1
-2
0
1
0
0
0
-3
-3
-1
-5
-3
-2
-3
0
0
-3
1
2
-2
-1
3
-2
0
-1
1
4
1
3
3
3
-2
2
1
0
-3
1
0
-1
0
0
0
0
1
-1
1
1
2
1
0
1
2
1
3
1
-1
-1
13
4
-14
-9
1
-1
-4
-1
-5
-1
3
1
-4
-2
2
2
-2
1
4
-3
-3
0
3
1
1
1
-1
1
3
1
1
0
0
-4
-2
1
5
3
0
3
-1
-2
-2
-2
-1
0
-2
-1
-1
-2
-2
-1
0
0
2
2
3
2
2
3
1
3
3
0
0
-1
1
0
1
-2
0
1
-1
1
0
-4
-1
-1
-3
-2
-3
-6
-4
2
0
0
2
2
-2
-2
0
-3
2
3
5
4
4
2
2
-2
-2
-1
-1
1
2
3
4
2
2
-2
-1
0
-1
0
-5
-3
-2
-2
-2
-2
0
-1
-3
0
0
-2
-2
-2
-2
1
0
-3
-1
-3
-4
-3
-3
-1
2
3
2
-1
0
-5
-5
-4
-1
0
-1
4
3
2
8
6
2
8
7
5
6
5
2
2
2
0
-4
-1
-2
-2
2
0
0
0
1
1
-3
-2
1
3
-1
-2
0
-1
-3
-1
-1
-1
1
-2
1
2
0
-2
1
0
0
1
-2
-1
1
0
1
1
-1
-2
-1
1
-3
-2
1
0
2
-2
-4
-2
0
-1
-1
-1
3
4
1
-2
1
0
0
1
-2
0
1
-1
3
0
-3
-1
2
2
1
0
-2
1
4
0
-1
-4
-4
-3
-4
-1
3
1
0
-1
-1
-2
0
0
3
-2
-3
0
1
3
0
-1
-1
-1
-1
0
-1
2
3
2
1
-1
0
-1
1
-1
6
3
1
2
-1
-2
1
1
-1
1
1
-1
-1
0
-2
-1
3
-1
-1
-1
-2
-1
0
-4
-1
2
2
0
1
4
3
1
0
3
2
5
3
3
-1
-2
-1
-1
0
2
1
-1
-2
-1
-3
0
2
0
0
2
3
0
0
-1
-4
-2
0
-4
-1
-4
-5
-4
-4
-4
-1
1
-2
-3
-2
-4
-4
-3
-2
-2
1
0
-2
2
0
-1
0
7
5
6
3
0
2
2
2
2
2
1
1
1
2
4
2
4
3
1
0
0
-1
-1
0
0
-1
-1
-4
-3
-1
-1
-1
-2
-2
-3
1
1
-1
-2
-1
0
0
2
3
0
-1
0
-4
0
4
1
4
5
2
3
4
1
1
0
-2
0
0
-3
0
0
2
3
1
1
5
3
0
2
2
1
1
-1
-1
-5
-5
-5
-5
-7
-5
-2
-2
-1
-1
0
-3
-2
-1
-2
-3
-3
-2
-1
0
0
-2
-2
-1
-4
-4
0
-2
-1
-2
0
-2
2
4
1
1
-1
-1
0
5
4
3
3
1
1
1
0
-1
-1
0
5
6
4
7
4
1
4
3
4
4
2
0
7
6
3
4
4
-1
0
0
0
-1
-4
-3
-3
-1
0
0
3
2
-1
-1
-1
-1
-1
0
-1
5
-3
-7
2
-3
-3
-1
-7
1
-4
-6
1
-2
0
-4
-4
0
-3
-7
-8
-3
-2
1
-5
-5
6
-2
3
-1
0
7
-6
-3
11
-7
1
11
-10
4
1
-3
6
-12
-2
2
-15
5
11
-8
-6
25
-1
-29
22
25
-27
-3
51
13
-21
19
-11
-3
33
-35
-6
59
-2
-39
-2
51
-20
-86
49
58
-84
-9
74
-28
-48
57
19
-111
43
133
-113
-46
122
-43
-75
23
22
-7
-26
-23
28
55
3
-96
-28
147
-52
-96
188
-78
-130
245
-108
-179
243
-13
-209
94
174
-90
-132
36
88
23
-130
-9
166
-103
-75
172
-73
-119
149
-38
-121
148
14
-125
12
34
54
13
-201
54
239
-168
-184
268
98
-397
136
368
-338
-167
428
-112
-289
310
66
-301
84
246
-184
-159
259
-2
-241
132
174
-171
-130
184
129
-301
-11
306
-239
-24
173
-166
79
25
-146
130
57
-122
63
-19
32
143
-158
-105
297
-43
-261
209
77
-84
-65
-58
186
40
-274
62
164
-84
-67
38
-98
148
-2
-279
165
188
-221
-129
225
69
-112
-85
-6
206
-15
-309
254
194
-362
-32
324
-51
-231
125
140
-131
-4
96
-17
-97
127
-88
-90
280
-275
-206
472
28
-522
72
523
-254
-371
398
211
-338
-18
24
247
85
-577
125
496
-286
-320
214
161
-56
-272
90
392
19
-415
-10
461
7
-492
-2
557
-188
-420
137
61
8
-155
-73
415
34
-471
112
503
-154
-347
95
428
-155
-576
309
397
-451
-572
722
465
-744
-198
640
264
-634
-116
662
-54
-616
294
149
-165
-67
-55
259
-134
-114
247
-35
-166
267
-180
115
1
-255
-1
154
46
-5
-283
-45
515
-276
-180
275
212
-172
-296
421
127
-429
50
135
-176
161
-237
-12
484
-448
-285
668
-18
-504
349
97
-59
-167
-8
309
-318
-165
169
223
-265
-74
358
-139
-250
501
-367
-276
1005
-585
-819
950
393
-1136
128
1128
-923
-422
1072
-325
-543
601
-40
-203
-10
102
87
-90
-96
319
-1
-796
675
398
-966
271
514
-305
-341
115
480
-165
-494
260
575
-646
-233
848
-249
-799
540
533
-650
-395
787
208
-960
263
584
-138
-418
154
694
-755
8
548
-295
-122
347
-149
-203
633
-662
-87
424
-239
47
-363
-190
739
12
-987
343
469
-481
51
116
571
122
-988
373
894
-515
-786
882
514
-853
-93
539
117
-561
-407
577
306
-296
-78
-101
317
-379
-287
268
29
166
-699
390
550
-1252
217
1029
-678
-376
986
20
-673
580
-89
-227
390
-115
8
70
142
-393
161
-84
-296
579
-730
60
1007
-772
-880
792
601
-1061
191
618
-349
-239
799
-232
-1077
688
773
-556
-519
593
233
-430
-63
19
608
-346
-758
1365
144
-1818
859
1325
-1674
-347
1475
-507
-357
204
-52
-26
320
-341
52
967
-1054
-310
1664
-928
-1608
2039
413
-2412
678
2181
-1909
-1955
3514
-309
-3290
2692
560
-1674
378
815
104
-1303
379
1604
-1360
-705
1506
191
-2311
897
2471
-2087
-1916
3130
163
-2844
1803
1334
-2189
183
1584
-1322
429
611
-1417
366
1050
-922
-320
805
-400
-514
313
564
299
-1396
-153
2324
-1031
-1567
1724
466
-1540
613
1342
-2609
1250
1555
-2189
-157
2334
-879
-3098
3249
820
-3627
1535
2601
-2870
-435
1681
-803
337
203
-1296
1427
142
-1253
533
258
-188
254
-710
1023
-73
-1166
1319
717
-2450
458
2945
-1791
-1416
1382
-32
151
-474
-926
1839
-1329
-351
1624
-917
47
-1409
1285
1120
-2018
996
94
-770
1858
-1963
-687
2588
233
-3358
711
4569
-2865
-4195
6037
513
-7101
4369
3366
-5114
1672
1121
-3221
3767
-214
-4821
3256
3852
-5317
-1287
6347
-2409
-4702
3942
2578
-4066
-1073
4320
-383
-2986
-686
2681
1800
-3299
-1885
3978
1930
-6688
2569
4869
-5459
-1065
4347
81
-3749
1150
3257
-3774
562
1662
-1043
-134
-311
1485
-578
-1494
1104
469
400
-2576
1239
3370
-4089
-1775
6511
-1481
-8241
7634
5074
-11664
1409
11704
-8570
-5845
9786
591
-7800
3179
2702
-2489
538
-58
-1006
2269
-1255
-2679
5753
-1428
-6613
5863
4334
-7766
-2121
9128
-1372
-8479
4901
5747
-6698
-3121
6968
1142
-6959
-72
8570
-3519
-6971
5693
3932
-6230
-59
2967
1120
-2726
-2862
6607
14
-8650
5347
5397
-6890
-1411
5670
-407
-5789
4301
1698
-3813
-37
2530
960
-3894
-952
6558
-2727
-5579
5936
2666
-7932
1592
7416
-4679
-5064
5176
3916
-5537
-2775
5457
2060
-5752
252
4284
-2462
-493
416
164
614
-1432
976
755
-1167
73
-469
2088
-2599
696
3378
-4921
-661
6234
-2893
-4015
3540
2166
-2421
-1497
2162
622
301
-4200
2483
5187
-8469
368
7575
-3675
-6741
6560
5122
-10504
972
10178
-6378
-7194
12137
-815
-9773
5151
5923
-6171
-4137
5750
3052
-5925
-654
4393
-451
-3909
917
5485
-4141
-2315
4005
1393
-3137
-1892
2326
3244
-3887
-3283
7182
-867
-8206
6525
3842
-7874
-1806
9804
475
-12786
5692
11902
-14016
-3669
14847
-3952
-9882
7096
5344
-7951
-3738
9509
1002
-9273
2171
6675
-1428
-7135
2876
6761
-6779
-4457
11642
-2604
-11295
9224
6041
-11068
-2442
12709
-940
-12909
5291
10813
-7679
-8469
9053
7238
-13122
-3907
17473
-4036
-16147
10456
11471
-15354
-4845
18681
-4568
-15603
12665
7721
-16076
1897
13038
-8332
-6512
7792
4505
-8377
-3234
10411
-1029
-9768
4244
9987
-10849
-4779
14942
-4523
-8592
5560
3192
-2466
-3963
4373
3267
-5988
-1584
6914
-335
-9150
4563
8289
-8793
-3680
9553
-1181
-8034
5036
4398
-7291
778
7052
-3967
-5226
4556
3769
-4227
-2400
2762
2915
-5259
-839
8315
-4287
-6594
8299
1017
-8817
5246
6356
-10393
544
8584
-2929
-7560
4554
9170
-12534
-3229
15282
-2703
-14086
8275
8789
-12125
-2840
13388
-3006
-10420
8786
2908
-9488
3927
6379
-10037
-1791
13195
-3920
-11408
9272
4807
-10742
-322
12119
-3589
-9303
6367
6005
-9336
-2373
10661
-3776
-8130
7243
5898
-10598
991
10380
-10070
-4715
13486
-2147
-9864
7686
4946
-12049
1294
12242
-8313
-8909
13339
2111
-13200
4345
9373
-6563
-7262
8530
5611
-10213
2316
8157
-8237
-3711
11000
-3651
-11975
11261
5867
-13061
813
12631
-7433
-9795
11378
4292
-11712
826
12231
-6801
-9948
11348
2690
-12189
2660
10236
-7919
-3379
9561
-3713
-6097
6119
336
-4527
2914
3030
-2853
-2844
3909
1468
-4913
1606
4894
-3248
-2229
5655
-854
-4296
3114
1586
-2712
-243
2054
-354
-1179
-818
-23
19
950
-871
-1780
1074
2190
-1842
-2425
1485
1767
-2223
-2076
3433
2079
-3611
-658
2033
373
-1587
-118
2255
-376
-2163
1472
348
-1237
857
487
-1660
401
2075
-727
-1743
120
2210
-1045
-1925
3477
440
-4064
1880
2587
-2127
-1610
3842
-493
-4241
2919
3165
-3816
-497
4131
-2160
-2025
3526
635
-2929
1002
1026
-1607
559
-49
-959
253
-681
97
1420
-1788
-1409
2298
150
-2336
1157
2373
-1886
-1706
1231
1172
-835
-854
968
-29
-510
98
148
149
-36
-208
649
674
169
-169
-201
-260
-550
1517
-612
-1157
1196
-3
-2134
837
1402
-2473
285
2021
-1530
16
815
-670
153
-634
-315
1153
0
-1506
1437
572
-1512
-384
1802
133
-1761
784
2634
-1679
-839
1983
-479
-1154
1081
997
-1294
161
462
-1647
-115
1110
-1032
-1080
2495
-912
-2009
2338
321
-3055
1370
2283
-2680
-641
3168
-763
-2443
1936
740
-1349
200
1533
-291
-357
-384
1231
-127
-907
898
594
-764
-10
41
65
1
-783
333
906
-728
-1447
1704
1166
-2746
-457
2961
-1465
-1367
1087
405
241
-348
-134
302
776
497
-2041
-62
2531
-2039
-1238
1905
-178
-2092
-510
3039
-1673
-1839
2994
-1478
-744
1486
-474
-432
668
-555
-923
2478
6
-2980
1324
3046
-2826
-1443
3789
-625
-3036
1767
1326
-1145
823
641
-957
-377
822
179
-736
414
-889
153
296
-923
1012
-623
-746
345
112
319
179
-837
-160
312
998
298
-715
748
-284
-1055
1777
703
-1820
-324
574
316
5
131
-415
-40
-835
-292
2566
-181
-2360
973
902
-1900
742
1988
-2004
-1288
3062
-118
-2000
2111
-45
-3043
1078
2783
-1888
-1051
1190
-410
-985
803
1148
-498
-1555
-15
1731
-720
-273
785
-1082
-1091
670
1520
-335
-1056
925
613
-934
416
1442
-1554
-1088
1328
112
47
715
-658
-865
-176
72
412
76
-24
38
-878
-500
1527
589
-1914
-167
951
662
152
-121
-14
-479
-783
293
2112
123
-1673
-278
1292
-312
-1063
737
541
-1676
-577
2192
43
-1759
417
391
-1013
606
801
-708
-71
149
-556
162
843
-266
-904
274
1396
-146
-994
1046
400
-908
-42
1111
467
-601
-276
401
156
-248
-221
306
-377
-374
461
392
-837
-531
231
-639
-101
951
-354
-887
495
-92
-185
315
-16
-407
-76
13
761
363
-465
63
-296
-437
283
240
448
-306
-486
347
-158
-310
-19
-624
-179
301
254
154
-254
-112
-333
-358
543
934
-506
139
1296
-182
-736
700
611
-795
-314
795
479
-320
103
90
-582
-476
61
-118
76
197
-114
198
-17
188
-458
-414
219
182
242
321
162
-1
-175
-118
408
487
-394
106
1121
343
-103
597
328
-635
-20
915
510
-331
5
245
-192
-278
89
84
-266
-185
146
-199
-380
-175
-520
-582
-1
283
-458
-372
484
-421
-932
199
382
-843
-427
243
77
-120
-256
-273
-505
-473
-130
194
51
-217
-489
-412
-103
-325
-190
-241
-578
16
170
-482
-625
-274
-641
-562
448
-269
-1164
-251
-314
-860
-481
-317
-880
-1075
-403
-50
-72
-708
-877
-558
-685
-414
39
-148
-530
-418
-372
-136
-211
-657
-417
-100
-74
334
676
1774
5234
9228
9929
7114
5763
6504
6708
6763
7662
7772
5934
4319
3811
2842
206
-2805
-4550
-4443
-3631
-3899
-4843
-6301
-8468
-10020
-8935
-7035
-6660
-6305
-5179
-4371
-4357
-3645
-2356
-2302
-1972
62
2625
3530
3378
2725
1497
1071
1618
2272
2081
1693
553
-449
-927
-1611
-2687
-3762
-3580
-2998
-2426
-2332
-2926
-3983
-4578
-3937
-2731
-1693
-1330
-1014
-836
-609
25
671
1266
2134
2919
3199
3424
3078
2552
2332
2357
2375
2417
1834
689
-308
-1008
-1653
-2414
-2432
-1957
-2569
-1804
-484
-425
-2156
5710
24172
28515
12271
-3505
6952
22325
18517
10236
13451
18454
9187
2473
7091
8633
-4964
-16081
-10518
-1511
-1061
-9054
-14683
-19115
-21733
-19474
-15299
-12052
-12470
-12433
-10729
-7706
-4931
-3900
-4513
-6101
-2836
5496
12970
12287
6234
4197
5081
5346
4180
6021
8407
5884
1413
-109
833
-2651
-8038
-9499
-6174
-3775
-4250
-4866
-6759
-9353
-10491
-7377
-3563
-2077
-1294
196
1735
1920
2398
2510
2666
3876
6677
9194
8615
6337
3492
2321
2670
3219
3226
2324
905
-1194
-2858
-3501
-3568
-4415
-5257
-4528
-2903
-2232
-3551
-4419
-4216
-3520
-2731
-1486
-189
219
33
202
1532
2649
2212
1497
2564
14163
29710
30021
11748
-2716
7659
20866
17225
8552
10988
14653
6163
-1208
1070
1594
-10144
-19321
-14302
-3562
-792
-8951
-17001
-20804
-19535
-15803
-11977
-8141
-6277
-5262
-4767
-3009
10
1129
-1156
-2696
1920
10268
15611
12197
4736
1185
1686
2015
351
1872
4816
2260
-4417
-6842
-4744
-6488
-11581
-11811
-5917
-2754
-3999
-5007
-5489
-7224
-8060
-3973
1205
3042
2700
2762
3475
3521
3556
3596
3740
4798
6747
7545
5851
3193
316
-1018
-140
1435
1609
11
-1695
-3697
-5188
-4901
-3702
-3687
-4195
-2895
-971
-859
-2560
-3307
-2111
-626
263
982
1743
1389
302
222
1468
2926
3579
11726
27147
31818
15842
-2258
4400
21061
20327
8730
8657
16272
10821
-1202
-2856
1017
-6152
-17829
-16922
-5272
927
-7086
-18278
-22503
-18999
-14497
-12723
-9242
-4977
-3063
-4192
-3954
-534
1683
396
-1436
2336
10538
16296
13125
4385
-157
1113
2418
-9
-442
2294
955
-5177
-8213
-6044
-7451
-13611
-14506
-6897
-1318
-3035
-5335
-5237
-5350
-6009
-3022
2219
4493
4097
4027
5261
4997
3666
3273
3884
4774
5859
6662
5451
2451
-834
-1895
-389
1101
489
-1166
-1993
-3388
-5623
-6402
-4800
-3583
-3850
-3189
-1260
-808
-2535
-3134
-1368
847
1954
2385
2289
2013
1736
1534
1207
1581
2479
3288
3458
9839
25532
32012
16485
-4752
-1352
18911
23016
10637
6100
13303
10392
-2621
-6307
-482
-3086
-15467
-18694
-7637
2473
-3749
-18388
-24286
-18917
-11975
-10016
-7228
-2342
-975
-3649
-4944
-1082
2871
2638
384
2118
9438
15463
12689
2845
-2832
-1271
1221
-31
-1095
964
-97
-6976
-11880
-8313
-4588
-9264
-14875
-9276
611
598
-4957
-5103
-2201
-3357
-2461
4618
8583
4945
1823
3981
5440
4320
3847
3507
2588
3318
4767
3208
199
-1481
-2513
-2615
-360
1541
-695
-4177
-5147
-4865
-4877
-3576
-1791
-2346
-2876
-1122
303
-952
-1790
-213
1266
1945
2734
3095
2049
378
-356
-292
1080
2040
1638
1047
6318
21660
30835
19185
-2629
-4101
15282
23635
13662
6853
12858
12386
165
-5599
-161
305
-11245
-17749
-9240
2372
-957
-15798
-23831
-19693
-12143
-10063
-8142
-2852
-735
-3859
-6383
-2992
2045
3144
1082
1657
7937
14329
13053
4152
-2288
-1365
1499
627
-931
874
541
-6156
-13424
-12242
-6010
-6604
-11881
-10054
-2173
-69
-5309
-6408
-2684
-1857
-1670
3330
8525
6927
2685
2117
3599
4103
4800
4840
3616
3504
3763
2080
-593
-1233
-1060
-1583
-486
1389
-57
-3749
-5551
-5358
-4881
-3635
-1859
-1660
-2759
-2315
-1217
-1769
-1942
-67
1932
2147
2414
2911
1833
-200
-524
486
1337
1569
2042
1997
5128
19169
30889
22361
91
-5360
13068
24555
16449
7566
11386
13016
2368
-5458
-1512
1449
-8086
-17353
-11982
507
294
-14059
-23817
-20823
-13082
-10338
-8684
-3633
-1148
-4184
-7521
-4637
1324
3694
2011
1611
6454
12531
12772
5523
-1278
-1634
1244
1527
3
935
964
-4799
-12714
-13781
-8725
-7215
-11413
-10547
-2433
1585
-2889
-5074
1204
2407
-3453
-1853
8249
11326
4549
2138
4377
2187
-418
2491
4456
2313
1597
1909
-134
-1617
61
-631
-3042
-493
2126
-1005
-4666
-4182
-4660
-7017
-4775
-568
-864
-2722
-1679
-1468
-2799
-1229
1906
2231
1619
2530
2440
464
-45
169
-145
721
2744
3341
8262
23383
31585
17443
-4098
-2066
18026
24036
13791
8824
14363
11872
-969
-6019
-145
862
-9803
-16627
-8947
1726
-2488
-17316
-24345
-19219
-12443
-10999
-7826
-1704
-734
-5862
-9015
-4531
1821
3884
2575
3103
7936
12690
11310
4079
-1010
-495
1477
1135
646
2317
957
-6206
-13796
-13497
-6846
-4454
-8338
-9034
-2300
174
-6272
-9793
-3769
1131
-709
884
6927
7337
1394
-601
2588
4274
4140
4372
4279
3850
3648
1093
-2244
-1422
1359
693
-986
743
810
-4022
-7207
-5672
-3977
-3954
-2565
-978
-1825
-3029
-2758
-2506
-2087
130
2579
2838
2144
1681
863
-215
-73
385
971
2060
3804
4281
8823
21938
28988
17135
-1704
-352
17343
23819
15089
9709
13530
11130
-337
-5508
343
2713
-6839
-15142
-10175
-424
-3163
-16146
-22781
-18555
-12847
-11830
-9146
-3463
-2071
-6930
-10908
-7107
189
3890
2859
2239
5706
9791
9547
4967
1441
1377
2336
1636
1172
2755
2352
-3647
-11327
-11646
-5846
-3736
-6450
-6930
-4090
-4862
-8466
-7292
-2508
-1186
-2589
-1288
1970
3653
2815
1262
697
2292
4554
4638
4397
5394
4456
659
-862
2100
4071
1971
-85
-53
-645
-2818
-4433
-4520
-4207
-3947
-3351
-2616
-2187
-2645
-3719
-3871
-2082
382
1511
1501
993
175
-611
-413
692
1449
1536
2354
3476
8092
20102
29619
22830
3860
-2012
12324
23676
19289
12516
14634
14087
2953
-5287
-801
4522
-2457
-13556
-13344
-3512
-1308
-11584
-21152
-20907
-16389
-15304
-13035
-6041
-1532
-5550
-12420
-11993
-4710
1725
3263
2790
4196
7422
9136
7309
4657
3863
3965
2534
1525
3986
6281
2579
-6326
-11994
-10120
-6171
-5950
-7467
-5957
-3524
-4829
-7192
-5262
-1688
-1725
-3643
-2088
2102
3697
2244
404
217
1361
2121
2325
3347
4934
4114
1139
426
2929
4041
2067
287
93
-449
-2098
-3461
-3923
-4067
-4031
-3805
-3456
-2756
-2623
-3372
-3595
-1981
234
1113
1160
1325
887
54
-45
877
1388
1020
1652
4828
13803
24701
26782
15144
2296
4383
15424
20008
16927
16331
17702
11508
484
-3299
1734
3429
-3777
-10854
-8638
-2662
-4567
-13213
-19001
-18360
-17595
-18201
-14262
-6322
-2505
-7228
-13495
-13748
-8523
-2793
453
2357
4347
6089
5991
4627
4433
5291
4750
2278
1819
5023
7961
5524
-1575
-7146
-8047
-6780
-6270
-4903
-1976
-1462
-5097
-7915
-5913
-3398
-4410
-5614
-3121
445
1042
57
-210
-257
-895
-896
654
3314
5557
5201
2808
1584
2811
3600
2821
2779
3454
2314
-273
-1526
-1391
-1845
-2893
-3126
-2251
-1306
-1147
-1995
-2604
-2288
-1578
-963
132
1943
2437
1125
-273
-234
64
53
-119
-186
485
5936
16624
23500
18737
7333
2796
7325
12294
13452
14794
17866
16337
7944
251
118
3511
2071
-3633
-6285
-3406
-1868
-5417
-10074
-11895
-12724
-15667
-17011
-13323
-7332
-4895
-7568
-11182
-12169
-10681
-8612
-6171
-2813
343
1503
704
134
761
1760
1896
1350
1400
2555
3827
3930
2910
1484
95
-1732
-3398
-3369
-1501
64
-544
-2229
-1521
1188
1631
-1113
-3568
-3152
-2476
-2547
-1419
11
-272
-1559
-2211
-2313
-1400
928
2334
1480
1700
3950
4328
2410
1705
2569
2040
763
1093
1816
1736
1419
884
176
503
1374
681
-241
1048
2835
2151
687
987
1673
830
-599
-801
-565
-727
-1153
-1372
-1413
-1910
-2820
-2873
1515
9153
13026
9692
4350
3544
5603
6524
6495
7834
9917
9792
6912
3960
3619
4723
4155
1146
-955
-257
642
-359
-2012
-2431
-3175
-5963
-9116
-10018
-8537
-6639
-6038
-7120
-8520
-8992
-8666
-8709
-8648
-7416
-5749
-4883
-5187
-5097
-3727
-2244
-2076
-2870
-2580
-1027
-31
-131
95
1605
2589
1750
607
986
1986
1983
1462
1923
4593
6470
4747
318
-1774
-110
-43
-1515
-1391
-283
-709
-1397
-978
-495
-116
472
232
40
2027
3796
2899
1655
2527
3324
2110
1264
1688
1951
1685
1817
1669
1055
1478
2135
1358
456
1327
1822
660
-198
717
1623
956
-232
-920
-892
-984
-1504
-1911
-1788
-1077
-1512
-2871
-3590
-3031
-2116
1124
5990
8280
6236
2956
2487
4558
5715
4479
4297
6268
7258
5681
3139
2246
3595
4391
2510
251
471
1390
307
-1567
-1553
-741
-2060
-5290
-7320
-6453
-4923
-4762
-6131
-7488
-7603
-7373
-7570
-7331
-5842
-4764
-4888
-5262
-4969
-4199
-3348
-2494
-2223
-2384
-2240
-1718
-1408
-1165
-697
-309
-332
-612
-528
165
778
1078
1055
2132
4382
5186
3227
1036
2271
2656
736
497
1587
1416
943
1539
1937
2221
2762
2756
2040
2506
4007
3924
2689
2663
3103
1977
372
411
661
313
-37
-93
-167
161
738
411
-88
119
848
712
396
842
1082
258
-574
-427
-284
-685
-1008
-919
-858
-1009
-1187
-1489
-2048
-2352
-2407
-2689
-3207
-2491
1848
5963
5909
2907
547
1262
3490
4065
2575
2943
5226
5346
2677
625
1517
3643
3976
2023
502
861
1285
142
-1149
-403
709
-757
-3624
-4127
-2695
-2378
-3483
-4773
-5360
-5299
-5467
-6165
-6267
-5262
-4407
-4776
-5732
-5859
-5262
-4475
-3839
-3560
-3416
-2919
-2248
-2022
-1746
-1005
-2
137
-364
-264
501
1158
1394
1705
2818
4872
5954
4564
2526
2774
3501
2508
1994
2686
2568
1704
1626
2076
2081
2191
2556
2468
2319
2987
3275
2362
1739
1958
1706
741
813
1462
1196
184
-259
-209
-110
33
-30
-121
87
863
845
-186
-430
-73
-346
-929
-862
-485
-793
-1456
-1677
-1741
-2024
-2220
-2404
-2711
-2780
-2681
-2696
-3300
-3869
-4642
-4368
-623
5104
6257
2412
-59
956
2687
2704
2514
4192
6310
5900
3772
2840
4294
6132
5779
3357
2154
2662
2338
523
-451
716
1019
-1124
-3695
-4246
-3641
-3647
-4599
-5932
-6454
-6161
-6054
-6294
-5788
-4396
-3802
-4494
-5429
-5275
-4185
-3072
-2317
-1958
-1590
-1044
-851
-1108
-627
516
1098
543
-279
-120
917
1625
1714
1629
1600
1631
2309
3906
4631
3567
1711
1372
1040
1497
2322
2907
2203
1744
2409
2545
2650
2982
3515
2620
2435
2673
2992
2517
2175
1483
319
-209
213
-39
-930
-942
-742
-1255
-1701
-1395
-692
-851
-1172
-1428
-1673
-1673
-1264
-1292
-1912
-2224
-1889
-1789
-2176
-2080
-1692
-1660
-2146
-2200
-1850
-1572
-1761
-1866
-2201
-2536
-3131
-2550
760
5493
7652
4611
1970
2624
3655
3045
2620
4428
6613
6139
4044
3222
4474
5892
5056
2506
1010
981
630
-361
-43
1860
1747
-1582
-4504
-4811
-4137
-3613
-3941
-4977
-5398
-4916
-4485
-4811
-4721
-3928
-3614
-4288
-5122
-4680
-3135
-1673
-1296
-1823
-2136
-1813
-1601
-1686
-1183
-17
328
-381
-843
-37
1094
1597
1744
1872
1949
1717
1298
1007
1311
1897
1767
1346
1628
2373
2402
1859
1993
2713
2968
2713
2766
3102
3404
3159
2553
1988
1668
1394
657
104
180
266
-380
-1217
-1400
-1289
-1371
-1588
-1632
-1549
-1193
-1071
-1226
-1247
-918
-848
-1124
-1281
-1143
-648
-474
-762
-1068
-946
-659
-753
-1008
-940
-765
-988
-1482
-2005
-2147
-2619
-3593
-3187
487
5341
6574
3586
1441
2350
3487
2873
2756
5095
7393
6464
3837
3467
5662
7130
5383
2356
1005
1144
857
358
1051
2263
733
-3199
-5440
-4884
-3930
-3802
-4347
-4992
-5157
-5071
-5082
-5149
-4720
-4061
-3970
-4466
-4910
-4334
-3022
-1877
-1590
-2056
-2400
-2155
-1835
-1497
-792
17
54
-676
-906
-122
708
884
809
1059
1429
1602
1928
2491
2710
2202
1526
1167
1308
1746
2113
1936
1702
2008
2208
2021
1896
2144
2227
1811
1388
1276
1244
924
353
-92
-178
-107
-407
-964
-982
-630
-496
-669
-708
-331
177
234
-35
105
468
452
60
-186
-325
-424
-654
-1172
-1165
-723
-730
-1315
-1534
-1471
-1594
-2041
-2591
-2786
-2897
-3700
-4588
-2337
3391
8285
7388
2904
1512
3538
4600
3749
4704
8257
10030
7571
4499
4629
7083
7376
4090
1002
902
1826
1112
-231
322
702
-2543
-7041
-8402
-6587
-4727
-4648
-5822
-7068
-7424
-7044
-6851
-6592
-5546
-4603
-4651
-5271
-4928
-3180
-1761
-1506
-2085
-2522
-2215
-1407
-714
80
876
1099
181
-721
-75
1311
2078
2279
2337
2267
1716
892
594
621
954
964
522
490
1048
1342
870
396
1030
1690
1757
1941
2528
3110
3121
2592
2062
1810
1816
1581
1144
937
1149
1117
540
132
8
-4
-89
-114
366
523
262
-67
-31
-30
-211
-504
-855
-872
-637
-636
-1148
-1036
-971
-863
-1229
-1685
-1612
-1533
-1952
-2388
-2764
-3451
-4825
-4156
1961
9875
12396
6165
293
1261
4826
5534
5920
9620
13068
10472
4315
2256
5041
7315
4688
445
-283
1576
1357
-1320
-3111
-2968
-5259
-9888
-11838
-9514
-6072
-5466
-7424
-9934
-11174
-10705
-9193
-7709
-5840
-3758
-3433
-4468
-4840
-2989
-724
-29
-267
-244
529
1607
2047
2115
2404
2221
1122
16
1044
3980
5042
2472
-928
-1656
258
1563
2504
3610
2938
92
-2094
-1252
924
1757
1399
474
-296
1079
2832
2468
1430
2079
3230
2730
2766
4292
4243
1747
67
418
1068
1215
1035
195
-1481
-1752
-1278
-1422
-898
329
-251
-1664
-1274
113
312
-486
-523
-263
-888
-1249
-735
-472
-962
-1626
-2221
-2386
-1987
-1616
-2414
-3696
-5293
-5011
3400
15636
19490
8246
-3577
-1536
7403
10886
10876
14780
17679
11247
763
-1324
4603
8726
4983
-966
-1331
1684
313
-5105
-8578
-8471
-10321
-14193
-13212
-7815
-5031
-8562
-14273
-17048
-15861
-11909
-7391
-4565
-3480
-3431
-5064
-6303
-4353
60
2847
2127
1528
3147
4919
5028
3685
2656
2690
2332
1821
2652
5023
5239
1065
-3289
-2932
-209
991
557
1534
3447
2105
-1464
-3270
-1245
1283
1657
1492
2334
2220
812
-103
486
2674
4384
4730
4148
4019
4341
3003
1012
1177
2377
2233
827
-56
-496
-1805
-3248
-3628
-2998
-1934
-1583
-2332
-2698
-2344
-2057
-2463
-2260
-955
-241
-841
-1432
-1316
-1159
-1892
-2817
-2756
-1958
-1724
-2894
-4949
1632
18019
27654
16523
-3969
-5689
10140
19862
17358
16820
20296
14939
302
-4852
4660
12509
7579
-2674
-4442
542
-565
-9168
-14568
-13146
-11768
-14916
-14594
-8718
-7077
-13813
-21432
-21553
-15360
-8642
-4388
-3409
-4955
-6408
-6764
-5827
-1703
3842
6835
4797
2045
3455
5992
5128
2124
1367
3694
4947
3344
2249
2125
94
-4293
-6217
-2476
1997
1707
-498
-7
469
-1732
-3816
-1275
2708
3477
2564
2384
2234
1293
785
1363
3623
6049
6820
5421
4401
4711
3872
2188
2432
3874
3436
1168
-853
-1998
-2977
-3459
-3516
-3691
-3386
-3229
-4205
-5338
-4637
-2852
-2314
-2576
-1946
-1014
-1558
-2702
-2801
-1839
-1092
-1386
-1381
-1524
-2001
-3248
5143
23312
31761
15582
-7262
-4040
17455
27146
20745
18558
20629
11997
-2874
-2829
10324
14549
4115
-6115
-4507
433
-3868
-13695
-17284
-14412
-13226
-15352
-13097
-8385
-11544
-20911
-24903
-18874
-9908
-4423
-3099
-4791
-7794
-8219
-5358
-1678
2837
6504
6409
2386
522
3553
5637
2493
-633
994
4356
3700
-254
-2371
-2822
-4488
-5940
-4008
1704
4910
1497
-4539
-7053
-4057
311
3137
5129
5376
2189
-821
218
4154
6371
5742
5280
5924
6588
6530
5250
3742
3415
4171
4935
4633
3055
160
-3390
-4738
-2852
-343
-186
-2889
-5858
-6858
-5919
-4129
-2689
-2297
-2678
-3321
-3624
-2900
-2425
-2351
-2878
-2742
-1804
-1194
-1260
-2190
-3600
-2590
11203
29242
29879
7504
-7053
7046
24103
21168
14328
21744
23976
7422
-6009
2500
12653
6197
-4227
-2944
3254
-410
-11560
-17709
-15503
-12753
-13689
-13721
-8967
-8317
-16473
-23225
-19715
-10910
-5815
-3810
-2778
-4116
-6766
-5741
-2243
603
3686
6576
5965
1853
531
2283
1151
-2361
-1857
2075
2876
-1190
-5088
-6173
-6633
-6707
-5095
-1979
54
-1432
-1875
-227
161
-1645
-1354
2942
6589
6454
5190
4046
2005
2126
4439
7445
8996
7857
5069
3148
4225
6035
5374
4015
3748
2126
-206
-1210
-1414
-2542
-4046
-3373
-2630
-3730
-5037
-5204
-4824
-3938
-2595
-1533
-1462
-2429
-2598
-2402
-2085
-1531
-1253
-1127
-1603
-1897
-2294
-2281
-3172
386
16587
30990
23142
-1710
-7401
11364
24546
19792
18494
23590
14212
-3235
-3880
10682
13394
2642
-3194
403
1291
-4904
-12102
-14427
-13281
-12151
-11207
-8667
-6692
-12016
-20471
-21301
-13572
-6518
-3666
-2446
-3569
-7166
-8320
-3905
116
1832
3805
5109
2475
-807
-470
261
-1824
-2840
376
2321
-571
-5307
-7636
-7689
-6898
-4967
-2770
-1553
-2738
-3532
-744
1287
-116
-1859
1417
6021
6915
5257
4273
2930
2429
4943
7816
8815
6963
4438
3007
4208
6652
6728
4670
3389
2286
175
-602
-364
-1333
-3520
-3587
-1797
-2073
-4428
-5639
-5116
-3842
-2161
-710
-354
-1495
-2716
-2692
-1292
93
293
-1403
-2213
-1897
-1200
-1772
-2441
-3158
-1830
13008
29106
24376
-2015
-13430
7525
28604
25443
15995
16408
12342
-24
-3081
10157
16344
5650
-4702
-2834
2849
-769
-11230
-15664
-11957
-8618
-8629
-8853
-7958
-12761
-20981
-20594
-10976
-2966
-2138
-4674
-7208
-8698
-7425
-2160
1505
1825
2508
3391
1962
-911
-1474
-664
-1644
-2545
-262
1424
-1152
-6739
-10123
-8448
-4958
-3043
-3070
-4123
-4852
-5367
-3461
2764
5460
2015
-870
2007
6119
6289
5591
6440
5138
3529
6013
8026
6726
3895
3205
4662
6342
7064
5109
1593
390
918
747
1040
493
-2375
-5417
-5124
-2373
-1988
-3655
-4135
-3556
-2845
-1622
-289
-53
-1182
-1568
-328
964
839
-311
-1691
-2261
-1831
-1428
-765
-1915
-3158
-4883
5208
25026
29067
7028
-14514
-2925
22718
28397
18039
14982
12959
2557
-3773
6015
16328
8967
-3568
-4695
1761
1611
-7710
-15090
-13230
-9149
-7718
-7561
-7171
-10660
-18966
-20831
-12283
-3016
-1132
-3696
-6422
-8032
-7662
-3382
1452
1783
1384
2405
2177
-993
-3142
-2362
-1607
-2610
-1857
181
-1238
-6403
-10702
-9342
-5124
-2719
-2846
-3811
-4398
-4322
-3773
-1010
5627
8051
4209
873
3608
7391
6518
5923
7985
7247
4372
4942
5705
4292
3009
4118
5106
4867
4593
2399
-1042
-1160
1373
1468
-127
-1634
-3298
-5156
-4971
-2448
-1637
-2186
-2222
-2261
-2292
-1140
-94
129
105
1032
1554
466
-186
-649
-1846
-3005
-1953
-713
62
-1804
-4124
-6711
-2304
17537
30643
17427
-9557
-10835
14583
29486
21092
13394
13893
8121
-721
2377
14307
12306
-1564
-7032
-143
4195
-3400
-13902
-15012
-10359
-8088
-7708
-7217
-8968
-16125
-20630
-14701
-4915
-1503
-3834
-6563
-7549
-6705
-4032
205
1505
874
1020
1181
-216
-2416
-3190
-2752
-2792
-2518
-1001
-1550
-5455
-9932
-10412
-6216
-2186
-1504
-3204
-4749
-5047
-3668
-856
5882
10337
6473
1155
2713
8902
9842
7144
7527
8200
5263
4795
6235
5115
2367
1888
3666
4238
3955
2651
-393
-1801
146
1132
134
-1086
-2516
-4027
-4139
-2687
-2236
-2548
-1360
-310
-1344
-2166
-1199
321
1290
1597
1750
1152
-190
-1817
-2597
-1711
-545
-1162
-2595
-3110
-3038
-3642
-4868
-5123
-4273
9288
26820
24613
-444
-15322
3799
27842
27443
15889
14534
12646
2820
-1510
8633
14753
4707
-5430
-2763
3583
-639
-12652
-17598
-12034
-7102
-7192
-8336
-8947
-13697
-20315
-18235
-8134
-1775
-2929
-5674
-7051
-6933
-5278
-1165
1389
409
576
2306
1814
-1859
-4514
-4093
-2634
-2053
-1061
-1145
-4430
-8991
-10217
-6572
-1921
-856
-2296
-3929
-3966
-2741
-401
2340
5485
9918
10128
5834
2900
5783
9229
9712
9849
9625
5669
1416
2453
3983
3502
3376
3965
2584
1017
990
-284
-2301
-1157
1673
1276
-673
-2059
-3691
-4828
-3660
-1327
-369
-364
-550
-1528
-2413
-1198
326
813
968
953
80
-1525
-2488
-2768
-2551
-2574
-2565
-3157
-3647
-3882
-3848
-3671
-3844
-4289
-3417
11511
28827
24394
-2139
-14241
7980
30930
27794
15459
13583
10611
979
-840
10792
14611
2283
-7618
-3658
2450
-3323
-15244
-17817
-10870
-6420
-7785
-9928
-11185
-15646
-19755
-15034
-4881
-418
-3162
-6378
-7104
-5706
-2934
738
1932
793
1417
2402
386
-3546
-5023
-3506
-1939
-1732
-1160
-1954
-5778
-9750
-9657
-4777
-335
-285
-2569
-4222
-3583
-1331
816
3392
6005
8851
10169
7675
4690
4820
8056
10847
11697
10305
6384
1220
127
3131
5322
5060
3144
1345
52
-414
-602
-389
464
1680
1065
-730
-1649
-2567
-3887
-3877
-2060
-339
-435
-1666
-2601
-3189
-2882
-1603
-438
33
-447
-1513
-2460
-3087
-3179
-2697
-2121
-1714
-1926
-2776
-3296
-3526
-2954
-1924
-629
-1088
-2247
-4441
6335
26430
29307
6071
-14180
1224
27907
30306
16031
11384
10420
2585
-2183
6530
12968
2361
-9658
-7483
1015
-914
-12738
-18840
-13624
-7823
-6919
-7584
-8116
-12428
-17774
-14716
-4604
934
-1366
-4521
-5249
-4555
-2687
473
2063
314
-260
1281
1253
-2297
-5218
-4794
-2804
-2244
-2307
-2400
-4774
-8630
-9611
-5497
-763
-512
-3042
-4162
-2997
-988
908
3502
6586
7439
6898
8040
10653
10534
6960
6317
10060
11884
9016
5261
2881
1653
1891
4060
5187
3064
-325
-1992
-1290
719
1348
-202
-1566
-1540
-1166
-1950
-3268
-4359
-4580
-3263
-1699
-2035
-3808
-4460
-3752
-2629
-1342
-153
37
-1225
-2013
-1242
-61
3
-852
-1310
-794
-633
-1378
-2001
-1946
-1773
-1581
-1029
-430
-958
-2656
-3612
-3991
7795
25978
26828
3447
-14286
1505
25663
26399
13558
10237
8817
936
-2733
5930
10307
-325
-9578
-5188
2753
-962
-12798
-17192
-11092
-5604
-5148
-5939
-6789
-11572
-16255
-12100
-2398
1284
-2231
-5124
-4519
-2982
-1861
-354
40
-1029
-329
1630
1000
-3336
-6933
-6470
-3695
-2250
-2287
-3576
-6422
-9342
-9028
-4648
-429
-74
-1919
-2401
-884
1090
2411
4378
6580
7892
9094
10466
10814
9280
8020
8811
10170
10167
8733
5572
2148
1151
1911
2681
2192
928
-1310
-3067
-2951
-1904
-1644
-1790
-1771
-2271
-2811
-2870
-2948
-3427
-3013
-1506
-465
-746
-1552
-2320
-2313
-880
1056
1903
1259
-180
-1128
-1052
-538
-410
-873
-1301
-1953
-2983
-3645
-3875
-3802
-3961
-3376
-2010
-1273
-1735
-2697
-2792
-2380
-1888
-1600
11170
27947
25265
882
-12434
6358
27184
24402
13059
11754
8906
-228
-3331
5056
7977
-1718
-8328
-3668
1673
-4005
-15219
-17391
-10311
-5221
-4694
-5056
-6243
-11610
-15277
-9898
-840
1657
-1226
-3054
-2925
-2660
-2454
-1133
-683
-1327
-348
1015
-778
-5842
-8991
-7584
-4229
-2751
-2613
-3879
-6680
-9014
-7711
-2891
748
1176
468
582
1326
2369
3884
5990
7639
9176
10863
10683
7850
5593
6186
8377
9604
9046
6132
1678
-695
28
1039
1051
808
-31
-1609
-2307
-1910
-1713
-1631
-661
477
1215
1565
330
-1827
-2254
149
2541
2507
802
-1153
-2365
-2214
-1459
-1062
-1020
-1245
-2226
-3522
-4148
-4192
-4225
-3936
-3067
-2703
-3349
-4177
-4425
-3552
-2205
-1315
-923
-115
860
1056
98
224
1123
1679
342
2895
17947
28140
15766
-7804
-8110
14563
25916
16263
7644
7095
2065
-4418
-1832
5816
2239
-7922
-9023
-1304
1252
-7283
-15685
-13246
-5800
-2433
-2367
-2583
-5461
-10961
-11365
-4061
2568
1983
-1422
-3464
-3600
-3203
-2420
-1592
-2472
-3131
-1920
-955
-3318
-7837
-9550
-6807
-3451
-2585
-2835
-3841
-5681
-6902
-4522
270
2786
1853
842
1840
3499
4061
3863
4524
5903
7307
8365
9235
9197
6217
2801
3799
7693
8508
5193
2563
1581
602
789
2661
2586
698
310
1116
1081
487
182
-24
804
2931
3324
869
-1491
-2189
-1532
-284
369
-797
-2916
-4123
-4223
-4198
-3783
-3530
-4169
-4134
-2830
-2388
-3594
-4827
-4487
-2628
-762
-259
-1375
-2344
-1922
-1328
-836
197
863
468
-16
67
295
-134
-347
-280
-194
-678
393
10401
20423
14607
-3429
-8065
7858
20067
15086
7419
6684
3899
-1441
-757
5040
3886
-3956
-5922
222
3197
-3321
-11072
-10445
-4688
-1628
-1239
-1204
-3607
-8497
-9736
-4757
-66
-532
-2897
-3741
-3288
-3309
-3605
-3801
-4669
-4662
-2700
-1362
-2949
-6835
-8818
-7453
-4891
-2909
-1565
-1932
-3633
-4713
-2991
362
2055
2221
2483
3443
4154
3948
3535
3879
4809
5945
6931
7754
7439
5365
3466
4488
6400
5961
4086
3508
3959
3330
2203
1766
1593
1714
2279
2372
1628
1099
808
692
1101
1689
1483
446
-639
-1756
-2204
-1719
-1602
-2791
-3995
-3982
-3810
-4537
-5150
-4907
-4533
-4368
-4166
-3584
-3143
-3265
-3452
-2781
-1788
-1559
-1876
-1855
-1043
-572
-538
-594
-321
71
124
-90
35
563
308
-429
-789
-302
-383
-1078
-1396
5535
16776
17231
3553
-5584
4026
16444
15443
9035
8682
7674
2145
-337
3209
3785
-2031
-4410
818
5024
155
-8369
-10031
-5361
-2173
-1895
-1619
-2465
-6630
-9698
-7056
-2786
-2779
-4824
-4717
-3153
-3190
-5023
-6474
-6990
-6624
-4238
-1214
-1176
-4995
-8384
-7327
-3926
-1916
-1078
-200
64
-695
-752
850
2141
1967
2078
3668
5321
4925
2925
1775
2378
3841
5399
6281
6035
5144
3937
3722
4680
5987
6367
5165
4144
4352
4391
3347
2338
2097
2208
2011
1702
1170
-267
-1496
-1695
-923
76
-101
-1557
-3025
-3219
-2709
-2834
-3575
-4147
-4439
-4536
-4337
-4406
-4896
-5324
-4881
-3871
-3078
-2816
-2885
-2746
-2225
-1368
-551
-286
-694
-961
-461
322
594
183
65
185
463
527
370
278
551
874
794
676
714
641
346
344
2405
10142
16867
13119
1873
-922
8662
15080
11391
7001
6940
5046
1022
246
1901
-789
-5707
-4714
1121
2740
-3319
-9637
-9461
-5649
-3361
-2386
-1730
-3414
-6809
-7552
-4382
-2262
-3665
-4935
-3675
-1639
-1711
-3832
-5901
-6595
-5463
-2978
-1161
-1987
-4834
-6581
-5590
-3384
-2177
-1533
-891
-337
173
882
1575
1579
1643
2917
4946
5990
5235
3777
3080
3585
4477
5205
5198
4975
4293
3460
3213
3548
3552
3174
3450
3912
3640
2361
1430
738
571
1162
1572
808
-313
-886
-1180
-1378
-1328
-1030
-935
-1170
-1640
-2312
-2864
-3273
-3617
-3496
-3024
-3111
-3879
-4194
-3875
-3521
-3394
-2711
-1803
-1153
-1183
-1510
-1334
-546
226
529
666
913
885
467
333
663
918
940
717
545
740
697
148
-373
-77
804
1218
972
476
194
371
718
1053
4543
11476
13888
7172
-81
2483
9605
10385
6523
5121
4925
2218
-265
-355
-1341
-4893
-6039
-2315
909
-1105
-6070
-8637
-7531
-5266
-3401
-2342
-2642
-3885
-4441
-3746
-3141
-3458
-3754
-2839
-1545
-830
-1243
-2835
-4839
-5658
-4275
-2227
-1768
-3024
-3836
-3428
-2803
-2711
-2431
-1228
75
1006
1709
2305
2224
1597
1551
2687
4092
4519
3968
3335
3237
3181
3022
3080
3471
3550
3071
2960
3381
3294
2258
1479
1875
2841
3177
2577
1710
1124
829
586
500
377
-30
-424
-437
-241
-511
-1072
-1591
-1748
-1514
-1119
-1049
-1656
-2526
-2967
-2789
-2375
-2062
-1991
-2064
-2138
-2159
-1991
-1819
-1690
-1479
-1117
-723
-604
-548
-194
219
382
434
557
744
968
1284
1409
980
419
382
606
602
310
118
79
86
178
114
-275
-623
-434
22
97
18
1578
5107
7306
5044
1219
1456
5214
6465
4073
2737
3923
3939
1665
144
-3
-1125
-2754
-1874
626
836
-1834
-3766
-3477
-2818
-3033
-3283
-3238
-3303
-3185
-2567
-2156
-2951
-4225
-4627
-3730
-2523
-1942
-2234
-2856
-3186
-2880
-2322
-2262
-2616
-2599
-1693
-385
368
77
-639
-919
-431
390
1172
1732
1816
1526
1409
1589
1613
1361
1312
1803
2397
2663
2617
2397
2068
1774
1886
2461
2801
2455
1999
2113
2456
2391
2113
2062
2008
1732
1413
1219
1054
830
808
992
946
472
-46
-177
-34
-126
-464
-720
-738
-733
-1042
-1511
-1729
-1700
-1682
-1593
-1231
-813
-931
-1453
-1725
-1551
-1335
-1311
-1323
-1266
-1285
-1434
-1551
-1551
-1456
-1405
-1296
-1057
-869
-909
-1029
-966
-765
-676
-537
-244
-74
-67
-6
249
480
499
520
661
805
823
648
530
551
465
381
480
622
641
764
1404
2275
2603
2276
1937
2201
2890
3278
3139
2749
2371
2269
2528
2767
2612
2171
1780
1546
1428
1309
934
262
-383
-830
-1279
-1824
-2339
-2694
-2867
-3008
-3286
-3591
-3783
-3933
-4076
-4121
-4115
-4122
-3988
-3664
-3427
-3409
-3266
-2834
-2439
-2291
-2169
-1786
-1232
-860
-744
-614
-338
-15
308
641
850
918
1109
1628
2180
2415
2494
2664
2859
2973
3151
3449
3620
3553
3499
3603
3601
3341
3115
3173
3253
3009
2646
2508
2375
1973
1548
1322
1103
722
351
98
-221
-680
-1103
-1376
-1506
-1642
-1964
-2433
-2839
-3008
-2905
-2731
-2682
-2725
-2770
-2795
-2754
-2554
-2275
-2147
-2060
-1790
-1540
-1632
-1887
-1814
-1332
-913
-861
-856
-553
-164
-52
-56
141
411
484
585
1052
1543
1499
1133
1207
1774
2053
1738
1451
1586
1719
1579
1477
1486
1214
798
951
1754
2376
2317
1971
1794
1726
1676
1853
2167
2148
1650
1151
1056
1201
1147
751
323
195
312
297
8
-428
-847
-1201
-1463
-1634
-1804
-2109
-2510
-2754
-2749
-2758
-3016
-3393
-3618
-3564
-3354
-3222
-3265
-3291
-3082
-2678
-2324
-2138
-2017
-1812
-1473
-1052
-639
-321
-110
104
393
596
623
685
964
1283
1496
1789
2223
2462
2334
2228
2432
2656
2619
2536
2606
2662
2607
2591
2623
2507
2291
2194
2162
1996
1767
1598
1374
1052
823
680
394
48
-69
-65
-289
-721
-1052
-1187
-1244
-1350
-1551
-1802
-2010
-2169
-2304
-2269
-2018
-1824
-1936
-2099
-1962
-1678
-1607
-1680
-1534
-1110
-776
-750
-796
-631
-410
-361
-273
108
517
534
320
310
522
626
587
653
794
750
553
470
547
597
554
528
575
617
601
589
646
722
682
517
397
496
718
798
716
748
976
1137
1078
1031
1154
1230
1115
1040
1138
1104
779
574
793
1026
826
428
260
275
246
173
74
-168
-495
-682
-713
-811
-1054
-1240
-1300
-1418
-1619
-1713
-1663
-1708
-1935
-2144
-2212
-2266
-2389
-2426
-2294
-2145
-2074
-1991
-1868
-1774
-1632
-1376
-1148
-1007
-798
-516
-332
-230
-35
226
443
675
1002
1323
1549
1725
1877
1956
1934
1887
1952
2106
2132
1991
1902
1925
1831
1608
1520
1575
1534
1424
1437
1469
1260
893
760
940
1075
894
566
397
336
178
-49
-227
-432
-731
-957
-978
-967
-1197
-1645
-1967
-1919
-1687
-1600
-1669
-1672
-1582
-1504
-1387
-1143
-900
-783
-700
-497
-244
-113
-131
-126
33
223
271
218
206
199
120
60
139
253
229
72
-25
83
277
302
166
157
372
543
511
446
469
495
512
609
711
668
544
509
554
588
627
732
824
812
717
635
602
575
598
713
765
595
364
345
463
463
355
288
243
116
-13
-50
-121
-322
-496
-549
-606
-791
-1028
-1178
-1233
-1226
-1186
-1171
-1256
-1415
-1474
-1387
-1307
-1343
-1411
-1389
-1295
-1210
-1173
-1186
-1194
-1107
-941
-779
-646
-513
-443
-471
-438
-209
64
162
156
275
487
604
626
694
819
899
994
1186
1365
1329
1137
1087
1278
1460
1417
1245
1170
1205
1220
1175
1132
1117
1098
1056
1011
954
853
729
621
542
442
311
210
163
77
-72
-168
-131
-83
-176
-343
-442
-450
-452
-470
-496
-559
-661
-726
-714
-680
-681
-734
-820
-873
-821
-686
-598
-645
-752
-757
-630
-506
-495
-547
-556
-511
-465
-438
-414
-393
-361
-313
-241
-142
-56
-22
-14
59
201
284
233
151
148
216
271
266
229
248
377
516
561
565
616
686
732
775
830
862
875
915
925
810
657
651
749
763
658
559
475
343
216
182
116
-94
-311
-342
-294
-415
-679
-839
-810
-744
-765
-822
-862
-959
-1134
-1240
-1149
-1009
-1043
-1204
-1267
-1172
-1072
-1047
-1017
-926
-822
-730
-618
-488
-411
-438
-456
-303
-24
145
103
30
126
321
473
577
701
826
870
871
910
973
1006
1034
1108
1174
1147
1059
1016
1013
997
962
939
917
879
824
758
670
572
504
467
430
363
270
165
70
6
-20
-27
-49
-112
-189
-230
-223
-225
-294
-384
-402
-326
-257
-294
-408
-497
-501
-477
-479
-480
-472
-542
-662
-688
-591
-564
-730
-902
-908
-838
-798
-739
-628
-590
-681
-739
-655
-495
-344
-197
-55
23
39
37
43
58
116
257
424
515
481
368
294
352
520
698
793
809
771
718
687
722
804
840
807
756
717
655
566
501
486
499
503
465
379
245
102
8
-17
-14
-47
-125
-220
-337
-476
-573
-564
-527
-568
-665
-737
-771
-843
-952
-1019
-1021
-1018
-1026
-1017
-1006
-1026
-1060
-1033
-937
-841
-788
-729
-627
-528
-489
-461
-354
-206
-105
-59
37
206
351
405
456
580
729
836
917
1022
1107
1130
1147
1206
1243
1196
1124
1127
1165
1119
1007
942
935
884
757
658
628
565
443
360
352
305
160
11
-40
-45
-94
-178
-226
-243
-273
-339
-390
-379
-358
-408
-502
-535
-498
-486
-540
-578
-591
-639
-710
-731
-713
-763
-863
-870
-761
-690
-723
-752
-726
-674
-637
-550
-425
-358
-367
-327
-184
-50
-10
1
100
268
398
448
460
465
471
508
596
675
649
526
445
467
527
555
541
520
499
469
454
462
470
449
411
387
373
336
259
174
111
78
63
36
-6
-89
-195
-276
-303
-295
-311
-376
-466
-539
-569
-565
-580
-627
-671
-649
-575
-505
-475
-468
-451
-433
-417
-396
-336
-261
-210
-200
-200
-202
-212
-192
-116
-16
42
45
42
72
119
150
191
244
280
286
307
374
440
463
464
512
595
645
630
589
580
616
657
663
629
577
530
499
477
440
371
297
247
235
220
144
28
-71
-119
-143
-189
-249
-289
-307
-314
-313
-322
-343
-371
-365
-324
-277
-251
-249
-264
-311
-375
-399
-364
-325
-343
-414
-474
-493
-472
-455
-458
-483
-505
-490
-430
-359
-315
-295
-263
-189
-86
18
90
141
191
254
320
360
359
334
330
370
420
430
381
321
302
307
316
323
327
314
302
317
338
333
297
287
315
340
319
269
214
163
122
103
88
34
-63
-144
-174
-184
-207
-247
-290
-317
-309
-290
-288
-324
-357
-340
-291
-245
-244
-269
-285
-271
-222
-173
-159
-186
-202
-190
-157
-141
-157
-179
-181
-147
-101
-75
-93
-137
-159
-127
-55
5
30
41
60
103
153
192
216
236
267
315
371
415
424
404
374
359
369
379
367
331
295
275
266
251
221
175
122
80
69
85
92
75
40
9
4
5
-10
-38
-66
-69
-51
-34
-28
-49
-101
-161
-193
-180
-162
-157
-179
-226
-279
-321
-346
-352
-353
-368
-389
-409
-433
-437
-426
-405
-381
-369
-367
-359
-321
-263
-206
-153
-107
-64
-15
31
60
75
108
167
249
313
326
291
248
249
299
371
411
400
356
324
330
360
388
393
386
375
376
373
357
335
323
325
338
337
295
239
189
151
126
108
70
14
-55
-123
-179
-221
-241
-268
-304
-355
-411
-452
-474
-478
-478
-464
-449
-441
-434
-440
-451
-449
-418
-371
-315
-274
-250
-240
-228
-214
-199
-177
-147
-114
-74
-32
7
38
61
82
107
135
168
206
251
303
363
415
443
443
435
431
458
508
549
559
524
467
426
408
398
369
324
269
225
197
167
126
63
-5
-47
-77
-93
-101
-128
-167
-217
-251
-270
-275
-280
-301
-332
-363
-378
-372
-360
-357
-383
-418
-444
-448
-437
-429
-427
-430
-422
-392
-343
-307
-295
-299
-291
-242
-164
-83
-25
11
43
88
140
186
230
265
307
365
414
445
452
451
462
486
502
500
486
464
448
430
409
376
335
304
278
245
208
163
112
73
53
35
10
-23
-66
-104
-137
-153
-165
-167
-179
-198
-222
-250
-265
-271
-272
-265
-261
-272
-291
-316
-329
-322
-303
-282
-266
-268
-278
-285
-276
-241
-197
-150
-114
-88
-65
-48
-23
18
76
137
180
202
196
187
191
214
253
278
284
268
243
219
206
212
222
228
226
213
197
173
150
141
135
145
150
136
107
57
15
-10
-11
-7
-14
-46
-96
-147
-187
-198
-194
-184
-187
-212
-240
-277
-288
-285
-270
-238
-215
-191
-198
-204
-211
-202
-152
-96
-36
-31
-47
-66
-71
-28
22
71
76
54
33
12
25
44
76
98
96
93
77
74
76
103
152
180
193
167
144
136
154
196
226
237
202
158
122
107
112
119
129
119
86
47
13
2
3
11
29
33
14
-25
-55
-64
-62
-54
-49
-52
-78
-119
-142
-149
-143
-133
-122
-117
-135
-153
-153
-131
-99
-67
-49
-53
-66
-73
-69
-37
-7
11
10
-7
-27
-40
-36
-13
14
28
24
11
3
-4
5
38
74
87
82
69
56
50
53
75
91
82
58
30
13
0
-3
5
11
-2
-29
-49
-58
-61
-59
-47
-37
-33
-38
-36
-29
-17
-5
16
37
48
57
58
60
56
53
58
64
61
49
35
23
7
-9
-13
-12
-10
-10
-13
-20
-24
-25
-19
-2
18
32
36
32
26
26
26
26
24
14
2
-12
-36
-64
-88
-104
-104
-105
-101
-105
-119
-126
-128
-116
-90
-68
-43
-25
-15
-9
-3
10
29
51
77
89
86
80
74
68
68
71
71
65
58
47
38
30
27
32
30
26
30
30
30
31
33
35
37
33
32
31
22
21
19
12
4
-9
-25
-32
-34
-39
-40
-49
-50
-59
-64
-60
-58
-51
-45
-38
-38
-41
-39
-34
-26
-10
0
5
5
2
0
0
6
13
16
16
14
5
2
-2
-3
-2
0
4
7
10
13
19
24
32
40
50
60
69
77
79
77
74
74
73
76
72
65
54
36
20
8
-4
-16
-27
-38
-49
-63
-70
-78
-80
-87
-89
-88
-87
-86
-83
-78
-72
-66
-64
-64
-63
-57
-54
-53
-45
-41
-39
-38
-42
-39
-41
-37
-37
-32
-27
-24
-19
-11
-2
3
8
18
29
36
46
58
66
69
73
75
77
77
74
83
87
85
82
81
83
82
80
83
78
75
73
67
66
60
50
38
35
28
21
10
-3
-12
-15
-22
-28
-31
-41
-49
-49
-48
-49
-53
-60
-57
-57
-52
-51
-48
-53
-57
-52
-47
-44
-44
-44
-45
-38
-28
-22
-20
-17
-13
-10
-2
5
8
8
7
11
14
16
16
12
12
11
9
7
6
1
-4
-4
-1
4
5
5
8
10
12
15
22
20
22
24
23
26
26
24
23
21
22
19
18
13
7
4
4
2
0
-4
-11
-16
-18
-19
-21
-20
-21
-25
-24
-24
-26
-25
-26
-25
-24
-26
-27
-29
-24
-25
-26
-21
-19
-17
-16
-10
-3
3
1
1
8
8
10
9
11
7
6
7
9
9
7
9
9
14
17
19
23
27
30
38
40
43
46
46
48
48
53
50
42
39
36
35
36
31
24
24
17
14
14
4
-4
-8
-14
-10
-16
-24
-25
-25
-26
-28
-33
-41
-41
-37
-35
-38
-42
-43
-41
-35
-37
-39
-43
-41
-38
-34
-34
-35
-36
-34
-28
-21
-21
-23
-23
-19
-5
-2
-1
-1
1
7
20
22
17
14
17
28
33
36
33
29
35
42
46
41
38
33
39
43
42
41
36
33
35
35
30
21
19
15
13
13
8
3
-4
-5
-6
-5
-8
-15
-24
-26
-31
-34
-34
-40
-45
-49
-46
-43
-45
-49
-48
-51
-44
-40
-40
-37
-36
-34
-27
-19
-20
-18
-15
-11
-9
-9
-4
0
3
8
14
17
22
27
24
29
35
36
42
41
44
50
51
53
54
56
53
56
58
55
54
52
50
46
46
39
37
33
23
21
11
5
3
-8
-17
-20
-31
-39
-40
-53
-58
-60
-70
-69
-71
-75
-66
-66
-70
-62
-67
-61
-50
-51
-42
-34
-35
-26
-16
-11
0
3
9
19
22
26
33
33
33
41
41
45
48
41
46
50
49
51
45
44
43
41
41
34
31
29
27
24
23
20
16
9
7
2
-2
-5
-13
-17
-22
-27
-27
-27
-32
-33
-36
-34
-34
-34
-36
-32
-33
-34
-32
-33
-28
-29
-29
-26
-25
-26
-24
-20
-18
-15
-13
-15
-10
-6
-5
-4
-4
-2
5
7
8
12
11
17
19
19
21
18
14
21
22
22
21
20
22
22
23
20
21
17
21
18
15
19
16
11
14
13
11
8
5
4
5
2
0
-1
-4
-6
-6
-5
-5
-6
-5
-5
-1
-7
-7
0
-2
-4
-7
-5
-6
-3
-3
-6
-5
-6
-4
-8
-5
-4
-4
-1
-4
-3
0
0
1
-3
2
5
6
5
1
3
4
3
4
5
8
8
6
6
1
6
5
8
5
2
2
-4
-2
-8
-6
-11
-12
-11
-16
-14
-14
-14
-14
-12
-11
-16
-13
-17
-14
-11
-8
-6
-7
2
2
3
5
3
8
10
14
12
13
15
17
19
14
17
15
14
15
10
9
5
3
1
2
3
1
0
-3
-4
-5
-4
-5
-8
-10
-10
-11
-10
-12
-10
-11
-11
-10
-10
-11
-12
-10
-8
-6
-5
-2
-4
-8
-6
-5
-6
-1
0
-3
-2
0
-1
3
6
9
13
12
17
16
17
17
17
18
21
23
20
20
18
16
14
13
14
14
13
12
7
6
3
0
0
-3
-5
-7
-6
-8
-11
-10
-9
-10
-5
-6
-11
-13
-11
-11
-7
-8
-4
-5
-5
-2
-4
-4
-2
-1
-5
-4
-5
-6
-5
-2
-3
-4
-6
-3
-4
-4
-6
-6
-7
-8
-7
-3
-3
1
5
5
8
5
5
7
8
7
7
6
7
4
8
10
6
3
1
0
-1
0
2
4
-1
0
-3
-4
0
1
-1
-3
-3
-4
-1
0
-3
-4
-6
-3
-3
-2
-3
-1
-1
-4
-4
-1
-4
-2
0
-2
3
2
0
0
0
2
1
1
-1
0
2
-1
2
2
4
6
7
6
3
4
3
4
5
2
4
2
2
1
-2
1
5
1
-3
-1
2
-2
-1
0
-1
1
2
1
1
-2
-2
1
-1
-2
-4
-2
-4
-4
-2
-2
-3
-3
0
-2
-1
-4
-3
-1
-1
1
-1
-1
-1
0
-1
2
2
5
0
1
6
3
-2
-2
1
1
2
0
3
5
6
0
2
-2
-1
1
1
1
3
4
5
4
2
3
-6
1
0
3
3
3
-1
-3
-1
-1
-1
-1
1
-1
0
-4
-6
-8
-7
-4
-1
-3
-5
-6
-9
-7
-4
-5
-1
-1
-2
-4
-1
-3
-4
2
1
3
3
3
2
-4
-5
-4
-1
1
6
6
3
-3
-4
-5
-3
2
2
2
-3
-1
-2
-1
1
7
6
7
4
3
3
-3
-1
-1
4
5
8
2
-1
0
-2
-1
3
4
8
9
3
0
3
7
5
5
4
5
2
5
4
8
8
6
7
3
2
2
3
1
5
2
2
1
4
4
1
1
0
1
-3
-2
-4
2
-4
-1
-2
-2
-3
-5
-4
-3
-3
-5
-7
-5
-8
-6
-5
-5
-4
-9
-7
-5
-7
-8
-7
-10
-8
-8
-2
-2
-5
-4
-5
-4
-3
-2
-4
0
-2
-7
-3
-1
-1
-1
3
6
4
5
1
4
5
6
7
5
7
7
8
8
2
2
6
3
4
6
3
7
4
2
2
2
-1
-2
1
0
1
-1
-2
-2
-2
-2
-1
-2
-1
-2
-1
1
1
3
1
-1
0
-3
-3
-3
-2
-3
2
1
-1
1
0
4
3
6
0
3
3
2
1
1
-1
0
3
-2
0
1
2
-1
0
2
2
1
2
3
-1
-1
-1
2
1
0
1
-1
-3
0
-3
-4
-5
-3
-3
-8
-6
-2
-1
-3
-4
0
-1
-2
-2
-4
-5
-1
0
-2
-3
-4
-4
-3
1
3
-1
2
1
0
2
1
3
4
2
1
3
4
3
4
6
4
3
5
5
2
0
3
3
2
1
3
3
0
2
3
-1
3
4
3
3
2
5
2
3
4
0
1
-3
-3
0
-2
-4
-2
-3
-6
-3
-2
-5
-4
-2
0
-3
-3
0
-3
-1
-2
-10
-6
-5
-6
-6
-6
-2
1
-2
-3
1
-1
-1
1
1
-2
1
1
0
-1
0
4
1
1
3
0
-1
0
0
3
3
3
2
2
4
3
1
-1
3
5
0
0
-1
2
-2
0
2
-1
-1
2
1
5
4
-1
0
-2
2
5
-2
-2
3
4
2
1
3
0
-3
0
-1
-3
-1
-2
-3
2
-1
-1
0
2
2
1
1
1
3
-2
-2
-3
-1
-3
0
2
2
0
-1
-3
-1
1
-1
-1
0
3
1
-1
-1
-2
-2
-7
-5
-6
-3
-6
-5
-1
1
2
0
1
1
1
-3
1
3
6
3
1
4
3
-1
1
1
-1
-3
-1
0
0
-1
1
2
3
3
3
1
2
0
-1
0
0
1
-2
-1
0
1
0
-2
-3
0
-2
1
-1
-2
0
-2
-1
-1
1
2
0
1
4
1
-1
1
-2
-3
-5
-3
-3
-4
-1
0
-1
0
1
1
5
3
4
1
2
0
2
4
3
3
0
0
-2
1
0
0
-1
0
-2
-2
0
-1
0
-1
-2
-1
2
3
1
1
3
2
2
-1
2
-2
2
3
2
-1
-2
0
1
2
4
4
1
-1
0
-5
-4
-4
-4
-3
-2
-2
0
1
-1
-3
0
1
-2
-1
1
1
0
3
2
-1
-1
1
-1
0
0
0
2
2
3
1
-4
-2
1
2
2
2
-1
-1
1
0
4
3
2
2
2
3
0
1
2
4
1
0
7
1
