SAMPLES:	6680
BITSPERSAMPLE:	16
CHANNELS:	1
SAMPLERATE:	16000
NORMALIZED:	FALSE
-4
-4
0
2
-3
-2
-1
3
0
2
1
1
2
0
0
-2
-1
-3
2
-1
2
2
-1
-2
0
-3
-2
4
2
3
5
4
2
1
2
0
-5
-3
-2
4
1
1
1
-1
1
-4
-3
-2
-4
-1
1
2
1
3
2
1
1
-1
5
5
2
9
6
2
7
9
5
2
2
3
3
8
5
2
3
7
8
9
6
4
6
5
8
7
4
0
0
3
6
5
8
10
7
10
12
12
11
10
8
8
2
6
5
1
3
-4
-3
-11
-14
-16
-18
-21
-22
-22
-26
-28
-35
-35
-32
-30
-32
-32
-37
-40
-40
-38
-33
-32
-33
-37
-34
-35
-34
-29
-32
-30
-35
-34
-31
-24
-21
-19
-9
-11
-11
-15
-15
-8
-5
2
6
7
13
13
14
17
20
28
36
39
39
40
41
45
47
40
36
37
36
37
45
45
43
35
26
20
17
18
26
29
31
30
27
26
22
22
26
25
28
36
56
77
103
134
155
171
185
204
239
279
318
363
397
433
479
499
514
536
554
593
637
637
632
613
582
569
548
495
431
354
265
180
74
-44
-163
-292
-428
-580
-715
-832
-947
-1054
-1180
-1351
-1468
-1556
-1625
-1663
-1691
-1710
-1732
-1755
-1761
-1753
-1717
-1661
-1596
-1518
-1425
-1310
-1173
-1013
-847
-682
-540
-420
-314
-202
-59
114
293
459
607
740
869
988
1072
1128
1179
1240
1309
1388
1479
1547
1586
1610
1612
1570
1509
1466
1429
1349
1216
1075
958
886
810
697
536
354
165
-22
-191
-296
-388
-554
-752
-854
-757
-403
352
1316
1938
1808
1268
1015
1132
1414
1780
2096
2058
1802
1856
2216
2246
1612
834
352
21
-221
-208
-111
-290
-621
-790
-1014
-1658
-2452
-2802
-2765
-2799
-2964
-3055
-3048
-3015
-2839
-2594
-2664
-3152
-3581
-3517
-3126
-2780
-2536
-2254
-1965
-1729
-1488
-1284
-1272
-1395
-1361
-1076
-775
-597
-407
-59
359
706
935
1056
1114
1241
1531
1901
2170
2333
2545
2830
3056
3127
3100
3038
2943
2857
2845
2858
2812
2759
2769
2730
2476
2110
1844
1676
1503
1328
1185
977
673
414
223
-44
-426
-755
-935
-1084
-1266
-1416
-1513
-1606
-1685
-1709
-1733
-1834
-1949
-1956
-1886
-1854
-1888
-1895
-1828
-1726
-1612
-1472
-1320
-1189
-1036
-825
-629
-524
-471
-370
-234
-129
-58
25
132
241
331
382
364
327
344
401
458
472
476
511
579
641
628
564
533
551
575
560
503
429
376
390
439
448
401
349
346
359
322
249
206
251
376
536
651
671
626
589
596
620
625
618
612
617
634
637
593
486
347
203
73
-21
-70
-101
-151
-209
-296
-432
-599
-743
-825
-896
-973
-1036
-1069
-1084
-1112
-1148
-1180
-1223
-1269
-1269
-1238
-1224
-1220
-1169
-1050
-937
-881
-844
-803
-759
-683
-574
-472
-409
-342
-219
-66
48
116
190
300
422
557
691
807
890
941
982
1002
987
964
999
1064
1077
1024
972
945
895
848
837
815
717
596
520
430
292
181
134
46
-120
-207
-172
-230
-432
-613
-738
-937
-1154
-1215
-1227
-1436
-1793
-2036
-2001
-1470
-176
1603
2882
2953
2137
1336
1211
1847
2822
3430
3356
3093
3345
4054
4446
3982
2853
1618
804
623
793
811
522
229
97
-168
-850
-1799
-2629
-3097
-3255
-3321
-3485
-3727
-3736
-3345
-2885
-2875
-3452
-4215
-4618
-4455
-3931
-3403
-3085
-2878
-2548
-2063
-1660
-1572
-1766
-2003
-2039
-1819
-1458
-1112
-780
-325
253
772
1083
1250
1365
1490
1742
2138
2505
2724
2987
3441
3855
3975
3890
3793
3687
3565
3536
3559
3456
3254
3169
3187
3038
2659
2280
2012
1704
1325
968
634
252
-98
-294
-446
-774
-1210
-1517
-1686
-1902
-2195
-2378
-2431
-2470
-2497
-2435
-2357
-2386
-2445
-2379
-2276
-2308
-2394
-2333
-2127
-1927
-1765
-1592
-1401
-1217
-981
-731
-582
-541
-496
-359
-171
-20
43
46
83
159
165
53
-112
-279
-420
-500
-555
-655
-489
633
2783
4742
5107
3974
2736
2446
3070
4021
4674
4625
4134
4032
4719
5443
5145
3701
1945
743
378
523
534
113
-384
-512
-525
-1057
-2194
-3347
-3984
-4164
-4230
-4417
-4686
-4771
-4362
-3552
-3031
-3414
-4409
-5043
-4832
-4202
-3706
-3393
-3077
-2653
-2051
-1336
-875
-986
-1445
-1625
-1271
-754
-443
-215
248
938
1568
1963
2124
2101
2072
2272
2695
3003
3047
3123
3469
3879
4059
4009
3799
3468
3203
3197
3266
3064
2675
2471
2485
2359
1936
1426
1048
770
512
274
-24
-447
-869
-1080
-1183
-1475
-1937
-2247
-2326
-2412
-2559
-2633
-2700
-2821
-2711
-2229
-1988
-2475
-3073
-2951
-2336
-2085
-2376
-2651
-2523
-2166
-1907
-1832
-1819
-1664
-1280
-871
-761
-965
-1129
-1007
-829
-884
-914
-120
2332
6314
9794
10004
7118
4925
5520
5653
2372
-676
1463
6171
6907
3861
2946
5438
6539
3940
436
-1710
-2891
-2936
-1092
1350
2250
1542
504
-353
-960
-1539
-3130
-5851
-7214
-5461
-2999
-2825
-3807
-3611
-3493
-5374
-7484
-7699
-7735
-9158
-9171
-5465
-1403
-1063
-2791
-2670
-925
-331
-1160
-1829
-1796
-993
1061
3603
4688
3979
3082
2788
2479
2017
1664
1150
757
1813
4196
5528
4667
3503
3695
4231
3917
3465
3989
5388
7234
9031
9479
7592
4342
1577
-286
-1743
-2707
-2855
-2610
-2258
-1766
-1677
-2800
-4471
-5065
-4356
-3458
-2881
-2079
-1032
-300
-308
-1163
-2878
-4732
-5534
-5020
-4162
-3697
-3355
-2905
-2548
-2486
-2543
-2692
-2787
-2376
-1212
74
689
523
53
-412
-834
-1216
-1725
-2414
-2779
-2181
-1519
-1364
1653
11764
24001
25921
15403
7222
11329
15746
5987
-8989
-9120
4448
11372
3572
-4989
-3191
1657
-1041
-7986
-9226
-4219
-1004
-2026
-116
8015
13022
5821
-6100
-8246
-1618
-535
-8468
-13030
-7534
-1173
-2183
-6253
-7098
-6995
-9632
-11983
-9818
-5274
-3716
-5070
-4009
1724
6182
3439
-3031
-4492
87
3395
2167
771
2304
3858
3559
3114
2962
1041
-2157
-3165
-835
2122
2999
2224
2038
3546
5315
5315
3792
2693
2958
4161
5869
7013
6574
5019
3967
3897
4537
5634
4031
-771
-3868
-2019
-632
-3892
-7284
-6466
-3236
-772
318
-878
-2642
-2264
-152
592
-556
-1328
-1208
-1110
-1019
-1017
-2387
-5080
-6590
-5023
-2933
-2665
-2955
-2318
-1072
23
387
-780
-2473
-2209
-464
295
-228
-634
-1250
-1998
-1847
-1414
-2416
-3996
-4072
-2916
-2291
-3422
-3930
2233
18814
32114
26121
8827
5033
15634
14749
-4215
-17256
-7917
6987
6752
-4135
-6677
-2
538
-8257
-12093
-2669
5357
259
-5073
3703
17945
16223
-1188
-10971
-4572
2082
-3694
-12744
-10620
-3192
-3002
-7520
-8198
-3944
-4064
-10727
-12723
-4958
3279
953
-6352
-4677
4594
8007
1745
-4669
-3019
2234
2729
32
-611
1646
2152
-272
-676
1970
2851
-841
-4182
-1950
2995
4338
1824
299
2657
6211
6623
4497
3087
3613
4291
4080
4050
4839
7223
8762
6340
2442
608
-1672
-6450
-8714
-6143
-3318
-2387
-783
539
711
941
126
-1579
-1347
953
1175
-386
-485
-138
-1614
-4164
-5941
-6680
-6318
-5183
-3954
-2507
-758
264
-216
-815
-397
111
-381
-811
-734
-815
-1290
-1689
-2341
-3212
-3466
-3226
-2856
-2905
-3430
-4843
-5298
-950
13639
29749
29791
13840
3915
11904
16641
2620
-15576
-14959
59
6531
-1355
-7499
-2279
1461
-5442
-11380
-3661
6764
3649
-5305
-1083
14864
19370
5167
-8869
-7333
686
-1450
-10587
-12966
-6759
-3795
-7272
-7959
-2476
-116
-6224
-10949
-5557
3724
3819
-4111
-6852
478
7482
4278
-3215
-4904
-974
601
-1918
-2646
211
2065
-162
-1469
1867
5479
2937
-3171
-4248
985
5332
3502
222
1299
5417
6843
4406
2359
2582
2812
1767
2345
5281
6333
4957
3998
4259
3513
457
-3784
-6940
-5710
-2361
-1288
-2007
-964
1060
1735
1303
100
-913
-990
-384
-582
-753
-623
-1725
-3686
-4667
-4170
-3956
-4289
-4251
-2940
-544
1132
884
-185
-237
366
217
-786
-1698
-2114
-2136
-2018
-2176
-2445
-3254
-3818
-3807
-3630
-4252
-5651
-4969
4600
22844
32468
22209
5979
6033
14916
10011
-8432
-18436
-8781
3304
1560
-6714
-5364
2221
308
-8681
-8112
3663
8237
-547
-5573
5580
18899
14314
-2002
-9356
-2791
1001
-6440
-13795
-11025
-4912
-5859
-8757
-4929
2066
1178
-6607
-8598
-694
5835
1282
-6363
-4782
4009
7112
1025
-4645
-3479
-39
-1312
-4237
-2741
1608
2334
-576
-225
4320
6243
1443
-3976
-2948
2413
4533
1609
-118
2572
5899
5274
2660
1997
2759
1984
203
927
5127
7942
5761
2839
2156
1899
-1848
-6033
-7032
-4914
-1636
-41
422
1225
2365
1451
-458
-819
-114
-365
-1476
-1774
-1506
-1121
-2133
-4282
-5348
-4506
-3105
-2792
-2302
-1063
380
1172
1184
935
631
148
-1010
-1831
-2017
-2056
-2810
-3793
-3612
-2929
-2769
-3431
-4285
-4833
-5081
2197
19960
32293
24570
6553
3978
13902
12518
-5721
-20066
-13040
1464
2992
-6548
-7812
1416
3351
-5672
-8675
2096
9850
2750
-6230
804
16198
16969
1280
-10289
-5237
1543
-3999
-13705
-13645
-6140
-4239
-7601
-6055
1959
4861
-2476
-8334
-3094
5373
3587
-5023
-6900
1068
7119
3086
-4012
-4831
-1059
-1005
-4216
-4196
511
3563
1356
-3
3173
6504
3760
-2723
-4640
-203
4088
2835
240
1348
4662
5469
3126
1419
1793
2223
1007
497
3606
8538
8060
3083
27
120
-1442
-5713
-7417
-6074
-2406
1084
2142
1984
2694
2680
-14
-1482
-569
-348
-2017
-2922
-2321
-1435
-1274
-3266
-5157
-4691
-2702
-2025
-1988
-864
444
1425
1957
1956
1355
586
-809
-2353
-2686
-2235
-2891
-4078
-3861
-2928
-2451
-2909
-3735
-4514
-5255
-309
15657
31072
28782
10536
1875
10048
13422
-1064
-19105
-18154
-3514
3207
-3897
-8386
-213
5780
-1304
-8596
-1642
9426
7028
-3995
-3558
11296
18845
7040
-8742
-9026
-727
-2231
-12203
-15674
-8254
-2791
-5319
-6510
715
7565
2498
-7048
-6538
2797
5737
-2019
-7759
-2411
5986
4877
-2953
-6108
-2389
-837
-4500
-5608
-353
4967
3612
4
1473
6179
5936
-905
-5535
-2783
2469
3354
1057
1091
3811
5163
3260
1409
1755
2464
1069
604
4223
8213
7883
2737
-1288
-2080
-2142
-4212
-7055
-6011
-1963
1623
2714
3038
3272
2473
720
-850
-828
-647
-1646
-3537
-3582
-1873
-1378
-2896
-4913
-4899
-3304
-1528
-953
-746
354
1608
2328
2120
1453
123
-1362
-2351
-2879
-3197
-3639
-4162
-4506
-4321
-3853
-3799
-4426
-4614
5104
23407
32765
21535
3856
3861
12722
9423
-8883
-20479
-11590
1490
1029
-8154
-6543
3741
4342
-5651
-8151
3511
11453
4055
-5736
1067
16152
16032
-509
-11608
-5709
473
-5608
-14941
-13369
-4092
-1768
-5970
-5017
3787
6769
-1818
-8603
-3417
5311
3743
-4447
-5903
1839
6338
663
-6057
-5303
-1170
-2328
-5555
-3466
2974
5639
2125
90
3131
5939
2250
-3798
-4421
-39
2987
1734
753
2715
4946
4085
1693
1457
2629
2543
1151
3430
7791
8306
3200
-1755
-2558
-2539
-3533
-5909
-6069
-2812
1383
2810
2134
2782
3001
1618
-69
-263
-34
-796
-2606
-3999
-2852
-1481
-2523
-5018
-5292
-3449
-1798
-1055
-962
-67
1429
2383
1898
1101
349
-1418
-2839
-3013
-2516
-2768
-3475
-4209
-4508
-4086
-4146
-5475
-2879
12337
29406
30423
13321
983
7094
13079
3160
-15229
-17946
-4218
4014
-2489
-9332
-2352
5434
135
-9155
-4950
8468
10716
-234
-4960
7581
18376
9911
-7104
-10943
-2391
-888
-9723
-15354
-8711
-780
-2654
-6568
-1893
6291
3437
-6615
-8685
247
6325
539
-6389
-3128
5326
4757
-3729
-7803
-3784
-586
-3572
-5200
-116
6329
5270
-62
-316
4243
5201
-833
-5466
-2888
2610
3757
966
504
3126
4570
2557
1069
2409
4767
5238
5004
6163
6167
3460
-1850
-5118
-4782
-3609
-3924
-4776
-2404
1485
3537
2824
1747
1661
1677
941
-488
-782
-512
-996
-2685
-3553
-3245
-3366
-4217
-5202
-4405
-2184
-244
-31
-356
842
2141
1957
319
-1338
-1969
-1992
-2364
-3285
-3362
-3232
-3435
-4238
-4461
-4829
-1938
13075
29252
29848
12109
-526
5760
12291
3547
-14293
-16719
-3009
5186
-1469
-8376
-1669
4977
-1186
-10449
-5152
9061
11391
-26
-4829
8072
18123
8619
-8733
-11900
-3008
-1635
-9713
-13647
-5633
1148
-2853
-7505
-2149
6024
1997
-8517
-9616
838
7254
1178
-6080
-3354
4019
2585
-5179
-8025
-3443
-438
-3064
-3614
1717
7293
4923
-962
-1494
2767
4221
-358
-3941
-1914
2705
3835
1680
874
2034
2849
1559
1152
2948
7727
10105
6456
3487
3091
1906
-3231
-6384
-5653
-4009
-1942
-1085
-625
1133
3379
2028
248
1468
2531
1310
-481
-754
-753
-511
-2554
-5627
-5612
-4092
-3913
-4542
-3277
-1385
406
1590
1265
788
994
22
-2318
-2789
-2201
-2036
-2655
-3331
-3857
-3705
-3483
-4624
-5975
2004
20706
32585
24480
4352
-821
8461
10499
-3027
-16377
-10873
1813
3534
-4911
-6165
2311
2969
-7056
-10848
1372
12958
8276
-3225
-583
13506
15746
1219
-11527
-8193
-1955
-5678
-12332
-9851
-697
145
-6160
-6755
1527
4872
-3639
-10682
-5333
5241
6157
-1101
-4318
181
2313
-3078
-7637
-5752
-1517
-2099
-3688
-520
5008
5732
446
-2501
-32
3270
2241
-638
-535
1913
3364
2316
1341
1267
1176
426
851
4516
8960
9215
5115
2372
2218
1353
-1836
-4705
-5108
-3342
-696
420
638
1271
1395
219
-196
963
1708
1260
166
-196
466
664
-1757
-5129
-6099
-5245
-4305
-3904
-3318
-2010
-73
1306
1317
910
396
-937
-2127
-2102
-1639
-1911
-2937
-3982
-4048
-3659
-4126
-5454
-3565
11376
28467
29945
12361
-2026
3891
11657
5731
-9758
-12358
-536
5491
-1527
-8333
-2476
2390
-4613
-12706
-5105
10393
12720
1443
-3901
7548
15873
7200
-7672
-9832
-2349
-2154
-8108
-9333
-1989
797
-5950
-10666
-5092
2213
-1000
-8223
-7015
2599
7041
2149
-2966
-1488
1319
-2302
-6603
-5570
-780
222
-2527
-2131
1906
4319
551
-3744
-3005
1062
2979
1645
1086
2428
3905
2734
1027
641
1596
1709
1779
5260
8945
9323
4276
15
-777
-68
-866
-3659
-3992
-1820
748
859
463
597
634
5
-378
935
2163
2251
482
-302
163
62
-1849
-4849
-5969
-5210
-3495
-2873
-2653
-1877
-665
299
265
-44
-652
-1054
-1450
-1371
-813
-971
-1903
-3961
-4827
-5103
-4633
-5127
342
18681
31793
24849
2413
-4925
6067
11859
1553
-11976
-6856
5990
6999
-4193
-7602
-668
-525
-9931
-12239
2107
13705
8688
-3987
-1787
11383
12530
-311
-10117
-5303
-387
-3693
-7798
-4061
1497
-2403
-9722
-8880
-655
368
-6449
-9438
-2368
5528
4275
-950
-2853
-231
-1097
-4702
-5288
-1939
947
-231
-1170
13
2202
1118
-2123
-3646
-1777
1486
2666
2174
1167
1977
2814
2187
538
314
2055
3810
7556
9638
7428
3095
14
-615
-926
-1024
-2450
-3419
-1539
1037
700
-774
-1340
-1129
450
2035
2519
1873
1901
1209
20
-158
-1029
-2810
-4281
-4561
-4107
-2686
-1893
-2404
-2700
-1584
-621
-716
-985
-1594
-1383
-563
-162
-843
-1322
-2397
-3488
-4190
-4002
-4536
-873
16448
30496
25057
1954
-8271
3592
12760
4699
-10023
-6709
6301
7764
-4351
-8765
-1251
326
-8999
-11794
3539
15982
9841
-5549
-4755
9012
11516
-596
-9863
-4337
1022
-2777
-7803
-4149
720
-3492
-10840
-9293
-344
1029
-5223
-8821
-2670
4218
3402
-1235
-3314
-1283
-1206
-2505
-2717
-827
416
-13
-890
-1198
-384
-530
-1599
-3196
-2061
1395
4043
3104
168
322
2606
3670
1549
1873
6601
8792
7132
3547
982
-508
-621
-643
-1442
-625
938
220
-1388
-718
-281
-505
-617
151
1440
2885
2574
2
-459
525
-175
-2151
-3159
-3482
-3165
-2798
-3215
-3042
-1612
-508
-1077
-679
-86
-528
-1232
-1711
-1759
-1367
-1339
-2310
-3193
-2883
-2839
-3183
-3876
-11
17102
30869
24096
24
-8939
4779
14932
7278
-6898
-4884
5177
4251
-7948
-10397
-2332
-1163
-9506
-8874
6939
15972
7364
-6842
-4232
8313
9836
-143
-5596
-774
368
-5206
-8327
-4023
-1995
-6583
-11253
-7375
-123
-549
-5299
-6984
-2455
838
836
-479
-1221
-1195
-1533
-1393
-849
103
305
634
-380
-1811
-1776
-106
427
-1596
-1627
957
3204
1490
-888
-525
1711
2218
4060
8346
8874
5871
2313
1137
648
1685
1754
-196
-767
721
398
-1722
-2338
-2732
-1970
20
1734
1620
2120
2089
-84
-886
-54
135
-1031
-2043
-3009
-2434
-1661
-2996
-4528
-3198
-1104
-1691
-2308
-1813
-1031
-474
-171
-277
311
332
-1161
-2992
-2884
-2864
-4145
-5524
896
19755
30207
17889
-6418
-8743
9106
18164
7949
-3844
606
7743
1926
-10077
-8665
-600
-2163
-10829
-6601
8634
11648
-1139
-12062
-3841
9386
9845
1173
-1358
2390
586
-5350
-6407
-2170
-2539
-7150
-10139
-6533
-3084
-5153
-8495
-8265
-3518
146
1567
170
-1945
-2530
-795
519
264
709
2159
2753
-376
-2644
-1509
883
-507
-3141
-1138
3388
4110
532
-728
1135
3260
3320
3844
4765
4786
2926
405
436
2046
2719
808
-149
934
2081
1262
-266
-709
176
1147
464
-482
-669
-413
-1358
-2096
-1497
-498
-503
-2038
-3222
-2632
-1349
-1535
-2411
-2078
-495
187
-702
-1770
-1776
-1313
-1486
-1799
-1442
-955
-1060
-1913
-1721
-1568
-1504
-2812
6007
22568
25397
6885
-11977
-2872
16338
19222
4421
-3435
2956
6061
-3640
-10534
-3247
3003
-2251
-8784
-275
8956
3295
-9538
-11029
1877
9595
5034
-1906
-1485
-718
-3718
-5378
-1324
960
-2715
-6242
-6121
-3429
-4768
-7649
-8774
-6508
-3166
-1294
-1801
-4945
-6714
-4065
1069
2271
1382
1990
4076
2532
-1555
-1473
2466
4374
1188
-345
1660
2775
77
-1976
-737
2076
3881
3303
1936
1485
2308
1067
207
1734
3693
3442
2256
1883
1449
1242
829
171
19
1127
716
-1024
-1805
-1434
-1260
-1720
-1989
-2035
-1291
-1355
-2869
-3874
-2534
-1249
-1550
-1960
-1453
-608
-752
-1354
-1970
-1403
-263
-12
-333
-400
-423
-1065
-1930
-2502
-1667
10112
22716
18063
-2585
-11990
4744
21373
17104
1726
-984
5782
4687
-5339
-5925
2755
3538
-5762
-8470
2510
6287
-3779
-12354
-5501
7254
8767
890
-4205
-3349
-3650
-4398
-1999
2079
-521
-6004
-7380
-5209
-3831
-5418
-5996
-5971
-5214
-3871
-2577
-4196
-7550
-7451
-1957
2742
1129
-1700
-1033
1415
534
-287
2442
5875
4691
626
-155
2191
3760
2627
1844
1850
2455
1901
700
85
662
1836
2102
2378
2345
1740
942
1380
2095
2898
3271
2647
1049
-67
265
69
-556
-1118
-1056
-1091
-1679
-3066
-3724
-3080
-2332
-2248
-2372
-2108
-2722
-3294
-2878
-1657
-775
-951
-1575
-1802
-1201
-669
-661
-547
-88
137
-617
-1175
-1385
7975
19358
15940
-2330
-10856
6220
23027
18018
1807
-1678
4133
3727
-3554
-1702
7033
5519
-5875
-9325
2017
6306
-3438
-10624
-3197
7085
5517
-2928
-6257
-3499
-2381
-2077
-79
2521
-1516
-7815
-8546
-4954
-2438
-3636
-5312
-7098
-7216
-5131
-3101
-5092
-7700
-5879
-662
1213
-2395
-4180
-1825
649
-455
194
4169
5135
434
-2366
1595
6130
5722
2372
1587
2983
4074
2758
919
1077
2060
1381
301
1575
2853
1801
388
1655
3422
3501
2030
855
1293
2641
2755
979
-183
-314
-689
-1806
-2231
-2247
-2256
-2441
-3076
-3404
-3063
-2684
-3111
-3053
-2278
-1977
-2444
-2837
-2397
-1672
-891
-948
-1202
-977
-404
-576
-886
-858
1325
11503
17323
8189
-7922
-5750
14207
23143
11428
-942
785
4902
1900
-1104
5485
9094
517
-9335
-4915
6206
4034
-5930
-6805
2015
4720
-1501
-5940
-3678
-1401
-1839
-1192
369
-594
-5731
-7275
-4002
-766
-1593
-4298
-6531
-8394
-7490
-3847
-2104
-5677
-8212
-5726
-1959
-2504
-4505
-2831
62
276
-1146
240
2259
1144
-762
1358
5155
5469
2379
456
1907
4057
4411
2492
1528
2097
2042
1030
1400
2664
2273
936
1105
2528
2981
2561
1780
1630
2152
2424
1562
365
68
336
480
-10
-1317
-2642
-2445
-1581
-1458
-2221
-2949
-3157
-2888
-2291
-2130
-2382
-2614
-2754
-2850
-2377
-1420
-1066
-1219
-1583
-1410
-1325
-987
-828
4799
13668
11895
-1600
-8413
6355
22216
17457
1831
-2077
3514
4749
1800
4693
9432
3141
-8001
-8447
3414
8297
-247
-6825
-2631
2233
-634
-3870
-2011
41
-2179
-2876
-974
-874
-4837
-7176
-3874
-438
-1236
-4724
-6467
-6920
-6241
-3628
-1066
-3284
-8063
-8301
-4050
-1106
-2050
-2554
-1751
-2020
-3104
-1747
1375
2388
823
96
1863
3271
3034
1860
2013
3520
4119
2631
950
1218
2254
2283
2153
2860
2444
1252
1116
2408
3353
3069
2059
983
845
1507
1721
970
224
-268
-359
-311
-568
-1012
-880
-359
-986
-2266
-2467
-1718
-1490
-1795
-2042
-2489
-3045
-2952
-2220
-1824
-1639
-1721
-1562
-1409
-1168
-1154
-1074
-1015
3509
10939
9113
-2394
-7745
6157
20968
15924
1023
-1674
4919
6002
3243
6855
11188
3100
-8412
-6901
5904
9661
-713
-7985
-4046
263
-2806
-4794
-923
982
-3808
-6072
-2190
387
-2696
-5352
-2437
104
-2270
-6388
-7099
-5519
-4191
-3333
-2968
-4940
-8113
-7460
-3350
-519
-1396
-2625
-2688
-3118
-3166
-741
2205
1899
-404
-1003
1217
3076
3159
2346
2354
3340
3502
2653
2200
3130
3320
2111
1254
1864
2034
1257
1330
2564
3309
2364
1126
719
1614
2701
2678
1463
441
143
-115
-501
-1000
-1090
-968
-1277
-2385
-2928
-1981
-973
-1485
-2262
-1746
-1421
-2096
-2587
-1716
-1065
-1753
-2680
-2177
-758
-199
-1214
-2108
-1800
2645
8972
7422
-1735
-5339
6804
18755
13201
117
-1110
5877
6829
4081
7091
10285
2124
-7500
-3935
8087
9813
-985
-7181
-3033
685
-2350
-3853
-365
40
-5866
-8022
-2900
288
-2924
-5830
-2937
-672
-3398
-6450
-5426
-3116
-3000
-3932
-4351
-5428
-7100
-6048
-2784
-1154
-2926
-4628
-3721
-2293
-1527
-401
969
558
-1073
-920
1571
3321
2907
1954
2069
2963
3199
2847
2773
3119
3109
2422
2113
2634
2798
2232
2216
2973
3106
2031
1277
1531
1790
1551
1246
973
391
-127
-207
-30
-241
-598
-694
-749
-1195
-1812
-1863
-1658
-1950
-2479
-2334
-1889
-2053
-2452
-2202
-1493
-1360
-1689
-1785
-1484
-1234
-1530
-1643
-1111
2535
6997
5000
-2205
-3262
7679
16167
9924
-303
604
7136
7429
4747
7070
8658
1277
-5431
-481
8990
7991
-1662
-5479
-1377
551
-2597
-3244
-183
-831
-6299
-7677
-2823
-209
-3215
-5523
-3176
-1883
-4694
-6506
-4183
-1943
-3080
-4840
-4933
-4863
-5607
-4640
-2242
-1840
-4063
-5468
-3908
-1794
-1151
-1089
-669
-696
-1101
-645
1232
2916
2834
1906
1858
2976
3709
3314
2907
3209
3289
2680
2291
2663
2964
2613
2470
2716
2626
2096
1910
2076
1860
1264
1023
1042
639
37
-250
-247
-508
-834
-647
-441
-867
-1612
-1677
-1183
-1069
-1669
-2135
-1995
-2070
-2348
-2320
-1831
-1589
-1910
-2154
-1780
-1203
-1178
-1504
-784
3256
5962
1988
-3806
-350
11215
14156
4583
-1941
3322
8633
6088
4254
8086
7412
-1037
-3655
4632
10664
4284
-4136
-3235
1175
-99
-3573
-1953
715
-2610
-7936
-6535
-1263
-877
-4684
-5344
-2491
-2893
-6347
-6343
-2653
-1611
-4501
-6156
-4889
-4201
-4923
-3844
-1696
-1980
-4384
-4803
-2281
-464
-897
-1738
-1510
-1078
-1034
-581
764
1896
1755
1226
1793
3164
3388
2665
2879
3897
3739
2495
2594
3867
3979
2706
2355
3147
3135
2178
1852
2297
1900
804
366
697
747
172
-348
-577
-752
-802
-525
-473
-1177
-2022
-1935
-1159
-1011
-1671
-2021
-1705
-1615
-1811
-1719
-1306
-1260
-1817
-2188
-1881
-1443
-1442
-1755
-506
3004
4038
-40
-3228
2372
11536
10937
2204
-566
5584
8887
5584
4736
8076
5892
-1356
-1361
6702
9573
2111
-3777
-1191
1816
-691
-3053
-868
232
-3930
-7600
-5152
-1218
-1925
-5105
-5174
-3094
-3804
-6260
-5731
-2814
-2448
-5100
-6354
-4973
-4214
-4610
-3575
-1650
-2112
-4610
-4784
-1955
-170
-1067
-1967
-1216
-639
-1215
-970
1102
2423
1371
229
1411
3343
3320
2340
2709
3677
3254
2450
3208
4541
4159
2789
2717
3607
3569
2606
2230
2320
1861
1010
816
1125
984
264
-279
-300
-359
-647
-881
-988
-1394
-1911
-1878
-1506
-1414
-1751
-1867
-1722
-1772
-1919
-1730
-1248
-1161
-1555
-1909
-1703
-1337
-1284
-1535
-1212
1027
3169
1746
-1795
-604
6648
10652
5683
70
2278
7181
6647
4201
6193
7759
2735
-1812
2447
9089
7064
-383
-2093
1223
1143
-2149
-2084
360
-1297
-6074
-6831
-3033
-1274
-3698
-5666
-4470
-3538
-5180
-6362
-4647
-2725
-3667
-5650
-5559
-4230
-4151
-4481
-3184
-1640
-2602
-4623
-4079
-1419
-389
-1535
-1753
-705
-689
-1513
-377
2067
2399
742
666
2504
3146
2365
2541
3655
3261
2010
2505
4144
4207
3034
2991
3946
3820
2720
2509
3019
2719
1696
1255
1338
997
260
31
126
-95
-542
-822
-959
-1198
-1396
-1383
-1372
-1554
-1700
-1731
-1655
-1704
-1809
-1732
-1531
-1413
-1464
-1626
-1659
-1459
-1297
-1331
-1576
-1070
684
2070
1292
-480
607
4974
7506
5278
2435
3240
5416
5122
4238
5792
6753
3771
750
2578
6301
5523
1295
-352
828
617
-1265
-1560
-546
-1556
-4221
-4866
-3290
-2662
-3871
-4860
-4527
-4341
-5033
-5419
-4940
-4452
-4625
-4963
-4764
-4317
-4068
-3877
-3431
-2841
-2580
-2737
-2782
-2360
-1832
-1591
-1512
-1264
-972
-693
-149
613
1198
1501
1823
2143
2261
2449
2972
3442
3343
3014
3135
3580
3697
3505
3559
3745
3459
2805
2586
2832
2722
2096
1621
1559
1294
673
284
427
506
91
-442
-739
-872
-1004
-1055
-1129
-1391
-1656
-1639
-1604
-1743
-1825
-1637
-1412
-1540
-1727
-1746
-1714
-1723
-1691
-1597
-1572
-1628
-1501
-1111
-565
357
1455
2305
2630
2602
2765
3204
3852
4580
4867
4453
3893
3868
4546
5273
5403
4871
3766
2677
2281
2368
2213
1311
-29
-1169
-1972
-2377
-2293
-2176
-2645
-3679
-4515
-4554
-4315
-4371
-4648
-4983
-5345
-5606
-5426
-4811
-4320
-4314
-4461
-4307
-3808
-3326
-3101
-2896
-2577
-2456
-2631
-2557
-1815
-930
-728
-814
-235
680
1000
939
1454
2348
2574
2359
2690
3282
3293
3090
3507
4163
4142
3700
3647
3770
3500
3104
3072
3094
2610
1937
1720
1779
1581
1215
976
737
265
-118
-64
-5
-432
-1008
-1107
-984
-1243
-1683
-1664
-1406
-1598
-2024
-2091
-1909
-2065
-2375
-2267
-1901
-1886
-2154
-2145
-1861
-1659
-1348
-233
1312
2117
2010
1885
2287
2835
3579
4674
5198
4369
3275
3498
4697
5391
5157
4683
3991
3010
2412
2535
2567
1551
52
-961
-1402
-1685
-1802
-1872
-2431
-3428
-4175
-4258
-4110
-4086
-4265
-4756
-5453
-5730
-5232
-4577
-4435
-4639
-4599
-4324
-4057
-3640
-3030
-2653
-2788
-2984
-2743
-2189
-1696
-1300
-942
-618
-247
196
633
1009
1373
1695
1936
2232
2652
2943
3024
3251
3751
4087
3993
3843
3904
3907
3627
3346
3244
2998
2447
1918
1746
1804
1745
1471
1131
765
433
262
194
-42
-534
-884
-882
-894
-1193
-1420
-1330
-1329
-1670
-1889
-1697
-1650
-2043
-2312
-2118
-1952
-2155
-2288
-2021
-1866
-2111
-2181
-1483
-151
1068
1714
2010
2234
2480
2833
3472
4388
4867
4435
3837
3944
4516
4822
4777
4748
4347
3199
2176
2168
2546
2067
667
-544
-1175
-1700
-2125
-2112
-2117
-2876
-4096
-4608
-4174
-3830
-4197
-4829
-5174
-5220
-5153
-4933
-4560
-4317
-4354
-4436
-4190
-3562
-3032
-3030
-3263
-3151
-2665
-2257
-1960
-1438
-854
-662
-565
57
970
1396
1399
1662
2136
2276
2300
2751
3321
3360
3188
3493
3975
3922
3602
3641
3821
3584
3139
2997
2934
2467
1894
1766
1823
1490
935
698
705
457
15
-187
-258
-570
-991
-1110
-985
-1041
-1332
-1560
-1653
-1710
-1709
-1676
-1781
-2087
-2316
-2208
-1914
-1762
-1849
-2020
-2012
-1747
-1466
-1348
-1038
-6
1442
2355
2535
2634
2924
3161
3554
4514
5266
4725
3598
3562
4576
5131
4775
4353
3925
2947
1980
1929
2162
1403
-154
-1267
-1657
-1918
-2175
-2271
-2580
-3411
-4285
-4555
-4328
-4161
-4318
-4748
-5271
-5527
-5280
-4788
-4497
-4445
-4363
-4218
-4044
-3650
-3069
-2791
-2920
-2854
-2300
-1781
-1594
-1297
-725
-331
-134
402
1200
1586
1593
1881
2442
2728
2799
3080
3375
3345
3344
3707
3976
3769
3538
3651
3676
3343
3089
3121
2953
2400
1986
1960
1839
1304
776
642
595
256
-163
-335
-443
-772
-1104
-1164
-1179
-1416
-1668
-1706
-1716
-1875
-2013
-2008
-2019
-2154
-2281
-2297
-2215
-2050
-1852
-1707
-1632
-1504
-1246
-992
-825
-395
703
2095
2881
2895
2853
3161
3565
4041
4768
5178
4610
3725
3738
4523
4956
4697
4176
3413
2383
1738
1814
1778
857
-467
-1386
-1907
-2276
-2377
-2376
-2879
-3883
-4597
-4596
-4357
-4384
-4668
-5074
-5468
-5547
-5219
-4864
-4760
-4709
-4536
-4359
-4071
-3429
-2763
-2678
-2902
-2608
-1852
-1420
-1358
-983
-317
0
100
696
1603
1976
1863
2066
2642
2939
2921
3117
3462
3520
3453
3675
3949
3845
3614
3648
3710
3455
3121
2983
2811
2437
2166
2107
1861
1298
898
859
731
258
-184
-379
-635
-1050
-1261
-1227
-1430
-1934
-2168
-1952
-1836
-2081
-2276
-2184
-2109
-2223
-2269
-2136
-2005
-1936
-1789
-1566
-1371
-1199
-969
-704
-531
-417
5
1058
2385
3174
3202
3054
3178
3496
3980
4629
4870
4191
3304
3330
4079
4453
4139
3657
3112
2339
1756
1724
1636
777
-507
-1415
-1885
-2232
-2479
-2633
-3100
-3946
-4567
-4546
-4336
-4482
-4865
-5144
-5326
-5446
-5293
-4900
-4660
-4714
-4668
-4270
-3724
-3283
-2974
-2780
-2606
-2242
-1698
-1271
-1011
-642
-156
200
569
1232
1859
1966
1912
2306
2867
2989
2903
3122
3379
3285
3270
3723
4080
3823
3485
3642
3872
3620
3203
3071
2949
2506
2075
2000
1911
1412
843
663
629
302
-215
-589
-854
-1157
-1410
-1566
-1796
-2098
-2216
-2149
-2174
-2307
-2299
-2152
-2119
-2193
-2126
-1902
-1728
-1593
-1363
-1137
-1072
-1001
-705
-364
-254
-250
-91
247
852
1893
2968
3317
3015
2908
3274
3653
3972
4397
4426
3657
2931
3201
3912
4007
3566
3142
2536
1660
1241
1464
1302
136
-1192
-1867
-2196
-2554
-2732
-2870
-3569
-4630
-5095
-4800
-4609
-4936
-5297
-5414
-5486
-5449
-5065
-4621
-4558
-4625
-4296
-3667
-3174
-2839
-2511
-2272
-2098
-1699
-1138
-810
-665
-278
289
663
973
1509
2009
2171
2382
2919
3277
3110
2950
3237
3583
3655
3748
4003
4041
3791
3743
3992
4003
3538
3059
2888
2748
2385
2015
1803
1532
1090
732
574
308
-216
-729
-1029
-1279
-1577
-1793
-1917
-2102
-2310
-2353
-2281
-2267
-2255
-2138
-2019
-1986
-1916
-1723
-1541
-1458
-1360
-1145
-886
-704
-592
-444
-212
-6
75
116
175
195
373
1149
2366
3104
2936
2561
2661
3066
3489
3953
4122
3511
2641
2595
3345
3860
3664
3133
2474
1738
1348
1427
1212
172
-1080
-1787
-2171
-2647
-3000
-3125
-3555
-4425
-4955
-4764
-4539
-4800
-5107
-5111
-5142
-5271
-5050
-4555
-4374
-4454
-4169
-3518
-3036
-2733
-2300
-1919
-1796
-1553
-978
-524
-400
-130
449
881
1105
1544
2134
2438
2576
2943
3308
3277
3147
3371
3709
3765
3725
3873
3991
3848
3716
3839
3889
3503
2947
2677
2590
2279
1793
1445
1183
785
394
232
75
-374
-903
-1168
-1264
-1456
-1722
-1933
-2068
-2122
-2044
-1913
-1873
-1886
-1811
-1660
-1537
-1472
-1396
-1331
-1319
-1275
-1103
-880
-769
-719
-534
-245
-110
-118
-12
234
300
136
66
314
797
1477
2195
2571
2480
2354
2574
2981
3391
3669
3550
2891
2381
2599
3119
3058
2552
2117
1701
1066
622
598
271
-776
-1888
-2316
-2503
-2902
-3326
-3457
-3749
-4308
-4611
-4379
-4205
-4465
-4716
-4676
-4619
-4714
-4558
-4146
-3802
-3633
-3245
-2698
-2267
-2003
-1661
-1252
-909
-591
-264
16
257
630
1094
1530
1864
2169
2404
2627
2878
3129
3252
3262
3269
3324
3437
3580
3636
3512
3364
3338
3356
3229
2986
2725
2451
2116
1794
1520
1226
846
461
208
70
-120
-446
-735
-848
-901
-1081
-1297
-1428
-1552
-1707
-1718
-1541
-1421
-1506
-1601
-1520
-1373
-1339
-1385
-1347
-1207
-1090
-1076
-1032
-843
-611
-494
-427
-259
-53
41
69
157
240
208
129
134
214
266
228
231
586
1348
2025
2250
2281
2332
2176
1938
2221
2787
2636
1834
1500
1779
1779
1483
1524
1506
727
-142
-193
-74
-685
-1468
-1683
-1864
-2475
-2844
-2630
-2650
-3239
-3601
-3397
-3329
-3671
-3799
-3539
-3448
-3605
-3498
-3119
-2927
-2867
-2481
-1861
-1442
-1209
-892
-584
-453
-302
46
388
540
659
907
1196
1429
1646
1877
2092
2271
2431
2565
2651
2702
2738
2748
2731
2730
2771
2801
2741
2597
2453
2317
2118
1863
1655
1499
1289
1013
799
658
462
218
88
39
-135
-429
-615
-659
-773
-1031
-1257
-1341
-1374
-1411
-1389
-1295
-1237
-1280
-1335
-1271
-1131
-1090
-1158
-1136
-984
-888
-889
-812
-631
-514
-454
-304
-121
-43
-26
48
124
131
137
179
181
137
142
186
163
109
196
472
823
1201
1565
1690
1455
1173
1206
1423
1489
1420
1328
1106
799
798
1135
1236
833
387
228
108
-140
-286
-371
-722
-1233
-1445
-1380
-1478
-1767
-1945
-2032
-2258
-2502
-2536
-2509
-2618
-2703
-2593
-2489
-2583
-2658
-2470
-2143
-1866
-1575
-1206
-916
-793
-651
-368
-77
107
252
413
561
771
1107
1430
1585
1676
1851
2042
2147
2234
2338
2361
2317
2348
2442
2433
2319
2240
2217
2134
1982
1841
1685
1448
1209
1101
1058
890
623
457
426
345
164
20
-72
-243
-497
-683
-789
-957
-1209
-1397
-1454
-1454
-1450
-1400
-1302
-1251
-1275
-1289
-1226
-1126
-1051
-1013
-978
-935
-872
-775
-673
-599
-537
-449
-326
-209
-132
-64
-10
12
15
59
150
217
229
240
271
292
289
270
254
254
279
310
371
509
668
741
749
810
904
937
979
1101
1174
1095
1001
992
943
828
781
768
615
402
309
219
-40
-312
-417
-506
-746
-974
-1060
-1159
-1377
-1557
-1603
-1631
-1720
-1778
-1758
-1753
-1783
-1771
-1704
-1620
-1497
-1297
-1081
-970
-943
-838
-622
-445
-358
-254
-88
42
155
379
631
725
732
865
1091
1186
1201
1350
1534
1529
1463
1562
1679
1642
1735
2178
2400
1873
1142
1029
1420
1556
1203
759
509
364
196
-2
-162
-167
-47
-30
-310
-705
-858
-807
-860
-1020
-1029
-858
-770
-854
-914
-890
-897
-874
-688
-459
-411
-525
-617
-653
-695
-634
-425
-234
-182
-164
-86
-37
-66
-40
120
315
439
480
436
307
196
265
431
483
431
431
474
415
309
348
449
407
296
302
322
156
-60
-64
51
31
-93
-99
14
55
-45
-164
-181
-136
-93
-48
-31
-116
-280
-355
-317
-282
-304
-296
-275
-335
-431
-461
-437
-440
-412
-304
-229
-311
-452
-488
-403
-280
-185
-136
-160
-219
-208
-100
-15
-9
58
237
318
240
239
359
347
234
328
481
323
66
120
291
233
95
99
127
88
70
52
-15
-9
85
97
-2
-41
-19
-71
-153
-135
-85
-131
-218
-227
-196
-215
-259
-249
-193
-133
-73
-53
-92
-115
-49
62
145
224
321
391
431
497
579
616
609
626
650
614
518
442
440
462
419
300
220
254
305
267
186
139
126
104
73
15
-84
-162
-156
-120
-143
-218
-288
-305
-281
-268
-280
-257
-209
-253
-391
-466
-443
-450
-497
-471
-412
-450
-537
-542
-502
-486
-458
-404
-386
-404
-390
-317
-214
-147
-146
-139
-39
71
77
41
74
142
184
248
316
325
323
402
489
464
372
328
358
424
462
420
335
282
272
282
307
298
193
64
52
144
189
120
7
-63
-66
-48
-64
-127
-195
-236
-242
-246
-283
-357
-416
-409
-385
-394
-424
-443
-454
-450
-407
-357
-378
-453
-451
-351
-258
-218
-206
-184
-135
-55
16
28
46
135
226
248
251
287
328
371
447
517
497
425
417
475
519
503
459
430
451
533
585
521
410
372
377
358
309
251
189
145
112
39
-41
-72
-116
-210
-241
-230
-297
-376
-373
-357
-383
-397
-390
-397
-362
-278
-301
-398
-395
-307
-253
-216
-182
-197
-202
-112
-16
-12
-15
41
79
97
126
142
118
102
114
122
102
74
52
31
31
27
-1
-30
-40
-29
4
35
25
-20
-48
-22
33
65
65
57
63
75
83
87
79
67
66
76
67
26
-8
-14
-29
-69
-91
-83
-84
-98
-114
-137
-182
-215
-185
-147
-173
-235
-254
-210
-161
-155
-179
-180
-132
-59
-11
9
33
62
90
124
176
218
226
223
236
241
225
212
223
250
275
272
243
219
230
256
244
193
164
163
152
110
47
-12
-51
-59
-54
-75
-138
-208
-249
-246
-215
-204
-232
-268
-279
-261
-233
-214
-213
-222
-221
-209
-189
-172
-171
-162
-128
-82
-47
-19
21
66
88
96
122
173
222
233
218
203
204
230
265
284
270
249
253
266
268
261
252
232
203
187
192
187
152
107
76
52
14
-27
-51
-77
-118
-174
-213
-239
-264
-295
-314
-312
-313
-323
-343
-361
-372
-365
-341
-323
-331
-336
-311
-270
-242
-222
-185
-130
-74
-28
11
32
48
82
135
190
222
229
232
246
259
271
282
286
294
299
298
281
261
260
265
268
259
247
236
213
183
164
157
148
132
112
88
52
7
-24
-41
-57
-84
-115
-155
-190
-214
-240
-272
-299
-313
-320
-329
-349
-370
-379
-371
-352
-333
-316
-294
-268
-247
-224
-195
-161
-121
-76
-25
12
32
51
89
139
182
210
237
259
276
296
312
331
345
364
381
382
371
353
349
361
356
339
318
294
265
225
178
136
95
63
27
-23
-85
-149
-200
-233
-257
-281
-311
-337
-356
-369
-376
-381
-380
-370
-346
-321
-310
-304
-292
-273
-249
-224
-193
-166
-141
-116
-93
-71
-50
-25
5
40
69
94
106
121
136
157
191
218
237
247
260
277
288
294
299
310
321
328
324
309
289
273
260
244
221
190
153
114
76
39
2
-34
-68
-94
-121
-153
-186
-212
-226
-235
-238
-244
-249
-251
-248
-238
-225
-211
-199
-187
-170
-150
-136
-124
-111
-101
-90
-76
-66
-55
-43
-30
-19
-6
7
26
43
62
78
94
112
127
143
150
160
170
176
174
166
156
144
129
114
95
74
53
32
14
-3
-21
-34
-47
-59
-69
-76
-82
-89
-92
-94
-92
-90
-88
-82
-75
-66
-61
-55
-44
-35
-28
-23
-17
-13
-7
-1
4
6
9
13
17
21
25
32
38
49
54
61
71
84
96
106
117
123
129
137
139
139
137
131
121
113
100
81
62
40
12
-16
-45
-73
-103
-130
-156
-181
-201
-218
-233
-242
-243
-246
-239
-224
-210
-190
-165
-139
-110
-81
-53
-21
8
33
56
79
97
114
129
140
150
157
161
163
161
161
159
159
152
146
143
137
130
123
116
105
97
86
75
62
46
35
21
3
-13
-28
-40
-55
-71
-85
-98
-111
-125
-136
-144
-154
-163
-170
-177
-175
-176
-175
-169
-163
-151
-134
-124
-106
-87
-72
-51
-27
-6
16
37
60
76
89
102
117
130
135
141
145
147
146
145
142
135
127
120
114
105
95
84
74
67
59
52
47
38
35
30
22
17
13
6
-3
-8
-17
-27
-36
-41
-52
-63
-70
-79
-87
-93
-100
-106
-109
-114
-114
-114
-116
-116
-114
-106
-97
-88
-80
-68
-58
-45
-33
-24
-12
-3
5
13
20
23
32
36
40
44
47
49
49
54
51
54
56
57
57
57
55
54
54
54
51
47
45
39
33
28
22
21
16
12
7
1
-1
-6
-9
-15
-18
-23
-22
-24
-27
-26
-27
-26
-25
-27
-26
-22
-19
-16
-15
-11
-8
-7
-2
4
8
12
18
21
24
25
26
26
25
26
25
26
22
17
14
13
10
5
5
1
-2
-4
-6
-12
-15
-18
-21
-25
-26
-27
-31
-29
-31
-34
-32
-29
-26
-25
-23
-20
-14
-12
-8
-4
4
6
10
13
15
20
19
21
25
27
24
28
28
28
26
20
18
13
9
4
1
-3
-8
-10
-13
-15
-21
-22
-22
-23
-25
