SAMPLES:	7588
BITSPERSAMPLE:	16
CHANNELS:	1
SAMPLERATE:	16000
NORMALIZED:	FALSE
0
3
3
2
0
4
-1
-1
-2
-3
-2
-6
-4
-3
-2
-3
-5
-3
-4
-7
-8
-4
-3
-3
-2
-2
1
4
1
0
1
0
2
5
2
0
2
2
2
1
1
1
0
1
0
0
2
3
1
2
2
0
-1
-1
-2
-1
-2
-5
-6
-4
-4
1
-2
0
-2
-1
1
-1
2
-1
-1
1
-2
-4
2
2
-1
0
0
1
-1
1
1
-2
-1
-2
-1
1
3
-1
1
1
2
0
-4
-2
-1
0
4
3
3
2
2
2
-1
3
1
4
7
6
5
4
2
2
-1
-1
2
1
3
2
0
-2
3
0
-5
-3
-5
-7
-3
-1
-6
-5
-4
-7
-9
-3
-3
-2
-4
-4
-2
-5
-4
-6
-1
2
3
5
10
9
9
8
5
4
2
5
2
3
0
-5
-5
-4
-2
-4
-4
-3
-1
2
-4
-2
0
-2
2
3
7
5
6
2
4
2
3
4
1
3
1
0
0
0
-1
2
1
-1
2
-2
-2
-2
-1
-3
-8
-9
-8
-5
-2
-3
-3
-6
-2
-3
-2
-2
0
1
1
4
3
2
2
3
3
4
0
5
6
5
6
3
2
1
2
4
-2
-3
-8
-6
-8
-5
-1
-3
0
0
8
7
6
2
-1
0
1
-3
-1
-1
-2
-5
-9
-7
-3
1
6
2
6
10
6
3
0
0
0
-2
-7
-7
-4
-3
-4
-2
-3
-3
-4
-2
3
0
0
2
-2
-5
-1
-4
-2
1
4
1
3
6
5
6
6
0
-1
0
0
-4
-3
0
2
4
7
5
1
3
3
2
-4
-2
-1
-2
3
0
-2
-3
-3
0
-1
-1
2
3
8
3
0
2
6
1
-3
1
2
3
-1
6
3
3
7
7
2
-2
-1
-6
-6
-2
-4
-12
-8
-5
-10
-8
-4
-11
-13
-7
-10
-6
-6
-9
-5
-2
3
4
3
3
9
3
6
13
5
-3
5
1
2
2
-8
-16
-10
1
7
10
6
-4
-8
-4
2
21
28
17
8
13
7
-6
-18
-17
-5
14
28
19
17
15
12
4
-5
-4
2
4
2
-2
-7
-17
-18
-12
-15
-12
-4
-5
-9
9
19
11
8
7
-4
-15
-31
-34
-12
-17
-22
-5
-1
-9
10
13
-12
-2
14
-5
1
7
-33
-48
-27
-17
0
16
19
43
62
55
45
29
8
-7
-36
-39
-27
-52
-54
-26
-28
-13
48
55
53
107
91
1
-4
48
2
-36
23
50
20
15
-15
-104
-129
-86
-28
34
101
122
64
28
40
-13
-126
-151
-119
-109
-47
31
81
129
136
77
13
-11
-71
-91
10
56
-61
-35
142
121
-47
-150
-269
-304
-113
48
21
80
275
268
57
-32
-31
-149
-285
-313
-229
-12
208
211
147
193
166
-8
-139
-70
69
126
61
-25
-7
102
94
-71
-147
-90
-73
-117
-97
86
236
194
158
152
-47
-138
59
52
-111
-26
23
6
154
139
-55
-59
-35
-119
-13
158
162
103
-3
-145
-268
-264
-158
-104
-25
192
313
185
81
90
-9
-78
-46
-91
-97
-37
-17
-78
-106
-36
47
101
49
0
5
4
-2
-80
-130
-103
-59
66
192
150
-20
-105
-132
-198
-90
18
109
203
138
103
146
18
-211
-159
-108
-248
-199
-45
-39
-32
37
68
46
68
137
94
1
25
118
105
122
120
-60
-104
19
-8
-89
-24
-6
-57
-46
-79
-133
-29
171
174
77
80
44
-106
-94
11
-31
-25
-10
-83
91
285
92
16
133
10
-83
32
-19
-108
-64
-22
74
88
-70
-75
28
-25
11
45
-53
13
18
-153
-74
108
76
38
55
-12
-13
-86
-283
-200
-48
-90
1
61
-155
-121
166
186
192
270
157
188
217
-92
-188
-8
4
7
23
-135
-225
-42
139
53
-10
41
-1
18
17
-203
-252
-33
6
34
164
83
2
-2
-66
-44
-60
-118
-39
52
-3
-81
53
93
-63
-93
-155
-264
-198
-76
-35
56
93
-1
92
245
189
156
44
-92
58
182
65
85
179
-108
-301
-9
76
-162
-199
-253
-332
-122
-85
-220
-27
185
230
363
286
127
169
96
81
307
263
64
128
128
12
-9
10
31
-5
-58
3
78
-110
-290
21
176
124
282
-29
-432
-203
-27
-150
-368
-319
-85
-204
-123
82
-89
-14
47
-61
68
11
-211
-171
35
187
341
498
432
125
-118
-114
-130
-110
6
50
204
357
266
205
182
-23
-169
-140
-178
-302
-199
-107
-162
78
-73
-513
-317
-242
-254
-3
-40
-79
47
80
92
15
57
73
-266
-190
20
-250
-85
63
-213
40
63
-201
249
369
71
-6
-21
73
-12
-22
130
331
497
332
226
253
227
77
-82
-200
-432
-365
-243
-171
175
240
43
41
-6
-134
-41
38
224
335
140
389
589
447
510
308
-117
-194
-330
-417
15
-66
-629
-501
-350
-429
-162
-144
-424
-484
-406
-128
60
-46
-120
232
538
458
464
289
209
68
-27
75
-23
281
247
8
241
168
133
21
-58
-23
-294
-338
-176
-31
-136
-245
92
93
113
248
83
343
528
222
137
266
-189
-617
-75
68
-271
-116
-110
-10
296
198
33
-140
-113
-296
-652
-373
-171
-369
-526
-552
-477
-426
-250
-257
-45
427
252
-125
35
117
-97
-36
360
400
451
792
510
116
-21
-443
-726
-470
-76
7
437
782
521
497
596
331
-243
-199
248
47
-109
81
194
382
410
-48
-229
52
-81
-339
-198
1
-76
-178
348
637
159
286
568
132
-225
-84
-165
-386
-115
-11
66
186
-197
-248
192
263
-70
15
349
245
-50
-148
-115
-331
-648
-206
309
-62
-292
-166
-229
-439
-558
-485
-201
231
136
156
452
156
-124
-233
-402
-383
13
-228
-650
-207
-265
-371
4
-114
-403
-181
81
-231
-487
-500
-350
-240
-59
61
-211
-21
-56
-48
567
633
628
762
834
651
473
537
307
413
835
1081
931
501
289
111
186
399
298
259
379
538
560
364
199
70
-83
-71
-59
-53
93
103
22
-119
-311
-437
-522
-534
-336
-246
-620
-684
-376
-592
-1076
-916
-656
-896
-624
-142
-167
-201
-277
-374
-377
-487
-593
-528
-594
-654
-443
-527
-737
-633
-646
-764
-521
-61
215
455
559
299
33
-100
-249
-459
-482
-257
-63
351
844
809
663
734
636
530
686
856
998
1145
966
710
818
839
457
39
-59
130
270
508
776
745
793
812
773
834
605
270
229
229
-40
-264
-277
-221
-196
-534
-865
-771
-784
-1053
-1017
-735
-765
-718
-466
-435
-314
39
-6
-118
300
296
15
197
-46
-486
-269
-221
-457
-25
306
-14
54
133
-118
37
179
13
6
39
-64
9
34
-269
-472
-472
-541
-463
-96
1
-177
1
163
198
509
581
432
549
547
292
49
-260
-615
-868
-911
-798
-743
-657
-478
-242
175
402
366
356
67
-132
143
244
247
462
431
194
61
-98
-153
-194
-417
-337
-71
-11
336
601
224
66
165
-186
-216
246
236
197
462
430
399
533
280
41
176
59
-62
125
86
144
379
183
121
395
206
-68
42
-29
-171
-186
-530
-783
-659
-769
-824
-496
-371
-329
15
194
288
666
771
583
554
420
225
303
210
-160
-232
-285
-451
-236
22
7
29
1
-174
-134
113
161
93
85
-53
-178
-61
-14
-31
189
302
114
176
382
247
133
182
56
-14
40
34
152
217
72
25
3
-43
-9
-73
-100
69
152
131
180
225
134
-60
-167
-205
-312
-350
-369
-673
-866
-704
-757
-798
-306
-66
-232
52
369
228
255
310
-139
-559
-666
-791
-754
-488
-289
-145
-93
-65
143
328
327
379
454
319
109
97
138
-37
-82
214
220
-5
285
629
412
153
53
-193
-241
40
117
19
185
438
453
550
923
1085
910
918
1058
956
984
1178
1098
920
852
708
621
587
454
484
314
-56
55
182
-21
72
393
307
176
264
54
-187
-308
-595
-929
-1014
-1059
-1167
-1071
-973
-887
-740
-755
-855
-833
-903
-1023
-1073
-1259
-1281
-1178
-1356
-1304
-1186
-1284
-1121
-1061
-1197
-1066
-1121
-1295
-860
-649
-680
-301
-234
-530
-436
-291
-532
-541
-476
-577
-490
-330
-179
-84
-70
-4
-138
-91
398
784
697
641
865
864
319
-423
-447
-744
-1579
-2276
-2909
-3159
-4040
-4695
-4128
-2443
3915
15127
25808
30207
29967
30209
28706
22896
13582
4482
-2576
-10049
-17289
-21358
-20426
-16857
-14983
-14115
-12426
-10257
-8898
-8864
-8803
-7425
-5785
-5246
-3209
1824
7503
11911
14750
15629
14291
11475
6899
1026
-4339
-9394
-13849
-16313
-16381
-14004
-10320
-7021
-4647
-2595
-1118
-653
-476
68
900
1487
1857
2752
4067
4857
4823
3912
2270
353
-1642
-3369
-4435
-4432
-3652
-2935
-1757
168
1891
2658
2615
2056
1031
-372
-1739
-2590
-3041
-3160
-3060
-2717
-1393
1132
3586
4854
5253
5481
5289
4157
3008
2259
1041
-894
-2772
-4416
-5572
-6036
-6498
-7738
-7953
-6729
-5727
2961
19467
31359
30455
23828
26134
28734
19679
5706
-2110
-2667
-9101
-19883
-22391
-16202
-8596
-8687
-12435
-11407
-7066
-6237
-11390
-11875
-4764
-717
-2339
-685
8841
17389
18926
16908
14542
11372
4971
-3390
-10429
-13991
-16201
-19554
-21159
-18565
-12929
-8380
-6060
-3874
-2235
-1356
-1586
-1655
39
2514
5149
6854
8700
11406
13762
14015
11146
7413
3425
-1604
-6549
-10301
-11603
-10808
-9970
-8885
-5618
-907
2929
7196
11499
13200
11490
8055
5200
1872
-1487
-3616
-5053
-6139
-5402
-2879
-1728
-652
2000
3049
2168
2204
3493
3960
3341
3098
2295
12
-2352
-4025
-6113
-7792
-7484
-7027
-7132
-5362
-2309
-366
1125
3110
4081
3399
2300
1623
90
-2125
-3859
-4477
-5611
-2212
13533
29200
32568
24306
20166
24609
18544
2041
-10733
-10702
-8917
-18164
-24036
-17199
-3828
1408
-6161
-8955
-3395
-901
-8037
-14149
-6535
3373
3585
842
7613
20520
23544
16098
9073
6378
1383
-9699
-18530
-19294
-16066
-16415
-18260
-14834
-7119
-1667
-2042
-2899
-1254
-445
-1881
-3109
-95
5209
9126
10816
11340
13147
13415
10011
4435
-1344
-5797
-10185
-13871
-15092
-12920
-8105
-4579
-2515
274
4302
6830
6174
5536
10254
17093
15986
10009
6267
5011
-897
-9866
-12176
-11856
-12230
-11142
-7036
-1271
3316
8209
9493
7162
7943
8250
3510
-1065
99
121
-5383
-7814
-6026
-6104
-7258
-5940
-4689
-4495
-1840
856
1321
2875
5713
4818
646
-160
830
-2818
-7485
-7996
-6992
-8107
-2983
14078
29030
32184
24324
19865
23031
17408
2015
-10733
-9398
-5562
-13697
-19643
-13056
-481
1458
-8310
-11180
-6698
-5659
-12232
-15223
-4856
6452
7995
5804
12093
23727
23917
13060
4697
2274
-3400
-14399
-20319
-17393
-12613
-13100
-14891
-11480
-5022
-2434
-5167
-6130
-3210
-1061
-1411
-669
5183
11856
14405
13872
12749
11642
7626
1356
-4629
-8947
-11231
-13404
-14190
-11950
-7231
-2344
-18
887
2429
4490
5077
4294
7531
15062
19049
15966
10193
6876
1887
-7530
-14429
-15965
-15603
-14124
-9471
-2852
3490
9363
11817
9880
8394
7919
4591
-249
-1257
-261
-2489
-5862
-6324
-5842
-6702
-6960
-6127
-5558
-3806
-505
1683
3201
5633
5890
2760
148
-381
-3316
-7702
-9927
-10191
-9606
-3844
13285
29132
32475
24046
18575
21672
15149
-851
-12438
-10448
-5117
-11721
-17096
-10600
1070
2780
-8015
-11883
-7569
-6917
-13436
-15698
-2912
10594
12159
9250
14226
23999
22270
9802
416
-2213
-6766
-16696
-21106
-15424
-8471
-8839
-11730
-9014
-3716
-3047
-7171
-8029
-3509
204
713
2232
9034
15816
16699
13791
10632
7774
1957
-5398
-9963
-11289
-11069
-11437
-11079
-7950
-3247
239
702
575
1309
2286
3032
3899
6377
10661
15832
16763
13670
10035
4983
-2347
-11383
-15723
-15468
-14629
-11131
-5057
1938
6513
8748
9359
7146
5434
3719
716
-1301
-757
311
-1542
-3065
-2816
-4128
-6495
-6963
-5662
-4681
-2705
345
2490
4340
5677
4365
842
-1310
-2388
-5884
-9199
-10244
-10273
-9575
-4445
12675
29105
32767
24640
17037
19940
14684
-905
-12360
-10527
-3070
-8032
-14218
-9454
364
1785
-9689
-14758
-10294
-8602
-13439
-15090
-1374
14534
17212
12836
14910
22740
20037
6715
-2851
-4511
-7401
-15854
-19331
-12840
-5110
-5788
-10747
-10091
-5580
-5311
-9689
-9279
-2477
3013
4656
6395
12519
17776
16201
10792
6059
3037
-2634
-9489
-11782
-10137
-7797
-7595
-7433
-5111
-2260
-963
-1777
-1839
-468
1244
3163
5642
9398
12950
13544
12509
12506
9165
1942
-5262
-8889
-10275
-12561
-10801
-6217
-2272
1609
4452
5777
4853
4178
3480
1095
612
1363
1092
-165
-358
-41
-2260
-4435
-5144
-5927
-6064
-4008
-1215
492
2527
4167
3594
2322
1516
-201
-3301
-5159
-5521
-6120
-6896
-6536
-6528
-7726
-6039
7516
25346
31759
24930
16316
19616
19557
5586
-8465
-9077
-1117
-5120
-14853
-13544
-5060
-2560
-12496
-17955
-11056
-5238
-8817
-12884
-1329
16249
20230
13890
12635
18973
17426
5099
-3478
-2910
-3438
-12092
-18046
-13066
-5283
-6321
-13056
-13706
-8686
-6867
-9902
-8965
-782
6435
8266
8758
13162
17113
14108
7788
3754
2284
-1790
-8173
-10803
-8667
-5668
-5544
-6229
-5334
-4437
-4335
-4477
-2996
471
3717
5964
8024
11168
13451
15729
17879
12738
4134
-3860
-8893
-12974
-16878
-13713
-9378
-5903
-1171
3181
5939
5726
6395
5572
3112
3820
4024
2193
829
2175
1112
-4094
-6937
-8204
-10163
-10180
-6377
-2764
-609
2580
4170
3863
3752
3132
-65
-3771
-4339
-5059
-7437
-8367
-7654
-4601
9460
27490
32302
21757
12135
15094
12422
-1886
-12646
-9906
-387
-1942
-8715
-6991
767
787
-12404
-18502
-10801
-5147
-10018
-12851
1140
18404
20627
13206
11319
15376
10985
-1703
-7939
-3754
-1925
-9506
-14008
-7417
-197
-4048
-12477
-13569
-9220
-8450
-11089
-7679
2092
9152
9700
9054
12633
14491
8869
1572
-457
792
-1643
-6049
-6737
-4133
-2693
-4766
-6948
-7309
-7338
-7751
-7246
-3484
2261
6671
8859
10295
11840
11822
9579
6254
7313
7895
2174
-3950
-6372
-6050
-9253
-10619
-7396
-5278
-2981
-332
2776
4249
4823
5712
3902
3044
3606
2588
-17
-895
137
-2283
-5239
-5502
-5857
-6873
-5648
-2480
-1117
305
2202
2235
1432
1072
353
-2607
-4342
-4492
-5768
-7499
-7264
-3662
9211
26861
32613
23147
12149
13558
12307
-1165
-11949
-9771
-207
-376
-7354
-7183
-1633
-1927
-13607
-20168
-12716
-5045
-7494
-10406
1649
18694
21761
14092
10662
13040
8868
-2390
-7601
-2558
646
-5908
-11644
-7524
-1821
-6134
-14651
-15916
-11508
-9370
-10208
-6021
3860
10553
10355
8416
10489
11688
6688
754
139
3040
2049
-2005
-3294
-2586
-3650
-7213
-9652
-9534
-8791
-8317
-6484
-1660
4036
7696
8963
9124
9280
8690
7958
10885
11351
5897
-823
-4186
-4872
-8696
-10137
-8523
-7304
-4895
-2224
751
2185
3350
4302
3516
4393
5272
3763
807
19
627
-1547
-4017
-4883
-6153
-7660
-6123
-2977
-1309
379
1689
1431
885
1393
1071
-1676
-3504
-4433
-5695
-6839
-6374
-3589
6792
24881
32767
25060
12436
10165
10979
876
-9337
-9053
465
3571
-3604
-6499
-3195
-3044
-13564
-21931
-15577
-6002
-5459
-8506
-184
15296
20275
13287
7969
9773
8213
-413
-5246
104
5004
-409
-7852
-7787
-4049
-7567
-16060
-18032
-13324
-9629
-9497
-5905
2874
8889
8218
5096
6190
8563
5935
2005
2782
6621
6699
2833
-143
-1530
-3996
-8615
-11592
-10741
-8700
-7725
-5666
-234
5498
8225
8078
7398
7883
7362
4990
3190
2674
2578
912
-1574
-2829
-3924
-5650
-6939
-5756
-2976
-885
1058
3030
4333
4697
3937
2509
1007
-209
-1279
-2069
-2119
-1992
-2465
-3079
-3137
-2998
-2853
-2538
-1737
-410
274
634
769
242
-406
-1218
-2367
-4578
-6982
-4421
8931
25944
30713
21032
11218
10975
8988
-1774
-9728
-5767
2900
1955
-4913
-5623
-2399
-6624
-18255
-21091
-11144
-3138
-5392
-7349
2129
13855
14161
7555
6624
9536
5823
-1860
-1318
6945
8410
-582
-7898
-7134
-6083
-11645
-17153
-15491
-10324
-8529
-8676
-3880
3378
5462
2487
1356
4722
6652
4386
3090
6253
9484
7956
4090
1685
-571
-4620
-8325
-8897
-7347
-5915
-4870
-2242
2129
4631
3832
1892
1526
2233
2125
2177
3253
4142
3157
972
-733
-2226
-3532
-3959
-3063
-940
1058
1539
1641
2378
2458
1659
828
-5
-1071
-2328
-3232
-3362
-2808
-2482
-2896
-2974
-2187
-1258
-552
-517
-526
-223
-815
-1557
-1857
-1953
-3013
-3224
4087
19616
30499
25859
13127
7124
8267
3948
-4746
-5760
2165
6423
91
-6270
-6190
-7046
-15067
-22404
-17155
-4993
-740
-4226
-2417
6761
11100
6440
2942
6049
8008
3689
641
5530
10706
6145
-3289
-7272
-6100
-7736
-13038
-14449
-11120
-9188
-10388
-9662
-4412
-64
-240
-1254
1574
6184
6896
5087
5756
8344
8496
5690
3621
2971
914
-2673
-4873
-4854
-4265
-4305
-4635
-4287
-3435
-2572
-2120
-1087
941
3452
7542
8805
6905
3925
554
-1388
-2659
-1355
-140
-13
600
212
-831
-2242
-2184
-1544
-1192
757
2696
2351
491
-743
-2214
-3563
-3296
-2623
-2639
-2855
-2083
-2099
-1951
-735
-523
-1210
-1748
-858
-571
-2103
-3591
-2489
3507
17890
29360
26659
14405
5999
7829
5516
-1356
-2637
3490
8521
2218
-5863
-7826
-8629
-14877
-21841
-16575
-4026
705
-4208
-5909
580
4882
1505
-595
5281
10410
8218
4736
7718
12087
6681
-3543
-7658
-4905
-4123
-8226
-9593
-7525
-7189
-10813
-13270
-9817
-5582
-4938
-5042
-1493
3657
4995
3268
3327
6104
7680
6914
6708
7792
6899
3206
-56
-1654
-2358
-2922
-3374
-3270
-3175
-3414
-3779
-2724
112
480
-1023
-1231
585
1985
1521
1784
1887
963
164
438
1239
1257
1185
894
939
2010
2249
662
-877
-961
-1601
-2784
-2821
-2174
-2670
-3660
-3637
-3604
-3419
-2858
-2599
-2668
-2123
-1178
-1447
-1665
-1330
-1469
368
7329
20754
29293
24540
12936
5555
7083
6716
2439
1846
6556
8372
395
-8168
-10680
-11733
-16444
-19747
-13393
-2673
644
-4847
-7798
-3707
-230
-1071
30
7103
12042
9853
6163
6940
8471
3661
-2735
-3693
-267
790
-2763
-5758
-6963
-9411
-13907
-15443
-11438
-6671
-4854
-4198
-1623
847
140
-1905
-1156
2351
5069
6548
8291
10009
9251
5837
2736
1494
1111
324
-554
-893
-1340
-1451
-460
-1409
-4005
-5916
-4907
-2544
-1011
917
864
-798
-1408
-341
996
1786
3362
3852
2756
2426
2545
1070
-756
-370
258
-157
-56
60
-2276
-4921
-4942
-4248
-3484
-2138
-1454
-2030
-2890
-2669
-3387
-4024
-3358
-2576
-2925
-2346
1364
8456
21156
27852
21338
8122
3615
10661
12554
8748
7418
11448
11021
-37
-9621
-11397
-10198
-14511
-18608
-11988
-1453
-1499
-11634
-15497
-9939
-5096
-4739
-1218
7921
12574
9059
3946
5331
8723
5603
651
1527
6946
6842
594
-4042
-5688
-8080
-12237
-12370
-7746
-4441
-6093
-8833
-8372
-6880
-6899
-7155
-4048
1133
4299
5292
5760
6262
5483
4363
4529
5958
7962
8451
7205
4798
1980
-964
-2882
-1416
126
-1430
-4720
-6192
-5575
-6034
-5593
-3119
-941
-260
365
1500
1852
2033
2316
2662
3773
5384
5161
2668
700
-324
-1606
-2589
-1537
-637
-1973
-3195
-3384
-3816
-4209
-3866
-3381
-3101
-2343
-2038
-2933
-3469
-3391
-3428
-3381
-426
4300
12242
21402
22788
14180
3672
4515
11635
13431
11309
11356
13276
8328
-2107
-8731
-8292
-7376
-11182
-12586
-6972
-2320
-7771
-16213
-16668
-11057
-7232
-5820
-628
5901
6502
1471
-957
2912
6211
5456
4595
7662
10392
6956
824
-2309
-2678
-4357
-6164
-4915
-2282
-2692
-6728
-9761
-9952
-9002
-8497
-7148
-4142
-1778
-1310
-1867
-1516
-149
1534
3624
5783
8239
12015
14032
10145
4329
1932
2812
3141
3192
3600
544
-4508
-7348
-8109
-8563
-7405
-4629
-3473
-3026
-1004
138
-1050
-855
1281
2532
3520
5104
4802
1809
62
165
-121
338
1941
1505
-1392
-2894
-2908
-3471
-3223
-1406
-1002
-2701
-3179
-3612
-4863
-6099
-5302
-2169
4649
16386
22042
15210
3391
453
7367
12875
13919
14450
16225
12836
2900
-4390
-3550
-650
-3418
-6947
-4919
-1146
-5092
-14584
-18309
-14426
-10160
-9150
-5716
208
1151
-4284
-8131
-4337
1580
3841
4210
6697
8752
6048
1455
-147
1716
2753
1855
1655
2466
953
-3915
-7615
-7643
-5871
-5188
-4600
-3321
-3326
-5231
-7303
-6958
-4852
-2312
438
3295
4856
4733
3730
3120
3911
5010
5950
6276
6005
4716
2020
-196
-802
-675
-1040
-1276
-1297
-2419
-3976
-4170
-2948
-1673
-572
58
104
-239
-1008
-1617
-1354
-91
715
766
719
491
-575
-1931
-1609
-155
832
748
329
-689
-1847
-2312
-2911
-2793
-3076
-1841
1129
7171
15108
15969
8508
-4
701
8293
13315
13813
12844
11620
6210
-1395
-3966
338
3483
522
-3207
-3402
-3180
-8011
-12987
-12366
-8268
-6328
-6534
-4364
-2494
-4985
-9530
-9472
-3854
1490
3252
3046
3299
2134
-783
-2124
501
4220
4839
3490
2479
1527
-1080
-3727
-3724
-1796
-369
-702
-1612
-2696
-4467
-6326
-6577
-4120
-1066
283
-175
-923
-960
-905
-541
1208
3900
6506
6266
2899
17
-501
780
1951
3461
4016
1742
-1197
-2185
-1950
-1384
93
1471
1249
139
-396
-1226
-2190
-1725
-923
-677
-565
-478
-1593
-3147
-2910
-2100
-1529
-253
934
-53
-1695
-2293
-2055
-2018
-1500
-1146
-1649
-556
3758
11513
15236
11471
3466
642
6423
12833
14308
13079
12701
9076
1475
-2508
1118
5521
3499
-1505
-3720
-3081
-5656
-10523
-11480
-8234
-6446
-8245
-8063
-5557
-5656
-9127
-10430
-6315
-968
1330
822
563
224
-1207
-2067
382
4856
6418
4515
2303
1590
640
-633
-427
833
1212
-137
-1617
-2780
-3627
-4501
-4768
-3685
-1436
-360
-1218
-2462
-2967
-2383
-1178
1332
2921
1982
189
-362
345
973
1613
2172
2117
1315
621
251
443
1099
1201
1049
1195
1640
1037
-12
10
615
646
208
42
-630
-1794
-2770
-2850
-2161
-1355
-1068
-1608
-1810
-2007
-2475
-2954
-2243
-1347
-1635
-2327
-2683
-1201
2370
8828
12766
11043
5459
2729
5975
10704
13931
14428
13594
9882
4194
765
2134
5475
5172
2048
-728
-2014
-4806
-8302
-9194
-7731
-6767
-7880
-8312
-7943
-8509
-10528
-11159
-8418
-4678
-2386
-1991
-1808
-2204
-3179
-3084
-381
3399
5124
4547
3038
2206
1548
1273
2125
3674
4192
2790
840
-741
-1607
-1690
-1227
-937
-918
-1538
-2667
-3484
-3607
-3071
-2629
-1602
-392
-388
-1509
-2252
-1827
-991
289
1704
2084
1209
324
-23
271
1261
2331
2691
2268
1981
1571
722
425
911
1169
1134
1199
628
-747
-1800
-2073
-2236
-1780
-987
-894
-1571
-2301
-2623
-3075
-3166
-2759
-2711
-3274
-2341
628
5546
8574
7887
4404
2026
4411
8630
12578
14673
14629
11467
6316
3526
4892
7796
8432
6686
3550
380
-3025
-5641
-6022
-5252
-4927
-6383
-7679
-8466
-9691
-11424
-12082
-10474
-8260
-6642
-5889
-5410
-5620
-6214
-5822
-3571
-176
2163
2887
2346
1667
1223
1471
2914
4726
5846
5396
4007
2669
1909
1817
1997
1973
1793
1195
-37
-1509
-2469
-2394
-2197
-2313
-2395
-2757
-3522
-4142
-4005
-3212
-2377
-1686
-1155
-1106
-1135
-822
-153
788
1709
2367
2489
2344
2220
2013
1959
2232
2389
2064
1553
1063
447
-218
-525
-497
-536
-746
-1145
-1507
-1814
-2084
-2560
-2912
-2987
-2924
-3467
-3232
-1422
2592
6366
6505
4133
1677
2566
5059
8056
11166
12999
11810
7515
4257
4638
7476
8994
8574
6959
4510
1278
-1874
-2380
-1552
-1526
-3413
-5213
-5898
-7085
-8936
-10293
-10040
-9387
-9005
-8808
-8307
-7948
-8361
-8643
-7646
-5040
-2807
-1485
-710
-318
-244
-216
969
2996
4630
5010
4595
4031
3634
3494
3653
4089
4801
5298
3862
1372
119
372
387
-197
-105
-493
-2447
-4247
-4289
-3712
-3524
-3038
-2421
-2670
-3180
-3013
-2706
-2126
-895
145
474
793
1392
1249
945
1723
2631
2603
2333
2416
1937
1067
720
959
868
671
603
-181
-1045
-1333
-1364
-1759
-1859
-1773
-2350
-3268
-3416
-2423
-689
3133
5744
5009
1987
575
2489
4748
7565
10245
11320
9146
5443
3619
4721
7254
8566
8234
6541
4454
1589
-734
-807
91
-93
-2054
-3303
-4221
-5935
-7648
-8154
-7835
-8014
-8116
-7861
-7661
-8177
-8776
-9044
-8412
-6750
-5090
-3653
-2939
-2654
-2745
-2475
-1023
859
2440
3338
3828
3640
3078
2941
3703
4557
4936
5072
4652
3726
2477
1652
1291
1025
828
463
72
-440
-112
-24
-1381
-2849
-3088
-2608
-2632
-2010
-982
-1371
-2726
-2624
-1430
-641
120
846
737
-30
339
1235
1494
1739
2079
1406
325
500
915
474
142
451
80
-784
-577
-355
-841
-1143
-1155
-1733
-2417
-2195
-1956
-2344
-2076
-853
1088
3537
5202
4307
1582
1154
3362
5595
7275
9345
10253
7795
4429
3510
5066
6975
7970
7465
5755
3493
979
-704
-649
504
75
-2134
-3825
-4657
-5930
-7279
-7419
-7033
-7473
-8277
-8372
-8018
-7817
-7870
-7900
-7324
-6282
-5127
-4221
-3460
-2725
-2472
-2407
-1570
220
1831
2605
2922
3077
2898
2786
3161
3837
4507
4698
4288
3507
2795
2582
2973
3133
2871
2059
1191
272
-678
-1304
-1577
-1617
-1899
-2179
-2415
-2570
-2867
-3027
-2782
-2234
-1340
-599
-66
123
266
345
297
646
1221
1467
1335
1174
927
648
612
743
761
690
625
200
-228
-364
-450
-586
-804
-900
-1281
-1831
-2123
-2107
-1750
-1118
1129
3736
4593
2944
788
1047
2640
4476
6386
8539
9113
6753
3646
2784
4513
6158
6843
6840
6380
4312
1107
-438
57
911
112
-1151
-1827
-2764
-4597
-6315
-6699
-6642
-7025
-7694
-7585
-7133
-7249
-8127
-8781
-8197
-7264
-6266
-5013
-3416
-2526
-2822
-3118
-2542
-1114
284
1450
2342
2826
2649
2252
2339
2977
3830
4164
3986
3773
3689
3354
2940
2885
2921
2569
2338
2538
1991
410
-1099
-1607
-1742
-1787
-1274
-894
-1430
-2305
-2510
-2362
-2044
-1198
-360
-197
-265
41
86
-23
430
876
665
454
942
1078
537
324
509
317
102
433
732
463
-4
-337
-790
-984
-860
-914
-1287
-1459
-1567
-1881
-1828
-539
1991
3856
4165
2760
1495
1797
2884
4168
5706
7749
8190
6148
3995
3899
4793
4880
4761
4972
4770
3203
1408
519
364
4
-1238
-2290
-2767
-3235
-4309
-5388
-5797
-6300
-7272
-7968
-7479
-6587
-6365
-6786
-6982
-6851
-6679
-6065
-4922
-3437
-2420
-2076
-1997
-1612
-765
-47
548
1197
1860
2086
2138
2466
3042
3425
3524
3612
3494
3224
3328
3922
4068
3228
2153
1420
850
428
458
416
-210
-1085
-1609
-1803
-1918
-1652
-1248
-1165
-1139
-808
-495
-373
-161
67
-117
-299
78
448
489
579
717
585
290
377
637
659
545
442
275
236
334
282
25
-179
-320
-746
-1069
-1087
-1105
-1410
-1670
-1459
-851
850
2884
3857
3091
2069
2185
2405
2730
3919
5876
6647
5581
4235
3755
3872
3861
3877
3845
3758
2943
1522
563
365
167
-1115
-2366
-2667
-2819
-3592
-4300
-4360
-4708
-5754
-6623
-6518
-5982
-5604
-5465
-5461
-5347
-5263
-5150
-4815
-3888
-2828
-2350
-2197
-1811
-1169
-809
-451
170
727
937
1060
1443
1865
2186
2372
2383
2179
2034
2202
2487
2791
2915
2734
2368
2167
2381
2307
1654
979
519
169
-181
-62
306
106
-412
-563
-334
-185
-35
256
281
-48
-114
52
37
-28
-64
-318
-689
-573
-217
-227
-370
-301
-410
-714
-568
-145
-92
-347
-380
-384
-463
-284
55
-7
-344
-529
-761
-990
-996
-547
-259
595
2178
3144
2854
1958
2198
2578
2612
3064
4213
5065
4517
3609
3236
3393
3274
2972
2625
2463
2163
1262
582
395
422
-425
-1638
-2089
-2162
-2550
-2992
-2999
-3195
-3877
-4643
-4841
-4741
-4504
-4170
-4155
-4263
-4402
-4439
-4404
-4049
-3305
-2790
-2642
-2474
-2174
-1904
-1596
-1096
-559
-354
-222
14
255
587
1111
1788
2212
2409
2687
3024
3219
3204
2997
2666
2256
1995
2049
2105
2006
1678
1211
769
470
496
603
539
324
73
-133
-273
-304
-285
-314
-390
-450
-566
-690
-702
-716
-767
-741
-478
-181
-24
156
337
323
169
124
230
432
608
723
570
273
85
-45
-147
-181
-172
-326
-601
-918
-1070
-1239
-661
821
1862
1956
1316
1321
1485
1299
1521
2413
3388
3315
2622
2403
2827
3023
2862
2668
2652
2423
1598
1120
1213
1521
1069
59
-475
-769
-1338
-2037
-2239
-2277
-2881
-3800
-4261
-4236
-4185
-4298
-4509
-4541
-4594
-4757
-4815
-4506
-3884
-3615
-3612
-3412
-2912
-2423
-2023
-1519
-1020
-809
-771
-428
146
861
1402
1931
2449
2683
2770
2930
3493
3827
3682
3362
3164
2855
2359
2211
2195
1928
1452
1192
949
568
370
289
26
-343
-429
-374
-415
-446
-417
-538
-754
-794
-696
-680
-624
-421
-372
-357
-142
218
418
553
798
814
658
624
653
421
227
202
132
25
0
-15
-344
-657
-802
-952
-1175
-1249
-1250
-1496
-1762
-1784
-854
443
1434
1565
1300
1705
1910
1729
1760
2663
3620
3442
2901
3047
3601
3627
3317
3076
3066
2605
1780
1368
1338
1416
680
-311
-916
-1313
-1818
-2467
-2704
-2887
-3507
-4366
-4731
-4508
-4314
-4459
-4704
-4722
-4799
-4868
-4732
-4212
-3639
-3333
-3153
-2870
-2373
-1964
-1596
-1102
-506
-100
146
469
917
1396
1808
2248
2497
2643
2795
3091
3361
3309
3059
2747
2462
2112
1931
1934
1874
1507
1007
668
438
344
308
240
56
-20
31
34
39
121
167
-19
-139
-42
35
57
128
217
134
100
215
272
312
381
424
320
241
150
106
59
-15
-124
-349
-415
-433
-497
-665
-742
-726
-869
-966
-890
-765
-825
-920
-1082
-1226
-1388
-1128
73
1299
1879
1585
1568
1977
1994
1813
1981
2695
2888
2370
2064
2513
3033
2994
2636
2358
2229
1577
914
684
835
671
-235
-971
-1400
-1710
-2211
-2595
-2645
-2867
-3393
-3896
-3977
-3879
-3812
-3964
-4112
-4079
-3986
-3766
-3399
-2761
-2259
-2189
-2235
-2075
-1750
-1405
-1023
-582
-264
-146
37
333
721
1171
1542
1741
1773
1876
2218
2512
2558
2413
2235
2046
1821
1767
1906
1913
1666
1435
1302
1205
1128
1150
1127
862
684
640
624
618
659
666
397
194
186
123
-34
-59
36
-8
-50
31
114
53
66
157
129
149
155
126
10
-89
-144
-289
-334
-304
-367
-527
-678
-773
-825
-840
-822
-844
-883
-854
-867
-995
-1159
-1221
-1309
-1462
-1548
-890
352
1135
1103
849
1297
1678
1498
1418
1957
2558
2296
1760
1818
2430
2753
2633
2461
2422
2164
1377
757
624
634
88
-747
-1129
-1242
-1500
-1849
-1923
-2011
-2441
-3068
-3470
-3519
-3454
-3384
-3444
-3354
-3160
-3041
-2921
-2701
-2327
-2232
-2277
-2124
-1771
-1468
-1262
-921
-574
-279
-63
270
660
1019
1289
1430
1545
1713
2048
2306
2412
2447
2439
2292
2076
2044
2121
2042
1858
1779
1676
1455
1290
1270
1168
965
898
875
734
602
555
469
294
255
273
140
92
127
89
-73
-174
-177
-163
-143
-147
-170
-275
-364
-475
-588
-669
-696
-720
-758
-765
-781
-784
-843
-856
-852
-861
-842
-758
-629
-641
-710
-697
-662
-708
-720
-685
-703
-739
-714
-723
-868
-684
105
1003
1368
1279
1375
1662
1702
1534
1620
1992
2120
1854
1694
1936
2232
2214
1933
1712
1527
1123
599
261
182
-8
-490
-892
-974
-979
-1168
-1439
-1652
-1983
-2504
-2953
-3123
-3048
-2927
-2900
-2887
-2823
-2727
-2642
-2498
-2204
-1919
-1794
-1675
-1413
-1023
-621
-265
51
284
509
782
1073
1338
1585
1803
1945
2010
2049
2071
2068
2053
1966
1799
1617
1498
1424
1356
1305
1248
1131
977
853
759
685
622
534
413
295
231
159
56
-48
-180
-325
-377
-303
-260
-305
-351
-355
-335
-270
-167
-86
-48
-87
-154
-191
-164
-143
-204
-308
-404
-481
-563
-618
-614
-616
-651
-666
-641
-632
-658
-680
-662
-635
-583
-523
-477
-429
-410
-407
-400
-383
-338
-327
-342
-320
-110
348
817
1073
1196
1420
1682
1732
1682
1777
1853
1712
1485
1416
1499
1542
1512
1395
1186
917
513
92
-159
-229
-314
-570
-828
-996
-1158
-1334
-1471
-1541
-1684
-1917
-2096
-2120
-2018
-1922
-1885
-1805
-1660
-1570
-1571
-1534
-1331
-1124
-1014
-881
-653
-424
-299
-144
95
322
441
450
499
643
822
934
937
924
907
837
775
783
800
753
647
601
632
662
672
678
705
681
615
620
645
594
547
579
590
522
486
518
478
404
374
305
174
95
129
139
63
0
-9
-36
-64
-44
-46
-126
-248
-341
-436
-530
-536
-488
-473
-464
-404
-338
-336
-323
-266
-256
-270
-213
-175
-230
-270
-221
-148
-116
-104
-137
-192
-183
-142
-134
-162
-171
-159
-152
-148
-135
-95
10
193
390
537
629
731
872
1008
1107
1181
1233
1209
1096
966
912
930
946
927
881
786
633
467
306
136
-60
-260
-442
-632
-851
-1065
-1206
-1286
-1375
-1517
-1666
-1758
-1786
-1810
-1862
-1879
-1826
-1736
-1640
-1509
-1342
-1172
-1001
-860
-776
-685
-494
-288
-177
-63
124
277
354
465
579
584
577
685
772
746
777
915
976
953
990
1046
1029
1019
1062
1031
935
905
889
765
641
639
638
545
482
480
406
286
256
264
204
155
169
143
87
87
75
-23
-96
-76
-68
-88
-48
-21
-108
-193
-160
-130
-158
-134
-57
-52
-114
-111
-52
-49
-90
-100
-77
-63
-51
-41
-69
-111
-118
-97
-86
-81
-57
-78
-169
-254
-279
-287
-269
-197
-134
-147
-175
-169
-184
-235
-237
-181
-140
-109
-39
23
38
46
89
114
110
139
193
220
222
244
271
255
198
159
147
152
115
27
-73
-159
-225
-281
-316
-331
-369
-470
-594
-646
-621
-613
-643
-647
-603
-586
-621
-620
-537
-438
-389
-368
-329
-275
-215
-151
-115
-104
-94
-55
-14
25
67
88
81
75
83
84
105
166
216
218
218
243
280
325
398
477
510
515
538
556
536
531
577
626
633
651
707
710
641
593
613
621
602
603
616
601
580
560
494
398
390
463
469
357
229
145
59
-53
-123
-103
-98
-175
-245
-259
-311
-409
-458
-464
-479
-489
-503
-541
-543
-487
-480
-547
-573
-551
-562
-570
-492
-449
-503
-575
-591
-564
-528
-516
-504
-462
-431
-399
-363
-329
-310
-254
-155
-80
-43
-85
-98
-10
74
117
193
259
220
217
234
236
311
427
445
386
395
371
341
374
417
442
381
308
241
224
222
193
128
33
77
57
-97
-168
-164
-358
-536
-415
-359
-364
-300
-278
-354
-332
-188
-180
-128
-50
-49
-19
10
1
24
118
105
48
90
118
175
190
169
143
207
334
397
452
384
341
367
384
361
336
360
357
392
418
312
224
265
333
278
206
167
140
78
-26
17
47
21
-16
2
-8
-101
-104
-60
-100
-239
-303
-306
-194
-126
-243
-317
-309
-265
-331
-428
-416
-408
-509
-521
-449
-499
-420
-319
-355
-398
-378
-438
-479
-346
-260
-296
-256
-99
-51
-1
83
-1
3
155
241
279
396
448
407
355
378
464
464
481
550
529
509
483
382
304
285
166
36
7
52
53
-29
-41
-14
-51
-77
-122
-275
-316
-258
-291
-296
-223
-180
-170
-141
-190
-239
-165
-132
-192
-206
-150
-165
-125
13
30
32
94
117
105
200
238
72
-60
25
83
55
156
165
79
162
172
0
-39
31
18
118
203
110
95
64
22
30
85
126
184
233
169
123
97
91
32
1
87
123
124
160
137
-29
-170
-143
-86
-63
-58
-134
-180
-94
-38
-121
-256
-274
-313
-338
-303
-266
-253
-261
-269
-306
-347
-391
-379
-375
-346
-226
-177
-181
-39
62
77
143
151
98
107
206
236
211
207
159
151
231
421
511
525
464
308
253
251
284
178
152
241
355
410
375
280
85
-15
-152
-133
-50
-48
-139
-151
-90
-99
-8
-111
-255
-311
-319
-368
-317
-259
-336
-238
-70
24
-2
1
-38
-46
-18
-86
-128
-56
-5
-84
-74
-37
-26
4
5
-34
-127
-137
-68
-2
-60
-151
-112
-91
-43
3
54
102
143
213
232
250
229
205
215
232
227
243
283
136
-31
-25
118
171
148
106
59
24
-33
-56
-124
-179
-133
-31
-14
-52
-126
-256
-359
-406
-475
-423
-315
-293
-411
-351
-163
-22
-15
-153
-259
-334
-103
4
9
-39
53
18
98
259
105
70
162
266
182
423
525
411
368
417
393
406
506
402
348
253
196
99
104
134
109
49
-25
86
145
119
-22
-11
-21
-78
-42
0
-18
-103
-45
-94
-155
-174
-100
-188
-181
-106
-223
-304
-181
-206
-328
-259
-308
-382
-270
-147
-326
-319
-276
-414
-405
-197
-154
-205
2
138
140
91
3
-87
-15
113
225
257
184
177
66
2
2
65
52
93
155
69
119
178
190
184
303
178
116
229
185
21
93
182
44
105
119
15
-123
-75
-103
-109
-39
76
178
84
-78
-132
-201
-352
-300
-114
10
39
15
-55
25
31
6
10
21
4
-36
-45
8
166
109
-67
46
144
38
-8
35
56
42
97
162
247
151
58
175
215
45
11
101
8
-98
-140
-157
-102
52
101
-17
-94
60
89
-79
-59
21
-17
-35
97
52
-40
-43
-104
-104
-82
-42
-69
-109
-157
-238
-224
-165
-76
-25
-26
-35
-58
-145
-235
-218
-151
-130
-137
-75
24
93
50
63
141
95
40
48
17
-63
-77
-14
45
82
209
259
204
89
30
-36
-198
-196
-170
-58
48
85
305
431
230
-44
-80
-153
-393
-417
-280
-122
67
164
313
356
317
268
201
196
118
62
122
215
222
76
-48
-4
-30
-81
-73
-63
-106
-191
-332
-396
-276
-122
-6
89
141
83
58
112
17
-196
-183
-17
158
364
401
281
155
71
28
11
9
-36
-57
-40
-80
-135
-139
-165
-164
-133
-132
-86
-31
-73
-106
-78
-103
-37
114
198
173
22
-52
-76
-132
-135
-144
-151
-142
-77
20
-89
-197
-23
102
122
186
212
140
-19
-113
-108
-101
-70
-73
-97
-77
7
31
-6
33
-10
-82
-81
-95
-80
-14
19
-27
-36
-46
-132
10
241
194
111
153
174
121
65
104
186
208
231
272
211
102
80
96
106
48
-83
-124
-45
-31
-86
-99
-155
-258
-314
-379
-414
-332
-234
-179
-143
-131
-130
-26
87
102
78
89
68
39
137
256
252
217
189
120
125
172
174
232
304
123
-94
-49
-13
-179
-207
-125
-136
-124
-77
-132
-172
-178
-176
-92
-31
-96
-139
-160
-209
-164
-54
-58
-107
-9
109
130
144
218
195
68
9
34
29
61
223
285
122
-55
-162
-198
-162
-92
-16
127
221
228
163
9
-96
-93
-77
-82
-59
-23
28
96
77
3
-10
-16
-99
-146
-108
-77
-17
71
112
46
-29
-36
-2
-2
-28
13
33
-10
2
99
153
142
140
52
-16
45
105
63
11
-65
-166
-131
-70
-107
-124
-97
-71
-12
-4
-119
-155
-83
-105
-133
-38
-9
-96
-98
-11
49
37
-5
-22
-22
-26
7
82
133
144
139
101
29
-15
6
25
19
5
-33
-66
-8
103
121
112
164
177
74
-38
-106
-149
-114
-60
-94
-131
-72
-33
-61
-71
-79
-142
-154
-88
-81
-110
-87
-64
-72
0
73
57
26
28
48
81
96
100
175
251
247
214
186
84
-24
1
98
101
53
78
86
47
60
78
30
4
16
14
14
20
-8
-23
-45
-73
-47
-19
-19
40
116
79
25
19
-18
-76
-69
-24
-8
-9
-45
-78
-103
-134
-126
-51
-16
-36
-10
-1
-53
-85
-36
-9
-19
-66
-113
-86
-41
-54
-55
-20
-60
-79
-8
27
-6
-12
-13
-30
-37
-51
-33
24
29
-28
-33
9
82
148
168
188
237
218
145
107
67
41
72
108
127
154
145
128
157
128
3
-95
-126
-153
-127
-41
0
-23
-32
-11
14
27
-7
-95
-165
-196
-213
-165
-101
-102
-50
98
134
15
-48
-40
-113
-220
-231
-178
-128
-65
76
238
256
156
171
246
159
31
25
52
45
92
194
232
169
103
124
173
171
157
163
151
126
138
171
164
110
56
50
79
94
77
15
-59
-79
-80
-130
-197
-227
-225
-209
-183
-176
-203
-248
-300
-318
-301
-324
-352
-291
-203
-168
-142
-66
29
90
74
-4
-80
-118
-120
-59
73
223
310
312
296
245
142
79
93
117
149
215
264
273
226
113
10
-35
-60
-27
59
68
2
-33
-70
-119
-74
31
81
75
38
-20
-63
-63
-5
104
182
170
111
51
-16
-77
-87
-67
-51
-29
10
36
15
-10
-19
-19
-7
15
2
-52
-103
-124
-155
-188
-172
-120
-61
-26
-45
-83
-108
-129
-149
-132
-88
-40
12
34
29
33
61
104
192
274
246
121
2
-51
-39
10
45
59
73
93
116
131
80
-17
-82
-99
-96
-44
35
74
74
89
99
58
11
-19
-54
-83
-78
-45
-1
31
51
66
70
50
20
-22
-74
-94
-55
-17
-6
12
26
3
-20
-25
-32
-29
-13
-2
0
2
-5
0
-5
-40
-70
-68
-64
-54
-42
-22
3
28
61
97
121
110
75
27
-20
-43
-34
-13
5
17
24
31
24
7
-22
-56
-80
-77
-54
-25
-5
3
-15
-49
-77
-83
-86
-91
-69
-41
-31
0
59
106
136
153
158
129
74
22
-5
-15
-18
9
45
53
52
51
33
-4
-24
-33
-50
-62
-76
-92
-100
-95
-83
-74
-68
-68
-75
-72
-61
-49
-43
-40
-35
-19
-8
-1
17
35
36
24
17
8
-4
-7
1
12
28
45
66
79
71
41
11
-1
-11
-11
-3
6
17
35
56
77
76
62
51
35
14
-13
-26
-17
3
30
61
85
83
58
35
9
-28
-51
-58
-47
-22
11
37
51
40
8
-29
-70
-101
-117
-113
-88
-51
-2
48
79
78
51
15
-21
-52
-75
-87
-82
-62
-35
2
39
67
74
60
40
15
-12
-40
-60
-65
-62
-52
-40
-23
-2
10
13
11
8
-5
-30
-59
-78
-80
-78
-64
-45
-28
-25
-36
-51
-65
-70
-70
-49
-22
7
31
47
59
66
74
82
86
88
87
81
75
72
66
55
45
36
27
19
13
7
2
-11
-28
-44
-58
-70
-68
-50
-30
-12
-2
0
-1
-10
-15
-15
-6
8
20
28
33
36
36
40
43
48
49
45
33
24
16
8
12
15
23
32
28
24
15
3
-6
-13
-12
-8
-7
-6
-8
-13
-26
-38
-44
-52
-58
-61
-61
-58
-54
-50
-43
-41
-37
-34
-34
-28
-22
-19
-14
-11
-12
-11
-9
-6
-2
-4
-8
-14
-22
-26
-26
-23
-19
-14
-16
-18
-25
-31
-31
-24
-8
9
25
36
40
37
34
31
33
33
36
38
42
42
41
39
37
36
25
15
3
-7
-15
-17
-12
-8
0
4
4
1
-3
-5
-9
-11
-11
-14
-15
-15
-9
-5
1
7
12
15
22
23
21
17
11
4
-6
-8
-7
-7
-5
-2
-2
0
-1
-3
-5
-8
-9
-13
-10
-8
-9
-11
-12
-16
-16
-16
-18
-15
-11
-8
3
10
16
20
23
21
13
6
-3
-11
-13
-12
-12
-10
-5
-1
-2
-6
-14
-21
-27
-30
-34
-36
-33
-32
-27
-25
-24
-22
-19
-14
-13
-14
-10
-8
-6
-2
2
5
9
14
17
19
21
27
28
29
30
24
23
19
15
11
6
4
5
4
3
3
3
2
-2
-7
-12
-14
-12
-12
-13
-13
-11
-5
-2
-1
-1
-1
1
3
3
4
3
6
7
6
5
5
6
7
7
6
3
2
2
3
-1
-1
-5
-2
2
1
-3
-1
2
3
4
3
5
7
6
7
5
4
0
-2
-2
-1
-3
-4
-1
-3
-4
-6
-10
-13
-14
-11
-11
-10
-12
-12
-12
-11
-15
-20
-17
-18
-20
-17
-17
-17
-15
-14
-14
-13
-12
-13
-11
-12
-10
-6
-5
-4
-1
-1
2
4
6
9
12
12
14
12
11
10
8
11
10
10
13
14
16
16
17
17
13
9
6
9
8
9
