SAMPLES:	6185
BITSPERSAMPLE:	16
CHANNELS:	1
SAMPLERATE:	16000
NORMALIZED:	FALSE
-5
-4
-4
-6
-2
1
1
0
-4
-2
-3
-4
-5
-3
-1
-5
-1
-3
-4
-4
-3
-2
-2
-4
-4
-7
-4
1
1
-2
-1
-3
0
3
1
0
-1
1
-2
-1
3
6
5
3
2
1
1
1
1
4
3
1
4
-2
1
6
2
1
2
0
-1
-1
-1
5
4
2
3
3
4
4
8
6
8
9
8
7
4
6
5
5
4
7
5
2
6
9
6
2
-1
-2
2
2
3
-1
-2
-1
-2
-2
-2
0
1
0
-2
0
-3
-1
-4
-4
-4
-5
-5
-4
-8
-9
-5
-9
-10
-8
-7
-11
-11
-8
-8
-12
-12
-10
-13
-11
-10
-8
-15
-18
-17
-12
-7
-9
-18
-15
-8
-9
-13
-19
-12
-8
-10
-7
0
-5
-22
-26
-6
9
8
1
5
17
7
5
28
54
42
8
17
51
62
39
23
32
53
58
61
67
53
30
30
78
144
137
72
37
64
115
162
201
227
224
208
248
360
452
466
441
436
500
568
574
575
568
517
469
450
450
426
325
204
115
41
-54
-172
-279
-378
-514
-640
-713
-765
-847
-991
-1132
-1130
-1091
-1098
-1141
-1157
-1129
-1093
-1034
-950
-864
-803
-754
-689
-589
-487
-418
-394
-364
-286
-190
-129
-125
-150
-182
-180
-120
-43
7
12
-51
-133
-121
6
117
124
119
161
174
114
91
219
415
472
387
384
512
528
453
613
881
775
339
168
312
336
171
-2
-181
-428
-469
-362
-391
-491
-431
-119
826
2681
4186
3657
1873
1755
4049
6107
5875
4437
3799
3878
3351
2275
1940
2377
1951
-6
-1764
-1936
-1784
-2948
-4661
-5089
-4464
-4462
-5439
-6225
-6133
-5675
-5306
-4805
-3955
-3167
-2929
-2983
-2515
-1253
159
1068
1480
1724
1938
2164
2471
2820
3029
2963
2622
2117
1627
1234
785
234
-171
-366
-669
-1270
-1919
-2256
-2039
-1391
-1074
-1632
-2290
-1847
-624
59
144
536
1118
1171
1138
1841
2728
2810
2444
2538
2884
2765
2292
1976
1830
1623
1323
945
488
54
-358
-808
-1093
-1029
-1018
-1493
-2018
-1962
-1627
-1625
-1699
-1356
-913
-835
-825
-460
4
228
365
615
864
975
970
893
874
1020
1139
1005
747
544
305
-20
-205
-181
-254
-616
-1023
-1200
-1198
-1190
-1229
-1294
-1377
-1414
-1288
-1035
-851
-778
-593
-220
189
596
1061
1536
2165
3196
4148
4028
2992
2611
3548
4567
4496
3680
2849
2027
1191
724
676
407
-534
-1779
-2647
-3004
-3278
-3724
-4087
-4162
-4168
-4317
-4403
-4203
-3901
-3631
-3182
-2470
-1841
-1591
-1497
-1144
-462
226
680
963
1161
1244
1244
1349
1594
1711
1519
1191
932
723
519
325
135
-70
-281
-493
-693
-779
-725
-644
-584
-461
-299
-203
-78
219
582
844
1061
1291
1424
1478
1619
1810
1857
1784
1720
1606
1380
1180
1085
929
642
350
62
-305
-547
-485
-420
-677
-1034
-1137
-1112
-1119
-997
-788
-872
-1217
-1330
-1226
-1327
-1432
-1171
-1104
-1742
-1791
229
2919
3430
1880
1310
2975
4884
5465
5485
5721
5586
4759
4095
4189
4366
3730
2341
1026
291
-302
-1365
-2744
-3782
-4267
-4577
-5047
-5722
-6464
-6955
-6915
-6411
-5773
-5225
-4859
-4662
-4317
-3434
-2125
-918
-84
504
1041
1605
2204
2811
3342
3655
3631
3363
3117
2937
2565
1948
1368
927
466
-74
-679
-1388
-2014
-2249
-2244
-2305
-2338
-2257
-2300
-2346
-1884
-1023
-438
-162
214
632
942
1442
2128
2521
2618
2809
2943
2774
2665
2787
2625
2124
1819
1642
1137
535
290
81
-356
-699
-842
-1146
-1461
-1491
-1483
-1636
-1623
-1375
-1374
-1534
-1394
-978
-740
-554
-239
28
35
10
183
375
447
238
-24
-196
-262
-740
-1409
-1605
-1715
-2682
-2398
2886
10014
9944
1085
-4642
1121
10512
11889
7186
5226
6154
4175
141
644
5444
7202
2250
-3584
-4226
-1804
-2458
-6284
-7879
-5590
-3714
-5565
-8763
-10089
-9112
-7451
-5938
-4658
-3587
-3279
-4328
-5595
-4478
-233
3691
4068
1878
769
1793
3045
3364
3823
5087
5417
3453
815
271
1299
1635
944
700
689
-616
-2711
-3626
-2783
-1633
-1296
-1599
-1676
-1796
-2468
-2787
-1135
1612
2522
1253
436
1170
2032
2521
3286
4153
4082
3285
2541
2310
2634
2926
2482
1656
1318
979
-8
-990
-977
-664
-867
-1347
-1806
-2355
-2869
-2724
-2160
-1716
-1589
-1600
-1795
-1922
-1614
-929
-201
168
196
-235
-373
-3
404
388
422
634
124
-1102
-1971
-1826
-1896
-2905
-4220
-1824
5980
12550
9057
-1157
-4282
3434
11392
12327
10698
9410
5979
741
-362
4352
8965
8000
2074
-3173
-4018
-2845
-3874
-6086
-6360
-4953
-5125
-7476
-9917
-11167
-10653
-8620
-6325
-4835
-4243
-4940
-6847
-7850
-4918
768
4406
3809
1447
487
1248
2495
4119
6172
7250
5887
2788
803
1197
2129
1737
879
789
458
-1659
-3531
-2726
-1545
-2916
-4399
-2319
364
-1070
-3866
-2849
-36
649
656
2255
3049
1468
685
2359
4185
4863
4777
3794
2598
2585
3311
3079
2521
2619
1961
222
-511
-154
-654
-1628
-1509
-1224
-2155
-2948
-2702
-2721
-3029
-2370
-1252
-1199
-1755
-1727
-1342
-910
-114
685
677
263
0
-11
132
808
1266
680
-380
-908
-800
-700
-964
-2002
-3188
-3862
-4325
-4919
-1693
6998
13221
8023
-2905
-4693
4633
13197
13920
11439
9324
5987
1592
1086
5830
10319
8804
2162
-3049
-3512
-2547
-4149
-6559
-6592
-5127
-5626
-8556
-11670
-12912
-11588
-8910
-6773
-5818
-5437
-6103
-8003
-8533
-4614
1631
4888
3544
1045
636
1928
3390
5081
7333
8459
6502
2730
879
1918
3040
2333
1246
1408
1898
303
-3664
-6616
-5095
-962
551
-1274
-2696
-3356
-5294
-5588
-680
4775
3917
-567
-1671
547
2151
3413
5433
6128
4404
2528
2238
3053
4231
4474
3036
1611
1635
1183
-842
-1872
-739
-127
-1247
-2213
-2770
-3907
-4469
-3190
-1775
-1712
-2139
-2481
-3048
-2950
-1364
164
335
-184
-512
-838
-540
609
1376
937
313
124
-609
-1392
-1538
-1347
-2276
-4089
-5442
-1639
9792
19730
13403
-5827
-13286
2304
21926
23375
11926
4012
2747
1020
172
5927
13887
12673
311
-9912
-8148
-630
-398
-6769
-9603
-6071
-4290
-8736
-14281
-15163
-11399
-7309
-5348
-5376
-5748
-7113
-9665
-10169
-4411
4668
8278
3464
-2851
-3010
1628
5448
6648
7673
8179
5373
116
-1828
1785
5386
3901
53
-896
289
-309
-3346
-5500
-4572
-1393
400
-860
-2676
-2960
-3717
-4753
-1309
5171
5965
-78
-2961
591
3694
3758
5140
6856
4833
1432
1375
3666
5027
4975
3388
1399
975
1518
138
-1542
-591
778
-649
-2707
-2760
-2912
-3868
-3372
-1623
-1429
-2408
-2779
-2848
-3092
-1998
-73
165
-957
-1460
-1154
-627
77
489
-63
-846
-962
-1002
-1228
-1519
-1995
-3426
-5409
-6807
701
18332
27431
8448
-19016
-15929
14649
32767
20256
2825
1229
4385
-267
-1254
10553
19749
10341
-8749
-14601
-3763
4621
-1757
-10968
-9336
-2450
-4045
-12813
-17034
-13293
-7751
-5368
-5473
-5695
-5877
-8334
-11734
-9941
403
10410
8396
-2039
-6779
-1028
5817
6813
6526
9118
9111
2203
-4268
-1139
7147
8160
1174
-2742
295
2119
-2552
-7228
-5172
-387
189
-2513
-3393
-2467
-4290
-6979
-3455
4550
6635
50
-4836
-1670
3307
4201
4562
6443
5880
2096
263
3226
6591
6434
3851
1832
1733
2040
936
-427
-159
610
-163
-1891
-2706
-3068
-3773
-3438
-2196
-1881
-2686
-2980
-2923
-3315
-2869
-1176
97
-502
-1579
-1645
-804
-122
232
111
-186
-502
-933
-1826
-1762
-2023
-3357
-6703
-2897
15301
28994
13904
-16835
-20044
9049
32364
22093
2882
533
4677
-246
-3956
8559
20798
12976
-7614
-15690
-4948
5380
404
-9297
-9084
-2589
-3156
-11751
-16204
-12701
-6912
-4959
-5806
-6374
-5633
-7026
-11093
-11035
-1846
9830
9389
-1610
-7660
-1898
5723
6232
5470
9234
10585
2843
-5486
-2351
7922
9983
1865
-3191
309
1843
-3241
-6644
-2526
948
-2068
-5048
-3252
-1290
-3775
-5787
-2889
2413
3615
317
-2595
-1319
2342
4130
4198
4928
5307
3162
1278
2871
5936
5938
3845
2352
1637
1274
1531
1576
177
-1126
-1086
-972
-2187
-3364
-3353
-2805
-2386
-2450
-3029
-3226
-2705
-2246
-2301
-1764
-414
-347
-1802
-2344
-724
866
937
-101
-920
-1308
-1209
-1386
-1381
-1718
-2699
-4711
-568
14283
23331
9315
-15749
-15007
12757
31102
19508
2680
1449
4183
-326
-1373
11307
20084
9811
-8958
-13808
-3009
4965
-565
-8705
-8226
-3826
-5639
-12636
-15088
-11674
-7172
-5918
-6580
-7181
-6913
-8318
-11203
-9480
-156
9145
6483
-3751
-7078
-41
6527
6468
6073
9341
8838
1046
-4525
742
9536
8806
584
-2839
763
938
-3489
-4692
-951
-412
-4443
-5049
-2105
-1683
-4582
-5086
-2126
1065
1911
399
-1419
-992
1908
3969
4690
5507
4901
2437
1875
4592
6582
5278
3679
2904
1547
964
2247
2629
257
-1663
-1477
-1206
-2144
-2892
-3067
-3341
-3132
-2768
-2960
-3253
-2858
-2486
-2575
-1840
-684
-1078
-2235
-1782
-324
241
-307
-665
-979
-1397
-1922
-1581
-1634
-1822
-2751
1534
14248
20957
7865
-13674
-10931
14701
29765
17480
2549
2382
4523
-167
-380
11787
18410
7432
-9156
-12016
-2463
3379
-1968
-8166
-7123
-4264
-7253
-13622
-14870
-11075
-6880
-5943
-6944
-8018
-7892
-8419
-10187
-7998
516
8196
5027
-4356
-6312
1110
6953
6480
6363
9492
8388
430
-3926
2064
10169
8458
595
-2313
533
-357
-5330
-3533
2364
1175
-7985
-9494
-1909
915
-3713
-5205
-1034
-503
-2587
-1345
2250
2211
430
1281
3694
5394
5294
3751
2861
4532
6031
5054
3676
3877
2620
630
1469
3445
1711
-1909
-2244
-1270
-1954
-2830
-2124
-2506
-4302
-4439
-2999
-2399
-2696
-2765
-2464
-2145
-1638
-1326
-1599
-1480
-712
-444
-622
-664
-723
-2048
-2704
-2048
-866
-1399
32
11328
21157
13259
-9786
-14583
9313
30862
23132
3743
583
5237
2429
-1371
8474
18850
11096
-7494
-13956
-4478
3963
-240
-8365
-8492
-4721
-5924
-12938
-15759
-12260
-7419
-6230
-7689
-8450
-8359
-8579
-10319
-8832
-1200
6978
5783
-3298
-6951
-273
6806
6834
5667
8787
9666
2619
-3510
840
9667
9810
2067
-1780
756
726
-4705
-6866
-1840
1978
-1846
-7927
-8100
-3738
-1169
-471
479
1573
-1465
-5057
-2728
4739
8187
3999
388
1450
3521
3157
4275
6957
6549
2946
1241
2772
3987
3146
1882
1415
782
-279
-1798
-2485
-2348
-2355
-2977
-3413
-3535
-4384
-5002
-4181
-2632
-2385
-2710
-2349
-1960
-2000
-1280
-239
182
-333
-644
-891
-1047
-1115
-1081
-1299
-1379
-1357
-85
10375
21232
15855
-7398
-15835
6829
30662
25232
4727
254
5351
3194
-1179
7795
18772
11886
-7044
-14663
-5220
4214
642
-8388
-9487
-5766
-6126
-12335
-15215
-12146
-7877
-6720
-8238
-8847
-8314
-8052
-9845
-9213
-2050
6500
5843
-3198
-7012
-115
7055
6601
5165
8430
9656
2619
-3548
1189
10342
9924
1146
-2637
1130
1940
-4156
-7237
-2117
2112
-2079
-8577
-8323
-4350
-3854
-5640
-3513
930
2843
3855
2784
-69
-1965
3194
9595
10342
8054
4992
222
-2638
4351
12151
9500
1077
-2220
-1748
-1101
1925
4965
2036
-3489
-4764
-4426
-4188
-2419
-937
-3962
-6781
-4893
-3270
-4752
-5048
-2638
-1642
-1614
-572
-819
-2341
-1405
1482
2171
1080
786
53
-1991
-2302
-35
584
-764
-1410
6902
18355
17841
-1282
-15765
-760
25168
28638
9144
-577
3785
3615
-1597
4799
18388
15926
-3028
-14969
-8400
2703
3177
-5157
-8913
-6730
-6112
-11321
-15039
-11756
-7137
-6490
-9068
-9408
-7959
-7664
-9753
-10080
-3893
4976
6560
-1380
-7235
-2630
5361
6807
5502
8085
9925
3463
-4074
-710
9324
11522
3145
-2922
-663
1657
-2566
-6487
-2909
1948
-794
-7742
-9088
-4495
-2069
-3572
-3248
2598
5844
28
-6598
-2443
7742
9321
4603
4044
5472
1281
-1199
5332
10924
7031
1110
383
880
503
2165
3979
1754
-1474
-2816
-3080
-2742
-1977
-2551
-4209
-3769
-3171
-5254
-6518
-3556
-1201
-2636
-3043
-1010
-1019
-2985
-1899
1201
2086
585
-482
-1156
-1368
-900
-116
-905
-1072
-1668
2163
14962
22430
9585
-14624
-11548
17104
32767
18026
888
2582
5101
-301
848
15028
20053
4473
-13066
-12021
-220
4441
-2758
-9203
-7687
-6088
-9458
-14741
-13839
-9820
-7554
-8187
-9313
-8790
-8355
-9181
-10736
-7416
1757
7692
2205
-6659
-5571
3807
7952
5253
6107
10474
8108
-1603
-3575
6047
12794
6841
-1990
-1475
2405
-678
-6845
-5225
1486
1358
-6163
-9854
-6263
-3147
-4629
-5230
-1260
1859
3274
1455
-931
-1429
2644
8167
9814
10357
7499
1161
-3064
3630
12366
10894
3609
-325
-1985
-2965
913
5621
3596
-2936
-5257
-5053
-4678
-2847
-1118
-3045
-6132
-5566
-4741
-5212
-4457
-2423
-2310
-2457
-1018
-883
-2518
-1785
1150
2152
1223
1058
569
-1021
-1485
-209
247
-995
-1263
-826
8538
19885
17616
-4602
-17589
2737
28901
27512
6064
-390
4940
3040
-1665
7323
20050
14021
-6220
-15425
-5595
5073
2595
-7686
-9610
-5836
-6208
-12443
-15272
-11176
-7845
-7987
-9502
-8965
-7926
-8561
-10682
-10174
-3036
6142
6007
-3202
-7729
-1044
6921
6521
5262
8973
10140
2379
-4513
1122
11123
10929
1607
-2871
534
1193
-4239
-6557
-1296
2513
-2416
-8905
-8225
-3356
-1423
-3151
-3096
-987
573
2995
3930
2561
-356
874
5594
8145
8014
5218
1503
-903
2679
8041
7790
3039
-607
-1596
-817
1696
3458
1196
-2911
-3857
-3653
-3575
-3015
-2416
-3997
-6001
-4843
-3130
-3319
-3948
-3100
-2100
-1409
-385
-58
-1299
-1416
82
976
351
-194
-637
-1514
-2163
-753
-238
3813
15633
21379
8160
-13588
-9108
17676
31745
18095
2029
2993
5257
490
1054
13770
19407
5437
-12069
-12022
-733
3552
-3530
-9268
-6926
-5807
-10091
-15819
-15018
-10214
-7145
-7736
-9806
-9836
-9182
-10042
-10935
-6432
2653
6868
494
-6760
-4260
4383
7606
5200
6821
10535
7320
-1409
-2079
7160
12024
5736
-1432
72
2968
-1605
-6922
-3117
3958
1493
-7733
-9614
-4048
-2101
-5106
-3775
1625
886
-4901
-5468
845
5148
4337
3544
4084
3503
2380
3528
6429
7561
5933
3460
1942
1893
2215
2479
2714
1882
-547
-2698
-2439
-1659
-2620
-3629
-2719
-2422
-4909
-6436
-4467
-2264
-2689
-3477
-2632
-2027
-2565
-2506
-1004
391
466
-507
-1080
-1253
-858
-484
-268
-407
589
11646
22627
16950
-6706
-14994
8272
31041
25454
5080
1550
6659
2333
-2505
8520
21249
12387
-9296
-15709
-3986
3846
-1744
-9679
-7706
-4819
-8896
-15644
-16028
-10552
-7718
-8265
-9325
-8698
-8713
-10595
-11754
-8072
319
6593
3132
-5475
-6670
1537
8316
6449
5124
9002
9231
1350
-3322
4383
12645
8864
-599
-1913
2892
1813
-4252
-4325
1630
1940
-5241
-8215
-2998
-202
-4672
-7088
-1801
2458
-1021
-4868
-2498
1473
1399
901
3573
5163
2951
898
2667
5636
6154
5002
3860
2907
2069
1941
2819
2774
941
-995
-1326
-1131
-2441
-3838
-3068
-2022
-3200
-5096
-4584
-3013
-3524
-4805
-3637
-1408
-1134
-2577
-3096
-1963
-1016
-1340
-1575
-894
181
-161
1618
13065
22559
15029
-6591
-10039
13071
31585
23682
5682
3151
6853
3483
1350
10989
18519
8230
-9656
-13188
-3196
2540
-2722
-10106
-9943
-8268
-10195
-14706
-15827
-12301
-9173
-8373
-9792
-10171
-9413
-9672
-10393
-7340
482
6181
2256
-5299
-5054
2798
7986
6059
5963
9301
8011
563
-2125
5786
12056
7319
-760
-1158
2925
1369
-3543
-3015
1067
67
-5461
-6208
-2130
-2065
-6012
-5677
-203
1447
-2920
-4898
-1545
1639
1288
1192
3330
3787
1721
976
3837
6741
6047
3598
2642
3189
3303
2855
2945
2622
863
-980
-1474
-1134
-1775
-2969
-3409
-3523
-3984
-4472
-4112
-3758
-4500
-4481
-3035
-1954
-2752
-3991
-3182
-1528
-1162
-1491
-1325
-659
-669
1184
12167
22811
18214
-2286
-10300
9211
30263
27664
10129
4205
7169
4580
1508
9478
18349
10739
-7268
-13478
-4926
1451
-2698
-10053
-10489
-8622
-10096
-14269
-16477
-14183
-11034
-9225
-9515
-9942
-9338
-9672
-10913
-8805
-1105
6404
4640
-3430
-5480
1377
7763
6619
5510
8851
8738
1531
-3040
3512
10884
7672
-363
-1502
2813
1755
-4168
-4845
194
1514
-3654
-6468
-3793
-3211
-6010
-5240
650
2892
-1419
-4580
-2362
1253
2439
3080
4334
4037
1778
964
3321
6145
5940
4015
3158
3075
2202
1422
2427
3147
1375
-1082
-1690
-1262
-2118
-3162
-2919
-2800
-3945
-5148
-4584
-3757
-4062
-4369
-3832
-2879
-2939
-3537
-3660
-2586
-2072
-1608
-1777
-1144
-689
5347
18681
23495
8899
-10308
-2770
22326
32313
17674
4198
6603
8143
2563
4093
16033
17682
1378
-13374
-9109
1331
972
-7915
-11683
-8131
-8216
-12897
-16612
-14614
-11138
-9907
-9724
-9426
-9026
-9620
-10813
-9770
-4044
3416
5858
98
-4927
-1710
5595
8010
5933
7435
9483
5225
-1705
-399
7870
9637
2431
-2689
-334
1439
-3399
-6833
-1952
3266
-389
-8011
-8033
-3508
-3292
-4646
-714
3646
-119
-6079
-4095
2872
5763
4348
3453
3499
2479
2077
4124
6833
7108
4276
1858
2030
3034
2412
1313
1673
1409
-762
-2493
-2207
-2034
-3057
-3247
-2354
-2829
-4809
-5603
-4421
-3272
-3200
-3051
-2876
-2997
-3355
-3151
-2408
-1694
-1470
-1065
-1125
-1245
-1639
3979
17576
23374
9917
-10291
-5137
20260
32219
19137
5174
6793
7994
2022
3131
15381
18447
3128
-12261
-9618
455
1005
-7168
-11495
-8250
-7659
-11839
-16269
-15689
-12512
-10366
-9072
-8740
-8662
-9279
-10764
-10578
-5198
3518
7383
1533
-4914
-2521
4967
7815
5916
7796
10571
5921
-2294
-1690
7512
10220
2574
-3376
-798
1330
-3788
-8342
-4598
465
-1959
-8359
-8674
-4542
-4043
-6195
-1926
8603
8580
-3320
-9936
493
11831
10294
5864
5801
3473
-2559
251
10229
12354
4167
-1634
-1100
1084
2484
3447
2524
-579
-2467
-3311
-2897
-2288
-2932
-4689
-4896
-3064
-3583
-6134
-6186
-3796
-3156
-3248
-1650
-515
-2806
-4642
-2262
719
613
-1814
-1618
-1218
-1404
-1541
6380
20796
23097
5753
-13351
-3363
23039
31971
16204
3154
6033
6963
979
3522
15975
16720
910
-12066
-7719
667
-29
-7344
-10748
-7253
-6111
-10089
-16148
-16527
-11904
-7978
-7169
-8349
-8658
-8742
-10286
-10678
-4737
5234
8909
749
-6616
-2448
6420
8202
4901
7156
10250
5072
-3245
-1774
7551
9159
968
-3875
-288
1291
-4722
-9175
-4937
49
-2154
-7790
-8092
-5273
-5155
-6441
-479
8901
5382
-6430
-7690
6449
13130
6839
4111
7118
4083
-1024
5183
12971
8409
-528
-232
3319
3207
1609
1494
463
-1313
-1588
-2395
-2227
-2071
-4009
-6539
-4883
-1632
-3599
-7050
-5690
-2760
-3331
-3854
-1722
-873
-3370
-3297
160
1385
-538
-1596
-601
-679
-1530
-487
793
2366
12287
21801
15724
-5492
-11366
10507
30063
24759
7032
2844
6192
2919
-372
8351
18461
10594
-8793
-14547
-3192
3378
-3689
-11621
-8426
-4839
-8762
-14643
-15389
-11412
-9239
-8525
-7873
-6365
-6280
-9469
-11584
-6846
2582
7925
3943
-3067
-3457
2114
6304
5210
5658
9354
7798
-275
-4186
2588
8340
3893
-2729
-1921
1677
-1767
-8641
-8246
-1840
134
-4798
-7877
-4762
-2112
-858
1100
2758
549
-2915
-944
3659
6837
6111
2845
391
1516
4994
6132
4661
3588
2741
1835
2595
3870
3396
1214
567
402
-777
-1060
-1058
-2435
-4718
-4696
-2970
-2831
-4157
-4990
-4666
-4021
-3424
-2672
-2063
-1937
-2268
-2787
-2188
-1039
-959
-1340
-2085
-1436
-764
5779
18420
22300
7939
-10778
-3836
21170
31991
18448
4774
5742
6755
1553
3175
14422
16401
1537
-12652
-9386
168
-242
-9202
-12746
-7717
-6074
-10879
-16047
-15331
-12079
-10305
-8602
-6482
-5449
-7381
-10841
-10787
-3759
5734
8831
2467
-3196
-652
5269
6607
4883
7683
10638
6048
-2229
-2361
5197
6736
7
-3686
198
1488
-5143
-9807
-5604
-391
-2076
-5802
-5301
-3722
-6066
-6099
30
5355
3046
-2687
-2456
1437
4493
5486
5804
5058
3038
2708
4133
5445
5270
4260
3387
3041
2416
1579
976
948
374
-820
-814
-901
-2653
-4960
-4458
-2338
-2355
-4036
-4391
-3528
-3565
-4212
-3260
-1497
-1195
-2020
-2836
-2383
-1738
-1433
-1232
-790
-740
-1437
201
11959
23678
18421
-3157
-11714
8781
30058
26739
9241
4419
7748
3802
-404
7695
17321
9543
-8337
-13531
-3837
1190
-5944
-13979
-11349
-6069
-7767
-13623
-16454
-14170
-11717
-9303
-6504
-4416
-5100
-8697
-11057
-7384
1913
9217
7315
-81
-2061
2708
6600
5511
5875
9806
9050
1250
-3848
1070
6351
2363
-4095
-2683
1914
-1483
-9602
-10456
-4202
-1337
-4872
-6666
-4016
-3488
-6695
-4420
8189
14440
3782
-8149
-2904
9108
9820
6172
7821
6234
-2575
-3524
6228
9827
2790
-1343
603
1400
434
560
469
-921
-722
-598
-1847
-2415
-3355
-5980
-5840
-1013
542
-4103
-6655
-4198
-2871
-3005
-570
1694
-1010
-4078
-2289
551
175
-1943
-1596
-940
-1313
-2040
3957
19060
24666
8919
-12806
-6666
20787
32528
17409
2412
5570
8302
1753
1024
12087
15302
1483
-11767
-8208
894
-1069
-11087
-14974
-7744
-3087
-7672
-15683
-17411
-13143
-9381
-6619
-4738
-4119
-6364
-10013
-10335
-3746
6271
10154
3571
-3050
-144
6240
6564
3305
6126
10373
6476
-1635
-2568
3494
3973
-2462
-4706
655
2574
-4698
-10916
-7564
-2088
-2526
-4987
-3588
-2093
-4958
-5906
-1026
4161
3188
766
3107
5895
4198
1300
3259
7124
7516
5629
4317
2987
1077
944
3233
4697
3016
-289
-2541
-2066
-793
-556
-1193
-1856
-2643
-4283
-4733
-3732
-2978
-3058
-2771
-2216
-2796
-3582
-2958
-1576
-838
-531
-517
-1013
-1629
-1495
-1165
-421
-573
-1305
-2002
6687
21913
23206
3222
-15039
-1147
25895
31063
13202
2785
7374
6368
-1018
2092
14806
14102
-2900
-13693
-6180
1962
-3790
-14469
-14005
-4980
-3378
-10538
-17290
-16219
-12164
-9322
-6564
-3884
-2929
-6365
-10871
-10038
-1075
8622
9064
1423
-1996
2853
6985
4538
2440
7588
10869
4922
-2675
-1100
4305
1344
-5195
-3778
3344
1901
-8470
-13200
-7201
-1853
-3517
-5822
-3106
-1998
-3783
292
6116
5198
-2306
-1591
6223
9063
6102
3399
2652
995
2793
6738
6534
1946
-741
-56
2031
3490
2690
-349
-2296
-655
-499
-1701
-1998
-2439
-4857
-5710
-2269
-938
-3865
-6040
-4129
-2042
-1648
-1455
-1400
-1785
-1621
-599
-349
-88
-435
-1278
-1739
-1418
-771
-800
9884
23998
21353
-2118
-15581
4783
29635
27891
8226
2890
9212
6291
-1467
3448
14626
10667
-5254
-11106
-2144
1344
-8112
-17136
-11830
-1812
-2560
-11579
-17988
-16143
-12164
-8453
-5012
-2985
-3786
-7654
-10533
-7928
734
7993
6569
299
239
5703
6879
1797
798
7855
11167
4983
-1950
-505
2384
-1778
-6120
-1728
4938
668
-10233
-11669
-2953
-170
-6172
-7684
-592
1368
-5132
-6349
531
4017
710
2284
7579
6195
-102
-144
5929
8521
7065
5452
3924
1372
777
2436
3807
3313
1213
-1064
-1639
-594
-1303
-2841
-2359
-1154
-2562
-4499
-3704
-2862
-4156
-4338
-1669
-568
-2500
-3561
-2103
-827
-690
-511
-354
-849
-987
-706
-513
-704
-1390
-2253
-519
13087
25822
18125
-7127
-15348
9211
31553
24943
5213
3039
9332
4673
-2166
4578
14794
7944
-7544
-9976
44
1071
-10738
-18437
-10311
307
-2171
-12814
-18833
-15522
-10923
-7770
-4813
-2387
-3200
-8209
-11120
-6939
2491
7720
4347
-395
1936
7010
5513
-232
781
8657
10572
3928
-1241
960
1792
-3692
-5996
368
5700
-625
-10736
-11341
-4846
-2459
-5247
-4797
-1113
35
950
2186
899
-3101
-1701
6162
10290
7606
2194
-1325
-1607
3354
8868
7871
2701
-328
-478
370
2750
4338
1979
-1226
-187
1044
-1309
-3711
-3581
-2694
-2369
-1227
-1557
-4638
-6611
-4839
-1874
-623
-578
-1497
-2834
-2561
-636
263
-725
-1169
-665
-118
-659
-1322
-2820
-117
13577
24807
16188
-7445
-12053
11162
29746
21394
4807
5506
11331
5678
-1888
4038
13087
7156
-5846
-6991
1545
613
-12262
-19427
-10240
1052
-1188
-12535
-18706
-15581
-11566
-9386
-6362
-2441
-2557
-8007
-11328
-7023
1493
4932
1894
127
4318
8147
4443
-1563
8
7683
10271
5429
1409
2287
1171
-4404
-5723
1200
7051
1881
-7796
-10151
-5433
-2710
-4142
-3699
-1075
-1536
-4914
-4844
-848
1012
-148
1480
5712
6171
1708
-1009
1726
5742
7646
7169
5024
2092
573
1617
3290
3944
3305
1619
-178
-733
-527
-1210
-2377
-2131
-1000
-1161
-2631
-3933
-4673
-4545
-2937
-1083
-957
-2421
-3398
-3163
-2215
-1248
-698
-987
-1112
-840
-511
-1340
-2266
-2813
1346
14768
24684
14914
-8805
-12724
11937
31194
20580
2038
4618
13510
7037
-3502
2323
13241
7152
-6434
-5884
4548
2346
-13608
-21469
-10252
3630
1172
-12511
-19289
-14407
-10156
-11065
-9244
-2403
-794
-8415
-12927
-6706
1894
1733
-3040
-1516
5883
9318
3877
-2677
-1438
5300
8289
5774
4327
5470
2840
-4101
-5594
1709
7246
2336
-5547
-5925
-1877
-2178
-6314
-6279
-1923
947
2018
2068
-898
-5893
-5342
2338
7875
6066
1790
-489
-1606
-31
4604
6443
3008
539
2602
4213
2329
622
1025
1355
2165
4010
3322
-1246
-4611
-3247
-585
45
-615
-1436
-3145
-4704
-3651
-1558
-1493
-2671
-2221
-432
-13
-1105
-1847
-1773
-1146
-146
925
985
-251
-1728
-2472
983
10003
17304
11900
-3067
-7687
5959
19544
15119
2833
2150
9443
8765
1000
-246
5382
5391
-1521
-3575
2742
5671
-2802
-13468
-12924
-2917
2629
-2673
-10227
-10632
-7165
-7459
-9930
-7771
-2830
-3026
-7582
-7762
-2219
385
-3865
-7220
-3339
2854
3639
-209
-2074
-411
710
-443
-592
2160
4171
2024
-1467
-1264
1985
2863
-61
-1966
28
2602
1750
-749
-1018
292
265
-851
300
3690
4857
1694
-2177
-1869
1601
3574
2477
1017
1299
2034
1966
1545
1627
1813
1606
1609
2439
3422
2947
1123
-39
818
2256
2092
583
-328
17
376
-23
-516
-777
-1124
-1478
-1321
-923
-1225
-1937
-2075
-1527
-1132
-1245
-1265
-1081
-975
-893
-360
428
552
8
-137
689
1497
1313
735
767
1109
853
310
400
845
607
-309
-751
-343
28
-229
-726
-727
-450
-443
-598
-369
249
453
198
190
742
1202
1116
1035
1348
1706
1543
1086
943
1215
1377
858
0
-352
-113
-100
-892
-1702
-1842
-1802
-2145
-2512
-2281
-2040
-2405
-2939
-2878
-2276
-1828
-1910
-2261
-2225
-1631
-1141
-1372
-1739
-1496
-909
-719
-859
-751
-516
-477
-584
-362
157
361
22
-308
209
1298
1855
1438
915
1233
2003
2398
2402
2655
3078
2955
2448
2469
3188
3307
2365
1554
1818
2413
2041
1069
474
538
670
486
118
-232
-517
-770
-733
-411
-176
-648
-1328
-1243
-400
182
-113
-516
-507
-288
-197
-137
-95
-344
-746
-839
-601
-608
-1104
-1621
-1674
-1444
-1321
-1332
-1370
-1462
-1661
-1658
-1244
-738
-610
-807
-738
-237
207
212
196
631
1095
960
665
1088
1877
1836
1044
849
1491
1854
1381
925
915
850
601
546
818
852
538
184
38
80
88
24
-44
20
14
-209
-408
-404
-505
-954
-1235
-914
-478
-729
-1464
-1780
-1519
-1323
-1437
-1450
-1343
-1552
-1937
-1813
-1104
-653
-948
-1443
-1393
-810
-345
-250
-233
-108
-62
-97
250
866
1005
486
206
700
1232
1122
749
769
989
1009
957
1123
1274
1141
1071
1432
1842
1648
1156
1203
1817
2151
1856
1531
1559
1592
1326
1047
1013
937
573
244
223
146
-420
-1111
-1287
-1051
-1025
-1410
-1746
-1734
-1621
-1743
-2007
-2058
-1782
-1398
-1121
-964
-935
-1011
-1041
-803
-318
91
192
83
105
304
377
195
109
390
650
486
153
95
132
-137
-454
-264
263
422
52
-284
-226
0
171
365
559
603
593
748
968
939
683
560
831
1315
1482
1037
401
281
648
804
502
167
-5
-249
-480
-349
-82
-292
-914
-1242
-1007
-663
-638
-912
-1227
-1348
-1197
-978
-992
-1187
-1255
-1119
-1017
-1056
-1084
-993
-889
-838
-674
-354
-176
-331
-442
-71
472
581
341
395
876
1275
1282
1131
1168
1414
1645
1698
1630
1512
1347
1158
1066
1078
1017
755
382
124
77
111
-7
-279
-437
-355
-264
-396
-581
-547
-336
-205
-228
-226
-73
64
-50
-290
-269
76
302
113
-175
-187
-54
-81
-186
-171
-163
-352
-563
-535
-428
-531
-708
-623
-362
-314
-513
-627
-473
-211
-98
-157
-184
-11
207
215
95
131
310
381
333
336
354
300
315
520
698
600
312
114
177
432
604
460
175
125
261
208
-28
-48
133
58
-251
-285
-50
-166
-711
-959
-617
-346
-642
-1063
-1037
-750
-696
-859
-874
-683
-542
-513
-424
-249
-130
-76
59
288
474
515
430
359
473
736
849
656
394
371
496
489
323
218
237
169
-63
-208
-58
185
176
-64
-196
-55
184
289
270
314
463
533
450
452
695
872
663
334
400
731
689
206
-80
100
245
0
-306
-360
-362
-522
-687
-687
-639
-683
-747
-730
-704
-744
-758
-625
-462
-457
-515
-395
-144
-36
-95
-90
64
209
221
128
53
104
247
318
278
283
341
251
58
85
357
493
327
133
140
228
225
170
170
180
63
-155
-260
-176
-133
-274
-379
-316
-312
-474
-511
-314
-187
-271
-325
-268
-240
-186
23
164
19
-109
120
467
529
363
290
367
435
439
439
402
251
42
-38
46
94
-42
-266
-410
-431
-393
-366
-417
-514
-491
-319
-174
-133
-48
115
148
58
140
441
636
611
586
650
646
569
569
647
657
530
359
237
209
204
112
-56
-202
-261
-261
-308
-494
-675
-605
-361
-341
-558
-597
-372
-289
-470
-529
-276
-19
-15
-128
-163
-100
-27
1
1
56
182
237
129
-8
31
193
235
117
60
155
187
27
-114
-17
170
130
-66
-132
-40
-45
-186
-231
-138
-110
-217
-296
-275
-231
-202
-192
-232
-256
-157
-49
-99
-151
36
291
273
93
96
270
355
366
476
541
361
131
189
428
437
160
-46
25
134
48
-100
-117
-111
-243
-338
-173
44
-69
-400
-431
-43
290
246
75
107
275
359
388
495
599
511
291
220
412
586
407
-13
-199
12
200
-2
-336
-392
-282
-359
-539
-504
-357
-455
-726
-722
-411
-252
-433
-592
-444
-179
-94
-169
-191
-84
51
93
68
99
192
180
9
-74
85
244
138
-63
-49
98
92
-47
-58
71
132
46
-24
24
93
78
30
46
75
13
-81
-50
69
79
-28
-76
-24
8
9
70
165
178
119
129
216
276
274
254
256
295
339
314
209
137
183
236
157
32
2
21
-45
-140
-166
-210
-356
-455
-333
-172
-238
-474
-580
-460
-279
-179
-180
-217
-188
-27
154
205
172
213
318
387
458
567
573
391
258
392
604
529
216
20
68
152
76
-78
-157
-200
-304
-417
-424
-349
-330
-403
-469
-453
-381
-314
-288
-296
-280
-184
-51
-1
-49
-65
22
105
98
103
164
149
21
-31
95
191
73
-133
-182
-81
-12
-64
-150
-197
-217
-227
-209
-139
-76
-91
-166
-193
-121
-37
-15
14
98
143
76
15
95
234
287
272
291
322
318
353
449
476
384
339
432
508
449
358
341
322
227
142
135
123
32
-56
-54
-31
-133
-347
-463
-338
-144
-138
-312
-421
-379
-334
-346
-287
-117
-19
-85
-164
-113
-17
-2
-12
85
232
242
86
-49
-34
55
83
65
54
-4
-150
-252
-178
-73
-145
-311
-316
-188
-187
-336
-374
-233
-144
-221
-265
-126
26
18
-59
-17
130
215
194
194
281
374
365
295
263
285
314
319
323
303
226
95
-4
8
85
80
-46
-167
-204
-230
-282
-284
-204
-178
-297
-405
-338
-201
-168
-214
-183
-79
-30
-44
-27
51
130
182
227
257
257
252
260
271
294
340
364
294
195
186
238
216
121
84
111
75
-37
-84
-48
-70
-178
-218
-142
-84
-141
-241
-269
-198
-99
-39
-49
-82
-59
17
61
43
67
171
231
161
80
113
174
121
28
60
149
95
-92
-199
-153
-130
-200
-231
-185
-206
-365
-474
-405
-287
-288
-357
-344
-269
-258
-306
-288
-168
-44
3
10
43
95
123
151
227
338
400
365
288
265
315
377
378
312
227
176
159
143
114
65
8
-53
-95
-103
-99
-130
-178
-187
-166
-176
-213
-195
-133
-126
-180
-159
-42
32
-18
-67
0
106
123
103
158
249
251
175
157
224
272
247
222
225
221
166
101
72
66
61
42
19
-15
-63
-111
-144
-148
-120
-84
-84
-120
-150
-141
-123
-106
-76
-19
10
-22
-54
-43
-17
-16
-7
31
37
-34
-110
-101
-53
-61
-120
-150
-134
-127
-154
-181
-196
-208
-210
-173
-133
-133
-167
-176
-138
-93
-62
-37
-21
-18
-7
46
114
127
97
103
176
232
225
214
243
267
237
205
239
291
279
198
133
125
137
133
100
44
-16
-60
-84
-95
-101
-102
-137
-207
-253
-223
-156
-137
-178
-202
-179
-143
-104
-53
-12
-11
-21
27
115
160
142
134
180
230
225
186
172
189
191
150
114
111
92
19
-53
-48
-16
-47
-136
-177
-142
-112
-141
-168
-141
-102
-97
-100
-68
-12
23
26
19
42
92
122
104
83
114
159
126
24
-21
43
99
30
-81
-102
-72
-112
-199
-205
-126
-121
-238
-302
-217
-145
-220
-311
-233
-72
-48
-151
-193
-102
-20
-29
-15
86
161
114
53
106
209
229
181
194
276
291
208
135
157
215
216
167
127
92
40
-11
-15
10
2
-50
-97
-99
-87
-110
-146
-139
-81
-28
-36
-90
-130
-112
-46
23
49
39
11
-15
-13
37
108
135
98
68
89
120
96
49
68
138
164
100
30
4
-2
-15
3
57
52
-57
-186
-196
-100
-30
-69
-140
-149
-125
-141
-175
-135
-39
11
-26
-50
-5
33
-1
-26
59
178
183
70
-4
31
74
54
32
56
52
-40
-127
-112
-52
-60
-134
-162
-115
-96
-149
-201
-167
-81
-42
-58
-69
-36
-4
6
24
75
133
142
109
103
145
191
187
145
137
170
181
142
96
86
93
68
9
-18
-1
14
-27
-88
-106
-78
-67
-100
-122
-92
-55
-69
-99
-91
-49
-34
-49
-46
4
39
7
-37
-16
40
55
29
25
55
62
23
-1
20
47
34
10
19
34
9
-39
-47
-11
13
9
-11
-28
-47
-54
-28
13
22
-7
-32
-32
-13
-3
1
5
8
10
18
28
29
14
2
25
59
70
38
1
-6
12
29
26
6
-22
-42
-47
-38
-30
-43
-66
-78
-65
-53
-59
-67
-63
-42
-14
6
5
-3
-6
7
37
65
69
55
37
34
46
61
72
70
60
42
27
23
30
40
36
24
12
-5
-23
-30
-24
-15
-16
-27
-27
-24
-37
-51
-40
-14
-1
-7
-9
-5
-11
-23
-12
27
49
26
-10
-9
18
27
10
2
11
16
2
-9
-5
-9
-29
-38
-13
9
-12
-62
-74
-47
-14
-9
-22
-38
-47
-45
-27
5
22
2
-19
-11
17
27
15
10
23
41
46
40
25
13
17
41
59
48
26
7
4
11
23
32
24
1
-19
-21
-6
0
-12
-19
-14
-6
-2
-16
-26
-16
5
19
18
8
-5
-2
10
19
26
29
21
8
-2
4
12
12
3
-7
-5
-2
-13
-27
-28
-18
-14
-20
-29
-33
-31
-34
-38
-31
-17
-15
-26
-34
-27
-14
-6
-6
-3
3
9
5
6
17
29
29
20
24
36
33
19
12
20
29
27
15
0
-4
-8
-8
-6
-6
-11
-21
-27
-20
-13
-15
-18
-14
-7
-5
-2
1
5
7
9
13
17
22
21
21
26
28
27
25
23
20
18
21
22
18
7
-3
-13
-18
-14
-9
-17
-32
-43
-47
-40
-38
-38
-35
-32
-34
-36
-30
-23
-15
-7
4
14
18
16
14
25
38
47
54
52
45
39
40
39
40
39
36
27
10
-3
-9
-10
-14
-16
-21
-34
-46
-51
-47
-44
-41
-40
-40
-39
-37
-33
-24
-15
-8
-3
3
6
10
11
19
25
31
28
26
27
23
19
15
12
10
7
1
-5
-10
-15
-22
-24
-18
-19
-23
-24
-27
-23
-16
-12
-8
-3
-1
2
8
18
25
30
32
34
35
35
35
39
42
42
37
29
24
18
14
15
13
5
-3
-10
-15
-14
-18
-21
-23
-26
-29
-31
-34
-33
-30
-30
-27
-27
-25
-22
-21
-15
-6
-5
-2
2
6
9
13
18
22
23
24
25
22
26
25
26
23
18
15
13
6
0
1
-3
-5
-12
-16
-20
-28
-31
-36
-38
-38
-39
-38
-36
-34
-32
-29
-23
-15
-7
-2
2
9
15
19
25
30
30
31
32
29
27
24
20
16
9
6
3
-6
-12
-14
-14
-15
-15
-17
-16
-17
-11
-4
-4
0
4
7
11
19
26
30
35
35
36
39
39
41
44
42
35
31
24
20
17
14
12
6
-2
-10
-16
-21
-26
-26
-31
-35
-34
-35
-34
-35
-33
-30
-28
-28
-28
-24
-24
-24
-17
-17
-14
-14
