SAMPLES:	7588
BITSPERSAMPLE:	16
CHANNELS:	1
SAMPLERATE:	16000
NORMALIZED:	FALSE
-5
-6
-12
-2
5
2
-1
1
-7
3
-8
0
-9
-1
-2
-1
-3
-6
7
-1
6
-1
-2
-5
8
-3
2
6
1
1
-9
3
7
-6
5
5
12
3
-2
-2
-4
10
0
-5
-3
7
2
10
3
22
-5
-26
-7
1
0
-30
6
12
-2
-4
-14
-9
19
57
-14
-38
6
41
31
8
-12
-32
-33
-42
9
7
73
3
-20
-115
55
39
37
-33
60
-9
-78
34
119
7
-134
-8
-48
-126
99
24
-80
48
180
-3
6
39
-114
-105
47
-230
-118
-30
154
132
255
121
-44
41
7
99
-156
-270
-148
71
-28
98
-78
16
-3
-82
-71
131
198
43
87
-192
-45
302
147
-57
-96
-212
-21
-89
-100
14
93
104
-182
-106
-228
202
316
99
2
-152
28
28
43
-175
89
-11
216
382
9
-472
-92
132
-365
-339
132
176
44
241
-58
-100
30
163
-88
169
193
-183
-284
-69
52
83
-89
-219
17
174
284
-206
-103
226
286
-112
106
32
-446
-252
156
300
-104
-64
-28
-82
200
464
147
-310
-79
-254
-494
95
445
317
-53
-165
-85
-106
-89
-27
-112
10
409
226
-410
-177
-48
-201
253
526
-67
-12
83
-528
-222
493
130
-310
153
-135
-222
236
90
126
312
-114
-539
-25
66
-276
79
147
166
554
289
-465
-380
-105
-103
121
186
101
29
70
-55
-210
-144
111
275
-26
-41
154
26
-47
93
-46
-231
-52
195
-86
50
-4
-437
45
215
-8
385
15
-609
48
590
219
-206
-379
-166
181
-89
-192
-64
-43
195
113
-38
-16
-189
-158
281
25
-594
-411
12
383
250
-63
323
588
285
-390
-389
82
139
57
73
293
87
16
462
115
-392
19
279
-471
-807
-154
-75
45
579
175
8
762
247
-416
281
-401
-541
-61
-701
-37
124
-271
167
-164
-695
-235
253
788
666
156
-84
-137
-50
-223
-493
-382
-63
-478
-559
296
370
-54
12
-65
298
770
570
365
-22
-487
-359
311
365
-86
-171
11
-244
-307
394
444
-188
-8
222
627
762
232
-189
-334
-371
-300
-506
-680
-399
-413
-186
883
1104
367
648
396
-106
71
115
-338
-435
174
273
-192
-593
-262
-393
-254
588
368
285
933
513
-3
-76
-146
-165
-352
-236
-9
96
-412
-147
246
-434
-7
95
-523
-449
-665
-832
-239
-209
-463
133
575
-116
-8
-14
-440
-113
167
-202
148
442
187
1066
996
-206
-162
-122
-673
-336
-338
-605
-148
315
604
1301
1473
1031
836
544
153
44
309
194
-276
-96
109
-553
-527
461
355
-278
-28
151
-234
-414
-27
158
-319
-231
211
-42
-458
-451
-862
-1347
-843
-310
-262
-237
147
352
105
251
402
316
502
527
-70
-558
-485
-338
-412
-505
-156
330
319
168
375
401
134
224
471
536
646
714
537
400
448
292
18
47
-79
-406
-259
-209
-325
-251
-160
-301
-443
-272
-228
-244
-30
202
229
203
139
15
15
87
98
84
-70
-248
-89
124
-152
-442
-252
-259
-303
-89
-177
-251
-54
-217
-504
-606
-595
-553
-540
-531
-664
-873
-852
-388
-197
-386
-106
64
120
445
447
185
-125
-426
-454
-283
-237
-286
-373
-404
-203
-216
-414
-299
-191
-300
-180
135
151
147
404
442
175
279
438
-107
-438
-240
-422
-623
-371
-242
-260
-45
240
485
613
808
1082
1223
1441
1726
1890
1932
2059
2005
1487
1160
1181
1114
866
751
949
1039
912
832
848
842
735
659
672
662
577
397
65
-323
-723
-1291
-1784
-1983
-2118
-2160
-2119
-1984
-1615
-1162
-789
-538
-422
-425
-457
-526
-740
-832
-879
-1171
-1425
-1497
-1429
-1438
-1533
-1364
-936
-579
-430
-249
-42
156
388
443
333
182
40
-182
-524
-696
-778
-1077
-1337
-1263
-1067
-890
-460
122
458
474
386
319
185
106
18
-218
-500
-645
-538
-329
-14
403
639
727
1066
1453
1465
1422
1469
1420
1329
1248
1184
1146
1233
1205
729
200
24
108
209
311
514
637
548
400
376
525
779
848
412
-91
-247
-233
-69
215
527
623
364
188
320
535
698
733
551
430
613
901
1049
973
902
791
381
-77
-206
-117
-243
-394
-328
-383
-385
-224
-267
-464
-616
-859
-1361
-1876
-1848
-1534
-1483
-1280
-884
-815
-988
-1077
-1049
-1210
-1526
-1667
-1822
-1889
-1572
-1175
-899
-649
-327
-44
-58
-77
4
-514
-1272
-1281
-929
-907
-912
-457
54
221
634
1267
1404
1323
1484
1548
1247
1021
1055
992
963
1324
1635
1533
1556
1776
1506
824
497
395
70
-51
249
447
419
489
627
463
68
-374
-1024
-1528
-1349
-865
-582
-163
475
765
861
1108
1011
429
19
11
-18
-167
-221
-273
-378
-389
-372
-375
-156
199
280
340
800
1265
1204
712
190
-177
-315
-176
-41
-49
83
197
-139
-419
-105
137
-160
-321
48
442
616
778
733
320
-155
-606
-1083
-1211
-884
-734
-829
-495
97
363
503
692
557
100
-269
-486
-699
-803
-681
-540
-272
141
315
310
442
624
375
-125
-409
-674
-886
-812
-615
-451
-283
-26
0
-243
-298
-174
-27
24
-189
-573
-600
-171
248
705
1290
1522
1098
567
461
421
172
69
52
-168
-153
144
330
428
640
774
357
43
157
87
-8
-14
58
170
504
1319
1686
1515
1490
1295
821
323
26
-308
-730
-744
-604
-564
-299
40
197
260
349
612
642
582
740
777
777
816
928
990
881
827
574
130
-44
-127
-149
-215
-349
-383
-540
-567
-616
-924
-1181
-1368
-1584
-1742
-1622
-1212
-870
-831
-894
-995
-1106
-1147
-1245
-1297
-1223
-1167
-1267
-1320
-1008
-790
-919
-1140
-1327
-1118
-857
-698
-557
-590
-420
-473
-674
-606
-398
-163
-190
-77
110
155
248
476
875
1335
1486
1174
927
1002
1251
1026
487
120
-270
-551
-696
-572
-232
5
-104
-619
-1334
-2054
-3488
-5688
-8635
-9190
-1899
10901
23170
29248
31129
32364
29734
23008
12996
3344
-5379
-14729
-21509
-24599
-22759
-17848
-13734
-10141
-6963
-3520
-1342
-1157
-536
208
33
-989
-950
1400
4598
6941
7937
7252
5169
1813
-2669
-7112
-10601
-13146
-15168
-15954
-14268
-10311
-6196
-2389
870
3366
4483
4390
4211
5689
11413
14761
13071
9218
4483
88
-6687
-11399
-12777
-13517
-11925
-9163
-4718
605
5520
8474
7642
6721
6359
4325
1583
244
-455
-2508
-4802
-5744
-5415
-4734
-3415
-2072
-770
1625
3916
5441
6399
7435
7488
5360
3328
2045
270
-1876
-3910
-5380
-6344
-6931
-6622
-6339
-5585
-4427
-4210
-5000
-6026
-7700
-8908
-1448
14973
28960
31648
27585
28485
29145
19964
5947
-4270
-9474
-16774
-24807
-25950
-20473
-12869
-8849
-7240
-3671
387
1923
-126
-970
1352
2258
1200
1726
6177
11539
13471
12236
9147
4559
-1646
-8903
-14854
-17944
-18938
-19310
-18308
-13990
-7158
-1338
2051
4459
6000
5848
3929
2161
2046
2446
2628
2724
3547
5085
5580
4414
2147
-251
-2755
-5901
-8385
-8637
-6921
-3147
2503
6607
8961
9420
7637
4745
328
-2769
-5334
-7400
-6737
-4770
-1756
848
3149
4928
4950
4989
4597
3725
3387
3296
2754
1421
304
-904
-2830
-4629
-5690
-6371
-6534
-5555
-3711
-1437
808
2734
3991
4228
4258
3603
2237
802
-752
-2119
-3685
-4430
-4704
-4991
-5383
-6650
-8926
-6786
7481
24743
31548
27001
23655
27120
22077
7333
-4652
-8853
-11399
-19699
-23985
-19016
-11136
-6333
-6950
-5515
-1303
-202
-2729
-5094
-1627
2977
3497
4460
8923
15397
17871
15189
10914
4793
-3056
-11736
-18547
-21253
-21023
-19803
-18008
-13800
-6994
-636
2760
4542
6097
6311
4898
3302
3715
5454
6398
6431
6074
5947
4757
1347
-2809
-6422
-9026
-11287
-12726
-11526
-7960
-3387
669
5918
12317
15416
14721
12239
9669
5847
-18
-5336
-8793
-10091
-9748
-8481
-6261
-2946
791
3323
4757
6488
8133
8119
6793
5589
4181
1853
-1205
-4071
-6296
-7938
-8935
-9149
-7690
-4668
-1392
1416
3712
5695
6359
5367
3851
2157
466
-1643
-3817
-4840
-4996
-5145
-5796
-7153
-7766
-8621
-2380
15269
29611
31860
23965
21363
24310
15316
885
-8308
-9044
-10386
-18605
-19858
-13391
-6358
-5076
-8983
-6919
-3117
-3805
-7018
-6556
1641
7658
8648
10983
16249
20671
17800
10725
4115
-3034
-11430
-19627
-23330
-21744
-18534
-16218
-13276
-7936
-1850
1830
2805
3770
5096
5507
5184
5341
7551
9831
9900
8175
5543
2923
-1439
-7181
-11437
-13515
-13635
-13344
-11841
-7624
-2134
2988
6268
10556
15012
15398
12554
10066
9587
6053
193
-4354
-7330
-8883
-10645
-10814
-9089
-5864
-1442
1698
4769
8368
11064
11033
8782
7129
4808
820
-3259
-5948
-7601
-8963
-9520
-9062
-6852
-3293
-126
2177
4328
6319
6512
5001
3638
2342
423
-2207
-4412
-5575
-5920
-6262
-6917
-7282
-6928
-7099
-5553
8449
26107
32767
26589
18733
22884
21459
7278
-5993
-10009
-7148
-13154
-21101
-17780
-9468
-4960
-10224
-12273
-5635
-2503
-5169
-7407
133
11158
13166
11812
14403
19863
19159
9943
1978
-2751
-9039
-18095
-23824
-21704
-16616
-14371
-13304
-9447
-3618
322
1105
1975
4768
6864
7288
7279
8996
11587
11265
8452
4587
828
-3336
-8961
-13311
-14865
-13831
-11791
-10134
-6410
-817
4681
7618
10270
14672
15871
13203
10063
8463
5125
-756
-6266
-9918
-11165
-11145
-9964
-7592
-3866
814
3946
6057
8264
10192
10042
7557
5464
3457
494
-3036
-6107
-7996
-9068
-9428
-8963
-6834
-2867
809
3203
5186
6966
7052
5183
3210
1420
-610
-2809
-4908
-6081
-6151
-6219
-6667
-7301
-6788
-6624
-5019
9461
26817
32767
26440
19073
23896
21827
6545
-7337
-10943
-7274
-13641
-21962
-18174
-9017
-4915
-11644
-13603
-5560
-1865
-5354
-7623
1809
14581
16255
13449
15677
21142
18697
7130
-1264
-4552
-10265
-19896
-24915
-20608
-14236
-12904
-12928
-8647
-2564
243
-357
1005
5306
7829
7954
8331
11160
13529
11521
7419
3067
-1254
-6378
-12135
-15268
-15335
-13106
-10220
-7756
-3892
1173
5623
7621
7854
10695
14914
14635
13296
11370
7005
1272
-6588
-11412
-14194
-14928
-12478
-9966
-4502
1661
6190
9249
10056
11237
10405
7358
4464
1940
148
-2757
-5771
-7849
-9353
-9918
-9753
-7954
-4210
158
3335
5669
7857
8545
7134
4286
1591
-902
-4002
-6467
-7905
-7622
-6732
-6703
-6720
-5902
-5664
-619
15962
30085
31626
22725
18842
24047
17413
1387
-9161
-7668
-4947
-15139
-21916
-15492
-6671
-8210
-17749
-15308
-4544
-2309
-7550
-6175
8948
20582
17683
13507
17696
22398
14360
394
-4641
-4692
-11473
-22256
-24246
-16178
-10806
-13390
-14320
-8477
-2487
-2388
-3750
936
8129
10554
9760
11248
15521
15689
9926
4108
62
-4124
-10239
-15177
-15471
-13020
-10057
-7988
-5606
-1677
2169
4542
5386
6524
11888
17609
18860
15623
9346
3859
-3504
-10650
-14610
-16417
-14653
-11602
-6886
-724
4469
8412
9217
9225
9774
9063
7168
4325
2486
927
-2157
-5800
-8957
-10837
-11567
-10928
-8134
-3519
1343
4705
6632
7982
8200
5990
2509
-499
-3048
-5180
-6762
-6626
-5768
-5245
-5350
-5701
-6023
-3297
11862
27325
30642
23138
16495
21821
18976
3704
-7748
-7453
-2051
-10215
-20040
-15512
-6545
-6634
-17429
-18493
-7086
-2192
-7020
-8064
5919
20812
19783
13462
15859
21395
15003
56
-6205
-4022
-8017
-18965
-23072
-15714
-8759
-11524
-15042
-10843
-4727
-3905
-5883
-1435
7556
11580
11124
11908
16046
16694
10277
3560
-563
-3897
-9109
-13980
-14164
-11525
-8762
-7172
-5932
-3330
-753
1086
2268
3971
7396
14549
22330
20889
14431
7041
-1129
-8624
-15490
-17225
-16422
-13068
-7006
-2060
3714
7620
8366
7419
6518
7615
7350
5895
4475
3343
1628
-2366
-6884
-10625
-12874
-13246
-11180
-6670
-1006
4106
6640
7790
8248
7085
3810
-257
-2676
-4638
-6655
-7019
-6277
-4733
-4361
-4903
-5734
-2137
14700
28555
29465
20930
15039
20251
15884
1539
-7708
-5411
435
-8126
-16995
-12577
-5616
-8392
-19991
-19916
-8394
-3622
-7734
-7165
7706
21986
20322
13706
15630
19685
12156
-2221
-6875
-2982
-5962
-15883
-19559
-13027
-7565
-11999
-16445
-13110
-7669
-6658
-7734
-1509
8553
12906
12310
12490
15946
15258
8056
1504
-1679
-3447
-7370
-11093
-10734
-8499
-6906
-6972
-7112
-5542
-3792
-2172
-326
2866
7595
15518
20886
17640
15088
10789
2871
-5457
-12515
-14069
-14947
-12753
-8221
-4554
1244
4023
4406
4753
5584
7310
6965
6878
6959
5874
3407
-962
-5147
-8717
-11769
-13257
-12080
-8584
-3678
655
3781
6525
7450
6885
4529
1529
-266
-2961
-5215
-5989
-6394
-5295
-4778
-4407
-4412
-904
15559
29082
29530
19889
12215
16858
13335
154
-7991
-4512
2778
-4502
-13306
-9950
-4517
-8555
-20977
-22107
-10551
-4396
-7190
-6010
8101
22030
20287
12811
13626
16432
9548
-3353
-7015
-1466
-2664
-11132
-15626
-11251
-7162
-12720
-17980
-15722
-10371
-8151
-8119
-1186
9049
13507
12295
10921
13220
12514
6299
763
-1030
-871
-3084
-6248
-6828
-6273
-6704
-8721
-10112
-8994
-6670
-4091
-1128
3007
9619
22321
25204
16876
9506
2053
-2327
-9190
-11914
-10535
-10135
-6079
-4975
-3046
510
715
459
284
4458
8940
9941
9767
8181
6134
2280
-3451
-8040
-10402
-11867
-11617
-9432
-5370
-793
980
2213
3237
4133
4771
2881
1692
382
-2333
-3889
-5219
-4445
-3718
-3671
-4455
3656
23448
32756
26266
11818
9069
13930
5225
-6762
-9181
889
5390
-5728
-10862
-5194
-1800
-12792
-25674
-19894
-6683
-3804
-8087
-2577
14364
22144
14266
8097
12038
13494
3343
-6579
-2694
4208
-624
-10402
-12624
-7423
-8975
-17827
-20246
-14836
-8974
-8727
-6839
2871
11186
11973
8226
8033
10746
8562
3726
1758
3235
3502
175
-2685
-3872
-5436
-8730
-11411
-10309
-6829
-3692
-1763
731
4723
7674
7825
6555
6685
7561
5570
2117
-2
-658
-1335
-3327
-4735
-4503
-3180
-1952
-1513
-136
2216
3587
3697
3618
4065
3920
2047
-253
-1555
-2245
-3283
-4967
-5652
-5007
-4258
-3670
-2514
-10
1962
2516
2766
2826
2273
323
-2152
-3402
-4383
-4736
-5226
-4856
-4613
1722
20485
32251
29074
14537
6823
11520
6580
-4431
-8721
-284
7319
-1805
-9957
-7079
-3317
-11469
-25134
-23013
-9140
-2623
-5912
-3896
9766
19327
13085
5336
8562
12597
6850
-2376
-55
8115
5177
-5321
-11684
-9538
-9955
-18000
-21157
-16286
-9505
-7697
-7384
-262
7121
8222
4885
3883
7336
8126
5993
5570
7426
8094
4830
739
-1690
-4146
-7497
-10421
-11366
-9636
-6871
-4265
-1859
1179
8781
14103
11670
7792
4343
1940
-608
-1984
-1266
-1498
-1721
-3264
-5304
-4815
-3420
-2590
-1692
1086
4843
6931
6958
6110
4772
2797
120
-2613
-3900
-4844
-6268
-7150
-6723
-4614
-3084
-2481
-1461
-37
1631
1696
1366
1397
699
-497
-1748
-2437
-1676
-1547
3190
19837
31330
27711
11832
2270
7153
5038
-3508
-6532
1809
9487
739
-8849
-8216
-5043
-11507
-23794
-21970
-7761
208
-3096
-3518
6333
13100
6532
-463
4467
11244
8803
1828
3757
11397
8725
-1948
-9156
-8413
-8780
-15871
-18803
-14288
-8902
-8776
-10528
-6042
-83
1065
-808
209
5541
8604
8042
8517
10688
10789
7229
3186
1314
-349
-2714
-3776
-4821
-5032
-4978
-5840
-5825
-4850
-1617
278
330
1873
2838
3134
2725
2272
2157
1301
1069
531
-308
23
591
464
353
1090
1896
1742
925
552
-64
-602
-1080
-2072
-2519
-2948
-3379
-3813
-3660
-2700
-2693
-2513
-1870
-1188
-506
-662
-684
-848
-589
539
1154
1391
3671
17734
31274
29199
13820
1293
5621
7057
-429
-4216
2300
9945
1564
-10632
-11444
-6293
-9573
-21180
-21278
-7850
1353
-2771
-6001
1397
7269
1987
-3966
3043
12834
11935
4804
4004
9983
7850
-1415
-6065
-3334
-2097
-8646
-12639
-9786
-7532
-10980
-15274
-12464
-6655
-4594
-4976
-2319
2744
4469
3179
4042
7942
9803
8814
8067
8386
7936
5498
3106
737
-1751
-4215
-6283
-6452
-5457
-4293
-4405
-5141
-4371
-3527
-2679
-875
1728
3573
3738
3764
3759
3157
2453
2203
2074
2104
2226
1866
1059
47
-922
-2028
-2655
-2244
-1974
-2214
-2663
-2755
-2707
-2871
-2701
-2530
-2363
-2003
-1598
-1351
-1279
-1347
-1390
-1356
-186
1272
2239
2936
13670
29314
30491
16271
1647
4850
10595
5216
435
4337
10794
2880
-11709
-14404
-7949
-7464
-17553
-19728
-7692
1693
-3696
-10711
-5732
535
-2496
-6688
1641
14103
14458
6424
2755
6722
6250
-753
-3072
1501
4360
-1036
-6457
-5838
-5611
-10545
-15319
-12986
-7499
-5439
-6173
-4806
-2382
-3072
-4721
-3247
1633
5074
6029
8180
10603
10886
8541
6056
5468
4255
2752
1751
1554
1217
-2143
-6181
-8063
-7648
-6665
-6126
-4292
-2296
-2044
-2394
-1427
860
2839
3884
4681
5423
5422
4332
2505
1488
1405
923
240
-128
-446
-1773
-3838
-4831
-4098
-2738
-1775
-1585
-1579
-1820
-2770
-3429
-3443
-2904
-2600
-2555
-2211
-1159
81
1603
2428
11250
24884
26267
14173
1965
6759
14914
12042
7669
9916
13821
5019
-9199
-12624
-6693
-5673
-14495
-17199
-8168
-1602
-8763
-16533
-12368
-5902
-6470
-7827
983
11155
9970
2189
-535
4518
6566
3610
3404
7876
9312
2876
-3074
-3520
-3028
-6567
-9227
-6402
-3331
-4229
-7785
-8763
-8275
-9164
-9067
-6227
-1770
381
196
1114
3568
4321
3678
4153
7209
10261
10341
9024
6891
4505
1737
-435
-489
-263
-1383
-3907
-5788
-6226
-6559
-6495
-4910
-2575
-1221
-499
403
1374
1741
1895
2522
3231
3868
3494
2121
763
-168
-717
-906
-117
543
-197
-1490
-2196
-2211
-1998
-1615
-1327
-1585
-2332
-3340
-3854
-4154
-3805
-3032
-1338
314
5367
17319
22183
13481
-159
-115
11861
16069
13075
12486
15871
11291
-1547
-7300
-1835
2914
-3892
-11260
-8094
-1953
-7125
-17641
-17363
-10332
-8162
-10342
-5781
2114
1482
-5799
-8674
-2321
4099
4973
4044
6114
7911
3831
-619
381
4278
3592
287
670
2059
-60
-4576
-6252
-5397
-4969
-5051
-4492
-4017
-5195
-6972
-8127
-4993
-886
120
-505
-479
2041
2295
2774
5355
6157
5021
4423
6322
6899
5109
2927
1173
-148
86
642
-478
-1320
-2449
-3821
-4141
-1929
257
-700
-1464
-1254
-1505
-1894
-1039
79
-87
-299
-374
-319
238
878
-203
-1333
-221
780
583
315
961
310
-1454
-1698
-1204
-1248
-1436
-1151
-915
-931
1516
11022
17071
11241
-920
-3454
7588
13873
10671
8385
11833
10262
-5
-5038
1402
7611
2058
-5624
-4230
691
-3676
-13070
-12914
-6164
-4336
-8405
-7296
-2089
-3471
-10361
-12028
-5005
992
905
-1306
-431
833
-1587
-3290
-59
5281
5530
2335
1679
2789
1425
-1159
-849
1220
2045
915
-376
-1822
-3547
-3443
-2355
-2141
-2612
-2527
-1782
-1902
-2349
-2310
-2097
-1375
177
1291
1458
1233
838
276
867
3223
4516
3460
1967
1045
457
510
1690
2599
2300
1686
780
-432
-698
-349
-830
-1516
-1270
-1012
-1984
-2742
-2324
-2005
-2115
-1838
-1253
-960
-1143
-1370
-1485
-1177
-522
-641
-1202
-702
233
852
1167
5830
13998
14519
5677
-2127
2917
13002
14269
9619
8985
10349
5171
-2159
-1046
6769
7386
-529
-5171
-2142
-706
-7480
-11702
-7431
-2870
-5476
-9096
-7110
-5677
-9527
-12556
-8240
-1673
-141
-3185
-5006
-3722
-3092
-3340
-1484
3138
5105
2363
36
1107
2415
1456
1669
3777
4817
3136
1070
-28
-233
1084
1257
128
-739
-372
-1263
-3317
-3258
-2042
-2257
-2830
-1704
-1806
-3596
-4116
-2544
-1147
-548
599
632
-214
-223
761
1602
2467
3287
2859
2266
2857
3439
2605
2208
2440
1582
139
-78
402
-163
-949
-1325
-1567
-2011
-2247
-2578
-2876
-2334
-2259
-2913
-2891
-2079
-2065
-2836
-2049
23
1615
5008
9676
9650
3769
206
5068
12178
13263
10790
9929
9235
5632
2234
4212
8880
8572
2956
-777
34
-319
-4579
-6633
-3881
-2525
-6000
-9195
-8497
-7902
-9894
-10626
-7781
-4890
-5377
-7871
-8739
-7254
-5569
-4515
-2745
-217
441
-1347
-2126
-66
2270
3062
3445
4129
3786
2470
1785
2984
4713
4981
4098
2708
2047
1463
629
491
1006
605
-780
-2062
-2681
-3205
-3695
-3177
-2590
-2699
-3263
-3637
-3402
-2798
-1882
-974
-346
43
199
190
582
1405
2277
2800
2827
2762
2452
2088
1972
2032
2033
1700
1107
681
463
213
-11
-277
-771
-1648
-2595
-3023
-3127
-3209
-3276
-2760
-1917
-218
2826
5040
3927
433
431
5345
10014
10260
8335
7606
6829
4939
4619
7771
10259
8099
3628
1591
2189
1509
-340
-750
61
-1247
-4582
-6305
-5890
-6077
-7511
-7538
-6044
-5723
-7805
-9686
-9357
-7851
-6652
-5766
-4416
-3802
-4745
-5817
-4796
-2015
157
854
974
1089
917
870
1727
3250
4483
5047
4840
3562
2268
2454
3849
4526
3889
3048
1813
268
-536
-144
283
-225
-970
-1829
-2760
-2959
-2546
-2402
-2615
-2526
-2337
-2509
-2346
-1646
-1021
-512
-59
14
-282
-132
648
1361
1906
2187
1868
1170
1051
1506
1790
1926
2016
1769
992
297
-26
-262
-326
-439
-951
-1672
-2235
-2422
-2313
-1131
1845
4197
3243
-286
-1449
2168
6618
7661
6427
6050
5672
3892
3096
6022
9191
7930
4111
2293
2961
2498
969
1068
2147
1106
-2232
-4449
-4355
-4248
-5361
-5822
-4852
-4440
-6142
-8112
-8037
-6917
-6404
-6240
-5449
-4940
-5752
-6629
-5832
-3755
-2112
-1495
-1344
-1225
-1257
-973
88
1546
2790
3565
3862
3008
1911
2224
4011
5284
4738
3436
2372
1730
1556
2144
2642
2069
401
-1178
-1606
-1075
-370
-415
-869
-1493
-2142
-2546
-2200
-1272
-969
-1397
-1755
-1576
-1363
-1109
-688
-111
312
331
157
6
369
1004
1462
1672
1713
1506
1081
840
855
1005
846
418
-114
-537
-786
-1060
-1167
-994
-454
1658
4431
3986
-190
-2623
1117
6292
6813
4983
5103
5056
2207
763
4688
9285
7950
3119
1079
2209
2508
1384
2080
3649
2110
-2277
-4555
-2964
-1790
-3251
-4405
-3720
-3976
-6489
-8109
-6921
-5357
-5438
-5864
-5393
-5088
-6035
-6919
-6036
-3965
-2532
-2343
-2352
-2205
-2391
-2351
-1124
881
2181
2472
2179
1394
903
1891
4047
5336
4854
3370
1892
1281
2015
3369
3807
2980
1472
-79
-930
-346
869
1005
64
-926
-1497
-1656
-1179
-432
-349
-1056
-1748
-2049
-1907
-1322
-824
-695
-779
-753
-774
-749
-312
327
825
984
1063
1171
1171
1048
978
1138
1163
740
112
-217
-366
-656
-937
-655
-243
540
3023
4535
2269
-1670
-1639
3211
6446
5663
4669
5031
3611
731
1416
6147
8577
5603
2022
1629
2398
1563
1195
2994
3669
604
-3250
-3537
-1678
-1565
-2977
-3195
-2953
-4561
-6917
-7091
-5339
-4681
-5443
-5941
-5645
-5774
-6461
-6139
-4569
-3273
-3208
-3458
-3183
-2725
-2610
-2059
-785
277
440
291
450
804
1247
2204
3255
4404
6193
5177
1820
37
1874
4601
4856
4551
3528
166
-2506
-793
2474
3202
1470
-227
-1809
-3009
-1385
1119
1773
324
-1655
-3014
-3137
-1636
-83
-127
-1107
-1849
-2408
-2058
-759
564
796
1
-402
-202
565
1161
1306
1418
1168
462
-60
168
266
-302
-759
-264
-50
-137
1967
4330
3392
-350
-1780
1582
5096
5517
4728
4868
4234
1694
658
4034
7899
6922
2928
1136
2097
1833
832
2257
4163
2229
-2356
-3847
-1867
-741
-1763
-2484
-2481
-3742
-6028
-6826
-5269
-3880
-4429
-5972
-6441
-5861
-5969
-6254
-5259
-3567
-3241
-4089
-4103
-3058
-2404
-2307
-1633
-614
273
635
548
338
536
1796
3040
3624
3646
3124
2336
1891
2619
3861
4118
3291
2126
1082
812
1293
1974
2078
1191
116
-674
-822
-294
274
423
-119
-963
-1411
-1222
-767
-549
-639
-825
-1114
-1405
-1303
-778
-140
129
60
-35
-15
175
355
501
711
887
799
540
230
8
-363
-613
-526
-294
-207
149
1760
3004
2118
-307
-880
1641
4080
4525
4347
4702
3797
1425
886
3955
6877
6133
3617
2292
1903
829
578
2412
3838
2148
-1137
-2545
-2022
-1731
-2092
-1992
-1918
-3235
-5329
-6040
-5044
-4285
-4726
-5375
-5332
-5314
-5902
-6001
-4912
-3789
-3810
-4172
-3654
-2799
-2528
-2337
-1324
-222
-10
-279
-27
704
1167
1539
2170
2755
2624
2125
2036
2399
2703
2751
2819
2727
2379
1877
1621
1706
1762
1574
1135
790
603
394
190
192
302
164
-279
-619
-604
-523
-494
-538
-538
-598
-789
-852
-711
-453
-350
-332
-296
-160
-57
-36
47
95
215
255
193
151
224
150
-93
-246
-214
-273
-325
1040
2874
2918
816
-666
797
2882
3484
3564
4416
4437
2271
555
2205
5238
5791
4180
2890
2449
1178
-119
711
2584
2679
323
-1726
-2031
-1880
-2273
-2451
-1926
-2043
-3576
-5209
-5241
-4395
-4159
-4589
-4771
-4586
-4928
-5418
-5115
-4130
-3590
-3790
-3766
-3103
-2402
-2060
-1584
-967
-617
-537
-250
444
1032
1383
1623
1693
1685
1862
2266
2561
2494
2356
2287
2115
2076
2250
2334
2056
1623
1414
1257
1090
1101
1147
864
354
86
123
127
-4
9
-3
-283
-641
-661
-374
-290
-402
-436
-392
-428
-496
-354
-139
-120
-196
-209
-45
97
102
98
134
201
199
118
52
27
-197
-339
-279
437
1816
2612
2096
513
-72
1001
2219
2868
3492
4137
3448
1569
811
2242
3727
3782
3122
2611
1951
584
-84
598
1429
1068
-287
-1172
-1423
-1639
-1980
-2089
-2119
-2537
-3351
-3885
-3676
-3404
-3625
-4301
-4608
-4443
-4327
-4125
-3712
-3285
-3384
-3672
-3450
-2739
-2074
-1581
-1111
-892
-902
-878
-445
207
755
1269
1585
1515
1339
1364
1637
1928
2120
2354
2290
1967
1816
1905
2016
1894
1744
1713
1578
1322
1143
940
705
501
441
493
397
271
99
-87
-133
-95
-48
-110
-208
-239
-300
-374
-332
-203
-122
-161
-186
-114
-29
-9
-5
24
44
81
112
86
16
22
-23
-168
-319
-329
-253
-220
590
1869
2296
1291
89
422
1306
1676
2032
2963
3470
2340
886
993
2207
2657
2236
1946
2023
1475
403
202
787
1062
242
-710
-864
-731
-944
-1436
-1689
-1876
-2430
-3172
-3315
-2941
-2756
-3143
-3708
-3827
-3775
-3650
-3365
-2887
-2615
-2826
-3064
-2925
-2475
-2043
-1551
-1137
-924
-911
-823
-487
-153
237
587
805
894
1033
1264
1391
1489
1742
2015
2018
1984
2090
2104
1901
1766
1881
1832
1531
1392
1382
1180
836
741
848
763
527
345
225
62
-67
-66
26
31
-126
-292
-333
-248
-195
-109
19
92
43
-82
-148
-118
26
91
77
63
74
45
-70
-109
-109
-101
-120
-124
-215
-391
-528
-319
572
1459
1583
825
256
538
939
1127
1498
2300
2577
1780
944
1151
1786
1801
1501
1544
1755
1368
789
695
770
513
-113
-500
-549
-647
-905
-1229
-1491
-1833
-2368
-2779
-2719
-2448
-2444
-2797
-3148
-3285
-3374
-3293
-2940
-2559
-2470
-2634
-2681
-2557
-2308
-1901
-1443
-1197
-1196
-1115
-796
-438
-142
183
494
716
913
1218
1512
1635
1698
1762
1815
1877
2015
2168
2158
1989
1837
1691
1541
1454
1401
1298
1037
798
695
643
595
463
286
126
20
-14
-46
-76
-46
-27
-59
-74
-63
6
40
57
93
69
84
152
213
231
186
168
144
35
-41
-44
-1
41
25
1
-119
-358
-505
-485
-412
-468
-554
-190
566
1007
725
195
236
623
659
602
1120
1900
1881
1124
833
1273
1492
1170
1020
1352
1423
868
425
548
734
381
-278
-612
-645
-769
-1020
-1142
-1176
-1522
-2141
-2477
-2374
-2225
-2335
-2543
-2629
-2685
-2749
-2661
-2392
-2165
-2183
-2297
-2206
-1921
-1607
-1333
-1115
-962
-845
-648
-343
-30
291
619
855
967
1057
1232
1434
1526
1539
1569
1604
1577
1506
1471
1432
1315
1203
1166
1135
1034
912
823
744
695
676
628
539
444
387
399
428
376
241
165
207
224
212
305
461
471
284
153
177
214
185
191
313
365
184
-52
-72
83
131
4
-93
-121
-219
-371
-406
-301
-266
-436
-648
-718
-708
-796
-804
-322
445
767
398
-10
65
250
205
320
892
1400
1252
819
816
1132
1195
987
935
1045
913
544
376
512
553
210
-291
-577
-664
-765
-918
-994
-1054
-1347
-1792
-2027
-1956
-1886
-2007
-2152
-2170
-2166
-2198
-2142
-1952
-1766
-1709
-1690
-1579
-1377
-1120
-823
-546
-365
-256
-114
39
164
359
626
796
810
825
928
966
923
960
1074
1113
1070
1080
1126
1075
977
955
990
1019
1010
969
907
871
875
830
762
784
821
730
596
571
571
438
313
391
507
439
310
316
374
338
306
362
381
262
133
121
148
85
-68
-205
-278
-342
-449
-515
-463
-403
-480
-638
-720
-705
-681
-655
-612
-610
-702
-834
-917
-920
-791
-462
-14
284
287
188
232
373
473
582
803
1013
1026
948
1007
1131
1088
887
762
760
699
519
390
384
328
70
-259
-436
-491
-619
-861
-1051
-1140
-1285
-1493
-1567
-1449
-1361
-1448
-1563
-1550
-1478
-1436
-1380
-1243
-1101
-1049
-1051
-1015
-896
-740
-599
-461
-327
-235
-199
-158
-4
242
414
441
421
466
539
597
701
848
939
921
879
913
1014
1113
1116
1047
1034
1094
1069
939
865
909
889
761
734
823
841
720
635
666
685
634
556
481
416
331
221
140
135
147
61
-85
-158
-183
-247
-298
-276
-265
-394
-561
-607
-570
-570
-601
-590
-579
-648
-733
-723
-640
-570
-535
-511
-508
-534
-523
-436
-337
-295
-277
-226
-144
-45
89
238
333
364
394
463
547
621
688
754
791
757
664
611
650
701
652
534
448
396
327
247
186
107
-29
-190
-322
-437
-574
-717
-829
-929
-1035
-1133
-1186
-1219
-1293
-1377
-1390
-1315
-1233
-1185
-1091
-956
-882
-855
-773
-622
-489
-408
-287
-126
-37
-5
75
211
311
339
389
507
603
644
664
692
755
827
902
989
1040
1042
975
881
853
869
878
876
836
787
727
644
588
518
418
336
284
279
275
223
176
134
86
80
92
98
81
3
-60
-99
-125
-110
-123
-162
-185
-249
-309
-345
-345
-289
-272
-282
-271
-292
-346
-422
-474
-433
-373
-345
-311
-313
-356
-413
-436
-355
-247
-193
-159
-139
-130
-123
-110
-37
73
146
214
302
392
442
407
348
344
383
446
463
409
352
284
187
99
39
19
-39
-159
-228
-233
-238
-281
-352
-393
-432
-495
-534
-535
-520
-514
-527
-527
-520
-545
-585
-593
-533
-451
-422
-416
-389
-354
-328
-300
-231
-139
-89
-70
-18
54
98
105
135
214
268
273
288
333
382
397
390
370
324
288
320
415
504
542
533
524
515
496
473
461
464
476
502
529
525
473
408
374
365
346
302
261
231
195
163
162
184
187
163
127
85
32
-24
-67
-110
-176
-241
-263
-250
-247
-299
-387
-473
-533
-557
-536
-474
-405
-378
-385
-367
-330
-297
-280
-265
-249
-250
-258
-237
-185
-140
-113
-92
-71
-62
-53
-32
5
30
43
59
88
127
170
232
277
269
218
179
189
209
202
176
170
171
147
92
44
17
-10
-42
-60
-60
-78
-134
-190
-200
-168
-141
-149
-176
-204
-232
-252
-247
-240
-239
-238
-226
-207
-204
-233
-263
-276
-288
-299
-294
-271
-242
-199
-141
-94
-84
-90
-68
-6
76
141
196
220
208
194
236
328
378
380
401
449
472
479
511
560
580
552
516
494
486
467
429
407
397
329
231
204
209
155
87
48
-5
-80
-119
-139
-191
-218
-199
-187
-213
-218
-203
-231
-294
-305
-267
-234
-211
-230
-277
-270
-207
-197
-201
-146
-110
-146
-159
-106
-42
-7
-25
-60
-38
12
20
23
55
62
28
14
44
65
58
48
54
43
-2
-58
-110
-142
-97
-18
0
-23
-40
-73
-108
-97
-72
-81
-97
-66
-22
-13
-31
-47
-69
-112
-129
-108
-73
-60
-101
-159
-180
-161
-147
-137
-119
-120
-156
-172
-139
-98
-78
-77
-81
-67
-33
-2
29
74
107
112
141
197
244
254
260
289
308
313
334
374
385
354
306
278
270
250
200
148
125
109
71
44
48
28
-42
-106
-113
-85
-54
-28
-23
-51
-93
-117
-101
-60
-30
-53
-108
-138
-128
-113
-91
-47
-20
-28
-34
-23
-23
-33
-23
30
99
140
155
147
128
116
111
120
151
160
110
60
40
5
-46
-58
-49
-71
-113
-127
-109
-93
-102
-116
-114
-116
-135
-149
-142
-142
-152
-152
-132
-129
-150
-177
-184
-181
-168
-172
-178
-163
-139
-116
-104
-94
-104
-105
-91
-67
-79
-102
-114
-122
-142
-119
-36
12
35
62
88
98
89
72
112
193
250
273
279
279
269
229
211
275
286
245
245
236
150
102
92
68
44
23
33
24
-12
-47
-38
-51
-45
-34
-55
-58
-39
-50
-48
18
27
-13
-36
-32
-42
-50
-34
13
5
-62
-66
-30
-22
-2
78
95
79
83
80
73
100
102
85
136
162
77
6
31
46
33
40
28
-15
-78
-91
-85
-94
-104
-108
-76
-43
-45
-110
-95
-42
-58
-109
-109
-83
-103
-99
-95
-75
-110
-169
-176
-158
-163
-232
-191
-134
-102
-136
-177
-204
-214
-175
-196
-139
-133
-127
-127
-23
33
-59
-104
-132
-74
2
113
101
97
177
198
207
215
202
131
207
326
380
397
375
317
293
327
234
167
195
234
217
234
236
111
41
47
20
-30
-7
26
3
-12
-15
-96
-182
-149
-108
-106
-104
-105
-141
-171
-147
-178
-186
-108
-59
-59
-34
31
7
-73
-53
-38
-79
0
98
29
25
74
-12
-47
-10
-63
-136
-71
-8
-71
-68
36
-30
-150
-14
38
-22
48
56
-9
9
22
3
65
54
30
125
117
13
-19
-44
-112
-80
7
-48
-62
-41
-66
-52
-40
-58
-141
-141
-137
-147
-48
-85
-169
-38
-24
-149
-46
-19
-157
-57
-17
-85
-103
-141
-137
-133
-124
-18
-4
-94
108
116
-102
-70
151
164
195
212
244
285
166
162
183
123
49
197
245
293
321
189
217
175
237
174
170
188
303
292
139
180
86
29
-26
139
15
-139
-123
-77
-121
-132
-59
-149
1
-80
-43
-19
-83
-212
-258
-152
-188
-68
-109
-18
-73
-118
-215
-235
-149
-180
-126
-30
28
-208
-151
2
-3
-80
-48
-143
-302
-251
-215
-159
-196
-66
-60
-39
-128
-114
-49
-98
-9
130
155
106
234
182
310
267
123
121
143
56
84
167
24
128
78
86
67
100
-73
-231
-41
-141
30
53
22
-15
9
-159
-331
-245
-188
-73
-120
-59
2
-47
-100
-113
51
95
-85
80
229
43
-31
114
185
152
221
158
178
296
185
140
199
110
182
346
251
290
267
128
193
229
30
50
77
125
66
112
79
-166
17
61
15
21
-42
3
-67
-225
-287
-236
-183
-259
-93
-120
-289
-185
-231
-283
-183
-226
-188
-53
-144
-92
-110
-233
-220
-149
-118
-244
-140
-10
-81
-204
-211
-118
-130
-140
-60
145
-41
-8
104
53
33
27
38
14
149
57
-12
120
283
119
96
47
-82
48
216
237
137
184
192
48
64
150
86
123
212
15
-91
104
38
-81
-138
-17
-48
78
87
-67
-55
-137
-68
-58
0
-50
-153
-235
-122
12
72
138
215
236
121
102
128
143
174
292
255
190
164
87
39
51
-13
-33
-32
-25
76
-39
-76
-49
-22
48
220
132
-111
-127
-37
90
64
0
-97
1
-8
-74
-86
-77
-157
-242
-162
-104
-96
-168
-152
-165
29
23
-184
-307
-294
-263
-271
-208
-185
-179
-78
208
190
83
-14
-175
-208
-80
-36
-66
72
123
45
22
55
-58
-154
-145
-160
-188
-77
36
139
273
271
239
181
102
52
4
-73
-44
140
287
400
445
181
-83
-152
-201
-51
106
30
45
235
168
1
2
-92
-284
-141
69
18
-29
-12
-48
-98
1
21
23
70
90
43
66
168
154
124
91
113
174
256
306
251
140
167
114
-37
-28
-66
-134
-16
72
22
49
-24
-217
-281
-232
-224
-121
4
19
26
-46
-150
-242
-285
-208
-102
-96
-170
-197
-197
-209
-189
-54
1
-68
-38
-60
-74
-89
-81
15
49
15
-1
38
115
196
131
63
30
31
58
51
76
72
-20
-61
29
-3
63
208
11
-53
40
-152
-210
39
42
-30
-107
-268
-200
-226
-104
96
10
72
233
-16
-260
-99
-78
-70
151
257
280
276
107
113
183
189
357
235
11
201
284
92
167
384
249
101
250
200
-136
-362
-420
-310
-107
-31
34
37
-110
-214
-321
-467
-573
-503
-244
-70
-62
60
228
116
-64
-86
-48
18
47
40
241
444
339
226
212
143
5
-40
-77
-128
-59
-20
13
114
104
-52
-98
-25
-48
-177
-129
62
80
27
106
162
62
-7
-51
-61
19
52
17
18
32
-21
-54
-76
-71
-35
-45
-113
-140
-110
-93
-129
-155
-104
-108
-169
-176
-137
-159
-186
-153
-116
-60
-29
-30
-25
46
72
0
-7
19
-34
-8
221
263
94
165
278
205
231
199
39
58
151
134
87
85
132
184
110
-37
-81
-136
-177
-74
47
192
260
177
159
118
-38
-99
-16
0
-51
23
84
58
47
-6
-52
-33
1
-2
-5
8
-74
-141
-159
-251
-197
24
99
3
-78
-114
-134
-141
-189
-138
-9
-38
-10
114
-53
-297
-271
-209
-226
-117
136
257
196
9
-187
-124
8
85
223
250
168
232
270
29
-97
-6
-59
-55
60
60
16
-14
-4
42
-15
-144
-90
-3
-103
-183
-88
87
121
36
52
97
48
-1
-16
-140
-154
94
193
65
36
118
46
-63
-25
-16
-54
-55
50
136
37
-16
73
51
-42
0
-17
-36
85
54
6
136
201
178
190
79
-91
-92
3
115
160
119
118
128
135
105
-85
-243
-214
-205
-130
92
56
-86
-65
-141
-232
-177
-233
-335
-123
73
-15
-15
31
-132
-245
-143
-125
-185
-70
48
31
43
51
-75
-149
-53
42
131
255
293
212
93
6
6
95
186
221
208
227
235
125
4
-52
-71
-10
101
130
40
-90
-120
-14
8
-71
-87
-122
-154
-72
-32
-59
17
61
-22
-58
-83
-142
-111
-61
-68
4
108
99
62
79
20
-83
-8
99
-7
-131
-86
-15
8
42
67
67
64
53
1
-68
-111
-126
-58
52
66
14
15
27
14
13
9
12
42
68
83
95
115
166
188
154
129
116
79
18
-41
-61
-64
-84
-53
-2
-59
-141
-132
-144
-243
-320
-297
-210
-122
-48
8
12
-24
-48
-61
-73
-43
24
52
58
118
192
186
140
127
115
77
69
70
43
16
12
52
139
168
126
133
132
34
-17
-8
-88
-153
-48
83
119
134
126
21
-97
-141
-174
-244
-286
-221
-63
102
176
121
-16
-139
-216
-257
-235
-133
-11
100
193
195
100
-7
-106
-172
-155
-122
-98
8
122
128
86
59
3
-50
-26
15
3
-1
42
62
63
115
206
262
253
213
152
66
-15
-53
-30
10
56
132
162
99
13
-48
-124
-223
-265
-231
-196
-169
-107
-36
-12
-32
-95
-201
-275
-249
-163
-78
-22
14
46
71
72
48
34
33
16
3
29
57
55
60
85
79
49
41
32
21
39
85
127
124
79
42
18
-8
2
61
104
124
137
113
46
-14
-48
-35
-5
10
41
85
92
48
-9
-46
-46
-15
-2
-16
-28
-37
-47
-35
11
48
41
16
-5
-38
-78
-103
-112
-96
-74
-81
-90
-46
23
33
-5
-24
-45
-98
-141
-102
-25
11
34
79
97
52
-30
-102
-109
-28
69
113
104
63
6
-34
-27
-4
6
1
-3
-4
4
-3
-22
-2
57
86
36
-48
-108
-144
-162
-149
-85
-2
47
48
41
32
-10
-72
-99
-74
-25
20
61
109
156
166
119
53
8
-30
-56
-32
16
45
63
82
94
97
77
34
-9
-35
-42
-52
-64
-52
-10
47
87
86
52
15
-18
-46
-60
-35
2
22
43
79
102
75
17
-32
-53
-62
-62
-31
27
63
59
53
42
5
-52
-80
-61
-22
-1
-1
1
7
10
6
0
-14
-34
-42
-34
-20
-14
-14
-7
7
21
24
6
-25
-45
-45
-33
-27
-19
3
22
24
3
-31
-50
-53
-41
-26
-9
-8
-33
-64
-72
-44
2
39
54
37
-1
-56
-100
-105
-68
0
69
117
127
88
21
-49
-84
-76
-36
21
75
114
124
107
67
19
-24
-56
-62
-44
-10
33
69
92
93
60
10
-43
-76
-77
-58
-29
1
26
34
24
12
8
6
7
8
4
0
1
8
29
58
76
76
54
22
-18
-50
-53
-31
10
53
77
70
34
-16
-68
-96
-88
-62
-24
11
30
26
7
-19
-45
-62
-71
-71
-56
-33
-15
3
11
12
0
-18
-40
-56
-60
-50
-28
-8
13
25
22
10
-1
-14
-23
-23
-17
-17
-15
-14
-14
-7
2
4
0
-1
-12
-22
-25
-25
-21
-10
6
23
31
38
37
30
14
0
-4
0
18
49
77
90
93
76
48
22
3
-3
2
11
17
13
2
-15
-25
-28
-20
-6
10
19
14
-1
-21
-35
-44
-39
-27
-12
8
15
22
24
19
12
8
2
-4
-10
-17
-20
-19
-15
-14
-12
-13
-18
-24
-30
-32
-32
-27
-17
-6
4
17
27
28
26
17
2
-8
-15
-11
-5
7
19
22
25
19
7
-7
-20
-28
-34
-37
-37
-33
-31
-27
-26
-28
-35
-37
-34
-33
-27
-19
-13
-9
-1
4
8
5
3
4
4
2
4
6
9
20
40
57
68
71
66
54
38
24
14
13
15
23
33
44
47
40
24
0
-23
-42
-49
-43
-31
-16
-7
-4
-10
-20
-27
-33
-35
-27
-15
-4
8
17
24
26
24
19
15
8
3
1
-3
1
5
11
15
13
8
2
-6
-13
-15
-16
-14
-13
-13
-13
-12
-7
-8
-5
-2
-5
-7
-5
-6
-7
-8
-6
-6
-7
-7
-12
-8
-3
0
4
6
4
1
-2
-7
-9
-10
-7
-5
-3
-2
-5
-7
-9
-11
-17
-16
-12
-9
-5
-3
-3
-5
-7
-3
-5
-6
-5
-5
-5
-4
-2
0
3
8
10
14
12
10
9
7
6
6
3
5
7
3
1
2
0
-4
-3
-5
-7
-4
-2
0
1
5
8
10
9
9
9
6
7
9
14
18
23
23
21
16
11
9
5
8
12
15
16
12
5
1
-4
-6
-6
-5
0
-1
-1
-4
-9
-10
-13
-12
-7
-8
-10
-9
-13
-14
-16
-15
-11
-8
-4
-5
-5
-4
-6
-7
-9
-8
-9
-8
-8
-7
-7
-7
-7
-8
-8
-8
-7
-6
-9
-10
-13
-12
-12
-12
-13
-12
-9
-7
-9
-4
-2
-2
-2
-3
-1
1
2
5
7
9
12
13
15
14
15
13
15
12
13
15
14
15
17
15
13
13
10
7
2
1
0
-3
-1
-1
1
4
4
4
5
2
1
2
4
7
13
16
16
16
14
10
7
4
3
3
1
4
2
0
1
-2
-2
-4
-8
-10
-15
-14
-15
-14
-12
-10
-7
-7
-6
-6
-7
-5
-4
-2
-2
-2
0
-2
-2
-3
-5
-7
-12
-14
-15
-14
-15
-12
-11
-11
-6
-5
-4
-6
-8
-13
-14
-17
-17
-17
-16
-11
-6
-1
1
2
0
-2
-1
-4
-2
-3
-1
4
8
12
11
12
13
12
12
9
8
11
10
10
12
12
17
13
13
14
11
8
4
2
2
7
7
10
12
12
12
10
7
3
0
-2
0
-3
-2
2
3
6
6
7
7
5
3
-1
-2
-4
-4
-5
-2
-1
2
4
2
0
-1
-4
-6
-6
-4
-4
-2
-3
-1
-5
-5
-2
-5
-5
-6
-9
-10
-11
-11
-9
-11
-13
-12
-9
-9
-10
-10
-11
-15
-14
-13
-12
-9
-6
-6
-3
-3
-4
-3
-4
-6
-3
-5
-1
-1
-2
0
0
1
2
3
3
5
4
5
5
8
9
8
9
9
8
9
12
13
14
14
14
9
8
7
7
6
4
8
8
10
9
7
7
5
4
1
2
4
0
0
2
0
0
0
0
2
0
-2
-1
-2
-2
-2
-2
2
0
0
0
0
-2
-4
0
-3
-3
-1
-1
