SAMPLES:	5867
BITSPERSAMPLE:	16
CHANNELS:	1
SAMPLERATE:	16000
NORMALIZED:	FALSE
2
-1
1
1
3
5
8
1
-2
-1
-2
-1
0
-1
0
0
-1
-1
2
5
2
0
0
-2
-2
-2
-8
-8
-7
-5
0
0
2
3
1
1
1
0
1
0
0
-2
-2
-7
-7
-2
-4
-4
2
0
2
4
5
6
6
4
-1
0
-2
-3
-3
2
-1
4
7
1
3
-3
-5
-7
-8
-6
-3
-1
-7
-7
-6
-3
0
1
8
11
11
10
11
13
8
5
5
4
4
7
5
1
5
6
1
0
0
0
-3
-3
-6
-8
-3
1
5
2
7
7
10
10
7
3
-3
-8
-6
-2
-4
-9
-9
-12
-9
-4
1
6
4
1
0
0
-3
-2
0
-1
-2
-5
-9
-9
-8
-5
-8
-10
-6
-8
-6
-1
3
2
3
4
12
15
16
13
9
8
3
0
-1
-2
-6
-4
-4
1
10
11
18
14
7
4
0
-1
-1
-6
-6
-7
-12
-13
-15
-15
-10
-9
-7
-4
0
6
11
11
10
8
5
5
5
-2
-2
-3
-1
-2
-1
3
7
7
6
8
8
4
-1
-4
-2
-2
4
7
5
8
10
4
-2
-7
-7
-1
-1
1
0
-4
-13
-15
-14
-12
-4
-8
-16
-12
-16
-16
-12
-5
4
9
10
5
0
-1
-4
-3
7
10
14
12
10
10
10
10
6
6
4
1
0
4
10
9
9
14
11
6
0
-7
-4
-5
-4
-4
-7
-2
0
-2
-6
-6
-5
-6
-4
-2
3
8
8
5
0
-3
-4
-4
-2
-7
-3
-6
-15
-14
-20
-22
-24
-20
-10
0
5
7
9
3
3
5
7
13
22
31
34
31
24
11
4
-2
-2
-1
1
0
-5
-13
-22
-27
-26
-23
-25
-26
-29
-26
-20
-7
5
16
24
21
17
10
9
5
15
25
29
29
20
8
6
9
15
14
6
2
-6
-10
-10
-8
-4
-2
-3
0
4
10
21
30
34
48
65
77
82
76
70
76
73
57
47
29
7
0
3
17
37
57
47
-69
-266
-451
-534
-488
-296
-6
316
524
471
190
-137
-368
-476
-436
-134
353
748
879
760
505
201
-63
-186
-120
56
247
318
190
-52
-306
-479
-484
-333
-195
-268
-552
-862
-1042
-1099
-981
-828
-642
-292
148
387
265
80
280
794
1124
1067
708
464
720
1106
1033
553
184
196
315
152
-212
-557
-679
-611
-567
-672
-769
-664
-462
-217
-105
-124
-207
-269
-267
-222
-307
-391
-136
244
537
736
684
425
85
52
238
271
167
230
563
758
627
421
319
197
99
-82
-256
-315
-255
-134
-134
-164
-179
-186
-176
-194
-259
-398
-440
-288
-63
200
370
372
200
10
-42
35
153
209
247
259
322
323
195
-64
-225
-287
-300
-181
-108
-111
-119
-87
-77
-146
-236
-279
-357
-345
-269
-161
33
140
143
25
-229
-385
-470
-536
-368
-80
103
202
168
-25
-228
-396
-372
-332
-171
88
213
291
301
248
25
-197
-252
-271
-218
-114
92
310
263
234
327
353
415
283
131
211
346
525
705
782
855
820
738
599
446
400
534
712
915
1052
995
978
980
1045
997
742
476
257
188
142
36
-195
-426
-662
-842
-1058
-1305
-1544
-1701
-1679
-1596
-1430
-1239
-1066
-879
-829
-855
-843
-839
-801
-675
-523
-387
-226
-160
-32
30
73
51
22
-5
-7
43
79
169
128
-7
-182
-256
-293
-368
-499
-571
-473
-380
-369
-437
-487
-499
-427
-355
-170
66
195
255
266
239
230
229
333
387
453
495
460
482
428
495
479
457
454
442
491
579
565
610
727
819
973
1013
1092
1252
1443
1622
1774
1989
2178
2355
2502
2255
1766
1118
784
697
534
193
-189
-555
-993
-1643
-2414
-2842
-2919
-2948
-3174
-3393
-3276
-2691
-2063
-1597
-1453
-1367
-1221
-1077
-799
-315
162
621
895
1191
1614
1962
2212
2350
2308
2103
1924
1818
1854
1868
1695
1334
891
555
240
-101
-585
-1100
-1544
-1870
-2162
-2342
-2426
-2351
-2184
-2099
-2097
-2059
-1912
-1543
-1123
-802
-566
-347
-119
170
527
861
1063
1089
1082
1063
1037
923
662
353
22
-185
-237
-325
-510
-645
-728
-712
-748
-875
-930
-949
-808
-613
-364
-2
475
933
1272
1482
1616
1797
2096
2463
2835
3175
3519
3850
4260
4619
4621
3858
2810
1883
1539
1242
760
189
-187
-570
-1216
-2314
-3295
-3616
-3750
-4390
-5360
-5827
-5347
-4344
-3682
-3255
-2910
-2348
-1811
-1454
-1186
-709
-263
-13
57
342
1027
1914
2639
2985
2975
2824
2752
2807
2747
2443
1956
1458
1141
972
848
647
482
151
-300
-910
-1635
-2222
-2611
-2884
-3114
-3136
-2968
-2630
-2173
-1733
-1402
-1207
-1046
-891
-659
-311
113
520
932
1387
1821
2125
2259
2153
1740
1308
896
614
351
192
132
209
294
221
46
-126
-316
-550
-752
-822
-744
-469
-145
256
587
959
1341
1744
2187
2614
2957
3199
3424
3675
4136
4526
4582
3949
3259
2584
2340
1644
782
-199
-756
-1408
-2415
-3534
-4123
-4176
-4465
-5209
-6103
-6115
-5479
-4698
-4393
-4153
-3668
-2994
-2572
-2206
-1563
-713
-166
-17
180
759
1524
2058
2300
2408
2615
2929
3189
3517
3522
3372
2799
2185
1597
1149
990
796
537
81
-225
-568
-756
-1141
-1557
-2075
-2548
-2768
-2748
-2515
-2172
-1873
-1691
-1448
-1174
-788
-509
-393
-257
-112
210
475
729
960
1110
1089
816
570
368
229
-69
-380
-678
-756
-712
-609
-484
-387
-323
-236
-130
64
352
649
855
1033
1292
1686
2138
2644
3150
3600
3990
4305
4568
4804
4999
5230
4943
4165
3348
2595
2297
1367
494
-407
-878
-1693
-2833
-3905
-4281
-4411
-5080
-6065
-6782
-6306
-5661
-5286
-5214
-4640
-3724
-2957
-2697
-2182
-1210
-469
-322
-605
-285
501
1211
1443
1665
2118
2596
2703
2827
3176
3415
3131
2233
1750
1675
1713
1272
719
400
355
67
-381
-722
-872
-1167
-1763
-2373
-2499
-2293
-2093
-2096
-2081
-1722
-1247
-871
-691
-365
-22
234
302
522
886
1274
1470
1366
1261
1008
910
707
514
263
76
-120
-201
-229
-48
68
57
-97
-180
-121
-23
147
319
580
830
1189
1512
2045
2492
2985
3265
3572
3890
4338
4679
4925
4581
3872
3263
2630
2423
1369
593
-192
-619
-1620
-2953
-3935
-3946
-4066
-5095
-6185
-6726
-5979
-5741
-5827
-5852
-5197
-4391
-4147
-3801
-2737
-1387
-915
-1253
-1143
-126
775
869
815
1466
2426
2757
2711
3228
4313
4710
4077
2996
2943
3207
2972
2091
1373
1449
1296
702
-11
-24
74
-479
-1568
-2175
-2120
-2138
-2544
-2980
-2786
-2447
-2277
-2220
-1830
-1175
-759
-617
-495
40
485
720
641
681
758
636
416
258
339
230
27
-266
-226
-142
-72
-33
110
246
229
160
198
463
621
692
862
1321
1894
2297
2560
3068
3667
4117
4162
4483
4862
5298
4689
3918
3420
3145
2853
1568
968
357
9
-1369
-2666
-3274
-3147
-3741
-5088
-5992
-5989
-5393
-5687
-5855
-5522
-4691
-4434
-4677
-4127
-2845
-1869
-1981
-2237
-1557
-359
37
36
280
1200
1761
1670
2001
3089
4098
4035
3362
3162
3598
3362
2680
1924
1892
1701
1108
480
423
509
0
-791
-1457
-1417
-1708
-2155
-2656
-2769
-2679
-2808
-2800
-2569
-2071
-1825
-1592
-1265
-626
13
365
701
907
1153
1136
1043
981
931
855
683
658
658
799
793
939
1055
1159
1197
1020
982
895
899
868
819
883
1127
1456
1788
2193
2633
3203
3571
4008
4269
4685
4282
3763
3163
2682
2352
1098
583
-105
-340
-1556
-2587
-3152
-2936
-3544
-4688
-5607
-5661
-5163
-5565
-5575
-5271
-4401
-4203
-4499
-3986
-2931
-2060
-2291
-2550
-1985
-1015
-609
-521
-51
887
1502
1470
1933
2749
3572
3472
3000
3215
3455
3520
2941
2543
2447
2034
1385
876
755
666
198
-415
-488
-800
-959
-1553
-1621
-1835
-2184
-2489
-2502
-2313
-2402
-2385
-1996
-1337
-1066
-613
-45
848
1069
1045
1172
1356
1453
887
734
770
850
597
400
699
1108
1112
946
1156
1485
1455
914
672
926
928
667
399
880
1420
1686
1925
2479
3365
3654
3851
3723
3566
3406
2597
2313
1279
793
54
-467
-1266
-2040
-2501
-2487
-2765
-3440
-3892
-4249
-3857
-4158
-4216
-4121
-3770
-3348
-3398
-3153
-2605
-2241
-2132
-2208
-1783
-1293
-1117
-1063
-655
-64
331
449
991
1692
2129
2126
2261
2575
2815
2474
2362
2250
2209
1748
1253
1230
1052
682
79
-137
-102
-460
-1058
-1321
-1282
-1374
-1781
-1886
-1432
-1326
-1694
-1955
-1523
-898
-995
-1083
-623
247
548
384
645
1116
1302
744
444
699
944
742
352
404
883
1087
1069
1191
1535
1834
1694
1640
1731
1828
1632
1355
1272
1376
1523
1812
2261
2869
3370
3832
3889
3567
3403
2720
2411
1016
336
-509
-1201
-2359
-3501
-3798
-3770
-3958
-4598
-4622
-4490
-3914
-4184
-3957
-3496
-3252
-3095
-3328
-2656
-1978
-1791
-1818
-1839
-1205
-816
-615
-461
39
346
505
612
1150
1792
1950
1914
1938
2222
2336
2082
1803
1789
1595
1280
884
846
1016
623
166
-207
-91
-237
-683
-981
-955
-1071
-1398
-1352
-822
-469
-848
-954
-662
-196
-320
-492
-216
55
69
-121
132
384
458
154
126
154
223
114
160
330
495
628
823
1220
1435
1498
1548
1776
1980
1863
1692
1925
2116
2246
2104
2395
2835
3284
3350
3772
3650
3682
3309
2762
2402
1074
585
-469
-1296
-2779
-3807
-4449
-4606
-5274
-5535
-5422
-5263
-4740
-4733
-3814
-3252
-2981
-2697
-2673
-1926
-1689
-1586
-1474
-1375
-1037
-848
-609
-21
429
786
951
1190
1801
2165
2413
2347
2279
2330
2218
2116
1913
1588
1499
1174
989
851
808
872
508
11
-190
-393
-498
-875
-1213
-1243
-1494
-1482
-1301
-1142
-1000
-1015
-752
-420
-497
-364
-230
92
-112
-420
-385
-310
-377
-676
-627
-313
-256
-385
-180
208
720
734
915
1399
1706
1979
1869
2224
2452
2366
2182
2111
2493
2642
2562
2585
2978
3519
3737
3908
3746
3711
3409
2748
2304
1128
577
-468
-1461
-2850
-3875
-4482
-4742
-5456
-5969
-5763
-5672
-5064
-5075
-4133
-3305
-2936
-2617
-2378
-1490
-1171
-1144
-1236
-1126
-912
-878
-807
-467
-19
345
602
818
1473
1971
2294
2234
2145
2230
1981
1761
1446
1327
1166
688
806
761
1046
836
778
890
671
322
52
8
-177
-686
-1082
-764
-832
-839
-969
-519
-94
-267
-246
-29
277
205
-161
-239
-360
-751
-1051
-1265
-1161
-1268
-1330
-1057
-745
-219
123
577
1090
1425
1711
1897
2111
2452
2384
2381
2317
2470
2607
2627
2745
2946
3043
3513
3827
4253
3916
3669
3566
3001
2320
876
361
-660
-1849
-3478
-4352
-4842
-5139
-5991
-6293
-6050
-5926
-5335
-5415
-4379
-3735
-3207
-2651
-2503
-1523
-1147
-956
-949
-864
-518
-392
-545
-262
169
531
843
970
1764
2203
2470
2467
2409
2618
2202
1891
1420
1135
876
374
310
358
534
474
454
561
778
525
448
276
133
-328
-756
-688
-641
-891
-1057
-790
-327
-223
-240
239
621
595
183
100
167
-256
-777
-1170
-1130
-1331
-1630
-1520
-1126
-715
-461
-108
627
1221
1518
1765
2106
2523
2547
2408
2365
2553
2616
2680
2710
2997
3347
3713
4016
4349
3996
4101
3569
3257
2268
1132
562
-622
-1876
-3439
-4262
-4784
-5424
-6398
-6311
-6303
-5927
-5761
-5342
-4227
-3870
-3408
-2958
-2340
-1510
-1370
-1118
-993
-759
-548
-408
-422
21
205
690
814
1175
1930
2280
2720
2599
2844
2896
2580
2230
1717
1397
841
312
-62
-91
-259
-246
-280
-40
71
54
148
170
162
-306
-429
-519
-511
-832
-1000
-684
-364
-297
-234
266
773
1008
711
817
808
541
50
-376
-417
-755
-1080
-1242
-946
-597
-279
91
728
1321
1712
2042
2324
2675
2619
2499
2325
2357
2430
2326
2393
2465
2992
3229
3647
3480
3631
3536
3101
2562
1340
1018
-109
-1165
-2873
-3776
-4521
-5056
-6186
-6505
-6344
-6192
-5831
-5770
-4618
-3975
-3467
-3039
-2561
-1754
-1589
-1456
-1370
-1091
-964
-838
-815
-433
-27
221
675
919
1819
2098
2541
2693
3005
3227
3035
2721
2517
1967
1512
761
349
71
-378
-587
-701
-623
-453
-432
-171
73
149
85
-87
-7
-46
-349
-670
-641
-511
-460
-667
-306
57
437
512
727
1016
939
688
532
373
107
-320
-561
-546
-624
-432
-134
295
745
1055
1703
2148
2545
2773
2805
2906
2688
2677
2539
2530
2408
2598
2709
3104
2891
3072
2979
2833
2495
1477
1218
191
-688
-2222
-3252
-4004
-4814
-5922
-6415
-6491
-6328
-6132
-5924
-4819
-4238
-3603
-3022
-2368
-1547
-1537
-1263
-1167
-1042
-996
-1040
-822
-605
-464
-55
262
689
1364
1747
2405
2497
2828
3180
2989
2878
2394
2130
1704
995
610
222
-122
-479
-742
-670
-602
-747
-634
-485
-165
-139
-220
-56
-5
-70
-401
-472
-270
-254
-425
-468
-261
137
145
302
486
592
556
364
496
402
218
-71
-125
-61
61
286
577
981
1268
1752
2190
2645
2956
3100
3253
3250
3344
3287
3268
3023
2970
2855
2934
2637
2745
2563
2450
1854
1198
944
164
-916
-2335
-3292
-4017
-4992
-6214
-6513
-6788
-6614
-6783
-6261
-5161
-4510
-3982
-3408
-2445
-1584
-1410
-1207
-898
-685
-720
-824
-682
-321
-325
-144
57
609
1286
1602
2050
2358
2792
3093
2906
2753
2551
2128
1667
848
594
130
-178
-694
-822
-714
-603
-570
-544
-304
-44
-11
-3
81
175
99
-206
-228
-71
36
-57
-162
-59
262
326
529
498
596
516
426
387
335
246
114
-121
-194
-12
237
494
575
930
1436
1920
2298
2629
2947
3196
3216
3400
3544
3663
3598
3490
3510
3428
3148
3038
2703
2485
1781
1151
814
132
-730
-2150
-3021
-3838
-4670
-5850
-6452
-6803
-6926
-7090
-6840
-5984
-5416
-4833
-4254
-3243
-2375
-1916
-1498
-1119
-775
-742
-712
-561
-345
-239
-72
176
592
1158
1645
2123
2358
2778
2993
3140
2819
2660
2305
1850
1170
549
338
-122
-482
-926
-852
-756
-708
-710
-438
-171
-25
9
154
383
267
92
29
129
205
4
46
72
246
264
433
515
500
354
311
312
150
31
-205
-192
-396
-248
-24
263
477
643
1188
1697
2097
2407
2651
3065
3173
3334
3524
3783
3828
3799
3744
4063
3955
3678
3519
3056
2864
1756
1227
604
-212
-1467
-2787
-3587
-4187
-5166
-6100
-6506
-6770
-6750
-6943
-6381
-5709
-5232
-4637
-4121
-3113
-2445
-2004
-1545
-1336
-985
-847
-728
-572
-433
-270
-24
114
691
1170
1654
1900
2149
2701
2780
2741
2437
2312
2024
1370
839
535
234
-246
-596
-728
-446
-608
-526
-356
-40
185
167
443
642
686
416
334
366
440
282
140
116
184
332
356
463
345
299
194
76
-8
-181
-306
-507
-655
-602
-293
-73
192
326
740
1307
1743
2217
2433
2851
3020
3205
3411
3669
3884
3720
3708
3777
4182
4058
3702
3500
3137
2912
1877
1255
538
-279
-1622
-2945
-3872
-4476
-5270
-6299
-6685
-7048
-6754
-6810
-6333
-5672
-5150
-4446
-4082
-3223
-2513
-1921
-1581
-1515
-1161
-880
-671
-616
-397
-200
107
241
725
1287
1714
1983
2175
2611
2748
2711
2496
2339
2048
1452
1059
691
359
-134
-425
-435
-418
-495
-412
-115
131
288
333
646
866
796
644
557
696
644
374
210
179
255
249
195
276
227
132
35
-38
-26
-244
-432
-590
-613
-497
-403
-165
96
356
759
1083
1622
1954
2239
2461
2631
2956
3164
3430
3551
3607
3665
3855
4091
4240
3793
3705
3238
3019
2183
1211
618
-363
-1438
-2909
-3889
-4480
-5068
-6107
-6483
-6852
-6490
-6446
-6215
-5472
-5047
-4339
-4041
-3467
-2628
-2257
-1850
-1876
-1538
-1158
-970
-873
-618
-295
139
291
623
1289
1668
2088
2078
2479
2684
2620
2488
2162
2013
1529
1023
743
398
144
-176
-306
-242
-226
-229
-8
125
318
277
387
634
607
471
334
454
475
224
76
202
291
259
82
247
296
156
60
47
108
-136
-375
-335
-283
-217
-214
-11
359
554
814
1167
1587
1981
2080
2213
2422
2586
2785
2776
2924
3083
3082
3303
3447
3817
3686
3273
3205
2716
2513
1258
586
-174
-1061
-2266
-3424
-4090
-4451
-5134
-5840
-5930
-6080
-5626
-5710
-5175
-4638
-4226
-3694
-3440
-2738
-2230
-1877
-1703
-1647
-1339
-1081
-923
-820
-480
-255
132
210
781
1298
1633
1871
1965
2317
2338
2222
2158
1978
1676
1217
837
782
445
188
33
-40
60
-111
69
308
378
432
345
566
722
584
495
414
397
374
73
173
152
167
97
-48
152
57
132
-24
-15
5
-85
-50
30
128
232
339
513
787
841
1072
1293
1528
1746
1691
1959
2053
2228
2286
2323
2597
2678
2698
2834
2999
3334
3129
2675
2564
2022
1830
604
-69
-746
-1576
-2583
-3656
-4137
-4288
-4791
-5330
-5376
-5311
-4827
-4918
-4472
-3939
-3603
-3194
-3098
-2381
-1914
-1695
-1565
-1519
-1140
-919
-823
-633
-346
-107
177
320
903
1322
1548
1715
1781
2172
2112
2015
2006
1749
1597
1040
972
892
627
407
166
253
264
205
362
458
490
448
400
666
664
522
327
117
111
44
-120
-90
-217
-82
-130
-110
131
105
221
-14
98
200
180
258
230
380
409
505
738
956
972
1049
1216
1488
1654
1589
1809
1897
2008
1945
1991
2299
2296
2302
2247
2491
2706
2634
2067
1945
1439
1301
406
-428
-781
-1486
-2139
-3246
-3647
-3693
-3954
-4678
-4862
-4814
-4368
-4419
-4315
-3711
-3435
-3037
-2938
-2431
-1797
-1749
-1484
-1515
-1164
-955
-867
-658
-541
-343
-134
132
485
869
1094
1390
1533
1813
1943
1918
1971
1746
1641
1363
1223
1253
947
770
512
607
593
503
465
530
548
498
521
687
758
529
310
196
176
89
-179
-198
-281
-238
-262
-160
105
46
113
7
240
357
372
421
455
513
528
634
815
932
863
923
1074
1269
1425
1417
1582
1597
1640
1678
1736
1978
1941
1972
1928
2083
2210
2251
1722
1517
1064
890
353
-491
-752
-1354
-1835
-2779
-3280
-3324
-3506
-4151
-4491
-4524
-4124
-4098
-4172
-3688
-3372
-2951
-2864
-2519
-1853
-1639
-1446
-1477
-1234
-932
-854
-812
-640
-432
-108
84
334
840
1093
1501
1614
1885
2162
2081
2167
1930
1850
1640
1345
1329
1057
916
779
768
816
699
616
741
659
675
572
662
749
508
351
208
172
110
-191
-236
-262
-304
-208
-279
27
57
84
118
180
425
402
399
403
443
503
444
517
595
598
606
682
883
1065
1106
1187
1293
1296
1424
1411
1651
1683
1620
1654
1718
1956
1980
1579
1392
1059
915
500
-311
-609
-1091
-1524
-2342
-2893
-3002
-3083
-3739
-4078
-4173
-3853
-3787
-3948
-3479
-3172
-2771
-2655
-2364
-1767
-1577
-1410
-1405
-1239
-982
-929
-834
-710
-539
-196
-4
302
758
1045
1492
1587
1916
2165
2146
2249
2077
2017
1806
1530
1489
1290
1020
965
913
1027
906
783
1030
918
910
673
762
759
457
157
34
-12
-150
-381
-463
-347
-443
-293
-317
-24
44
51
185
128
362
243
274
225
170
245
179
257
321
364
450
528
721
901
1022
1110
1193
1207
1274
1269
1307
1313
1208
1304
1189
1368
1396
1537
1204
1027
845
790
371
-404
-584
-932
-1366
-2274
-2684
-2764
-2965
-3681
-3942
-3804
-3618
-3679
-3724
-3136
-2695
-2525
-2350
-2034
-1476
-1437
-1391
-1338
-1176
-1034
-1053
-976
-771
-509
-217
14
310
815
1185
1516
1656
1928
2202
2204
2154
2055
2004
1903
1656
1527
1425
1347
1301
1233
1263
1244
1251
1240
1149
1101
942
845
658
402
154
-71
-277
-422
-618
-660
-645
-594
-494
-406
-155
-67
-13
-65
50
117
5
-106
-188
-90
-173
-167
-69
98
252
230
483
689
898
1008
1058
1174
1136
1114
1140
1108
1087
992
1008
983
1071
1192
1405
1229
1002
992
828
768
-68
-306
-635
-988
-1681
-2311
-2477
-2631
-3083
-3541
-3451
-3375
-3168
-3362
-2957
-2520
-2387
-2203
-2240
-1727
-1605
-1628
-1523
-1537
-1233
-1228
-1095
-845
-518
-153
113
339
841
1331
1654
1850
1882
2268
2302
2256
2200
2140
2274
1980
1863
1919
1929
1924
1718
1663
1684
1482
1323
1188
1025
829
387
219
-7
-278
-521
-817
-879
-981
-1071
-903
-844
-683
-566
-487
-211
-305
-163
-173
-134
-200
-398
-261
-238
-278
-222
-175
178
256
326
604
752
996
951
1008
1090
967
834
715
666
638
493
471
651
675
925
980
1277
1307
1046
1159
840
847
93
-219
-487
-870
-1500
-2114
-2300
-2394
-2700
-3170
-2998
-3028
-2743
-2869
-2610
-2194
-2281
-2103
-2224
-1879
-1794
-1882
-1787
-1787
-1522
-1282
-1023
-706
-304
12
505
679
1156
1579
1851
2023
2030
2374
2584
2574
2593
2644
2716
2628
2434
2655
2586
2429
2096
1912
1903
1506
1140
830
555
161
-329
-585
-661
-939
-1233
-1397
-1393
-1295
-1340
-1181
-1045
-949
-799
-715
-487
-512
-442
-408
-409
-392
-355
-205
-172
-165
22
244
418
504
655
872
920
833
848
804
737
535
328
325
203
217
152
260
454
582
670
846
1102
1343
1022
954
881
813
440
-244
-239
-527
-979
-1630
-1776
-1767
-1938
-2539
-2486
-2476
-2508
-2662
-2745
-2422
-2563
-2639
-2531
-2393
-2157
-2099
-1879
-1575
-1395
-962
-587
-279
77
356
782
1012
1194
1637
1833
2060
2116
2408
2782
2843
2948
3062
3210
3294
3127
3150
3047
2713
2445
1969
1725
1212
648
292
-214
-519
-961
-1228
-1340
-1552
-1744
-1797
-1792
-1654
-1654
-1676
-1363
-1324
-1093
-1096
-853
-603
-691
-560
-471
-200
-196
-251
-64
157
250
323
445
687
771
694
746
712
750
627
424
386
205
251
102
33
126
144
316
344
520
779
932
1044
1234
1239
1200
1146
871
922
275
121
-193
-462
-840
-1424
-1560
-1732
-2023
-2362
-2483
-2614
-2633
-2933
-2817
-2685
-2666
-2546
-2591
-2115
-1861
-1620
-1312
-1081
-533
-334
-41
239
689
999
1193
1356
1828
2221
2410
2594
2864
3281
3344
3388
3552
3637
3541
3144
2957
2791
2385
1797
1263
903
428
-123
-576
-807
-1100
-1491
-1797
-1862
-1932
-2023
-2220
-2188
-2128
-1992
-1915
-1738
-1507
-1243
-1020
-823
-533
-321
-97
-58
104
136
242
276
231
319
202
270
235
299
266
249
232
264
296
228
260
203
207
113
84
73
96
112
142
269
411
581
769
951
1200
1368
1259
1366
1230
1319
929
488
316
16
-359
-1006
-1402
-1547
-1855
-2434
-2609
-2740
-2686
-2890
-2906
-2542
-2456
-2243
-2102
-1638
-1231
-1102
-769
-530
-138
70
311
587
914
1163
1514
1767
2155
2516
2779
3088
3189
3472
3499
3453
3417
3220
2974
2593
2200
1957
1393
966
473
195
-239
-751
-990
-1303
-1476
-1925
-2095
-2178
-2273
-2379
-2463
-2353
-2183
-1980
-1782
-1429
-1129
-771
-513
-263
113
201
345
218
284
341
159
47
-130
-113
-194
-301
-257
-112
-15
-15
76
220
372
332
308
278
240
137
13
10
-16
38
-6
174
475
702
903
1087
1406
1765
1660
1633
1672
1529
1357
605
465
190
-303
-957
-1458
-1589
-1736
-2277
-2445
-2391
-2398
-2396
-2533
-2052
-1833
-1809
-1689
-1442
-915
-789
-653
-318
-18
298
445
801
1220
1482
1662
1939
2207
2559
2646
2750
2784
2772
2821
2648
2515
2308
2048
1808
1385
1166
855
458
113
-367
-673
-1002
-1383
-1590
-1991
-2145
-2340
-2382
-2322
-2218
-2088
-1928
-1713
-1357
-919
-690
-397
-308
20
132
132
212
64
85
-184
-277
-281
-364
-379
-458
-367
-297
-175
-24
132
127
161
184
254
234
80
52
-50
-82
-108
-93
33
105
268
418
675
1008
1241
1394
1506
1711
1927
1826
1599
1619
1372
1253
583
435
222
-140
-651
-1091
-1175
-1394
-1689
-1987
-1941
-2071
-2059
-2132
-1871
-1688
-1633
-1388
-1169
-747
-508
-252
106
306
623
841
1092
1313
1398
1533
1663
1762
1898
1911
1964
2002
1970
2007
1932
1879
1783
1541
1326
1008
740
411
-58
-391
-823
-1143
-1462
-1737
-1791
-1974
-2025
-1973
-1822
-1614
-1430
-1292
-1008
-838
-661
-491
-445
-287
-350
-319
-316
-342
-294
-425
-385
-443
-399
-369
-377
-308
-365
-324
-291
-255
-184
-259
-246
-219
-226
-139
-125
-78
-9
-63
61
175
269
420
409
599
676
874
1023
1234
1398
1460
1571
1685
1836
1884
1702
1721
1475
1358
1034
699
556
127
-234
-712
-934
-1120
-1353
-1684
-1704
-1779
-1748
-1743
-1619
-1259
-1223
-1039
-820
-498
-209
-221
68
168
339
378
435
640
653
717
847
934
1111
1220
1329
1515
1478
1565
1549
1447
1396
1088
917
574
248
-7
-379
-561
-830
-1026
-1158
-1214
-1154
-1138
-1143
-1019
-951
-883
-855
-815
-679
-774
-813
-817
-770
-760
-807
-762
-667
-624
-602
-513
-426
-371
-364
-357
-333
-370
-365
-403
-383
-426
-401
-352
-333
-179
-174
-1
45
137
278
327
430
516
535
649
691
770
926
959
1125
1226
1357
1523
1624
1698
1784
1785
1858
1812
1640
1476
1291
1057
777
446
209
-22
-384
-668
-847
-975
-1112
-1302
-1361
-1310
-1360
-1365
-1274
-1123
-1068
-1038
-968
-734
-651
-606
-493
-371
-259
-235
-53
113
229
274
393
616
742
839
887
1005
998
1026
978
982
887
701
585
383
332
139
-35
-205
-360
-434
-578
-647
-713
-743
-857
-904
-883
-865
-894
-932
-904
-893
-875
-865
-767
-770
-738
-749
-693
-639
-650
-583
-637
-624
-605
-540
-476
-473
-424
-299
-223
-144
-32
115
229
249
326
498
594
634
628
732
844
874
962
1050
1155
1213
1247
1371
1440
1499
1479
1444
1446
1402
1364
1256
1182
1100
973
879
807
738
656
494
448
296
176
19
-146
-302
-602
-846
-1021
-1259
-1438
-1661
-1768
-1776
-1867
-1796
-1694
-1524
-1348
-1219
-954
-711
-525
-347
-241
-64
52
86
172
238
292
360
389
534
643
740
836
946
1046
1108
1122
1058
990
839
694
467
217
8
-261
-489
-723
-849
-954
-1034
-1119
-1111
-1053
-1003
-954
-927
-852
-835
-829
-843
-831
-820
-837
-847
-856
-778
-691
-610
-530
-396
-268
-153
-46
100
235
269
353
418
523
601
643
773
872
945
1064
1202
1336
1414
1462
1524
1575
1515
1468
1402
1292
1160
966
853
707
551
412
307
232
162
86
38
12
-27
-59
-115
-141
-193
-268
-359
-429
-469
-567
-669
-734
-782
-808
-884
-871
-839
-849
-831
-793
-705
-640
-618
-536
-442
-397
-315
-256
-154
-104
-84
-14
38
84
102
132
149
178
180
216
241
259
278
289
338
353
386
356
354
342
296
253
143
93
-41
-181
-302
-418
-492
-632
-741
-792
-833
-867
-878
-860
-809
-806
-779
-721
-656
-625
-619
-542
-471
-415
-357
-270
-119
-27
106
268
462
640
778
966
1144
1305
1430
1519
1600
1626
1624
1606
1539
1463
1323
1171
1017
847
687
487
310
131
-60
-227
-353
-467
-597
-709
-797
-816
-889
-934
-928
-940
-925
-939
-889
-806
-765
-723
-622
-485
-366
-249
-131
59
198
297
430
556
649
673
669
698
692
595
514
420
316
207
38
-42
-148
-256
-367
-457
-495
-548
-571
-592
-558
-561
-526
-486
-426
-377
-333
-261
-211
-157
-113
-38
0
30
58
93
122
116
107
106
97
68
21
-29
-56
-124
-191
-247
-298
-327
-395
-411
-429
-424
-399
-367
-299
-234
-123
-17
113
249
390
550
681
812
951
1062
1163
1230
1260
1305
1294
1250
1187
1094
1013
865
719
582
431
270
93
-51
-191
-355
-509
-634
-747
-846
-944
-1017
-1054
-1090
-1101
-1101
-1055
-1001
-942
-856
-755
-634
-531
-415
-299
-196
-94
-13
78
150
204
256
313
356
387
408
419
428
404
387
362
327
269
212
162
90
24
-38
-78
-124
-180
-201
-219
-233
-239
-242
-213
-204
-204
-193
-175
-153
-156
-161
-148
-142
-150
-153
-156
-148
-165
-175
-162
-156
-144
-151
-125
-104
-90
-70
-36
16
51
90
148
221
279
333
402
477
536
579
630
682
719
728
732
741
740
721
693
661
615
562
499
425
348
267
187
104
19
-51
-127
-209
-274
-328
-375
-420
-447
-461
-483
-488
-478
-462
-443
-416
-383
-352
-326
-287
-246
-211
-171
-136
-103
-89
-71
-53
-54
-59
-66
-70
-81
-99
-121
-118
-140
-156
-180
-178
-187
-209
-218
-221
-218
-237
-248
-246
-242
-249
-239
-229
-204
-189
-176
-150
-130
-95
-79
-54
-33
-20
-9
-10
-6
-7
-19
-30
-37
-54
-58
-77
-75
-67
-70
-67
-46
-17
-3
29
73
124
177
228
298
375
442
516
586
654
708
742
774
791
788
767
727
683
624
546
461
378
281
177
86
-5
-89
-166
-227
-280
-338
-382
-395
-413
-417
-412
-402
-374
-349
-306
-256
-205
-144
-91
-27
23
71
126
165
198
227
231
241
243
234
228
202
179
147
109
68
14
-35
-86
-143
-198
-244
-285
-321
-354
-384
-403
-416
-413
-417
-410
-398
-382
-362
-342
-313
-285
-249
-228
-201
-174
-157
-134
-119
-106
-94
-80
-67
-53
-40
-27
-22
-12
0
5
12
19
23
24
35
41
43
57
69
92
113
132
160
181
204
232
254
272
282
285
297
295
282
269
248
219
184
152
118
81
40
2
-37
-80
-110
-141
-155
-173
-184
-187
-193
-180
-169
-148
-115
-84
-41
8
53
108
162
210
266
305
355
395
425
463
491
513
518
518
509
504
483
463
431
378
323
259
195
125
51
-18
-89
-167
-240
-310
-380
-446
-509
-560
-598
-629
-652
-657
-657
-649
-638
-624
-594
-559
-525
-493
-448
-405
-360
-314
-266
-211
-159
-111
-61
-17
28
73
110
150
185
215
242
269
294
313
332
346
363
378
384
398
400
398
399
393
386
365
341
313
273
232
186
136
84
24
-37
-102
-163
-224
-287
-338
-390
-443
-485
-528
-555
-574
-591
-594
-587
-573
-544
-501
-452
-385
-312
-230
-137
-39
62
161
265
363
458
549
632
705
763
810
842
863
868
860
832
801
758
705
641
569
495
411
326
236
147
57
-34
-119
-197
-266
-331
-389
-450
-497
-533
-568
-590
-603
-611
-612
-608
-597
-578
-557
-534
-507
-480
-449
-415
-371
-323
-283
-233
-187
-139
-87
-41
4
53
85
119
159
191
217
236
260
283
302
322
336
345
354
352
347
346
343
333
322
301
277
248
216
184
138
103
55
9
-43
-97
-145
-197
-253
-307
-353
-404
-449
-492
-525
-553
-576
-586
-586
-575
-549
-517
-464
-403
-335
-249
-160
-58
45
149
254
358
455
544
635
712
774
821
855
877
885
877
865
835
787
725
653
576
494
404
306
209
111
12
-87
-175
-258
-339
-410
-475
-528
-575
-609
-643
-662
-677
-685
-677
-670
-653
-626
-589
-551
-504
-453
-400
-333
-270
-206
-140
-73
-3
49
102
156
194
233
263
296
322
330
341
344
339
323
309
296
275
251
226
203
174
143
118
96
79
64
53
50
41
35
26
21
19
13
7
0
-16
-32
-64
-94
-122
-160
-200
-240
-280
-327
-360
-389
-411
-429
-439
-445
-439
-421
-393
-355
-304
-250
-189
-118
-38
39
116
206
292
375
454
527
597
662
711
747
785
798
792
778
756
717
664
604
537
456
367
280
186
91
-2
-99
-194
-281
-362
-442
-505
-557
-597
-633
-659
-671
-681
-685
-671
-648
-611
-568
-522
-458
-396
-327
-261
-183
-106
-29
37
98
161
211
251
285
313
324
328
324
317
292
261
227
185
144
110
71
30
0
-41
-73
-99
-120
-135
-150
-158
-161
-163
-152
-139
-124
-103
-86
-59
-39
-22
-3
17
27
38
53
60
59
57
56
49
38
31
28
18
12
3
-2
-2
2
8
17
32
47
64
86
110
137
167
199
234
270
303
337
361
381
400
405
405
404
394
381
360
336
303
261
211
159
109
54
-5
-62
-120
-182
-240
-295
-344
-391
-433
-461
-487
-503
-510
-508
-502
-487
-458
-425
-387
-349
-302
-254
-206
-146
-99
-56
-12
21
51
73
98
120
127
131
134
120
112
96
78
64
40
17
-2
-23
-45
-60
-81
-92
-99
-107
-109
-104
-101
-97
-90
-82
-70
-49
-28
-8
5
16
31
47
59
65
72
72
76
78
73
71
67
60
67
67
73
85
91
105
116
133
153
169
184
200
209
223
240
247
255
261
266
271
272
278
280
273
268
258
243
230
210
189
163
136
112
82
54
27
-4
-33
-65
-97
-132
-155
-182
-210
-231
-253
-270
-284
-291
-298
-302
-312
-313
-310
-305
-301
-291
-282
-273
-257
-251
-232
-209
-190
-173
-162
-146
-126
-112
-101
-88
-80
-71
-66
-65
-60
-56
-47
-46
-35
-25
-13
-1
15
29
39
52
68
80
87
96
103
114
119
130
128
132
127
117
112
95
80
66
50
34
21
10
-1
-10
-12
-15
-14
-8
2
17
34
61
85
113
136
158
179
201
218
234
252
261
271
273
277
274
269
261
244
228
210
195
177
153
132
107
83
53
29
13
-15
-35
-56
-70
-85
-102
-108
-118
-131
-134
-145
-156
-156
-166
-172
-177
-181
-181
-186
-185
-195
-206
-214
-219
-221
-225
-225
-227
-227
-230
-228
-217
-211
-200
-188
-179
-166
-148
-130
-110
-89
-72
-52
-31
-8
11
22
32
42
50
53
63
71
75
80
78
72
72
75
67
69
64
65
61
53
50
39
33
28
20
14
12
14
18
26
36
48
60
73
87
101
