SAMPLES:	9525
BITSPERSAMPLE:	16
CHANNELS:	1
SAMPLERATE:	16000
NORMALIZED:	FALSE
-1
2
0
-1
2
1
2
1
0
3
0
0
2
-2
-1
-3
-1
-2
-2
0
-2
-2
-1
1
-3
-2
-2
-4
-1
-1
-1
4
0
4
6
1
2
3
2
1
0
1
3
-1
4
0
-2
1
1
1
6
5
0
1
4
5
4
-1
2
1
1
1
-1
-2
-2
-2
-1
2
2
0
1
1
-2
-2
-4
-4
-1
-4
-3
1
1
-5
-3
-1
-3
0
2
-2
0
0
0
2
3
3
1
-1
3
2
-1
-2
-6
-4
-2
-1
1
2
4
1
-1
-4
-1
-1
0
1
1
1
0
-3
-5
-3
-6
-2
-3
-3
1
0
2
3
-1
4
3
-1
3
3
2
1
2
3
0
1
1
3
1
2
3
0
1
2
2
-1
-2
0
-2
1
-2
-4
-5
-4
-4
0
4
0
1
-2
-2
0
3
0
0
3
3
2
2
1
0
2
-2
-1
0
-2
2
-1
-2
1
-1
1
3
5
4
2
0
5
1
-2
-3
-2
-2
0
0
-1
-2
-1
-2
1
1
1
-1
-2
1
0
1
2
-1
0
1
-2
-5
-5
-2
-1
2
3
2
0
2
2
-1
0
-1
-3
-2
-1
-2
-1
-4
-3
0
0
2
1
4
4
2
3
0
0
-4
-1
2
1
-2
5
2
-4
-2
2
-1
-1
3
3
2
-1
1
1
0
-1
-2
0
1
-4
1
-1
-3
0
-3
0
3
2
-1
-3
3
2
-2
1
-3
-4
0
-2
-3
-3
2
4
-5
-3
3
-2
1
6
8
3
4
5
3
0
2
1
-7
0
0
2
-5
-4
0
2
0
1
5
-2
0
6
7
6
3
-2
3
2
3
1
0
0
-2
-2
-1
0
-4
-1
-2
-2
-3
-3
1
-3
-6
1
2
-3
-5
-1
-2
-2
-1
2
-2
-3
-1
-2
-2
-5
-4
-1
-3
3
2
-3
-3
8
6
1
0
-1
2
4
-6
5
12
-8
-7
12
7
-10
3
4
-6
4
17
-11
-21
11
20
6
-22
-4
31
18
-14
-20
-3
-15
2
32
-9
-51
9
40
3
-20
-29
0
35
5
-32
-7
18
3
7
15
-38
-28
58
34
-60
-26
39
0
-10
25
-33
-41
71
55
-85
-25
81
-15
-26
82
-29
-147
98
174
-151
-158
176
93
-148
0
76
-93
15
166
-104
-194
145
190
-143
-171
86
132
6
-99
-93
77
140
-53
-142
21
111
3
-19
-36
-84
91
136
-137
-141
135
103
-77
-84
-6
67
111
-81
-210
82
284
-74
-391
83
467
-90
-465
91
418
-60
-299
-33
134
190
-39
-327
-7
344
16
-229
-128
69
319
57
-548
-64
711
9
-706
-79
705
192
-759
-295
815
280
-723
-332
654
331
-487
-315
251
391
-40
-524
-22
592
-48
-398
-68
207
352
-147
-675
389
686
-409
-678
326
777
-269
-918
325
893
-253
-843
44
1027
-80
-1030
89
965
-48
-871
-140
1089
-42
-978
5
953
62
-996
-119
1185
-114
-1009
87
864
46
-818
-197
836
311
-875
-380
924
383
-923
-397
825
616
-996
-733
1262
616
-1435
-495
1484
417
-1585
-272
1582
120
-1420
-194
1438
272
-1596
-113
1624
-79
-1477
116
1369
-79
-1397
89
1454
-128
-1671
424
1748
-894
-1549
1246
1166
-1322
-959
1475
680
-1549
-324
1459
18
-1192
6
1117
-84
-1072
165
1056
-307
-997
414
997
-577
-917
708
877
-866
-887
1166
795
-1542
-464
1860
-89
-1856
657
1585
-1035
-1261
1362
815
-1565
-171
1384
-191
-1092
135
1272
-283
-1592
871
1583
-1599
-1050
1842
548
-1886
-89
1772
-210
-1789
787
1440
-1247
-967
1603
294
-1736
661
1207
-1262
-441
1375
-347
-883
503
529
-522
-411
546
438
-809
-217
802
86
-861
343
506
-533
-303
807
35
-1260
964
677
-1254
-261
1328
81
-1621
615
1427
-1287
-733
1224
669
-1497
-315
1542
14
-1552
628
1083
-1053
-272
625
427
-739
-77
614
-618
465
14
-434
383
-92
-118
-122
577
-315
-289
99
128
480
-543
-403
487
508
-894
84
801
-692
-269
431
656
-858
-160
64
575
155
-982
391
584
-878
244
721
-656
-310
493
90
-289
234
-383
189
181
-236
8
555
-685
-34
322
-44
81
390
-1053
165
1219
-1085
-231
1152
-487
-783
1014
-230
-861
1096
253
-1146
451
271
-345
-139
714
-144
-590
276
-45
168
-71
86
117
-175
-637
783
486
-1091
54
1124
-953
-251
908
-374
-589
782
89
-512
-221
303
815
-1474
746
805
-1316
-292
1360
56
-1306
545
300
-140
-35
-39
-251
534
-89
-402
199
130
72
-454
97
545
-146
-624
187
752
-809
-163
1067
-631
-223
-170
629
63
-479
127
76
-246
167
610
-823
-233
1128
-664
-606
1289
-536
-526
284
615
-366
-629
528
486
-556
-491
840
23
-316
-483
624
370
-835
294
354
-593
194
400
-469
147
177
-264
-97
176
357
-151
-754
523
464
-674
307
163
-567
298
285
-137
-323
79
482
-379
-151
286
-129
-54
778
-1361
149
1310
-414
-1114
438
1283
-1390
-122
1153
-511
-458
150
565
-196
-439
46
561
17
-882
310
677
227
-1750
802
1501
-1663
100
551
24
-497
-144
1142
-678
-700
695
156
-15
-360
-391
1454
-1271
-177
1068
-492
-53
-258
144
411
-167
-324
194
118
-346
338
191
-756
828
-341
-803
1433
-441
-685
470
-71
568
-1160
529
1305
-1959
-62
2185
-1545
-733
1427
85
-1020
-257
1369
-714
255
-409
-286
893
-113
-685
566
6
-621
819
-462
3
388
-175
-709
853
80
-718
794
-657
364
-460
791
-180
-696
27
1387
-1110
-733
1449
-605
579
-1402
949
-139
667
-839
-420
706
526
-480
-1284
1637
157
-1098
-132
1226
-791
-265
850
-473
-411
184
991
-678
-1063
1393
152
-1030
233
115
1002
-1249
-363
927
482
-414
-1556
1605
753
-1592
103
867
-319
-341
453
-301
13
214
-131
-37
-281
1079
-1418
519
859
-1161
76
702
-58
-768
380
559
-921
509
115
-92
-140
-445
877
-96
-373
-262
526
191
-984
771
889
-1904
77
1889
-670
-1644
1765
-49
-1315
922
353
-441
-459
577
-37
-621
1244
-969
67
258
-324
684
-645
173
92
4
-495
691
117
-641
-277
1430
-1329
118
946
-387
-1184
1090
783
-1632
1045
-753
402
716
-1032
-192
1053
-304
-1001
1113
338
-1748
1479
-227
-265
-381
1124
-914
63
136
81
548
-1410
907
637
-1667
1346
-35
-790
398
-319
1215
-1288
120
240
767
-1527
1006
283
-995
751
-609
752
-208
-364
-172
722
-254
-319
369
-338
695
-1026
485
641
-1228
785
222
-559
-225
880
-343
-271
119
17
268
-560
429
391
-948
162
743
-562
-87
528
-537
55
181
270
-401
-157
588
-570
54
334
-335
479
-674
71
1062
-1141
-177
1921
-2293
664
1340
-1382
-253
1012
-958
55
846
-557
-396
240
478
303
1430
-2930
273
2325
-1902
-945
2625
-2535
-416
2378
-467
-884
1047
172
-853
776
-707
-168
497
148
-1600
896
1475
-1611
-497
1987
-768
-1305
2123
-268
-2411
2300
453
-2683
2272
-904
-855
2028
-1365
1024
-613
-642
869
382
-796
-405
709
63
16
-851
297
1068
-610
-1218
1564
363
-827
-72
-138
126
195
-305
44
399
-85
-1090
1652
446
-2781
1419
752
84
-1321
-20
1997
-1292
-996
913
1145
-1384
-702
1393
1442
-2757
-912
3265
-231
-2375
177
2077
-634
-1009
-124
1894
-1529
-731
1518
372
-1463
-297
2196
-685
-1539
534
1196
-754
-54
-591
705
59
464
-1420
780
1123
-1372
-465
1165
325
-1037
-636
1948
-575
-2369
2533
432
-961
-1471
1288
1332
-830
-1737
1694
543
-2800
2677
509
-2573
643
1869
-856
-1533
1912
-394
-1870
2032
487
-1527
-259
1042
684
-1524
152
1724
-2680
1397
2226
-3692
-563
5173
-2649
-4222
5136
503
-3741
1478
1854
-2082
109
1289
-995
-211
677
-781
626
559
-796
-675
1026
239
-600
-139
50
241
1141
-1986
-484
3220
-1556
-3187
3144
3221
-6496
1879
4377
-3880
-1853
3398
864
-4219
2083
2334
-2488
-737
1728
381
-1659
-175
1683
-80
-1519
825
1154
-1522
-1231
2406
669
-3875
3197
119
-855
-514
-747
2958
-1450
-2556
1979
2634
-2138
-2329
2340
2158
-3320
-2224
5557
14
-5976
3557
2391
-2559
-1422
1880
22
-428
-486
762
2424
-5503
2298
4083
-5784
987
3689
-2767
-1231
3685
-2150
-1287
1575
617
-1089
-801
2464
-546
-1931
147
2607
-1741
-1799
3268
168
-4095
3398
1279
-4444
1578
2587
-2361
-424
2107
-101
-2836
1061
3105
-4066
1339
1510
-1545
14
1599
-2523
768
2415
-4053
2348
1447
-2886
547
3252
-4458
649
3322
-2326
-1300
2681
447
-4368
3322
604
-1464
-329
596
1116
-1424
-1559
4254
-1682
-3070
2548
1420
-1813
-545
593
1705
-1727
-2189
3711
311
-2106
-1261
1746
2377
-2782
-1919
4130
-610
-4216
4075
1435
-4587
463
5215
-3931
-2967
5492
-729
-3070
1868
330
-838
-604
1507
527
-1620
-909
2986
-791
-2763
2441
154
-1152
-61
1440
-218
-1193
427
1006
-2178
1150
776
-641
222
-300
-648
2594
-2795
-1023
5195
-4354
-1563
5867
-1204
-7365
6924
1766
-6466
2466
3882
-4122
-1071
4258
-2375
-1564
1530
2822
-4255
-838
6249
-3151
-5424
7384
349
-8293
6229
2977
-5760
-539
4652
-1306
-2786
1536
2107
-1309
-3522
4311
1473
-6563
4527
2279
-5916
2677
2053
-1974
-65
-521
1210
239
-3148
4206
824
-7387
5693
2520
-5824
797
4223
-2077
-3298
3456
1013
-2280
-1127
3801
-2065
-3039
6024
-2279
-4065
4914
601
-4713
1478
4664
-4878
-379
3111
-626
-3288
4066
-213
-3745
2070
1688
-1077
-1315
1653
-1036
502
-434
405
208
25
-526
-509
482
2415
-3054
-728
2860
-1073
-726
749
193
-288
-988
1091
497
-1429
807
-42
774
-1550
-85
2404
-1968
-1206
2679
-883
-1241
2583
-708
-4316
4787
1268
-6022
2878
4314
-5551
-21
4669
-3394
-1925
3812
192
-3696
1039
4068
-2750
-2474
2939
58
-1743
541
1715
-1432
-422
209
1682
-843
-1751
537
2406
-2176
-1368
4213
-1703
-1968
902
1928
-1590
-1394
2077
-18
-768
299
380
-95
-838
-719
2019
-304
-372
-598
180
1838
-2013
-1465
3947
-1924
-2721
4993
-1150
-3954
4138
-939
-1858
1957
-484
-5
-223
569
-44
-836
-285
1774
-1111
-1166
2692
-1335
-1023
1079
1067
-1820
-839
2442
-316
-1835
873
2043
-2325
-616
1981
-957
95
352
-1478
2053
-842
-533
1859
-1727
-1408
2155
1234
-3343
2230
565
-1981
191
1208
454
-1880
107
1458
128
-2115
1890
714
-1903
-1383
2551
1711
-4048
1471
2158
-2993
113
2687
-1686
-796
773
211
745
-1106
-720
2119
-948
-2012
2554
291
-2233
1307
1338
-3033
1115
1864
-1456
-1324
1786
928
-2357
680
1083
-1024
586
-595
-488
2037
-1174
-500
901
-835
-145
1391
-1033
-196
1534
-1989
275
1291
396
-2726
718
2771
-2315
-421
1818
-392
-2353
1584
1718
-2398
993
415
-2089
2721
-198
-3089
2582
647
-2722
1903
1192
-2579
1101
8
-829
1789
-1043
-1007
1611
268
-1480
207
845
-516
126
-518
488
916
-2006
1321
513
-1963
1837
-442
-1359
1575
423
-1247
-595
1346
524
-884
-700
1019
339
-2260
1404
2778
-3146
-1055
2604
-402
-1612
1029
1088
-1329
-895
1697
915
-1950
-666
1584
-128
-885
1306
146
-1936
1110
1032
-1534
-295
1251
-550
84
956
-1814
692
1796
-2669
-456
3155
-1105
-2689
2927
1292
-3680
398
3145
-2482
-1182
3368
-1576
-1216
1736
-1351
302
2218
-2455
-982
3368
-1499
-1792
2265
-87
-1807
1309
985
-1286
447
62
-913
1057
337
-1420
724
682
-1392
1367
483
-2460
890
2123
-2151
-1268
2860
-91
-2231
740
1121
-927
-83
-34
-78
439
609
-1633
449
1527
-1173
-726
883
979
-1483
-415
1836
111
-2147
473
1664
-860
-885
1104
754
-828
-734
166
428
-280
-170
-208
770
1052
-1596
-1181
1829
-458
-1561
1579
749
-1216
-147
611
-333
-143
217
-207
509
-381
-568
1341
708
-1631
-324
1123
468
-586
-352
609
726
-735
-1137
1864
-78
-1641
465
1643
-908
-710
1055
-627
-1013
452
425
-127
-476
324
484
-109
46
-431
-534
-371
639
-79
1334
223
-1752
68
900
-508
-329
820
325
-424
-515
405
716
-560
-1204
1048
636
-1159
291
757
-429
-801
382
677
-212
-520
45
187
440
-269
-504
712
-267
-944
570
952
-477
-115
97
-523
138
192
96
-72
-90
61
-198
716
236
-779
-87
-519
480
742
-662
117
817
-937
4
687
-927
236
-11
-374
631
1035
-450
-1072
18
248
-203
-69
1083
-181
-434
248
-311
-205
-95
-488
299
897
-5
35
-536
-802
146
301
-134
726
-125
-653
169
153
-273
-16
-23
-273
492
295
-422
36
-165
-676
394
970
42
-1056
-178
644
173
-54
-113
156
-147
-235
446
562
-450
-646
386
562
163
227
-183
-723
72
544
501
186
-311
-234
253
495
-136
-86
-123
-553
330
1110
248
-431
-361
-101
-104
409
610
-77
-459
-72
691
110
-297
305
-191
-364
629
525
53
-94
-544
-39
1079
20
-558
78
196
-164
-110
437
137
-569
-382
290
304
-155
-520
-312
-98
-332
-402
402
-129
-853
-43
152
-441
-252
-35
-591
-589
267
290
-46
-471
-439
-293
-149
92
-335
-196
84
-286
64
452
-113
-625
-49
189
-38
384
182
-437
-252
-60
-130
46
-44
-274
-221
-72
-52
-486
-378
-237
-691
-613
248
102
-560
-536
-142
-330
-547
-107
-205
-524
-341
-457
-88
77
-285
-979
-395
394
-484
-466
32
-859
-1818
-730
222
-418
-1117
-696
-347
-724
-530
263
415
1009
3670
7022
8605
7533
6897
7320
6986
6359
7257
8134
6944
5377
5035
4421
1752
-948
-2230
-3382
-4183
-4061
-4232
-5653
-7703
-8725
-9160
-9244
-8937
-8263
-7855
-6637
-5069
-4721
-5199
-4369
-1490
330
1224
3177
4204
2780
1955
3572
3892
2018
1607
2799
2055
285
35
-372
-2625
-4061
-2701
-1836
-2781
-3317
-3033
-3756
-4646
-3894
-2982
-3100
-3110
-2069
-1116
-1064
-695
-46
574
1623
3308
4540
4801
4746
4438
4399
4395
4334
4119
3481
2877
2503
1647
89
-1168
-1718
-2179
-2218
-1856
-2375
-2963
-3215
-3279
-4072
-4349
-3990
-2981
-1408
13382
29027
27872
8973
-1690
10834
20800
18449
13748
15964
15183
11021
9507
9530
1498
-10850
-14488
-10141
-2850
-703
-7755
-18130
-26220
-24181
-19395
-17632
-18251
-17152
-14376
-11722
-8683
-7090
-6899
-9741
-9002
-2384
7757
14513
12277
7328
4883
6790
8806
8339
8082
8263
7191
4427
3774
2974
-1128
-8678
-12101
-8966
-4569
-3020
-5857
-9138
-10967
-10364
-6903
-859
5752
7273
3561
1172
3986
6459
5231
5121
7432
7974
6922
8701
7894
2002
-1881
883
4469
4737
4715
3482
-1079
-5164
-4527
-2783
-4049
-5703
-5302
-4413
-5206
-6482
-7529
-7938
-6258
-2541
823
2155
1776
668
237
1734
4072
5155
4802
4013
3707
3035
1615
-241
-1141
-1989
-2306
-2340
-2414
-3260
-2350
14359
29859
25745
3040
-7005
9641
21685
17527
10074
12371
13275
9635
6979
6516
349
-10531
-14438
-10058
-389
2019
-6958
-18947
-26294
-21593
-14859
-12771
-15073
-15023
-11427
-8439
-7129
-6508
-5641
-7813
-7548
-1979
8753
15319
10812
3050
314
4884
7699
5833
4639
5111
4414
895
-564
-642
-3362
-10386
-13674
-9724
-3120
-991
-5751
-9927
-10436
-7474
-2772
6545
12660
8016
-28
1889
9712
8295
4637
6621
7601
3265
5033
10678
4967
-5994
-5218
3595
5207
3844
4641
1328
-5794
-6743
-858
16
-3643
-5110
-4138
-4072
-3880
-3982
-6579
-7605
-3755
1769
3603
3361
1781
-248
-236
3302
6148
4693
2054
1839
1717
452
-1009
-1704
-4046
-5880
-4744
-2911
-3132
-1103
19649
32767
23130
-3196
-6329
15412
24271
16531
9411
13676
14143
9230
5437
4538
-1982
-12134
-14684
-9236
1011
1293
-10086
-23218
-28650
-20069
-12407
-10691
-14471
-14114
-9524
-6564
-6532
-6205
-4318
-4864
-4077
1036
11906
17068
9942
473
-1557
5680
8698
5605
3362
3919
2403
-2849
-4927
-3887
-5170
-11892
-14594
-9687
-2507
-1959
-8173
-11599
-10383
-5437
-1194
7354
17402
13457
1712
-1178
8739
10994
5751
7482
11423
5790
1312
6817
5520
-5060
-7952
1964
6458
3591
3760
1344
-5876
-9142
-3043
1222
-1100
-3249
-3613
-4651
-5240
-4311
-5699
-5910
-2902
1811
3682
2935
2431
-114
-1453
1627
5879
5663
1783
437
504
-287
-2177
-2575
-3919
-5103
-5269
-2887
-2389
10579
30045
30168
6583
-12744
4363
25202
23877
10160
8494
15014
13375
5766
1353
263
-5971
-13300
-14006
-3970
4636
-3665
-19774
-30707
-24196
-12553
-8580
-11603
-14380
-10314
-6600
-6300
-6934
-3755
-1386
-1947
-975
7195
17088
14732
3460
-4186
1007
9124
8116
3472
1789
2672
-1860
-7408
-7294
-4249
-7051
-13406
-13367
-5713
-112
-4838
-11183
-11176
-5631
-524
3755
14887
18177
7247
-3445
2563
12980
9586
5967
9497
8163
199
1694
5965
-582
-8924
-4097
4534
3654
2537
1952
-3708
-9376
-6081
1371
1957
-620
-2823
-4757
-5429
-2777
-2028
-3792
-2777
960
3317
2519
3081
2410
-479
-439
3451
6619
3921
-374
-2106
-2502
-2758
-2689
-2395
-3728
-5123
-4977
-1061
17826
32508
25627
-1182
-10815
10180
26463
22021
9125
9138
13034
9949
2824
730
48
-6684
-15156
-15206
-2324
3842
-6747
-23727
-30881
-21206
-11047
-7268
-10409
-11711
-9056
-7626
-7841
-5527
74
1986
-529
-609
8836
17495
13566
2078
-3778
2550
7849
6847
3821
2973
710
-6295
-10401
-7176
-2959
-6659
-13280
-13327
-5393
-1206
-5719
-10232
-9168
-3639
-228
6114
18248
18812
5208
-4756
3986
13898
10950
7811
9594
5174
-1420
1428
4653
-1393
-7569
-3395
1023
1436
3581
1666
-6226
-10607
-5143
957
1407
228
-2499
-6551
-6725
-2646
-935
-1356
-628
896
783
1898
4618
3376
-340
-459
2744
4813
2895
70
-2578
-4567
-4799
-3354
-1936
-2235
-3787
-3146
14092
31086
28248
3529
-9695
7127
23590
22619
12557
12375
14722
8774
-185
-755
2861
-1400
-11966
-16597
-6100
2242
-4456
-19657
-28433
-22347
-14485
-9993
-9570
-8532
-7339
-9709
-11964
-8535
-473
3817
1909
-631
4419
12154
13122
6441
-303
1917
5260
5187
4125
5110
4075
-4353
-11871
-10080
-3311
-3038
-9228
-12861
-8418
-4220
-6081
-8694
-7081
-3236
-2780
-1558
8838
19889
15397
863
-3024
7644
13003
9229
9526
10382
3152
-3601
112
4269
40
-3773
-2580
-1753
-92
3333
920
-6216
-8173
-3419
-430
112
1329
-1423
-7004
-7618
-2936
669
1167
1229
-32
-1727
394
4338
4005
1152
257
1428
1706
171
-226
-1247
-3138
-5321
-4703
-2171
-406
-1065
9156
24715
27326
10008
-5763
4125
19652
21553
13025
11494
16142
12601
1485
-3645
578
1754
-6735
-15332
-9742
-276
-3400
-15729
-24734
-21185
-15899
-13580
-12211
-9206
-5770
-7820
-12518
-11853
-4381
2343
2995
797
2717
7948
10161
8055
3668
3676
5137
4344
3312
4443
6046
1338
-7061
-10218
-6290
-2898
-4959
-9010
-8364
-5574
-6643
-8699
-7233
-2512
-1762
-2416
4648
13688
13225
3661
-557
3846
7648
8348
10143
10134
5268
-26
-929
1234
2169
1991
-223
-2465
-495
2102
715
-3206
-4531
-3924
-3963
-2636
33
-517
-4540
-7394
-6668
-3078
450
1915
342
-1801
-1405
282
1795
2599
2569
1435
-259
-1044
-729
-306
-1497
-2840
-4092
-2300
-1094
7206
22541
29089
17033
-2730
-1271
13801
21414
16492
12602
15444
14125
4656
-3159
-332
3935
-1521
-13199
-14053
-3517
-633
-9134
-19928
-20979
-17737
-16152
-14324
-10623
-5631
-5667
-10882
-14196
-9534
-1733
2241
1820
1684
4311
6049
7009
5864
5545
5967
4331
2364
2629
5819
5780
130
-6014
-7306
-5608
-4766
-5756
-6103
-4700
-5598
-8599
-9670
-5495
-1183
-2218
-3339
3319
12235
11350
3241
339
4432
5195
3876
7147
11079
7927
1090
-1113
556
2483
3019
1132
-1230
104
2631
773
-2330
-1978
-1373
-4520
-5601
-1804
369
-2087
-5390
-5926
-4184
-1391
348
-125
-559
298
283
-373
1068
3117
2118
-932
-2297
-1544
-1121
-1036
-1759
-2344
-2578
1354
13065
22908
21564
7734
346
6359
14073
14511
12210
15086
16512
9935
639
-1022
3534
3832
-4564
-12063
-8744
-2998
-4044
-11288
-15015
-14165
-15343
-17095
-15815
-10079
-5610
-6800
-10820
-11504
-7666
-3887
-2535
-1345
1832
3717
3980
3890
4750
6162
5759
4243
2477
2821
4285
3959
1713
-209
-1441
-3200
-5221
-5792
-4158
-2925
-3558
-5534
-6521
-5004
-3633
-3545
-3109
-654
3476
6260
6416
5364
4126
3125
1444
1505
4887
7168
4970
1660
1447
2661
1679
233
556
931
827
544
585
1122
1152
-539
-3444
-3879
-1452
-391
-1704
-2112
-1306
-1327
-1854
-1262
226
878
736
127
177
1572
2314
1020
-1116
-1545
-1182
-1444
-2180
-2158
-2041
-2169
-2207
2825
11659
16795
12359
4185
3640
8010
9848
7750
8179
11914
12447
7175
1727
1928
4741
2948
-3950
-7329
-4313
-1852
-4307
-8306
-8035
-7005
-9121
-12865
-13531
-9862
-6501
-6757
-8765
-8682
-6462
-5109
-5434
-4876
-2422
-306
56
-969
-674
1186
2860
2508
700
123
935
1531
1300
1127
1393
1266
14
-1446
-1479
-76
935
-197
-1670
-1463
-324
96
-125
522
2330
3780
3105
1262
526
1538
1507
28
36
1593
2229
1349
1047
1699
1961
1870
1358
870
1575
3050
2936
1671
1514
2071
1074
-264
275
1149
601
-676
-1133
-769
-160
163
-352
-994
-608
-149
-806
-1538
-1399
-1019
-1479
-1911
-1592
-1297
-1544
-2182
-2598
-2388
-1835
-1645
-1786
-1196
2805
8203
10747
8246
4402
4160
5560
5539
4379
5024
7352
7511
4433
1635
2079
4029
3406
-147
-2203
-1696
-1405
-2989
-4282
-2806
-1745
-3673
-6967
-7985
-6069
-4556
-5171
-6393
-6367
-5378
-4971
-5299
-4825
-3684
-3079
-3475
-4171
-3868
-3055
-2207
-1736
-1605
-1317
-809
-265
-67
47
515
1387
1603
1161
888
1356
2128
1909
1366
1251
1523
1460
1102
1394
2106
2270
1658
1225
1839
2890
2730
1451
497
467
475
311
1010
2058
2290
1932
1761
1931
2235
2569
2665
2293
2329
2449
1730
824
552
403
-628
-1789
-1861
-1520
-1445
-1694
-2032
-2121
-2048
-1981
-2036
-1653
-969
-772
-1250
-1323
-673
-192
-291
-421
-10
513
453
-210
-847
-709
-580
-1248
-2348
-913
3335
6593
5898
2716
1617
2276
2366
1425
1756
4121
5698
4567
2376
2487
4549
5294
3075
735
697
1151
395
-1139
-890
187
-370
-2807
-4982
-4763
-3815
-4161
-5765
-6765
-6632
-6261
-6192
-6178
-5643
-4955
-4435
-4691
-4952
-4284
-2906
-1526
-949
-523
37
731
1078
974
1061
1661
2245
1866
1111
883
1369
1475
862
586
782
812
246
129
965
1708
1564
1061
1222
1926
2528
2736
2943
2951
2361
1742
1906
2851
3248
2807
2330
2223
2187
1854
1396
1122
981
603
85
-368
-558
-883
-1507
-2034
-2345
-2261
-2121
-2078
-1994
-1684
-1187
-981
-959
-537
265
747
526
298
489
613
275
-157
-199
-191
-468
-1141
-1696
-2068
-2443
-2878
-3421
-3712
-3609
-1663
1934
4743
4476
2359
1863
2742
3122
2684
3499
5674
6739
5599
4004
4443
5967
6059
3831
1848
1505
1129
-336
-1860
-1543
-778
-1515
-3689
-5450
-5566
-5249
-5612
-6518
-6725
-6098
-5363
-5045
-4778
-4043
-3277
-2799
-2984
-3161
-2680
-1472
-239
25
-260
-379
-31
185
199
415
768
706
-52
-618
-360
436
599
62
-96
537
1238
1197
1031
1400
2113
2500
2576
2953
3593
3813
3240
2767
2900
2938
2195
1234
1102
1398
1352
894
603
587
382
-1
-86
333
597
333
-170
-297
-146
-113
-100
-112
-96
-184
-253
-206
-60
178
153
-221
-541
-500
-426
-650
-1057
-1383
-1725
-2013
-2147
-2256
-2316
-2296
-2245
-2389
-2658
-2800
-2694
-2618
-2708
-2800
-1461
1935
5126
5658
3941
3199
3881
3991
3141
3155
4959
6402
5678
3803
3463
4792
5389
3699
1352
448
6
-1165
-2405
-1870
-292
-326
-2422
-4618
-4885
-4121
-4116
-4951
-5359
-4879
-4297
-4077
-3960
-3414
-2791
-2463
-2682
-3036
-2859
-2288
-1594
-1089
-617
-256
-176
-298
-447
-340
182
767
686
132
-71
452
968
982
950
1016
894
472
313
846
1636
1920
1641
1502
1861
2201
2320
2638
2778
2078
978
678
1164
1522
1603
1571
1455
1467
1778
1935
1775
1741
1766
1291
676
809
1150
870
177
-360
-793
-1313
-1617
-1775
-1872
-1787
-1688
-1905
-2105
-1821
-1362
-1280
-1483
-1426
-1383
-1513
-1532
-1285
-896
-876
-1162
-1332
-1252
-1251
-1531
-1828
-1997
-2434
-2092
619
4188
5439
3632
2132
2715
3242
2471
1991
3475
5484
5533
3926
3364
4741
5704
4041
1424
723
960
46
-1477
-1268
349
379
-1799
-4139
-4617
-3907
-3950
-4857
-5257
-4697
-4243
-4377
-4308
-3415
-2678
-2646
-2879
-3023
-2747
-2187
-1301
-494
-84
155
198
70
-129
-210
-45
260
151
-362
-598
-162
356
39
-365
-165
238
459
849
1976
2981
2876
1937
1254
1370
1754
1717
1572
1849
2081
1922
1641
1974
2491
2259
1734
1594
1955
2013
1443
922
788
640
28
-699
-908
-654
-756
-1173
-1370
-1158
-890
-1057
-1115
-808
-394
-197
-380
-461
-301
-186
-384
-676
-598
-432
-747
-1372
-1726
-1736
-1694
-2002
-2458
-2675
-2785
-3069
-3571
-2344
1376
4854
5050
2671
1828
3063
3575
2596
2596
4893
6906
6118
3970
3712
5339
5865
3619
1075
675
860
-71
-1389
-1061
31
-726
-3317
-5622
-5831
-4766
-4383
-4979
-5314
-4854
-4386
-4551
-4657
-3821
-2731
-2115
-2280
-2672
-2357
-1400
-406
-152
-254
-50
147
-133
-604
-463
294
804
392
-280
-276
327
590
179
97
633
1199
1520
2128
3056
3200
2177
1024
908
1447
1559
1200
1160
1544
1551
1086
838
1148
1336
1006
746
1019
1502
1457
861
454
487
361
-264
-722
-514
-170
-335
-560
-393
-111
-53
-142
-118
8
131
162
-102
-324
-248
-381
-796
-1160
-1175
-1158
-1545
-2057
-2468
-2747
-3032
-3394
-3634
-3612
-3619
-2301
1745
6185
7140
3901
1503
2385
3707
3579
3750
6381
9032
8260
5098
3669
5065
5877
3375
168
19
1071
424
-1537
-1878
-887
-2113
-5513
-8285
-8136
-6208
-5264
-5694
-6067
-5789
-5752
-6282
-6265
-4761
-3168
-2332
-2079
-2035
-1297
-262
750
883
469
750
1399
1758
1754
2108
2806
2918
1661
237
112
1036
1471
500
-32
255
684
1092
2001
3057
2437
485
-1081
-1046
-55
742
698
75
-240
-379
-492
-466
446
1307
907
270
610
1820
2220
1742
1272
1017
758
443
491
778
704
-279
-1444
-1700
-1044
-364
-407
-552
-419
-626
-1038
-1445
-1198
-790
-1268
-1998
-2198
-1754
-1836
-2809
-3596
-3552
-3470
-3689
-3729
-2600
3386
11341
14446
8642
901
1287
6114
8760
9000
11659
15259
13177
5439
159
2016
5810
4763
-462
-1694
906
259
-4378
-8245
-7612
-8007
-11559
-13812
-11633
-7147
-5624
-8351
-11583
-11938
-10391
-8493
-6415
-3029
205
555
-320
-968
135
2598
4438
5087
4816
5624
7004
6757
5192
4237
3830
2845
1258
539
1829
2538
801
-2726
-4732
-3256
-2050
-1972
-1146
380
-778
-4620
-5523
-1962
537
-318
-1141
-404
314
-90
158
1585
2481
3030
2745
2434
3732
5200
4408
1660
757
2165
2159
646
420
454
-1322
-3821
-4305
-2971
-2149
-2236
-2965
-3631
-3406
-2927
-2956
-2855
-1875
-1356
-1996
-2712
-1939
-1424
-1810
-2088
-2254
-1571
-92
8579
19881
22495
11699
-664
1737
11856
17116
16047
17043
18354
11947
460
-3768
2967
8259
4347
-4150
-5803
-2574
-5170
-11816
-15687
-13595
-13055
-15491
-15024
-10649
-7647
-10432
-15615
-17506
-13224
-6747
-1759
379
487
264
-1107
-906
1428
5620
9659
10193
7900
5609
6264
7082
5127
2115
2353
3957
2951
267
-1253
-911
-3215
-7655
-8999
-5785
-2085
-2993
-5426
-5049
-3535
-3924
-3422
942
6088
6408
2375
498
1715
3878
4272
4247
5967
6586
4444
1525
1717
3579
3051
780
674
2336
2056
-355
-2891
-3611
-3820
-4364
-4564
-4049
-3075
-3792
-6125
-6939
-5016
-2887
-2240
-1868
-830
-210
-968
-1212
-821
106
513
551
266
-15
602
5297
17744
25729
19248
2136
-2850
9468
20270
20051
15847
15999
12845
2797
-4305
47
8078
6630
-3050
-9303
-5787
-4066
-10267
-16997
-17249
-13324
-13127
-13321
-11505
-10113
-12457
-16748
-17733
-12662
-4071
1406
1214
-2011
-2986
-1079
1276
4418
7359
10296
10141
6565
3478
4219
6725
5116
1188
824
3956
3247
-1920
-5639
-5225
-4700
-7292
-7890
-4417
-1417
-3911
-8516
-7612
-2698
342
2636
6157
7216
2530
-2120
177
5444
8470
8621
6302
3027
2197
3419
3423
2114
2913
3991
1735
201
1350
521
-3186
-5400
-3935
-2666
-2913
-3505
-5428
-7701
-7018
-4999
-3547
-2759
-1704
-1391
-2681
-2249
-52
996
848
392
-59
-355
280
335
-192
4
10680
25893
26579
9792
-7157
854
18798
24460
17988
14880
16039
8827
-3271
-4411
6777
10933
1874
-8730
-7782
-1354
-6551
-16708
-20598
-14670
-9611
-11156
-11708
-11145
-12618
-17371
-19046
-14040
-4284
2140
1147
-3695
-6388
-2635
1477
3923
6312
9260
11244
7595
2870
2313
5707
5949
1683
-305
3516
5242
-1666
-8666
-8856
-4711
-4503
-7102
-5401
-2532
-4151
-9564
-9888
-3304
2066
1757
3522
8736
7738
-94
-3619
3822
10204
9761
8530
7411
3353
-276
1677
4870
5004
4181
3737
855
-1657
-794
-1214
-3277
-3643
-1997
-3010
-5583
-5983
-6717
-7762
-5773
-2237
-1861
-3475
-3173
-2233
-2829
-2073
1266
2432
1468
743
116
-610
-1040
-638
19
1563
14176
27559
23785
3378
-10714
2971
22862
26643
17188
12563
12504
5900
-3723
-1964
9304
10528
-162
-9600
-6295
-949
-8572
-19139
-20718
-11914
-5975
-8254
-11705
-13696
-15714
-18150
-16362
-9085
433
3258
-1550
-7329
-7058
-60
4484
5253
6239
9319
10643
5640
526
1545
5889
5437
1643
1309
4703
2277
-7286
-12287
-8185
-1408
-1615
-5099
-4800
-3499
-6585
-10530
-6748
1909
4408
-564
-2213
1224
2498
606
1581
6599
8138
5940
4926
5271
4812
3847
4493
6003
6578
5488
3048
-77
-1507
-1167
-747
-368
-808
-2573
-5107
-6254
-5602
-4784
-3889
-2449
-1860
-3191
-4293
-3257
-1481
-916
-530
552
822
-445
-1491
-1902
-765
-865
-939
-504
7263
24195
27172
9894
-11268
-4322
20665
30032
19800
9951
10582
7979
413
-1531
7430
11574
2571
-7847
-8387
-893
-4473
-16807
-22016
-14867
-4786
-5204
-11203
-16542
-17673
-16862
-13970
-8839
-1821
2371
-1801
-7701
-8281
-531
6170
5688
4550
7173
11447
8417
1154
-685
4548
7471
4210
2258
3804
2374
-7203
-13252
-8791
-1180
-674
-6792
-9112
-7672
-7807
-10196
-8424
-1520
3280
1869
1008
7179
9375
3297
-1792
4700
13484
11990
7578
6192
3639
-1192
924
7683
8546
2783
-667
-700
-2212
-1800
-210
-783
-3037
-3642
-3180
-5127
-6517
-6408
-6144
-4728
-891
231
-2712
-4455
-2962
-374
993
3438
4555
2429
-102
-52
627
547
-242
391
-363
-1886
-2445
8112
24452
22206
967
-15086
1701
25452
26113
10831
4799
9176
6927
584
1793
9979
8204
-2921
-8605
-2946
3086
-5941
-17793
-18766
-9327
-2590
-6005
-11901
-16320
-16223
-14051
-9948
-5851
-2001
-1689
-6163
-8330
-4839
3082
5428
2437
2174
6461
9746
4998
-528
534
5690
5738
2306
2182
3672
-209
-9068
-10404
-3561
1409
-2196
-8236
-8255
-6152
-6898
-8506
-5379
160
1784
208
709
6829
10171
5646
982
4772
11980
10775
5460
4992
5684
1226
-266
5167
7427
1999
-2717
-1572
-1114
-1673
-330
-359
-2938
-3717
-2145
-3313
-5788
-5365
-3430
-3301
-3179
-1778
-1680
-2218
-2034
-796
517
2316
3527
1773
8
723
2114
968
-638
-1098
-1015
-1650
-3781
-3487
-834
13605
24738
15600
-5995
-13151
9019
26440
21576
8200
6907
10437
6299
245
2531
9045
5116
-2763
-4831
1014
1450
-11623
-20459
-16633
-4818
-814
-7406
-14885
-17511
-15299
-12925
-9780
-6233
-1555
-2499
-6827
-7162
-2336
3182
1519
-156
4155
10794
10590
2456
-2506
694
6210
5700
3702
3741
3267
-2634
-9265
-7131
-924
1167
-3850
-7744
-5735
-3391
-4755
-7240
-4199
1872
3764
1157
506
2724
2532
1482
4049
8901
8204
3817
2216
3298
4135
4381
5631
5062
2641
1282
1313
369
-614
379
976
17
-1621
-2079
-2965
-4509
-4706
-3708
-2039
-1457
-2376
-4064
-4084
-2276
-788
-339
-244
547
485
-247
-432
58
272
-439
-963
-1335
-1219
-1073
-2566
-3581
-765
16277
27338
15605
-8262
-11754
13784
28533
19816
6084
7523
10970
5408
-642
3054
8486
2850
-4631
-5014
1549
-725
-14886
-21967
-15376
-2556
-764
-9405
-17562
-18397
-13879
-10466
-7988
-5505
-1586
-3116
-6745
-6188
-417
4462
1757
493
5673
12241
9507
-304
-3737
2378
8351
6184
3212
3059
2001
-4631
-9551
-5121
1267
1079
-5421
-7325
-3893
-3287
-7968
-9570
-3304
2637
2767
509
1605
2149
452
2119
7572
10681
7349
3893
3650
3808
3626
5113
6507
4609
2270
1803
1798
-357
-1325
428
1714
1134
-767
-2270
-3742
-4652
-4580
-3566
-2078
-1768
-3337
-5356
-4765
-2714
-1676
-1399
-605
117
-781
-984
-11
590
107
-211
1015
1035
-418
-1716
-1469
-2332
-2620
-762
14154
28073
18466
-5467
-15345
8145
28038
22644
7406
4917
8982
4888
-1131
485
6946
3448
-3824
-5166
-139
-173
-13175
-21537
-16254
-3181
1893
-6070
-15333
-17618
-12746
-8748
-6263
-4081
113
-56
-4435
-5061
-1183
3275
903
-884
4365
10935
8331
-2465
-7242
-1710
5307
4335
1127
658
-237
-5369
-10453
-6547
340
1483
-3982
-7027
-3799
-1744
-4384
-6692
-2560
3654
5992
4044
2699
3626
3834
4580
7007
12252
16919
12442
2314
-1490
4031
8169
5123
3593
4388
-813
-7592
-5199
-222
-1254
-3352
-950
50
-3818
-5218
-4008
-4709
-3641
1126
2212
-2861
-6791
-5685
-3434
-1805
710
1316
-529
-1250
-946
-743
-692
674
1627
845
878
1446
-3
-3384
-4291
-1961
251
-221
-1550
-3140
-4228
-3649
10313
24140
17100
-4085
-11603
10400
26637
19913
5856
5293
10118
7807
3176
3379
5672
0
-4899
-3583
1655
-237
-12636
-19261
-14778
-4109
-63
-5714
-13246
-15597
-10955
-6016
-3454
-3404
-1393
-1065
-2550
-1787
1012
3505
368
-1511
3201
9675
7527
-2562
-7708
-3506
2381
984
-1948
-2475
-3189
-7851
-12049
-8400
-2603
-1837
-6136
-6898
-2659
-383
-3074
-5119
-714
5671
8411
6714
5813
7111
7673
7756
9430
13712
17368
14213
5871
1654
3943
6141
3653
2573
3570
-717
-7927
-8266
-4106
-3918
-5739
-4261
-2452
-4436
-5734
-4657
-4746
-3631
873
3496
299
-3421
-2554
-434
155
1194
2649
2273
1125
353
-80
-281
162
348
-310
-685
-56
-1522
-5325
-6823
-4753
-2722
-3322
-4527
-4642
-4921
-5400
-5352
-3485
-1872
9988
24448
20485
853
-10834
8274
27826
25381
11839
8718
12238
8507
2462
1699
5844
2039
-3524
-4018
-233
-1738
-13895
-21519
-17140
-5244
349
-5301
-13663
-16473
-11515
-6623
-3711
-2417
751
1864
-722
-1246
963
3839
1430
-423
3837
9804
7192
-3909
-9904
-5681
965
-94
-3912
-4665
-4814
-8499
-12847
-9737
-2992
-614
-4166
-5650
-1387
1982
15
-2798
990
8105
11778
9744
7047
7172
7573
7568
8294
11403
12539
8464
2771
1401
3603
3320
776
92
1548
78
-3506
-5217
-4873
-4371
-3110
-436
93
-2206
-3663
-2798
-1913
-717
2264
4106
2392
-336
-264
967
556
-410
-393
404
406
-1291
-4077
-5370
-4426
-3201
-3236
-3717
-3746
-4627
-6204
-6082
-3923
-2080
-2092
-2355
-2051
-1706
-1214
-498
-523
-206
552
2104
1521
4462
19973
25587
11783
-8747
-3686
20872
27711
14354
1685
4522
6528
3080
-1414
527
783
-4981
-7417
-4850
-317
-5968
-16226
-18044
-8942
2135
2255
-5979
-12992
-10075
-2998
424
-172
-465
2195
1146
-490
-127
2467
1425
-3432
-3153
2995
6704
-724
-10219
-11452
-4848
-1008
-3477
-5382
-5403
-5672
-8480
-8364
-3654
559
129
-2382
-689
3237
4553
1671
416
4248
9275
11155
8569
5981
4803
4596
4870
6357
8396
7537
3868
920
1737
2902
2261
1265
1866
2585
1288
-139
-718
-836
-1217
-266
1586
1725
-708
-3220
-3191
-1883
-380
434
7
-1597
-2830
-2182
-1515
-1880
-2475
-2363
-2205
-2413
-2975
-3958
-4679
-4561
-3027
-1686
-1674
-2519
-3335
-3230
-2261
-913
-338
-231
4
30
-254
-565
-450
-355
-611
-515
-277
-610
-2281
-3468
-2564
10676
22706
15999
-3888
-11260
8388
22855
17968
5924
5113
8062
5250
1572
1770
3904
-639
-3698
-1606
3404
1442
-9247
-15738
-12166
-1479
3765
-469
-8853
-12203
-7908
-3800
-2385
-2730
-599
-437
-2919
-3561
-1143
-34
-5136
-7440
-1997
5596
2984
-7122
-11608
-7464
-1791
-1656
-2338
-1499
-1199
-4004
-5855
-2599
1984
3105
494
980
4942
7112
4013
-223
1109
6358
9922
8176
4798
3100
2590
2007
2006
4150
5203
3260
287
405
2754
2647
598
357
3264
5633
4893
2453
901
627
1098
2249
3064
1911
-1650
-4266
-3432
-1597
-1745
-3279
-4183
-4141
-3381
-2336
-2655
-4426
-4726
-2260
-306
-1019
-2685
-3420
-3514
-3064
-1682
-543
-1044
-2750
-3444
-2249
-518
-175
-1061
-1530
-718
531
167
-1129
-1563
-1228
-660
-386
-287
-545
-1875
-2669
-2646
-1381
-510
-40
-166
8824
20721
17491
1039
-8082
7843
23163
20690
9099
5483
7075
4044
688
544
2788
-955
-4946
-4587
-1115
-1578
-9457
-15268
-13068
-3761
2763
117
-7460
-11153
-6890
-2005
-487
-973
681
1496
-1038
-2199
-638
787
-3518
-6676
-2740
3872
2789
-6283
-11567
-8808
-3155
-1999
-2341
-1678
-1666
-4023
-5692
-2478
1908
2994
801
929
4784
7434
5391
1196
1012
4936
8711
8617
5911
3566
1811
724
749
2863
4222
2340
-839
-1171
1348
2120
87
-983
1803
4942
4781
2747
1962
2143
1200
1378
3676
4094
67
-4001
-3703
-2017
-2392
-3678
-3835
-4256
-4476
-3200
-2396
-3504
-4420
-2441
-84
121
-753
-1268
-1998
-2624
-1657
127
330
-1426
-2627
-1926
-508
-206
-1022
-1331
-286
770
501
-429
-889
-464
-187
-327
-120
35
-608
-1701
-1963
-806
0
-370
-1360
-1412
-1026
-1048
-1275
2832
13684
17967
8398
-4576
-1324
13398
18142
10672
4145
5630
5653
2223
-662
-418
-1087
-4076
-4032
-995
1335
-2808
-9953
-12471
-7130
1185
3851
-800
-6773
-6634
-2628
-820
-1872
-1833
284
-30
-1986
-2272
-1133
-2863
-7142
-7081
-1367
3179
-215
-6705
-8685
-5436
-2358
-2066
-1480
-92
256
-1445
-2031
246
2718
2276
371
1396
4937
6643
3653
-410
-692
2389
4877
4534
3049
1819
514
-770
-455
1319
1953
569
-518
928
2974
2622
377
-660
1181
3803
4903
4483
3671
2587
1588
2303
4237
4319
1692
-457
-68
282
-1308
-3199
-3853
-3701
-3113
-2050
-2099
-3749
-4719
-3110
-1026
-377
-161
-22
-703
-1644
-1109
232
52
-1349
-1763
-790
-128
-844
-2107
-2423
-1631
-664
-235
-604
-1029
-1379
-1577
-1239
-445
-12
-750
-1817
-1691
-787
-381
-763
-969
-985
-998
-745
-695
-602
-1043
-1006
-1170
969
7430
12865
10468
1450
-1102
5736
12561
11155
6365
5350
5563
4177
1594
1118
324
-1826
-2725
-736
2144
1151
-3278
-7667
-7620
-3426
438
407
-2551
-4154
-3567
-2710
-2867
-3102
-2539
-2372
-2412
-1759
-555
-1098
-4305
-6743
-5555
-1940
-531
-2216
-4225
-4378
-3638
-3560
-3210
-2116
-1072
-1226
-1345
36
1867
1846
-203
-1313
250
3163
4566
3816
2512
1998
2289
2431
2454
2567
2831
2740
2437
2531
2735
2068
521
50
1639
3748
4134
2824
1512
1118
1385
1757
2114
2208
1930
1813
2197
2600
2264
1947
1667
759
-332
-181
419
-871
-2628
-2768
-2268
-3166
-3672
-2611
-2508
-3900
-3724
-1399
-767
-2217
-2346
-928
-945
-2141
-2013
-1076
-1369
-2006
-1491
-838
-1234
-1877
-1814
-1612
-1217
-437
133
-256
-826
-478
209
447
198
267
517
601
544
551
667
325
-176
-318
290
732
256
-542
-733
-162
72
-157
-260
529
2048
3390
3914
3564
3411
3858
4264
4024
3730
4133
4501
4135
3464
3096
2586
1546
839
1028
1314
824
-54
-516
-778
-1302
-2012
-2616
-3052
-3407
-3478
-3399
-3363
-3426
-3475
-3516
-3704
-3776
-3600
-3242
-2990
-2719
-2168
-1537
-1226
-1390
-1556
-1409
-1039
-726
-538
-376
-365
-640
-1023
-1085
-697
-361
-480
-897
-948
-411
238
555
533
690
1073
1530
1840
2014
2039
1820
1786
2176
2874
3081
2570
1852
1607
2029
2424
2435
2153
2156
2417
2490
2233
1801
1486
1289
1375
1633
1657
1269
737
314
-71
-225
-22
53
-480
-1117
-1118
-870
-1099
-1603
-1779
-1741
-1897
-2109
-2184
-2233
-2388
-2528
-2553
-2473
-2278
-2181
-2364
-2545
-2215
-1528
-1100
-973
-758
-429
-382
-533
-485
-210
64
230
416
538
496
267
9
-113
-84
20
89
264
461
449
112
-221
-137
226
501
439
244
157
283
646
1127
1644
2122
2602
3033
3295
3377
3413
3548
3676
3798
3929
3928
3599
3098
2821
2676
2339
1794
1386
1111
647
-43
-809
-1548
-2220
-2498
-2388
-2405
-2860
-3361
-3444
-3351
-3384
-3468
-3433
-3508
-3780
-3881
-3599
-3258
-3293
-3520
-3429
-2868
-2329
-2269
-2517
-2562
-2217
-1815
-1546
-1289
-1001
-924
-1102
-1087
-579
26
144
3
384
1340
2017
1911
1632
1902
2486
2790
2828
3028
3303
3256
3030
3175
3660
3765
3252
2785
2906
3234
3262
3194
3348
3430
3068
2472
2028
1784
1722
1754
1536
927
401
231
-34
-557
-848
-905
-1366
-2001
-1932
-1475
-1742
-2615
-3011
-2961
-3223
-3597
-3528
-3398
-3635
-3693
-3252
-2977
-3182
-3262
-2963
-2710
-2522
-2009
-1354
-1059
-988
-746
-448
-300
-120
226
532
653
709
775
797
737
671
669
725
747
675
644
772
924
970
1048
1220
1266
1112
1068
1295
1519
1586
1801
2363
2952
3206
3161
3075
3049
3130
3344
3508
3306
2768
2335
2265
2260
2010
1649
1352
1014
609
378
261
-165
-909
-1438
-1587
-1831
-2390
-2875
-3065
-3181
-3308
-3274
-3207
-3448
-3942
-4259
-4234
-4061
-3945
-3899
-3813
-3565
-3149
-2805
-2689
-2607
-2286
-1845
-1546
-1305
-923
-520
-388
-412
-251
112
420
615
849
1124
1340
1537
1815
2109
2290
2378
2450
2504
2547
2633
2681
2611
2574
2769
3090
3195
2976
2648
2431
2370
2408
2480
2476
2342
2193
2302
2673
2808
2358
1715
1358
1040
513
191
191
-244
-1256
-1806
-1553
-1518
-2071
-2379
-2300
-2501
-2705
-2242
-1881
-2504
-3199
-2951
-2604
-2979
-3188
-2646
-2286
-2469
-2295
-1718
-1807
-2467
-2499
-1780
-1205
-1005
-800
-650
-661
-513
-128
78
-4
-22
153
371
554
650
592
512
613
816
886
825
808
955
1305
1746
1987
1938
1833
1791
1652
1498
1618
1840
1717
1370
1338
1554
1561
1446
1643
1997
2053
1915
1964
2130
2143
2042
1991
1929
1825
1752
1639
1355
974
648
327
-29
-293
-425
-652
-1109
-1636
-2033
-2325
-2551
-2646
-2647
-2758
-3086
-3403
-3431
-3286
-3285
-3474
-3581
-3459
-3215
-2960
-2726
-2581
-2539
-2410
-2048
-1612
-1361
-1279
-1177
-946
-636
-314
-77
-34
-59
135
585
986
1126
1149
1246
1427
1680
2003
2278
2334
2285
2428
2750
2918
2856
2850
3028
3158
3085
2958
2849
2650
2419
2441
2726
2929
2785
2373
1886
1501
1327
1197
844
348
73
-13
-261
-703
-1075
-1405
-1884
-2231
-2088
-1839
-2101
-2699
-2988
-2918
-2947
-3154
-3254
-3196
-3095
-2917
-2673
-2557
-2605
-2594
-2383
-2066
-1742
-1468
-1286
-1096
-735
-255
54
94
113
302
567
711
720
739
856
1024
1143
1209
1260
1239
1148
1187
1476
1796
1894
1867
1911
1961
1886
1772
1707
1617
1492
1430
1375
1180
947
864
813
618
448
515
643
618
636
892
1090
933
638
579
705
716
577
439
312
131
-28
-121
-235
-430
-632
-768
-859
-907
-913
-973
-1189
-1468
-1608
-1608
-1647
-1817
-2018
-2143
-2192
-2184
-2127
-2052
-2027
-2064
-2079
-2019
-1905
-1787
-1646
-1483
-1296
-1083
-846
-673
-651
-670
-530
-214
78
196
243
355
539
715
876
1053
1225
1361
1502
1715
1938
2068
2088
2082
2126
2202
2246
2194
2070
1984
2007
2023
1911
1751
1653
1525
1261
996
878
791
577
346
247
157
-107
-422
-565
-581
-696
-954
-1213
-1361
-1410
-1419
-1436
-1464
-1474
-1434
-1378
-1334
-1290
-1251
-1211
-1122
-936
-759
-747
-888
-995
-942
-807
-691
-609
-517
-448
-445
-460
-423
-342
-232
-41
237
484
565
500
434
505
730
974
1080
1006
896
848
821
760
721
781
832
778
673
642
642
555
441
462
616
695
587
398
291
265
262
283
346
423
451
414
357
340
384
444
440
370
294
243
162
27
-99
-163
-216
-320
-465
-610
-762
-923
-1033
-1061
-1077
-1155
-1269
-1353
-1372
-1340
-1302
-1290
-1312
-1312
-1265
-1200
-1164
-1166
-1160
-1101
-984
-861
-792
-777
-728
-558
-320
-151
-77
-24
86
228
354
488
639
758
812
856
976
1136
1259
1351
1482
1646
1717
1652
1541
1514
1568
1612
1601
1562
1496
1361
1145
918
768
694
606
453
285
124
-47
-229
-367
-421
-445
-484
-553
-612
-646
-677
-729
-782
-805
-807
-823
-876
-939
-962
-937
-907
-908
-933
-946
-930
-897
-845
-767
-683
-631
-593
-533
-431
-324
-228
-119
3
127
202
225
245
301
378
453
541
624
656
607
538
543
623
683
683
665
675
679
624
556
551
596
617
587
554
548
536
466
395
382
408
378
252
121
40
-22
-113
-212
-265
-290
-368
-499
-608
-630
-607
-611
-621
-602
-555
-541
-565
-557
-486
-418
-403
-397
-341
-252
-224
-261
-273
-218
-147
-129
-154
-174
-175
-184
-214
-249
-277
-307
-345
-361
-337
-301
-300
-328
-335
-279
-191
-122
-80
-34
42
120
182
219
240
279
336
407
468
477
440
405
414
461
482
462
428
407
388
360
346
346
344
320
294
296
303
269
216
182
191
203
190
160
127
87
37
-1
-5
3
-5
-47
-94
-121
-135
-147
-152
-145
-131
-114
-102
-95
-93
-86
-66
-30
20
58
64
40
4
-13
-6
8
-1
-32
-82
-146
-202
-228
-210
-188
-190
-215
-239
-240
-229
-212
-176
-124
-73
-36
-16
-2
8
24
72
138
201
219
189
158
154
172
193
209
214
203
170
133
103
78
48
23
14
3
-30
-86
-145
-175
-182
-180
-174
-163
-156
-172
-193
-205
-191
-168
-140
-110
-98
-114
-145
-165
-169
-159
-138
-119
-108
-108
-117
-128
-137
-133
-115
-82
-42
-16
-15
-28
-37
-25
5
38
68
86
90
79
67
65
71
84
95
103
101
94
75
57
48
63
86
105
117
107
97
94
105
124
144
162
158
146
134
124
122
118
113
109
100
71
31
4
-4
-2
-3
-19
-46
-77
-105
-108
-86
-56
-38
-40
-48
-44
-31
-11
23
72
116
142
144
128
125
140
167
201
212
191
146
94
62
49
46
38
11
-33
-87
-141
-173
-179
-167
-149
-144
-160
-190
-213
-208
-169
-111
-55
-29
-36
-62
-78
-65
-32
17
52
61
33
-9
-41
-46
-17
19
50
51
22
-15
-39
-30
10
56
84
77
43
2
-19
-15
14
40
46
28
-11
-52
-77
-82
-65
-47
-40
-47
-73
-98
-109
-98
-67
-32
-5
-7
-22
-35
-39
-22
7
23
31
21
-2
-27
-48
-57
-53
-38
-25
-28
-44
-60
-72
-59
-25
13
41
49
52
61
71
88
100
113
121
124
125
112
89
63
43
31
32
40
33
11
-12
-24
-23
-13
1
3
3
4
10
15
5
-11
-26
-27
-21
-17
-38
-74
-107
-116
-109
-102
-101
-111
-114
-111
-101
-84
-72
-62
-41
-10
21
41
50
53
74
98
120
134
138
133
130
126
120
111
102
93
85
80
64
44
27
22
27
39
47
45
35
24
28
40
55
70
70
72
62
51
46
43
39
30
21
4
-14
-36
-50
-62
-71
-75
-81
-88
-105
-123
-131
-130
-121
-110
-105
-112
-112
-109
-105
-94
-87
-80
-70
-57
-58
-56
-54
-48
-41
-33
-28
-25
-25
-24
-19
-13
-4
1
0
6
15
22
27
30
34
46
57
60
62
61
67
71
78
86
84
80
71
63
62
62
61
59
54
47
39
33
28
29
30
33
27
15
5
-5
-16
-21
-23
-27
-35
-53
-65
-73
-77
-79
-75
-77
-82
-81
-85
-85
-78
-70
-61
-44
-34
-26
-21
-19
-9
7
24
32
35
31
36
42
49
59
60
62
56
52
53
51
49
54
55
57
53
44
38
32
30
39
45
48
40
25
14
10
13
20
26
26
20
14
5
-2
-1
10
20
22
11
-4
-15
-24
-24
-20
-13
-17
-31
-39
-46
-51
-55
-58
-60
-61
-65
-75
-85
-94
-97
-97
-97
-99
-103
-103
-108
-110
-100
-85
-73
-68
-61
-52
-39
-22
-6
8
24
40
57
67
73
75
79
86
99
104
100
91
82
78
82
87
82
84
83
85
92
92
87
86
84
85
92
92
88
82
76
76
69
57
44
32
23
15
3
-13
-29
-43
-54
-68
-84
-101
-114
-121
-124
-127
-133
-139
-138
-139
-131
-122
-115
-111
-105
-94
-81
-69
-63
-56
-52
-40
-31
-25
-22
-19
-16
-9
0
0
4
7
17
31
40
43
48
54
66
77
85
88
87
88
90
95
95
92
80
74
72
68
60
52
39
31
26
20
17
4
-3
-12
-17
-19
-25
-29
-32
-33
-32
-31
-33
-36
-34
-29
-27
-26
-28
-29
-29
-26
-20
-26
-33
-33
-34
-39
-35
-29
-25
-18
-16
-7
1
7
18
27
37
45
54
62
72
73
74
71
72
72
68
60
51
46
35
30
21
9
1
-7
-16
-17
-19
-26
-26
-26
-27
-30
-27
-28
-32
-28
-30
-29
-29
-32
-33
-33
-37
-41
-42
-41
-46
-54
-56
-55
-53
-57
-55
-51
-46
-45
-41
-40
-33
-29
-21
-11
-4
3
10
16
20
22
25
32
36
38
39
40
37
31
26
25
22
15
10
5
5
7
3
3
7
7
7
9
10
13
19
24
25
25
27
32
36
33
31
32
29
28
19
15
15
8
4
-2
-2
-4
-5
-7
-10
-5
-11
-9
-8
-10
-7
-8
-5
0
1
6
6
6
5
1
3
1
-1
-6
-7
-11
-13
-15
-20
-21
-20
-21
-24
-26
-20
-18
-21
-18
-16
-12
-11
-8
-7
-4
-3
-1
3
3
9
6
5
4
3
9
10
7
7
7
4
3
6
7
4
3
0
0
-2
-1
-3
-4
-1
-2
-1
-4
0
0
2
0
-3
2
3
0
-1
0
1
0
1
-1
3
4
0
-3
-4
-3
-4
-2
-3
-2
1
0
2
1
-1
-3
0
0
2
4
4
2
5
9
6
4
1
5
5
3
3
1
0
-2
0
2
0
0
0
2
3
2
2
2
-2
4
2
3
4
1
1
2
-1
-1
-5
-2
3
-2
-4
-5
-6
-5
-1
-2
-8
-9
-7
-6
-8
-2
0
0
-1
6
4
2
5
6
5
5
8
8
6
4
3
4
4
4
2
1
3
5
3
4
6
2
2
1
0
1
0
0
-1
-2
-5
-5
-9
-11
-7
-6
-5
-6
-4
-2
-2
-3
-1
-3
-3
-1
-2
-4
-5
0
0
3
0
1
0
-6
-1
-3
0
2
2
-1
-1
1
0
0
1
1
7
6
4
5
3
2
4
5
5
3
5
2
-1
-3
-3
-1
-5
-1
-4
-3
-4
-6
-3
-2
-4
-3
-1
0
0
0
0
0
-1
-1
0
1
1
-4
-1
-3
-1
-2
-2
-3
-5
-5
-6
-1
1
-2
-1
-1
-1
1
1
4
5
5
8
2
4
3
2
8
9
10
8
8
5
4
7
6
6
0
1
0
1
0
4
0
-2
1
1
2
3
1
-2
3
4
4
2
0
0
-2
-3
-3
-1
-3
-6
-1
-3
-6
-4
-4
-5
-4
-7
-6
-5
-7
-9
-5
-4
-3
-1
-3
-4
-3
-4
-4
-5
0
0
-2
-1
2
0
3
4
4
5
4
4
5
4
2
1
4
5
4
3
-1
1
3
4
4
0
1
2
0
2
0
-3
-2
-2
-4
-1
-2
-4
-3
-4
0
1
1
-1
0
-3
-1
-2
-1
0
-4
-2
-2
-4
-6
-3
-5
-5
-2
-1
-5
-7
-1
1
-1
0
-1
-2
2
0
3
1
1
2
2
4
2
5
5
3
1
4
7
6
5
7
10
9
8
5
5
8
6
5
7
3
2
2
1
3
2
2
3
3
5
2
3
-2
-2
-5
-6
-3
-4
-2
-5
-6
-6
-6
-8
-8
-5
-5
-9
-7
-5
-5
-3
-4
-3
-3
-4
-5
-9
-6
-2
-2
0
-1
0
0
2
2
3
4
5
4
5
6
5
4
4
1
5
6
4
3
1
1
1
1
-1
2
-1
-5
0
-1
-1
0
1
3
-4
-4
-1
3
0
-3
0
-2
-2
-2
-1
0
-2
-1
0
1
-2
-3
0
-1
-1
-3
-3
-4
-4
0
0
2
4
2
2
4
2
0
-1
1
5
2
-1
0
-2
0
1
5
1
-1
2
1
2
1
0
-2
-3
-1
-5
-4
-5
-10
-4
-2
-3
-2
2
1
0
0
-2
-1
1
3
5
6
4
2
4
5
4
4
3
2
1
3
6
2
0
2
2
-3
1
0
-1
2
2
2
3
0
-2
-2
-1
1
1
0
0
1
2
3
4
1
3
1
0
0
-1
1
2
1
4
3
1
2
-3
-3
0
1
0
0
-2
0
-3
-2
0
-3
-5
-4
-1
-1
-2
-4
-5
-4
-2
-1
-1
-2
-4
-7
-4
-5
-6
-1
-3
-2
-1
-1
-2
-2
-3
-3
-1
-1
1
3
1
3
2
1
3
2
2
1
-1
4
0
0
-1
0
0
1
2
-1
0
1
-2
-2
1
-1
4
2
2
0
3
2
2
2
0
0
0
2
0
0
-1
-1
0
-1
-3
-1
2
-1
-2
-3
-3
-4
-1
2
1
4
1
3
3
3
2
3
3
2
3
3
1
1
0
3
3
2
7
0
1
2
0
1
-1
0
0
-2
-3
-5
-5
-2
-5
-2
3
-2
-1
-1
-2
-2
-4
0
0
0
3
0
4
4
4
2
1
0
2
5
2
1
-2
-1
-2
-1
3
1
0
4
1
0
1
-1
3
-1
1
1
0
1
3
3
-1
1
-1
-4
-2
-2
-7
-6
-3
-3
-4
-3
-2
-4
-6
-3
-3
-4
-2
0
-3
-4
-1
-1
2
1
2
3
2
1
-1
-4
-5
-3
-4
-1
-1
-3
-2
-4
-5
-6
-4
-1
-1
-3
0
1
1
-2
1
2
4
4
4
5
4
5
4
3
4
4
5
6
7
8
5
6
4
3
5
4
2
4
1
1
0
0
1
-2
-3
0
1
0
0
-1
2
0
1
0
-3
-1
1
2
-1
-2
-3
4
2
0
-1
-4
-6
-6
-5
-4
-2
-3
-1
-2
-3
-2
-4
-4
-3
-3
-4
-2
-1
-1
1
4
1
0
2
-1
1
1
0
0
4
3
2
3
3
2
-2
4
3
2
2
1
2
1
1
-3
-3
-2
1
0
-4
-2
-2
-6
-2
2
-1
-1
-2
-4
-5
-1
1
3
3
4
6
-1
0
2
-3
-3
0
1
-3
1
3
2
1
2
-2
-3
-4
-6
-5
-4
-5
-5
-3
-4
-1
-1
1
-1
2
0
-1
1
-2
0
0
1
2
-1
-2
2
5
1
4
4
3
4
1
3
5
7
5
3
1
1
0
0
2
4
2
0
0
0
4
2
3
2
2
2
1
1
-2
-2
-1
-1
-4
-1
0
0
0
-1
-3
-4
-4
-5
-3
-5
-4
2
1
0
-2
0
0
