SAMPLES:	5781
BITSPERSAMPLE:	16
CHANNELS:	1
SAMPLERATE:	16000
NORMALIZED:	FALSE
0
-3
0
1
0
-3
-3
2
0
1
3
5
0
1
2
0
-1
-2
2
2
4
1
-4
-5
-3
-4
1
0
-1
-1
0
-2
-1
-1
1
2
-1
1
2
1
-2
1
0
-1
-1
-3
-2
-3
-2
-3
-5
-2
-1
-3
0
1
4
2
5
4
-1
0
-2
4
1
-3
1
-2
-2
0
1
-3
-2
3
3
1
1
2
0
-1
0
0
0
-1
2
1
1
4
3
4
6
3
0
-5
-2
0
-1
-2
-1
1
-7
-7
1
4
7
6
3
0
-2
-3
-1
2
2
-1
1
4
-1
-1
1
4
1
0
-2
-3
-7
-1
1
-2
-2
-3
-2
-2
-2
-1
0
-3
-6
-5
-3
-4
2
2
2
5
3
-1
-6
-3
-1
-5
1
2
1
0
-2
3
6
6
0
-2
-1
2
-1
0
3
0
-1
-1
-1
1
2
-1
-1
5
6
1
0
2
6
3
4
4
0
2
5
6
1
3
5
6
5
2
2
0
3
-1
0
2
2
2
-2
-2
4
4
-3
-1
-2
-7
-5
-1
0
0
-6
-3
-7
-5
2
2
2
-1
-1
-4
-2
-4
-7
-7
-5
-2
-7
-6
-5
-3
-3
-4
-3
-7
-6
-3
-6
-3
-1
-3
-7
-5
-1
0
3
5
-1
-7
-2
5
2
0
-1
2
-2
-4
0
-4
0
-2
-7
-2
7
9
3
9
16
3
-7
7
24
19
17
27
9
-6
14
38
27
30
61
63
28
31
77
85
75
116
143
99
94
139
139
129
168
182
137
132
184
204
163
161
185
139
76
71
62
25
24
20
-45
-132
-151
-132
-141
-167
-206
-249
-276
-319
-387
-398
-383
-416
-457
-444
-421
-468
-530
-472
-394
-433
-464
-413
-390
-393
-332
-286
-330
-360
-303
-272
-293
-236
-159
-206
-228
-85
11
-18
-22
-42
-167
-168
70
205
88
-3
37
26
5
127
235
202
175
215
199
160
199
215
206
301
376
220
10
1
24
-49
5
195
171
-28
37
341
530
917
2067
3255
3095
1893
1630
2973
4301
4296
3586
3118
2698
2042
1698
1973
2067
1166
-267
-1136
-1244
-1432
-2121
-2772
-2992
-3218
-3754
-4129
-4058
-3988
-4136
-4052
-3569
-3174
-3132
-3070
-2676
-2071
-1474
-942
-546
-281
-28
274
652
1093
1447
1514
1369
1289
1349
1371
1251
1084
929
725
440
157
-44
-256
-538
-702
-591
-456
-589
-795
-727
-450
-194
57
352
574
690
830
1020
1192
1355
1512
1594
1584
1535
1437
1283
1151
1040
866
633
415
187
-92
-361
-576
-801
-1021
-1136
-1146
-1150
-1218
-1333
-1391
-1300
-1078
-824
-646
-563
-525
-445
-324
-186
-26
193
353
342
304
407
464
478
1317
3261
4601
3528
1370
1187
3230
4847
4745
4148
3637
2509
1144
1106
2270
2608
1232
-527
-1253
-1264
-1568
-2231
-2614
-2699
-3090
-3804
-4189
-4133
-4170
-4369
-4142
-3443
-3027
-3188
-3352
-2981
-2299
-1615
-964
-424
-193
-255
-236
118
772
1358
1538
1323
1030
918
933
986
989
859
564
218
-68
-350
-515
-497
-466
-579
-760
-870
-933
-725
-240
133
154
188
460
646
838
1270
1704
1716
1590
1754
1938
1959
1913
1877
1746
1546
1398
1215
1120
1005
642
221
104
162
-144
-505
-609
-703
-961
-1079
-931
-1026
-1264
-1327
-1229
-1192
-1123
-924
-877
-924
-865
-646
-401
-287
-303
-397
-311
-87
36
29
-197
-464
-524
-178
125
656
2395
4402
4120
1402
257
2624
5470
5653
4373
3825
3233
1844
1221
2548
3754
2606
107
-1289
-1152
-1148
-1998
-2640
-2605
-2920
-4124
-4971
-4744
-4469
-4781
-4838
-4058
-3514
-3785
-4164
-3830
-2940
-2034
-1266
-782
-529
-379
-105
393
1069
1753
2030
1771
1427
1409
1485
1312
1255
1416
1248
492
-192
-390
-456
-375
-196
-342
-1015
-1409
-1148
-764
-433
8
223
-79
-74
522
1069
1208
1507
1860
1861
1919
2261
2404
2020
1898
1999
1878
1610
1511
1313
763
449
360
144
-267
-531
-838
-1291
-1549
-1519
-1544
-1682
-1659
-1622
-1691
-1697
-1380
-1218
-1217
-1176
-945
-721
-606
-345
-475
-788
-1037
-833
-869
-141
3168
6917
6310
1113
-971
3403
8683
8797
6212
5111
4402
2607
1784
4034
5992
4164
-246
-2540
-1564
-663
-2085
-3878
-3918
-3821
-5172
-6694
-6594
-6103
-6455
-6760
-5821
-4627
-4558
-5200
-5382
-4323
-2415
-508
183
-95
-258
238
973
1835
3099
4007
3815
2640
1764
1817
2585
2958
2401
1486
768
-44
-958
-1038
-503
-660
-1779
-2438
-2412
-2405
-2485
-1897
-991
-745
-934
-909
-333
260
956
1607
2047
2246
2361
2565
2567
2750
3095
3232
2909
2517
2256
1838
1393
1301
1180
711
151
-255
-762
-1241
-1190
-1178
-1443
-1864
-1907
-2090
-2340
-2119
-1875
-1734
-1564
-1141
-1082
-1246
-983
-401
-92
-101
-272
-352
-502
-511
-739
-1137
-1883
-1985
2937
10387
11799
2733
-4614
255
9357
11328
8524
8692
6977
417
-3383
2569
9864
8103
543
-4106
-3305
-2200
-3421
-4368
-3231
-3037
-5881
-9073
-8513
-6732
-7198
-8133
-6717
-4235
-4138
-5651
-6783
-6005
-3445
-15
1713
845
-62
-81
133
535
3065
6409
6261
2591
-110
926
3132
3155
1842
1844
2605
1206
-2271
-3769
-1607
615
11
-1215
-1434
-2427
-4315
-3847
62
2718
1279
-1271
-1621
-196
1129
2364
3857
4220
2820
1327
1772
3484
4419
3889
2995
2503
1755
1163
1007
1333
1138
301
-463
-1025
-1561
-2098
-2207
-1973
-1798
-2035
-2475
-2729
-2681
-2523
-2017
-1372
-923
-1156
-1615
-1449
-755
51
420
309
25
-107
55
270
472
127
-755
-1350
-1458
-1754
-2777
592
7916
11136
4004
-3801
-250
8490
10607
7136
8185
9620
4466
-1925
1164
9362
9769
2592
-2299
-1005
-13
-2663
-4872
-3151
-1716
-4361
-8497
-8968
-7107
-7442
-8936
-8207
-5468
-4915
-6649
-8216
-7522
-4885
-1833
-159
-606
-846
-162
128
25
1890
5536
6565
3407
638
1760
4056
3581
1691
2009
3062
2039
-96
-909
-1042
-1782
-1330
252
504
-1719
-3485
-3587
-2378
-169
1602
1080
-1026
-1328
364
1745
2581
3478
3357
2187
1758
2921
3744
3524
2998
2499
2086
1982
1777
800
38
-10
36
-591
-1266
-1638
-2313
-2807
-2539
-2069
-2219
-2601
-2750
-2713
-2578
-1985
-1367
-1259
-1328
-1135
-786
-509
-290
-139
4
210
112
-155
-951
-1411
-1829
-1962
-2741
-1596
6206
15520
13875
-1414
-9783
1022
17115
18528
10428
7116
5778
-273
-3526
5827
16398
12341
-2051
-9055
-4437
490
-1702
-4919
-3913
-3321
-7727
-12598
-11351
-7795
-7682
-9800
-8710
-5605
-5303
-8139
-10345
-8201
-2829
2106
2400
-543
-2008
-711
691
1875
5447
9379
7733
975
-2411
1499
6484
5721
2062
1218
1845
-733
-4748
-3351
2507
3773
-2894
-7995
-4764
316
-420
-2926
-571
1740
-941
-3260
447
4722
3486
790
1969
4727
4717
3263
3069
4192
4644
3706
2896
2960
2765
1281
297
1149
1543
-208
-2035
-2130
-1929
-2481
-2691
-2395
-2836
-3937
-3976
-2957
-2255
-2278
-2497
-2088
-1700
-1598
-1503
-847
-53
-51
-425
-217
588
486
-549
-1057
-595
-390
-967
-1719
-2617
-4172
-601
10462
18540
9962
-7153
-8512
7915
19992
15655
9106
8406
4675
-3287
-1520
12019
18125
7201
-6426
-7392
-893
299
-4080
-5101
-3008
-4678
-10617
-12945
-9618
-7758
-9700
-10631
-7406
-4857
-6654
-10205
-10742
-6638
-669
2686
1205
-1539
-1606
-97
745
2851
7802
10289
5401
-1328
-1199
4673
7222
3818
1102
2153
1514
-2917
-4360
396
2886
-2345
-6840
-3408
748
-2178
-5989
-2623
2680
1429
-2448
-1698
1899
2439
1406
2949
5072
4197
1828
2181
4543
5674
4410
2956
2735
2646
2046
1665
1985
1524
-319
-1579
-1181
-998
-2192
-3215
-2785
-2634
-3514
-3908
-3099
-2495
-2968
-3019
-2343
-1849
-2013
-1940
-1315
-600
-275
-294
-257
-26
-468
-895
-870
-288
-632
-2174
-3601
-2789
6462
18996
19055
-308
-14572
-1482
21367
24306
10981
6416
7812
765
-5938
4808
20842
16757
-3171
-13113
-5454
2513
-916
-7057
-5652
-3085
-7895
-14989
-13976
-8160
-7902
-11621
-11018
-5852
-4843
-9182
-12539
-9824
-2546
3090
2996
-1056
-2670
-534
1166
2103
6330
11483
9516
574
-3662
2000
8617
7147
1777
780
2293
-642
-5662
-4786
815
1342
-3737
-3177
346
-3610
-11976
-7114
6260
7314
-1352
-2939
1322
-2317
-3669
6715
13826
6161
-2008
1012
4248
3703
6350
9072
5196
133
-46
1007
1591
3921
2792
-2331
-3136
-205
-2087
-5901
-2951
-13
-3653
-6164
-2876
-2081
-5752
-4917
-612
-338
-2425
-2082
-1279
-2447
-1790
903
1681
681
-306
-1437
-2031
-582
706
-497
-2218
-3393
-3410
6139
21210
20965
-2744
-17999
427
25730
24976
8848
6435
8426
-1022
-6885
7850
24529
15863
-6768
-14470
-3612
4198
-1247
-7623
-5149
-3417
-10002
-16324
-12743
-7132
-9491
-13408
-10795
-5220
-5751
-10493
-13055
-10105
-2542
3791
3586
-1758
-3854
-634
1864
2854
7374
12662
9409
-841
-4254
3804
10984
7664
777
564
2782
-876
-6401
-4083
2319
1005
-6533
-8550
-3493
-2084
-6570
-7578
-1820
2169
-356
-3475
580
6170
7282
5415
6605
9128
6441
3835
6395
11012
8572
3532
2432
3099
1815
615
1984
1434
-1584
-3636
-3292
-2817
-2645
-3504
-4739
-5309
-4973
-5309
-5966
-4836
-3957
-4401
-4590
-2642
-2132
-3120
-2414
-340
653
426
700
988
679
739
918
798
415
-272
-1754
-3333
-4197
-4346
9076
26832
23034
-8769
-24006
1790
30165
25200
4271
4825
9046
-3005
-10561
9024
29182
16341
-10493
-15790
-659
6341
-1830
-7989
-2397
-367
-9059
-16839
-12275
-5020
-7876
-12249
-9386
-3058
-4929
-11687
-14351
-9417
-43
5570
3076
-3877
-4988
-539
1693
1841
7255
13509
8713
-4041
-6542
4771
12391
6599
-1328
917
4152
-1687
-8397
-3914
4628
1840
-7600
-8649
-1823
-1318
-8033
-8318
-226
4354
-577
-5035
-2786
2855
7708
8983
6662
3118
4346
6819
7753
9084
10790
6244
-1297
160
6393
5745
221
-431
-509
-3772
-3928
-224
-1161
-5354
-5279
-3717
-4747
-5003
-3223
-4651
-6257
-3886
-1608
-3077
-3751
-2075
-2364
-2323
505
1948
-376
-1061
888
1153
407
1640
1824
-899
-2469
-847
-958
-3060
-4469
-24
13933
21984
9386
-15060
-13940
13633
29034
16505
4069
7882
4992
-6292
-2553
18799
24993
5372
-12446
-9028
2147
2950
-3625
-5329
-1856
-4675
-12348
-15243
-9565
-6255
-9697
-11301
-7554
-4584
-8189
-12513
-12343
-6058
1928
4634
-38
-5004
-2834
1461
1788
3017
9807
12501
4012
-5220
-1407
8588
9505
2515
-210
3229
1885
-5107
-6857
-65
3587
-2449
-8140
-5594
-1976
-5247
-8631
-4031
2473
1512
-3749
-4397
-184
2061
3984
10504
15244
8982
-1974
-1298
9216
14479
11375
7870
4176
-2018
-3477
2797
7285
3725
-2061
-5005
-5727
-4447
-2123
-1910
-3271
-4350
-5822
-6888
-4990
-2725
-4446
-5727
-2809
-961
-3495
-4913
-2269
-553
-857
448
2082
565
-1632
-914
1283
2075
1271
-321
-2457
-2642
-2375
-1713
-2352
5502
18814
19295
-368
-18002
-3124
23390
27894
10231
3323
8135
2654
-6125
3306
22977
20250
-2509
-14637
-5086
4133
102
-7254
-5001
-1454
-6928
-14850
-15037
-8279
-7328
-10389
-10236
-5705
-4802
-10225
-13896
-10492
-1137
5311
3698
-2749
-4603
-590
2413
2549
6228
12123
9656
-918
-5569
2872
10375
6705
-344
258
3102
-1500
-7572
-5060
2111
1143
-6253
-8153
-3538
-2508
-7202
-7713
-1289
3003
-303
-3696
-2040
3470
8884
9974
7012
3103
4536
6953
8569
11116
11511
4686
-2901
800
7317
5537
220
-425
-1635
-5195
-3728
746
-993
-5746
-5772
-4608
-5250
-4633
-3042
-5071
-6621
-4234
-2322
-3240
-3691
-2813
-3033
-1663
1376
1243
-1224
-1159
786
475
224
1661
1135
-2363
-3241
-1194
228
-1655
1140
14743
22191
9063
-14883
-11082
17536
31497
15756
1629
7652
7030
-4798
-2664
19012
24827
2952
-15264
-8887
3170
1587
-6480
-6567
-2166
-6242
-14059
-15916
-9477
-6971
-10468
-11382
-7384
-4371
-8132
-12248
-11595
-4631
3754
6029
509
-4589
-2084
2706
3167
4268
10818
12586
2854
-6706
-1444
9569
9639
1013
-2075
1829
124
-6967
-7608
-36
2537
-4900
-9981
-5877
-1853
-5521
-8722
-3682
2642
1411
-2966
-2499
2082
9674
11765
6967
1942
5470
10568
7767
8408
13055
9076
-3003
-1896
8561
7150
-986
-843
542
-4977
-6030
-8
-226
-6263
-5874
-4125
-5830
-5667
-3238
-5319
-7619
-3311
-1432
-4562
-4487
-1220
-2633
-3820
1209
3614
-680
-2670
1026
1568
-231
464
1832
-1082
-3024
-1608
-191
-1827
502
14637
22825
10646
-14486
-12562
16298
31818
16685
1707
8408
8252
-5208
-4472
18867
26306
3361
-16104
-8557
4433
977
-8409
-7331
-767
-5424
-14883
-16752
-9217
-6765
-11723
-12237
-6541
-3168
-8482
-13318
-11612
-4305
3117
5375
1148
-3200
-1384
2458
2650
3830
11239
13641
3945
-6455
-1808
9406
9233
570
-1865
3088
850
-8036
-9339
-520
2802
-4869
-9439
-4338
-1269
-6804
-9434
-2328
4069
1875
-1562
-291
1506
1831
5392
9763
9164
4791
3439
4933
6332
8157
8656
5673
1540
1110
2495
2697
2156
605
-2256
-3442
-1967
-2099
-4561
-5066
-3728
-4658
-5718
-4195
-3430
-5378
-5777
-3028
-1516
-2034
-2332
-2299
-2422
-1073
1223
1444
31
-847
-1063
-1381
-703
-127
-925
-1701
-1078
9741
21996
19183
-3854
-16859
3856
28943
26923
8079
5062
7770
-1141
-6097
10216
26062
13897
-10196
-15287
-2679
3197
-2766
-8212
-5085
-5107
-12138
-16982
-12875
-7406
-10358
-13331
-10264
-4705
-5657
-11072
-13026
-8445
294
5761
3679
-1735
-2211
1185
2825
3657
9800
14691
8504
-2865
-3820
6385
10637
4364
-820
1807
2109
-5355
-9494
-3706
1625
-3339
-9911
-7831
-3100
-5685
-10330
-7018
544
1725
-2275
2521
10561
6626
-5530
-1994
15866
19275
7493
2281
6796
3118
-455
8711
15434
5445
-5794
-4140
345
1490
2602
1729
-3996
-6510
-5192
-5079
-4799
-2467
-4551
-9562
-6737
-1605
-4181
-8320
-4307
-375
-2358
-2340
1444
512
-3324
-1687
2897
3397
862
-29
-1113
-1193
-387
706
-214
9725
23814
20491
-3882
-17797
3972
28772
26994
8321
4783
7796
-977
-7706
6371
24636
16088
-8619
-17057
-4143
3203
-3602
-10069
-5056
-2664
-10649
-17523
-14736
-8121
-9465
-12014
-9824
-4732
-4721
-10480
-13740
-9177
1082
6722
3575
-1821
-1209
1797
1735
1695
8605
15295
9739
-2161
-4617
4915
9471
3772
-593
2877
3425
-5307
-10732
-4851
1623
-2548
-9139
-7544
-3162
-6127
-10686
-7283
937
2484
2426
6184
5452
-2404
-4440
8190
16397
12782
7285
5001
603
-1017
7463
13280
8358
1035
-1643
-3356
-2114
3088
4217
-1286
-3896
-3421
-5717
-6323
-3036
-2649
-7048
-6525
-3037
-4800
-7722
-5639
-2705
-2713
-1175
939
-476
-2532
-1161
771
1673
2785
2655
-727
-2596
-424
962
137
763
14118
25276
17288
-7935
-15825
9309
31141
24181
6014
6831
8351
-4511
-9306
10984
26677
10600
-13842
-15098
-1848
-112
-7484
-9320
-2933
-4374
-13378
-17862
-13072
-7947
-10675
-12252
-8213
-3192
-5656
-11770
-13002
-6804
2421
6821
3666
-1224
-633
1880
1420
2125
10575
15879
7411
-4544
-3528
6978
8424
1369
-607
4123
2271
-7340
-10270
-2744
1356
-4587
-9463
-5441
-2135
-7142
-11151
-5855
1974
2949
6080
7554
620
-7962
468
16941
16915
8120
4545
2945
-2877
2067
14270
13344
1014
-3815
-1807
-1759
664
4466
1360
-4998
-4051
-3346
-5537
-4285
-1586
-5749
-9188
-3473
-1101
-6362
-8140
-3576
-2683
-3266
238
1906
-1919
-2736
1026
1863
1200
2189
2325
-1424
-1537
948
1122
-1798
7407
24915
25447
1759
-18675
-1838
26459
30249
11100
5035
10487
1175
-11125
803
24781
19831
-7409
-18681
-5788
1275
-6373
-12024
-5847
-2098
-10378
-17740
-15712
-9069
-10204
-13145
-9793
-3176
-2879
-9864
-13711
-9749
-348
6387
6025
937
-702
1537
1995
1091
6662
15321
12270
-450
-5802
3071
8801
2892
-2128
2302
5007
-3895
-11681
-6462
2213
-750
-7965
-6597
-527
-3246
-9764
-6595
2466
4286
-1183
-1384
4083
5145
1025
1322
7068
9531
5778
3880
5748
5473
2341
2457
5935
5797
2040
-483
-353
-658
-1406
-823
-369
-2018
-4873
-6125
-4916
-3664
-4490
-5385
-4247
-3026
-4169
-5170
-3429
-1275
-1259
-1613
29
888
57
-1540
-1004
245
1330
1137
317
-36
516
13738
26865
21080
-5548
-14472
10990
32126
23599
6552
9786
10271
-4361
-8743
12057
25256
6893
-16016
-13791
403
-1058
-11947
-13583
-4969
-6353
-15688
-17964
-11179
-9275
-16055
-15604
-6762
-460
-4822
-11420
-12189
-6676
1666
7073
6003
1675
809
1774
2023
3738
11068
14803
7332
-2920
-2286
6465
7247
441
-2086
2507
1758
-6487
-9714
-4183
-1172
-6360
-9445
-4589
-1024
-5856
-10242
-5218
9008
12891
2478
-5874
51
8934
6520
7180
12647
8900
-3736
-2550
9503
9569
1518
971
2876
-1330
-2111
2783
2669
-3116
-3731
-2273
-2503
-2699
-4222
-7929
-8135
-2904
-2528
-5728
-5170
-3984
-6996
-6141
1140
3300
-1945
-2823
1122
1461
-482
1393
3320
909
-1066
522
1531
2947
17072
28760
18556
-8740
-12538
14532
32542
21558
4903
8510
9055
-4262
-7891
11627
23320
4817
-16458
-12657
1196
-1475
-12949
-13523
-4496
-5562
-14216
-16679
-11333
-10013
-14940
-13370
-5290
-21
-4818
-11647
-11915
-5346
3297
7239
5246
1438
937
1326
932
3296
10761
13269
4833
-4251
-1865
6099
4648
-2247
-2478
3042
1126
-7218
-8770
-3225
-2217
-7828
-7957
-1038
686
-6617
-9629
2130
11440
3974
-5813
1395
11950
7434
2516
9154
10944
-665
-2330
9933
12481
1720
-2421
1166
854
-19
2377
1924
-2187
-3191
-3697
-4301
-1655
-629
-6385
-9368
-3943
-2267
-6646
-6113
-2012
-4312
-6697
-1846
1943
-1422
-3300
492
2255
1149
1119
1652
612
-15
673
658
1869
1519
10305
24448
24498
549
-17190
3574
30059
26475
5548
5831
12302
-919
-11448
5022
23813
10977
-13052
-14756
-408
419
-10515
-14118
-5127
-2167
-11262
-16438
-11796
-7630
-13593
-14991
-5847
1579
-2731
-11034
-11597
-6320
690
5736
6113
2148
184
821
821
1286
6815
11742
6936
-1802
-3180
3307
4246
-1375
-3198
1624
2901
-4115
-8719
-5048
-1685
-5077
-7598
-2595
898
-3507
-8712
-1472
11491
8303
-3554
-2506
11089
10368
377
4250
12006
3920
-4323
6198
12451
1085
-5549
1998
4063
-951
-63
2770
-1386
-4320
-2220
-2174
-1584
-818
-5172
-9798
-4786
-156
-5470
-7827
-2188
-1990
-7378
-4228
2752
670
-4357
-1056
2997
1810
-114
811
602
39
417
846
871
4982
18485
24325
12790
-9388
-8168
17477
31517
18243
3504
9074
8238
-5190
-5980
14203
20282
-876
-16670
-7638
3104
-4943
-15684
-12314
-2281
-4820
-13365
-15172
-10482
-11054
-15699
-10858
-635
2051
-7318
-13894
-10107
-1444
4501
5470
3994
1978
1176
306
709
4201
9558
8826
1822
-2500
542
3731
-223
-4109
-1326
3181
177
-5954
-6003
-2961
-4085
-6316
-2652
1965
-917
-6511
-5456
-150
2269
3388
6369
6117
842
-1587
2929
8042
8112
6076
4398
2646
1630
2370
3662
3530
2295
774
-89
87
-378
-2256
-2994
-1579
-935
-2624
-4310
-4920
-5804
-5704
-3546
-1677
-2861
-4866
-4943
-3300
-1553
-603
-339
-920
-1260
-1020
-61
702
833
-466
-908
407
12370
26408
22795
-743
-14521
6332
30327
27362
9446
7711
11385
568
-6925
6589
21129
8978
-11827
-12366
438
-295
-13015
-17155
-7830
-2720
-9504
-15189
-13841
-11992
-15813
-14524
-4721
2076
-2736
-12107
-12837
-5889
2524
6099
4816
2554
2550
2859
1160
1524
7039
10900
5924
-427
247
3898
408
-5373
-3223
3307
2921
-5413
-9433
-6567
-4613
-6529
-5459
-147
738
-5384
-3506
5794
6109
-1742
-1509
8208
8081
2933
4408
6454
1040
-440
7611
8471
1524
-377
2423
1373
235
2869
2863
-726
-1130
-575
-2452
-2224
-1374
-3788
-5674
-2145
-1200
-6019
-7146
-3630
-2686
-4343
-2065
202
-2494
-4488
-1662
953
-341
-936
76
34
-1374
-1529
-1095
1650
15544
27061
17905
-7239
-11671
13963
32040
21991
6795
10464
12052
-438
-5045
10737
20378
4498
-12192
-6773
4394
-2804
-17122
-16346
-4001
-2122
-11600
-16187
-13081
-13047
-17716
-13839
-2513
1476
-7034
-14699
-11090
-2869
1917
2699
3347
4037
3602
2203
1546
3223
6824
8504
5878
2806
2477
2675
-1058
-4518
-1894
3187
2366
-4624
-8656
-7216
-5856
-6550
-5255
-63
4184
435
-6984
-8606
-1407
6413
8266
6985
4541
277
-2580
1651
8460
9437
5732
2844
1930
1537
2050
3085
3049
2688
2663
1454
-1058
-2750
-3093
-2574
-1464
-473
-1841
-4739
-6178
-5819
-4674
-3334
-1971
-2001
-2958
-2992
-2384
-1997
-1858
-798
5
67
-459
-671
-1201
-1881
-2879
1373
18028
29748
15849
-12144
-12926
16118
32767
18421
3050
9725
12588
-903
-5305
11514
19938
2280
-12671
-3822
7974
-1875
-18663
-17003
-1654
2165
-8826
-15997
-13409
-12296
-17043
-13744
-1194
3532
-7562
-17500
-11809
-1002
1876
-782
647
4242
4083
1376
384
2451
5392
6987
6175
4982
4613
2876
-2040
-4469
139
5679
4069
-3192
-6957
-5847
-4808
-5408
-4368
-1182
462
751
-403
-3189
-5251
-2682
3459
6677
5920
3099
-1022
-3760
84
7295
8262
3424
1155
2327
1840
881
2544
4257
3202
2077
1977
537
-1941
-3147
-2663
-1273
446
188
-3594
-7244
-6646
-3302
-1430
-1552
-1796
-2304
-3211
-3289
-2058
-1161
-1388
-1061
224
480
-1254
-3170
-3121
6563
21361
23258
2935
-14485
-743
25535
27276
7429
2578
13536
12351
-1059
-623
13099
12355
-3468
-7806
4538
8086
-7553
-20961
-13651
1642
2246
-9571
-15948
-12472
-11883
-15813
-12235
-1667
-182
-10935
-15894
-7268
648
-2716
-7090
-1987
5498
5485
804
-869
852
2594
4066
6180
7576
6134
2078
-1733
-1609
2088
4986
3420
-416
-2524
-2435
-2116
-3193
-3894
-1878
2439
3516
-1321
-5985
-4622
-599
663
1336
3301
2152
-2828
-4139
704
4150
2470
1042
2916
3912
2172
821
1429
2226
2602
3465
3782
2202
-429
-2013
-1700
4
1581
1141
-1252
-2962
-2697
-1962
-1735
-1324
-465
-114
-821
-934
-176
-1077
-2772
-1158
1900
1136
-815
-317
176
-1668
-1860
4375
12670
12971
2228
-6541
-1125
11408
14081
5461
695
5022
8096
4144
395
2004
3577
927
-1004
1764
4401
882
-6005
-8345
-4464
-469
-1045
-4237
-6086
-6195
-6532
-6931
-5809
-4373
-4912
-6086
-5110
-2543
-2197
-4522
-5807
-4223
-1917
-1023
-1086
-1227
-1618
-2366
-2376
-1249
103
456
-525
-1388
-784
782
1338
310
-547
-124
930
1387
1220
984
1127
1679
1918
1681
1560
2044
2440
2124
1893
2348
2760
2386
1749
1966
2803
2967
2201
1512
1752
2288
1922
1272
1471
2099
1722
498
208
1220
1765
662
-598
-603
48
-38
-717
-998
-782
-829
-1316
-1482
-1304
-1368
-1749
-1648
-1043
-791
-1288
-1667
-1318
-791
-587
-468
-263
-74
-86
-77
389
945
929
607
738
1236
1253
538
181
654
1059
558
-52
-144
-39
-271
-461
-15
497
335
-422
-641
158
963
691
84
448
1243
1209
589
628
1305
1470
819
371
712
947
453
-258
-379
-203
-522
-1158
-1531
-1576
-1771
-2055
-2183
-2204
-2284
-2375
-2288
-2210
-2249
-2229
-2023
-1766
-1565
-1365
-1251
-1221
-1189
-1107
-954
-696
-605
-791
-748
-403
-130
-278
-356
-126
222
320
460
891
1140
913
793
1441
2218
2188
1685
1876
2712
3109
2673
2168
2340
2761
2581
2027
1948
2218
1780
837
530
954
938
117
-530
-347
-123
-452
-820
-696
-475
-721
-1074
-923
-308
-115
-483
-727
-436
-132
-154
-130
65
-30
-553
-727
-365
-124
-489
-999
-1062
-859
-879
-1055
-881
-758
-1102
-1386
-952
-420
-526
-861
-754
-201
156
98
-31
170
477
474
468
842
1295
1224
768
686
1046
1218
1016
946
1085
966
605
403
518
575
422
312
325
221
-42
-245
-176
-39
-48
-233
-464
-603
-803
-892
-947
-992
-1126
-1262
-1349
-1470
-1568
-1663
-1644
-1568
-1474
-1487
-1485
-1388
-1235
-1097
-878
-628
-556
-530
-440
-160
166
375
370
466
864
1148
1070
865
928
1103
1134
1130
1261
1313
1099
827
770
892
984
970
853
919
1092
992
627
569
960
1182
993
874
1009
924
640
666
909
842
477
189
187
238
33
-333
-594
-649
-700
-890
-1030
-1022
-1007
-1198
-1430
-1429
-1192
-1012
-987
-844
-609
-579
-785
-763
-317
110
78
-84
142
528
498
67
-98
222
514
463
331
295
95
-312
-503
-116
459
510
43
-341
-310
-137
-4
201
408
306
14
41
397
511
125
-198
20
432
481
188
-71
-221
-302
-208
21
14
-374
-733
-718
-353
-25
-94
-584
-943
-678
-105
74
-304
-562
-420
-265
-331
-331
-106
-93
-366
-498
-256
-92
-316
-591
-503
-192
-132
-249
-180
6
-75
-87
330
704
571
428
784
1128
1049
934
1210
1506
1403
1193
1269
1331
1045
817
962
987
500
92
270
496
154
-338
-390
-254
-365
-516
-499
-569
-799
-784
-424
-194
-378
-685
-703
-423
-168
-149
-183
-166
-229
-308
-114
145
4
-323
-343
-140
-99
-166
-235
-352
-486
-521
-423
-283
-187
-240
-355
-349
-189
-64
-119
-187
-42
198
177
-61
-109
116
317
340
283
170
20
26
263
504
414
42
-201
-15
363
418
110
-73
142
330
157
-29
113
248
33
-129
93
289
-28
-527
-616
-275
-44
-312
-728
-761
-483
-450
-617
-508
-184
-177
-468
-439
-30
202
6
-76
286
659
594
350
417
683
844
850
824
717
579
529
505
430
351
352
307
144
-42
-134
-134
-132
-135
-119
-99
-210
-377
-324
-6
244
159
-33
-17
188
302
243
174
203
229
165
95
85
54
-53
-141
-116
-101
-286
-592
-713
-584
-484
-527
-564
-579
-704
-820
-702
-424
-266
-384
-583
-531
-196
20
-107
-229
-48
232
332
332
313
224
195
410
700
686
389
162
194
381
552
596
463
263
161
188
235
228
167
58
-86
-191
-197
-177
-247
-340
-345
-348
-464
-560
-504
-408
-372
-293
-166
-128
-173
-150
-16
110
135
123
226
430
490
332
248
424
609
547
416
448
460
222
-17
66
237
107
-171
-208
-102
-196
-433
-480
-294
-131
-176
-344
-414
-265
-8
150
123
37
63
170
245
324
444
432
220
100
285
518
460
185
55
186
309
151
-136
-206
-102
-138
-322
-380
-314
-369
-520
-535
-423
-390
-489
-562
-514
-406
-325
-318
-334
-292
-187
-96
-25
41
30
-37
45
314
458
316
169
279
448
432
349
385
447
362
242
239
282
248
168
114
67
-22
-166
-275
-265
-224
-302
-422
-422
-388
-446
-475
-337
-184
-174
-188
-121
-94
-115
-4
222
277
101
11
192
429
459
333
261
281
283
226
171
121
67
44
86
130
69
-113
-291
-290
-99
48
-20
-154
-138
-37
4
67
231
357
307
210
234
350
425
428
408
375
304
224
237
295
203
-24
-105
33
57
-189
-392
-331
-251
-347
-417
-336
-331
-515
-596
-394
-246
-424
-618
-470
-198
-201
-382
-391
-238
-168
-182
-105
0
-70
-238
-231
-18
124
38
-96
-53
116
204
160
119
149
194
215
256
313
323
282
245
256
278
264
196
141
150
143
25
-103
-73
30
15
-76
-73
-21
-48
-50
80
178
97
45
174
287
238
209
297
314
226
223
280
180
-20
-55
42
0
-186
-300
-280
-257
-305
-369
-395
-441
-550
-590
-405
-160
-196
-453
-457
-84
229
213
131
219
293
236
304
577
710
491
249
327
525
480
229
110
228
320
183
-60
-137
-58
-64
-173
-167
-64
-146
-386
-446
-266
-167
-251
-289
-203
-189
-302
-336
-190
-22
-12
-129
-207
-188
-166
-174
-126
-48
-85
-200
-210
-121
-112
-163
-124
-48
-84
-138
-62
25
-25
-90
-21
88
111
112
147
128
49
49
153
219
183
124
103
98
111
134
129
100
106
160
208
234
259
242
182
174
286
417
431
339
271
275
270
224
199
228
218
83
-55
-39
18
-97
-279
-252
-96
-124
-322
-385
-288
-284
-364
-305
-154
-170
-275
-225
-78
-82
-172
-75
141
187
56
3
80
87
-11
-12
113
125
-65
-225
-164
-56
-131
-276
-255
-114
-98
-235
-298
-204
-117
-142
-151
-61
17
-24
-89
-31
98
143
114
136
207
206
141
128
184
204
164
133
126
89
28
-2
-1
6
6
-7
-42
-81
-93
-66
-23
22
20
-47
-92
-35
53
48
-21
-36
-6
2
-3
-1
-6
-17
3
38
55
66
64
24
31
149
255
205
93
97
183
226
219
212
198
142
97
114
144
110
17
-19
27
29
-91
-194
-147
-68
-126
-242
-245
-166
-141
-173
-176
-148
-123
-94
-53
-27
-3
25
8
-46
-18
85
102
-10
-70
15
86
15
-85
-93
-76
-98
-77
28
57
-107
-290
-254
-76
-8
-77
-121
-92
-116
-183
-160
-36
30
-3
-30
2
48
56
62
84
118
146
132
81
66
140
203
141
33
24
80
55
-1
48
113
22
-131
-130
-20
-4
-75
-52
29
-15
-152
-179
-64
32
28
22
47
40
-9
-20
49
134
161
140
135
160
176
147
106
122
193
232
201
141
116
113
86
62
87
125
105
42
11
9
-20
-60
-36
13
-22
-119
-149
-87
-63
-121
-159
-139
-132
-147
-112
-71
-120
-190
-154
-56
-64
-145
-160
-114
-124
-155
-92
-15
-92
-245
-250
-110
-27
-62
-96
-86
-101
-150
-129
-15
62
22
-47
-23
55
78
46
52
109
134
106
118
169
157
88
84
180
237
187
129
138
148
127
137
184
169
78
20
63
109
70
-2
-29
-35
-71
-97
-70
-37
-63
-126
-159
-139
-114
-104
-81
-54
-62
-104
-111
-45
16
14
-19
-14
27
61
76
90
101
89
71
84
123
131
84
53
84
129
100
19
-28
-19
-3
11
39
34
-47
-138
-134
-42
18
-17
-75
-74
-33
-24
-39
-11
33
21
-19
-1
61
65
11
-1
23
0
-58
-54
2
-4
-95
-160
-146
-128
-151
-173
-152
-134
-173
-224
-198
-128
-105
-136
-131
-56
-8
-26
-29
23
79
91
100
133
146
132
141
181
201
167
140
142
154
153
137
119
97
88
82
63
38
27
20
12
8
9
-8
-60
-92
-59
-14
-32
-99
-125
-92
-53
-45
-69
-87
-85
-53
-16
0
-6
-13
-4
20
39
50
46
31
40
83
107
60
-1
1
64
95
63
22
6
-12
-35
-14
49
59
-26
-102
-73
0
-6
-55
-46
7
1
-68
-84
-22
36
28
2
12
27
18
6
29
64
68
49
27
26
24
10
-13
-30
-22
-7
-29
-88
-127
-128
-117
-128
-124
-106
-132
-197
-218
-147
-71
-68
-105
-86
-32
-13
-22
9
83
131
126
125
149
162
151
147
189
233
218
151
98
95
114
104
73
57
40
-4
-50
-66
-48
-39
-66
-91
-89
-79
-88
-99
-83
-50
-39
-47
-39
-26
-26
-39
-29
-2
5
-4
-15
-20
-19
-11
3
11
-1
-9
-4
-3
2
7
8
5
9
20
11
-23
-41
-11
23
20
-10
-27
-35
-53
-46
1
38
10
-40
-39
1
32
51
66
80
83
90
111
131
138
137
139
137
130
119
94
59
37
41
46
17
-35
-79
-99
-106
-110
-120
-145
-187
-221
-215
-193
-176
-186
-195
-184
-166
-148
-112
-65
-26
-3
8
33
61
82
101
128
153
147
111
78
81
110
117
90
57
42
33
7
-14
3
21
4
-36
-46
-27
-26
-40
-28
13
27
3
-1
29
55
48
50
77
91
77
51
50
49
38
31
30
28
9
-10
-16
-15
-21
-23
-13
-5
-21
-45
-59
-54
-52
-53
-55
-61
-70
-81
-77
-63
-54
-49
-49
-44
-32
-19
-14
-20
-23
-13
10
26
28
26
22
23
33
51
72
71
52
39
47
58
57
52
50
47
33
17
10
9
-2
-10
-8
-12
-39
-69
-77
-62
-42
-34
-41
-53
-61
-60
-35
4
30
32
23
23
28
33
42
60
68
58
40
32
27
14
6
19
24
6
-20
-36
-38
-44
-53
-50
-35
-33
-53
-69
-55
-28
-22
-25
-10
16
20
3
6
33
52
40
29
46
59
41
15
16
32
30
10
3
8
-4
-31
-41
-24
-12
-24
-44
-47
-35
-34
-31
-22
-17
-18
-19
-9
7
9
2
5
22
31
30
28
27
29
26
29
43
45
29
17
19
24
18
9
7
14
6
-8
-9
-5
-10
-19
-18
-12
-15
-31
-38
-30
-23
-26
-36
-30
-24
-28
-30
-20
-9
-6
-7
-3
12
21
27
32
37
43
39
36
40
49
48
35
25
17
7
0
0
-1
-14
-34
-48
-48
-55
-63
-54
-45
-45
-59
-67
-61
-47
-37
-26
-8
-3
-11
-14
0
28
43
41
48
55
51
38
45
71
78
60
41
37
33
17
4
15
19
-5
-33
-41
-35
-37
-43
-38
-29
-38
-55
-59
-35
-18
-15
-11
-3
3
-5
-4
20
44
52
44
43
43
37
33
43
67
66
41
21
16
14
16
13
13
13
-10
-39
-41
-29
-29
-41
-47
-44
-44
-56
-67
-51
-43
-55
-48
-31
-19
-23
-37
-31
-1
9
11
27
32
27
21
25
42
60
47
36
45
40
28
29
32
27
18
0
5
21
-3
-35
-31
-23
-26
-21
-26
-33
-48
-68
-57
-16
-8
-27
-31
-31
-23
-4
3
19
28
11
4
24
34
26
28
31
35
39
23
9
10
6
5
17
19
-4
-21
-25
-21
-5
1
-6
-13
-24
-32
-15
4
7
2
7
12
11
16
21
36
38
26
28
33
24
13
20
29
24
11
1
-4
-1
-5
-11
-6
-15
-27
-31
-28
-28
-28
-29
-31
-32
-38
-37
-31
-24
-18
-14
-10
-12
-13
-10
-4
9
15
19
23
18
12
7
11
21
26
23
21
17
8
0
5
13
11
4
-2
-4
-13
-22
-18
-12
-16
-22
-23
-27
-31
-32
-25
-13
-12
-10
-10
-2
0
1
11
20
26
23
20
22
23
21
27
35
36
27
13
9
10
8
14
19
18
5
-8
