SAMPLES:	6510
BITSPERSAMPLE:	16
CHANNELS:	1
SAMPLERATE:	16000
NORMALIZED:	FALSE
-1
-1
-5
1
3
3
1
3
4
4
2
1
-3
-1
-1
-1
1
1
0
0
3
-1
2
2
2
4
-1
-2
-1
-2
-2
0
0
0
-1
-4
-1
-4
-4
0
1
0
2
1
-4
-3
-2
-1
2
0
0
5
1
-2
-1
-1
-1
1
-1
-2
-2
0
-4
-1
0
3
1
-2
-2
-1
-1
2
0
0
2
1
1
2
5
1
1
-1
-3
-1
0
-2
-3
-2
-1
1
2
1
1
-1
0
1
1
-3
-3
-2
-5
-1
2
1
3
3
2
1
1
0
-3
-1
0
-1
0
1
2
0
1
1
4
4
5
5
2
2
0
-4
-2
0
0
4
4
-1
0
1
1
-1
3
3
0
1
-2
-3
-4
-4
-4
-1
-5
-1
1
0
-1
-3
-5
-5
-7
-4
-3
-2
0
1
0
-2
2
3
1
0
-1
0
0
1
0
-3
1
2
2
5
3
1
-2
-1
0
2
5
1
1
1
-1
-2
2
0
-2
1
1
-3
-1
1
0
3
3
1
0
-3
0
2
3
5
2
1
4
1
1
-1
-3
-2
-2
1
2
-1
-3
-5
-1
-1
7
10
0
-5
0
4
-4
-6
0
-4
-8
0
0
-7
-3
2
-2
-1
3
1
-3
-1
-2
-5
-3
1
0
0
3
0
1
0
-4
-1
-2
-2
-1
-3
0
2
1
1
4
4
0
4
5
5
5
5
6
4
5
7
15
9
4
1
1
-1
-2
3
2
5
4
-3
-6
-3
0
-4
-7
-6
-6
-3
-4
-12
-8
-2
-2
0
-1
4
2
-2
-4
-4
-7
-3
2
0
-2
6
3
-10
-13
-6
-6
-8
-4
-11
-2
12
13
-3
3
18
3
-3
5
-6
-10
-7
-3
-10
-6
1
2
-7
-23
-21
-7
-14
-30
-22
-12
-4
-17
-56
-78
-21
8
-48
-58
14
13
-43
-38
-37
20
57
-75
-122
321
483
6
-318
-60
136
1135
2715
2244
-7
-834
0
-407
-1094
-556
-492
-1435
-1055
-22
-644
-1615
-786
290
185
117
388
-163
-860
-572
-47
237
441
387
160
336
396
88
49
246
51
138
783
949
261
-308
-377
-405
-328
25
327
121
-184
-170
48
0
-190
-319
-195
-67
59
188
233
-15
-316
-214
585
1776
2296
1625
587
-7
-437
-502
-267
-476
-1196
-1206
-655
-695
-1204
-1177
-799
-393
107
567
787
1011
988
506
365
847
994
471
10
-348
-915
-992
-425
-367
-1175
-1079
-2
467
-60
-12
267
-319
-659
128
701
242
-52
-95
-322
-405
129
209
-90
-364
-34
583
1139
702
-357
-738
-46
508
220
-113
-186
-231
-424
-1
252
-77
-413
768
1551
924
56
508
541
-107
-92
439
97
-411
-368
-718
-1335
-1085
-179
188
229
-12
-163
-178
330
167
3
140
524
320
344
248
-204
-648
-207
446
434
63
-164
-51
-272
-228
-101
252
-66
-81
212
498
-58
-302
94
390
243
195
417
117
-137
-225
123
210
139
-98
174
512
228
-112
49
208
-201
282
1104
940
183
865
1500
823
357
914
978
309
159
99
-474
-1025
-851
-604
-377
-596
-907
-705
-324
-449
-34
967
1042
389
716
1563
1115
144
278
918
908
553
792
1252
1011
333
476
1306
1565
1167
1267
2137
2939
3272
3912
4547
3660
2596
3470
4365
3015
1735
2214
2152
585
185
1461
1487
448
1669
5230
7870
8925
9379
7479
1532
-5089
-8521
-10241
-11255
-8562
-2677
-188
-2479
-4715
-5870
-10185
-17929
-23919
-26237
-28084
-31138
-32451
-31737
-31504
-31736
-30421
-27889
-24734
-20104
-14876
-10793
-6975
-2310
1572
4016
6573
9240
10889
12710
15768
18244
18854
19090
20104
21127
21808
22564
23138
22789
21753
21136
21489
21775
20991
20134
20676
21661
21634
21441
21869
21557
20242
20291
22307
23778
23599
23074
22321
20037
16553
13135
9237
3917
-1523
-5341
-8189
-11510
-14959
-17566
-19609
-21376
-22198
-22133
-22538
-23894
-24880
-24360
-23036
-22239
-21846
-20696
-18623
-16338
-13833
-11039
-9136
-8643
-7865
-5673
-3531
-2821
-2850
-2712
-2595
-2584
-2459
-2595
-3435
-4403
-4604
-4216
-4107
-4764
-5734
-6293
-6277
-6061
-5918
-5806
-5814
-5969
-5921
-5406
-4882
-4615
-4131
-3247
-2493
-2002
-1362
-783
-575
-297
336
819
1036
1470
2110
2501
2656
2981
3547
4181
4726
5152
5507
5813
6169
6787
7677
8291
8295
8173
8422
8708
8783
8989
9268
9216
9123
9509
9971
9906
9547
9362
9323
9363
9554
9637
9328
8809
8422
8237
8168
8033
7623
6948
6264
5669
5081
4480
3905
3303
2641
1997
1346
536
-401
-1235
-1826
-2276
-2718
-3270
-4046
-4947
-5744
-6365
-6933
-7472
-7963
-8420
-8791
-8963
-8974
-8965
-8976
-8936
-8869
-8880
-9013
-9109
-9024
-8843
-8717
-8590
-8416
-8375
-8485
-8464
-8220
-8031
-7940
-7638
-7107
-6731
-6562
-6269
-5802
-5333
-4769
-3996
-3301
-2983
-2838
-2511
-1977
-1361
-590
273
921
1231
1513
1940
2351
2750
3294
3855
4165
4382
4666
4772
4596
4571
4890
5225
5470
5871
6233
6178
6003
6179
6435
6424
6503
6949
7300
7328
7503
7928
8198
8373
8964
9836
10461
10830
11180
11339
11063
10483
9784
8923
7781
6467
5153
3804
2282
620
-945
-2303
-3583
-4816
-5854
-6758
-7726
-8666
-9333
-9834
-10417
-10992
-11402
-11740
-12066
-12259
-12309
-12339
-12287
-11980
-11402
-10646
-9787
-8863
-7902
-6852
-5749
-4725
-3823
-2996
-2267
-1653
-1073
-550
-265
-256
-316
-313
-251
-134
43
195
260
336
567
914
1225
1458
1726
2164
2746
3292
3642
3829
4030
4331
4768
5322
5821
5960
5880
5986
6243
6258
6080
6024
5917
5453
4871
4574
4260
3411
2239
1205
364
-354
-841
-1262
-2232
-3113
-1736
3048
9564
14705
16260
14422
11305
9988
12376
16805
19391
18618
16079
13231
10252
7555
5469
3096
326
-1333
-1753
-3454
-7666
-12470
-15910
-17851
-18388
-17875
-18105
-20397
-23232
-24329
-23516
-21906
-20040
-18119
-16458
-15073
-13701
-11963
-9569
-6687
-3848
-890
2478
5457
7852
11219
14981
15511
12096
9153
8772
8253
6768
5962
4462
257
-3550
-3959
-3849
-5998
-8026
-8009
-7622
-7359
-6096
-4956
-5466
-6158
-5273
-3546
-2103
-1090
-568
-213
877
2692
4537
6342
7996
8902
9456
10579
11659
11556
10685
10073
9695
9384
9085
7952
5493
2806
1151
358
-277
-1002
-2013
-3247
-4023
-3857
-3207
-2773
-2771
-3004
-3202
-3193
-2898
-2337
-1904
-2146
-2790
-3138
-3821
-4870
-1698
10437
26046
31710
23874
14200
12975
17466
22137
27186
31088
27928
18496
11707
10410
8285
2815
-1026
-1333
-1941
-4905
-9183
-15009
-22005
-26353
-25439
-22137
-20993
-23423
-27837
-31456
-31777
-28588
-24215
-20915
-19170
-18296
-17304
-15372
-12535
-9619
-6976
-3880
226
4257
6464
6817
6887
7671
9430
12295
14733
14623
14032
16169
17332
11798
4098
2556
4303
2191
-1067
-1274
-3645
-10249
-12652
-8207
-5745
-7957
-8027
-5181
-4465
-4168
-514
2646
1691
827
3125
5221
5341
5726
6506
6110
5960
7693
9521
9506
8614
8108
7911
8022
8497
8388
7000
5149
3999
3476
2776
1673
510
-633
-1790
-2307
-1816
-1397
-1984
-2407
-1504
-418
-293
-60
868
1077
267
302
1412
1278
-708
-2244
-2436
-3329
-5189
-3368
5953
17863
21655
14138
4758
3067
7391
11453
14616
17733
16918
10246
3704
2441
2991
685
-2505
-3036
-2181
-2798
-5209
-9022
-14118
-18499
-19315
-16842
-14337
-14230
-16555
-19997
-22530
-22219
-19105
-15363
-12989
-12185
-12049
-11661
-10486
-8684
-6831
-5051
-2911
-338
2030
3620
4317
4245
3955
4571
6692
9202
10166
9042
7097
5695
5064
4822
4592
3926
2546
979
196
356
502
-176
-1167
-1178
191
1921
2992
3337
3249
2848
2848
4009
5468
5611
4742
4520
5146
5576
5543
5345
4820
4158
4085
4538
4743
4612
4444
3973
3126
2668
2886
3003
2567
1993
1544
1097
823
882
852
424
33
56
206
187
160
105
-257
-699
-602
-61
112
-401
-1141
-1709
-2105
-2365
-2595
-3030
-3698
-4330
-4800
-5199
-5543
-5844
-6342
-6893
-6483
-4293
-1222
696
464
-1004
-2128
-2019
-637
1447
3269
4057
3912
3497
3233
3113
3058
2981
2807
2805
3350
4177
4257
2939
721
-1386
-2700
-3038
-2688
-2503
-3307
-5015
-6663
-7498
-7549
-7181
-6711
-6395
-6266
-5964
-5225
-4427
-4110
-4154
-3899
-2994
-1707
-458
493
1021
1129
991
918
1180
1862
2778
3557
3897
3755
3347
2914
2603
2411
2299
2328
2591
2966
3065
2609
1859
1374
1412
1827
2435
3069
3401
3117
2518
2291
2600
2902
2818
2634
2609
2531
2186
1830
1616
1405
1154
1154
1408
1453
1112
682
351
74
188
892
1451
1029
154
-43
266
122
-406
-597
-542
-850
-1324
-1317
-1021
-1089
-1571
-1951
-1973
-1822
-1767
-1819
-1925
-2137
-2488
-2799
-2878
-2932
-3206
-3512
-3538
-3451
-3705
-4370
-5020
-4860
-3068
146
2894
3154
1110
-1018
-1412
25
2430
4767
5965
5554
4280
3349
3216
3470
3685
3771
3826
4042
4387
4300
3102
881
-1310
-2395
-2171
-1334
-936
-1660
-3375
-5226
-6294
-6199
-5311
-4434
-4171
-4474
-4793
-4681
-4188
-3731
-3599
-3585
-3145
-2085
-919
-314
-287
-377
-288
5
617
1652
2742
3262
3036
2577
2537
2994
3391
3321
3144
3374
3740
3469
2430
1352
945
1236
1719
1883
1625
1294
1163
1051
774
619
947
1482
1645
1377
1030
752
432
63
-194
-261
-181
-87
-157
-379
-543
-540
-512
-555
-567
-435
-303
-293
-360
-391
-394
-436
-604
-907
-1190
-1255
-1090
-907
-877
-957
-960
-805
-579
-441
-467
-624
-839
-1019
-1070
-1008
-1030
-1282
-1654
-1826
-1662
-1463
-1729
-2555
-3225
-2626
-270
2864
4771
4166
1799
-166
-57
2110
4980
6975
7215
5927
4231
3253
3297
3781
3956
3645
3253
3180
3238
2726
1139
-1193
-3208
-3964
-3413
-2473
-2308
-3484
-5564
-7446
-8157
-7506
-6191
-5193
-5082
-5647
-6164
-6046
-5269
-4315
-3639
-3253
-2761
-1811
-649
118
252
174
385
949
1806
2899
3868
4036
3129
1993
1820
2734
3685
3703
2949
2212
1864
1740
1557
1249
933
782
918
1170
1211
914
523
275
189
349
968
1775
1955
1295
645
765
1346
1623
1507
1326
1138
911
857
997
794
131
-297
1
402
178
-289
-361
-311
-691
-1076
-675
-10
-297
-1433
-1989
-1343
-673
-928
-1399
-1132
-638
-949
-1680
-1675
-1028
-963
-1822
-2500
-2125
-1241
-859
-1181
-1653
-1838
-1879
-2216
-2701
-2060
808
4718
6402
4105
134
-1424
769
4438
6994
7850
7413
5816
3613
2318
2823
4134
4612
3983
3222
2864
2350
1031
-956
-2827
-3817
-3644
-2727
-2145
-2962
-5264
-7870
-9198
-8558
-6689
-5050
-4658
-5528
-6805
-7439
-6887
-5423
-3838
-2739
-2142
-1766
-1396
-914
-263
368
652
857
1874
3831
5291
4805
3093
2323
3328
4722
5038
4464
3913
3511
2864
2165
1920
1961
1619
798
68
-229
-253
-190
-218
-678
-1435
-1336
138
1363
337
-1903
-2023
518
2285
1160
-282
455
1491
392
-859
230
1762
904
-697
75
1660
770
-1223
-572
1468
588
-2448
-2376
1358
2999
-1
-2915
-1671
990
649
-1683
-2255
-953
-935
-2861
-3920
-2597
-1063
-1599
-3120
-3437
-2605
-2171
-2616
-3089
-2099
2185
8975
12165
6612
-2356
-3280
5637
13970
14603
11904
10729
8541
3864
2222
6717
11237
9660
4759
2313
2346
1471
-928
-3061
-4188
-4764
-5084
-5511
-6766
-9271
-12507
-14851
-14406
-11318
-8683
-9193
-11932
-14001
-14100
-12429
-9203
-5603
-3924
-4771
-5789
-4928
-2696
-259
2056
3854
4632
5008
5865
6797
7157
7538
8494
9252
9176
8789
8306
7061
5255
4179
4092
3832
2747
1252
-425
-2182
-3204
-2855
-1977
-1945
-2876
-3852
-4219
-3928
-3077
-1913
-1034
-887
-1231
-1494
-1373
-845
89
1112
1600
1545
1595
1935
2105
2228
2694
2901
2336
2125
2933
3086
1757
1152
2325
2622
577
-1354
-1556
-1765
-2738
-2738
-1804
-2128
-3891
-5023
-4826
-4602
-4818
-4771
-4255
-3978
-2864
2910
13537
19335
10314
-5071
-5639
11953
25861
22009
13326
13008
12701
4868
2028
12871
21841
14146
899
-1122
3777
2584
-3474
-5512
-4131
-5653
-9933
-12447
-12939
-14941
-19275
-22035
-19471
-14058
-12819
-17762
-22455
-21560
-17821
-15011
-11707
-7443
-6654
-10223
-11463
-6401
9
2824
3887
5616
6229
5291
6242
9989
12914
13697
15282
17937
17390
12599
8595
8714
10206
9943
8400
5882
1255
-3748
-5142
-3067
-1705
-2758
-4532
-6320
-8172
-8288
-5782
-3383
-3304
-4042
-4143
-4457
-4832
-3573
-1345
-446
-472
463
1636
1466
1212
2534
4231
4895
5474
6375
5957
4136
3335
4266
4861
4180
3272
2217
189
-1897
-2497
-2123
-2251
-2850
-3281
-3960
-5391
-6675
-6516
-5309
-4538
-2311
6401
19294
21661
5594
-10242
-1761
22310
31168
20215
13620
17779
13810
1471
4404
22890
27241
9314
-3739
1949
7224
-488
-7273
-3553
-1112
-8558
-16637
-16975
-15333
-18903
-24218
-23944
-18561
-16150
-21201
-27667
-27337
-21909
-18575
-17126
-13149
-9875
-12896
-16834
-12544
-3042
1923
1968
3091
5112
4770
4720
8734
13914
15711
15175
16157
19094
20518
17112
10714
7767
10614
13229
10484
5319
1168
-3295
-6846
-4677
728
503
-5962
-10354
-9534
-7484
-5492
-2511
-1392
-4418
-7520
-6642
-3796
-2076
-1178
-542
-708
-680
827
2637
3275
3620
4713
5909
6598
6925
6477
5063
4181
5047
6269
5776
3609
1128
-850
-1828
-1595
-1292
-2323
-3959
-4731
-5026
-5536
-5388
-4815
-4197
1375
14959
23807
11910
-8573
-6963
17562
31454
21737
13466
18890
17219
2721
1830
21374
30147
13420
-2214
1935
8155
1023
-6567
-3045
465
-6706
-16372
-18197
-16105
-18457
-23759
-24405
-19693
-17781
-23386
-29867
-29112
-23567
-20290
-18927
-15816
-13607
-15854
-17810
-13358
-5333
-304
1026
1610
2248
2974
5065
8725
12613
15575
16591
15311
13779
14360
16369
18327
19838
18589
11859
3945
2447
6098
7003
3837
668
-3012
-8269
-9796
-5171
-1841
-4650
-8024
-7739
-7095
-7150
-4799
-1784
-2581
-5086
-4661
-2629
-1956
-1312
417
1326
1356
2490
3969
4086
4271
5745
6619
6105
6013
6304
5353
4308
4952
5289
3107
457
-304
-552
-1840
-2813
-2596
-2699
-3893
-4661
-4281
-4476
-5512
-1787
10856
22238
15327
-4767
-9425
11068
28807
23043
12519
16140
18245
5720
228
16555
29106
16278
-1000
845
8553
3141
-5575
-3218
1433
-4188
-13973
-16938
-15418
-17034
-21095
-21839
-18785
-17819
-22559
-28456
-28733
-23728
-19270
-17719
-17116
-16859
-17606
-17473
-13861
-7613
-2138
-5
-880
-1555
808
4996
8155
10614
13724
15271
13401
11654
13900
18051
20083
19471
16940
12600
8527
7557
8754
8813
6439
2319
-2330
-5084
-4478
-2899
-3300
-5008
-6416
-7799
-8535
-6841
-4071
-3467
-4765
-5419
-5213
-4990
-3969
-2031
-792
-533
-65
555
836
1681
3450
4837
5370
5824
5988
5224
4498
5001
6086
6235
4890
2692
879
165
-27
-331
-581
-894
-1875
-3113
-3564
-3380
-3553
-4293
-3002
4789
16609
18423
2865
-10974
-386
22526
27012
13973
9614
15278
10598
494
7728
24539
22476
3893
-3469
4408
7053
-437
-3799
185
-57
-8213
-15229
-15557
-13985
-15600
-18237
-17837
-16469
-19267
-25108
-27295
-23488
-18298
-15992
-16498
-18020
-18842
-17623
-14426
-10099
-5208
-1831
-2491
-4823
-3158
2400
6302
7628
10228
13224
12259
9277
10319
15399
19183
19450
17505
13980
9722
7690
9487
12253
11541
6445
581
-2144
-1691
-662
-348
-897
-3273
-6993
-8498
-6027
-3049
-3002
-4629
-5621
-6166
-6424
-5272
-3135
-2041
-2353
-2672
-2340
-1562
-283
1399
2782
3423
3524
3341
3278
3905
5162
6134
6042
4994
3633
2670
2328
2185
1794
1299
676
-461
-1544
-1391
-707
-1261
-2534
-2926
-3002
-1279
6710
16574
13206
-3970
-10448
7138
25083
19756
6300
7660
13658
7011
873
11520
22505
13476
-2009
-1620
7597
6630
-1828
-3389
866
-611
-8594
-13683
-12563
-11143
-13217
-15538
-15315
-15499
-19107
-23374
-23568
-19376
-14926
-14309
-17541
-20014
-17955
-13842
-11762
-10000
-5799
-3046
-5330
-7010
-2157
4346
5648
4946
7884
11215
9828
7545
11061
17870
19683
15375
12075
13040
13422
10982
10597
13037
11117
3729
-28
2683
3536
-233
-1784
-374
-2537
-7003
-6589
-2931
-2901
-5399
-5561
-4833
-6089
-6983
-5380
-3559
-3430
-3940
-3914
-3107
-1700
-523
271
1568
2750
2379
1927
3528
5433
5374
4995
5695
5421
3646
3110
4204
4218
2635
1376
785
-2
-685
-615
-206
-417
-1524
-2720
-3243
-3483
-1651
5843
14256
10215
-5500
-10202
6602
21908
15734
3968
6524
12120
5684
452
10254
19554
11552
-1055
-124
7395
6110
-1004
-2146
1690
883
-5959
-11368
-11340
-9600
-10131
-11993
-12982
-13985
-16795
-20213
-20829
-17219
-12652
-12413
-16909
-19818
-16927
-12495
-11298
-10305
-6057
-3161
-5716
-7993
-3819
2252
3502
2749
5442
8741
7736
5455
7571
12523
14486
12520
11593
14937
17868
13836
6712
7195
13583
13097
5739
3773
5730
647
-5121
447
6662
-642
-9548
-6118
-1297
-4879
-6030
-743
-1457
-8553
-9056
-3765
-3074
-5211
-4084
-2809
-3821
-3516
-1879
-1141
531
2738
1958
819
3253
4878
2921
3350
6960
6315
2241
2643
5626
4343
1689
2584
3005
-70
-1809
-104
657
-880
-1939
-2220
-2708
-2869
-3304
-4119
-661
8276
12107
2186
-9536
-4543
12418
18641
9224
2684
7315
9467
3337
3127
13581
17653
7119
-1793
2582
8587
4726
-1213
447
3904
170
-7456
-10517
-8661
-7368
-8595
-10219
-11444
-13671
-16917
-18834
-17312
-13344
-10939
-13087
-17287
-17885
-14076
-10772
-10134
-8642
-5211
-4275
-6940
-7319
-2403
2357
2458
1633
3946
6227
5054
4009
7278
11796
12305
9580
8747
11982
15324
13553
8292
7167
10991
11462
6853
5323
6912
3112
-2601
443
6071
1459
-6308
-4358
277
-2545
-5093
-1265
-519
-5982
-7256
-2727
-1518
-4023
-4080
-2786
-3279
-3392
-2273
-1745
-792
778
214
-848
1385
3563
1864
1008
3888
4667
1695
1310
3961
3862
1730
1964
2522
522
-945
36
404
-799
-1414
-1497
-2007
-2132
-1809
-2277
-3222
-3601
-1654
4662
10765
6054
-6730
-7881
8046
18968
11251
2030
5798
10075
4582
2341
11521
17143
8816
-532
1505
7339
6017
871
137
2496
1122
-4563
-8645
-8119
-6373
-6899
-8866
-10465
-12097
-14284
-16023
-15878
-13244
-10019
-10418
-15072
-17714
-14089
-9313
-8906
-9351
-6421
-4279
-6755
-8477
-4220
1372
2027
120
1076
3780
4091
3087
4922
9033
10728
8645
6735
8550
12254
13204
10602
8955
10282
10119
6730
6031
9301
8359
1957
147
4153
3380
-2017
-1455
2747
181
-4899
-2933
520
-2135
-4581
-1984
-1198
-4553
-5417
-3115
-2639
-3380
-2903
-3023
-3786
-2881
-1781
-1968
-789
1400
685
-1060
546
2636
1506
824
2871
3253
1043
897
2649
2129
345
533
1146
35
-1029
-934
-1008
-1315
-1007
-953
-1583
-1753
-1804
-2922
-2285
3707
10216
7105
-4106
-7260
4957
16808
12953
3037
3419
8979
6611
2233
7784
15361
10762
274
-726
5778
6887
1707
-591
1617
1625
-2980
-7313
-7553
-5628
-5214
-7105
-9554
-11264
-12478
-13660
-14074
-12458
-9745
-9590
-13433
-16619
-14269
-9209
-7668
-9016
-8070
-5492
-6055
-8150
-5727
136
2325
-76
-858
1933
3632
2678
3501
7640
10298
8533
6052
6640
9186
11507
13019
12306
8846
6495
8202
10424
9408
7342
6119
3773
1262
2171
4083
2167
-945
-835
-368
-2358
-3054
-1206
-1304
-3552
-3720
-2742
-3854
-4913
-3708
-3043
-4052
-4114
-3460
-3952
-3864
-2025
-1159
-1796
-1268
-148
-522
-438
1684
2792
1526
911
1715
1699
1367
2342
3038
1954
787
667
515
175
249
84
-638
-927
-618
-687
-1108
-1290
-1639
-2585
-2219
2191
8246
7454
-2419
-8306
1033
14420
13653
3351
1282
6840
6405
1996
5682
13376
11322
1848
-1114
4022
6664
3163
236
1564
2509
-1042
-6010
-7170
-4894
-3649
-5275
-7918
-9998
-11463
-12409
-12675
-11776
-9644
-8677
-11617
-15725
-15025
-9960
-7247
-8616
-8842
-6309
-5583
-7602
-7001
-2046
1729
825
-814
706
3002
2947
2770
5678
9412
9583
7010
6238
8100
9362
9702
11903
14234
11251
4994
4353
9731
11677
7835
5445
5346
2024
-1517
1402
5604
2713
-2757
-3182
-1799
-3023
-3263
-1009
-1068
-4135
-5642
-4784
-3958
-3413
-3091
-3728
-4233
-3870
-4130
-4333
-2238
-77
-1065
-2389
-942
334
-409
283
2933
3330
1269
620
1644
2032
2173
2804
2500
1068
218
253
270
188
-171
-1278
-2266
-2169
-1724
-1718
-1819
-2087
-2874
-3719
-3582
-820
4710
7525
1400
-7084
-3761
9572
14829
7053
1547
5547
8090
4480
4786
11576
13512
6540
1090
3533
7251
5755
2177
1807
3224
1713
-2791
-5868
-5510
-4234
-4502
-6241
-8635
-10954
-12278
-12650
-12574
-11397
-9527
-10243
-14200
-16052
-12546
-8492
-8442
-9261
-7345
-5571
-6766
-7379
-3887
591
1518
188
633
2728
3480
3132
4727
8183
9807
8294
6737
7456
8817
9037
9756
12287
13150
8817
3663
4888
10147
10703
6343
4144
3985
969
-1499
1988
5466
1600
-4001
-3789
-1586
-2457
-3040
-1238
-1378
-4381
-5726
-4346
-3124
-2927
-3000
-3348
-3523
-3271
-3507
-3499
-1590
316
-469
-1758
-789
299
-219
323
2484
2713
654
-86
1057
1544
1171
1191
1003
-50
-858
-645
-205
-458
-1574
-2808
-3083
-2519
-2248
-2206
-1800
-1845
-2859
-3368
-2849
-1927
1058
6344
7265
-219
-5906
1081
12644
13493
6163
4201
7946
7824
4876
7506
13292
12435
5428
2043
4969
7048
4313
1339
1913
2668
-347
-4848
-6575
-5873
-5527
-6259
-7619
-9716
-11887
-12939
-13082
-12714
-11201
-9607
-10777
-13953
-14462
-11163
-8346
-8195
-7861
-5847
-4764
-5711
-5560
-2398
1064
1970
1624
2558
4088
4228
3938
5644
8563
9511
7989
6769
7278
8145
8526
9139
9780
9083
7069
5234
4977
7006
9639
8693
3378
-305
1549
4274
3620
2573
2408
-733
-4986
-3517
1362
1200
-2761
-3633
-2753
-4115
-4521
-1754
-539
-2658
-3888
-3230
-3181
-3132
-2017
-1568
-1971
-1756
-2074
-3371
-2722
-297
-70
-1546
-1145
-315
-1656
-2232
79
1560
206
-970
-791
-944
-1062
-108
493
-217
-1069
-1624
-2154
-1989
-1278
-1409
-2104
-1954
-1363
-1360
-1340
-872
-1015
-1902
-1002
3642
8775
7548
-231
-3840
4033
14118
13845
7084
5475
8176
7347
5355
8856
13669
11328
4335
1672
4391
5968
3608
1070
1126
1264
-1573
-5662
-7277
-6354
-5764
-6755
-8430
-10185
-11893
-13129
-13405
-12317
-10185
-9159
-11139
-13915
-13363
-9821
-7448
-7296
-6583
-4744
-4248
-5121
-4208
-734
2098
2300
1904
3013
4355
4246
4090
5874
8236
8496
7022
6273
6924
7724
8088
8400
8525
7635
5763
4841
6563
8899
7677
3332
1155
2847
4166
3070
2217
1836
-596
-3226
-2046
769
280
-2497
-3509
-2992
-3036
-3017
-2232
-2026
-2840
-3493
-3505
-3089
-2454
-2279
-2735
-2663
-1978
-2152
-2950
-2497
-1172
-905
-1346
-1135
-921
-1465
-1549
-482
422
298
-223
-604
-753
-506
-60
114
32
-131
-469
-725
-530
-394
-817
-1139
-837
-583
-649
-316
295
300
-93
-222
-247
766
4521
8411
6451
-169
-1608
5854
12641
10786
5914
5765
7511
6034
4773
8006
11078
8114
2615
1463
3772
3826
986
-586
68
-433
-3470
-6348
-7063
-6820
-7050
-7564
-8282
-9717
-11413
-12243
-11958
-10926
-9524
-8884
-9991
-11434
-10797
-8407
-6693
-6083
-5086
-3695
-3301
-3535
-2444
51
1880
2233
2609
3829
4564
4107
4178
5976
7725
7569
6551
6394
6679
6586
6793
7626
7894
6817
5079
4083
4995
7061
7128
3946
1234
1907
3228
2549
1950
2241
513
-2511
-2308
330
305
-2082
-2743
-2141
-2810
-3433
-2481
-1860
-2662
-3322
-3226
-3017
-2653
-2510
-3058
-3051
-1926
-1739
-2941
-2971
-1589
-1314
-1897
-1245
-388
-1073
-1722
-720
416
370
50
139
311
520
721
645
625
824
669
304
539
889
327
-513
-534
-278
-545
-828
-528
-94
-98
-360
-472
-606
-828
254
3704
6690
4779
-237
-945
4600
9460
8897
6434
5804
5446
4225
4769
7719
9165
6688
3194
2159
2851
2597
1218
471
390
-730
-3102
-5025
-5737
-6100
-6579
-6857
-7246
-8389
-9952
-11022
-11111
-10202
-8851
-8275
-9065
-10061
-9815
-8415
-6879
-5544
-4298
-3532
-3495
-3363
-2141
-135
1488
2311
2911
3511
3746
3768
4408
5749
6786
6873
6451
6073
5716
5459
5650
6212
6468
5907
4845
4000
3634
3367
3157
3640
4435
3684
1104
-495
553
2047
1900
1088
419
-1043
-2545
-1849
214
523
-1130
-2463
-2724
-2623
-2086
-1156
-825
-1482
-2354
-2736
-2407
-1558
-1008
-1181
-1470
-1536
-1856
-2152
-1562
-642
-623
-1140
-1167
-975
-1056
-947
-382
75
83
-102
-283
-263
116
565
661
462
178
-114
-146
224
423
28
-496
-657
-672
-864
-1052
-967
-594
-258
-245
-360
-329
-491
-580
964
4168
5682
3253
236
1252
5345
7873
7527
6577
5962
4884
4167
5510
7767
7884
5422
3129
2668
2772
2041
1011
447
-231
-1660
-3352
-4657
-5666
-6475
-6854
-6985
-7519
-8660
-9908
-10657
-10566
-9723
-8772
-8506
-8932
-9254
-8837
-7735
-6279
-4768
-3639
-3223
-3124
-2414
-849
796
1852
2595
3419
4001
4089
4252
5058
6095
6620
6590
6354
5974
5525
5372
5586
5743
5501
4974
4322
3683
3322
3245
2926
2260
2144
2920
3195
1718
-247
-561
754
1798
1632
716
-577
-1871
-2097
-714
838
642
-1168
-2665
-2617
-1593
-738
-530
-898
-1727
-2582
-2719
-1997
-1331
-1519
-2179
-2531
-2551
-2618
-2606
-2268
-1892
-1871
-2039
-2006
-1736
-1472
-1253
-866
-346
-31
-108
-264
-71
478
975
1101
909
659
559
672
900
988
785
408
96
-80
-217
-280
-174
-49
-102
-183
-84
-86
-341
-30
1572
3278
3180
1829
1643
3159
4472
4838
5420
6181
5554
3978
3877
5492
6280
5156
3889
3573
3096
1817
836
751
496
-734
-2170
-3045
-3855
-5088
-6053
-6151
-6124
-6837
-7910
-8553
-8752
-8747
-8390
-7753
-7383
-7418
-7359
-6884
-6083
-5047
-3932
-3045
-2504
-1955
-1134
-218
632
1496
2318
2848
3208
3720
4223
4376
4531
5096
5556
5262
4685
4680
5226
5580
5277
4618
4095
3503
2865
3665
5761
5457
1454
-1186
876
3351
2682
1612
1445
-586
-3235
-1994
1480
1808
-777
-2518
-2810
-2427
-1299
-509
-1049
-1805
-2219
-2950
-2886
-1391
-934
-2362
-2756
-1645
-1808
-2852
-2233
-1013
-1262
-1690
-1154
-977
-1387
-1071
-291
123
391
330
-321
-371
693
1277
907
888
1098
508
128
1009
1775
1233
422
292
380
393
445
419
222
-29
-450
-862
-692
-112
79
-141
-265
-274
-302
-94
669
1787
2549
2199
1230
1306
2923
4388
4385
3770
3632
3617
3327
3411
4150
4412
3283
1729
1342
1820
1507
200
-662
-742
-1305
-2608
-3455
-3575
-4019
-4956
-5447
-5354
-5576
-6389
-6978
-6760
-6164
-5913
-6042
-6005
-5600
-5155
-4748
-4052
-3141
-2545
-2312
-1862
-963
-87
408
789
1404
2100
2511
2690
3011
3495
3782
3815
3946
4214
4264
4033
3891
3956
3908
3624
3410
3440
3348
2837
2205
1959
2049
2023
1700
1268
803
348
131
285
466
233
-338
-810
-891
-692
-510
-549
-789
-1081
-1278
-1287
-1126
-984
-1040
-1238
-1379
-1380
-1303
-1222
-1153
-1096
-1048
-998
-970
-930
-823
-631
-428
-305
-271
-272
-224
-98
74
230
317
293
220
216
320
434
465
442
422
386
314
286
323
337
264
170
123
100
40
-58
-125
-159
-197
-239
-246
-233
-268
-388
-469
-388
-186
-39
-34
-89
-94
-20
130
414
765
940
812
674
826
1211
1516
1606
1585
1507
1399
1396
1571
1706
1584
1278
1035
929
826
624
378
130
-160
-472
-738
-969
-1259
-1599
-1848
-1958
-2088
-2330
-2576
-2708
-2735
-2724
-2678
-2611
-2569
-2546
-2462
-2238
-1921
-1669
-1513
-1339
-1081
-789
-509
-247
-8
178
315
467
635
777
870
905
926
939
906
875
861
846
806
724
641
596
555
528
526
510
463
430
431
435
451
468
488
510
519
538
574
608
643
685
712
748
779
781
811
857
876
870
849
820
820
816
773
716
642
566
507
446
381
303
195
102
48
8
-53
-125
-177
-217
-264
-300
-316
-320
-321
-346
-375
-377
-378
-370
-348
-338
-344
-362
-375
-356
-319
-310
-311
-324
-342
-336
-325
-332
-331
-334
-343
-349
-343
-329
-319
-314
-303
-282
-269
-247
-209
-178
-151
-119
-83
-52
-18
27
62
85
102
124
157
177
191
195
200
210
215
211
200
191
189
173
161
148
127
108
84
64
37
8
-15
-42
-58
-80
-106
-137
-168
-187
-201
-212
-225
-233
-246
-253
-245
-237
-239
-240
-231
-219
-201
-181
-167
-149
-130
-105
-77
-49
-16
17
46
72
104
134
160
185
215
246
266
289
307
325
346
365
381
389
389
391
398
398
390
380
362
351
343
329
317
290
259
229
204
177
149
113
86
57
29
-9
-41
-72
-97
-117
-136
-162
-185
-195
-198
-204
-213
-219
-217
-214
-212
-205
-198
-185
-171
-160
-158
-148
-124
-101
-89
-89
-91
-85
-68
-43
-31
-44
-58
-55
-31
-4
3
-11
-25
-22
-3
21
24
1
-26
-22
14
50
35
-26
-70
-41
35
67
26
-51
-80
-33
37
67
17
-63
-81
-12
80
97
24
-53
-42
54
128
114
27
-41
-25
62
121
84
-5
-56
-27
30
46
-14
-97
-133
-112
-73
-97
-184
-239
-261
-254
-247
-295
-368
-396
-395
-368
-359
-399
-419
-393
-357
-312
-281
-286
-260
-196
-122
-51
-3
30
82
160
255
327
393
466
525
597
671
716
799
888
931
981
1016
1023
1075
1125
1138
1148
1110
1073
1096
1080
1029
981
896
839
826
767
678
597
521
463
414
339
250
171
109
60
-5
-89
-178
-250
-313
-380
-440
-517
-595
-661
-729
-822
-879
-918
-975
-1029
-1079
-1134
-1178
-1198
-1234
-1284
-1336
-1360
-1384
-1439
-1506
-1539
-1576
-1640
-1693
-1736
-1757
-1773
-1799
-1811
-1781
-1731
-1646
-1539
-1452
-1348
-1208
-1023
-803
-592
-415
-236
-24
212
438
634
807
978
1163
1333
1459
1556
1645
1708
1734
1732
1691
1613
1489
1329
1160
959
741
518
271
22
-192
-361
-505
-648
-760
-821
-813
-744
-661
-561
-415
-216
8
236
473
712
943
1173
1384
1555
1702
1820
1904
1961
1971
1936
1889
1801
1686
1558
1391
1219
1086
949
781
623
494
402
333
282
247
203
175
185
214
244
272
286
281
267
266
259
217
151
70
-29
-129
-224
-335
-485
-650
-801
-930
-1074
-1230
-1373
-1516
-1660
-1773
-1863
-1964
-2069
-2138
-2182
-2214
-2245
-2261
-2256
-2225
-2169
-2121
-2072
-1994
-1904
-1827
-1740
-1624
-1516
-1440
-1354
-1226
-1102
-1010
-914
-793
-675
-564
-457
-351
-225
-84
54
178
286
407
545
683
811
929
1045
1171
1307
1435
1531
1621
1729
1840
1915
1969
2039
2112
2160
2191
2239
2273
2270
2257
2268
2275
2243
2194
2129
2055
1983
1888
1757
1613
1466
1297
1123
961
789
580
374
198
31
-140
-321
-493
-626
-711
-798
-891
-983
-1039
-1058
-1060
-1061
-1080
-1095
-1091
-1091
-1096
-1102
-1133
-1195
-1271
-1344
-1423
-1536
-1695
-1866
-2008
-2141
-2288
-2445
-2554
-2634
-2694
-2693
-2630
-2528
-2387
-2202
-1948
-1645
-1297
-934
-557
-172
209
570
904
1227
1515
1741
1910
2036
2114
2161
2190
2169
2094
2000
1901
1793
1694
1588
1426
1257
1152
1094
996
865
751
680
635
593
510
395
316
298
287
264
213
127
75
112
208
248
217
212
290
418
531
588
606
653
739
825
863
824
755
706
699
677
552
352
206
140
51
-96
-289
-468
-564
-626
-703
-826
-956
-1048
-1090
-1100
-1115
-1197
-1299
-1328
-1285
-1255
-1288
-1358
-1398
-1370
-1314
-1305
-1356
-1390
-1372
-1329
-1282
-1273
-1309
-1305
-1218
-1095
-1017
-975
-908
-761
-564
-367
-190
4
259
544
811
1071
1348
1624
1884
2144
2369
2503
2583
2660
2729
2707
2565
2330
2056
1770
1433
966
390
-195
-722
-1237
-1789
-2382
-2947
-3421
-3769
-4011
-4213
-4391
-4495
-4420
-4157
-3847
-3602
-3321
-2890
-2318
-1728
-1227
-782
-275
327
937
1460
1885
2282
2727
3214
3658
3955
4158
4390
4664
4896
5007
5020
4981
4948
4929
4845
4620
4312
4046
3843
3597
3264
2854
2446
2117
1854
1565
1189
798
478
247
30
-203
-491
-799
-1034
-1179
-1320
-1519
-1763
-1985
-2134
-2242
-2361
-2532
-2717
-2838
-2882
-2919
-2977
-3045
-3109
-3112
-3034
-2949
-2926
-2934
-2903
-2818
-2699
-2610
-2582
-2590
-2558
-2464
-2378
-2346
-2361
-2366
-2338
-2252
-2167
-2147
-2143
-2092
-1966
-1808
-1678
-1571
-1453
-1267
-1020
-775
-577
-389
-167
109
397
641
833
1026
1275
1545
1756
1910
2067
2258
2461
2637
2775
2894
3033
3171
3288
3374
3458
3539
3587
3610
3610
3602
3578
3541
3479
3377
3251
3124
3000
2855
2686
2499
2297
2095
1889
1660
1421
1199
991
768
518
263
37
-189
-416
-638
-861
-1076
-1268
-1439
-1605
-1752
-1869
-1976
-2075
-2169
-2229
-2261
-2258
-2250
-2263
-2269
-2231
-2158
-2110
-2078
-2032
-1966
-1892
-1817
-1737
-1666
-1608
-1540
-1438
-1338
-1247
-1168
-1097
-997
-855
-721
-630
-561
-455
-314
-189
-95
-30
33
105
188
254
283
296
293
295
314
339
333
300
280
284
298
296
301
313
319
334
374
406
422
457
510
545
565
589
604
621
645
656
642
597
548
498
441
355
241
116
-8
-125
-236
-369
-505
-607
-679
-724
-752
-776
-762
-706
-615
-515
-403
-261
-93
79
253
427
593
762
945
1110
1241
1353
1461
1554
1629
1682
1705
1700
1675
1638
1587
1517
1414
1293
1167
1050
923
772
604
438
292
164
26
-120
-263
-383
-495
-594
-674
-747
-810
-862
-900
-931
-947
-947
-940
-933
-920
-893
-869
-852
-828
-794
-761
-735
-709
-691
-670
-645
-616
-589
-580
-572
-553
-530
-507
-489
-471
-444
-427
-410
-381
-347
-319
-301
-284
-257
-231
-206
-183
-170
-163
-161
-148
-128
-116
-122
-134
-145
-151
-140
-125
-128
-153
-161
-154
-141
-119
-99
-87
-66
-33
5
36
72
126
180
220
257
301
344
385
435
492
534
556
553
569
600
634
660
652
624
626
639
649
654
639
620
607
600
603
612
591
562
554
540
529
507
471
440
420
389
354
316
266
221
170
125
82
33
-16
-67
-110
-151
-196
-235
-269
-307
-338
-355
-376
-385
-409
-433
-437
-433
-441
-434
-431
-431
-428
-427
-414
-386
-375
-367
-355
-344
-324
-300
-290
-284
-265
-248
-230
-212
-204
-189
-169
-153
-125
-106
-101
-82
-51
-21
0
20
38
67
94
116
137
157
168
181
200
205
204
204
205
205
200
190
183
169
157
144
132
113
82
60
46
31
17
-3
-30
-55
-73
-86
-102
-118
-141
-168
-182
-187
-193
-198
-201
-200
-202
-213
-211
-201
-188
-170
-156
-141
-122
-100
-89
-69
-44
-27
-12
9
28
43
55
67
87
105
121
128
132
140
147
156
170
181
187
187
185
201
218
222
226
225
230
230
230
231
232
226
220
217
198
184
173
163
150
132
111
92
70
50
38
21
1
-26
-42
-49
-63
-82
-101
-121
-131
-135
-148
-163
-178
-192
-197
-200
-199
-205
-210
-213
-209
-212
-215
-215
-218
-209
-200
-199
-191
-182
-173
-165
-153
-146
-138
-131
-121
-101
-95
-91
-76
-68
-63
-58
-51
-40
-33
-29
-29
-23
-11
0
1
9
14
26
30
40
52
58
65
74
86
89
99
104
112
119
127
135
140
140
140
139
143
143
145
145
138
139
140
134
130
124
118
116
106
97
93
85
71
59
50
43
35
25
16
13
6
-6
-12
-19
-25
-35
-45
-56
-58
-61
-68
-73
-81
-86
-93
-94
-94
-100
-102
-103
-100
-94
-93
-90
-90
-87
-86
-79
-75
-65
-52
-46
-44
-39
-37
-34
-26
-21
-18
-16
-13
-12
-11
-9
-6
-2
0
0
2
0
-2
2
5
9
11
10
14
13
15
24
25
29
30
32
33
33
34
31
35
34
31
28
26
29
25
23
23
25
22
21
17
16
12
5
-1
-3
-6
-13
-15
-16
-18
-19
-25
-29
-29
-26
-26
-23
-18
-14
-11
-8
-1
9
16
25
37
46
63
80
92
110
122
139
162
173
178
186
193
214
233
233
235
231
222
227
226
216
199
179
162
147
126
95
65
34
-1
-38
-76
-112
-154
-198
-243
-298
-343
-384
-423
-458
-515
-581
-617
-651
-683
-708
-768
-817
-830
-851
-862
-872
-916
-923
-903
-896
-875
-850
-851
-811
-754
-696
-629
-570
-514
-424
-330
-235
-132
-39
71
181
293
409
514
635
751
853
953
1042
1134
1247
1334
1400
1468
1514
1564
1629
1659
1662
1665
1650
1646
1658
1617
1562
1505
1437
1378
1318
1222
1122
1022
909
813
712
593
475
357
233
118
5
-114
-224
-329
-427
-536
-634
-721
-808
-881
-952
-1031
-1092
-1143
-1191
-1225
-1263
-1309
-1329
-1339
-1346
-1345
-1366
-1373
-1354
-1342
-1325
-1302
-1299
-1282
-1247
-1218
-1178
-1138
-1123
-1096
-1045
-1002
-955
-913
-891
-843
-788
-738
-679
-631
-585
-518
-456
-397
-328
-266
-202
-126
-52
28
105
178
253
331
402
476
550
612
672
738
799
855
901
940
982
1022
1055
1087
1096
1092
1109
1122
1128
1125
1103
1072
1062
1041
1017
993
940
897
867
821
777
726
663
613
572
517
470
416
353
305
258
206
158
113
60
17
-24
-69
-111
-146
-182
-219
-253
-286
-316
-341
-369
-398
-423
-443
-460
-472
-483
-501
-509
-521
-528
-521
-521
-522
-519
-522
-510
-491
-481
-468
-460
-448
-421
-399
-381
-363
-345
-322
-293
-261
-240
-214
-190
-166
-136
-106
-75
-50
-25
-5
21
41
63
83
101
116
127
143
155
166
175
180
180
188
191
188
194
188
178
174
167
163
156
144
132
125
112
104
92
79
71
65
57
46
43
34
28
24
18
15
4
0
-7
-4
-10
-16
-13
-15
-14
-16
-13
-14
-12
-14
-12
-11
-11
-8
-8
-4
-6
-6
-7
-3
-1
1
2
1
2
0
1
1
2
-2
-4
0
-3
2
1
-5
-6
-4
-6
-11
-10
-13
-10
-3
-4
-5
3
3
5
7
6
5
4
6
5
8
10
13
9
12
14
16
16
16
20
15
17
19
15
12
12
13
7
6
7
7
8
2
-2
-4
-9
-11
-17
-16
-18
-23
-25
-26
-28
-26
-28
-29
-28
-31
-29
-29
-30
-29
-28
-29
-28
-23
-21
-20
-21
-20
-16
-15
-12
-13
-15
-13
-6
-8
-6
-4
-8
-3
-2
-4
-2
2
2
3
5
6
11
12
12
15
13
9
12
12
16
19
18
20
23
20
25
28
30
30
28
27
25
26
25
30
27
26
28
26
25
18
17
16
