SAMPLES:	6906
BITSPERSAMPLE:	16
CHANNELS:	1
SAMPLERATE:	16000
NORMALIZED:	FALSE
-1
-1
-3
-2
-2
-3
-4
-5
0
-2
0
3
1
-4
-2
3
0
0
0
-1
-1
2
4
3
5
3
-5
-1
2
-4
-2
1
-1
-3
-8
-1
1
-4
1
3
-2
0
2
1
-1
-1
-3
-3
-2
0
2
2
0
-5
-1
-5
-7
-2
2
3
-7
-2
-2
-5
-4
-3
-1
1
3
1
1
1
-1
-1
4
1
1
3
-1
3
-2
2
4
4
4
3
3
3
6
1
3
3
0
-2
0
3
2
-2
2
2
2
5
2
1
3
1
-1
-2
-3
-2
1
-1
-2
-2
0
0
1
3
0
-1
-1
-1
-1
-1
-1
1
0
-2
-4
-3
1
1
-2
-7
-1
0
-5
-4
-1
-2
-2
0
3
2
-2
1
1
-1
-1
-1
-1
0
1
2
2
1
-3
-1
1
0
-3
-1
0
-4
-1
0
1
-3
-3
-1
0
2
-1
2
7
1
3
6
2
-2
-3
0
0
-2
2
2
-1
-1
-1
4
3
1
2
1
0
-3
2
-1
-1
0
4
2
-3
-1
0
0
-3
0
3
7
-5
-2
6
-8
-4
4
-8
-4
3
0
-3
-3
0
-4
-2
-1
-7
-4
1
1
2
1
-1
7
3
-2
5
1
-1
2
2
-3
-2
-1
-2
0
4
1
2
5
5
4
5
3
2
4
4
9
7
3
3
3
2
-1
1
-1
-1
0
1
-3
-4
-5
-4
-2
-3
-5
-6
-4
-4
-1
-1
0
-3
-2
2
1
-1
-5
-3
-5
-6
-2
-4
-6
-9
0
2
1
5
3
2
5
5
4
6
1
2
0
2
0
0
2
1
-2
2
2
2
2
2
-1
-1
0
3
2
-1
1
-2
-1
-2
-1
-3
-4
-1
-2
1
-1
-3
-1
4
-3
-2
-5
-6
-1
-4
-2
-2
0
4
1
3
2
4
2
2
4
6
4
1
-1
2
6
3
3
2
-1
-2
-3
-6
-4
-1
0
-2
-2
-2
-1
1
3
3
9
1
-2
4
8
5
-2
0
-2
0
3
-2
-4
2
2
-3
-8
1
3
1
0
-4
0
-1
-2
-4
-5
-2
-4
-5
-5
-3
-1
0
1
0
-2
1
0
-4
1
0
-1
-1
-1
-1
3
0
4
2
-1
1
0
2
3
0
0
-2
-1
2
1
-1
2
6
3
3
3
2
0
2
0
-4
1
5
4
1
1
1
-1
4
2
0
-1
-2
1
1
0
0
0
0
-2
-1
2
-2
-1
-1
3
2
1
0
0
0
-2
0
-4
-4
0
-4
-2
-3
-2
3
-3
0
0
-1
-2
-2
-3
-5
1
0
3
1
1
0
2
-2
-1
-2
-4
-5
-5
-4
-5
-1
1
-2
-2
-1
2
2
1
2
1
2
-2
0
1
0
2
-1
-2
-1
-1
0
4
2
1
2
3
7
3
1
4
-3
-3
2
4
4
5
2
2
3
1
-1
1
2
0
2
1
2
0
0
-3
1
3
-1
-2
-3
-3
-2
-3
-3
-3
1
-1
-2
1
2
-1
2
8
-3
-1
8
-5
-3
2
-1
0
-3
-1
0
-4
0
-2
-6
-7
-6
-5
0
-1
-3
-4
-2
-1
-2
-1
1
3
4
1
-2
-2
-3
1
2
5
4
0
3
4
1
2
4
-3
-3
2
0
-1
0
-2
0
2
-2
-2
0
0
1
4
4
0
2
0
-1
-3
-3
1
0
3
2
-2
3
-1
2
3
-1
-3
-1
2
-2
-2
-1
2
1
-1
-1
-1
-3
-5
-6
-4
-4
-3
-2
-2
1
1
7
3
4
5
10
5
-5
6
5
1
4
0
0
2
3
1
-1
1
4
2
-2
-5
1
-1
-6
-4
-4
-1
-4
-1
-5
-5
-6
-5
-2
0
2
-1
2
2
4
7
2
4
4
-2
-1
0
-3
-4
-2
-1
0
3
0
-2
0
0
-5
-14
-10
1
1
-8
-11
8
22
5
10
9
-1
-32
-38
-7
-5
-18
-14
6
13
0
-8
38
9
30
3
-15
75
-13
-23
128
-148
1668
3290
424
-956
79
-677
-188
162
-1161
-683
-920
-1082
345
-977
769
4395
-1002
-4073
393
-279
-2834
-1042
-1128
-1842
-709
157
736
-828
-1927
903
1809
-907
750
2658
-995
-1484
2173
1209
169
2425
3057
4768
5683
486
-2643
571
-339
-2446
-804
-1188
-2302
1381
1839
-3093
-3097
-1351
-509
2105
-426
-2798
654
-2148
-4098
926
-82
-2119
3087
1107
-1952
1381
-1741
-2912
1319
602
251
3095
84
-1392
1909
-267
-1671
3430
2392
-558
2400
4420
3658
1414
-945
77
2153
-1307
-759
2477
-1863
-6218
-113
1344
-5760
-2310
3619
-2259
-449
6400
-435
-3104
-1243
-2055
1889
2510
-820
501
-664
-2464
-722
-1643
-2934
475
-137
-2323
1814
-1064
-4531
-419
172
1985
4064
3464
2856
-101
336
1977
-679
-97
2562
877
-458
-64
-1154
-1730
-1194
-874
-552
219
1698
-1222
-3245
-52
-1175
-1984
1375
700
-769
286
-83
-348
765
-316
-402
1667
962
677
1096
-105
529
-624
-1474
2407
1890
-473
319
673
-95
-1809
-487
1575
-724
-1093
1499
263
-845
248
-278
-28
479
442
1365
1046
-82
-708
-967
1242
561
-1078
1010
1207
-1658
-1906
1664
-164
-2922
1122
1439
-355
-56
52
-36
-2008
942
1310
-1800
491
463
-587
-536
-52
888
-1283
-624
1669
506
-949
-1055
198
30
-893
76
1177
-443
-1559
55
806
-1186
-1195
1155
-342
32
1129
-5
-422
-981
1731
673
-1302
1483
-726
-906
345
-480
363
-707
-627
639
1228
-525
-338
1130
-1635
-1273
1044
1204
267
-242
1128
661
1725
1390
-840
1304
36
-1692
1489
619
-1699
-59
-996
-2455
-549
-423
-751
1099
-313
-1972
505
-151
-1370
748
514
-89
540
501
1090
1111
-757
-1782
44
2101
1757
221
-169
-856
-1182
801
1355
-24
-1160
111
1743
65
-790
-14
86
-494
348
2100
732
-905
-783
-1111
-515
1013
738
-544
-337
185
-506
-1464
-919
533
-373
-879
1739
1372
-1530
-1594
-797
48
381
707
1657
180
-364
110
-382
-267
-306
946
833
320
1193
-1233
-1424
324
-1519
-917
1546
860
-417
-242
42
-636
-1512
-263
1902
1548
-723
-153
1647
-1223
-1447
2143
887
-732
982
2372
220
-2376
-185
1452
-737
-275
2466
169
-2095
97
-632
-1875
323
684
-868
116
979
-1427
-1502
597
-330
-741
654
1345
1388
-811
-1847
504
2
-746
1651
1567
-386
-775
504
1215
-672
-1384
496
650
-341
1267
1702
-2609
-3992
-244
-96
-1829
972
801
-4480
-3190
703
-2424
-2805
607
-1452
-2342
494
102
-1872
-2436
-1536
-626
-189
1301
454
-2035
-1488
-880
-543
1002
688
-181
324
774
1021
1172
810
767
2289
3049
2310
2451
2359
1461
1251
2485
4014
3686
2506
1964
1752
1853
2570
3901
3244
869
429
2176
3932
2620
19
561
661
-836
968
2707
-42
-2535
-1584
-424
-271
-606
-1586
-1764
-2344
-3272
-983
551
-1643
-2504
-2382
-2367
-652
-412
-1728
-808
-183
-1902
-1777
794
1491
-1349
-3327
-503
1814
222
-589
-772
-1340
-821
-1130
-1113
-89
-708
-1668
-2056
-1916
-534
-1415
-4188
-2524
105
-2676
-4092
358
1153
-4038
-5240
-1482
1175
475
-1683
-222
2237
-683
-2780
1275
4206
1822
338
2343
2972
2031
2293
1933
1276
2334
2071
2013
5186
3999
-1902
-145
5237
1774
-1987
2618
4777
-196
-1614
2142
2118
-1822
-2143
1653
2796
230
-1638
-1775
-1191
-464
274
607
-1282
-2995
-1210
-769
-1817
846
-191
-5811
-2777
2454
-1493
-3463
156
-889
-4421
-2101
2728
723
-3795
-1441
735
-1469
260
2665
378
-361
854
837
1317
1709
2148
2772
1552
1597
2943
1988
1568
2827
3326
2999
1871
1858
3014
1368
1289
5103
3525
-845
555
2576
2026
1273
1993
3813
703
-2832
858
3488
868
-729
458
1233
-632
-1605
100
-393
-1920
-2764
-3613
-977
-275
-4666
-4137
-2611
-6010
-4943
-2360
-4713
-4871
-3240
-4942
-5195
-3156
-3781
-4771
-3084
-2460
-2471
-633
-2132
-3766
-281
-862
-1975
2709
1456
-3053
-945
2133
1176
-477
1351
1811
-730
249
284
901
4344
-990
-3891
4679
4145
-1598
1393
1319
-539
2586
2008
1226
4460
2736
-1603
-28
4319
4016
876
1080
2761
2468
1023
521
2422
3276
39
-1351
2264
3929
1076
-1226
-321
1100
576
403
1489
1722
736
-789
-1053
543
2395
3114
858
-1461
749
3109
1295
-373
1156
2668
1508
-581
149
3084
2366
-1866
-2034
2299
2838
-853
-513
1827
-660
-2263
1000
2361
-971
-1835
2187
1620
-3373
-1728
2931
676
-3278
157
1023
-4020
190
1386
-6655
-2832
3494
-3266
-7207
-2039
-624
-3220
-4348
-5252
-2377
-837
-5859
-6534
-2146
-2070
-4070
-2477
-2621
-4394
-3349
-3613
-2673
219
-1678
-2294
-470
-1682
-1508
-448
-1365
381
2171
-1188
-1781
1789
1563
-1133
-2655
-305
2873
363
-1807
-28
196
-977
-1253
-446
1798
2849
1120
597
2264
2703
2462
4044
6864
7496
5395
6238
9860
9257
6028
6676
9653
10326
8848
8111
9157
8747
5158
3189
5106
6066
3873
2071
2110
1315
-810
-2017
-2291
-2937
-3840
-4617
-4991
-4572
-4829
-6427
-7316
-7400
-7144
-6134
-5846
-6631
-7223
-6495
-4983
-5661
-6659
-4551
-3433
-4771
-5118
-3948
-2258
-2664
-3831
-3044
-2215
-1792
-1300
-2088
-3096
-689
377
-3050
-3104
763
1539
-2402
-2744
1094
854
-322
-679
-600
896
2655
2017
-1823
358
5816
2379
-1900
3500
6058
339
1288
4935
2225
1899
4834
4550
1641
1559
4219
4023
1568
2399
5765
4428
834
1692
3859
3727
953
-638
2075
2778
-338
-1175
-26
601
833
-1303
-3391
-202
2257
-1514
-3330
2449
8113
5575
124
224
3508
4526
3263
3753
7117
7753
3587
310
1177
3166
3015
993
-403
368
1367
132
-2530
-4210
-4445
-5034
-6163
-5962
-4715
-5227
-8011
-10197
-9944
-8525
-7653
-7285
-7156
-7356
-7423
-7147
-6029
-3650
-2257
-2937
-3147
-2479
-1827
-422
382
-589
-564
1271
1587
410
1516
2871
1076
-38
858
1741
3432
3764
1385
412
1013
1377
2247
1666
1001
2967
2658
-33
73
2355
3797
2182
92
2387
4464
2799
2528
2346
1988
4232
4453
2366
2532
4945
5231
1564
-91
3721
4988
1688
930
2615
3622
1773
-1006
596
2846
1443
351
-569
-1243
1271
1068
-3333
-3585
-847
-936
-2363
-3056
-2840
-2134
-2570
-4503
-4963
-1240
3036
2755
244
218
1510
734
-542
1567
5493
6481
4328
2310
2161
2695
1996
944
1453
2541
2516
1336
-6
-719
-1452
-2865
-4170
-4269
-3208
-2803
-4545
-6999
-8039
-8002
-8113
-7993
-6898
-5824
-6109
-7223
-7663
-6484
-4800
-4416
-3814
-1225
893
473
-1329
-2004
14
1821
1260
1979
4455
4526
2025
161
1056
2911
2662
2236
3334
3546
2554
1024
644
2051
932
-432
2986
4095
544
-29
428
-386
1039
1999
987
1893
3234
2669
232
-1828
978
5308
4071
-269
504
5617
5067
-1122
-1212
3453
3459
1569
1245
1457
3801
3841
-885
-1738
2493
3933
934
-1882
-665
1779
157
-2516
-2103
-609
-230
-2159
-3942
-2218
-1171
-3769
-5405
-2874
2886
7473
5818
-62
-3365
-1303
2810
4828
5915
7990
7853
3816
77
462
3502
4755
2998
1408
1863
2655
1722
-932
-3530
-4691
-4634
-4034
-3285
-2950
-4082
-7304
-10906
-11815
-9646
-7200
-6408
-7031
-8394
-9240
-8734
-7998
-7309
-5795
-4187
-3024
-1616
-313
345
344
-843
-1567
970
4550
5258
4612
4628
3365
896
448
2449
4506
5147
4358
2671
1105
658
693
372
1334
3024
1565
-547
1596
2632
-2045
-3922
1413
4025
984
1064
2744
455
-425
1566
1417
1182
3469
5335
3236
-1131
78
4510
2090
-1264
2661
5706
2486
-291
1485
3329
1081
-1629
109
2932
1338
-1793
-1656
308
190
-1956
-2780
-1493
-839
-3026
-6031
-4254
3955
11776
10876
1366
-6126
-2872
5529
9193
8672
9588
10972
7346
508
-776
4997
9065
6073
1137
972
4333
4475
-544
-5585
-6676
-5229
-4090
-3719
-3577
-5055
-9598
-14851
-16257
-12733
-8254
-6984
-9233
-12407
-13772
-12885
-11285
-9467
-7200
-5685
-5731
-5832
-3746
-133
1312
-320
-1421
278
3181
5830
7601
7088
4727
2810
2366
3670
6281
7670
6168
3110
695
543
2509
3850
2728
1087
478
-83
-57
603
-359
-1643
-857
330
1170
1359
237
554
727
-956
1029
4549
2947
1343
2971
2856
1473
2106
4271
4701
2969
3165
4132
1665
188
2964
3464
276
-683
978
1538
-314
-2823
-3215
-559
1423
-1429
-5547
-5741
-3809
-673
6833
14662
12128
-1286
-9989
-2578
10920
15599
12710
11279
10654
5095
-1069
1412
9642
11921
5979
741
1929
4900
2897
-3224
-7603
-7444
-5109
-3750
-3658
-4856
-9177
-16054
-20381
-17977
-11491
-7687
-9492
-14118
-17770
-18453
-15922
-11669
-8082
-6776
-7304
-7894
-7095
-4257
-352
2101
1926
1029
2055
5046
7793
8787
7981
6102
4852
5808
8390
9963
8455
5120
2821
2376
3228
4724
5151
2974
-623
-2673
-1989
-388
-116
-1240
-2224
-2532
-2930
-1747
1744
1602
-3803
-5372
-95
4106
4501
3653
872
-1843
736
5792
6100
4492
5249
3628
-45
1524
5761
5403
2237
-346
-2104
-940
2997
3846
-33
-2938
-2848
-3101
-4609
-5120
-804
9844
18242
12726
-3045
-10207
62
13583
15833
12264
13819
15831
8215
-2174
-297
11162
15276
7805
1672
4474
7487
1583
-7530
-9265
-4397
-1748
-3976
-5908
-6376
-10729
-19257
-23615
-18542
-10300
-8357
-13180
-18326
-20438
-20705
-19472
-15542
-10107
-7173
-8413
-10692
-10049
-5969
-1709
-93
62
1782
5408
7937
7580
6488
6702
7203
7406
9053
11933
12295
8275
3529
2307
4326
6710
7355
5666
2254
-990
-2111
-1286
-259
94
-389
-2005
-3785
-3822
-2545
-2432
-3516
-3224
-1422
-477
-212
791
1289
83
-196
2585
5323
5203
4362
4715
4391
2717
2506
4506
5420
3514
1468
1637
2212
984
-566
-471
-617
-3583
-6173
-562
14318
24687
15567
-5637
-13102
2134
18611
18937
14138
16931
16582
3033
-7256
2977
19792
19055
4571
-1299
5247
7575
-1246
-9076
-6964
-2127
-3445
-7476
-7107
-6110
-13218
-24832
-26978
-16288
-6616
-9165
-17891
-22281
-22707
-23523
-21708
-13893
-6387
-7223
-13523
-16001
-11806
-5497
-1320
504
1554
2714
3755
4297
5318
7707
9661
9107
8118
10048
12802
11272
6149
3544
5457
7853
8175
7388
5348
1035
-3077
-3056
305
2475
1292
-1834
-5011
-6819
-6031
-3323
-1368
-1462
-2256
-2596
-2828
-2770
-1516
491
1720
1980
2573
3656
3993
3283
2646
3013
4338
5976
6608
5096
2606
1420
1404
1084
1302
2593
1349
-3136
-1419
13119
26652
19455
-2366
-10883
3941
20513
21192
16246
18114
17107
3591
-6462
4607
22735
21621
4541
-2948
4476
7276
-2446
-9236
-4236
-21
-5938
-11748
-8323
-5828
-15522
-27739
-26082
-13638
-7705
-13764
-21260
-23397
-24382
-25952
-22025
-11900
-6010
-11123
-18970
-18020
-9709
-3703
-2622
-1320
1566
2093
559
2184
7364
10162
8317
6876
9265
11974
11017
7965
6335
6600
7321
8014
8564
7505
3765
-673
-2060
491
3242
2432
-1062
-3874
-5021
-5465
-4721
-2243
-486
-1977
-4621
-4616
-2398
-1088
-987
-95
1408
1770
1359
1833
3009
3479
3334
3744
4631
4626
3352
2255
2486
3132
2980
2270
835
-1572
-50
12121
27247
24947
2923
-11671
918
22157
25559
17714
18075
19901
7377
-5866
3727
24310
24486
5574
-2694
6307
9346
-2473
-10179
-3520
1908
-4923
-11694
-8052
-6030
-17573
-29933
-25146
-10439
-6881
-16644
-24124
-24266
-25692
-28405
-22319
-9526
-5771
-15179
-22934
-18573
-9743
-6155
-5013
-887
2633
812
-1860
1029
6425
7756
6660
8986
13311
13075
8153
4941
6102
8366
9521
10360
10165
6617
828
-2192
109
4277
5115
1693
-2464
-4733
-5596
-5405
-3310
-652
-946
-4329
-6412
-4979
-2941
-2463
-1823
25
1165
561
-48
534
1471
2253
3372
4849
5697
4792
2428
859
1633
3295
3861
3698
2821
534
1858
13483
26601
21665
678
-8134
8262
26099
24149
15795
17498
17752
5238
-2106
11695
26855
19104
1141
-702
9071
7659
-4453
-7576
92
1239
-7541
-11295
-6678
-8861
-21931
-27909
-17213
-6446
-11289
-22622
-25565
-23513
-25137
-24975
-16270
-8370
-12534
-21753
-21838
-13418
-7607
-6891
-5171
-1350
-167
-1918
-1389
2693
5802
6091
7039
10156
11469
8430
5047
5738
8730
9988
9367
8552
6777
3216
703
2073
4965
5015
1950
-1171
-2770
-3546
-3632
-2549
-1369
-1827
-3591
-4643
-4218
-3547
-3290
-2465
-799
383
227
-533
-845
-354
1064
3107
4350
3800
2223
992
1080
2455
3716
3545
2371
1250
681
3330
13326
24481
21000
2960
-6223
7717
25912
25956
16860
16396
17872
9142
2257
12322
24971
18800
3457
1935
10494
8676
-3268
-7020
100
2295
-4917
-9463
-7846
-11130
-21689
-24975
-14939
-7076
-13404
-24153
-26351
-23765
-24342
-23471
-16217
-11175
-16062
-22728
-20398
-12878
-9807
-9615
-5501
-332
-838
-4193
-2667
2935
5585
5526
8167
11681
10126
5417
4934
8849
10744
9469
8887
8573
5731
2493
2780
5147
5171
2801
872
-431
-2029
-3122
-2746
-1809
-2011
-3172
-3895
-4032
-4265
-4431
-3343
-988
283
-548
-1373
-981
-479
-121
1543
4009
4166
2004
873
1379
2010
2734
3666
3545
1831
245
54
2512
11256
22024
19922
3212
-6770
5617
24120
25215
15794
14691
17596
11265
3904
11175
23121
19133
5652
4087
12319
10537
-2241
-7008
949
5240
-1127
-7039
-7238
-10657
-19853
-22062
-12649
-6477
-13653
-24105
-25732
-22635
-22935
-22817
-17754
-14197
-17689
-22194
-20323
-14917
-11828
-9836
-6643
-4328
-4235
-4229
-2075
1119
3674
6081
8194
8924
7873
6392
6899
9312
11006
10694
9505
8323
6456
4506
4769
6498
6341
4060
2056
733
-1124
-2501
-1643
-398
-1157
-2912
-4082
-4926
-5584
-4756
-2483
-1025
-1221
-2074
-2719
-2476
-1274
358
1749
2357
2150
1154
479
1371
2413
2775
3404
3478
2169
926
1114
1810
3310
10978
20993
17445
949
-6188
7855
24148
22202
13150
13695
16462
10346
4320
11210
20794
16485
5878
5816
12015
8433
-3125
-5448
3523
6963
-560
-7159
-7931
-10822
-17488
-17070
-8770
-7016
-15966
-23818
-23204
-20497
-21176
-20669
-16837
-15270
-18367
-21243
-19598
-15154
-12087
-10436
-7724
-5032
-4688
-5801
-4675
-450
3088
5191
7474
8087
5695
3846
6442
10611
11267
9829
9383
8458
6160
5235
6692
7725
6437
4633
3448
1607
-357
-918
-125
531
-314
-2270
-4065
-4698
-4361
-3343
-1867
-976
-1660
-3395
-3527
-1908
-606
189
850
1285
664
116
831
1447
1367
1879
3416
3088
1521
959
788
1237
5139
15814
21008
9388
-4778
-1903
16342
24885
16452
10751
14145
14978
7695
6018
15460
19393
11153
4835
9749
12311
2861
-5586
-730
8220
5527
-3448
-7483
-8462
-12265
-15655
-11130
-6194
-10492
-19286
-22858
-20238
-19176
-20360
-19047
-15931
-15925
-19531
-21086
-18679
-15379
-12918
-8828
-4363
-5551
-9979
-9275
-2355
2599
2668
4138
6760
5236
2402
4991
10200
10505
8110
8956
10503
8063
5367
6671
8689
8093
6391
5536
3952
1309
328
1398
2580
1763
-879
-3035
-3711
-3643
-3391
-2064
-590
-1726
-4195
-4217
-2154
-1255
-1135
384
1343
-224
-1617
-375
1503
1878
1831
1981
1930
1364
622
742
1076
1322
2769
8966
17314
14589
443
-6080
6626
22605
21095
10733
9472
13753
11283
6049
10138
17809
15906
7978
6488
10243
7457
-907
-2270
5699
9742
2260
-6958
-9121
-8396
-10303
-10657
-6853
-7004
-14524
-20961
-20192
-17275
-17568
-18124
-16646
-15983
-18077
-20545
-20161
-16918
-13284
-11027
-8910
-6764
-7803
-10843
-9008
-1484
3300
2205
2009
4424
3967
2031
5021
10115
10071
7496
8447
9780
7254
5455
7957
10072
8374
5928
4916
3705
2358
2635
3592
3132
998
-1598
-2834
-2131
-1297
-1677
-1966
-1498
-2331
-4111
-3523
-1153
-467
-887
87
637
-1182
-2178
-83
2087
2087
1690
1692
1087
413
575
1235
1465
1364
2325
6999
14179
13715
2269
-5056
4700
19812
20053
9769
7336
12376
11935
6856
8581
15272
15033
8485
6281
9124
7572
777
-1006
5542
9406
2606
-6597
-8358
-6059
-7092
-9045
-7350
-7305
-13305
-18832
-17938
-15136
-15999
-17689
-16670
-15561
-17000
-19095
-19208
-17030
-13898
-11299
-9376
-8353
-9268
-10850
-8928
-2524
2127
1281
92
1982
3398
2959
4697
8586
9322
7204
7307
8842
7863
6254
7527
9541
8790
6480
5080
4097
3219
3421
4029
3490
1589
-502
-1496
-1245
-822
-1159
-1675
-1688
-2168
-3201
-2821
-1206
-701
-1083
-485
214
-755
-1512
114
1846
1687
1252
1382
983
441
1112
2080
1879
1140
755
1875
7157
13604
11298
452
-3521
7376
18877
16051
7166
7144
12586
11900
6990
8062
13427
12916
7262
5992
9179
7486
584
-708
5731
7926
392
-6812
-6294
-4321
-6784
-8966
-7541
-8163
-13288
-16846
-15718
-14675
-16495
-17360
-15510
-14557
-16478
-18698
-18328
-15492
-12493
-10986
-10521
-9695
-8552
-8088
-7066
-3872
-425
914
1136
1934
2677
2948
4502
7426
8934
8038
6801
6643
7059
7576
8293
8640
7818
6203
4846
4214
4038
3888
3691
3293
2155
379
-801
-695
-350
-759
-1204
-1131
-1482
-2433
-2420
-1093
-296
-639
-535
324
359
-327
-91
910
1239
1164
1545
1633
1043
900
1415
1600
1377
827
136
2175
9103
13740
7100
-3547
-1937
11417
18316
11551
5054
8467
12722
9254
5147
8575
13191
10562
5855
7054
9111
4019
-2039
1213
8293
6159
-3155
-7051
-4391
-4303
-7820
-8273
-6452
-8792
-13948
-15616
-14221
-14651
-16494
-15887
-13686
-13923
-16783
-18437
-16621
-13318
-11553
-11259
-10306
-8573
-7722
-7489
-6050
-3324
-958
639
1935
2313
1833
2350
4825
7550
8324
7152
5815
5766
6845
7796
8057
7994
7348
5668
4144
4125
4714
4475
3843
3417
2233
264
-613
42
602
308
-179
-731
-1598
-2067
-1469
-416
239
473
506
291
-74
-131
458
1282
1527
1223
981
882
692
698
1194
1496
1146
263
-527
889
6371
11428
7889
-1525
-3128
7244
15823
11964
4977
6747
11872
9910
4750
6314
11685
11371
6998
6612
8409
4961
-613
837
6926
6539
-1040
-5536
-3912
-3528
-7001
-8529
-6638
-7061
-11182
-14002
-13891
-14217
-15641
-15224
-13116
-12828
-15261
-17321
-16445
-13770
-11866
-10953
-9917
-9484
-10016
-8732
-4456
-1800
-3291
-3483
765
3638
1645
594
4121
7047
6274
5820
7105
6673
4997
6145
8981
8874
6197
5038
5846
5934
4908
4477
4803
4275
2619
1642
1983
1772
379
134
1470
1133
-1427
-2211
-238
633
-463
-294
1043
524
-922
-194
1562
1441
278
211
881
954
309
-49
597
1411
1047
21
-395
-744
-672
3797
10996
9789
-1214
-6011
4479
15662
12224
3601
5389
12076
10422
3855
4494
10774
11575
7064
6091
8133
5449
-475
-147
6280
7363
19
-5459
-3988
-2640
-6023
-8403
-6224
-5612
-9747
-13236
-13152
-13046
-14566
-14454
-12198
-12006
-14676
-16520
-15747
-13464
-11398
-10565
-10500
-10191
-9341
-8428
-6995
-3690
-833
-1509
-2650
-749
1927
2505
2837
5234
6915
5661
4617
5533
6487
6874
7620
8445
7804
5902
5040
5689
6435
6360
5418
4620
4025
2799
1935
2370
2903
2194
950
632
260
-1076
-1144
563
1318
431
-299
-150
-246
-699
16
1173
1049
379
-245
-669
-391
-81
174
566
638
347
-723
-1708
-1322
511
5532
10330
6481
-2769
-4075
6320
14595
9694
3105
6828
12002
8374
2193
4442
11211
11031
6449
5942
6804
3331
-913
1456
7244
5836
-1679
-5132
-3103
-2768
-6497
-7899
-5101
-5316
-10082
-13152
-12656
-12473
-13835
-13199
-10800
-11591
-15202
-16801
-14982
-12054
-10655
-10680
-10322
-9546
-9363
-9550
-7865
-3362
-300
-1412
-2625
-1061
1020
1833
3158
5896
6991
5635
5078
5970
6607
7046
8149
9280
8696
6765
5725
6136
6991
7289
6717
5914
4919
3509
2673
2907
3196
2668
1901
1449
404
-1121
-1203
88
525
-184
-576
-606
-1166
-1579
-779
203
14
-721
-1190
-1414
-1206
-778
-542
-247
-28
-554
-1552
-1807
-1419
-905
2211
8056
8498
125
-5623
1304
12160
12062
4403
3797
9949
10537
4255
2299
8302
12297
8951
5433
6124
5571
1268
158
5535
8396
2456
-4214
-3803
-1363
-3828
-7370
-5882
-3553
-6358
-11184
-12948
-12485
-12560
-12453
-11009
-10730
-13316
-16096
-16032
-13359
-11262
-11301
-11153
-9806
-9239
-9778
-9363
-7150
-4721
-2227
983
1356
-2107
-2997
1930
7146
7388
5622
6098
6824
6338
7074
8961
9550
8802
8659
9021
7887
6108
6349
8108
8776
6956
4282
3407
3735
3476
2922
2749
2145
242
-1168
-544
-192
-1403
-1928
-1074
-882
-2206
-2986
-2033
-1126
-1008
-982
-1390
-2209
-2645
-2150
-1061
-640
-854
-1029
-1187
-1135
-1160
-1768
-2115
-274
4977
9041
4982
-3357
-3792
6193
13567
9033
2617
5749
11262
8111
1857
4242
11567
11684
6101
4809
6735
4351
144
2180
7553
6101
-1273
-4431
-1761
-1270
-5420
-7402
-4623
-3808
-8357
-12613
-12308
-10933
-11861
-12398
-10854
-10927
-14163
-16203
-14264
-11486
-10974
-11204
-10245
-9280
-9459
-9426
-7485
-4461
-2724
-2616
-1736
913
2311
1005
1386
5890
9241
7472
5182
6895
9354
9123
8750
10025
10117
8156
7346
8508
8782
7385
6643
7004
6339
4196
2744
3124
3658
2722
1177
332
-366
-1538
-2026
-1170
-836
-2183
-3283
-2837
-2554
-3361
-3381
-1897
-1138
-2159
-3040
-2691
-2230
-2238
-1997
-1388
-1087
-1163
-1204
-1131
-918
-772
-1151
-1056
1642
6124
6851
1470
-3030
957
9556
11649
5814
2843
7600
10953
6421
2328
6718
12298
9848
4565
4882
6711
3530
436
3727
7291
3227
-3435
-3896
-817
-2055
-6357
-6870
-4267
-5110
-9858
-12548
-11277
-10309
-11467
-11747
-10600
-11467
-14454
-15010
-11970
-9772
-10550
-10972
-9189
-7997
-8633
-8170
-5322
-2943
-2495
-1798
83
1144
1129
2366
5109
6756
6516
6624
7912
8596
8194
8538
9944
10323
9065
8178
8471
8346
7322
6901
7185
6390
4402
3182
3190
2866
1793
1069
690
-392
-1859
-2364
-1998
-2026
-2622
-2945
-2975
-3412
-4040
-3875
-2953
-2369
-2535
-2737
-2538
-2450
-2720
-2601
-1716
-1049
-1384
-1693
-945
-108
-376
-706
-193
-217
-648
1916
7121
7416
370
-3841
2830
11858
10595
3051
2850
9633
10669
4097
1973
8274
12069
7608
3483
5398
6386
2165
163
4519
6786
1175
-4406
-2791
46
-3000
-7282
-6058
-3227
-5601
-10581
-11669
-9728
-9734
-11315
-10940
-9755
-11186
-13783
-13369
-10464
-9128
-9902
-9678
-7864
-7026
-7667
-7280
-4634
-1393
171
-369
-1164
35
3217
5348
5040
5052
7113
8606
7431
6180
7482
9509
9797
9057
8417
7324
6056
6201
7436
7335
5346
3615
3245
2935
1829
960
1106
1090
-202
-1878
-2639
-2655
-2678
-2568
-2192
-2466
-3686
-4480
-3873
-2851
-2553
-2543
-2184
-1971
-2316
-2550
-2153
-1549
-1175
-954
-811
-817
-786
-509
-135
236
409
-160
-746
1138
5751
7519
2442
-3005
392
9403
11456
4711
1494
7171
11136
6179
1436
5597
11240
8913
3793
4407
6684
3644
68
2896
6675
3112
-3222
-3277
163
-1397
-6304
-6602
-3297
-4098
-9043
-11155
-9217
-8680
-10702
-10907
-8982
-9462
-12484
-13053
-10156
-8293
-9185
-9414
-7406
-5993
-6683
-7039
-5069
-2092
-326
57
172
818
1674
2620
4376
6456
7223
6445
5958
6575
7171
7355
7944
8532
7846
6355
5580
5635
5573
5258
4948
4230
2873
1624
1117
1083
868
226
-604
-1387
-2067
-2619
-2763
-2450
-2272
-2607
-3060
-3259
-3356
-3244
-2594
-1781
-1536
-1772
-1905
-1850
-1627
-1185
-823
-779
-787
-653
-516
-313
0
163
269
301
-303
-571
2337
7137
6683
-69
-2986
3977
11406
8735
2121
3611
10058
9696
3352
2462
8421
10733
6310
3699
6031
6072
1617
379
4750
6028
355
-3898
-1639
238
-3531
-7030
-5033
-2905
-5988
-10014
-9889
-8348
-9381
-10780
-9512
-8248
-10062
-12378
-11472
-8665
-7784
-8694
-8145
-6145
-5761
-6939
-6166
-2470
64
-1070
-2146
-110
2603
2887
2104
3473
5878
6180
5183
5339
6334
6479
6129
6878
7607
6319
4608
4813
5866
5407
3808
3379
3745
2816
1263
884
1252
856
-165
-510
-629
-1696
-2680
-2313
-1467
-1645
-2617
-2895
-2439
-2458
-2762
-2410
-1658
-1494
-1982
-2007
-1345
-1073
-1330
-1288
-833
-686
-1052
-971
-17
593
258
113
694
653
-441
307
4910
8344
4666
-1646
-696
7394
11311
6373
2345
6247
10521
7229
2218
4367
9623
8995
4785
4508
6168
3503
-378
1546
5855
3883
-2312
-3771
-758
-1155
-5554
-6788
-3796
-3325
-7225
-9924
-9002
-8306
-9610
-9738
-7931
-7948
-10652
-11867
-9644
-7486
-7971
-8516
-6765
-5164
-6043
-6930
-4888
-1846
-1229
-1860
-568
1585
1497
246
1443
4672
6134
4981
4131
4888
5457
5248
5770
6937
6772
5205
4429
4927
4883
3977
3815
4413
3844
1887
651
996
1367
813
228
8
-702
-1955
-2413
-1751
-1341
-1820
-2164
-1882
-1994
-2818
-2989
-1873
-918
-1174
-1684
-1470
-1100
-1085
-834
-206
-32
-440
-477
62
476
622
971
1462
1588
1068
178
394
3454
7436
6655
822
-1782
3857
10235
8285
2532
3351
8807
8650
2989
1833
6880
9024
5367
3161
4861
4267
215
-296
3872
4605
-651
-4016
-1777
-528
-4140
-6785
-4529
-2778
-5793
-9164
-8679
-7477
-8863
-9960
-8214
-7049
-9298
-11475
-10028
-7552
-7642
-8545
-7218
-5390
-5899
-6869
-5229
-2536
-1956
-2490
-1268
820
1044
236
1196
3511
4610
4264
4246
4899
5064
4865
5474
6499
6438
5371
4833
5137
5043
4306
4073
4381
3940
2602
1662
1542
1354
862
666
504
-404
-1579
-1865
-1437
-1413
-1849
-1906
-1635
-1863
-2505
-2511
-1589
-801
-905
-1250
-1037
-591
-466
-263
398
766
291
-111
349
850
710
776
1529
1851
1318
904
642
158
1280
5308
7617
3349
-2447
-545
7226
9563
4156
1398
5832
8579
4230
689
4241
8213
6047
2897
4190
4945
883
-1733
2084
5483
1681
-3632
-2998
-338
-2459
-6295
-5529
-2778
-4180
-7987
-8747
-7423
-8266
-10006
-8844
-6664
-7881
-10955
-10954
-8238
-7213
-8275
-7932
-5906
-5402
-6526
-5994
-3505
-2143
-2489
-1749
561
1422
160
145
2792
4958
4615
3935
4750
5495
4958
4870
6201
6988
5988
4895
5071
5273
4499
3977
4424
4404
3006
1656
1580
1785
1187
478
414
210
-786
-1647
-1495
-1051
-1233
-1605
-1501
-1351
-1687
-1954
-1453
-643
-398
-595
-596
-349
-231
-124
373
975
917
325
156
540
595
310
739
1678
1676
820
657
746
-238
-145
3965
7922
4649
-2530
-2597
5441
9714
4855
677
4349
8194
4732
339
2866
7292
5941
2585
3541
4841
1080
-2450
656
4870
2115
-3552
-3750
-853
-2283
-6350
-6245
-3251
-3871
-7607
-8812
-7471
-8005
-9932
-9104
-6537
-7073
-10263
-10911
-8261
-6761
-7771
-7759
-5595
-4619
-5829
-5852
-3443
-1701
-1962
-1418
1047
2257
800
24
2328
5267
5759
4752
4630
5193
5259
5342
6205
6877
6288
5365
5313
5362
4538
3794
4208
4728
3801
2091
1329
1517
1429
869
468
133
-616
-1352
-1389
-1116
-1318
-1763
-1706
-1340
-1496
-2011
-1875
-1016
-417
-470
-580
-431
-388
-332
223
955
1101
737
545
614
583
512
667
943
1135
1155
891
641
798
753
-115
-118
2840
5935
3813
-1690
-2367
3541
7591
4562
862
2740
5711
3809
701
2266
5487
4623
1959
2425
3536
902
-2032
-31
3409
1741
-2855
-3726
-1668
-2268
-5088
-5247
-3246
-3797
-6708
-7713
-6648
-6936
-8393
-7850
-5949
-6356
-8804
-9343
-7294
-5933
-6428
-6424
-5094
-4445
-4947
-4526
-2719
-1571
-1509
-793
868
1682
1113
1010
2560
4439
5139
4835
4504
4590
4961
5588
6192
6162
5502
5024
5088
5050
4414
3821
3878
3935
3211
2094
1427
1238
1089
887
601
-61
-957
-1382
-1130
-869
-1142
-1549
-1555
-1394
-1478
-1600
-1312
-748
-433
-415
-317
-90
39
133
482
998
1224
1026
798
877
1096
1074
852
739
725
566
359
366
476
402
161
-191
-680
-651
858
2663
2086
-649
-1685
878
3545
2975
1205
1616
3153
2801
1319
1531
3011
3309
2578
2543
2574
1150
-334
423
2037
1437
-809
-1777
-1332
-1762
-3201
-3647
-3095
-3421
-4744
-5518
-5568
-6058
-6792
-6538
-5669
-5767
-6890
-7437
-6703
-5731
-5446
-5379
-4797
-4008
-3692
-3664
-3039
-1691
-430
175
511
998
1207
1356
2526
4553
5360
4062
2860
3679
5316
5705
5068
4781
4814
4373
3778
3771
3946
3590
3077
2987
2804
1803
744
828
1555
1498
509
-233
-293
-353
-650
-707
-465
-477
-824
-1016
-931
-893
-936
-705
-243
-98
-438
-691
-401
72
207
108
142
185
-39
-227
-10
288
169
-174
-359
-492
-776
-871
-522
-237
-439
-713
-617
-628
-1005
-816
641
1930
1402
173
371
1737
2447
2408
2965
3838
3590
2701
2757
3538
3678
3342
3604
3905
2982
1477
1064
1643
1707
840
-21
-533
-1321
-2399
-2995
-2956
-3113
-3859
-4627
-5116
-5697
-6338
-6432
-5979
-5783
-6220
-6659
-6623
-6365
-6063
-5541
-4870
-4382
-4113
-3753
-3299
-2829
-2025
-812
139
272
364
1148
1967
2168
2461
3474
4245
3908
3346
3654
4318
4383
4143
4247
4333
3829
3245
3302
3582
3314
2760
2607
2662
2245
1564
1369
1629
1635
1181
758
569
385
171
143
213
52
-292
-472
-419
-479
-752
-859
-612
-448
-753
-1162
-1170
-989
-1022
-1084
-898
-839
-1226
-1581
-1410
-1028
-945
-1063
-1106
-1100
-1147
-1139
-988
-739
-462
-275
-222
-156
63
267
409
891
1857
2429
1909
1295
2000
3537
3951
3104
2929
3891
4315
3530
3060
3624
3890
3247
2836
2955
2382
1108
714
1339
1185
-316
-1506
-1510
-1542
-2483
-3450
-3609
-3640
-4302
-5128
-5465
-5590
-5902
-6070
-5849
-5782
-6206
-6466
-6023
-5398
-5193
-5099
-4646
-4040
-3616
-3252
-2770
-2155
-1388
-550
-56
58
419
1263
2093
2516
2667
2857
3203
3575
3840
3980
4053
4076
4073
4135
4157
3921
3595
3583
3766
3628
3088
2640
2529
2478
2282
1993
1698
1386
1065
791
571
388
189
-18
-208
-422
-722
-980
-1042
-1011
-1065
-1199
-1313
-1449
-1620
-1630
-1464
-1351
-1380
-1419
-1407
-1399
-1351
-1190
-950
-778
-739
-738
-633
-395
-182
-85
44
286
439
408
461
774
1065
1085
1089
1318
1511
1425
1423
1899
2377
2189
1725
1863
2445
2563
2195
2191
2549
2401
1774
1613
1990
1937
1291
951
1080
788
-74
-552
-337
-361
-1095
-1812
-2008
-2182
-2741
-3191
-3155
-3165
-3707
-4286
-4334
-4185
-4352
-4564
-4374
-4099
-4211
-4409
-4167
-3667
-3377
-3209
-2807
-2333
-2186
-2128
-1660
-926
-426
-236
-55
235
496
767
1160
1563
1767
1778
1814
1963
2098
2198
2359
2524
2541
2398
2266
2241
2291
2382
2449
2390
2201
2010
1901
1881
1899
1910
1866
1709
1497
1311
1193
1154
1165
1167
1071
840
570
394
358
395
393
305
129
-111
-289
-322
-266
-229
-273
-355
-455
-569
-605
-514
-391
-346
-366
-379
-385
-381
-331
-204
-71
-24
-62
-69
10
93
130
180
276
326
281
249
341
450
438
374
383
421
386
302
296
336
286
157
69
65
3
-131
-197
-196
-281
-486
-629
-637
-678
-830
-973
-1042
-1132
-1303
-1427
-1445
-1478
-1605
-1728
-1770
-1798
-1875
-1928
-1886
-1822
-1845
-1902
-1875
-1761
-1678
-1637
-1532
-1405
-1330
-1292
-1171
-981
-825
-722
-598
-446
-326
-232
-94
105
275
372
464
591
719
823
938
1085
1214
1286
1350
1440
1537
1614
1690
1775
1841
1873
1890
1912
1930
1941
1954
1957
1933
1901
1846
1780
1718
1663
1606
1513
1401
1291
1189
1072
934
804
700
585
448
312
193
75
-38
-132
-215
-303
-402
-482
-539
-584
-644
-696
-713
-728
-756
-780
-778
-777
-789
-780
-755
-727
-709
-701
-675
-645
-626
-599
-557
-516
-502
-482
-439
-388
-354
-337
-302
-254
-228
-218
-190
-156
-144
-143
-126
-109
-117
-138
-152
-161
-178
-207
-243
-280
-311
-351
-397
-433
-468
-506
-553
-589
-624
-666
-694
-717
-742
-767
-791
-815
-813
-819
-829
-810
-819
-801
-794
-790
-763
-732
-695
-661
-614
-570
-515
-457
-373
-297
-223
-124
-28
75
173
280
395
510
622
732
840
946
1050
1145
1239
1333
1405
1455
1504
1552
1589
1608
1617
1602
1585
1549
1506
1461
1383
1306
1223
1141
1035
927
823
720
627
519
402
282
181
84
-6
-91
-181
-279
-354
-406
-454
-510
-560
-588
-604
-621
-630
-632
-639
-625
-609
-589
-577
-565
-546
-517
-484
-472
-460
-445
-424
-408
-395
-393
-385
-379
-378
-368
-361
-370
-372
-371
-368
-358
-358
-358
-360
-354
-336
-316
-312
-295
-282
-273
-251
-231
-213
-197
-174
-150
-132
-111
-95
-82
-64
-44
-25
-19
-12
0
12
21
33
38
43
52
55
54
53
62
58
59
59
51
47
50
67
75
77
80
85
97
110
129
142
144
150
166
177
185
192
192
188
188
187
185
184
168
159
157
155
153
137
119
111
101
85
77
68
59
49
45
39
28
22
28
32
34
27
27
32
41
58
67
66
68
77
89
104
111
109
111
120
127
128
123
121
112
103
96
80
62
49
37
23
8
-13
-39
-59
-66
-78
-100
-121
-136
-146
-146
-163
-179
-183
-184
-183
-184
-190
-195
-181
-169
-165
-161
-152
-142
-133
-124
-121
-111
-96
-78
-69
-68
-69
-58
-44
-31
-26
-25
-25
-19
-3
2
-4
1
7
14
28
33
30
32
45
62
73
71
70
70
81
101
103
98
98
98
103
113
116
99
87
90
91
89
72
58
49
48
49
30
12
-4
-5
-1
-12
-34
-50
-51
-44
-45
-57
-68
-66
-51
-39
-42
-42
-45
-44
-26
-12
-15
-13
-5
4
14
18
22
24
32
48
52
56
50
40
48
61
62
57
49
39
44
47
40
35
24
15
18
22
10
-6
-7
3
2
-9
-20
-28
-29
-20
-24
-33
-37
-42
-36
-33
-33
-39
-45
-42
-40
-35
-35
-45
-45
-42
-37
-35
-38
-43
-38
-30
-22
-20
-27
-24
-16
-6
-6
-9
-1
6
9
16
22
25
27
31
37
52
57
48
44
55
65
62
61
58
59
59
63
65
55
40
36
39
45
39
28
18
14
11
7
4
-7
-10
-8
-12
-19
-27
-33
-28
-24
-25
-36
-42
-43
-42
-35
-40
-44
-43
-40
-30
-22
-30
-37
-34
-25
-15
-13
-12
-12
-9
-3
-1
2
4
5
9
18
20
13
11
14
17
16
21
23
18
19
18
17
16
15
17
18
16
19
17
13
9
11
11
14
8
3
-6
0
10
4
4
-2
-4
-4
5
6
-4
-11
-12
-7
-3
-6
-10
-20
-16
-7
-11
-13
-20
-23
-14
-1
0
-6
-9
0
3
12
14
7
2
7
15
15
20
15
22
28
31
28
23
21
26
27
25
23
19
14
18
24
11
4
1
2
4
6
1
-9
-14
-14
-11
-9
-11
-20
-23
-23
-22
-24
-26
-23
-19
-18
-22
-23
-24
-21
-14
-13
-14
-14
-17
-9
2
-3
-7
-9
-3
5
5
6
4
2
3
3
5
8
3
2
10
13
11
7
7
11
10
13
13
14
14
14
16
17
20
20
23
30
25
18
20
24
25
18
16
15
14
16
9
7
4
-1
-1
7
4
-9
-15
-12
-9
-13
-17
-21
-21
-24
-18
-15
-18
-19
-21
-22
-13
-13
-14
-14
-7
-4
-5
1
2
0
1
7
5
8
7
7
13
13
13
13
12
13
16
8
3
7
8
8
7
-2
-6
-4
-5
-3
-4
-10
-14
-8
-4
-10
-13
-11
-11
-14
-12
-13
-12
-9
-9
-6
-5
0
0
-3
-2
-1
-3
-1
2
6
11
7
9
14
13
15
13
15
13
8
11
15
17
11
11
12
14
15
11
11
12
12
15
15
7
8
10
14
12
11
6
5
5
7
0
-2
-1
1
3
-2
-3
-6
-5
-10
-9
-12
-14
-11
-10
-8
-9
-12
-14
-11
-11
-14
-20
-21
-20
-18
-16
-15
-11
-10
-8
-3
-3
-1
-2
0
3
4
4
1
4
13
16
11
10
11
15
15
12
11
12
9
10
12
12
8
2
9
14
5
-1
-1
4
4
-1
-2
-3
-2
-6
-5
-5
-8
-10
-8
-1
-3
-5
-5
0
-3
-3
-8
-10
-5
0
1
-6
-5
-1
-1
2
1
-2
-3
3
6
5
-1
-7
-4
3
2
-1
-3
-3
3
4
4
2
1
1
5
8
10
7
10
10
11
8
8
13
14
10
7
10
13
13
7
5
5
9
7
1
3
4
5
0
0
-2
-8
-5
-3
-5
-7
-6
-7
-8
-2
-4
-6
-4
-3
-3
-6
-5
-7
-3
-1
1
2
-1
-1
4
7
7
4
2
5
9
3
2
2
-1
2
0
0
-5
-6
-7
-5
-3
-7
-8
-8
-3
-4
-5
-3
-3
-3
2
3
-3
-5
0
2
4
0
-1
-1
0
2
2
0
-3
-2
1
4
2
-2
2
2
1
-3
-7
-5
-4
-1
-1
-3
-2
-3
0
0
-1
0
-1
2
-1
1
2
1
9
8
10
7
7
