SAMPLES:	6029
BITSPERSAMPLE:	16
CHANNELS:	1
SAMPLERATE:	16000
NORMALIZED:	FALSE
3
1
2
0
-2
-2
1
-3
0
4
0
0
1
0
2
3
3
3
4
4
4
1
1
1
2
-1
0
-2
-4
-1
-7
-6
-3
-3
-3
-3
-6
-5
-5
-5
-6
-6
-3
-2
-4
-4
-4
-6
-5
-4
-2
2
1
4
-1
1
3
1
2
2
2
2
4
4
8
4
4
4
3
6
5
7
4
5
5
-1
-2
3
4
1
5
4
5
9
3
2
-1
2
0
-1
0
1
-1
-4
-1
0
2
-3
1
-2
-4
1
-3
-2
-5
-4
-4
-3
-6
-2
-5
-3
-4
-4
-1
-8
-3
-3
-2
-4
-2
-1
-3
0
-1
1
-1
-1
1
-1
-2
0
0
-2
-3
1
2
0
-1
-1
-2
0
1
1
-3
-3
-2
-3
0
-1
-1
0
4
-1
1
2
2
3
1
5
-3
1
3
0
4
0
-1
0
-1
2
1
3
1
-1
0
1
3
3
1
0
1
4
0
2
6
3
2
4
2
2
3
4
5
6
6
5
4
4
5
2
5
7
8
10
7
8
10
9
8
9
5
6
7
6
6
5
4
2
0
2
-5
-6
-10
-18
-17
-23
-26
-27
-36
-41
-42
-43
-46
-45
-58
-64
-67
-76
-73
-70
-85
-94
-91
-93
-93
-95
-104
-108
-100
-100
-93
-96
-108
-102
-95
-86
-79
-76
-69
-52
-41
-21
-6
9
23
34
47
60
70
90
96
104
113
111
111
118
118
114
110
100
99
97
90
80
69
57
48
40
27
19
13
7
-1
-6
-10
-10
-13
-20
-23
-19
-16
-13
7
35
82
139
217
309
418
546
684
837
996
1158
1318
1469
1609
1726
1801
1832
1840
1825
1767
1669
1548
1404
1219
1010
788
552
300
31
-241
-513
-758
-985
-1232
-1476
-1689
-1885
-2098
-2316
-2499
-2646
-2769
-2882
-2983
-3064
-3110
-3104
-3051
-2986
-2935
-2847
-2694
-2496
-2295
-2110
-1903
-1658
-1396
-1139
-884
-617
-324
-25
246
482
685
881
1096
1317
1511
1672
1836
2021
2196
2316
2391
2481
2548
2559
2546
2546
2512
2398
2263
2166
2070
1916
1722
1511
1283
1047
847
624
313
5
-225
-456
-787
-1127
-1409
-1486
-752
1203
3275
3536
1816
195
266
1415
2324
2643
2528
2070
1787
2366
3364
3378
1865
-42
-837
-303
414
216
-632
-1018
-707
-750
-1763
-3006
-3690
-3968
-4079
-3781
-3319
-3503
-4184
-4125
-3088
-2518
-3388
-4753
-5206
-4630
-3763
-3028
-2492
-2237
-2141
-1831
-1282
-1021
-1398
-2037
-2247
-1751
-894
-274
-104
0
510
1240
1551
1316
1055
1181
1622
2260
2985
3451
3443
3424
3902
4456
4334
3674
3257
3318
3517
3682
3765
3571
3143
2887
2855
2537
1805
1210
1093
1164
1119
954
660
223
-135
-333
-663
-1288
-1832
-1958
-1853
-1821
-1881
-1988
-2148
-2237
-2171
-2177
-2452
-2738
-2659
-2307
-2068
-2049
-2069
-2017
-1897
-1692
-1471
-1396
-1414
-1253
-872
-554
-502
-571
-545
-402
-206
-2
151
196
211
325
500
548
404
243
249
345
341
366
774
1572
2312
2629
2608
2513
2509
2733
3192
3612
3686
3487
3376
3505
3673
3574
3072
2328
1716
1428
1280
1019
636
231
-221
-753
-1245
-1701
-2285
-2929
-3313
-3357
-3422
-3698
-3913
-3850
-3691
-3676
-3805
-3997
-4203
-4259
-3963
-3395
-2869
-2530
-2288
-2029
-1680
-1242
-951
-991
-1110
-923
-430
50
397
701
970
1172
1336
1456
1494
1544
1740
2009
2154
2253
2460
2555
2373
2176
2192
2256
2212
2164
2208
2348
2488
2424
2057
1626
1351
1194
1080
970
807
598
415
218
-90
-493
-917
-1329
-1649
-1769
-1776
-1855
-2017
-2180
-2310
-2470
-2651
-2753
-2787
-2754
-2561
-2233
-2074
-2310
-2695
-2883
-3050
-3387
-3868
-4283
-3053
2401
11045
16068
13026
7785
8452
11720
8037
-1163
-3712
3939
10380
7289
1312
1010
3197
609
-5050
-6992
-4863
-3576
-4374
-2960
3111
8200
5010
-3364
-6417
-2346
-522
-4665
-6801
-2845
890
-191
-2559
-2782
-3748
-8403
-12728
-11278
-6248
-4598
-6974
-6793
-1699
2301
246
-4717
-6137
-3025
0
757
1804
4264
5221
3621
2802
3794
2898
-936
-3334
-1253
2836
5047
4661
3347
2766
3348
3649
2234
439
917
3798
6558
7647
7490
6253
4110
2761
3026
2970
1256
-162
538
1899
1856
230
-2193
-4143
-4260
-3083
-2678
-3381
-3401
-2183
-1218
-1415
-2270
-3144
-3553
-3009
-1764
-1024
-1361
-1897
-1863
-1563
-1448
-1681
-2278
-2603
-1788
-334
134
-510
-885
-558
-217
-189
-391
-898
-1473
-1425
-856
-876
-1828
-2858
-3274
-3288
-3691
-5021
-3968
6168
23024
29993
18685
6296
10023
17514
8202
-9541
-11502
2825
11083
3788
-4788
-3455
-1020
-7553
-14814
-9970
1057
2211
-4925
-2828
11230
17584
5307
-9399
-8911
-130
467
-6322
-7664
-2091
-223
-5446
-9110
-6722
-5732
-11393
-15737
-9739
698
2474
-4158
-6425
39
5435
2514
-3206
-3597
867
4196
3943
3392
4442
3705
0
-1629
970
2461
-239
-2901
-1477
2780
5571
3949
592
722
3864
5301
4380
3858
4265
5024
6111
6601
5612
3562
1569
877
1524
1572
-355
-2746
-3379
-2075
-519
-905
-2948
-3549
-1886
-291
-242
-1175
-1889
-1572
-349
-79
-1539
-2937
-3493
-3714
-3425
-2645
-2511
-3204
-3237
-2067
-806
-536
-1423
-2309
-1487
173
441
-852
-1859
-1685
-1237
-955
-1174
-2481
-3979
-4444
-4076
-3966
-4914
-4683
1902
18124
31782
26478
9527
4077
12874
13016
-2315
-13469
-6111
6660
6709
-2662
-6098
-2054
-4171
-12566
-12256
361
7811
862
-4842
4057
16343
12921
-2447
-10240
-4578
1154
-2832
-8414
-6808
-2817
-5393
-9933
-7926
-3058
-4669
-11409
-11697
-3214
4411
1891
-5330
-5308
2068
6022
1542
-3512
-2948
553
1338
-35
523
2704
2231
-1170
-1878
1362
3079
-866
-5300
-3359
2962
6082
3626
1328
2883
5671
5533
3615
3307
4402
4557
4115
5456
8214
11071
9087
2612
-1297
-724
-2565
-8114
-8433
-4574
-1902
-88
1558
336
-1012
-248
-711
-963
1435
2961
436
-725
379
-884
-3759
-5985
-7245
-7231
-5026
-3493
-3893
-3194
-1119
-492
-804
5
35
-787
-870
-464
-1041
-1616
-1202
-2245
-3248
-2819
-2858
-4692
-5677
-5341
-5758
-2067
11993
29111
30428
14980
3046
8352
15041
4499
-12951
-14541
413
8762
1418
-6624
-3771
-200
-6043
-11191
-3840
7760
6667
-2788
-2004
11538
18056
6147
-8681
-9588
-1231
-201
-7444
-10852
-6621
-3695
-6715
-8237
-3816
-423
-4970
-10912
-7737
2009
5453
-1295
-6878
-2640
5205
5302
-1667
-5683
-3073
277
-544
-1545
1068
4015
2214
-1381
-579
3253
2952
-2830
-5926
-1459
5280
6380
2604
986
3397
5317
3520
1500
2209
3626
3287
2970
4940
8198
10279
6251
-428
-2501
-684
-3123
-7735
-6351
-2506
-434
1074
2019
423
-323
-37
-1132
-526
2359
2277
-1218
-1579
-167
-1360
-3911
-6014
-7071
-5944
-2916
-2215
-2771
-1380
315
319
426
1073
-81
-1226
-1202
-1267
-1255
-1010
-1923
-3816
-3545
-2226
-3296
-4810
-5175
-5303
-4799
5387
24322
32720
19708
1925
3151
13608
9709
-9305
-18684
-6718
7046
4502
-6127
-5926
841
-1690
-10515
-8362
5284
10474
955
-5629
4781
18012
13434
-4099
-12695
-5464
495
-4610
-11245
-8751
-3129
-4168
-7721
-5232
1344
729
-7300
-10335
-1975
6950
4197
-4441
-5639
2188
6574
1495
-5337
-5450
-1325
-801
-2494
-661
4305
4953
98
-2444
1306
5044
1466
-4808
-4787
2166
7177
5250
1610
1872
4226
3601
1311
1188
3209
3461
1647
2294
8300
12558
6051
-3275
-4541
-1105
-2633
-6168
-6144
-4244
-518
2950
2527
416
623
-224
-2349
-253
3200
1631
-2151
-2621
-1867
-1567
-2237
-5523
-8113
-5894
-1990
-1267
-1367
-650
-470
304
2027
1874
-187
-1096
-1403
-1538
-545
-385
-2439
-4133
-3550
-3454
-3843
-3751
-4730
-6228
321
18940
32222
24390
4778
-290
9988
12076
-3046
-17286
-11294
3374
5710
-3785
-6575
568
1196
-8059
-10938
1189
11824
6230
-4723
-1202
13687
16821
2224
-11537
-9201
-1293
-2786
-9539
-9692
-3437
-2192
-6761
-7222
-195
3783
-2825
-10024
-6257
4269
6946
-128
-5223
-1218
4483
2426
-3794
-5674
-2356
-1022
-2853
-1973
3199
6301
2444
-2507
-1503
3276
3610
-1670
-4628
-936
4801
5715
3037
1889
2925
2725
678
488
2801
4280
2486
822
3320
8707
8628
1589
-3478
-2587
-1201
-3345
-4559
-3986
-2545
-84
1566
1613
1825
1509
-1261
-2074
1133
2781
56
-2698
-2977
-2265
-1471
-2744
-5583
-6037
-3736
-2052
-1379
-43
338
-172
468
1475
1096
62
-777
-1893
-1757
-762
-1344
-3271
-4246
-4400
-4276
-3531
-3248
-4925
-356
17214
32074
26216
5688
-1576
8002
11889
-1238
-16331
-12222
2457
5862
-4405
-8551
-389
2548
-6565
-11648
-430
12527
9596
-2833
-3048
11326
17296
4278
-11027
-10158
-1689
-2254
-9372
-10377
-3322
-700
-5928
-8472
-1554
4828
-483
-9233
-7558
3194
7772
1605
-4478
-1793
3635
1627
-4713
-6370
-2206
-412
-2795
-2496
2909
6911
3277
-2597
-2807
2000
3649
-488
-3415
-628
4180
4816
2450
1425
2395
2206
287
250
3084
5178
4179
3952
5966
7371
4164
-1454
-4674
-4456
-2897
-3241
-3533
-2153
178
1232
810
823
1286
1128
0
-52
1282
1981
127
-2747
-3771
-3117
-2905
-4470
-5559
-4718
-2800
-1346
-588
371
1040
1124
722
688
815
144
-1167
-1979
-1792
-1944
-2790
-3831
-4244
-3869
-3776
-4438
-3900
7840
26361
31621
15218
-2291
1341
11692
7603
-9483
-16221
-4006
7510
2650
-8467
-6534
1443
-1684
-10998
-7812
7565
13955
4037
-5351
2728
15872
12100
-5275
-13638
-5783
421
-4245
-10088
-6697
-547
-2732
-8509
-6624
2042
2988
-5874
-10182
-1843
7944
5860
-2711
-4819
1245
3451
-2461
-7287
-4322
678
-401
-2904
76
6005
5542
-1585
-5100
-603
4787
2837
-2317
-2187
3068
5694
2730
-134
525
2265
1366
168
2289
5689
5511
2492
4579
9094
7351
-133
-5081
-4933
-3656
-2343
-3064
-3999
-1458
1994
1549
169
1255
962
-500
76
1738
1999
1438
-838
-4122
-4070
-2457
-3472
-5654
-5423
-3731
-1745
243
34
-930
15
1189
689
289
665
-223
-1406
-2091
-2632
-2822
-2684
-3884
-5479
-4374
-3087
-1360
11044
28371
30416
11348
-4158
1789
11698
6594
-10095
-14191
-654
8860
814
-9888
-6019
605
-4686
-12404
-5116
10855
14248
2078
-5469
5324
16318
8140
-9325
-12956
-3155
696
-5098
-8832
-3762
-300
-5937
-11272
-5986
3221
1177
-8172
-8860
2132
9628
4393
-4314
-4649
1007
996
-4389
-6066
-1303
1693
-1009
-2350
1677
5783
2507
-4126
-4902
1196
5661
3081
-798
-238
3235
3827
1295
-231
589
1790
1388
1973
4865
9494
10939
6067
564
-303
465
-2834
-5627
-4222
-1814
-785
-508
-828
-994
13
-559
-1274
1621
5111
3796
486
-150
-49
-758
-2874
-5864
-6767
-4352
-2764
-3810
-3489
-1553
-790
-891
-405
6
393
499
-545
-996
293
561
-2082
-4143
-4122
-3688
-4070
-4530
-4725
699
18151
32229
25815
3625
-6003
3976
11132
2743
-10836
-8044
5025
7591
-3490
-9447
-2841
-994
-9478
-12408
1488
15399
11447
-2500
-3928
9537
14121
1392
-11529
-8228
227
-1091
-6884
-6068
-235
-2218
-10115
-11258
-2204
3234
-3340
-9974
-4952
6057
7752
349
-5004
-2757
-43
-2517
-4748
-2439
1520
558
-2129
-1009
2650
2844
-2027
-4952
-2174
3263
4930
2862
1058
1321
1974
1156
468
448
1270
1740
2300
3907
6205
9826
8981
3065
-700
265
506
-2364
-2899
-2345
-2381
-909
457
-1101
-1690
-720
-1519
-444
3622
4921
1779
426
567
-411
-1049
-3001
-6035
-6176
-3626
-3356
-3761
-2205
-1693
-2144
-897
434
-37
52
-107
-1166
-932
92
-1088
-3607
-3814
-3626
-3804
-3720
-3744
-2039
11910
28954
28366
7752
-7206
1081
12019
8591
-5510
-7848
3543
7614
-2954
-11492
-5227
-262
-7240
-12599
-1010
14302
12791
-1802
-7216
5323
13402
4506
-7883
-5861
2564
1111
-5750
-6526
-1334
-3071
-11136
-13147
-3941
3420
-1551
-8919
-6449
2942
5264
-15
-4313
-2378
361
-954
-2217
-585
2094
360
-2747
-2591
226
1100
-1650
-3751
-2104
2245
4394
3400
1069
137
647
1285
2243
3238
5011
5539
4960
4987
5614
3429
-926
-2294
-766
1042
1151
505
-1174
-1727
-813
-744
-965
-230
663
614
1600
2460
1767
470
-563
-1630
-1939
-1191
-1969
-3735
-4393
-3534
-2640
-1926
-2100
-2775
-1944
-573
-617
-1136
-105
324
-472
-1174
-1313
-1980
-3118
-3868
-4321
-3557
-2556
-111
13672
28795
25448
2316
-10946
1489
14377
9969
-4067
-4664
5997
7591
-4823
-12128
-4828
-408
-7649
-10899
2916
14751
8498
-6481
-8061
5372
11439
2858
-6243
-2354
2938
-924
-6405
-4229
-565
-4579
-10481
-9117
-1201
695
-5395
-9714
-4776
2442
2619
-1119
-3321
-2019
-1259
-1290
-891
380
1508
770
-582
-1192
-395
-150
-1000
-2679
-2172
1166
3743
2470
-979
-711
2500
4780
3947
3166
3924
4067
3100
3078
4186
3152
959
-330
234
741
605
-908
-2419
-1332
372
411
-319
404
954
938
863
596
116
-83
-710
-1906
-1506
-876
-1955
-3625
-3494
-2414
-1921
-2125
-2853
-2601
-1460
-745
-823
-457
-190
-1154
-2073
-2042
-1378
-1851
-2349
-2995
-2358
-1466
8601
24673
26507
7046
-12262
-3653
13915
15284
595
-5719
3017
7030
-3037
-12051
-5104
2017
-3614
-10814
-496
13374
9438
-6103
-11102
1854
10917
5471
-3813
-2503
1757
-1918
-6948
-4384
607
-2919
-9011
-8808
-2058
37
-4878
-8933
-6411
-344
1273
-75
-2273
-2750
-2362
-839
779
1239
1369
1011
119
-1698
-1636
-276
391
-1657
-2860
82
3248
2410
-990
-535
3095
5045
4220
3339
3780
4254
3311
1719
1079
1544
1761
882
537
807
634
-148
-975
-989
-41
965
1016
344
91
206
-142
-683
-784
-285
-214
-1252
-2542
-2745
-2243
-2413
-2958
-2417
-1223
-892
-1309
-1307
-778
-351
-521
-1075
-1495
-1763
-2356
-2235
-1589
-1047
-2109
-3180
-2995
3074
19412
27101
14066
-8067
-7831
11274
19244
8683
-2744
547
4229
-2988
-12114
-6472
2854
-705
-10252
-5406
9124
8389
-5028
-11300
-175
10425
7576
-71
-718
1654
-3519
-8735
-5023
2542
112
-7472
-9414
-4864
-2581
-5866
-7657
-5647
-1542
-821
-1560
-2292
-2730
-2688
-1314
986
1750
2333
2497
1177
-2190
-2553
565
2713
1021
-1360
-25
1832
1422
-610
16
1857
2301
1757
3019
5366
4399
1156
-474
1829
3884
3406
1707
1073
1151
597
-205
-589
22
-126
-633
-699
77
-32
-1005
-1404
-828
-24
-151
-955
-2362
-2737
-2182
-1386
-1092
-1478
-2196
-2435
-1691
-1693
-1856
-1471
-578
-611
-1096
-809
-172
126
-778
-1473
-2479
-2889
-2460
9608
24017
19894
-2406
-13765
4365
21826
17338
1563
-654
5697
2688
-7984
-7391
4175
4650
-7196
-11402
1490
6920
-3972
-13028
-5821
7133
7387
179
-2681
357
-1393
-5065
-1955
5567
4289
-5029
-9409
-7035
-4122
-5949
-6983
-6317
-4788
-4110
-4088
-4203
-5317
-4625
-1308
2573
2468
1257
1607
1991
-626
-2044
2184
6084
4134
-1476
-2014
2001
3755
266
-2300
624
4214
3792
1370
1688
1645
568
205
2177
4089
3691
1456
-633
549
2537
2410
602
871
1620
1114
-29
-951
-1378
-1311
-967
-1939
-2193
-1579
-1812
-3368
-3560
-2308
-1529
-1551
-2549
-2687
-1479
-45
-376
-869
-401
-287
-1135
-1439
-1039
-718
-759
-1172
-2069
-2432
-2172
7201
21590
20138
-423
-14092
2798
23405
20078
2817
-1609
5007
3215
-6376
-5600
6423
7026
-6194
-11963
871
8022
-3116
-12368
-4921
7453
6011
-2618
-5729
-2661
-2789
-4631
-1405
4163
1787
-6982
-9285
-5250
-1769
-2675
-3369
-4294
-5881
-5638
-4278
-4535
-6832
-6014
-1946
683
-1812
-3866
-1291
1886
1082
114
3903
6331
3304
-36
1581
4093
3439
1995
2261
2640
1712
905
534
891
1482
1486
1394
1926
1992
490
-162
1579
3434
3201
2587
2058
994
199
446
564
-154
-673
-959
-1243
-1702
-2559
-3291
-2537
-1382
-1862
-3081
-3257
-3131
-3373
-2640
-1447
-1090
-1529
-2026
-2011
-1347
-509
-584
-529
73
608
-562
-1321
-1557
2526
15904
20504
6275
-11951
-4416
18871
23607
7791
-2611
2406
4882
-1347
-3393
7205
10537
-1889
-12362
-3895
7957
1077
-9918
-6660
4761
4371
-4734
-7390
-2323
-232
-2763
-1571
2368
1166
-7304
-9971
-4839
-265
-1753
-4719
-5719
-7107
-7008
-4868
-3441
-5271
-5759
-3247
-1218
-3019
-4826
-2187
719
759
-384
1759
4142
2317
-776
989
5390
5668
2941
2092
3507
3433
2956
2378
2512
2292
1318
550
1373
2948
1816
-234
552
3009
2526
1263
1471
2264
1853
1127
712
101
-124
-797
-1384
-1069
-613
-1912
-3028
-2780
-2609
-3257
-3475
-2921
-3110
-3219
-2923
-2550
-2231
-2095
-2161
-2062
-1008
-618
-1018
-1178
-292
-206
-377
-567
2584
13947
17084
3696
-11269
-1355
21650
23680
6231
-2719
3642
5535
-143
281
10488
9732
-5027
-12788
-1801
9366
1200
-8892
-4245
4816
783
-7692
-6127
445
293
-3669
-2200
612
-1713
-7880
-7136
-1214
911
-3143
-7006
-7335
-7196
-5674
-2988
-2776
-6595
-7641
-4395
-2158
-3446
-3796
-947
58
-1720
-1923
1363
2805
419
-383
3189
5412
2847
700
2535
5179
5283
3497
2041
2403
3330
2595
1340
1970
2635
948
-4
1886
3259
2104
1149
1405
1757
1917
1680
700
157
686
705
-112
-1018
-1828
-2276
-1493
-1090
-2722
-4079
-3376
-2409
-2718
-2965
-2590
-2532
-2984
-3131
-2619
-1654
-883
-1654
-2420
-1879
-774
-838
-1057
332
8470
15045
7542
-6808
-5501
15313
24660
10731
-2655
1500
7401
3383
1132
9061
11583
-1472
-11759
-4090
9601
6573
-6069
-6918
1583
1672
-6349
-6408
609
1430
-4440
-4964
-1208
-1654
-6097
-6032
-782
637
-3389
-7136
-6457
-4959
-4213
-2882
-2546
-5734
-8730
-6327
-2219
-1827
-3745
-3292
-2462
-3163
-2883
13
2104
902
-196
825
2936
3316
2707
2791
4312
4897
3260
1645
2281
3905
3324
1920
1583
2165
1825
1294
1659
2431
2665
2042
1579
1442
1702
1543
1138
750
467
233
5
-291
-977
-1158
-732
-871
-2069
-2879
-2562
-1910
-1920
-2351
-2595
-2755
-2725
-2560
-1990
-1678
-1926
-2449
-2444
-1740
-1205
-1344
-1570
-1386
4484
12324
8299
-5193
-7594
11088
24264
13064
-2154
472
8491
5804
2141
8946
12815
311
-11064
-4066
10010
7945
-5656
-7910
532
1453
-6487
-6679
1131
1716
-5952
-6859
-420
231
-5474
-6520
-481
1051
-4703
-8800
-6371
-2869
-2773
-3521
-3694
-5429
-8011
-6391
-1823
-119
-2485
-4277
-3511
-2823
-1993
-16
1456
603
-782
-494
1187
2747
3412
3014
2528
3212
3601
2913
2569
3315
3150
1672
1440
2696
2757
1564
1568
2619
2816
2021
1581
1817
2033
1809
983
202
-8
-298
-855
-994
-711
-677
-924
-1276
-1884
-2279
-1952
-1463
-1351
-1299
-1366
-2213
-2972
-2322
-1470
-1754
-2365
-2047
-1457
-1513
-1598
-1691
-1666
-725
5965
10909
3994
-7226
-3414
15516
21104
6358
-3969
3649
10065
5083
3385
11205
10623
-3676
-8940
3123
13104
4548
-7298
-4991
1958
-1218
-7870
-4427
1921
-1516
-9230
-7158
-746
-1856
-6492
-4514
849
-1377
-7484
-7842
-2886
-1021
-3012
-4181
-4570
-6450
-7590
-4267
-553
-1238
-4563
-4886
-2531
-1600
-1644
-530
977
109
-1411
-672
2239
3830
3068
1828
2167
3633
3510
2670
2964
4112
3537
1989
2027
3156
2866
1833
2140
2784
2499
1495
1247
1402
1424
1232
786
305
-75
-129
-118
-136
-464
-519
-530
-1096
-2060
-2461
-1824
-1615
-2339
-2849
-2209
-1570
-1897
-2310
-1972
-1341
-1540
-1873
-1600
-989
-1247
-1805
-1761
111
6268
8705
1378
-6973
-319
16331
17971
3327
-3310
5830
10772
4948
3763
10924
8832
-3839
-6015
6026
12237
2266
-6492
-2308
2603
-2410
-7545
-2860
2335
-2584
-9876
-7225
-1104
-2420
-6911
-4926
-198
-2954
-8857
-7885
-1988
-890
-4390
-5530
-4281
-5056
-6418
-3836
-464
-1526
-5056
-5043
-2086
-919
-1676
-1140
455
-51
-1706
-1090
2035
3981
3044
1779
2362
3586
3385
2972
3944
4829
3429
1477
2034
3875
3938
2531
2259
2832
2610
1867
1944
2238
1625
652
418
561
179
-349
-584
-656
-1058
-1290
-961
-1011
-1706
-2103
-1496
-1046
-1676
-2332
-2036
-1515
-1947
-2522
-2181
-1413
-1464
-1999
-1878
-1415
-1234
-1609
-1551
-1372
775
5335
6006
-206
-4721
3551
15688
13782
1605
-1255
6803
9582
4932
5449
10509
6292
-3381
-2202
8080
9847
312
-4647
-306
1722
-2985
-5152
-1334
47
-4927
-8308
-5307
-2359
-4275
-6460
-4274
-2014
-4693
-8193
-6696
-2776
-2370
-4536
-5071
-4577
-5599
-5844
-2669
-50
-1871
-5013
-4460
-1864
-1386
-1877
-653
553
-827
-2243
-403
2565
2977
1778
2044
3149
3040
2633
3605
4746
4114
2755
2650
3336
3400
3006
3134
3526
3172
2338
2000
2147
1933
1265
910
941
534
-231
-484
-322
-502
-979
-961
-736
-1232
-1995
-1915
-1126
-967
-1456
-1694
-1695
-1904
-1998
-1470
-1022
-1406
-2078
-2062
-1499
-1143
-1117
-1352
-1582
-1648
102
3802
5056
1160
-2689
1652
10684
12209
4619
-136
3813
7968
6198
4522
7307
7317
1308
-1698
3721
8718
4642
-2063
-2200
1032
181
-3322
-3708
-1870
-2774
-5575
-5892
-3909
-3479
-5252
-6051
-4639
-3599
-4822
-6408
-6033
-4439
-4013
-4820
-5031
-4456
-4278
-4256
-3268
-1984
-2004
-2876
-2686
-1516
-892
-982
-817
-323
-180
-99
617
1513
1842
1947
2258
2551
2603
2867
3477
3674
3321
3099
3318
3486
3431
3562
3907
3815
3078
2396
2233
2251
2003
1604
1299
823
193
-136
-59
-39
-305
-480
-643
-890
-1113
-1042
-900
-1059
-1321
-1447
-1501
-1583
-1486
-1297
-1237
-1491
-1596
-1465
-1430
-1490
-1428
-1299
-1465
-1677
-1480
-941
-638
-261
751
2088
3000
3219
3213
3402
3931
4888
5752
5502
4382
3854
4531
5333
5318
4847
4205
3052
1993
2007
2325
1626
-131
-1503
-1973
-2254
-2630
-2815
-2999
-3695
-4538
-4888
-4603
-4514
-4845
-5266
-5685
-5962
-5872
-5398
-5063
-5046
-5085
-4685
-4077
-3622
-3398
-3205
-2729
-2250
-2143
-2185
-1795
-1101
-666
-492
169
1126
1477
1328
1550
2275
2766
2917
3106
3188
2888
2874
3552
4222
4101
3565
3463
3620
3497
3179
3049
2901
2451
2004
1953
1957
1548
1040
848
770
387
1
-60
-104
-532
-976
-885
-770
-1303
-1979
-1855
-1248
-1163
-1704
-2017
-1859
-1786
-1901
-1910
-1842
-2043
-2393
-2327
-1855
-1551
-1237
-196
1250
2187
2397
2417
2763
3364
4354
5410
5444
4430
3743
4271
5221
5509
5274
4946
4033
2832
2546
2877
2466
820
-795
-1507
-1929
-2317
-2504
-2802
-3659
-4542
-4819
-4600
-4570
-4787
-4902
-5267
-5796
-5879
-5329
-4872
-4952
-4955
-4510
-4103
-3969
-3679
-3242
-3002
-2913
-2661
-2227
-1903
-1709
-1424
-850
-41
612
878
1109
1727
2320
2392
2369
2811
3277
3054
2664
3116
3979
4067
3508
3430
3916
3963
3436
3221
3385
3088
2309
1883
2034
2051
1589
1109
807
512
202
59
-49
-392
-758
-749
-626
-972
-1507
-1610
-1272
-1161
-1484
-1752
-1810
-1894
-1969
-1843
-1679
-1842
-2278
-2389
-2064
-1854
-2014
-2181
-1629
-145
1459
2275
2324
2307
2761
3500
4399
5363
5516
4585
3821
4335
5397
5731
5404
5028
4241
3018
2492
2735
2436
1008
-476
-1189
-1705
-2326
-2566
-2567
-3240
-4469
-5202
-4954
-4530
-4708
-5247
-5704
-5936
-5879
-5529
-5145
-4913
-4815
-4696
-4461
-3992
-3355
-3076
-3270
-3235
-2635
-2149
-2115
-1873
-1117
-546
-392
127
1111
1667
1589
1762
2457
2872
2762
2848
3374
3635
3446
3455
3809
3870
3528
3500
3870
3914
3423
2995
2858
2650
2341
2197
2088
1655
1085
784
715
599
374
105
-232
-540
-651
-709
-1020
-1425
-1491
-1319
-1430
-1834
-1955
-1674
-1565
-1862
-2088
-1996
-1967
-2134
-2094
-1796
-1718
-1929
-1922
-1585
-1209
-569
730
2136
2696
2583
2621
3056
3672
4580
5412
5210
4133
3684
4445
5289
5394
5104
4565
3486
2472
2412
2653
1878
192
-1161
-1773
-2183
-2539
-2715
-3092
-3985
-4820
-5005
-4804
-4842
-5102
-5355
-5654
-5881
-5703
-5265
-5066
-5057
-4804
-4370
-4155
-3962
-3469
-2992
-2901
-2787
-2252
-1738
-1650
-1500
-864
-167
216
611
1216
1652
1815
2159
2775
3151
3117
3131
3407
3605
3586
3679
3963
4063
3896
3813
3861
3704
3382
3278
3274
2915
2298
1906
1729
1450
1179
1108
975
512
23
-169
-268
-537
-813
-933
-1150
-1627
-1999
-1925
-1699
-1815
-2193
-2378
-2271
-2174
-2243
-2302
-2196
-2057
-2074
-2099
-1838
-1418
-1296
-1440
-1336
-852
-251
578
1828
2911
3114
2776
2842
3576
4505
5128
5107
4519
4013
4153
4641
4942
4941
4576
3639
2558
2218
2442
2045
746
-450
-1041
-1649
-2437
-2773
-2709
-3211
-4372
-5101
-4941
-4701
-4996
-5438
-5650
-5780
-5890
-5759
-5441
-5216
-5107
-4913
-4559
-4067
-3506
-3104
-2961
-2736
-2160
-1618
-1489
-1406
-875
-157
284
633
1222
1818
2077
2214
2564
2981
3147
3122
3191
3425
3651
3717
3637
3573
3647
3811
3869
3718
3483
3306
3141
2872
2594
2445
2250
1789
1281
1123
1176
971
490
83
-202
-535
-838
-953
-1089
-1476
-1872
-1918
-1758
-1842
-2190
-2380
-2253
-2156
-2278
-2345
-2167
-2020
-2023
-1882
-1479
-1196
-1212
-1161
-766
-363
-344
-476
-45
1168
2415
2868
2745
2777
3022
3238
3733
4588
4798
3885
3096
3562
4422
4510
4122
3887
3344
2323
1756
2003
1919
792
-580
-1377
-1905
-2435
-2718
-2874
-3467
-4310
-4709
-4685
-4815
-5129
-5295
-5472
-5845
-5993
-5655
-5365
-5455
-5377
-4739
-4060
-3788
-3570
-3076
-2571
-2231
-1789
-1194
-783
-620
-355
155
725
1165
1435
1615
1927
2455
2912
3025
2992
3117
3319
3410
3520
3778
3922
3740
3527
3671
3983
3956
3551
3208
3089
2915
2609
2420
2288
1874
1275
1001
1045
842
238
-303
-537
-735
-1058
-1375
-1595
-1760
-1884
-2005
-2185
-2344
-2354
-2292
-2272
-2201
-2012
-1899
-1940
-1860
-1488
-1114
-1012
-1010
-808
-447
-183
-101
-55
30
15
-122
1
774
1872
2515
2509
2413
2590
2912
3328
3940
4286
3749
2788
2631
3465
4159
3977
3381
2851
2258
1709
1633
1682
937
-564
-1682
-1930
-2036
-2569
-3203
-3652
-4142
-4661
-4856
-4728
-4797
-5223
-5619
-5662
-5504
-5365
-5272
-5122
-4827
-4364
-3861
-3444
-3063
-2602
-2117
-1719
-1338
-905
-547
-363
-182
202
691
1072
1329
1636
2066
2493
2780
2938
3044
3121
3198
3365
3605
3772
3801
3810
3881
3959
3973
3905
3720
3452
3215
3001
2696
2328
2000
1668
1229
816
596
392
-47
-573
-870
-1003
-1255
-1637
-1882
-1933
-1995
-2119
-2150
-2070
-2075
-2147
-2039
-1737
-1535
-1549
-1513
-1286
-1039
-901
-778
-636
-527
-391
-172
-35
-74
-82
59
143
71
21
8
-103
-27
667
1642
2090
2012
2120
2579
2956
3227
3609
3646
2891
2089
2301
3135
3342
2713
2100
1830
1510
1133
990
757
-137
-1377
-2107
-2215
-2360
-2877
-3464
-3859
-4115
-4255
-4253
-4267
-4461
-4720
-4812
-4756
-4687
-4580
-4380
-4141
-3880
-3485
-2975
-2539
-2241
-1888
-1361
-820
-467
-322
-254
-89
278
767
1148
1345
1539
1890
2337
2748
3073
3254
3273
3262
3386
3585
3677
3636
3581
3550
3500
3450
3403
3269
2981
2644
2364
2068
1672
1261
977
770
509
227
16
-200
-519
-804
-872
-864
-1046
-1359
-1521
-1496
-1481
-1534
-1550
-1510
-1476
-1433
-1340
-1255
-1244
-1237
-1166
-1065
-1005
-997
-991
-877
-610
-346
-280
-320
-205
43
140
32
-11
109
180
105
74
124
94
61
363
985
1490
1636
1625
1683
1825
2006
2151
2115
1908
1753
1740
1736
1702
1702
1627
1332
988
830
705
360
-115
-525
-927
-1384
-1744
-1981
-2276
-2648
-2868
-2926
-3045
-3248
-3361
-3382
-3444
-3507
-3458
-3374
-3354
-3296
-3076
-2760
-2441
-2093
-1723
-1450
-1248
-947
-535
-212
-48
121
369
598
770
997
1291
1529
1680
1866
2120
2295
2324
2331
2454
2634
2730
2722
2698
2683
2626
2546
2508
2454
2257
1981
1835
1811
1687
1417
1179
1065
979
870
760
622
408
181
53
-7
-151
-450
-795
-1025
-1098
-1147
-1289
-1443
-1462
-1354
-1255
-1236
-1226
-1175
-1129
-1117
-1075
-982
-941
-971
-916
-717
-572
-618
-670
-522
-327
-313
-371
-274
-104
-69
-88
28
160
91
-52
-33
67
79
126
334
548
646
740
858
893
917
1082
1257
1254
1193
1226
1229
1162
1203
1304
1190
904
784
807
671
408
264
151
-147
-489
-685
-859
-1172
-1480
-1627
-1753
-1995
-2218
-2285
-2312
-2435
-2588
-2650
-2634
-2620
-2587
-2462
-2266
-2062
-1839
-1561
-1267
-1033
-853
-649
-430
-250
-96
88
295
481
677
908
1129
1320
1541
1788
1964
2045
2141
2292
2386
2367
2350
2411
2436
2334
2198
2155
2150
2053
1876
1716
1590
1438
1239
1048
901
752
547
338
234
201
85
-168
-395
-489
-565
-745
-960
-1068
-1115
-1227
-1375
-1417
-1328
-1263
-1292
-1327
-1278
-1204
-1191
-1213
-1181
-1091
-1028
-1004
-939
-790
-646
-573
-515
-407
-284
-209
-142
-37
58
67
42
75
132
137
123
157
216
225
211
230
259
273
342
512
671
711
697
751
868
989
1117
1232
1247
1144
1025
994
1030
1037
941
758
580
470
389
280
148
-4
-202
-414
-562
-650
-783
-979
-1167
-1318
-1453
-1546
-1598
-1679
-1788
-1841
-1810
-1756
-1706
-1620
-1522
-1437
-1307
-1081
-856
-755
-723
-617
-397
-171
-16
88
183
291
427
595
752
860
938
1020
1113
1218
1334
1433
1477
1494
1534
1568
1528
1438
1390
1376
1312
1183
1072
1015
961
881
788
673
531
401
315
220
69
-89
-199
-291
-409
-536
-643
-747
-852
-916
-923
-929
-978
-1029
-1008
-914
-809
-747
-732
-729
-704
-634
-541
-468
-429
-394
-329
-241
-155
-49
83
181
203
226
317
413
427
416
476
551
543
491
495
531
520
475
460
440
357
249
198
182
122
30
-24
-54
-105
-147
-150
-138
-158
-200
-225
-231
-236
-241
-231
-228
-260
-310
-312
-245
-188
-213
-269
-266
-205
-165
-154
-121
-93
-125
-156
-103
-19
-13
-43
-2
73
74
45
88
166
168
130
141
172
167
156
191
221
181
118
123
160
156
110
74
55
30
8
-8
-39
-102
-178
-239
-281
-312
-347
-398
-447
-460
-441
-440
-456
-443
-408
-400
-409
-373
-303
-275
-295
-293
-249
-216
-199
-160
-104
-61
-20
59
168
272
347
404
472
550
632
682
688
694
715
732
750
794
828
803
758
772
811
789
718
669
615
518
434
423
402
282
152
132
156
90
-34
-106
-141
-217
-296
-318
-347
-452
-547
-525
-467
-507
-611
-662
-654
-666
-683
-669
-685
-751
-774
-698
-621
-632
-656
-592
-494
-450
-434
-378
-315
-295
-258
-153
-61
-63
-78
10
148
219
237
278
339
356
356
403
468
479
445
441
465
469
465
484
492
433
349
306
297
266
210
164
121
65
22
26
48
33
-19
-58
-78
-111
-148
-160
-155
-186
-263
-319
-306
-264
-261
-298
-331
-349
-370
-379
-353
-318
-321
-351
-343
-279
-210
-162
-107
-37
3
7
40
119
192
211
199
208
247
295
326
326
304
292
309
344
374
360
306
274
322
413
435
355
274
264
289
283
243
185
99
1
-43
-17
-14
-97
-205
-238
-217
-228
-273
-294
-291
-309
-349
-350
-314
-302
-323
-326
-289
-248
-230
-207
-166
-122
-86
-47
0
52
93
120
143
173
213
237
245
258
281
295
295
286
269
224
160
116
91
51
-10
-61
-81
-87
-97
-99
-90
-96
-130
-165
-185
-189
-199
-216
-234
-245
-233
-206
-176
-144
-104
-72
-70
-72
-43
-16
-46
-112
-137
-107
-93
-122
-133
-97
-54
-41
-19
38
73
28
-34
-25
37
52
6
-19
23
87
131
174
234
273
256
223
234
280
279
219
170
187
233
251
254
282
307
289
250
245
263
230
143
70
54
48
3
-44
-54
-61
-112
-178
-193
-190
-232
-315
-365
-360
-363
-385
-387
-356
-330
-331
-317
-268
-225
-227
-251
-249
-224
-203
-191
-164
-128
-90
-42
25
93
147
170
194
223
246
259
259
248
246
256
273
285
282
282
285
284
280
266
244
211
174
146
126
102
65
39
33
36
29
12
3
-2
-21
-51
-75
-101
-140
-187
-213
-230
-262
-284
-298
-305
-311
-319
-316
-301
-294
-282
-261
-251
-237
-218
-193
-158
-140
-129
-99
-57
-15
19
62
113
136
162
201
227
236
244
251
267
277
286
293
278
280
315
337
332
324
325
312
267
225
215
213
192
154
119
116
127
103
61
44
6
-55
-74
-83
-111
-183
-270
-263
-241
-284
-308
-331
-375
-381
-381
-343
-306
-368
-393
-386
-403
-325
-274
-343
-330
-268
-260
-201
-110
-97
-109
6
-149
-801
-603
855
1393
388
-290
-4
382
366
38
-161
77
524
701
480
323
431
525
478
303
165
301
464
359
204
189
252
246
132
41
9
-26
-63
-129
-181
-186
-230
-262
-248
-279
-290
-253
-213
-151
-155
-319
-434
-277
-185
-398
4
1296
1623
420
-488
-263
335
642
433
-198
-729
-709
-656
-1198
-1542
-936
-132
-26
-551
-902
-654
-399
-448
-339
11
267
278
168
117
79
117
412
745
950
1060
926
564
323
381
548
550
523
633
600
290
17
-47
12
95
168
227
168
-92
-378
-468
-359
-198
-101
-106
-210
-322
-360
-370
-373
-286
-145
-111
-193
-308
-420
-469
-383
-218
-110
-106
-106
-74
-107
-208
-193
-2
199
273
253
214
160
116
164
278
367
415
424
378
246
102
63
109
168
224
243
189
98
9
-42
-36
25
97
104
20
-110
-221
-256
-229
-177
-114
-74
-103
-178
-207
-189
-190
-208
-191
-148
-130
-175
-255
-300
-260
-169
-89
-26
14
3
-51
-60
6
87
129
141
172
217
226
188
153
178
246
297
273
183
95
58
64
81
112
157
167
119
44
-19
-60
-56
-17
-7
-56
-120
-165
-218
-286
-345
-348
-259
-163
-184
-285
-307
-227
-168
-149
-81
-5
-11
-54
-70
-62
-1
111
170
136
118
168
192
172
187
234
243
236
235
228
209
206
221
221
201
195
217
204
142
95
92
75
32
41
67
27
-40
-53
-45
-92
-136
-122
-100
-118
-140
-142
-159
-193
-217
-223
-227
-233
-232
-236
-253
-265
-255
-228
-198
-177
-154
-128
-98
-71
-38
3
42
65
73
90
137
176
161
118
112
155
196
196
181
164
153
162
181
177
152
143
143
106
38
13
50
68
28
-3
31
62
24
-37
-42
-17
-16
-23
-11
8
-15
-65
-103
-125
-141
-131
-100
-93
-142
-196
-200
-169
-157
-145
-110
-67
-60
-105
-142
-124
-59
-14
-7
0
29
46
20
5
44
97
114
103
90
73
55
56
65
59
52
65
83
79
59
40
47
75
91
81
76
86
83
48
13
25
59
59
29
15
15
6
-15
-23
-7
12
12
-5
-23
-34
-53
-69
-60
-35
-31
-59
-84
-72
-52
-53
-60
-52
-39
-28
-24
-26
-24
-20
-10
8
38
57
46
16
3
14
28
35
37
41
41
28
1
-29
-27
10
39
28
2
-7
-16
-29
-30
-9
13
23
19
-1
-23
-30
-18
0
0
-8
-6
-5
-8
-16
-20
-23
-22
-3
17
24
12
1
0
2
8
18
32
36
29
24
18
14
15
22
23
23
17
-2
-22
-30
-20
-16
-18
-20
-22
-31
-43
-46
-38
-32
-21
-12
-12
-19
-29
-26
-10
-1
-3
-2
6
12
5
-9
-11
1
6
2
-4
-3
1
0
-5
-5
-1
8
11
13
18
18
15
20
30
36
34
28
26
28
25
17
16
19
21
20
17
10
4
2
4
8
4
-3
-6
-4
2
2
-5
-12
-9
-1
-4
-10
-13
-13
-12
-15
-19
-15
-11
-12
-15
-15
-11
-6
-14
-18
-9
4
9
-2
-6
-2
8
7
2
4
12
14
8
3
3
8
3
0
5
7
3
-4
-6
-6
-14
-19
-14
-6
-7
-18
-23
-21
-19
-18
-15
-7
