SAMPLES:	4795
BITSPERSAMPLE:	16
CHANNELS:	1
SAMPLERATE:	16000
NORMALIZED:	FALSE
-2
-2
1
3
3
0
4
5
8
10
8
2
4
6
8
9
8
12
7
2
1
7
2
1
3
1
-2
-3
-2
-3
-3
-5
1
2
2
0
-1
-5
-8
-5
-3
-1
-4
-1
1
-1
0
4
3
-1
-1
2
-1
-7
-8
-5
-9
-5
1
-1
-7
-3
0
-2
-5
-1
3
-3
-5
-3
-2
-3
-3
1
8
1
4
8
4
0
4
8
0
-1
7
7
4
4
7
9
5
6
8
4
0
5
2
-1
4
-2
-2
-3
-1
3
-3
-2
1
2
-3
1
8
2
-1
0
2
1
-3
-1
-3
-10
-7
-4
-4
-3
-4
-2
-9
-11
-9
-9
-6
-9
-5
-3
-3
-6
-1
0
-1
-2
0
2
-1
-2
1
-3
-1
-1
2
6
0
-4
-6
0
1
3
-1
2
-1
-4
0
-2
-1
-3
4
3
3
4
4
3
2
7
9
8
10
12
10
4
2
8
9
4
8
7
2
-2
2
3
-3
-1
9
9
0
-3
2
9
3
-1
1
0
0
2
1
-5
-6
-4
0
-1
0
1
0
-2
2
-2
-4
-2
1
-1
-3
-2
-2
-3
-4
1
-3
-3
-3
-5
-3
-1
-2
-2
-4
-2
4
4
-1
0
4
-3
-10
-7
-2
-4
-6
-5
-4
-6
-12
-13
-7
-7
-7
-7
-8
-6
-5
-2
1
0
-4
-2
5
3
1
2
3
0
-2
0
1
2
-1
0
1
1
2
0
2
4
7
4
1
5
7
5
0
3
0
-4
-3
-2
2
0
1
0
2
3
0
0
1
-3
-1
8
13
6
6
8
9
7
11
16
16
15
13
15
13
12
11
12
20
34
32
29
26
26
37
33
24
30
30
21
13
23
22
5
-6
3
0
-34
-50
-39
-41
-78
-101
-85
-100
-149
-161
-156
-170
-193
-210
-204
-203
-255
-278
-249
-243
-259
-253
-247
-256
-271
-272
-240
-234
-254
-245
-210
-205
-207
-199
-188
-155
-117
-92
-86
-93
-73
-20
14
10
3
24
83
117
91
74
107
156
160
169
198
176
135
200
310
283
183
204
317
331
247
246
308
282
238
267
294
270
287
374
422
414
506
699
837
912
1071
1348
1638
1866
2036
2179
2341
2632
3009
3218
3068
2774
2739
2931
2867
2358
1782
1489
1267
759
74
-532
-1055
-1571
-2000
-2338
-2766
-3352
-3828
-3970
-3954
-4052
-4245
-4339
-4276
-4122
-3938
-3727
-3551
-3414
-3169
-2780
-2460
-2335
-2227
-1928
-1541
-1261
-1069
-872
-686
-535
-356
-133
24
96
189
316
376
371
379
453
580
668
653
651
797
994
1056
1077
1222
1334
1372
1521
1736
1780
1693
1696
1737
1727
1824
1910
1740
1515
1415
1225
897
779
768
444
1
-159
-242
-384
-341
147
1966
6098
10142
8942
2620
-743
3972
10463
10403
6008
5090
7814
7507
2511
-1294
-114
2689
2853
902
-850
-2812
-6142
-9052
-8748
-5909
-4260
-5819
-8779
-10265
-9683
-8795
-8954
-9036
-7099
-3884
-2678
-4703
-6857
-5940
-3013
-1034
-257
954
2200
1616
-287
-764
992
2675
2572
1868
2084
2313
1059
-788
-1126
104
1171
1271
820
64
-750
-870
-284
1
-43
675
1915
2116
1266
1045
1833
2544
3034
3949
4654
4068
2999
2993
3793
3980
3469
3201
3137
2506
1420
651
262
-204
-726
-1049
-1433
-2205
-3013
-3268
-3005
-2754
-2783
-2888
-2826
-2612
-2354
-2027
-1613
-1237
-985
-709
-274
101
183
221
595
1108
1280
1114
1029
1098
1014
710
431
144
-449
-1154
-1426
-1308
-1380
-1763
-1948
-914
2652
7796
9553
4761
-984
677
8030
11319
7938
5393
7708
9334
5728
920
395
2952
4078
2854
1281
-414
-3582
-7275
-8487
-6497
-4269
-4688
-7343
-9725
-10210
-9473
-9248
-9708
-8845
-5779
-3258
-4163
-6812
-7084
-4374
-1734
-610
561
2361
2851
1234
3
1313
3609
4210
3445
3423
4018
3182
803
-721
54
1786
2342
1293
-180
-1070
-1425
-1698
-1757
-1062
180
821
270
-449
-179
648
1177
1841
3266
4634
4620
3544
4097
8378
12778
10305
2423
-49
5434
7820
2860
351
2893
879
-5352
-5084
-690
-3184
-8307
-5421
-372
-3434
-8691
-7160
-3381
-3344
-3733
-2339
-2619
-4545
-4446
-2411
-871
-122
-34
-601
-282
1144
1121
-369
105
2433
2709
892
472
1169
136
-1433
-788
205
-1565
-4317
-4648
-3470
-3863
-4869
-1374
8328
16169
11529
-1958
-6527
5440
18491
16917
8001
7639
14090
13405
3968
-1605
3046
9723
9634
4865
1499
-903
-5931
-10996
-9875
-3496
-377
-5126
-12485
-14981
-12344
-10358
-11901
-12811
-8672
-2944
-3065
-9010
-12418
-8587
-2612
-387
-166
2010
4225
2345
-1497
-1109
3935
7444
6108
3783
4185
4847
2145
-1791
-1899
2001
4719
2793
-1328
-3372
-2979
-2896
-3703
-3074
-595
702
-1044
-3427
-3212
-907
426
1136
5557
12640
12705
2906
-3286
3486
11389
8771
4761
7914
7795
-924
-4362
2280
4209
-2226
-3046
2683
1071
-7283
-9012
-3807
-1536
-2919
-3129
-3320
-5497
-7001
-5965
-3750
-1850
-1548
-2872
-2945
-829
-367
-2387
-1724
2442
4010
1668
883
2443
1956
210
1449
3739
2309
-1133
-1942
-1089
-2297
-4491
-4265
-2983
-3160
261
12367
21608
10532
-11199
-11721
13438
28983
15201
-826
6672
20035
13077
-3782
-4954
7808
13496
7042
1027
516
-2356
-10205
-13931
-7964
-24
-482
-9092
-16851
-17087
-12062
-9668
-12878
-14561
-8200
-711
-3767
-13945
-15974
-6495
1293
-52
-1812
2762
6005
936
-4455
-172
8536
9893
4558
2668
5960
6188
478
-3549
-260
5521
6251
1621
-2871
-3803
-2793
-2795
-3656
-2652
351
1284
-1932
-5002
-3430
368
1405
702
3879
11355
14963
8633
-150
846
9243
12106
8442
7691
8148
1923
-4169
-166
5025
481
-4636
-849
1858
-4476
-9661
-6508
-2794
-3472
-3929
-3229
-5062
-7934
-7776
-5115
-2759
-2142
-3277
-3946
-2119
-376
-1575
-2390
484
3155
2049
837
2280
2655
407
-58
2267
2382
-862
-2797
-2283
-2962
-5225
-6034
-3743
3743
16565
22791
8724
-12963
-11328
15163
30493
16597
1171
8892
21195
12272
-5783
-5489
10277
16637
7945
706
1143
-2228
-12553
-16171
-6610
3087
23
-11286
-18424
-17197
-12937
-11870
-14006
-13224
-6452
-1161
-6150
-16098
-16873
-6740
1208
339
-818
3503
5309
-1096
-5968
495
10618
11121
4315
2450
6437
5981
-979
-4337
1151
7571
6421
139
-3780
-3618
-3119
-3965
-3746
-1033
1344
-88
-4144
-5869
-3166
301
1014
1171
3868
6873
7632
8991
11804
10162
3907
3375
10732
13364
6563
1815
3711
2995
-1837
-2134
931
-998
-5254
-4482
-2242
-4524
-7648
-6812
-4355
-3439
-3927
-5335
-6561
-5916
-4588
-4529
-4064
-1970
-1124
-2206
-1683
486
411
-1073
372
3374
3449
1641
1549
2222
1144
-471
-621
-426
-1782
-3914
-4959
-5119
-3703
4681
20016
24997
5667
-16981
-8761
21696
31591
12015
-213
12893
22727
8013
-9077
-3377
13039
15489
5416
-50
387
-4865
-14867
-15900
-5270
3100
-1374
-13069
-19920
-17788
-12523
-11674
-14678
-13194
-4777
-185
-7905
-18046
-15531
-3543
2274
-611
-470
5281
5462
-2847
-6237
2895
12597
10611
3326
2968
6948
4743
-2429
-3796
2861
8129
5468
-1008
-4404
-3921
-3185
-3735
-3403
-704
1548
-488
-5189
-6420
-2508
1090
1148
1496
5129
9461
11689
10947
6496
1788
3789
11102
13587
8941
4610
2598
-289
-1386
1552
2298
-1701
-3467
-1428
-2441
-6550
-7116
-4540
-3609
-3638
-3133
-4527
-7371
-7460
-4963
-3506
-3351
-3059
-2998
-2818
-1349
-186
-856
-977
1040
2502
1895
1474
1973
1539
405
298
547
-757
-3154
-4559
-4343
-4203
-3146
5454
21570
26443
5496
-17336
-8400
21973
31593
12254
408
12669
21097
6353
-9265
-2580
13425
14918
4184
-1448
-634
-5304
-15019
-16013
-5125
3446
-1440
-13774
-20545
-17533
-11532
-10558
-13568
-11973
-3985
-508
-8762
-17858
-13754
-1556
3068
-718
-386
5530
5088
-3575
-6184
3922
13524
10630
2717
2265
6217
4051
-2568
-3043
3883
8259
4341
-2448
-4944
-3447
-2692
-3727
-3271
-76
1749
-1449
-6234
-5953
-1055
2085
3734
9558
14726
7850
-4445
-3002
10006
13693
6659
5537
8826
3046
-4923
-987
5990
2822
-2163
549
2139
-3767
-7966
-4801
-448
126
-1915
-4796
-6575
-6282
-5826
-5332
-2683
-581
-3251
-6135
-3546
-229
-1754
-2862
963
3615
1108
-775
1184
1943
427
953
3031
1724
-2256
-3789
-2889
-2966
-4791
-2665
9481
25931
25752
1141
-18751
-5193
24880
30733
11143
1691
13461
18645
2875
-10203
-1315
14390
13920
1856
-3866
-2468
-6922
-16662
-16724
-4622
3978
-2649
-16428
-22404
-17357
-10566
-10388
-13289
-10232
-2237
-1287
-10894
-17591
-10655
1093
3688
-42
1326
6162
3717
-4474
-4453
6486
14025
9326
1901
2393
5759
2699
-3253
-2272
4813
7759
2471
-4255
-5499
-3155
-2558
-3752
-2724
716
1278
-3081
-6924
-4745
686
2860
3348
8696
14799
9846
-2182
-3065
8470
13509
7699
6113
9041
2893
-6646
-3198
6292
4599
-2580
-1635
1314
-3327
-8366
-5820
-850
313
-1481
-3985
-6049
-6710
-6609
-5891
-2694
342
-1647
-5056
-3428
-236
-1557
-2972
912
4473
2267
-333
812
1752
636
653
1936
922
-1979
-3399
-3288
-3852
-4207
1784
17270
28581
15799
-11538
-16657
10601
32644
22193
3884
7534
18947
11129
-6597
-6950
8916
16307
7307
-2318
-3100
-4293
-13063
-18787
-11139
1090
1904
-10081
-21318
-21530
-14283
-9878
-11757
-12360
-6046
-732
-6449
-16591
-15698
-3693
4012
1490
-222
4502
6011
-1368
-6443
1169
12488
13031
4981
1339
4289
4285
-1100
-3033
2573
7640
4870
-2276
-5813
-4286
-2625
-3171
-3107
-385
1693
-1025
-6000
-6653
-1620
2882
3764
7565
15836
14691
-1015
-9773
2898
16455
11722
4593
8486
6510
-6636
-8152
5051
8113
-1629
-3079
2843
-911
-9461
-8149
-1141
1326
-247
-2854
-5856
-7053
-6550
-6451
-4033
1017
676
-5107
-5321
184
274
-3646
-931
5036
3888
-334
569
2337
123
-1049
1789
2920
-687
-4135
-4252
-3591
-4389
-669
14533
30557
21728
-8297
-19854
4911
31332
24685
4816
6034
18680
12742
-6225
-9152
6609
16072
8318
-1860
-3277
-3837
-12014
-18794
-12891
-468
2586
-7666
-19666
-21839
-15104
-9456
-10529
-12169
-6673
-154
-4372
-15287
-16161
-4176
4633
1902
-1041
4057
7228
64
-6785
-338
11884
13499
5130
807
4016
4514
-1182
-3776
1873
7686
5243
-2226
-6094
-4349
-2250
-2878
-3302
-629
1942
-438
-5725
-6603
-1366
3155
4356
8614
15375
11589
-3002
-7530
5409
14748
9205
4889
7934
3542
-7108
-5354
5395
5795
-1454
-1313
1827
-2742
-8407
-6298
-855
1238
-108
-3381
-6041
-6151
-6036
-6423
-3335
1379
-85
-4864
-3736
452
-930
-3458
343
4847
3108
146
958
1284
-534
-474
1947
1922
-1013
-3283
-3528
-4048
-5176
632
17946
31575
17481
-12612
-17991
10642
32322
20847
3799
9251
19458
8486
-9158
-6653
10352
15454
4958
-3132
-2143
-4238
-14604
-19640
-10609
1526
1110
-10863
-21039
-20598
-13768
-9927
-11433
-10881
-4059
16
-7049
-16449
-13305
-883
4637
743
216
6065
6167
-2888
-6869
2944
13839
11703
2859
1081
4970
3200
-3257
-3402
4044
8098
2954
-4447
-6155
-3505
-2694
-4008
-3205
753
2210
-2205
-6999
-5211
796
3541
5679
13225
17239
4740
-9950
-3899
12874
14092
5226
6380
8178
-2876
-9971
241
8130
1684
-2807
1793
1268
-6451
-8425
-3499
604
1373
-694
-4985
-6837
-5695
-5952
-5745
-830
2024
-2387
-4835
-690
602
-3280
-1973
4136
4636
703
866
2327
-193
-1834
1087
3148
220
-3038
-3517
-3262
-4976
-3343
9780
28413
27068
-1049
-20555
-2608
27572
28160
8028
4503
17309
14969
-4121
-10505
4460
16220
9173
-2540
-4056
-2327
-9712
-18888
-15488
-2453
2722
-6439
-18877
-21992
-16016
-10399
-10702
-11900
-6815
-508
-3959
-14394
-15752
-4234
4891
2422
-766
4348
8087
904
-6850
-882
12013
14172
5218
444
4106
4849
-1663
-4746
1534
7893
4899
-2972
-6286
-4308
-3072
-4237
-3818
-174
2196
-997
-5718
-4101
3132
6374
4291
5568
9823
5972
-2703
-650
9356
9826
2488
2747
6637
1714
-4682
-797
4871
2398
-1289
-71
249
-2968
-4453
-2963
-1239
-588
-1801
-4430
-5049
-3880
-4859
-5896
-2735
417
-1433
-2924
-171
740
-2173
-1849
2750
4068
1625
1099
2276
828
-1555
-693
1281
478
-2552
-3762
-3940
-2334
7240
24262
27472
3550
-18739
-6015
25280
30141
8686
676
14836
17162
-2007
-11626
3161
16836
9004
-4372
-5138
-1331
-8378
-18395
-15434
-2602
1981
-7341
-18471
-20540
-15035
-10363
-10323
-11350
-7370
-1396
-3057
-12310
-15144
-5105
4738
3190
-995
3425
8666
2966
-5726
-1546
11382
14573
5462
-236
3930
6164
-348
-5058
388
7423
4884
-3197
-6270
-3684
-2824
-5059
-4753
-441
2097
-1360
-6235
-5960
-1055
1945
3365
9462
16287
10006
-5423
-7090
7512
14648
7421
4921
8560
2113
-8266
-3565
7005
4509
-2618
-551
2165
-3634
-8091
-4879
-337
638
-907
-4001
-5925
-5131
-5359
-6291
-3098
1042
-1377
-4820
-1361
2216
-1138
-3142
2043
5473
2506
802
2797
2519
-29
232
2197
1332
-1298
-2862
-3258
-4715
-3085
8725
26119
25437
-1208
-21268
-4058
26991
28114
7381
3174
16299
13574
-5761
-10592
6124
17010
7814
-3888
-4217
-2300
-10176
-18408
-13720
-1134
2159
-7868
-19025
-20753
-14929
-10382
-10713
-11142
-5860
-375
-4541
-14528
-14966
-3345
4825
1842
-754
5002
8306
628
-6488
336
12774
13686
4657
865
5044
5272
-1584
-4217
2429
8103
4275
-3415
-5956
-3859
-3396
-5024
-4145
143
2117
-1836
-7081
-5867
2285
9479
8936
3849
1846
2761
2243
2410
7301
10329
5263
-268
1598
3715
-24
-1645
2776
4627
171
-2594
-1429
-1677
-3504
-2887
-850
-923
-2892
-5049
-5580
-4109
-3090
-4458
-4879
-2168
-616
-2049
-2012
542
979
-458
597
3160
3213
1964
1922
1911
715
158
746
493
-1021
-2552
-3279
-3821
333
13415
26863
19479
-6786
-18212
4521
30024
24203
4958
5597
16736
8686
-8996
-6813
11807
16531
2577
-7219
-4025
-3082
-12781
-18572
-10496
543
-1266
-12769
-20452
-18647
-13292
-11050
-11571
-9925
-4183
-1509
-7624
-15254
-11815
-167
4960
1034
343
6465
7183
-1325
-5034
4647
14729
11489
2421
1442
5934
3747
-3166
-2956
4783
7657
1221
-5191
-5111
-3084
-4442
-5805
-2889
1448
888
-4200
-6961
-4130
1071
6150
11383
12190
4166
-4673
-2221
7503
11067
8101
6468
4969
-222
-3091
511
3895
2514
859
1032
-309
-3228
-4612
-3628
-1553
-56
-1351
-4253
-5299
-4800
-5422
-5539
-3234
-1917
-3163
-3089
-526
-19
-1701
-1140
1668
2749
2235
2653
3021
1804
895
1523
2025
883
-471
-1315
-2079
-3933
-5336
1263
18694
30603
14828
-14470
-17669
12187
32410
19803
3473
9374
17095
3233
-12149
-3666
15623
15518
-498
-8200
-3338
-4025
-14880
-18861
-8432
2133
-2200
-14835
-21339
-17618
-12282
-11571
-12559
-8742
-1644
-1561
-10707
-16838
-9497
2075
4025
-315
1995
8447
5671
-4274
-4782
7728
15883
9921
1798
3230
6541
1493
-5007
-1557
7197
7635
-500
-5916
-4377
-2893
-5373
-6196
-1485
3064
521
-5553
-6741
-2427
2377
7281
12532
11023
813
-5769
451
9267
9867
7043
6333
3483
-1836
-2277
1814
3491
1850
1222
900
-979
-3057
-4028
-3529
-1291
280
-1795
-4597
-4859
-4650
-6002
-5619
-2977
-2054
-2802
-1823
-411
-1457
-2313
-320
1976
2479
2871
3379
2209
715
1074
1837
1270
182
-240
-1375
-2852
-4215
-3448
4817
21281
28045
8773
-16554
-12425
17804
31586
16422
3826
11257
14561
-707
-10988
1739
17594
11921
-3849
-7863
-2472
-5837
-16267
-16896
-5631
1205
-5879
-17010
-20382
-16015
-12355
-12300
-11871
-6781
-1304
-3839
-12638
-15367
-6416
3024
2792
-463
3463
8281
3236
-5219
-2143
10269
14655
7269
1764
4709
5978
-426
-4785
737
7817
5545
-2199
-5393
-3455
-3476
-6039
-5230
-120
2632
-1050
-6043
-5684
-1618
1289
5701
13666
14743
1820
-8891
-1369
11566
11218
6018
7591
6135
-3549
-6068
2866
6598
1298
-623
2149
77
-4671
-5159
-2664
-751
-149
-1654
-4293
-4767
-4883
-6817
-6293
-1852
-614
-3638
-3075
405
-626
-3573
-984
3420
3056
1616
3178
3384
244
-669
1735
2788
987
-429
-854
-2155
-4123
-5908
-2033
12127
28490
23154
-4403
-20600
-1355
27043
27461
10255
6705
15162
8545
-8487
-8502
10615
19104
5585
-7692
-5852
-1924
-10323
-19002
-13317
-665
563
-10428
-19598
-18895
-14208
-12794
-13157
-9788
-2720
-736
-8236
-16412
-13061
-1731
3724
837
968
7029
6953
-2387
-6752
3209
14398
12401
3959
2685
6257
3078
-4185
-3535
5191
8821
2307
-4704
-4945
-3011
-4736
-6412
-2096
5568
7785
1011
-6737
-6420
-463
3255
4827
8081
7546
-474
-5645
-31
6445
4887
3034
6074
5910
-155
-2534
1417
3899
2772
2573
3008
714
-3127
-4749
-3258
-515
387
-1437
-2985
-2925
-4085
-6467
-5248
-985
416
-1363
-1320
-87
-1420
-2754
-370
2758
2819
1812
1646
592
-1347
-1548
352
996
-418
-2216
-2737
-3934
-3300
6637
24322
27738
4583
-17914
-7100
22867
29736
12964
5693
14400
11659
-5461
-9175
7653
18255
6821
-7244
-7273
-2272
-7702
-16882
-15518
-5476
-1517
-8941
-17739
-19049
-14871
-12951
-13927
-12243
-5045
153
-4835
-14353
-14388
-3610
3818
1719
536
6602
9013
902
-5639
1197
12470
12846
5329
2988
6272
4558
-2626
-4336
2515
7489
3419
-3020
-4477
-3269
-4824
-6948
-4421
926
2313
-2054
-5943
-4945
-1160
3784
10942
14701
6939
-4617
-4259
6194
10689
8023
7431
6571
-78
-4267
504
4870
2548
130
1351
888
-1898
-3206
-3051
-2542
-1387
-930
-2425
-3488
-4000
-5880
-6890
-4125
-1576
-2434
-2761
-907
-807
-2356
-988
1918
2353
1893
3187
3550
1505
457
1758
2359
978
-79
-638
-1763
-3405
-4183
-5411
-3879
7400
25221
26521
1257
-21227
-8569
22888
30125
13214
5828
14136
10247
-7418
-9747
9452
20437
7520
-7156
-5970
-399
-7091
-17233
-14941
-3333
847
-7357
-16893
-18670
-15299
-13948
-14344
-11067
-3159
480
-6667
-16562
-15229
-3729
3032
713
497
6847
7714
-1671
-7110
1789
13422
12536
4729
3471
7331
4482
-3635
-4184
4353
9303
3817
-3028
-3691
-2306
-4927
-7318
-3480
2694
3036
-2888
-6889
-5212
-1532
-406
2389
11324
18378
10225
-6106
-7962
4884
11796
8401
9895
11575
190
-11423
-4483
7410
4965
-661
2333
3326
-4883
-8955
-4094
105
-142
-534
-865
-3149
-6062
-8740
-8145
-2935
1534
-599
-3415
-1453
-597
-3637
-2864
3223
5320
2647
2205
3473
906
-1959
229
3725
3188
642
-940
-2717
-5371
-6091
-4906
-3424
2761
17576
27300
11809
-15835
-18210
11359
31875
21434
6857
10988
13810
-1773
-12321
2130
20863
15418
-2605
-7657
-1144
-3085
-13956
-16212
-6106
1713
-3411
-13695
-18402
-16228
-14011
-14308
-13005
-6564
-376
-3549
-13803
-17670
-8903
1035
1669
-724
3414
7723
2025
-6098
-2382
9580
13125
6755
3482
6990
6592
-872
-4177
2037
8266
5459
-914
-2517
-889
-2424
-6038
-5177
44
2474
-1246
-5609
-5248
-2483
-1277
-791
4437
13071
15302
4829
-6232
-3513
6483
9714
8993
11900
8194
-5141
-9978
1168
8237
2732
-186
2947
167
-6862
-5769
-489
53
-1560
-750
-1219
-4188
-6580
-7433
-5942
-1956
428
-1533
-2918
-1988
-2581
-3398
246
4336
3230
1276
2345
2316
-309
-84
2660
2785
562
-285
-1059
-3651
-5431
-4428
-3208
-4499
-1752
11430
25992
18610
-8123
-19895
2243
27734
25230
10106
8422
12362
2668
-7521
356
15812
15336
1338
-6101
-2286
255
-6915
-14466
-12697
-4283
-958
-6572
-14199
-16832
-15622
-15624
-15439
-9692
-712
-52
-10556
-18324
-12408
-1811
336
-1901
1689
7103
3850
-3619
-2909
5457
9508
6139
4431
7814
9125
3232
-2882
-1984
3416
5887
3694
1283
285
-1467
-5350
-6942
-3220
1919
1938
-2398
-4636
-2850
-1711
-2090
3208
13740
15398
1978
-7774
-1340
7730
6650
6420
11121
6443
-5325
-5140
4707
4542
-1297
1004
4944
330
-3737
-1315
-1299
-4378
-2876
1420
682
-3058
-5922
-7309
-6030
-2447
-779
-1500
-1098
-1881
-4577
-3560
1750
3097
261
914
3578
1871
-1076
429
2065
335
-376
1221
354
-3440
-4834
-3906
-3623
-5051
-3786
4797
19274
23932
6641
-14732
-11626
14020
28172
19625
8436
8798
8438
239
-2922
5704
14262
9294
-1058
-4140
-49
-887
-9933
-16131
-11616
-2184
-497
-7695
-15463
-17403
-16636
-16426
-13351
-5244
599
-4672
-14886
-16328
-7666
-1123
-1721
-1932
2682
5516
1971
-1657
441
5113
5928
4797
6643
10000
8408
1448
-3062
-727
4603
6114
4140
2113
630
-2289
-5641
-5043
-828
1786
-200
-2923
-2682
-1549
-2130
-2938
372
7968
13760
10031
-426
-5241
-597
5815
8645
10393
8172
-54
-5232
-823
3691
1328
152
3046
2528
-1858
-2156
-733
-3210
-4729
-935
1944
-376
-3553
-5307
-6720
-6083
-2557
-29
-423
-1462
-2282
-2859
-1634
523
1009
734
1936
2744
1472
619
996
75
-930
482
1633
-569
-3085
-2795
-2887
-4694
-6162
-3842
4150
17008
21478
6205
-13807
-11694
11256
24025
16432
7554
9359
9382
1491
-2210
4053
10414
7467
1453
250
3048
1581
-7191
-15003
-12894
-3048
2094
-2681
-10770
-14329
-14965
-16417
-15006
-7353
-210
-3087
-11629
-14091
-8905
-5201
-6384
-6099
-719
4326
3507
-63
-1169
283
940
1381
4695
9793
10867
5472
-840
-1946
1776
4722
4963
4957
5305
3363
-1159
-3741
-2043
685
711
-458
347
1589
31
-3401
-4397
-1921
1166
4075
7835
9853
4777
-3682
-5562
836
6740
7266
5533
2641
-1775
-3871
-876
1844
499
-708
1019
2330
1183
36
-742
-2631
-2706
1350
4978
3361
-630
-2349
-1623
-293
328
1652
2721
1503
-560
102
1786
1094
-412
-546
597
1426
1252
-1
-1084
-1154
-743
-658
-942
-1244
-1462
-1459
-1363
-1390
-1648
-1855
-1961
-2123
-2306
-2131
-1570
-1161
-1082
-1226
-1486
-1815
-1899
-1567
-904
-105
319
115
-365
-285
469
1062
1068
935
1385
1987
2148
1831
1669
1803
1608
1149
1051
1615
1852
1250
300
-245
-232
-113
-27
-209
-676
-1305
-1610
-1546
-1400
-1267
-1419
-1905
-2410
-2207
-1595
-1441
-1763
-1903
-1628
-1457
-1309
-1198
-1304
-1736
-1895
-1598
-1216
-899
-706
-678
-1042
-1375
-1313
-737
-194
4
205
617
1019
974
827
1019
1747
2529
2892
2957
2935
2975
3029
3302
3653
3969
4357
4631
4360
3583
3155
3288
3538
3536
3272
2799
2125
1486
897
386
7
-86
-104
-515
-1234
-1867
-2300
-2742
-2987
-2770
-2384
-2385
-2933
-3533
-3664
-3346
-3030
-2961
-2889
-2617
-2330
-2399
-2693
-2639
-2047
-1471
-1405
-1401
-956
-516
-762
-1261
-1042
-205
343
278
108
217
455
615
743
1027
1399
1613
1645
1657
1677
1608
1483
1363
1322
1318
1254
1132
1055
973
718
430
321
392
381
174
-103
-174
33
224
149
-112
-154
100
366
451
443
393
362
525
780
820
684
678
729
618
465
419
294
19
-208
-389
-632
-771
-747
-886
-1292
-1569
-1532
-1493
-1572
-1553
-1377
-1285
-1434
-1710
-1843
-1577
-1062
-786
-943
-1077
-821
-439
-269
-131
308
824
924
574
342
641
1153
1289
1037
901
1053
1113
809
484
581
894
931
790
916
1120
842
366
480
1080
1325
1077
952
1053
964
761
898
1200
1101
598
272
378
556
386
-64
-377
-400
-456
-808
-1143
-1138
-1053
-1298
-1695
-1754
-1518
-1441
-1657
-1823
-1660
-1290
-976
-838
-758
-624
-506
-467
-360
-73
196
271
252
302
360
305
241
376
634
681
438
205
223
331
338
316
358
320
114
-21
90
297
447
534
495
269
91
217
476
599
650
723
634
368
280
483
591
384
130
93
181
206
122
-53
-266
-433
-461
-359
-254
-224
-269
-381
-494
-444
-223
-83
-139
-125
99
259
191
150
293
403
354
311
368
399
359
288
131
-167
-500
-676
-623
-490
-499
-671
-859
-1001
-1123
-1113
-973
-943
-1059
-967
-635
-537
-799
-884
-536
-189
-147
-168
-76
-59
-154
-68
276
550
544
395
273
269
441
661
731
705
770
836
738
651
787
969
932
795
882
1124
1087
702
504
825
1172
973
492
345
432
231
-114
-16
360
227
-449
-856
-672
-462
-610
-802
-770
-718
-831
-957
-911
-719
-558
-530
-524
-335
-26
88
-84
-190
60
451
596
485
396
390
287
154
287
592
570
104
-294
-286
-131
-145
-244
-246
-257
-424
-633
-702
-655
-561
-358
-74
28
-183
-471
-521
-301
20
252
290
181
80
100
184
245
286
334
326
238
152
110
27
-92
-55
187
354
242
23
-146
-325
-438
-246
111
171
-91
-241
-131
-66
-149
-94
199
377
186
-101
-124
55
120
27
-12
66
81
-129
-416
-496
-375
-289
-291
-242
-165
-226
-366
-365
-166
73
180
122
55
134
257
259
268
521
836
832
526
336
450
602
563
483
530
556
356
60
-86
-59
7
29
2
-84
-228
-403
-503
-417
-184
15
50
-45
-162
-195
-85
118
261
227
127
153
273
242
71
71
227
219
23
-76
-96
-265
-488
-479
-279
-230
-433
-627
-579
-428
-455
-578
-488
-213
-118
-265
-333
-160
59
110
48
33
95
175
282
416
464
333
145
89
165
243
241
176
101
66
22
-105
-233
-199
-77
-83
-203
-257
-226
-265
-362
-337
-137
30
-4
-113
-82
38
57
35
152
266
113
-143
-98
166
227
40
-51
54
83
-76
-184
-57
144
194
122
109
192
258
235
192
263
488
690
659
467
324
278
252
300
503
664
541
224
25
24
55
2
-49
-86
-264
-580
-758
-659
-573
-706
-818
-691
-538
-573
-657
-611
-478
-374
-322
-267
-172
-92
-142
-242
-177
40
215
282
273
215
208
299
339
269
267
376
407
332
322
339
258
165
182
226
154
19
-18
69
147
116
66
106
174
169
153
215
282
257
174
114
113
157
133
-2
-96
-59
-40
-132
-177
-121
-127
-254
-337
-321
-336
-365
-337
-345
-452
-503
-410
-284
-208
-175
-182
-195
-133
-36
-47
-139
-194
-167
-55
82
84
-83
-175
-113
-95
-146
-60
84
30
-95
-15
136
114
65
155
236
200
199
306
377
327
238
241
368
462
394
316
399
500
434
367
441
472
312
151
154
192
122
-8
-96
-127
-168
-266
-354
-342
-258
-193
-164
-126
-107
-139
-157
-113
-61
-39
-28
-37
-92
-139
-116
-105
-183
-235
-166
-85
-114
-171
-150
-113
-144
-191
-216
-272
-330
-290
-197
-204
-291
-299
-210
-182
-263
-267
-49
213
257
96
-10
79
234
307
319
354
363
263
148
172
266
250
169
204
334
341
154
-17
5
159
256
211
110
49
-14
-102
-121
-17
95
83
-30
-134
-170
-140
-82
-70
-116
-153
-185
-254
-309
-277
-220
-253
-295
-226
-122
-157
-276
-263
-100
24
52
112
200
141
-22
9
278
445
322
171
235
353
313
218
230
268
199
103
121
218
217
65
-94
-124
-54
-14
-60
-141
-182
-168
-148
-184
-212
-155
-78
-93
-129
-27
126
106
-61
-107
28
128
99
67
99
88
-10
-70
-10
84
95
29
-37
-47
-7
41
13
-86
-136
-63
60
88
-34
-227
-349
-303
-140
-48
-109
-196
-189
-144
-123
-84
-24
-37
-122
-149
-86
-53
-114
-186
-170
-114
-107
-105
-31
74
101
53
43
96
140
159
199
248
240
184
170
198
189
151
158
221
249
185
77
3
3
63
136
160
113
35
-42
-84
-51
14
16
-74
-148
-114
-48
-68
-123
-84
18
63
52
62
86
49
-32
-40
43
107
84
23
-25
-54
-73
-55
14
73
67
3
-53
-61
-54
-67
-77
-63
-48
-77
-123
-137
-114
-90
-83
-70
-36
-1
15
39
78
95
74
57
84
136
146
101
46
29
40
32
-1
-12
-9
-47
-125
-160
-105
-44
-77
-159
-182
-127
-73
-65
-67
-58
-61
-67
-40
12
45
35
14
17
35
58
78
89
67
33
30
64
91
68
29
22
42
60
63
56
48
29
1
-8
21
53
41
-8
-46
-47
-18
14
16
-9
-53
-68
-42
-12
-11
-37
-69
-79
-64
-50
-66
-101
-107
-75
-48
-56
-76
-76
-62
-36
7
39
45
37
61
111
145
141
137
162
174
143
94
77
101
119
85
36
29
55
59
20
-12
8
39
28
-6
-17
-29
-71
-113
-108
-56
-30
-57
-89
-86
-78
-80
-61
4
65
53
-2
-36
-19
17
31
13
-8
-18
-24
-30
-35
-38
-44
-46
-37
-22
-14
-32
-57
-60
-32
-3
-1
-25
-46
-50
-38
-28
-14
6
2
-13
-19
-1
22
20
5
-1
13
33
31
18
13
21
19
22
34
47
50
37
27
30
34
29
31
33
32
28
22
23
16
4
-2
15
37
41
14
-15
-25
-15
-1
3
-4
-17
-27
-35
-47
-52
-33
