SAMPLES:	5806
BITSPERSAMPLE:	16
CHANNELS:	1
SAMPLERATE:	16000
NORMALIZED:	FALSE
-4
-1
-1
-3
-3
1
0
1
2
3
5
5
6
3
-3
-1
2
7
2
1
2
-3
-2
-2
-2
-5
-1
1
-1
-2
2
3
2
6
6
3
0
2
1
3
3
4
2
3
-1
-4
-4
-4
-1
1
4
2
3
2
2
2
4
-3
-3
-4
-4
0
-4
-3
-3
1
2
5
4
-2
-1
3
1
3
2
-4
-6
-6
1
-2
-4
-1
-1
-3
-7
-3
0
-1
-2
-1
-6
-6
-4
-3
-2
-5
-2
-5
-5
-6
-3
-2
-1
0
-2
-5
0
3
1
1
1
2
1
-2
-1
1
0
1
1
-2
0
2
1
2
4
6
4
2
4
7
4
8
9
7
2
1
11
6
3
4
3
0
0
-1
0
2
1
5
4
1
6
4
-1
3
11
5
2
11
4
5
6
14
13
5
3
7
7
12
23
12
-5
-13
-7
-15
-26
-14
-21
-53
-56
-32
-27
-50
-73
-80
-77
-60
-41
-54
-91
-100
-86
-83
-74
-53
-73
-122
-123
-86
-74
-88
-90
-93
-117
-122
-95
-88
-110
-103
-90
-99
-95
-69
-64
-71
-58
-39
-36
-15
37
48
12
6
38
72
112
147
102
14
10
111
162
118
85
72
35
27
111
190
146
37
-9
59
162
194
112
-2
-12
59
127
178
220
200
150
241
513
742
798
825
978
1214
1455
1726
1960
1984
1821
1737
1922
2153
2060
1625
1128
815
645
425
85
-341
-832
-1344
-1703
-1833
-1899
-2144
-2468
-2609
-2524
-2410
-2389
-2377
-2277
-2117
-1931
-1714
-1499
-1328
-1232
-1138
-963
-708
-514
-470
-460
-384
-278
-230
-231
-224
-173
-118
-127
-218
-262
-285
-325
-298
-204
-124
-136
-126
-125
-197
-190
104
399
444
369
429
554
623
919
1239
1308
1097
1055
1061
964
1001
1143
913
412
258
133
-162
-650
-1147
-1438
759
6063
9788
6934
391
-1720
2405
7504
9209
8250
6001
2885
-20
-532
1647
3794
2939
-546
-3083
-3220
-3154
-4895
-6609
-6191
-4563
-3965
-4777
-6076
-7297
-7839
-6988
-4608
-1918
-583
-1498
-3440
-4047
-2226
661
2702
3399
3091
2193
1195
943
1683
2738
3157
2593
1545
662
-61
-1105
-2105
-2034
-919
-317
-1194
-2714
-3682
-3856
-3406
-2275
-841
25
-199
-969
-1173
-238
1346
2633
3318
3631
3649
3292
2971
3167
3722
4139
4166
3816
3088
2112
1140
508
456
787
855
166
-965
-1966
-2463
-2423
-1961
-1439
-1225
-1407
-1845
-2144
-1910
-1098
-188
456
744
718
522
525
964
1529
1848
1896
1812
1577
1212
813
547
506
575
508
165
-345
-892
-1366
-1613
-1543
-1288
-1153
-1350
-1770
-2027
-1913
-1599
-1236
-811
-539
-534
-343
78
64
-364
-6
1258
1770
1005
409
662
779
536
752
1180
716
-273
-574
-303
-261
-503
-689
-925
-1207
-1188
-1038
-1130
-1231
-1118
-992
-925
-665
-328
-380
-568
-308
192
440
431
381
361
358
486
705
726
547
333
229
310
381
323
157
-44
-92
16
93
-46
-381
-529
-279
180
497
358
-60
-237
-17
380
709
866
710
278
170
569
849
734
607
644
615
622
907
1079
854
753
1099
1519
1724
1788
1656
1357
1310
1623
1788
1603
1344
1024
581
287
234
66
-375
-806
-1116
-1413
-1612
-1697
-1865
-2116
-2261
-2285
-2271
-2234
-2210
-2206
-2060
-1737
-1510
-1463
-1320
-1037
-813
-630
-431
-364
-400
-267
-79
-160
-293
-172
-146
-420
-490
-264
-307
-628
-677
-533
-569
-624
-539
-569
-683
-573
-409
-376
-220
102
146
-52
93
602
813
614
629
996
1108
804
737
1133
1527
1483
1041
573
573
960
894
336
184
366
-44
-646
-532
-350
-1134
-2367
-2702
-542
4452
8213
5695
-488
-1700
3687
8387
8617
7926
7938
5928
2218
1221
4044
6423
4980
1210
-1038
-923
-1463
-4216
-6396
-5635
-4056
-4622
-6533
-7719
-8467
-9249
-8866
-6630
-4040
-3090
-4059
-5552
-5703
-3571
-446
1532
2015
2065
2094
1766
1537
2405
3974
4707
4021
2815
2102
1614
490
-712
-617
437
848
57
-1339
-3057
-4633
-4355
-2044
-21
259
-829
-2523
-3651
-2300
1316
3617
2845
1524
1325
1397
1698
3082
4518
4130
2934
2599
2500
1850
1217
982
990
1231
1218
56
-1777
-2515
-2153
-1738
-1324
-1022
-1630
-2957
-3475
-2661
-1612
-963
-533
-619
-1031
-1058
-560
-39
328
819
1249
1106
669
436
496
894
1081
836
281
-231
-592
-862
-902
-891
-1526
-1761
978
5766
7555
3322
-1439
78
6187
9746
8474
6209
5293
4266
2567
2619
4704
5775
3134
-828
-2115
-1096
-1462
-4186
-6113
-5456
-4239
-4952
-6875
-8317
-8426
-7853
-6894
-5434
-4014
-3640
-4712
-5690
-4696
-1725
853
1612
1081
1094
1686
1914
2065
2807
4007
4147
2952
1620
1393
1351
439
-757
489
3288
2165
-3395
-6641
-3061
1031
-15
-2393
-1859
-1781
-3370
-2490
1029
2142
-118
-525
1151
2287
2455
2422
1997
2152
3577
4271
3142
2173
2356
1521
1048
2376
3087
965
-1319
-1184
-629
-994
-998
-812
-1938
-2906
-2660
-2184
-2171
-1846
-1286
-1625
-1988
-1290
-588
-744
-565
131
539
345
403
886
610
-11
43
490
339
-433
-1093
-1506
-2247
-489
5797
11238
8321
-585
-3078
4679
11977
10943
6993
6385
6464
3028
329
2963
6558
4976
-724
-3530
-1745
-1144
-4922
-8540
-7656
-4455
-4226
-7042
-9153
-9755
-9525
-8664
-6550
-3822
-2521
-3654
-5789
-6196
-3121
1169
3104
2558
1845
2407
2608
1961
2210
4182
5514
4320
1855
1047
1505
375
-1705
-1904
35
873
329
-1426
-4460
-7289
-5366
433
2513
-451
-3022
-2616
-1837
-321
2592
4351
2756
1385
2344
3342
3736
3994
3909
3533
4058
4271
2838
1210
994
971
614
1156
1487
-571
-3421
-3676
-2225
-1495
-1537
-2026
-3132
-3891
-3543
-2606
-1786
-1154
-739
-1069
-1416
-579
182
400
796
740
803
1439
2059
1339
-258
-671
108
279
-213
-701
-2223
-4082
-5155
-411
9505
15906
9418
-4432
-6472
6017
16074
13482
8573
8504
7440
999
-1337
4947
10057
6377
-1844
-4274
-1116
-1011
-7104
-11528
-8522
-3540
-4430
-8907
-11542
-12192
-12090
-10976
-7221
-2723
-1769
-5099
-8699
-8275
-3062
2838
4551
3064
2629
3663
2784
1365
3141
6634
7800
5341
2215
1793
2237
-346
-3344
-1760
2031
1471
-3621
-7268
-3966
-223
-3607
-8511
-3938
3902
1439
-5323
-3140
3625
2013
-1402
3527
9180
5122
178
2932
6178
5998
5576
5944
4483
3166
2833
1551
741
2708
2877
-1091
-2435
-500
-1778
-5080
-3605
-961
-2807
-4615
-3358
-3120
-4465
-3671
-1484
-955
-1429
-1047
-957
-1467
-514
1103
1278
727
1082
746
-368
-214
1041
71
-1277
-977
-1236
-2901
-3646
-4326
-2983
6730
17802
14788
-2321
-10328
1440
16694
17875
11134
8938
8090
1925
-3044
2668
11559
11020
338
-6458
-3061
-13
-5670
-12211
-9774
-3207
-3139
-9140
-12409
-12491
-12814
-12167
-8011
-2651
-605
-3959
-9523
-10205
-3931
3194
5566
4482
3248
3238
2734
1485
2973
7372
9360
6202
2238
1382
2189
339
-3098
-2549
2022
2439
-2548
-5422
-5177
-6289
-7888
-4221
1989
2981
-2768
-6940
-4557
641
3016
3429
4689
4447
2295
1118
3274
6151
6960
5946
5212
4711
3422
1934
1084
1682
2639
2804
1085
-1549
-3401
-4078
-3404
-1610
-915
-2603
-4489
-4934
-4695
-4119
-2373
-425
-286
-1547
-2149
-1627
-696
335
1249
1660
1734
1469
599
-650
-628
146
797
619
-956
-3188
-4547
-5434
-2058
10730
22811
15895
-7338
-15836
3495
23874
20700
8153
6669
8256
627
-5331
3285
14608
11409
-3186
-9413
-2212
1438
-7532
-15472
-10314
-1232
-1921
-10337
-14921
-13942
-13101
-12482
-7519
-715
333
-5275
-11677
-11491
-2922
6018
7252
3958
2773
3576
2770
968
3061
8884
11122
6161
694
872
2800
-136
-4531
-2403
4022
3529
-3419
-7268
-6631
-7015
-7360
-2369
3526
2467
-4508
-7297
-4012
850
4176
5621
4796
3130
2486
1818
3285
6581
8052
6102
4894
4575
2709
872
1172
2424
2579
2170
793
-1916
-4743
-5029
-3055
-1359
-1406
-3184
-5380
-6399
-5245
-3344
-1883
-939
-1044
-2213
-2722
-1360
157
719
995
1700
1839
1193
187
-259
-341
77
431
454
-1245
-4191
-6391
-1922
14586
27622
16199
-12687
-18177
8968
30156
20570
5341
7212
9294
-1267
-7530
6643
19181
9946
-8218
-10952
297
2442
-9894
-17923
-9120
1049
-3220
-13497
-15429
-13436
-14233
-13357
-6605
973
301
-7912
-14127
-11150
-953
7614
7161
2529
1865
3602
2384
212
4246
11168
11447
4081
-1010
1819
4170
-1173
-6029
-1078
5856
2433
-6357
-8684
-5670
-6756
-8328
-2307
3978
219
-7407
-6700
-770
1849
1955
4064
5401
4005
2686
2530
4087
6926
8232
6696
5362
5356
3595
915
1624
3999
3652
1532
84
-1803
-4036
-4131
-2097
-1194
-2651
-4107
-4918
-5490
-5169
-3430
-1764
-1506
-1860
-2169
-2093
-1287
82
804
1101
1445
1714
812
-166
-260
-119
-138
-384
-670
-2045
-4866
-6386
7180
27165
25699
-4625
-23500
-1405
28664
26895
6279
4039
11077
3465
-9229
92
18961
15797
-4780
-14292
-2655
5308
-5260
-17780
-12825
-84
-37
-11355
-16349
-12965
-12866
-14330
-9371
-595
1234
-5695
-13444
-13202
-3694
6411
7721
2732
995
3176
3577
259
1506
10027
13511
6321
-1181
703
4974
1616
-5222
-2823
6032
5471
-4275
-9725
-6676
-5557
-6832
-3220
2195
111
-7219
-8485
-3026
1467
2132
3103
4198
3429
1941
2079
4094
6348
8035
7682
5598
4419
3880
2249
2095
4285
4906
2249
-501
-1575
-2861
-3426
-1813
-458
-2174
-4633
-5418
-5155
-4844
-3727
-2004
-1810
-2447
-2739
-2582
-2044
-327
1220
1113
947
1397
963
-113
-94
241
88
251
-403
-2408
-5482
-2072
15620
29140
15777
-14165
-18061
11351
32240
19845
3318
7278
9904
-2480
-8625
8302
21139
8191
-11728
-12006
1803
2389
-11592
-17972
-7634
1001
-5099
-15145
-15762
-12760
-13694
-12999
-6332
328
-1573
-9996
-15146
-9973
1116
8032
5477
520
1425
4311
2535
-283
5183
13265
11647
2229
-1562
3747
5540
-1409
-5437
1913
8144
1093
-10578
-11511
-4136
-2798
-7164
-5150
2162
1479
-6069
-7774
-80
5133
2814
1449
5859
7996
2797
-281
3855
9041
8358
5973
5082
3780
1867
1074
2724
4915
4760
919
-2591
-3009
-2338
-2446
-2190
-1863
-3026
-5401
-6746
-5871
-4679
-4255
-3090
-1562
-2360
-3703
-3078
-1302
189
873
1877
2279
1401
-132
-406
353
930
62
-738
-958
-1551
-3197
1317
16963
25177
10704
-13545
-11436
16057
30718
16354
3250
8141
8441
-2330
-4566
11394
18939
4705
-11392
-9376
1575
-555
-12374
-14988
-5488
-1124
-8203
-15997
-15554
-13067
-13316
-11244
-5015
-1317
-5415
-11531
-12977
-7379
1723
7356
4433
-117
1389
3768
2482
1420
6889
12801
10011
1720
-873
3831
4780
-851
-2976
3172
5904
-2258
-10851
-9373
-3497
-3866
-6845
-4664
-727
-4007
-8698
-2580
7754
6534
-2707
-2214
5784
7839
4389
5810
8361
5470
2610
4981
8303
6113
2582
1301
2173
3781
4046
732
-2500
-1461
-984
-3006
-2956
-1363
-4324
-7677
-5639
-3273
-4651
-5223
-3609
-3617
-4226
-2968
-998
-723
-789
291
1325
1601
1604
1187
187
186
891
184
-660
-218
-491
-2795
-2604
9784
24658
20903
-4042
-18095
2007
28484
26222
6961
4452
10143
2670
-7292
3125
20117
14020
-6588
-13810
-2816
2909
-6843
-15906
-10535
-1236
-3958
-14278
-17465
-13764
-12904
-13092
-8561
-2274
-2439
-8965
-14399
-11812
-2264
6354
7011
1251
-494
2560
3219
1082
4240
12209
13018
4810
-1297
1942
6272
2731
-2839
161
6488
2551
-8172
-11105
-5326
-2721
-5505
-5797
-1962
-1827
-6280
-6744
1059
5855
2830
1036
3427
5057
3632
4139
6580
8364
6726
4779
4758
4648
3721
2597
3135
3861
3167
491
-1430
-1311
-1479
-2932
-2902
-1844
-3364
-6076
-6674
-5371
-5027
-4836
-3540
-2860
-4054
-4614
-2919
-1160
334
1065
843
842
978
546
388
1253
805
-185
-430
482
-46
-1750
-3822
5876
24291
26286
1557
-20066
-3135
27047
29454
8825
4547
12163
5011
-8199
-946
19788
17909
-3895
-15360
-4485
4140
-5521
-16932
-12308
-1399
-3185
-13919
-18053
-13656
-13003
-14642
-10890
-2994
-1078
-7669
-14569
-13652
-3780
5651
7386
1835
-305
3059
3669
779
2813
12148
14656
5925
-1670
1735
7400
3363
-4092
-1322
7048
4900
-5430
-10035
-6123
-3863
-5537
-4203
612
-695
-7358
-8010
-2235
1971
1312
996
2292
3164
2571
1807
3476
6009
7563
7264
5924
4485
3524
3029
3596
5245
4942
2240
55
-1218
-2453
-2514
-1260
-1185
-3539
-5461
-5527
-5153
-5451
-5191
-3418
-2368
-3430
-4489
-3830
-2193
-777
380
1038
853
-493
-1377
-699
1133
1422
266
-281
307
-765
5605
22213
27512
6512
-16307
-3755
25372
30651
11368
3156
10043
6829
-4973
-1887
16123
16982
-2760
-15505
-7214
2393
-4684
-16028
-14062
-4151
-4067
-13254
-17897
-14360
-13083
-14137
-10518
-3611
-2028
-7731
-13182
-12249
-3673
5312
7798
2739
-847
2031
4665
3376
3427
9961
13593
7016
-823
975
6867
4764
-2346
-2095
5091
4441
-6268
-12136
-6460
-1693
-5297
-8009
-3312
1701
-1398
-5909
-3534
2621
3573
788
2492
6805
5649
-141
910
6944
8079
5139
4464
4729
2431
1204
2620
4355
4100
2157
-250
-1856
-2433
-2387
-2599
-2700
-2884
-5077
-7225
-6372
-4673
-5551
-5456
-2821
-2075
-3650
-4185
-2115
-247
589
1094
1091
871
319
358
195
1302
2149
1725
-759
4585
21790
29012
10293
-14650
-7239
21783
32140
14169
2152
8039
6949
-4413
-3983
14120
18523
-160
-15762
-9700
2086
-1966
-14104
-15113
-5077
-2615
-11210
-17598
-14277
-11388
-12645
-10938
-4434
-744
-5256
-11915
-13162
-5112
5038
8461
3124
-1910
684
3759
2420
2130
8656
12819
6390
-2109
-874
5849
4927
-2270
-2982
4385
5215
-4449
-11109
-6874
-1882
-3605
-5884
-2340
2188
-736
-5092
-3805
1198
2333
1847
4789
6710
3289
-1148
1177
5619
6759
5980
5569
3935
929
464
2892
4869
3931
1604
-296
-1103
-1675
-2681
-3071
-1828
-1902
-5051
-7022
-5722
-4558
-5211
-4672
-2691
-2419
-4092
-3832
-1538
-305
-6
519
509
354
489
444
1024
1927
1445
643
1043
3137
14276
25298
18907
-4885
-12513
10745
31554
22991
4428
5506
9484
273
-6394
6551
18625
7231
-11362
-13628
-1912
180
-10557
-16210
-8731
-3064
-8504
-16115
-15719
-12060
-12941
-12339
-6305
-962
-4065
-10096
-12146
-7700
1423
7795
5890
-373
-618
2567
2726
1885
5595
11299
9175
48
-3378
3018
6130
-6
-4114
1042
5273
-877
-9565
-8934
-1841
-1020
-5101
-4591
-800
-1983
-5878
-2644
4540
6055
565
-751
3922
5763
4456
4488
5855
4488
3333
4250
5284
4458
2466
1332
1470
2959
2904
594
-1449
-1462
-2115
-2920
-1779
-1642
-5135
-7365
-5225
-3730
-4393
-4628
-3943
-4153
-4078
-2784
-1201
-875
-1356
-510
1302
1417
578
203
599
938
1297
1413
2363
1590
3005
16766
28251
16125
-11231
-10150
18704
32430
16677
3248
8982
8422
-3999
-6367
11327
19169
2345
-14742
-11453
-1
-2388
-13548
-15184
-5813
-3465
-11388
-17479
-14471
-11706
-12935
-11215
-5308
-1326
-4846
-10526
-12611
-6453
4110
9035
3991
-1964
588
3948
2056
849
7050
12699
7142
-2868
-2702
5044
4716
-2938
-3803
3853
5094
-4262
-11064
-6629
-836
-3374
-6387
-248
6076
191
-9252
-7835
1685
7581
7467
6443
3735
-1691
-2928
3235
10101
10296
5903
1472
-616
438
3366
5020
4223
2669
245
-1351
-689
-991
-3192
-2822
-335
-1400
-5451
-6710
-5574
-5494
-4890
-2528
-1455
-3375
-5327
-4770
-2185
298
754
376
-78
134
-536
-610
379
1729
1339
935
404
4062
19480
28399
14121
-11584
-8959
19355
32767
16491
1707
7960
8323
-2879
-4328
12405
18124
805
-15105
-10810
1173
-1532
-13248
-15144
-5879
-3549
-10690
-16641
-14141
-11432
-12552
-10526
-4337
-559
-5420
-11231
-12028
-5257
4743
8699
3640
-1962
509
3450
1974
1746
7782
12127
5761
-3533
-2108
5564
4578
-2209
-2570
4036
3602
-4797
-8620
-3341
-401
-4093
-4442
90
736
-5054
-7086
-2767
2344
2971
1568
1562
1352
158
996
4659
6600
5618
3673
3606
3782
2861
2780
4281
4558
2344
1073
1068
508
-1367
-2285
-1165
-95
-1682
-4791
-5420
-4233
-4001
-4215
-3033
-2308
-3446
-4887
-3827
-1327
-748
-1902
-2147
-922
-249
-496
-288
21
121
-213
6262
20491
25605
10029
-9901
-3510
20677
30090
17536
7926
9680
5678
-3388
-734
13899
15870
-383
-12796
-8716
-1733
-5876
-14125
-13860
-7141
-6117
-12127
-16499
-15138
-14052
-13919
-10345
-4191
-1170
-5064
-11081
-12190
-4663
5395
9030
4922
921
2576
3621
1342
2972
10452
12995
5326
-2198
-597
4249
2847
-2179
-1443
3149
1071
-6279
-8722
-4775
-3079
-5014
-3964
-619
-2344
-7018
-6136
-734
2021
1694
2230
2504
1649
1655
3220
4319
5835
7223
5940
3743
3539
4175
3409
3533
4354
3155
925
45
-716
-2064
-1825
-643
-1337
-3600
-4282
-3936
-4722
-5381
-3976
-2754
-3274
-3447
-2976
-3171
-3272
-2046
-1092
-1119
-268
67
-602
-675
-66
-242
1278
13920
27025
21297
-2667
-12175
8927
30365
26129
10021
8515
10322
1143
-5511
6052
18962
9743
-9146
-13097
-3262
-1674
-11663
-16930
-9893
-4563
-9293
-16342
-17011
-14360
-14602
-13089
-7294
-1368
-3041
-9668
-12835
-8374
1422
8045
7060
2428
2194
4405
3257
1944
6637
12926
10524
1423
-2112
2529
4037
-1640
-4803
622
4375
-2552
-11134
-10123
-3796
-3163
-5086
-2980
10
-196
-2648
-3402
-2025
940
3725
4619
5066
4726
1892
-1767
1027
7995
9209
5212
2984
2312
471
1448
5591
6003
1911
-365
-1160
-2770
-3005
-1392
-1694
-3708
-3605
-3422
-4848
-5847
-5105
-4245
-2836
-668
-625
-2891
-3824
-2447
-1153
-655
463
822
-806
-1393
-747
-969
20
13217
27853
22319
-2954
-13701
8570
31122
26004
9124
9673
13112
2100
-6609
5563
20051
10498
-8842
-11973
-1135
-549
-12722
-18318
-9510
-2743
-8051
-16109
-17195
-14742
-16107
-15081
-7733
-246
-2103
-10163
-14227
-9826
519
7629
6920
2542
2721
4709
2650
657
5822
13571
11668
2086
-1641
3139
4482
-1277
-3912
1637
4660
-1819
-9236
-8627
-4791
-5592
-6622
-2962
-505
-5150
-9514
-6318
-257
2207
1971
2130
2125
2259
3210
4465
5775
7081
7648
7029
5682
4282
3577
4022
4706
4106
3059
2331
462
-2691
-3721
-1172
413
-1768
-4816
-5013
-4074
-4737
-5284
-3801
-2436
-2965
-3858
-3621
-2526
-1794
-1412
-1290
-265
82
-382
-625
-121
186
-318
-926
1595
16541
28683
18499
-8210
-13330
12997
32473
22571
5989
8478
9701
-1464
-5833
9125
19321
5363
-11927
-11061
-89
-1890
-13712
-16927
-7462
-2464
-8324
-15299
-15744
-14205
-15222
-12067
-4262
959
-3679
-11424
-13238
-6975
3098
8042
5687
1414
2350
3763
1559
1520
7743
12538
7586
-226
-96
4780
2245
-4819
-4430
3778
5035
-4249
-10929
-8038
-3563
-4751
-4669
1336
5324
-2460
-11198
-7595
3549
6625
2178
3238
5459
-435
-5533
1791
9548
7350
3314
4246
4025
658
1169
4080
4503
3803
3616
890
-2131
-2413
-2091
-2390
-793
717
-2400
-5693
-5623
-5223
-4938
-1867
786
-1445
-4540
-3571
-1266
-1827
-2082
-368
431
-846
-888
-745
-1500
-3088
1160
17724
29102
16469
-11040
-11800
16502
32600
19490
7144
13018
11020
-3087
-4785
12952
19464
2890
-11153
-6310
2263
-4274
-16578
-16915
-6240
-2410
-9010
-15640
-15611
-15890
-17837
-12904
-3358
912
-5134
-12457
-13609
-6810
2736
6721
4327
1876
4353
4785
1031
875
7981
12679
7670
1365
2431
5163
477
-5897
-3367
5256
5122
-4860
-10257
-6559
-3514
-4560
-2290
1435
-2465
-9775
-8341
108
3667
1549
576
709
-486
839
4727
5060
2941
3882
6123
5773
4282
3158
2329
2611
4048
4272
2807
1188
-1188
-3511
-2156
1476
905
-3525
-4955
-2808
-2526
-4247
-3869
-2073
-1947
-2678
-2265
-1613
-1851
-2215
-1934
-1010
214
84
-1460
-2178
-722
-433
-1674
-2599
9131
27245
25924
-572
-18276
2061
29377
27451
7057
5348
13333
4919
-6594
2083
18903
12055
-7462
-11264
901
3081
-11009
-19792
-10982
75
-3370
-13317
-16645
-13725
-14758
-14731
-7420
686
-757
-10262
-14381
-9143
673
5166
3310
1045
3263
6057
2481
-1010
3297
10945
9651
2692
1736
5733
3281
-4804
-5661
3004
7801
-223
-9073
-7825
-3529
-5318
-7962
-272
9324
2152
-13259
-13704
2871
10016
3315
1191
4384
-649
-7040
1458
10691
7015
-103
1745
4646
2133
1517
2800
2074
2198
4731
3356
-605
-2240
-2357
-2631
-86
2544
-932
-5354
-4912
-3083
-3906
-2406
541
-881
-4142
-2967
401
-952
-2860
-1309
650
122
-472
-389
-1086
-2077
-2044
-2246
3574
18961
25189
8365
-13994
-7427
19400
29330
15076
5183
10092
8215
-1685
-1161
12441
15171
452
-9222
-2795
3965
-4754
-17201
-15470
-3551
142
-7663
-15155
-15932
-15390
-15560
-10518
-2379
151
-6768
-13817
-12716
-4627
2951
3749
1223
1210
4589
4199
128
477
6539
9856
6007
3128
5715
6176
-816
-5480
-9
7425
4965
-2702
-5255
-4416
-5509
-6068
-1878
859
-2534
-6754
-5421
-2316
-2070
-1542
286
1319
1264
1594
1146
183
1516
4611
5923
4996
3825
2631
1719
1980
3639
4642
3849
2065
251
-759
-548
129
-151
-392
-118
-1103
-3594
-4565
-2907
-1655
-1659
-1584
-1573
-2662
-3941
-3558
-2116
-1329
-1312
-1350
-1160
-1497
-2172
-3132
3003
17561
23776
8850
-10770
-4268
19763
27273
12697
5031
12321
11708
657
-615
11578
13334
-433
-7902
122
5950
-4739
-18318
-16603
-3955
-48
-8673
-16034
-14822
-13987
-16990
-14078
-4521
-697
-8344
-14885
-10651
-2051
341
-2397
-1547
3458
6893
4661
896
1229
5194
7539
6430
7196
9449
6739
-1168
-3818
2025
7300
4968
-603
-2676
-3393
-5039
-5411
-2988
-1845
-3116
-3896
-4119
-4907
-5103
-3584
-2204
-476
2115
2745
-457
-2990
-367
3999
5798
5258
4517
3250
1876
2204
3736
4664
4196
3153
1712
838
988
817
-348
-846
222
437
-1262
-3069
-3253
-2937
-2837
-2215
-1411
-1739
-3333
-4042
-3334
-2459
-2165
-1663
-1087
-1566
-2976
943
12919
20350
9665
-8341
-5702
16749
27477
13929
2204
8880
14517
6114
188
8875
14400
3620
-6688
-1100
8021
1371
-14380
-17810
-5988
2039
-5045
-15374
-15853
-11805
-13725
-16224
-9977
-2212
-6045
-15608
-14593
-4086
461
-4912
-7244
-707
6101
5077
249
-139
3565
5746
5478
7237
10324
8684
1655
-2039
2513
8107
6766
1422
-987
-472
-776
-2190
-2962
-3317
-3388
-2854
-2453
-3215
-4528
-5129
-4873
-3185
4
1816
-186
-3020
-2342
819
3021
3627
3587
2971
2251
2698
3689
3589
2826
2872
3626
3696
2683
1377
477
270
766
1479
1334
2
-1438
-2082
-1652
-749
-395
-1236
-2223
-1807
-1363
-1849
-2094
-1507
-1471
-1876
-1241
-844
-1658
207
7075
12263
7302
-3333
-4414
7197
15990
11221
3066
4129
9157
7509
2385
3134
7224
5572
-93
-715
4092
4727
-3090
-10504
-8373
-1042
249
-5527
-9744
-8942
-8365
-10508
-10672
-6727
-4590
-7938
-10605
-7311
-3036
-4170
-7453
-6331
-1508
1163
-98
-1252
-90
739
-173
-145
2630
5539
4965
1749
387
2079
3366
2626
1701
2056
2385
1620
582
16
-294
-754
-758
-110
549
459
-462
-1302
-906
596
1393
1148
1139
1725
1992
1708
1772
2159
2059
1682
2005
2507
2322
1723
1298
1353
1629
1802
1499
1071
985
1093
1005
609
222
58
122
223
98
-407
-838
-786
-727
-1078
-1447
-1309
-1012
-1078
-1348
-1322
-1036
-1112
-1273
-810
-92
-29
-523
-535
98
537
344
268
947
1570
1399
1026
893
658
262
460
989
974
387
-139
-164
-28
132
127
-60
-412
-530
-203
216
190
-320
-570
-254
204
156
-126
-111
-3
-183
-392
-381
-180
-218
-583
-897
-1088
-1262
-1212
-965
-1144
-1629
-1838
-1741
-1844
-2038
-1917
-1605
-1521
-1803
-1930
-1689
-1578
-1673
-1456
-947
-701
-820
-953
-749
-314
-169
-302
-127
572
1057
797
441
773
1505
1886
1798
1751
1890
1946
1980
2269
2723
2720
2254
1916
2211
2696
2576
1861
1355
1585
1869
1647
1048
681
508
289
-2
-336
-564
-752
-922
-1042
-936
-862
-1152
-1434
-1292
-928
-667
-627
-697
-674
-424
-167
-123
-78
79
335
439
187
-157
-121
51
-125
-368
-189
-155
-641
-946
-733
-523
-888
-1235
-1071
-500
-229
-780
-1263
-965
-269
246
535
579
360
304
551
908
1296
1507
1555
1534
1372
1135
1110
1148
961
807
895
779
194
-343
-449
-387
-676
-925
-747
-675
-1230
-1812
-1690
-1209
-1018
-1382
-1869
-1946
-1446
-1021
-1197
-1681
-1677
-1169
-899
-1000
-1066
-906
-979
-1125
-822
-37
331
-257
-908
-543
585
1096
688
294
744
1423
1499
1245
1430
1814
1595
1200
1479
2100
1910
1135
766
1045
1265
958
493
406
610
464
147
163
390
211
-178
-85
377
525
188
100
469
705
462
355
691
852
567
284
372
394
141
-137
-178
-167
-391
-731
-938
-943
-1046
-1313
-1457
-1215
-944
-1191
-1690
-1632
-1002
-636
-761
-803
-540
-371
-420
-297
167
555
485
227
309
596
636
521
586
707
557
334
316
365
277
211
355
440
261
36
115
300
222
80
165
276
80
-180
-196
20
134
-118
-385
-209
111
-139
-715
-875
-557
-301
-465
-723
-698
-574
-758
-902
-580
-341
-595
-785
-500
-244
-342
-487
-334
40
120
-214
-386
-84
76
-246
-460
-207
26
-183
-423
-217
68
-85
-251
121
540
420
164
394
926
1131
921
925
1410
1796
1704
1543
1669
1805
1690
1510
1524
1584
1403
1009
676
609
672
512
21
-346
-348
-411
-782
-1091
-1072
-1080
-1285
-1367
-1073
-753
-902
-1310
-1283
-764
-453
-521
-464
-190
-156
-367
-325
1
129
-47
-69
204
308
19
-248
-171
-7
12
10
40
-56
-278
-461
-493
-361
-185
-170
-329
-412
-332
-292
-393
-426
-205
117
233
106
-17
-14
-9
-19
220
665
738
277
-4
326
682
551
281
314
441
352
207
243
304
186
-2
-107
-176
-283
-412
-549
-669
-696
-696
-816
-981
-1006
-957
-927
-790
-569
-482
-500
-411
-249
-109
94
362
530
603
725
881
981
1121
1327
1395
1288
1261
1354
1329
1146
975
863
777
731
691
562
303
5
-168
-161
-121
-247
-528
-697
-590
-389
-317
-392
-485
-515
-450
-311
-122
56
74
-128
-340
-302
-37
163
98
-119
-220
-139
-117
-291
-450
-359
-173
-223
-483
-631
-583
-534
-557
-549
-502
-491
-522
-550
-521
-418
-311
-287
-281
-175
-24
37
5
-33
2
151
333
368
249
209
390
617
632
483
428
536
589
503
447
478
424
264
196
271
261
49
-177
-202
-130
-218
-466
-567
-445
-412
-582
-650
-465
-325
-391
-418
-265
-138
-131
-28
248
426
345
237
369
652
791
714
619
649
695
618
483
382
273
161
160
227
122
-189
-415
-376
-237
-227
-348
-452
-498
-505
-403
-171
-3
-63
-173
-48
218
329
317
412
519
424
264
339
548
546
325
211
295
291
54
-171
-184
-152
-244
-338
-337
-433
-739
-926
-703
-410
-555
-934
-923
-520
-337
-553
-672
-443
-224
-246
-233
-23
97
-31
-104
145
499
557
309
161
369
656
624
373
290
396
425
358
371
408
274
46
-20
86
116
-45
-198
-185
-152
-298
-501
-488
-319
-278
-385
-395
-305
-297
-342
-270
-121
-59
-9
150
282
237
192
339
510
526
533
644
655
461
312
390
482
373
173
109
145
80
-107
-210
-129
-117
-321
-434
-237
-66
-225
-419
-296
-46
12
-38
37
192
233
162
172
345
493
439
314
355
468
375
147
136
323
290
-54
-289
-221
-137
-267
-435
-446
-419
-523
-674
-693
-608
-581
-620
-603
-494
-413
-457
-528
-470
-256
-70
-61
-169
-208
-68
127
192
115
93
213
321
280
200
236
305
264
190
237
332
276
95
20
104
164
127
99
81
-7
-93
-69
-6
-3
-17
25
61
41
22
49
83
80
82
145
239
281
268
249
217
164
176
291
373
303
174
106
72
17
-8
16
-2
-97
-178
-207
-245
-308
-338
-325
-284
-245
-249
-326
-374
-260
-48
21
-87
-113
91
293
265
186
293
451
421
345
463
621
491
186
144
401
503
217
-81
-59
53
-80
-305
-304
-203
-328
-594
-638
-451
-384
-568
-722
-614
-406
-392
-535
-537
-329
-164
-199
-233
-100
1
-77
-102
135
365
267
20
21
245
345
249
173
194
151
34
20
132
166
7
-160
-138
-17
-14
-120
-148
-54
13
-53
-131
-85
37
104
109
157
261
279
187
167
331
516
525
429
398
432
427
402
442
491
445
318
229
206
173
100
51
22
-59
-181
-254
-249
-253
-335
-433
-444
-379
-359
-429
-487
-432
-316
-261
-273
-259
-189
-119
-69
-1
86
137
118
88
128
232
294
243
153
122
164
190
129
10
-85
-113
-82
-54
-118
-271
-384
-373
-298
-273
-317
-357
-354
-334
-308
-264
-202
-152
-110
-48
35
92
90
80
146
275
369
370
324
297
290
303
340
365
331
240
165
141
130
93
38
-27
-84
-127
-168
-208
-220
-198
-212
-297
-353
-287
-185
-168
-192
-146
-50
-12
-44
-37
59
181
257
270
271
287
295
290
320
405
462
405
292
232
230
229
214
194
141
45
-29
-37
-51
-139
-219
-198
-134
-150
-243
-291
-268
-241
-234
-198
-155
-150
-139
-71
-21
-61
-96
-19
88
101
74
113
133
27
-77
16
175
133
-87
-186
-84
-24
-119
-211
-194
-215
-329
-354
-235
-180
-313
-427
-339
-203
-217
-292
-244
-106
-61
-105
-74
68
170
147
117
209
353
387
329
335
432
477
401
320
339
385
337
245
231
239
148
-4
-57
-4
-11
-124
-208
-192
-187
-274
-352
-321
-247
-202
-201
-212
-226
-217
-155
-68
-6
44
103
143
134
124
191
295
335
301
298
352
350
253
195
267
331
254
118
85
106
29
-103
-106
2
1
-185
-344
-305
-201
-203
-271
-264
-219
-236
-287
-261
-167
-118
-138
-129
-43
21
-9
-69
-63
14
70
71
63
69
37
-38
-72
-21
43
38
-25
-90
-134
-160
-157
-138
-140
-159
-178
-191
-211
-220
-197
-156
-119
-73
-8
28
-4
-29
67
228
296
250
235
304
350
329
330
388
408
331
268
288
300
221
123
99
105
60
-11
-59
-105
-168
-196
-168
-167
-236
-292
-257
-188
-174
-201
-203
-172
-147
-117
-54
12
34
37
65
98
111
119
155
206
234
226
175
122
120
157
165
117
75
72
42
-42
-86
-39
-4
-67
-139
-135
-128
-180
-202
-123
-74
-149
-228
-175
-83
-96
-139
-80
11
-1
-71
-48
45
71
28
44
119
122
45
0
39
86
74
38
16
-13
-69
-116
-118
-88
-72
-102
-154
-194
-203
-174
-148
-122
-90
-59
-56
-70
-57
-1
66
107
142
181
200
178
158
188
252
289
275
245
220
193
159
136
140
155
131
57
-28
-79
-74
-62
-72
-103
-134
-177
-231
-247
-201
-147
-146
-177
-182
-150
-131
-137
-123
-55
24
47
22
15
61
117
143
159
197
218
185
150
168
213
203
136
95
99
90
35
-20
-37
-44
-79
-135
-170
-169
-165
-178
-193
-187
-174
-177
-176
-136
-67
-39
-62
-64
0
74
87
67
83
132
158
153
152
154
130
95
95
120
116
51
-30
-63
-49
-35
-59
-110
-148
-162
-159
-153
-143
-134
-131
-123
-96
-57
-32
-33
-29
19
82
108
104
101
119
133
143
164
171
146
111
116
149
146
98
60
55
57
38
20
10
-16
-64
-97
-87
-70
-98
-146
-164
-147
-142
-154
-151
-135
-142
-164
-148
-88
-47
-66
-93
-68
-13
18
29
43
61
55
55
93
141
144
106
93
119
134
102
63
60
78
72
41
7
-27
-60
-74
-37
15
4
-81
-141
-103
-21
12
-4
-4
32
52
48
68
112
121
98
119
179
185
102
24
46
112
115
60
11
-27
-87
-133
-105
-47
-67
-161
-217
-184
-142
-172
-229
-210
-128
-88
-106
-123
-105
-89
-88
-48
47
112
85
22
26
103
155
143
117
123
146
142
111
90
88
88
77
64
51
35
8
-23
-40
-28
-21
-39
-75
-92
-82
-76
-95
-113
-87
-49
-46
-82
-89
-48
-5
-2
-18
-2
38
62
47
43
67
78
58
49
73
91
57
0
-11
21
26
-10
-47
-56
-57
-66
-62
-46
-54
-88
-94
-51
-12
-24
-41
-18
21
26
18
50
93
90
67
85
133
133
88
72
108
131
97
58
56
60
37
13
15
16
-15
-51
-57
-49
-60
-73
-71
-66
-89
-112
-104
-87
-84
-86
-69
-50
-53
-69
-60
-33
-7
6
16
22
12
5
18
44
58
52
41
39
31
15
6
18
22
8
-11
-19
-19
-33
-51
-51
-36
-29
-41
-53
-50
-32
-23
-21
-11
10
18
7
8
32
60
60
46
54
73
67
51
57
76
78
57
43
49
47
27
10
17
22
4
-21
-32
-33
-45
-57
-51
-40
-45
-59
-58
-53
-49
-42
-25
-6
-3
-14
-16
2
16
14
16
29
33
20
11
21
32
20
7
11
19
7
-15
-11
5
-2
-24
-31
-23
-23
-39
-39
-19
-11
-28
-40
-25
-9
-13
-17
0
19
21
8
6
25
41
40
41
51
53
35
21
28
44
42
32
24
17
5
-12
-13
-4
-2
-15
-32
-46
-55
-58
-60
-54
-49
-53
-55
-61
-60
-53
-41
-29
-21
-12
-6
-2
5
13
28
42
46
44
44
47
45
41
46
53
54
41
31
27
22
16
18
20
8
-6
-21
-22
-18
-20
-16
-5
-5
-16
-19
-7
11
21
29
38
43
43
41
48
59
63
57
49
43
33
23
12
7
-5
-20
-34
-47
-59
-70
-81
-91
-94
-97
-98
-99
-98
-96
-88
-84
-76
-68
-58
-50
-40
-23
-11
2
8
17
32
43
53
60
64
72
74
79
82
81
78
75
73
71
63
50
43
34
30
21
11
-2
-16
-28
-33
-37
-45
-56
-63
-66
-67
-67
-61
-55
-49
-47
-37
-27
-26
-21
-10
6
19
29
39
39
42
44
45
46
40
34
31
31
27
16
9
10
5
-3
-12
-18
-22
-21
-12
-9
-17
-24
-20
-8
1
11
20
23
23
26
38
47
51
60
65
63
65
65
64
49
32
25
22
16
10
2
-13
-34
