SAMPLES:	5467
BITSPERSAMPLE:	16
CHANNELS:	1
SAMPLERATE:	16000
NORMALIZED:	FALSE
-3
-2
-3
1
0
0
5
3
1
0
2
3
3
3
9
3
-1
1
-1
1
3
10
3
-6
-14
-17
0
17
13
-9
-29
-22
16
44
35
6
-6
-3
9
28
58
70
44
27
49
78
80
89
110
127
119
119
160
184
175
187
211
225
227
219
227
252
244
221
204
176
151
147
147
143
109
56
-2
-68
-128
-158
-179
-225
-321
-419
-497
-551
-556
-547
-614
-648
-610
-600
-627
-634
-628
-612
-597
-552
-479
-473
-510
-473
-395
-337
-298
-266
-240
-200
-164
-151
-144
-113
-66
-44
-60
-99
-132
-134
-82
-15
38
106
171
140
48
80
251
360
333
315
335
306
306
455
616
599
475
375
294
258
322
379
279
124
96
177
202
194
610
1728
2751
2460
1223
953
2277
3511
3365
2730
2588
2330
1453
926
1387
1768
998
-277
-855
-834
-1183
-2017
-2529
-2426
-2424
-2944
-3403
-3373
-3332
-3612
-3597
-2911
-2243
-2204
-2401
-2232
-1739
-1186
-600
-16
350
432
407
511
861
1311
1510
1349
1128
1049
949
692
450
364
304
129
-168
-497
-740
-869
-914
-863
-694
-565
-650
-807
-710
-335
52
316
548
730
799
902
1189
1511
1656
1672
1690
1711
1686
1623
1508
1349
1200
1091
992
811
504
146
-110
-171
-174
-295
-542
-755
-867
-913
-871
-731
-604
-600
-650
-610
-464
-282
-115
-9
46
100
171
217
253
330
394
394
388
411
362
206
83
76
59
-40
-153
-268
-415
-539
-571
-558
-560
-566
-566
-591
-592
-513
-415
-351
-287
-202
-125
-75
-29
29
79
130
207
279
282
217
153
138
159
180
152
68
-32
-107
-144
-141
-135
-180
-252
-293
-288
-271
-254
-238
-213
-187
-152
-103
-63
-34
-2
50
115
145
131
129
167
215
231
251
284
287
269
237
208
214
265
286
230
197
235
226
118
78
191
259
195
161
201
142
-4
-31
32
15
-18
39
-22
-304
-479
-376
-295
-368
-394
-393
-564
-725
-589
-368
-304
-281
-269
-385
-449
-282
-149
-228
-230
-89
-130
-244
-51
206
124
1
164
279
130
35
34
-95
-160
3
11
-303
-528
-525
-533
-510
-365
-216
307
1503
2269
1593
803
1575
2943
3245
3108
3574
3653
2617
1893
2461
3026
2438
1445
900
495
-165
-857
-1311
-1568
-1896
-2453
-3020
-3286
-3430
-3789
-4028
-3713
-3208
-3112
-3235
-3097
-2756
-2411
-1914
-1226
-700
-493
-357
-82
336
825
1234
1410
1416
1428
1445
1397
1329
1265
1150
990
805
509
137
-120
-233
-364
-522
-574
-542
-602
-748
-767
-541
-191
90
277
411
500
568
771
1152
1471
1506
1372
1287
1257
1233
1251
1285
1219
1009
724
449
214
16
-148
-281
-391
-525
-787
-1142
-1346
-1292
-1184
-1178
-1160
-1129
-1241
-1324
-1034
-590
-482
-608
-528
-316
-297
-393
-389
-424
-702
-966
-946
-1031
-1413
-662
2582
6018
5286
848
-1238
2052
6466
7600
6565
5596
3915
1406
938
3557
5696
4164
619
-1395
-1302
-1209
-2184
-3127
-3193
-3269
-4212
-5228
-5480
-5653
-6289
-6264
-4812
-3227
-3045
-3948
-4570
-4132
-2628
-611
932
1348
935
463
464
1182
2540
3737
3742
2606
1557
1385
1558
1422
1177
1122
910
169
-821
-1459
-1524
-1443
-1687
-1943
-1588
-1061
-1365
-2124
-1930
-755
143
494
890
1100
779
811
1847
2922
3149
2957
2773
2470
2270
2481
2623
2326
1977
1710
1204
644
440
296
-93
-355
-423
-762
-1326
-1576
-1531
-1483
-1307
-1036
-1079
-1412
-1495
-1193
-760
-288
87
81
-186
-237
47
384
617
708
577
293
174
303
392
262
80
-11
-138
-319
-410
-475
-650
-769
-656
-573
-724
-920
-995
-907
-618
-317
-316
-445
-321
-128
-138
-39
330
472
262
276
573
608
391
402
560
525
472
584
627
523
660
1193
1704
1739
1295
839
888
1391
1763
1692
1392
982
444
63
157
362
105
-485
-926
-1155
-1367
-1515
-1552
-1621
-1773
-1911
-1987
-2004
-1971
-1938
-1853
-1569
-1188
-1014
-1098
-1207
-1145
-854
-420
-76
-15
-178
-328
-286
-21
334
525
388
86
-76
28
228
318
240
87
-36
-46
30
-3
-189
-283
-169
-45
-101
-291
-424
-299
50
304
442
803
1045
562
115
700
1461
1220
790
962
701
-229
-335
396
317
-691
-1288
-1380
-2101
-3399
-2527
2994
9308
8247
333
-2723
3738
9317
7367
5917
9863
10354
3010
-1605
3336
8808
6060
273
-506
1363
-587
-5344
-6921
-4261
-2598
-5019
-8115
-8385
-7867
-9399
-10661
-8354
-4663
-3925
-6036
-7668
-7029
-4546
-1609
193
769
1427
1973
1108
247
2295
5972
6776
4332
2723
3538
3823
1808
372
1840
3516
1855
-1717
-2990
-1917
-2064
-3742
-3709
-1528
-1008
-3633
-5481
-3811
-1213
-566
-754
296
1615
1288
401
1236
3694
5465
5291
4643
4544
5353
7782
9536
7010
2188
1396
4466
5251
3672
3026
762
-4065
-5283
-1463
344
-2478
-4917
-5501
-6191
-5351
-2880
-2373
-3733
-3902
-3217
-3139
-2082
-114
-369
-1721
-642
1258
950
3
484
930
569
1042
1932
1208
-152
-381
-142
-61
266
423
-529
-1662
-1573
-1251
-1556
-1604
-1387
-1726
-2362
-2408
-2147
-2481
-2708
-2484
-2426
-800
3545
7200
5878
1749
1280
5382
9546
10963
10025
8247
6723
5766
5651
6410
7458
6663
3104
28
-270
-82
-1978
-4569
-5226
-4832
-5538
-7256
-8870
-9707
-9712
-9118
-8175
-7085
-6450
-7003
-8067
-7498
-4600
-1567
-313
-254
-29
608
1299
2350
4040
5565
5816
4804
3754
3785
4326
4065
3153
2713
2793
1879
-194
-1670
-1814
-1766
-2298
-2705
-2725
-2965
-2525
-1312
-1232
-2489
-2415
126
1729
1523
1959
2413
1506
1822
4646
5958
3813
2502
3384
3050
2408
3554
3793
1387
-241
316
187
-831
-690
-997
-2764
-3281
-2588
-3012
-4073
-3696
-3157
-3795
-3714
-2631
-2677
-3258
-2480
-1205
-1003
-938
-103
240
75
681
1240
999
797
967
725
-75
-394
-536
-1738
-2951
-4387
-2867
5860
15154
12829
-1730
-8950
400
12575
14896
12180
10614
6646
-795
-2721
5095
12683
11228
2759
-3184
-2621
-971
-2857
-5395
-4573
-2236
-3935
-8147
-10305
-10533
-10747
-10309
-7546
-4095
-3491
-6674
-10688
-11413
-6173
622
3207
1620
-123
-379
-1134
-846
3328
8730
9297
4730
853
1522
3543
3212
2027
2955
4478
2479
-2315
-4628
-2964
-1603
-2464
-2811
-1324
-1615
-4936
-7237
-5246
-1025
3059
4975
2572
-2479
-3891
1499
7327
8857
7746
5598
2241
1136
4634
8288
7196
3954
2421
1510
938
1076
848
-476
-1314
-1274
-2125
-3546
-4106
-4699
-5479
-4353
-2208
-2300
-4463
-5659
-4842
-3440
-1672
-134
-361
-1876
-2338
-1195
346
1612
2314
2213
1060
340
924
1711
1797
1108
496
-361
-1336
-1809
-2028
-2944
-4179
-5350
-6556
-1749
11314
20483
8487
-13633
-14688
8957
25991
18983
7262
6740
6406
-1764
-2127
12255
22405
11979
-5617
-8618
725
3828
-3661
-8516
-3885
-100
-5812
-13432
-14087
-11105
-11049
-11416
-7775
-3560
-5375
-12086
-16215
-12089
-1916
5047
3446
-2004
-3330
-1021
16
1217
7114
13027
10236
1182
-2082
3848
8458
5366
1612
4179
7062
2085
-5657
-5738
-33
1185
-2958
-3929
-649
-1579
-7875
-8743
-247
6227
2433
-3616
-2216
1896
1758
2131
6819
8607
3728
221
3341
7042
6246
4394
3605
2808
2024
1660
1348
739
-110
-1565
-2394
-1510
-1409
-3869
-5549
-4192
-3037
-3914
-4196
-3378
-4054
-5380
-4268
-1698
-880
-1923
-2363
-1658
-686
614
992
315
349
891
751
488
1156
1130
-775
-1829
-1067
-1240
-3244
-4355
-6271
-388
18214
28925
7705
-22583
-15796
18764
31872
13224
2212
9308
7303
-7990
-5725
17329
25843
6429
-13481
-9533
4470
3490
-8726
-10740
-913
1872
-9122
-16307
-11597
-7543
-10821
-11992
-5180
78
-4229
-12970
-15919
-9514
2011
7390
2763
-3002
-2265
302
-1615
-857
8386
15118
7797
-4051
-4139
5345
7907
999
-1277
5318
7781
-1571
-9802
-5037
2957
762
-5506
-3301
2335
-1389
-10137
-9054
882
6846
4770
1385
535
-190
272
3820
8708
10858
7868
2104
194
3860
7025
5553
3496
3808
2281
-1180
-1486
460
-195
-1831
-1180
-896
-3598
-5772
-5278
-4499
-3805
-2438
-2216
-4080
-5811
-5744
-4252
-1843
192
-282
-2435
-2581
-1065
-123
762
2191
2208
-14
-917
283
769
-316
-694
-872
-1939
-3538
-4427
-6352
849
19778
26893
3290
-24360
-12620
22391
31238
11061
2910
10977
6748
-8982
-4099
19868
25638
4229
-13857
-7010
6191
2263
-10294
-9786
821
1753
-10193
-16419
-11230
-8003
-11411
-11812
-4756
-14
-4967
-14167
-16620
-8714
3210
6910
1049
-3279
-1103
400
-2729
-677
10154
15673
6272
-4874
-2741
6601
6955
-281
-210
7225
7041
-4179
-10442
-3483
3173
-947
-6041
-2149
1814
-4194
-11797
-7140
4380
6441
-823
-3738
1795
4139
1760
4045
9573
7654
1660
3363
9309
8503
3278
2551
3918
3723
3366
3164
1005
-1735
-2661
-2262
-936
291
-2034
-6529
-6981
-4098
-3235
-4030
-3230
-3176
-5817
-6392
-3022
-828
-1807
-2496
-1737
-969
-589
59
305
418
691
855
823
936
233
-1539
-2241
-1196
-1200
-2791
-3691
-1353
10614
22068
15324
-9522
-17885
6581
30027
22186
4903
5956
9701
-810
-7410
9646
24815
13475
-8637
-12423
101
4230
-5160
-10936
-4631
138
-6955
-16247
-14340
-8618
-9854
-12769
-8549
-1897
-3364
-11332
-15217
-10142
-485
6058
3960
-894
-1593
608
120
-58
6824
14260
10202
-1020
-3727
3478
7316
2174
-993
3623
5965
-1206
-9038
-6497
296
-504
-5514
-4299
380
-2344
-9777
-9384
-279
6477
5009
730
59
2444
3443
3562
6720
11372
9886
3359
1985
5850
6165
3149
4294
6584
3143
-1836
-1953
-391
-1083
-1296
-587
-1814
-4577
-6197
-6169
-5165
-3411
-2801
-4167
-5130
-4958
-5106
-4635
-2246
-307
-935
-1809
-1077
-831
-1338
-160
1774
1941
428
-561
-701
-1099
-2213
-2031
-1398
-599
-2802
1189
17277
25645
6735
-19034
-9922
22307
31856
11699
2294
10229
7377
-7172
-2652
20609
23846
1044
-15708
-7306
5130
761
-10199
-8982
-981
-3019
-13466
-16345
-9645
-8118
-13043
-12395
-4170
-630
-7039
-14507
-13328
-4587
4511
6214
827
-2341
-211
1340
-384
2775
11924
13848
2782
-5868
-335
8415
5815
-2238
-751
5803
2797
-7603
-9581
-1319
1683
-5148
-7898
-1300
1503
-6262
-11008
-2852
6383
4135
-1630
588
6458
6288
2446
4287
9032
8909
4895
4481
7148
6031
1741
1515
4901
4852
1141
-1285
-1287
-2025
-2651
-1212
-185
-2205
-5272
-6307
-4887
-3493
-3717
-4163
-3839
-3723
-4682
-4742
-2556
-982
-1685
-1968
-481
422
-673
-1311
241
971
-271
-1576
-1398
-1247
-1586
-2229
-1671
-3171
2217
18175
24630
4955
-19041
-7752
23680
30712
10884
4476
12438
6729
-8700
-1503
23216
24086
-575
-15610
-4828
5838
-1922
-12312
-7409
1170
-4232
-16278
-16849
-8560
-8880
-14970
-12585
-2765
-718
-9182
-15870
-12584
-3675
3754
5292
1983
62
217
-568
-1352
4748
14458
14232
2370
-4970
703
7448
4604
-891
1994
6205
317
-9456
-9296
-1221
99
-6338
-7221
-1344
-1095
-9085
-11601
-3635
3776
2044
2891
9801
6878
-5303
-5111
11466
18233
10030
5892
7373
163
-3775
6658
14214
6954
-1775
-1897
-2280
-2640
561
1314
-1917
-2451
-3237
-7234
-6848
-2110
-2983
-7410
-4305
-188
-4640
-8669
-4611
-939
-1945
-1433
1063
-346
-3428
-1810
1386
2142
1052
-346
-1665
-1494
-1066
-1425
-2172
-1308
10743
23992
19071
-7252
-19457
4420
30970
24849
6338
7910
11176
-2494
-11495
9337
29161
15687
-10134
-13727
226
2585
-7882
-10635
-1695
246
-10590
-18982
-13636
-7579
-11949
-15621
-8275
174
-3524
-13481
-16149
-8693
334
5422
4413
1474
417
-275
-1554
891
10668
17160
9878
-2654
-3473
4926
7103
1255
92
5764
4418
-6093
-11310
-5024
341
-4219
-8797
-4320
-409
-6116
-12787
-7579
5490
8419
268
-2319
4075
4874
-897
2787
14388
13254
1610
762
7035
5568
1942
6105
8850
2827
-1815
-500
308
30
811
-472
-2846
-3229
-4428
-7135
-6032
-2425
-3815
-6951
-4842
-2769
-5677
-6471
-2243
107
-1637
-1346
486
-631
-2037
-397
1547
997
-469
-583
-648
-456
-2257
1222
18027
29348
12592
-17386
-13196
19382
32767
13886
3837
12513
7481
-10205
-6688
20057
24981
1079
-15840
-7161
3753
-2489
-11697
-7816
39
-4461
-14801
-15624
-8578
-9196
-15166
-12856
-3257
-710
-7746
-13817
-12409
-5501
2081
6180
3045
-345
302
954
-878
2437
12775
15365
4378
-4590
725
8158
4774
-1628
1401
7011
1671
-8688
-9156
-1544
-703
-7616
-8214
-1206
-919
-9739
-12533
-1467
7564
4403
-1571
744
3739
867
1187
8660
12551
5969
1235
3137
5232
4062
4852
6627
4306
898
410
1271
623
-65
-264
-231
-1113
-3469
-5883
-5508
-3669
-4234
-5686
-4324
-3194
-6055
-7516
-4077
-525
-1238
-2091
-612
16
-1140
-1258
452
1310
385
-175
-236
425
-1027
4701
20223
26351
7415
-16030
-5598
23692
29993
10930
5448
12641
4788
-10288
-1994
21713
19846
-4417
-16247
-5121
2820
-5605
-13439
-7764
-1287
-7167
-16097
-14646
-8300
-10433
-15273
-11169
-1757
-899
-8265
-13622
-10834
-2991
4088
6312
2627
415
790
374
-61
5489
13871
12217
1178
-3874
2515
7131
2622
-1412
2453
5346
-1306
-8762
-6751
-1214
-2613
-7555
-5680
-728
-3114
-9363
-2641
8899
5022
-7637
-5871
5619
5395
1519
6898
9160
-2468
-5018
6777
11533
4148
891
3605
1133
-343
3619
5475
2536
460
-2230
-3960
-538
1597
-3956
-7962
-3170
-1061
-6020
-6940
-2611
-3754
-6948
-3713
965
-1231
-4649
-2952
-511
-477
-327
82
-509
-1311
-665
-284
3205
17969
28189
15553
-10481
-10969
16124
32767
20792
6373
9505
8170
-4054
-5575
14808
24051
4966
-15046
-11628
978
-1642
-11914
-11174
-3143
-5499
-15690
-18281
-11519
-9653
-14524
-13946
-5243
-785
-6866
-13783
-12666
-4028
3486
6193
3912
1393
1259
555
139
4241
12835
14664
5208
-3595
-657
6264
5193
61
1071
4978
580
-8434
-8673
-1538
-240
-6535
-7623
685
2915
-7071
-13410
-4867
5213
2985
-108
6260
6866
-4514
-7599
6055
14553
8101
2525
3918
1577
-2267
3012
9291
7237
1384
-999
-1344
-828
818
571
-903
-814
-1980
-5979
-6300
-2980
-3432
-6001
-3866
-1023
-4233
-7496
-4525
-975
-1538
-1860
-361
-322
-2310
-2562
-1057
1091
1597
667
-1241
4235
19893
26242
10781
-10914
-5035
20544
31226
17611
7972
10917
5626
-6141
-1898
19124
21621
-758
-17272
-10035
1061
-3258
-11933
-9980
-4671
-9089
-17116
-16739
-9873
-9914
-15077
-13920
-5123
-1065
-6940
-13149
-11342
-2837
4004
6017
3814
2206
1787
210
257
6380
14787
13039
1401
-4738
1235
6840
3250
-1154
1675
3738
-2878
-9641
-6483
-406
-2420
-7990
-6030
-514
-2629
-9938
-5567
10407
12239
-2839
-9884
2040
8619
3475
4993
12090
4874
-7707
-1615
10186
9120
1879
1719
1330
-1607
600
4026
2284
-169
-730
-3243
-3802
-1001
-1849
-6477
-5432
-1470
-3846
-7215
-4429
-2808
-5835
-4424
605
562
-4053
-3918
-400
-481
-1114
-437
428
-585
-439
-922
5449
21755
27621
8637
-13854
-2403
25508
31024
14064
8359
13274
5435
-6526
1116
20835
18686
-3148
-15353
-6558
1602
-5100
-13665
-10302
-4595
-9409
-17189
-16041
-10174
-12104
-15953
-12269
-3959
-2406
-8292
-12703
-10578
-2682
4461
6505
3287
1792
2428
1329
760
6410
14371
12098
849
-4198
1959
6524
2011
-2561
826
3732
-1841
-8626
-6857
-1512
-2588
-6497
-5228
-982
-2818
-7496
-5858
281
2830
1717
2158
2883
1094
53
3157
7147
7937
5984
3562
2280
2946
4107
4864
4920
3690
799
-1126
-239
551
-707
-1895
-1868
-2769
-4307
-4345
-3840
-4625
-5361
-4505
-3557
-4032
-4381
-3863
-3105
-2910
-2582
-2289
-1857
-1833
-1618
-1402
-370
-136
5940
21343
27001
9281
-12575
-2970
24421
31780
15376
8342
13914
6547
-6461
753
22087
20338
-3139
-15069
-5588
1342
-6859
-13869
-8466
-3145
-9717
-18000
-16476
-10458
-12631
-16712
-11889
-2384
-1510
-9468
-13660
-9775
-1709
4111
6458
4934
2776
1926
953
1743
7234
14170
12381
2421
-2830
1573
4889
1081
-1724
1681
2834
-4346
-10533
-8119
-3343
-5279
-8293
-5731
-1608
-4814
-7443
-603
2864
-452
-689
7463
7131
-697
690
8428
7479
2470
6921
8521
2212
-597
4493
6095
2784
2301
1842
-564
74
1055
-2186
-3140
-574
-1912
-6480
-4971
-1783
-4685
-7414
-4106
-1850
-4527
-4893
-2520
-1945
-2871
-1857
-200
-899
-1254
-1460
-1889
-1610
-35
109
2030
15574
25831
15057
-9469
-10280
16079
32533
21531
7932
10946
8896
-3449
-4349
15567
24743
5900
-14242
-11264
908
-1538
-11846
-11326
-3331
-5636
-15427
-18113
-11490
-9754
-14727
-14296
-5878
-240
-5625
-12860
-12810
-4602
3714
6545
4511
2286
2714
1697
164
3878
12647
14785
5379
-3309
-725
5040
2872
-2260
-537
3562
-942
-8641
-8108
-2809
-4170
-9248
-6126
140
-1876
-9232
-8128
47
2949
902
969
3328
2013
862
3837
7106
6307
4145
4546
5520
5104
3826
3260
3400
3339
2118
1310
1503
537
-2514
-3479
-965
-376
-3519
-5234
-3672
-3643
-5469
-5017
-2785
-2502
-3687
-3355
-2184
-2359
-2743
-2364
-968
-757
-1166
-1912
-1258
-701
6834
21474
24328
5362
-14346
-1205
26056
30551
13196
8120
13507
4445
-7484
3183
24315
18387
-6159
-14658
-2698
2141
-7884
-13780
-7125
-3281
-10897
-17397
-14425
-9714
-13702
-16712
-10353
-1506
-2346
-10170
-13030
-9078
-1743
3860
6366
4556
2175
1725
1412
2357
7563
13544
11073
2002
-1485
3232
4768
-240
-2457
2026
3096
-4312
-9938
-7523
-4287
-7114
-8843
-4346
-1058
-5995
-9937
504
9180
3098
-6175
-983
7554
4748
3137
8535
7959
-2427
-2324
7436
9723
3549
1006
1962
578
786
3408
3440
874
-973
-3460
-3329
-397
-543
-5414
-6350
-2119
-2285
-5756
-5214
-2328
-4015
-4887
-948
1643
-1526
-4207
-2465
-133
4
-361
-755
-1196
-1188
6329
21661
25588
6797
-14418
-3467
24774
31499
14393
6957
11776
3974
-7371
2408
22976
18390
-5614
-14849
-3911
2011
-6464
-12965
-8264
-3923
-9739
-15944
-14153
-10090
-13403
-16445
-10111
-1176
-1534
-9450
-12742
-9200
-1935
4236
6946
5036
2148
1536
1357
2306
7222
12957
10469
1423
-2154
2873
5044
-134
-3376
1162
4014
-2094
-8615
-7937
-4762
-5815
-5750
-1843
-995
-6176
-8846
-4425
226
1171
1415
2140
1053
151
2035
4557
4996
4600
4553
4435
4071
3548
3172
3077
3387
2857
1780
1080
120
-1745
-2556
-1161
-824
-2590
-3826
-3387
-3530
-4741
-4406
-2444
-1730
-2567
-2932
-2365
-2411
-2815
-1982
-702
334
-815
-1885
-2712
4235
20022
25754
9556
-12005
-4841
20777
30085
16813
9123
13106
6551
-5637
3
20017
20468
-1131
-13665
-4899
2572
-5150
-13801
-10151
-3945
-8128
-15043
-15076
-10946
-13544
-17635
-12857
-2926
-251
-8091
-14034
-11555
-3213
3514
5807
4743
2963
1978
884
1776
7358
13706
11586
2794
-1245
3552
6062
1023
-2112
1803
3862
-2292
-7559
-6072
-4234
-6910
-7062
-2521
-1558
-6213
-8702
-5471
-1776
-602
-63
504
303
553
1752
3260
4688
5495
4930
4097
4808
5292
4288
3282
3447
3365
2477
1932
674
-1376
-2575
-2109
-1717
-2279
-2850
-3833
-5485
-6011
-4333
-2376
-2090
-3076
-3573
-3547
-3286
-2397
-1291
121
-569
-1778
-1892
5549
20610
25168
9722
-10390
-3715
21408
31113
18009
8298
11641
7082
-3810
420
18457
19400
-1226
-14082
-5843
2435
-4821
-14137
-11114
-4074
-7516
-15057
-15594
-10987
-12537
-17010
-12656
-2719
100
-7881
-13636
-10398
-2526
3078
4911
4861
3662
2136
695
1578
6383
12120
11313
4231
-396
2140
4692
1259
-2256
-213
2895
-1033
-6401
-5949
-2724
-3741
-7258
-6308
-3408
-2846
-4373
-3919
-2923
-2795
-2454
-901
1330
2506
2379
1168
1356
3427
5784
5795
4760
4092
3524
3262
3132
3386
2639
1660
860
-355
-2008
-2682
-1937
-1920
-2938
-3808
-3934
-4775
-5523
-4448
-2187
-1490
-2971
-3938
-3523
-2166
-1583
-828
-510
-652
-1205
5881
21722
26719
8753
-12434
-3007
24180
31977
15965
6835
11821
7061
-4539
423
19232
19008
-3063
-15180
-5271
3499
-4924
-15157
-12056
-4104
-6733
-14360
-15126
-10836
-12664
-17592
-12743
-1278
1947
-7697
-14960
-10808
-1559
3960
5145
5019
3379
1228
266
2477
7309
11477
9863
3101
-642
2685
5657
1762
-2494
-418
2985
-6
-4949
-5418
-4572
-6595
-7469
-3348
-176
-2307
-6274
-7349
-5526
-2126
1519
2204
267
-655
179
643
1878
5271
7113
4766
2523
3785
4978
3676
2335
2882
3414
2964
1847
-376
-2612
-2969
-1618
-942
-1256
-2134
-4203
-6621
-6340
-3107
-823
-1948
-4102
-4778
-4014
-2900
-1846
-859
-1222
-2176
-2027
7296
22306
24301
4649
-12933
-490
25656
30897
13404
4541
10164
7901
-1773
2489
18479
16961
-3861
-14475
-3480
5911
-3281
-15933
-13561
-3400
-3814
-12871
-16157
-11496
-11456
-16324
-12924
-1258
2374
-8504
-16594
-10378
830
4374
2561
2870
3710
1987
171
2575
7600
10259
7807
3175
1794
4343
5115
1186
-1802
446
3373
765
-4350
-6127
-5121
-5050
-5024
-2587
-830
-3334
-7359
-7372
-3481
-4
542
-535
-944
-264
606
949
1698
3349
4602
4300
3613
3808
3874
2880
2145
3088
4216
3661
1540
-604
-1786
-1750
-705
-139
-956
-2805
-4154
-4509
-4235
-3434
-2465
-2139
-2887
-3754
-3939
-3247
-2431
-1581
-1392
-1772
-2309
2884
15526
22470
10495
-9406
-7465
17267
32314
19648
3570
6077
11700
5044
-292
10051
18532
6775
-10020
-8503
4320
3846
-11147
-18469
-8454
1048
-4621
-15970
-17123
-11614
-12069
-14500
-8331
858
-2547
-14531
-16413
-4928
4345
2701
-754
1099
3768
2623
1383
4029
7660
7629
4823
3964
5940
6439
2372
-2158
-1578
2817
4602
1052
-4095
-6897
-6602
-5061
-3584
-2779
-2349
-731
-340
-3024
-5965
-4649
-510
2037
3274
3632
1097
-3371
-2958
2876
6218
4658
3235
3622
2326
385
1618
4174
3910
2355
2389
1927
-679
-3212
-3131
-1510
-132
61
-1760
-4909
-6323
-4717
-2414
-1396
-1382
-1706
-2476
-2971
-2125
-1132
-1129
-1459
-942
-617
151
6758
16667
17039
1915
-10558
-901
20848
26873
12020
-156
3265
9754
7313
3193
6270
9571
4441
-3329
-3119
2471
1346
-8382
-14070
-7793
1234
11
-9825
-15842
-14010
-10324
-8285
-5586
-3408
-6116
-11091
-10955
-5303
-1120
-1642
-2583
-730
1744
2225
1566
1412
1502
1440
2386
5073
7316
5838
908
-2509
-1022
2859
4528
2914
221
-1974
-3088
-2895
-1706
-1351
-1507
-105
1713
626
-2944
-4537
-2888
-336
1822
3233
1813
-1937
-2976
267
2916
2258
1445
2451
2849
2154
1991
2041
953
283
1617
2742
1807
229
-496
-1519
-2685
-1291
1478
1442
-578
-2112
-2268
-366
944
316
370
526
214
734
1483
956
60
191
838
1156
1268
1160
179
-655
717
3973
5559
3064
-1134
-2139
1102
4550
4460
1718
-277
33
1292
1522
572
-604
-919
-537
1
465
446
-545
-1815
-1815
-711
-51
-596
-1266
-1132
-807
-1250
-1839
-1440
-622
-839
-1751
-1870
-1225
-1132
-2024
-2643
-2166
-1504
-1869
-2852
-3127
-2562
-2149
-2242
-2395
-2265
-2201
-2458
-2550
-2074
-1219
-922
-1269
-1367
-870
-380
-426
-420
275
1079
1224
1102
1456
2064
2304
2227
2242
2477
2661
2793
2908
2951
2845
2548
2087
1779
1962
2415
2452
1712
860
760
1242
1268
637
72
156
369
72
-320
-338
-57
-195
-681
-548
242
534
-416
-1391
-1068
80
512
-100
-569
-533
-614
-865
-591
118
105
-759
-1327
-963
-462
-686
-1146
-1112
-882
-1019
-1209
-1019
-917
-1149
-1208
-765
-350
-453
-620
-253
212
321
558
1167
1589
1447
1308
1593
2079
2223
2092
2124
2305
2273
1916
1779
1971
1856
1070
283
130
376
317
-299
-988
-1392
-1543
-1763
-2077
-2287
-2372
-2349
-2225
-2151
-2306
-2608
-2601
-2150
-1706
-1533
-1466
-1244
-1047
-1011
-824
-322
-19
-373
-797
-559
149
390
-27
-320
-286
-374
-595
-413
93
192
-238
-390
100
525
427
191
365
886
1337
1572
1704
1818
1780
1633
1826
2475
2854
2514
2018
2027
2358
2324
1845
1478
1472
1432
1091
769
715
594
48
-582
-671
-382
-600
-1336
-1668
-1423
-1355
-1725
-1914
-1632
-1348
-1564
-1859
-1724
-1374
-1165
-1096
-1020
-960
-930
-779
-352
72
154
-147
-416
-229
425
946
807
214
-141
163
658
994
1036
827
453
210
372
761
966
748
558
600
650
496
418
643
744
453
256
670
1020
619
-104
-172
391
740
583
218
99
118
16
-90
48
99
-378
-973
-889
-336
-511
-1507
-1958
-1416
-1112
-1631
-2056
-1869
-1833
-2328
-2595
-2129
-1566
-1627
-1928
-1738
-1170
-954
-1153
-1044
-315
384
449
327
658
1284
1609
1584
1741
2166
2363
2128
1982
2191
2428
2373
2045
1756
1549
1284
977
899
958
734
212
-152
-149
-162
-289
-264
-48
-87
-476
-665
-429
-213
-307
-290
19
186
-60
-304
-147
111
79
-87
-62
1
-221
-575
-634
-401
-328
-555
-730
-622
-542
-832
-1183
-1084
-728
-698
-953
-980
-724
-539
-501
-443
-349
-231
-15
314
558
604
546
531
658
906
1188
1366
1391
1291
1182
1199
1326
1396
1313
1211
1152
1024
750
473
290
140
21
-16
-86
-361
-752
-1065
-1258
-1359
-1301
-1165
-1206
-1479
-1702
-1635
-1368
-1143
-1149
-1341
-1401
-1061
-647
-642
-871
-760
-301
-74
-183
-165
156
279
-31
-262
47
467
318
-184
-344
-59
53
-210
-340
-50
196
6
-218
31
517
636
450
493
834
1020
947
1055
1445
1632
1369
1122
1326
1712
1818
1596
1335
1215
1146
1032
941
901
738
417
151
6
-186
-415
-524
-603
-819
-1037
-1070
-1090
-1290
-1431
-1250
-1000
-1017
-1105
-959
-748
-757
-793
-559
-213
-82
-123
-36
183
273
201
277
543
606
375
333
663
787
383
38
275
648
491
30
-48
201
127
-344
-524
-139
138
-198
-636
-539
-199
-221
-446
-354
-68
-80
-328
-337
-78
42
-62
-72
83
120
-70
-226
-123
74
92
-71
-205
-258
-377
-605
-738
-622
-479
-606
-909
-1015
-844
-686
-693
-696
-586
-490
-447
-335
-129
-13
-30
51
381
707
711
510
509
795
1053
1134
1197
1267
1171
983
997
1182
1180
938
795
872
896
711
488
334
193
98
177
304
179
-149
-318
-226
-110
-66
-16
-27
-215
-371
-217
57
24
-299
-436
-183
106
86
-91
-136
-140
-288
-352
-58
257
69
-443
-611
-351
-190
-347
-492
-443
-424
-577
-742
-744
-638
-534
-458
-423
-463
-547
-545
-422
-280
-190
-86
66
113
-10
-70
129
385
426
333
375
529
516
330
255
366
385
197
79
182
212
-44
-299
-242
-71
-131
-353
-440
-380
-386
-500
-540
-416
-280
-281
-346
-314
-194
-132
-137
-76
62
150
162
187
270
365
406
410
449
517
492
344
257
346
463
447
369
295
163
27
84
307
399
254
86
43
64
140
301
391
250
70
161
408
462
319
253
307
308
315
497
642
412
16
-9
345
500
199
-136
-143
-52
-175
-345
-277
-163
-404
-830
-859
-495
-427
-849
-1105
-814
-539
-747
-997
-798
-471
-510
-709
-600
-277
-181
-361
-397
-124
111
28
-101
63
324
316
147
142
252
235
140
171
268
257
150
104
140
156
114
100
148
167
95
10
20
95
144
165
211
249
188
38
-42
46
195
229
143
59
37
28
6
14
43
33
-13
-42
-54
-96
-141
-120
-38
13
-5
-62
-114
-105
18
182
212
73
-36
76
300
385
289
220
273
333
328
353
448
477
392
329
379
438
382
304
345
445
406
218
92
101
75
-60
-131
-62
-58
-275
-519
-562
-468
-433
-457
-467
-539
-718
-785
-579
-341
-378
-576
-617
-488
-399
-371
-285
-209
-268
-364
-328
-208
-175
-214
-187
-80
-19
-93
-216
-240
-148
-65
-37
17
79
24
-102
-117
33
193
273
314
316
258
212
280
425
553
602
555
462
431
493
531
480
436
477
490
391
260
207
189
161
147
153
100
-26
-136
-167
-171
-190
-216
-230
-251
-270
-261
-250
-272
-309
-306
-262
-212
-153
-82
-46
-81
-115
-55
77
168
200
221
253
250
207
204
277
354
333
257
237
228
116
-21
24
183
156
-106
-269
-166
-63
-193
-356
-299
-172
-234
-400
-393
-227
-172
-278
-319
-191
-86
-160
-243
-133
73
98
-62
-142
-51
18
-47
-94
-33
-15
-129
-229
-209
-181
-240
-295
-262
-226
-254
-277
-243
-215
-228
-208
-90
39
58
-3
-10
109
264
334
304
270
310
399
457
465
444
408
386
400
456
461
358
213
172
256
323
294
208
122
49
4
22
70
70
31
27
45
0
-112
-155
-76
-8
-48
-95
-24
44
-62
-236
-234
-66
24
-40
-109
-98
-104
-172
-203
-134
-38
-18
-89
-184
-218
-165
-92
-76
-111
-153
-190
-223
-223
-166
-127
-173
-268
-290
-188
-87
-97
-162
-162
-99
-54
-18
72
160
146
89
120
242
295
229
193
261
321
254
132
91
125
126
70
17
-26
-90
-166
-210
-201
-162
-143
-181
-261
-295
-232
-125
-66
-88
-142
-168
-124
-27
38
35
11
29
60
61
68
136
190
157
83
85
151
171
131
125
166
178
156
168
217
215
154
135
210
288
257
151
104
162
243
249
211
178
132
57
29
89
140
74
-46
-73
-16
-3
-71
-131
-150
-186
-218
-173
-123
-202
-353
-362
-219
-152
-251
-336
-286
-246
-303
-328
-235
-181
-296
-395
-264
-55
-47
-203
-241
-107
-21
-65
-63
74
164
97
38
128
236
213
166
233
318
248
101
89
211
269
172
45
16
43
41
12
1
6
-15
-47
-52
-35
-22
-8
22
45
39
26
41
82
129
160
155
90
6
-12
38
86
88
53
-4
-87
-147
-140
-93
-93
-139
-147
-99
-73
-100
-116
-49
52
91
51
12
43
106
132
124
161
235
239
152
99
156
205
138
50
88
172
128
-4
-40
34
51
-47
-124
-93
-49
-82
-134
-128
-131
-193
-234
-178
-110
-138
-216
-238
-225
-237
-234
-172
-127
-168
-226
-193
-115
-94
-102
-55
11
13
-3
53
129
108
38
77
208
250
145
40
46
94
121
137
130
38
-92
-110
9
100
50
-50
-82
-48
-8
26
60
71
50
46
98
162
168
133
116
142
196
231
211
134
61
48
86
105
70
20
-23
-72
-115
-127
-106
-91
-115
-156
-182
-174
-144
-119
-107
-106
-93
-79
-44
8
44
31
-12
-3
81
156
138
73
43
67
79
71
78
94
60
-19
-53
-18
12
-30
-80
-61
-22
-50
-125
-139
-83
-45
-71
-97
-78
-63
-91
-115
-91
-48
-42
-61
-65
-54
-58
-76
-69
-30
6
9
-2
1
19
33
37
59
105
127
97
59
73
114
100
40
30
94
120
32
-64
-55
10
16
-26
-27
6
-7
-56
-53
12
60
61
60
92
114
103
91
117
171
207
195
153
110
88
86
100
90
45
-19
-70
-88
-94
-110
-131
-140
-144
-146
-151
-159
-173
-171
-123
-66
-61
-90
-91
-53
-29
-34
-17
29
37
-10
-27
17
45
6
-23
18
56
13
-54
-50
-3
1
-25
-18
-6
-50
-113
-95
-20
5
-53
-106
-91
-59
-53
-48
-25
-21
-38
-34
13
63
58
25
32
94
155
165
144
122
131
163
186
176
144
115
104
114
118
95
36
-20
-28
-4
-4
-44
-89
-121
-139
-133
-96
-70
-105
-162
-162
-102
-63
-68
-67
-30
-8
-5
7
44
69
62
61
91
121
115
88
72
72
78
88
85
54
3
-21
3
37
40
14
-10
-29
-53
-59
-27
8
7
-26
-42
-42
-53
-61
-41
-7
-17
-63
-92
-71
-37
-32
-43
-38
-27
-44
-70
-70
-47
-37
-37
-18
6
-10
-59
-80
-53
-25
-22
-25
-19
-25
-52
-52
-21
0
-13
-27
-6
29
32
7
8
42
76
89
97
109
99
79
86
131
175
170
132
104
115
124
115
97
81
76
62
44
27
-5
-43
-64
-53
-34
-49
-92
-115
-110
-99
-92
-91
-86
-90
-102
-94
-66
-49
-61
-68
-47
-19
-13
-28
-25
-4
12
9
9
22
28
22
15
20
36
45
32
13
3
10
23
25
18
9
10
8
9
8
6
12
7
2
7
22
15
-10
-21
-2
21
11
-16
-27
-20
-19
-22
-20
-22
-26
-27
-19
-18
-35
-42
-32
-16
-9
-12
-17
-22
-38
-36
-10
15
9
-15
-15
4
13
14
24
37
40
37
37
49
55
52
54
64
72
62
52
46
47
56
54
45
29
27
29
