SAMPLES:	7174
BITSPERSAMPLE:	16
CHANNELS:	1
SAMPLERATE:	16000
NORMALIZED:	FALSE
1
-1
-1
6
5
4
4
4
8
15
12
9
13
16
15
7
11
12
6
7
11
6
8
8
6
5
4
7
-5
-2
-1
-5
-3
-8
-8
-4
-6
-3
-3
-5
-10
-11
-14
-13
-5
-5
-4
-10
-16
-14
-10
-16
-10
-2
-9
-18
-12
-8
0
3
-2
6
9
5
4
-7
-1
5
-4
0
-1
-1
12
9
10
9
9
6
-10
-4
0
-15
-14
-9
1
10
7
-7
11
-11
-17
-16
-7
-19
-13
-29
-12
15
-7
-14
28
29
24
-16
41
-56
144
473
-14
-103
46
-115
-131
-85
-51
-31
-66
17
-31
10
-6
-51
-56
24
36
-42
-10
75
-39
-50
43
23
-43
-4
32
8
38
53
29
-25
44
31
5
31
-9
-4
65
-60
42
25
-37
-6
27
-6
-15
-4
17
-32
-67
38
44
-27
-11
11
-54
8
53
-44
-19
70
-60
29
34
-111
36
-3
-65
110
32
-70
27
32
-53
-8
31
-4
0
-92
-17
65
-28
58
-21
-81
130
-46
-161
7
39
119
-35
-182
133
145
-197
-71
113
9
23
-31
26
77
-84
-81
42
37
31
-42
39
9
-25
13
-88
-7
105
-23
-152
100
189
-101
-34
48
-97
82
34
-22
50
35
-49
0
46
-72
-83
101
65
-54
-12
169
26
-212
6
84
-90
42
220
181
-99
-358
-1
123
-140
20
-9
-152
91
-3
-106
6
-22
21
42
56
42
6
64
-48
34
19
-77
50
-78
-10
98
-114
33
122
47
26
-2
-68
13
103
-72
-90
97
-4
-38
-45
52
-56
-268
40
179
-23
39
4
-25
80
107
-115
-106
120
108
-54
-74
-45
-32
29
23
22
-71
-105
57
-10
-102
171
97
-33
105
14
78
255
-187
-304
144
203
-180
6
252
-260
-272
161
39
-6
73
290
36
-218
6
-50
-149
-195
-112
348
94
-370
-96
187
216
31
-167
18
65
-471
-424
187
129
-141
185
462
-13
-356
60
123
-16
168
-278
-332
37
-33
14
-258
-39
451
319
290
-92
-213
176
-74
721
533
-685
371
404
-788
16
484
-346
-328
-65
-404
-348
356
311
-293
249
420
-215
-175
448
-255
-809
79
-300
-577
1021
444
-693
232
533
-415
-535
650
-308
-836
869
893
-67
144
429
-170
-604
139
-128
-60
51
644
3401
1085
-443
1916
435
-1657
-1368
-967
-1238
-2192
-827
133
-626
-1375
-292
431
-1478
-60
646
-729
-215
-435
357
732
-205
2
-399
65
-239
-648
856
2
549
1386
654
387
260
1036
1017
-487
1120
804
-812
-361
-207
-310
-564
-508
-474
227
1167
644
-68
336
517
280
-1219
244
655
-812
-421
433
519
98
-1080
-1048
-356
1122
681
-892
357
823
-161
-427
250
509
36
296
434
29
256
-649
-98
1333
697
-71
-119
-258
-521
-617
-704
-488
-508
-1099
-901
548
631
4
263
420
246
210
153
320
53
-485
-390
-412
-501
-180
-272
-1251
-865
-171
-76
577
426
-481
-247
64
-342
-595
-94
372
270
468
903
762
-212
-308
551
651
-260
-29
919
1149
558
104
452
732
403
138
-297
-22
392
-17
-72
-187
-980
-967
310
291
-534
546
772
-959
219
1577
-375
-259
1632
466
-697
267
74
-1620
-1731
-648
-966
-1229
-562
-122
168
505
397
168
247
431
242
182
92
-416
-446
150
482
54
-133
295
214
4
306
307
290
592
264
-169
43
279
122
1
66
-24
-12
370
245
14
-405
-314
659
792
431
478
823
725
88
371
284
-229
-68
-773
-954
191
291
-175
325
743
80
133
270
-299
-375
-775
-340
256
-388
112
240
-415
-216
-890
-1443
-1074
-1196
-1530
-1840
-1741
-1261
-1381
-1864
-1737
-1685
-2247
-1905
-1529
-2149
-2128
-1450
-1394
-1780
-1228
-305
-1073
-1536
-140
47
-798
-150
282
134
415
232
401
1066
1117
819
1486
2756
1984
1345
2465
2699
2732
2806
3091
4191
4480
4087
3825
4189
4206
3552
3713
3103
2738
3358
2293
1001
945
696
-516
-63
1932
778
-112
661
-350
-21
1042
24
-1071
-1410
-2158
-3437
-4061
-4541
-4871
-4587
-4359
-3177
-1934
-1464
-317
1042
2058
2890
3690
4400
4574
4642
4374
3833
3979
4109
3839
3870
3507
2365
1909
2412
2254
1459
1216
1189
842
138
-884
-1793
-2846
-3913
-4476
-5342
-6278
-6705
-7499
-7972
-6979
-5737
-5302
-4710
-3634
-3419
-3627
-3328
-3438
-3929
-4356
-4846
-5804
-7019
-7171
-7392
-8324
-8326
-8032
-8280
-8596
-8381
-7770
-7320
-6501
-5404
-3530
-1076
113
1357
3230
2947
505
-563
-42
-412
1365
4589
2629
-1418
-2747
-2056
1212
5327
7646
9649
11397
10616
10755
14847
17080
15360
14848
17301
21285
23205
20595
17018
14850
12339
10291
10844
11954
11217
10464
10800
9918
6403
1801
-1517
-3584
-5590
-6920
-6912
-6442
-6155
-5736
-5502
-6164
-7050
-7738
-8841
-9818
-9719
-9154
-9154
-9497
-9474
-8921
-8422
-8305
-8077
-7676
-7672
-8188
-8790
-9110
-9544
-10291
-10460
-9431
-8284
-7829
-6960
-5695
-5520
-6116
-6253
-6021
-5557
-4517
-3527
-3020
-2059
-925
-1071
-2149
-2228
-919
-71
-138
427
1923
3291
4530
6214
7607
8096
8062
7772
7948
9035
10023
10383
10996
11805
11113
8854
7218
6738
6071
5145
4815
4600
3686
2629
1741
651
-115
-115
-61
-20
610
959
-113
-1524
-2108
-2584
-3249
-3366
-3144
-3184
-3002
-2347
-1887
-1835
-1743
-1716
-2104
-2497
-2477
-2587
-3171
-3540
-3557
-3630
-3707
-3821
-4011
-3647
-2539
-1701
-1597
-1322
-586
-81
-125
-535
-896
-1041
-1143
-1364
-1512
-1212
-708
-671
-1102
-1193
-591
2
386
1057
1904
2417
2417
2081
1646
1276
969
669
585
861
1198
1412
1742
2399
3084
3570
4125
4817
5350
5694
5846
5629
5366
5352
5065
4285
3784
3649
3042
2021
1298
655
-270
-1002
-1538
-2313
-2926
-3213
-3748
-4329
-4581
-5061
-5547
-5067
-4431
-4703
-4708
-3684
-3137
-3662
-3933
-3580
-3201
-2795
-2444
-2300
-1691
-553
-80
-291
64
538
-190
-1365
-1601
-1374
-1613
-1869
-1897
-2148
-2430
-2577
-3163
-4112
-4628
-5349
-7451
-9521
-8488
-3776
1823
5886
10346
18924
28905
32471
28659
25200
23773
16815
3674
-6583
-10966
-15810
-22837
-25926
-22301
-16377
-12244
-9097
-4404
1469
4840
4129
2844
3674
3737
785
-1664
-557
1870
2509
2241
4576
9361
10535
5581
1288
1297
-615
-6741
-10360
-9285
-8167
-8143
-6982
-4341
-861
1715
939
-822
737
2834
1010
-994
1071
3352
2388
1251
2108
2730
1668
-436
-2386
-2829
-2228
-2868
-4232
-3328
-901
-267
-823
309
2278
2439
1091
331
527
445
-656
-1850
-1804
-1096
-1321
-2479
-3038
-2970
-3518
-5645
-8589
-11453
-13333
-8684
6835
23359
27425
22507
23149
31061
30652
17233
5215
1358
-5328
-19851
-29801
-26534
-18258
-15900
-16740
-11195
383
7330
5516
3404
5878
6213
-90
-5412
-3167
1753
2728
2239
5838
11488
12993
9160
4234
32
-5481
-12832
-18962
-21338
-20861
-19216
-16340
-10872
-3164
4361
9259
11388
12394
13312
13358
11289
7884
4793
2565
634
-776
-1681
-2968
-5038
-7556
-9809
-10821
-9715
-7587
-5547
-2750
1580
5865
8711
10548
11215
9835
6443
2437
-1314
-4249
-6328
-7891
-8387
-7020
-4343
-1815
505
2966
4899
5469
5273
4872
4044
2493
330
-1508
-2741
-3428
-3944
-4443
-4574
-4208
-3672
-3568
-3710
-4274
-6535
-6758
4522
23262
30760
22447
17332
26669
31936
18118
273
-3471
-2644
-14136
-29666
-30499
-17821
-9958
-13538
-14404
-2546
9706
8434
1071
2705
9756
7688
-1048
-2856
4232
8868
5730
2963
6097
9560
5877
-2639
-8311
-10405
-13875
-18730
-20747
-18467
-14395
-10355
-5221
906
7033
11773
13810
12955
10158
8013
7385
5606
2208
205
148
-942
-3432
-3652
-3229
-5888
-9293
-10034
-8818
-7054
-3764
-56
2551
5686
9037
9205
7384
6485
4352
-786
-5234
-5997
-6160
-6694
-5526
-3102
-813
1585
3982
5046
5322
5405
4074
1363
-63
-742
-2515
-4373
-4795
-4198
-4077
-3530
-2653
-2066
-1829
-1834
-2255
-3625
-5675
-1893
13827
29569
29185
18046
19146
30975
27654
5983
-9147
-6975
-7711
-21583
-32310
-25131
-9852
-5661
-11051
-8015
7088
15863
8704
225
4464
10996
5731
-3553
-2681
6608
9752
3767
71
3867
6799
342
-10153
-14958
-14523
-15474
-18295
-18017
-12529
-5244
278
4466
8567
13287
16060
14118
8769
3982
2476
1482
-2138
-6101
-5672
-1766
-640
-3102
-1658
3378
2301
-4397
-6226
-1806
-821
-3282
-2210
1131
3019
3607
2946
1254
1307
1200
-3480
-7728
-4727
-715
-2084
-2524
2032
5496
4598
3716
3873
3005
1495
-1102
-4273
-4999
-3135
-3510
-5700
-4060
-460
65
-1163
-366
877
-394
-2564
-4724
-7136
-7008
6276
23902
30088
19837
15350
25431
27777
14233
-9125
-12195
-5478
-14293
-29931
-29704
-11376
1679
-4399
-10115
2999
19347
15599
-349
-2901
8655
10282
-2139
-8455
2321
13993
9014
-2137
-1943
6318
3977
-10682
-20305
-17302
-12903
-15133
-17190
-11023
405
7313
8130
9064
13729
17218
13012
4387
-1260
-1679
-1614
-4860
-8239
-6987
-1892
415
-2824
-4879
230
4648
-175
-5720
-1701
4869
2845
-1126
1624
5221
3174
-1428
-3523
-3054
-2098
-4051
-7727
-5941
1260
3831
931
2620
8182
8210
3019
852
1336
-182
-3420
-6287
-6722
-4475
-2828
-4220
-4112
339
3023
772
-748
1262
1434
-1627
-4850
-5924
-6545
674
17521
28590
23622
13285
18008
23977
16551
-5554
-18186
-11216
-11048
-24539
-31041
-16669
3610
4327
-6407
-1448
16641
19833
3130
-7357
2416
11761
3003
-8230
-2211
13968
14750
-17
-7367
-156
2792
-10300
-23523
-21688
-12712
-10841
-13148
-8094
4983
14054
12658
9218
11372
15016
10770
653
-5349
-4603
-2810
-4689
-7174
-5548
-819
1033
-2711
-6464
-4695
-1133
-2542
-4454
2683
12882
12617
6197
6603
9796
4035
-6361
-11092
-11103
-10714
-10635
-9827
-5588
2667
7620
5586
5557
10704
10604
3472
7
1390
-74
-4573
-6796
-6375
-4860
-3880
-5228
-5459
-928
3075
1459
-60
2480
3275
-368
-3284
-3211
-4257
-6496
-7127
5187
24708
32431
19501
9917
19396
22938
6330
-18412
-19122
-8291
-13601
-27647
-25480
-3686
11509
4066
-5862
4745
19709
11845
-7626
-9134
6685
10682
-1688
-6938
5930
18836
10935
-5597
-8608
-928
-4019
-19296
-25728
-16420
-6925
-7236
-7522
1684
14453
17406
10524
5840
8286
9718
2485
-6396
-7651
-3468
-1774
-4246
-5135
-1614
2196
217
-5543
-6410
-1623
200
-3196
-2984
4253
10130
8198
4919
6212
7191
2224
-5822
-9036
-7382
-6752
-8759
-8362
-2633
3048
3990
3184
5576
8523
6956
2485
600
1332
274
-3285
-5654
-4630
-3378
-4378
-5471
-3657
-336
901
360
1076
2769
2363
-294
-2511
-2941
-4156
-6833
-7497
5674
25712
31467
18101
8804
18510
22123
4438
-19081
-20419
-8858
-11683
-25131
-23760
-1692
13425
4564
-6863
3064
17650
9804
-9229
-10197
7342
13735
1503
-5542
6737
19860
10136
-9302
-13053
-4625
-7014
-21220
-25198
-12767
-1326
-2228
-4289
4708
17653
17969
6722
593
4625
7018
-145
-7380
-5493
332
812
-3592
-4541
-581
942
-4335
-9334
-5646
1190
1609
-696
3254
10701
11258
5260
1751
2099
569
-5363
-10566
-9991
-6260
-5018
-5630
-2635
3520
6038
4018
3757
6665
7755
4435
620
-418
-552
-2792
-6356
-7314
-5372
-4495
-5416
-4406
-372
2605
2185
854
1206
1700
-167
-3488
-5682
-5760
-4601
7446
26624
32767
21006
8530
15171
19199
1570
-21659
-24387
-11281
-10320
-21445
-20447
1095
16188
6079
-7622
951
15618
7756
-11544
-11655
9168
18698
5928
-3751
7231
20027
7817
-14665
-18595
-8372
-9333
-22369
-23396
-6733
6912
3762
-2175
5272
18098
16040
1155
-5322
1565
6077
-581
-5929
-961
5415
2395
-6277
-8338
-3304
-1808
-7344
-10149
-3711
4458
5995
4315
6783
11234
9907
2667
-2555
-1978
-1594
-6100
-10036
-7687
-3214
-3175
-5366
-3728
1279
4197
3544
3507
6732
9520
7435
2806
328
-807
-4114
-8263
-9209
-6975
-4760
-4068
-2948
116
3286
3505
1597
463
223
-1608
-4227
-5840
-5692
-4974
4627
24648
31948
23944
9288
9467
16045
3707
-18391
-25705
-12198
-4908
-13695
-17620
-1082
15788
8506
-9149
-7105
9043
8950
-7901
-12690
6425
23104
14909
60
2796
14713
7111
-15523
-23136
-12174
-6527
-16057
-19970
-5577
10776
9173
-2044
-1959
9146
11308
-217
-6732
722
8983
5682
-399
2236
7441
3238
-8726
-14546
-10050
-5781
-8072
-10263
-3370
8653
14786
12840
9976
10142
7357
-1256
-8177
-7285
-4316
-6270
-9274
-6759
-1445
-464
-3827
-5337
-1399
3726
5260
5370
8287
11519
9047
2760
-1313
-3288
-6754
-10941
-11613
-7835
-3214
-1251
-1100
1105
3925
3688
714
-748
-967
-2708
-5248
-6010
-4243
3779
23915
31690
26204
11558
5120
12371
5134
-14623
-26029
-14641
-1707
-6337
-14285
-3981
13853
9959
-10607
-14996
2374
10574
-1802
-11079
5081
24895
22113
5144
-1837
8759
5854
-15751
-26728
-14653
-2461
-8600
-16704
-6864
10589
11120
-4056
-10374
79
8026
1136
-4738
3734
15070
12554
2035
256
5011
1929
-11326
-19220
-12913
-3375
-1828
-4162
-3
8366
9804
3570
5
2943
4633
-178
-4273
-744
4354
2313
-4642
-7206
-4255
-3073
-5737
-6618
-1702
4338
5628
4389
5629
7712
5294
-562
-3647
-2266
-1111
-3118
-5385
-4072
-1383
-1527
-3415
-3001
-708
320
-957
-1465
-578
464
-687
-2474
-2681
6112
24503
31012
23250
6901
4201
10913
3631
-13610
-20749
-9260
-1070
-8427
-14736
-3736
9901
2587
-15183
-14499
3754
10667
-288
-5567
10250
25342
18445
1574
-1829
7026
1099
-17551
-22286
-7889
1477
-7395
-15530
-6750
6209
3360
-9594
-11287
375
6971
1667
128
10071
18052
11256
-226
-1473
2936
-25
-10319
-13972
-7019
-318
-1018
-3229
-62
4183
2549
-2615
-2476
3261
5917
2019
-931
2269
4918
962
-5579
-7296
-4769
-3466
-4124
-2846
1935
5126
3233
687
2000
4075
2067
-1696
-2450
-182
999
-787
-3249
-3567
-2911
-3599
-4273
-2790
-617
-731
-2248
-2537
-1483
-597
-580
2977
20012
31355
27353
11256
2891
10371
7504
-8153
-18725
-10000
579
-4769
-14682
-9427
4535
1907
-15463
-19051
-1467
11075
4534
-2618
8087
24178
20806
4016
-2673
5221
4270
-11904
-19287
-7636
3832
-2924
-14704
-12447
-2136
-1761
-11334
-13364
-2193
7106
4584
1989
9025
16831
12115
605
-3078
900
2201
-3244
-6821
-3117
1175
-822
-6047
-5500
-936
-914
-5042
-4702
2144
6913
4963
1694
2303
3790
1587
-3044
-4554
-2266
-1286
-3193
-3696
-266
2345
735
-1603
-902
1588
2103
552
-320
684
893
-1206
-3115
-2513
-1912
-3127
-4130
-2662
-1120
-1207
-2761
-3042
-2058
-1041
-1391
5852
24898
32469
23957
4939
2251
11483
6573
-8885
-14277
-1535
5266
-6006
-16061
-7512
4244
-6224
-23409
-19711
1750
12569
3429
-1326
11576
23298
13492
-2139
-1213
10382
5958
-10888
-13036
1728
8241
-5450
-18479
-14814
-6062
-8551
-15840
-11549
2478
7967
1539
-420
7832
13354
6281
-2455
-758
6275
7673
2648
902
3763
2830
-4490
-9802
-6920
-3109
-4931
-8122
-5401
1386
4328
1484
-864
1341
3960
2731
347
1551
3774
2039
-2235
-3714
-1284
74
-1844
-3712
-2096
823
770
-1268
-1460
294
472
-1222
-1869
-479
189
-1204
-3132
-3094
-1977
-2252
-3883
-4032
-2275
-330
1033
12138
28291
31066
15962
-1342
1684
10004
5415
-5991
-5172
6330
5364
-9475
-16183
-5880
-175
-13740
-25311
-14340
6447
10497
320
-1294
10379
14115
2623
-4356
5869
16998
8623
-5549
-4004
7110
5296
-10110
-18087
-12043
-6667
-10982
-14172
-6546
3031
872
-6946
-5848
3346
7742
3371
805
5059
9808
8700
5002
4949
5950
2859
-2888
-4517
-1907
-1216
-5184
-9454
-8601
-4404
-2197
-3152
-2510
938
3119
2289
1846
3747
4915
3110
101
-515
1314
1799
-916
-3622
-3105
-1622
-1846
-2470
-1646
-557
-914
-1989
-1860
-254
630
-905
-2931
-2944
-2119
-2701
-3768
-3570
-1763
159
6558
21478
30796
21845
1977
-3903
6790
11500
3705
-1778
5785
9711
-2939
-16448
-12586
-1433
-6280
-21118
-20062
-580
10581
1770
-7810
-1896
7155
2679
-4641
2432
18252
18792
3084
-4510
3620
8965
-1133
-11950
-9341
-2044
-4007
-11119
-10724
-4248
-4361
-12065
-13994
-5290
3923
4278
910
1873
5201
5861
3817
3913
6772
8276
6188
3649
6697
9333
1889
-9920
-13200
-7369
-3404
-3491
-3556
-3769
-4489
-4832
-4378
-1541
3650
5772
2865
1883
5717
6557
1924
-2019
-2702
-1412
1
215
-1142
-1950
-2640
-5132
-5243
-857
2091
424
-1706
-2211
-2486
-2856
-3202
-4175
-4301
-2662
-1557
1563
15751
30404
25313
3443
-8685
2527
16039
13977
4728
6178
12710
3723
-14541
-16656
-2226
605
-15276
-22573
-6783
9131
2723
-13271
-14356
-1773
2355
-3617
-765
14841
20622
5266
-7570
-606
11894
9410
-1882
-3622
3387
3594
-5876
-11393
-7345
-4960
-11157
-14822
-8067
642
363
-5998
-8178
-4466
338
2645
4040
6865
8653
7301
6358
9446
10575
4966
-1397
-1887
998
1481
-1246
-5862
-9240
-8649
-6070
-4438
-2532
-430
-1129
-2883
-1144
2837
4392
3488
2194
1374
1883
2254
128
-2785
-3034
-2130
-2003
-888
1227
828
-1519
-2454
-1954
-729
-96
-820
-3011
-4021
-3743
-4572
-4275
-353
11841
24073
20566
1708
-10270
2203
18502
16308
5766
7696
15227
7131
-10423
-12883
1308
5859
-8960
-18678
-4951
9471
-1271
-20708
-20188
-3791
1860
-4739
-3836
7921
11213
-2620
-12540
-2275
13732
12878
1773
577
8003
6849
-3508
-7801
-2581
1390
-2374
-5886
-3207
-389
-4686
-11988
-12438
-6261
-185
2092
2019
906
-1120
-2424
-1418
2734
8578
10891
6321
559
-369
1281
323
-1590
-668
1081
884
-751
-2557
-3993
-4243
-3303
-1488
1536
4059
2538
-1964
-4124
-2626
-537
141
-200
-910
-1591
-1900
-2436
-2339
-721
582
671
1053
1959
1308
-735
-1919
-1518
-1060
-1277
-1456
666
11008
20630
13964
-4927
-11922
3896
18705
14697
4235
5350
10493
2521
-10531
-7190
8768
10518
-5971
-14142
-1541
7071
-5907
-20303
-14382
1731
4050
-4630
-5863
1219
350
-10374
-12138
2075
14043
8605
-2407
-3181
2685
2528
-1902
-962
4424
5847
954
-2881
-2477
-2009
-4317
-5831
-3312
733
2659
1103
-3190
-7400
-6337
-247
4158
3468
837
-784
-2383
-2813
-332
2169
1814
229
-373
59
869
1001
-509
-1575
633
3378
2990
883
-500
-1382
-1611
-234
1128
219
-2001
-3541
-3890
-2881
-1501
-1468
-2328
-2281
-1602
-1548
-1280
-276
-222
-784
-585
157
685
4506
14320
18484
7691
-7087
-4666
13073
20628
10266
1075
5217
8410
-714
-7753
1208
11826
4748
-10032
-9659
2829
2705
-11687
-17191
-5655
3937
-1777
-9617
-7104
-2146
-5760
-10651
-4713
6636
7575
-1907
-6936
-1968
3661
3086
1953
4239
5786
3182
-171
-490
735
865
169
457
1451
1835
-525
-4715
-6493
-3251
1381
1709
-1360
-3683
-4621
-5081
-3868
-931
1138
478
-1563
-2857
-2169
80
1230
688
901
2603
3115
1507
300
737
1698
2294
2357
1427
-78
-1379
-2299
-2481
-1358
-449
-1664
-3714
-4411
-3967
-3856
-4017
-3130
-1828
-1461
-1487
2298
11804
16368
6810
-6349
-3037
14179
21101
11232
3355
7631
10114
1691
-3738
5128
13931
5890
-8407
-7828
3654
3297
-9682
-13807
-3209
3388
-4082
-11534
-8365
-3902
-7560
-11327
-5392
3573
2436
-6560
-9822
-3826
1898
1402
263
2448
4059
2043
-118
1096
3609
4428
3527
2655
2833
3039
1263
-1802
-2145
1350
3621
1326
-2069
-3249
-3588
-4023
-2841
-746
-887
-3379
-5517
-5546
-3373
-706
42
-1002
-1394
-711
-635
-635
748
2274
2390
2014
1967
1636
981
880
1467
2013
2054
928
-980
-1825
-1255
-1025
-1760
-2333
-2682
-3608
-4756
-4826
-3136
1949
8971
9710
898
-6544
-274
12621
15311
7925
4534
8347
8297
1834
831
9368
13674
4876
-4743
-1705
5666
1870
-7725
-7291
1284
2340
-6088
-10503
-6598
-4192
-7653
-8856
-3377
753
-3603
-10165
-9451
-3264
34
-1156
-1622
-345
-641
-2495
-2289
751
3552
4030
2899
1722
1272
1854
2539
2638
2665
2890
2665
1687
1228
1085
-59
-1159
-535
466
-430
-2311
-3298
-3501
-3274
-2206
-1380
-1896
-2846
-3169
-2768
-1647
-93
313
-620
-1003
-324
156
217
665
1155
1328
1383
1278
906
587
461
367
795
1248
411
-1652
-2685
-2131
-1976
-2488
-793
5369
9665
3962
-6828
-7108
6167
15351
9930
2223
4292
7682
2786
-1290
6154
15221
10249
-2687
-5542
2962
6098
-1363
-5512
360
4257
-2587
-9822
-7370
-2026
-3450
-7241
-5226
-855
-2537
-8837
-10540
-5476
-329
-163
-2401
-3202
-3051
-3448
-3365
-1167
1789
2887
1263
-1201
-1807
284
2899
3370
2651
3105
3246
781
-907
1791
5071
3802
507
-416
-347
-1052
-985
121
451
-208
-1455
-3135
-3591
-1860
-577
-1215
-1281
-545
-1343
-2878
-2447
-959
-463
-364
-324
-881
-1216
-482
-74
-26
756
1382
794
258
801
649
-201
-395
-156
-579
-1135
-525
2544
7559
7981
103
-7052
-1542
10337
12310
5109
2207
5269
3942
-929
1803
11531
13624
3193
-5779
-2434
5023
3722
-2065
-1316
2899
-30
-7525
-7787
-1608
-42
-4983
-7303
-3930
-1745
-4881
-8446
-7156
-3344
-1713
-2775
-3423
-3006
-3329
-4179
-3434
-537
1931
1591
-1131
-3130
-2085
1015
2895
2696
3060
3977
2214
-1630
-994
4983
7684
3469
-660
-332
130
-857
383
3030
2234
-1419
-3671
-3285
-1227
596
249
-1490
-1762
-1336
-2630
-3379
-1260
368
-1038
-2379
-1757
-1363
-1877
-1438
-256
445
595
144
-618
-254
1128
1276
276
162
823
72
-1366
-440
4295
9176
7101
-1658
-6077
1485
10830
9510
3350
3953
6768
1909
-3400
2600
13191
12128
803
-4842
96
4521
1353
-1309
2443
4614
-2225
-9478
-6581
447
229
-5173
-6150
-3288
-3489
-6934
-7809
-4790
-2449
-3295
-5045
-4606
-3119
-3171
-4294
-3723
-1087
801
228
-1643
-2255
-1044
596
1468
2108
3043
3002
1547
556
1565
3224
3736
2999
2088
1426
641
118
488
1366
1521
615
-701
-1528
-1384
-800
-514
-550
-716
-1270
-2051
-2369
-1961
-1337
-1022
-1261
-1794
-1871
-1408
-1028
-919
-530
-76
-114
-279
98
571
356
47
148
411
306
-228
-77
3127
7860
7162
-288
-4973
792
9069
8887
4291
4402
6069
1761
-3033
1648
11385
12001
2418
-3933
-766
3575
2087
444
3466
4724
-1646
-8405
-6256
389
1367
-3333
-5740
-4368
-4269
-6537
-7057
-4208
-1998
-3930
-6851
-5820
-3446
-3460
-4121
-3969
-2901
-902
-516
-2591
-2746
-269
623
-55
920
2822
3006
1713
822
1548
3105
3701
3090
2611
2384
1338
275
875
2386
2455
883
-471
-737
-600
-451
-76
163
-302
-1353
-2151
-2041
-1353
-1080
-1500
-1892
-1770
-1477
-1431
-1356
-1009
-616
-496
-524
-338
46
188
-100
-182
93
238
102
-153
46
2428
6479
6769
939
-3952
-231
7265
8366
4657
4436
6140
2455
-2763
558
9868
11950
4035
-2302
-458
2973
1798
608
3864
5671
13
-7073
-6123
13
1531
-2461
-4822
-3830
-4215
-6809
-7218
-4194
-2202
-3944
-6643
-6692
-4592
-3459
-4072
-4366
-3153
-2087
-2549
-3078
-1918
-284
-265
-870
124
2073
2396
1126
761
1800
2477
2391
2718
3257
2673
1268
824
1797
2690
2346
1319
676
431
175
205
666
819
60
-982
-1269
-905
-763
-1036
-1288
-1466
-1659
-1634
-1274
-978
-1082
-1254
-1123
-737
-356
-185
-275
-478
-552
-457
-200
210
286
-59
1115
4656
6295
2280
-2619
-751
5467
7025
3988
3903
6289
3809
-1792
-678
7300
10779
5292
-305
500
2780
1365
200
3398
5897
1761
-4749
-5326
-823
1052
-1482
-3329
-2783
-3443
-6104
-6892
-4399
-2401
-3688
-6132
-6525
-5009
-3992
-4318
-4538
-3722
-3033
-3489
-3770
-2355
-528
-490
-1539
-1248
378
1212
967
1296
2185
1957
923
1192
2727
3251
2291
1697
2060
2105
1659
1811
2334
1971
952
562
892
1025
678
284
115
7
-304
-680
-716
-598
-938
-1413
-1159
-563
-696
-1319
-1410
-990
-769
-709
-423
-202
-459
-818
-753
-388
-67
-19
-305
102
2459
4858
3514
-565
-1429
2463
5279
3953
3103
5198
5171
691
-1560
2949
7966
6525
1973
1053
2730
2031
-77
931
3973
3589
-737
-3493
-1904
207
-725
-2657
-2574
-1913
-3290
-5267
-4876
-3013
-2958
-4933
-6036
-4957
-3582
-3694
-4471
-4360
-3713
-3780
-3993
-2775
-841
-640
-2141
-2578
-1026
389
576
882
1638
1340
119
137
1790
2945
2532
1839
1827
1902
1672
1737
2285
2496
1841
985
883
1358
1417
847
498
666
609
69
-210
19
1
-490
-674
-311
-242
-804
-1173
-843
-419
-421
-514
-422
-464
-699
-657
-297
-155
-341
-473
-515
-323
1013
3229
3674
1118
-1095
338
3059
3198
2285
3612
4965
2522
-885
299
4512
5533
2862
1485
2597
2499
336
-277
1884
3188
1197
-1471
-1546
-68
-110
-1736
-2464
-1787
-1812
-3193
-3857
-2856
-2277
-3669
-5278
-4923
-3379
-2822
-3469
-3846
-3457
-3299
-3740
-3586
-2132
-812
-1153
-2147
-1823
-547
-107
-380
59
897
768
218
732
1780
1780
1089
1156
1803
1944
1793
2045
2183
1575
940
1144
1747
1894
1554
1182
945
715
470
464
791
894
283
-467
-505
-129
-148
-391
-293
-115
-367
-768
-716
-254
79
20
-173
-179
-67
-96
-222
-148
104
96
-331
-356
934
2574
2356
359
-498
959
2079
1254
929
2642
3485
1390
-446
1027
3267
2684
759
852
2244
2046
575
420
1652
1820
189
-1133
-577
578
335
-1036
-1731
-1445
-1643
-2686
-3026
-2109
-1685
-2864
-4068
-3650
-2522
-2380
-2985
-3068
-2620
-2559
-2848
-2533
-1527
-992
-1531
-2095
-1569
-562
-285
-487
-191
303
131
-206
317
1186
1199
655
655
1118
1266
1222
1502
1773
1520
1141
1259
1635
1673
1399
1237
1250
1162
903
700
686
669
423
116
73
204
111
-174
-216
12
88
-57
-61
101
131
27
38
173
277
312
301
261
241
227
129
-41
-127
-143
-312
-573
-308
739
1519
895
-363
-457
511
761
196
556
1800
1736
143
-354
1198
2374
1579
526
915
1666
1286
531
783
1514
1231
-39
-760
-227
454
107
-813
-1126
-891
-1143
-1879
-1969
-1277
-1140
-2117
-2927
-2546
-1790
-1825
-2364
-2470
-2161
-2104
-2292
-2090
-1442
-1129
-1551
-1988
-1641
-853
-504
-607
-506
-105
106
79
292
800
1051
805
558
777
1191
1292
1169
1208
1299
1128
928
1047
1192
994
779
914
1076
912
711
742
737
514
378
537
712
621
397
342
468
519
431
422
545
558
378
279
410
503
366
180
115
51
-134
-314
-324
-282
-377
-573
-715
-788
-864
-953
-1102
-1298
-1118
-235
631
394
-537
-598
287
486
-238
-79
1339
1852
646
-5
1258
2394
1661
631
1160
2202
1991
1153
1278
2072
2018
918
134
453
972
511
-556
-942
-604
-755
-1581
-1851
-1308
-1362
-2554
-3428
-2946
-2095
-2048
-2419
-2348
-2009
-2040
-2324
-2199
-1540
-1018
-1186
-1589
-1366
-630
-318
-578
-553
-52
39
-455
-486
285
802
537
333
655
821
578
631
1098
1226
916
881
1224
1380
1310
1375
1463
1344
1262
1379
1426
1322
1258
1187
986
865
895
766
464
373
443
325
151
212
238
-55
-296
-175
-16
-97
-207
-220
-321
-511
-573
-514
-502
-524
-516
-584
-728
-762
-665
-611
-643
-641
-604
-649
-735
-762
-824
-943
-655
331
1177
871
21
113
931
927
219
510
1763
1985
871
516
1680
2488
1778
921
1214
1834
1603
990
1098
1748
1712
608
-406
-299
257
-42
-970
-1221
-794
-988
-1921
-2271
-1770
-1709
-2518
-2985
-2405
-1682
-1728
-2188
-2305
-2046
-1895
-1989
-1887
-1314
-811
-1015
-1494
-1263
-445
-117
-435
-429
99
258
-87
-8
652
956
633
475
784
986
890
903
1075
1081
959
963
1069
1148
1215
1203
1075
1037
1150
1142
961
896
950
833
631
641
717
570
364
341
368
292
237
241
188
103
95
109
51
-22
-64
-100
-96
-70
-110
-181
-187
-181
-247
-306
-266
-229
-288
-370
-377
-334
-338
-382
-384
-347
-361
-454
-547
-557
-540
-552
-572
-586
-523
-153
486
808
502
173
389
692
507
305
701
1200
1072
689
849
1349
1369
871
568
742
911
724
503
580
625
194
-403
-508
-224
-265
-752
-1076
-1011
-1012
-1288
-1455
-1304
-1191
-1397
-1670
-1632
-1373
-1248
-1310
-1313
-1167
-1087
-1153
-1121
-891
-711
-741
-801
-713
-506
-280
-164
-183
-178
-78
-25
-17
112
319
355
277
332
496
559
530
604
709
726
754
842
965
1010
922
895
968
1032
1050
984
959
959
842
777
777
739
637
488
542
613
468
331
363
425
246
80
173
230
117
-35
-72
-44
-77
-57
-3
-89
-170
-101
-146
-196
-42
-29
-108
-118
-189
-103
-147
-231
-102
-361
-340
-156
-445
-449
-334
-282
-371
-642
-489
-327
-566
-644
-527
-495
-468
-452
-421
-309
-202
-123
-98
-81
110
327
301
313
416
385
291
281
446
550
416
306
376
460
419
339
344
370
242
73
43
77
44
-69
-158
-225
-291
-360
-466
-595
-660
-601
-618
-783
-825
-787
-851
-816
-741
-683
-647
-807
-810
-704
-703
-541
-500
-558
-429
-363
-254
-80
-55
21
58
19
176
317
359
412
423
533
636
671
821
831
785
835
667
693
937
824
762
821
702
643
618
527
533
551
410
324
407
437
402
401
323
190
217
231
119
169
186
82
72
70
53
74
13
-104
-131
-168
-230
-172
-136
-259
-241
-203
-298
-332
-307
-316
-345
-379
-395
-387
-342
-378
-319
-226
-311
-286
-262
-285
-249
-312
-340
-218
-52
-59
-252
-256
-79
-176
-373
-195
-59
-187
-215
-179
-171
-242
-346
-250
-137
-210
-185
-116
-248
-347
-224
-115
-75
9
0
-70
-62
-20
45
109
220
285
359
440
226
231
459
369
349
401
488
636
459
297
291
306
256
191
244
165
135
184
26
-100
-149
-69
-87
-181
-167
-373
-286
66
-161
-413
-237
-124
-202
-227
-228
-233
-79
23
16
-39
-28
77
-102
-29
251
34
28
191
121
220
211
159
178
203
229
125
151
153
201
377
202
117
172
196
200
39
-138
-50
289
73
-313
82
73
-178
-92
-283
-478
-384
-306
-212
-181
-242
-440
-626
-391
2
-317
-737
-337
-159
-439
-373
-200
18
-54
-353
83
333
-9
146
248
81
459
759
263
205
639
458
532
856
645
509
433
241
197
363
511
321
227
95
-183
-48
206
161
-161
-434
-335
-252
-199
-79
-118
-438
-680
-468
28
112
-515
-596
-3
-430
-800
80
38
-720
-276
-88
-580
-62
462
-330
-593
-11
-80
-97
146
95
153
-38
104
655
325
-334
209
677
-89
272
958
95
-372
-97
246
381
30
-107
237
426
111
-82
-146
-423
-326
166
277
121
-261
-570
139
400
-465
-399
-87
-245
-299
-396
-214
70
155
-163
-342
-266
-357
62
61
-268
175
202
22
183
324
187
45
295
154
202
411
137
663
1012
303
-107
-3
63
-277
56
555
237
445
429
-71
-15
-320
-375
-46
-278
243
969
-22
-862
41
253
-348
-148
2
-298
-239
-199
64
95
-722
-220
99
-649
-401
-238
43
284
221
615
284
-324
-868
-299
1204
455
-181
1073
402
-758
53
645
237
-979
-1075
249
333
55
-90
-321
-753
-501
472
-155
772
1656
-138
-589
-812
-781
-48
-144
393
896
274
-746
-620
-362
-1322
-1052
-3
388
-153
-878
-8
737
-130
-861
-575
270
652
642
743
419
-138
-48
-78
249
791
483
857
932
-148
-277
68
25
-9
263
214
23
382
-98
-387
-98
-307
-484
-543
56
44
-560
-264
-226
-251
-99
-12
-26
-3
403
565
479
116
-480
464
1435
293
-129
524
275
-743
-698
560
166
-302
928
829
-217
-428
37
-385
-750
220
337
140
1257
1192
-132
-510
-276
-652
-505
362
-128
-381
534
406
-161
232
-44
-922
-1419
-765
253
105
-342
217
178
-416
-98
436
-411
-793
-222
32
42
-568
-334
662
70
-510
-169
-457
-430
-368
-110
328
22
-2
-18
-518
-359
649
713
-108
302
643
347
704
780
144
-514
49
1315
728
-335
114
-123
-572
-223
108
84
22
-66
-827
-742
-111
-823
-807
458
420
-152
321
-74
-1343
-719
-42
-326
-151
102
990
1307
218
-235
-87
-103
94
866
324
-184
1087
807
25
578
508
171
-730
-525
837
470
-190
189
367
-196
-264
-69
-65
-157
-702
139
534
-479
-154
289
139
534
257
-715
-1075
-114
116
-226
904
897
-396
-501
-336
-475
-197
-149
-133
860
1004
59
-353
-327
-505
-396
278
-128
-405
923
859
-796
-703
291
43
-342
452
44
-1148
-173
1168
713
12
-567
-894
-511
275
310
-762
-464
1488
939
-1176
-676
266
-939
-513
1648
698
-751
415
542
-1050
-1870
-921
-93
-705
-480
-1009
-1900
73
89
-1401
-796
-779
-660
-360
-1106
-1562
-926
120
-272
281
1684
629
-356
-23
521
716
1329
2309
2837
3106
2579
1548
1006
343
-291
-132
1102
2073
1139
-186
215
304
71
-33
-190
245
405
140
-99
-195
-97
-820
-1510
-446
95
-793
-722
224
176
-233
-278
-376
-516
-943
-585
691
854
105
-244
451
102
-1291
-1378
-663
-442
-946
-613
359
-256
-783
-119
-391
-800
-1099
-806
-68
1018
1215
-45
-20
1143
461
-237
742
722
-335
-280
258
58
-331
417
390
173
1194
56
-1315
-145
478
-669
-1509
13
1285
-381
-446
101
-802
-1544
-1757
-1265
-33
-263
-1473
-736
-250
-264
69
-367
-382
459
-452
-1057
346
-306
-414
663
641
885
1118
1399
607
-596
390
556
-484
501
1662
654
746
1524
1212
157
-969
-89
1143
802
517
106
482
1220
708
181
424
-260
-667
396
308
4
482
397
976
1161
-10
-184
-430
-682
-300
-124
1048
829
67
-242
-427
-262
-363
-560
-969
-411
399
-69
-411
-79
312
192
-605
-971
-415
-181
-551
-265
305
378
-642
-746
-189
104
-413
-612
158
-368
-624
-806
-326
384
-240
300
950
42
-508
79
-110
-433
-378
-216
184
161
-319
-82
-267
-1298
-1188
87
15
-729
-945
-1100
-62
360
133
-14
-120
-87
124
-965
-912
378
28
120
1730
1920
896
-192
-1138
-392
62
161
714
1018
1035
1032
1032
621
28
-1133
-530
217
214
2204
2000
-75
1218
1229
-294
-909
-496
150
358
1581
1611
1131
793
-6
-923
-1229
-685
-289
268
1106
367
-239
244
-483
-1402
-1066
516
249
-308
-84
60
-472
-1144
-900
-10
-173
-803
892
817
-1387
-533
-344
-718
-416
-801
125
578
449
247
-980
-1100
-264
34
-1121
-1070
237
434
-182
-99
517
-273
-1198
-261
723
-256
-498
506
1016
819
774
386
188
-32
-700
398
1920
890
106
1478
970
-212
285
473
-6
479
1311
371
-31
468
90
-378
-471
-193
-140
-224
-426
-700
-409
-787
-889
-1442
-613
-480
-1401
-505
-405
-24
250
-603
-106
436
-107
-430
471
675
-1015
-489
386
-424
-342
55
-765
233
1446
-61
-677
808
305
-692
293
987
411
283
633
-25
-130
109
-249
-432
144
459
623
706
844
875
-189
-1021
-544
791
1837
1847
2273
2008
1635
1043
-758
-302
171
514
1613
2711
1488
-595
-331
-150
-1398
-1099
-270
725
602
-659
280
102
-1314
-1986
-1404
-708
-716
-755
-657
-1053
-338
-772
-2414
-1542
-810
-2021
-1841
-239
105
-1088
-2301
-1219
-785
-1634
-2083
-846
-288
-737
-574
-497
-43
-634
-1684
-1451
-262
-859
-1632
-78
545
-403
282
449
53
-298
-509
769
610
902
2212
1540
788
1004
1293
600
966
1775
1562
2207
2286
1783
1926
1337
929
1667
1896
1628
1879
2004
1710
1536
787
282
795
338
524
1893
1228
43
-247
363
163
1459
1973
608
1629
1550
147
165
533
-674
-1631
34
35
-269
262
-794
-1094
-314
-396
-438
-1218
-2233
-1849
-871
-1693
-3054
-1044
-1694
-2656
-1019
-1643
-2881
-2901
-1501
-98
345
-339
-893
5
-642
-1080
-582
-1010
-1803
-2379
-1611
-776
-1514
-1679
-1008
-1205
-2272
-1459
-1291
-1974
-1481
-1431
-1616
-1186
25
-572
-928
478
782
841
350
276
431
257
-90
152
1181
778
-509
217
1477
888
624
947
2138
2627
2414
2699
3065
2130
2457
3602
3059
2617
3462
3915
3215
2715
2887
2161
1158
1774
2573
2441
1698
1445
1212
1019
421
-167
322
520
-10
-5
26
-138
-645
-833
-1083
-1189
-882
-996
-1111
-1031
-1249
-1434
-390
-1326
-2330
-1394
-1445
-2294
-1982
-1845
-2652
-1746
-1213
-2321
-1833
-987
-1929
-2721
-1859
-1442
-1741
-1164
-902
-797
-1080
-1784
-1737
-1257
-911
-603
103
664
-258
-692
-524
-28
736
709
-65
183
651
-232
-183
796
687
159
268
-277
361
894
118
503
1285
735
513
1336
1060
320
1356
1381
797
1451
1124
602
1152
1140
437
127
321
328
92
10
-115
46
-245
-685
-773
-608
-284
-737
-383
1043
391
-501
1402
1172
81
750
933
1276
949
517
1010
683
514
668
264
591
583
470
226
-258
-156
348
198
10
304
-76
-438
-759
-1508
-1566
-510
-333
-556
181
-171
-1115
-1029
-61
346
-269
8
648
605
-25
-212
443
256
151
458
-149
-345
-453
-621
301
284
-256
-119
151
276
-94
-885
-887
-461
282
74
-278
-217
-420
-700
-887
72
371
-633
44
582
-368
-638
-405
-350
-1072
-1346
-728
-1497
-1630
-884
-1282
-1422
-1101
-955
-835
-831
-1236
-1113
117
-260
-567
395
579
-146
-500
306
545
166
635
1335
1746
1228
1149
1120
1051
1721
829
490
1670
1886
1429
1631
2514
2007
866
862
1086
1004
531
315
946
1162
420
118
525
711
300
-337
-329
-402
-556
143
556
287
276
254
-257
-475
-317
-449
-718
-836
-595
-175
-70
-18
-75
-308
-613
-1235
-1360
-1210
-1226
-337
-236
-759
-456
-789
-1186
-886
-735
-938
-784
-327
-67
-103
-406
-612
-363
-373
-562
-329
-426
-554
-286
-347
-581
-715
-608
-320
-37
-186
-412
-33
-89
-689
-667
-54
34
-172
72
355
208
331
568
158
171
429
414
483
292
793
971
437
-44
-83
364
-31
195
1247
1166
814
1157
951
161
438
830
649
823
1014
667
872
1594
1135
732
549
219
133
218
670
773
795
1005
753
396
256
220
427
548
210
-55
-122
259
540
79
-383
-125
-129
-804
-878
-1066
-1187
-1029
-1495
-1204
-645
-468
-967
-1347
-937
-1551
-1680
-738
-1173
-1282
-553
-1149
-995
50
-251
-619
-806
-964
-948
-858
-729
-188
407
-183
-167
-25
-350
-206
-748
-641
160
255
132
165
330
452
691
712
340
326
363
425
562
305
815
1015
626
779
417
167
-110
339
1480
853
264
705
1152
745
-117
69
173
638
1171
532
360
389
213
238
320
643
508
-74
-204
241
125
-446
-429
32
712
367
-670
-190
812
235
-622
-177
328
-98
-233
383
443
126
180
462
276
-216
-395
-734
-622
-407
-314
275
202
-233
-212
-504
-1068
-623
-56
-580
-822
-579
-754
-695
-286
-93
241
189
-166
-449
-614
-395
-709
-772
-325
-311
144
503
139
-197
-378
-586
-567
-440
-508
-141
39
-289
-94
-16
-64
314
158
-79
41
-39
-104
23
264
332
387
533
626
623
605
438
126
392
565
66
-291
-70
544
653
390
541
659
409
20
-86
18
-95
-69
323
577
310
202
161
8
382
254
-189
215
183
-422
-589
-496
-368
-337
-150
146
131
-299
-675
-515
-546
-973
-832
-254
138
151
-87
-194
69
345
113
-82
-100
-438
-667
-470
20
396
276
314
448
-96
-588
-495
-370
-548
-547
64
486
718
918
298
-356
-479
-676
-569
-131
79
287
615
553
551
984
716
-156
-404
-153
-69
-7
638
1313
1116
895
1083
698
-122
-306
86
130
-61
275
642
574
497
390
22
-325
-264
-244
-726
-1057
-839
-333
3
-41
-132
-206
-262
-401
-875
-1138
-1010
-735
-433
-490
-419
-125
-225
-522
-664
-498
-476
-832
-684
-200
-313
-536
-212
223
310
196
126
161
189
71
-254
-410
189
912
691
413
838
825
465
450
319
138
115
70
131
390
612
584
513
462
287
276
175
-46
13
48
111
200
188
292
261
50
39
158
191
59
-12
-30
-167
-150
-90
-233
-191
71
20
-142
-40
14
-72
-117
-79
-71
-259
-424
-367
-240
-101
36
105
42
-15
77
1
-263
-368
-365
-291
-79
99
202
202
101
13
-2
-52
-279
-343
-47
53
-155
-41
361
417
192
190
238
-46
-309
-221
-108
-163
-158
28
229
278
286
291
82
-168
-232
-307
-408
-290
-37
65
-76
-219
-26
223
104
-39
85
98
-172
-399
-366
-150
20
73
174
365
410
192
-46
-40
88
52
-55
-49
-53
-142
-156
-43
192
465
467
213
75
44
-204
-526
-466
-58
202
179
258
440
357
129
40
-67
-206
-157
-90
-125
-27
203
311
264
205
186
102
-74
-120
52
94
-109
-201
-109
-18
38
109
219
340
339
114
-154
-224
-169
-168
-177
-47
153
183
49
17
131
168
57
-65
-107
-116
-142
-181
-191
-105
10
37
20
64
137
107
-31
-138
-161
-193
-263
-249
-102
52
117
164
228
201
15
-197
-255
-193
-157
-141
-59
24
20
5
67
130
94
20
-24
-87
-157
-144
-55
17
49
91
113
54
-43
-78
-63
-45
-9
39
49
15
-37
-91
-124
-106
-46
2
13
12
21
10
-14
-16
-8
-15
-10
28
70
73
66
70
76
74
69
75
81
69
40
24
43
79
95
101
110
102
64
20
2
7
4
-3
-3
-11
-23
-18
12
44
53
47
10
-51
-104
-112
-82
-40
-3
16
19
11
4
3
8
17
7
-34
-77
-99
-80
-53
-14
38
82
82
42
-2
-41
-76
-100
-100
-73
-35
2
33
60
71
60
27
-17
-54
-79
-83
-67
-32
5
29
39
30
10
-8
-17
-20
-26
-32
-40
-49
-52
-48
-35
-10
9
16
10
-5
-24
-49
-73
-84
-77
-67
-45
-22
3
20
23
16
4
-8
-25
-41
-48
-41
-25
-4
24
46
59
60
52
37
22
11
10
10
15
32
55
67
65
55
49
39
19
13
18
23
23
21
24
27
21
15
14
18
16
2
-5
-7
-8
-13
-11
-3
4
2
-4
-6
-10
