SAMPLES:	4796
BITSPERSAMPLE:	16
CHANNELS:	1
SAMPLERATE:	16000
NORMALIZED:	FALSE
-3
-4
-6
0
-1
-4
-3
-1
-1
-5
-3
-2
-3
-2
2
6
2
2
4
5
4
3
6
6
3
1
7
1
0
3
4
-1
2
5
1
1
-1
0
1
-2
1
2
-8
-7
-4
-2
-3
0
2
-1
3
3
1
2
0
2
3
1
-2
0
-2
4
7
1
2
4
4
1
0
2
2
-1
1
3
2
-3
0
1
-1
0
0
-2
-3
-4
-5
-5
-6
-5
-2
-4
-5
1
3
1
3
2
1
2
3
-4
-4
2
0
-3
0
-1
0
0
-2
-1
3
3
0
4
4
2
5
2
-1
-1
-1
-1
-2
3
1
-3
-2
2
0
-6
-3
-3
-2
-2
0
2
1
1
-3
-1
1
-1
3
4
-1
1
-2
1
-2
-1
1
-2
2
-2
0
1
1
-1
-2
0
-2
0
1
2
-2
0
6
7
6
6
5
0
-1
4
2
-2
2
3
-5
-5
-3
-4
-3
-1
3
-2
-4
0
1
1
-3
-3
-3
0
-3
1
2
-3
-2
-5
-5
-5
-1
0
4
1
-1
0
-2
1
0
4
2
-4
-2
3
4
3
1
6
7
4
4
4
2
0
5
8
8
7
7
11
11
2
-1
3
2
1
3
9
-1
-7
0
0
-3
-3
-3
-1
-6
-5
0
-1
-4
-6
-4
-2
-3
-5
1
-1
-2
-4
-5
-1
-5
-7
-6
-6
-5
-6
-10
-4
-5
-5
-7
-6
-6
-12
-8
-3
-2
-1
5
3
3
2
2
0
-1
0
0
-3
-2
-2
-5
-5
-4
-3
-9
-9
-3
0
-3
5
7
8
7
6
13
14
14
18
23
20
16
20
28
30
26
28
33
29
32
41
45
44
48
51
45
45
43
48
52
49
46
45
42
44
46
46
42
34
36
32
32
32
29
24
17
13
5
-6
-12
-17
-30
-40
-48
-57
-70
-79
-83
-101
-117
-121
-130
-141
-151
-165
-167
-170
-175
-176
-178
-186
-186
-185
-182
-169
-168
-167
-154
-146
-139
-129
-125
-118
-110
-100
-93
-85
-83
-78
-62
-48
-37
-31
-24
-10
4
17
29
43
49
53
69
73
79
98
120
126
130
133
136
149
160
176
185
185
183
192
187
175
178
180
180
186
188
189
191
200
224
254
287
325
362
401
457
526
595
665
737
796
878
964
1028
1092
1148
1192
1272
1302
1288
1275
1229
1177
1145
1030
863
683
467
251
29
-237
-499
-779
-1040
-1322
-1601
-1821
-2008
-2165
-2285
-2463
-2585
-2608
-2618
-2586
-2536
-2450
-2367
-2278
-2177
-2060
-1941
-1820
-1695
-1560
-1431
-1320
-1205
-1088
-966
-846
-718
-576
-440
-306
-180
-55
71
193
296
395
511
635
736
805
868
932
982
1022
1082
1173
1235
1205
1174
1223
1320
1376
1364
1367
1378
1327
1154
929
735
568
375
192
90
77
23
-112
-126
75
294
442
1486
4076
6648
6708
4335
2555
3857
6383
7320
6973
6932
6657
4510
1629
639
1627
2217
1219
-220
-1032
-2260
-4593
-6840
-7144
-5716
-4737
-5397
-6938
-7976
-8090
-7787
-7284
-6122
-4461
-3438
-3762
-4438
-4024
-2655
-1634
-1275
-605
667
1409
887
27
42
698
974
698
502
539
239
-612
-1342
-1329
-833
-586
-773
-883
-568
-139
23
181
871
1891
2290
1795
1566
2587
3990
4295
3726
3676
4164
4079
3489
3515
3972
3606
2598
2283
2546
2068
934
397
491
111
-800
-1328
-1418
-1786
-2398
-2612
-2475
-2537
-2804
-2787
-2386
-1997
-1833
-1665
-1241
-713
-402
-240
36
355
402
276
379
673
706
405
189
131
-29
-243
-254
-288
-729
-1250
-1326
-1292
-1785
-2491
-2700
-2591
-2697
-2807
-2666
-2109
219
5222
9466
7929
2428
1009
6064
10506
9641
8158
10128
10979
6417
1285
1701
4941
4809
1777
417
587
-1680
-6450
-9208
-7714
-5032
-4886
-7140
-9189
-9739
-9531
-9269
-8550
-6843
-4719
-3589
-4060
-4781
-3901
-1747
-380
-173
751
2871
3848
2408
881
1660
3422
3480
2073
1455
1862
1340
-574
-1884
-1369
-506
-959
-2061
-2212
-1534
-1444
-2178
-2378
-1244
190
686
553
891
1820
2648
3036
3452
5085
8529
11347
9578
4390
2147
4651
6292
4746
4428
5622
2846
-2778
-3872
-1120
-1678
-4535
-3516
-954
-2862
-6422
-5960
-3729
-3684
-3723
-1937
-1166
-2582
-3381
-2476
-1439
-696
-20
18
-159
402
762
74
-77
993
1323
477
471
1148
372
-1250
-1410
-716
-1162
-2121
-2134
-2031
-2951
-3908
-3896
-3789
-4372
-4773
-4414
-3905
-2050
4258
13277
16051
7996
-1170
1134
11929
17608
14844
12639
14277
12510
4883
-284
2499
7288
6925
2984
285
-1696
-6166
-11516
-12624
-8541
-4421
-5136
-9841
-13863
-14266
-12227
-10340
-9012
-6714
-3579
-2392
-4390
-6282
-4398
-199
2089
2157
3240
5512
5364
2215
540
2870
5646
4922
2180
1009
1195
-21
-2725
-4072
-2931
-1680
-2440
-4091
-4550
-3974
-3864
-4274
-3811
-1933
74
662
177
528
2299
3872
4346
4880
6534
9628
13840
15470
9786
981
-52
6993
10332
6550
4045
3637
-1739
-8097
-5837
-307
-2196
-6539
-4404
-1734
-5684
-9348
-6478
-2914
-2880
-2402
-793
-1696
-3680
-3071
-1223
-146
1075
1820
901
674
2247
2174
41
264
2688
2626
699
823
1186
-1336
-3344
-1725
-488
-2593
-4346
-3688
-3929
-5933
-6548
-5568
-5614
-6637
-6306
-1967
8758
21054
20705
3547
-9779
789
22356
27120
15220
10144
16785
16205
2575
-5451
3130
13712
10681
302
-3812
-3453
-8756
-17391
-17330
-7565
-1217
-6551
-16584
-20603
-17275
-12743
-11057
-10257
-6797
-1991
-1473
-6423
-9448
-4410
3652
5939
3600
4399
8256
7468
1461
-572
5232
10322
7165
818
-276
2130
521
-4788
-6322
-2293
396
-2660
-6970
-7060
-4625
-4324
-5708
-4729
-982
1561
607
-1205
-56
3669
6002
5787
6361
9037
11367
13616
17046
15771
5760
-1540
4810
13386
9254
810
602
475
-7133
-10156
-3254
-1055
-7913
-9585
-3967
-4042
-9542
-9194
-4238
-2723
-3078
-1992
-2367
-3967
-2944
-1039
-895
356
2745
1920
-15
1981
4024
1328
-547
2618
4297
1007
-878
657
-75
-3175
-3388
-1846
-3049
-5330
-5468
-5434
-7000
-7794
-6816
-6625
-7060
-2103
12225
26088
21417
-1084
-12536
5587
29557
28680
12768
11339
21345
16872
-854
-5616
7716
16632
9333
-1073
-3111
-3707
-11482
-19809
-17168
-6229
-1359
-8937
-19835
-22936
-18269
-13476
-12406
-11493
-6684
-1194
-2335
-9395
-11495
-3015
6517
6828
3027
5288
10229
7584
96
153
8497
12451
6564
261
1081
3140
-969
-6929
-6326
-931
369
-4448
-8690
-7985
-5604
-5696
-6844
-5093
-746
1509
-359
-2339
-210
4283
6435
6168
9107
17546
22641
14600
1316
644
11221
14325
7712
6335
8499
55
-11006
-6920
2551
-1380
-9186
-5158
-317
-7168
-13333
-8272
-2599
-3745
-4477
-2385
-2964
-5425
-5455
-3744
-1326
1675
1892
-659
57
3487
2428
-725
2120
6752
4449
34
1310
3037
-398
-2791
-261
486
-3407
-5941
-5235
-5687
-8007
-8827
-7793
-7023
-6893
-2875
10124
25296
21976
-1876
-14709
3586
29174
28619
11224
8685
19592
17106
-46
-6153
6551
17120
11131
-544
-4058
-3571
-9490
-17944
-16511
-5587
153
-7354
-19169
-22969
-18015
-12506
-11483
-11559
-7431
-1597
-2381
-10016
-12811
-4036
6363
6956
2679
4531
9687
7523
93
-154
8325
13096
7782
1119
1330
3458
-226
-6187
-5743
31
1824
-3396
-8681
-8470
-5732
-5469
-6880
-5580
-1242
1153
-1121
-3727
-1643
3167
5588
5566
7485
13336
19063
17580
7989
630
4252
11821
12073
8017
6561
2817
-5874
-8557
-1809
936
-4574
-6234
-2188
-3807
-10161
-10012
-4764
-3213
-3851
-2329
-2123
-4960
-6104
-4256
-2310
-404
1382
943
-83
1331
2400
719
770
4280
5388
2529
1347
2320
632
-2301
-1629
327
-1329
-4638
-5475
-5306
-7027
-8976
-8309
-6281
-4464
1887
15944
24953
11398
-11663
-11117
15626
32684
20083
4741
11151
20721
9911
-6085
-2068
13621
16054
4334
-3407
-2438
-4493
-13330
-17627
-10391
-1074
-2230
-12658
-20856
-20176
-14562
-11075
-11121
-9878
-4634
-1133
-5771
-12895
-10397
1055
7586
4108
1553
6434
9506
3694
-1651
3452
11916
11264
3791
983
3814
3064
-3164
-6088
-1608
2790
220
-5738
-7996
-6229
-5122
-6211
-6285
-3282
-120
-574
-3302
-3467
218
3841
4530
5786
12503
20092
16728
3093
-2927
6399
14660
10533
6263
8619
4459
-7277
-8182
1965
3023
-5181
-5067
841
-2735
-10686
-9404
-3432
-2469
-3464
-2564
-3193
-5548
-6145
-5197
-3328
-5
1276
-1261
-1663
1938
2264
-1246
-29
5196
5231
1343
1535
3434
829
-2298
-626
1350
-1064
-4148
-4424
-4646
-6650
-7699
-6571
-5707
-3400
6972
21940
21940
-520
-17532
-2325
26333
29631
9791
3216
16176
18145
547
-8361
4965
17597
11211
-1218
-3274
-1273
-7489
-16434
-14722
-3920
1280
-5911
-16899
-20808
-16700
-11491
-10273
-10769
-7601
-2124
-2605
-10359
-13845
-5341
5289
5652
691
2547
8476
6659
-1045
-1008
8387
13237
7151
806
2639
5350
744
-5276
-3481
2646
3148
-2660
-6892
-5934
-4097
-5065
-6470
-4721
-1129
-11
-2384
-4359
-2334
1679
3467
5515
13278
19849
11672
-3925
-3731
11231
15784
6885
5357
10072
2475
-9186
-4363
5935
1681
-5845
-1025
3355
-4305
-10650
-6454
-1708
-2115
-2666
-2776
-4501
-5500
-5454
-5754
-3489
703
-4
-3750
-1653
2984
948
-2571
1269
5777
2993
-102
2484
3843
219
-1620
749
1455
-1293
-3355
-3622
-4402
-5744
-6028
-5735
-4908
1382
15624
24734
11359
-13261
-14077
14231
32767
18892
1476
8765
20164
8606
-8918
-3681
14117
15920
2432
-4514
-1345
-3398
-13801
-17669
-8036
2039
-1012
-12930
-20301
-18392
-13117
-10595
-10569
-8658
-3685
-1615
-7360
-13926
-9990
1570
6424
1799
173
6220
8418
1041
-3582
4094
13376
10696
1751
432
5158
3838
-3514
-5144
1352
4987
-56
-6230
-6290
-3547
-3100
-2680
634
2458
-1369
-5376
-2656
2825
3184
582
1984
5461
4505
1045
1485
4657
5129
3682
4449
6064
4588
1419
992
3083
3635
1659
115
352
128
-1807
-3277
-2579
-1550
-2219
-3463
-3593
-3362
-3734
-3537
-2031
-895
-1323
-1965
-1586
-866
-331
591
1683
1738
717
-77
-34
241
279
267
254
-206
-1395
-2999
-4189
-4192
-3420
-3259
-1541
7618
21428
22202
1586
-16547
-4377
24040
30061
10988
1040
11499
15523
450
-9850
1232
14754
9840
-3873
-7303
-3411
-6955
-16145
-16181
-5344
1278
-5447
-16872
-20480
-15253
-9388
-8361
-9289
-6612
-1808
-2496
-9412
-11947
-3666
5973
5734
406
1514
6911
5605
-1199
-1108
7639
12205
6321
-170
1150
4001
355
-4926
-3060
2951
3226
-3021
-7335
-5633
-2792
-3275
-4600
-2766
407
577
-314
3113
7691
4889
-1700
586
9990
11538
4480
2618
6657
5019
-236
1949
7247
4486
-1617
-905
2530
870
-2339
-1657
176
-513
-2556
-3904
-3828
-2752
-2597
-3640
-3378
-2115
-3046
-4741
-3101
-296
-832
-2238
-475
1618
703
-157
1478
2468
1190
599
1562
1335
-403
-1177
-791
-1094
-2397
-3861
-4864
-4800
-4302
-4313
38
13997
26515
16358
-10116
-16715
8577
31644
23054
3138
4287
16699
11376
-5965
-6627
9920
16513
4313
-6879
-4985
-2560
-10374
-17708
-11720
17
627
-11124
-20870
-19308
-11947
-8409
-9658
-9146
-4193
-1424
-6604
-13077
-9576
1676
6949
2408
-488
4523
7899
2349
-2843
2675
11748
11063
2769
-410
3268
3736
-1754
-4180
754
4758
669
-6266
-7337
-3504
-2039
-4233
-4720
-1473
740
-1626
-4856
-3335
1690
4321
5207
10405
16050
10106
-3275
-4148
9083
14904
7429
3930
7127
2091
-7523
-4494
5112
3418
-3886
-2321
1404
-3442
-8793
-5740
-612
-67
-1724
-3202
-4512
-4856
-4889
-4969
-2370
1499
448
-3643
-2572
1789
1405
-1001
1505
4868
2968
239
1469
2393
190
-842
884
1111
-1366
-3598
-4708
-5469
-5211
-4717
-5080
-224
15097
27052
13323
-13838
-17050
10767
32214
20364
499
4257
17186
9569
-8105
-5559
12980
17160
2320
-7431
-2817
-926
-10732
-17261
-8876
2643
809
-11705
-19782
-16999
-10375
-8060
-9554
-8611
-3574
-1404
-7171
-13383
-9061
2136
6054
612
-1338
4943
7743
786
-4014
3255
12531
10201
1292
-375
4465
4049
-2471
-4056
2133
5603
337
-6070
-5735
-2060
-2014
-4688
-4330
-665
655
-2443
-4820
-2428
2288
6533
10474
11009
4086
-3748
-1307
8164
11373
7101
4311
3512
49
-2369
464
3100
1378
-117
788
-100
-3139
-4238
-2963
-1489
-352
-541
-2943
-5051
-4876
-4288
-3907
-1962
-149
-1473
-3346
-2078
12
-27
-38
1622
2409
1339
806
1359
1230
500
549
880
292
-850
-1990
-3374
-4457
-4379
-3926
-1733
7552
21179
21211
-601
-19072
-5539
24341
29935
9295
-1029
10405
14863
-522
-10191
2500
16439
10182
-4469
-7159
-2176
-5505
-14643
-14094
-2909
3072
-4657
-16391
-19455
-13552
-7610
-7085
-8481
-6038
-1769
-3315
-10389
-11979
-3007
5818
4199
-1287
741
6364
4211
-2838
-1588
8067
11940
5059
-1142
1017
3927
253
-4044
-1160
4373
3300
-3253
-6574
-4157
-1664
-2494
-3477
-1573
785
-243
-3292
-3384
280
4218
8053
12562
11716
1516
-6448
-138
10835
10796
4602
3756
3462
-2473
-5079
563
3884
398
-1136
1123
-307
-4752
-5309
-2311
-187
370
-537
-3062
-4731
-4521
-4435
-3763
-740
951
-1536
-3210
-790
903
-506
-356
2213
2623
1007
1161
1872
144
-1479
-157
1254
82
-1769
-2612
-3617
-4667
-4898
-3581
3059
16901
25084
10883
-13938
-15371
12483
32196
20041
1278
4598
15248
7141
-8533
-5185
11999
15399
1498
-8122
-4793
-3334
-11846
-17221
-9152
1857
180
-11932
-20085
-17219
-10033
-7122
-8253
-7079
-2210
-1035
-7345
-12677
-7243
3442
6244
1017
-276
5136
6347
-371
-3676
3785
11682
8847
815
-745
2785
1730
-3421
-3587
2300
4605
-860
-6689
-6134
-2501
-2130
-3218
337
6844
6318
-2642
-7539
-1436
5452
4611
3496
6750
5474
-2484
-4324
3019
6561
2637
1658
5090
3709
-1677
-2264
1594
2979
1711
1236
921
-975
-3346
-4123
-2463
220
475
-2006
-3250
-2115
-2333
-3761
-2245
1155
1324
-820
-575
985
502
-522
806
2301
1638
279
-139
-789
-1966
-1682
-506
-1152
-3693
-4486
-3695
-2108
5269
20043
25293
5938
-17168
-9473
21271
31575
12144
-1368
8901
15766
1661
-10199
-95
14186
9438
-4829
-8208
-2824
-5291
-15256
-17247
-7231
875
-4016
-15229
-20133
-15433
-9012
-7481
-8715
-6247
-899
-1094
-8208
-11421
-3384
6261
6106
934
2472
8113
6270
-1633
-2372
6767
12413
7119
-44
327
2988
-167
-5130
-3480
2595
3441
-2356
-7245
-6346
-3621
-3549
-4455
-2586
767
901
-2217
-3591
912
8745
13025
9095
1516
-772
3394
7061
7167
6973
5613
961
-2329
311
2820
112
-2096
270
1491
-1549
-3425
-2476
-2273
-2988
-2019
-1166
-2307
-3685
-4108
-4205
-3428
-1675
-1278
-1911
-1099
752
1067
804
1552
2115
1767
2174
3307
2997
1559
776
616
-201
-926
-1256
-2158
-3784
-4388
-4196
-3611
2031
15054
22738
9319
-13006
-12892
13109
29727
17449
1080
4875
13668
5877
-6468
-2111
11430
11790
-474
-7141
-3612
-3120
-11064
-15936
-9373
-258
-1707
-12118
-19141
-16490
-10281
-8158
-9226
-7392
-2556
-2007
-7980
-11718
-5906
2910
4504
1008
1860
6562
6035
-185
-1862
5045
11207
8737
2626
1280
3135
1379
-3040
-2966
2062
4056
-639
-5875
-5891
-3465
-3570
-4868
-3120
493
763
-2630
-4202
-1399
3400
8987
13710
11002
122
-5789
1546
10522
9622
5323
4412
1607
-3546
-2633
2412
1932
-1591
-305
1947
-843
-4189
-3912
-2935
-2106
-3
247
-3038
-5274
-4637
-4271
-3878
-1492
-14
-1280
-1578
212
624
-1
1442
3238
2605
1913
3029
3043
792
-463
266
448
-518
-1259
-2101
-3736
-5123
-5719
-3462
6381
20877
22363
1883
-17588
-7622
20526
29253
12562
999
8487
13130
1614
-7469
1300
13176
9360
-2921
-6480
-2572
-5237
-14627
-16612
-6522
2031
-2939
-15186
-20444
-15407
-9367
-8762
-9405
-5408
-702
-3233
-10634
-11583
-3109
4272
3455
969
4113
7716
4118
-2243
-954
7305
11534
7360
2248
2245
3048
-320
-3995
-1699
3808
4100
-2006
-6820
-5705
-3190
-3768
-4640
-1949
1352
229
-3734
-2854
5512
12313
7818
-1728
-1860
5939
7844
3590
4289
6957
1918
-3584
1095
6364
1316
-4084
-292
3644
352
-2703
-1451
-1112
-2578
-2190
-1248
-2037
-2918
-3458
-4280
-3700
-1878
-2286
-3721
-2014
832
534
-591
751
1948
1258
1485
3253
3353
1760
901
932
562
154
-217
-1534
-3071
-3515
-3757
-5167
-2548
10171
24794
20285
-4860
-19422
-571
27486
27492
7017
866
12040
12385
-2568
-7731
5346
14389
5475
-6250
-5580
-1051
-7379
-18209
-16718
-3463
2815
-6650
-19026
-20209
-13094
-9303
-10627
-9594
-3472
-128
-5344
-12212
-10073
-653
4527
2397
1479
6073
8261
2502
-3232
797
9974
11931
5619
1260
3061
3516
-1490
-4809
-494
5162
3199
-3837
-6968
-4762
-3558
-5240
-4851
-564
2118
-880
-3992
364
8422
8358
381
-1543
6146
9875
4410
1842
5671
4933
-615
845
6857
4674
-2458
-2398
2245
1899
-1128
-1053
-190
-1440
-2690
-3008
-3396
-3236
-2812
-3350
-3613
-2752
-3219
-4846
-3763
-589
265
-617
293
1645
1002
593
2168
3252
2608
2247
2327
1399
159
10
2
-1137
-2423
-2923
-3354
-4966
-4354
5068
20689
23829
3491
-17726
-9005
20380
30446
12598
-701
7824
15094
3819
-7527
-130
12670
9673
-2888
-6002
-463
-3223
-15496
-19399
-7570
3605
-1782
-15980
-21336
-15067
-9532
-10821
-11740
-6146
-499
-3681
-11449
-12022
-3824
2347
1259
101
4736
8717
4435
-2795
-1710
7444
12456
7963
2428
3326
5087
817
-4384
-1970
4795
5355
-1177
-5779
-4342
-2898
-5162
-6115
-1871
2384
639
-4188
-4491
1878
8710
8765
2910
-267
2723
5693
4778
4505
5986
3897
-17
1398
5179
2726
-2368
-1317
2966
2865
129
-806
-1586
-3075
-2699
-1006
-1249
-2811
-3791
-4330
-4404
-3618
-3379
-4058
-3085
-639
332
-472
-421
292
568
1409
3061
3604
2471
1673
1285
680
82
305
206
-870
-2071
-2917
-4189
-5945
-2216
11370
25073
18322
-7037
-18964
1670
27748
24780
4412
174
12426
13006
-1380
-6940
4287
12233
4654
-4417
-2366
1489
-6926
-19156
-17095
-1871
5302
-5357
-18926
-19606
-11665
-9173
-12320
-11083
-3603
-638
-6975
-12905
-9301
-1401
425
-1838
587
7391
8301
942
-4284
590
9098
10426
5649
3542
5689
4572
-1239
-3718
1383
6451
3874
-2242
-3879
-1712
-2465
-5730
-5171
-133
2323
-877
-4382
-2587
3345
7450
5714
784
-554
2707
5021
4127
3774
3981
1770
119
2867
4966
1248
-2322
-8
3462
2747
647
-315
-1588
-2456
-1209
-18
-1219
-2662
-3004
-3416
-3939
-3457
-3043
-3423
-2735
-920
-48
-641
-821
-452
41
1164
2594
2877
1823
1029
557
309
467
1016
605
-972
-2378
-2941
-3277
-4244
-1950
8288
21287
19481
-1363
-16657
-3489
22081
25764
8184
-633
8737
13412
2396
-6463
296
10074
7148
-1939
-3166
1436
-2356
-14804
-19067
-6982
5710
861
-14541
-20168
-12570
-7493
-11576
-13522
-6221
56
-4661
-12447
-11020
-3151
-818
-4412
-3537
4168
8487
3211
-3661
-2486
4449
7762
5528
4067
6134
6374
1508
-2577
-32
5142
5118
788
-836
1380
1480
-2599
-5086
-2198
1684
1309
-1302
-1853
-503
1399
4448
6379
2852
-2753
-2109
3824
5966
2917
1091
1524
877
459
2090
2151
-495
-856
2071
2996
802
-576
-890
-1917
-1580
1067
1670
-1532
-3895
-2902
-1578
-1702
-1684
-1120
-982
-785
94
808
661
220
387
1491
2738
2745
1724
1214
1344
1232
1244
1699
1312
-160
-864
-329
-224
-1021
-1473
-1483
-1422
570
5699
9321
5041
-4281
-7203
644
9023
7655
692
-1395
2167
3882
1125
-1407
-619
944
511
-482
553
2290
571
-4804
-7963
-4655
873
1360
-3122
-6084
-4775
-3035
-3748
-4742
-3708
-2150
-2145
-2895
-2715
-2041
-2396
-3583
-3786
-2267
-550
-381
-1479
-2264
-2103
-1695
-1527
-1226
-617
-276
-619
-1098
-938
-191
477
733
765
804
895
1042
1218
1394
1627
1963
2302
2478
2394
2129
2019
2273
2608
2684
2688
2823
2715
2141
1762
2208
2947
3009
2411
1991
2073
2121
1809
1598
1867
2169
1926
1324
936
811
541
75
-86
331
738
375
-535
-1030
-856
-745
-1057
-1213
-905
-763
-1292
-1976
-2053
-1659
-1550
-1887
-2045
-1701
-1435
-1706
-2014
-1807
-1454
-1432
-1353
-846
-467
-741
-1078
-731
-113
-96
-578
-707
-260
91
-69
-348
-281
-55
-83
-244
-116
244
355
94
-83
103
326
285
247
522
871
925
772
713
779
865
1019
1278
1478
1479
1324
1148
1044
1003
920
732
554
501
430
145
-235
-437
-499
-677
-958
-1121
-1198
-1344
-1448
-1295
-1059
-1104
-1393
-1540
-1384
-1147
-1050
-1058
-1002
-868
-819
-997
-1235
-1207
-932
-774
-857
-891
-761
-737
-885
-857
-448
60
286
202
101
243
628
1024
1228
1296
1421
1657
1847
1880
1908
2116
2398
2473
2369
2396
2580
2559
2271
2173
2462
2604
2137
1431
1089
1023
773
381
213
182
-150
-823
-1387
-1511
-1350
-1291
-1485
-1730
-1843
-1915
-2038
-2044
-1863
-1768
-1890
-1926
-1687
-1525
-1711
-1888
-1566
-926
-607
-809
-1046
-868
-414
-91
6
49
119
146
121
155
323
535
635
612
605
664
641
496
470
746
1085
1098
783
580
769
1040
921
553
522
857
962
589
213
211
361
367
291
308
360
229
-76
-206
91
489
437
-27
-316
-227
-130
-204
-184
33
140
-46
-314
-414
-392
-427
-581
-726
-712
-610
-695
-1066
-1397
-1295
-862
-654
-911
-1255
-1302
-1159
-1033
-865
-670
-692
-924
-962
-660
-396
-402
-424
-222
66
228
326
488
680
833
1039
1390
1691
1650
1351
1242
1482
1727
1677
1513
1455
1341
1044
804
866
1071
1134
988
738
481
316
305
370
366
247
94
-71
-340
-656
-748
-506
-244
-272
-500
-714
-886
-984
-911
-694
-535
-565
-771
-1054
-1220
-1188
-1089
-1035
-931
-784
-776
-900
-917
-751
-554
-378
-180
-40
-27
9
203
388
361
236
263
418
497
462
455
520
548
513
519
549
473
290
180
249
404
484
415
236
50
-67
-72
57
250
339
256
112
6
-7
122
304
261
-15
-125
64
123
-158
-319
-37
233
34
-325
-341
-159
-186
-287
-82
248
146
-370
-660
-392
-12
1
-201
-213
-41
24
-72
-129
-14
161
260
303
375
420
277
-12
-156
-8
191
148
-81
-257
-326
-411
-510
-449
-258
-213
-387
-509
-390
-242
-282
-351
-230
-41
-39
-181
-245
-156
-27
48
114
206
254
175
73
158
415
555
448
325
355
364
212
119
286
522
515
280
107
138
225
220
203
277
327
227
130
195
238
58
-116
12
235
166
-103
-182
-65
-42
-120
-73
59
4
-238
-368
-260
-102
-72
-131
-207
-309
-379
-317
-148
-31
-27
-59
-72
-76
-50
31
101
93
53
67
94
13
-153
-209
-58
103
50
-153
-272
-262
-248
-229
-136
-44
-119
-296
-345
-227
-153
-250
-359
-292
-91
43
16
-61
-53
31
125
256
436
521
345
53
3
233
375
224
27
22
70
-34
-200
-268
-226
-117
23
82
-46
-235
-252
-101
21
34
30
65
115
162
210
231
209
196
224
272
332
397
396
300
209
224
259
136
-79
-130
20
78
-96
-276
-268
-191
-227
-302
-278
-195
-143
-73
62
119
6
-91
12
202
235
132
125
219
193
38
-2
140
200
9
-222
-264
-198
-201
-243
-236
-254
-392
-513
-446
-259
-145
-153
-146
-69
11
52
89
155
242
315
335
282
214
215
282
338
313
209
100
54
71
67
-15
-117
-149
-152
-203
-263
-251
-241
-335
-434
-333
-85
25
-109
-242
-141
87
218
258
347
433
351
143
74
245
407
332
140
67
89
-12
-240
-350
-232
-86
-102
-224
-301
-336
-397
-428
-332
-151
-65
-142
-232
-174
-19
76
87
115
191
220
161
141
256
398
394
232
74
27
46
47
43
60
55
-37
-178
-243
-179
-94
-80
-74
35
187
180
-18
-157
-7
299
449
368
257
235
208
125
124
284
419
308
30
-140
-128
-100
-156
-212
-228
-270
-371
-446
-433
-405
-430
-443
-362
-221
-156
-222
-308
-279
-109
77
150
106
56
93
195
276
296
261
225
226
261
288
262
185
97
66
95
140
120
15
-98
-100
21
126
100
-13
-65
-2
81
108
107
129
134
84
21
15
50
40
-23
-59
-26
-4
-63
-171
-231
-203
-141
-120
-142
-175
-214
-251
-270
-252
-210
-180
-170
-149
-123
-125
-143
-113
-36
17
5
-4
48
118
118
55
6
9
37
79
112
93
5
-81
-66
31
94
62
1
-6
46
96
111
105
89
85
119
192
245
231
168
117
125
179
237
262
219
126
55
57
87
65
-2
-31
-7
-9
-79
-142
-132
-110
-136
-149
-84
-6
-37
-159
-205
-112
-1
6
-54
-69
-27
-9
-48
-82
-70
-42
-32
-41
-43
-52
-88
-139
-160
-125
-78
-49
-54
-85
-116
-117
-70
8
49
26
-4
26
102
146
131
99
81
81
96
131
162
146
76
17
21
65
68
23
-6
24
64
55
1
-46
-50
-23
19
45
39
11
-17
-34
-26
-3
18
26
21
5
-17
-37
-41
-35
-37
-55
-82
-96
-93
-96
-114
-132
-132
-117
-101
-95
-78
-55
-48
-46
-24
20
51
40
21
37
79
100
92
84
98
104
74
48
77
120
109
47
20
54
74
32
-26
-21
23
35
3
-20
-23
-25
-36
-20
32
58
22
-26
-22
28
65
52
21
15
36
43
24
-3
-12
-7
-9
-15
-20
-23
-41
-66
-71
-52
-26
-19
-30
-47
-50
-33
-13
-2
-5
-7
-2
4
6
2
4
3
-7
-13
-1
13
7
-18
-44
-38
-19
-12
-17
-22
-18
-31
-45
-47
-29
-15
-18
-22
-20
-9
-4
-2
14
30
36
32
32
40
44
39
33
37
44
43
26
3
-10
-1
7
7
-5
-20
-26
-30
-26
-19
-10
-10
-14
-19
-8
8
5
-2
8
27
31
21
17
29
41
31
16
26
43
38
16
10
20
21
5
-6
-2
-4
-20
-34
-31
-20
-24
-39
-40
-23
-12
-16
-21
-11
5
9
9
17
28
32
26
27
30
27
18
10
18
22
10
-5
-9
-11
-16
-24
-22
-14
-6
-16
-30
-25
-14
-9
-10
-5
4
7
-3
-7
1
5
-1
-5
4
13
5
-8
-8
0
3
-6
-12
-8
-4
-11
-21
-19
-9
-9
-17
-15
-7
-4
-12
-13
-1
8
2
-8
-4
9
14
7
2
7
13
7
-2
0
5
3
-6
-9
-8
-7
-16
-21
-10
-3
-3
-10
-9
-1
2
0
-2
5
15
15
15
16
17
21
23
21
23
27
27
23
16
15
17
18
12
11
10
7
5
2
5
7
2
-1
-2
0
0
-8
-9
-5
-1
-3
-5
-5
-1
-2
-1
1
-1
-3
-5
-6
-6
-8
-10
-15
-15
-15
-18
-17
-15
-13
-7
-3
-6
-10
-8
-8
-9
-8
-4
0
-5
-8
-12
-12
-10
-4
2
-2
-6
-8
-6
-2
2
3
3
6
8
10
5
3
2
5
6
4
7
6
1
1
10
15
12
12
11
13
14
13
9
8
8
7
4
2
3
2
1
-4
-8
-8
-8
-7
-3
-5
-6
-4
-6
-2
-6
-4
-5
-2
-1
-2
-4
-7
-7
-5
-1
-2
-2
4
6
0
0
2
8
7
7
5
3
1
-3
-2
3
3
-3
-3
-3
4
4
1
4
6
8
4
3
1
2
2
0
-1
-5
-3
-1
0
1
-1
-3
-3
-2
-2
-3
-4
-4
-2
-5
-2
-2
0
-3
-8
-5
2
0
-1
-3
-6
-8
-7
-4
-2
-1
-6
-6
-7
-4
-4
-6
-7
-5
-1
0
0
-3
2
2
2
2
5
10
9
5
9
14
10
5
6
14
15
13
9
10
10
8
7
5
6
6
3
1
-1
-3
-2
-3
2
3
1
-2
-3
1
-1
-2
-4
-3
-3
-1
-6
-14
-12
-11
-10
-4
-8
-7
-9
-10
-8
-8
-4
-4
-1
-4
-4
-6
-5
-6
-6
-8
-7
-4
-3
-6
-4
-3
4
4
3
6
7
7
5
7
6
7
3
1
7
8
3
2
1
4
7
6
4
3
6
6
4
3
1
6
8
4
4
6
7
6
7
4
7
5
5
4
3
2
-2
-5
-2
0
