SAMPLES:	4849
BITSPERSAMPLE:	16
CHANNELS:	1
SAMPLERATE:	16000
NORMALIZED:	FALSE
-10
-13
-8
3
11
12
6
5
4
3
13
17
16
6
11
16
15
14
15
13
5
19
33
34
38
42
34
29
47
70
67
70
73
60
53
83
105
96
103
110
99
115
159
178
183
195
216
230
243
282
305
308
341
367
348
348
372
360
359
363
329
278
245
216
159
100
50
-32
-128
-187
-259
-349
-419
-469
-547
-628
-667
-710
-768
-798
-806
-842
-870
-857
-843
-831
-796
-755
-737
-707
-648
-593
-540
-480
-426
-402
-367
-300
-239
-205
-161
-132
-124
-84
-24
5
17
43
50
28
55
138
180
141
73
42
118
303
383
296
262
362
399
370
509
659
504
261
277
363
280
263
334
176
-103
-100
116
156
121
205
193
111
648
2054
3259
3160
2096
1643
2543
3741
4039
3610
3288
3005
2176
1250
1163
1562
1144
-268
-1352
-1532
-1735
-2631
-3568
-3796
-3674
-3849
-4192
-4265
-4174
-4298
-4486
-4143
-3203
-2350
-2074
-2042
-1754
-1205
-561
201
1004
1524
1622
1520
1507
1716
2024
2159
1967
1637
1382
1100
643
171
-96
-257
-497
-815
-1091
-1292
-1477
-1676
-1747
-1525
-1124
-885
-840
-688
-341
5
337
848
1433
1774
1878
2038
2369
2773
3099
3110
2722
2337
2326
2381
2023
1484
1219
997
435
-131
-318
-477
-963
-1423
-1494
-1431
-1569
-1775
-1827
-1763
-1619
-1400
-1198
-1029
-793
-563
-466
-342
16
400
554
592
703
779
758
791
880
836
666
535
424
264
111
0
-197
-447
-559
-566
-655
-775
-768
-752
-877
-943
-732
-469
-433
-470
-319
-96
-7
51
247
444
471
464
576
681
608
469
479
544
456
272
197
193
87
-83
-159
-187
-308
-473
-528
-508
-501
-490
-455
-451
-456
-385
-307
-298
-275
-154
-32
8
54
127
101
6
26
147
178
111
70
52
-5
-46
-32
-24
-41
-60
-112
-189
-192
-101
-47
-71
-89
-71
-30
62
160
167
129
159
215
201
194
261
278
216
219
270
173
-22
-73
38
117
116
65
-73
-262
-321
-220
-174
-238
-292
-363
-496
-515
-323
-173
-218
-221
-24
223
543
1137
1712
1750
1472
1598
2148
2523
2616
2761
2799
2387
1869
1755
1800
1512
993
532
80
-463
-964
-1356
-1725
-2103
-2441
-2678
-2805
-2918
-3118
-3243
-3088
-2775
-2548
-2344
-2044
-1801
-1692
-1445
-884
-308
-18
73
197
374
533
697
896
1066
1108
982
768
648
623
521
345
313
323
22
-509
-772
-703
-652
-650
-543
-549
-805
-903
-619
-295
-105
150
364
336
312
528
745
834
962
1041
925
820
823
682
477
572
802
768
515
119
-431
-598
-140
105
-356
-753
-853
-1279
-1740
-1482
-1128
-1588
-2391
-2579
-836
3432
7180
5736
1087
901
5741
8002
5745
5655
9028
8854
3545
490
3221
5865
3705
-137
-937
185
-1008
-4714
-6885
-5556
-4169
-5619
-7659
-7377
-6401
-7424
-8897
-7997
-5252
-3353
-3199
-3855
-4022
-2858
-946
485
1323
2659
3916
3434
1966
2031
3916
4951
3952
2672
2674
2832
1430
-631
-1172
-100
69
-1591
-2989
-2783
-2609
-3947
-4969
-3831
-1885
-1496
-2381
-2489
-1415
-349
120
811
2208
3446
3515
2890
3020
4055
4907
4920
4650
4590
4385
3689
2936
3020
3515
2768
642
-566
246
732
-761
-2280
-2072
-1802
-2741
-3182
-2228
-1743
-2649
-3166
-2324
-1317
-975
-780
-469
-296
-84
467
1123
1494
1506
1225
975
1166
1573
1592
1205
831
450
3
-152
14
-127
-824
-1438
-1595
-1553
-1526
-1487
-1578
-1821
-1913
-1724
-1424
-1146
-902
-824
-780
-461
18
256
307
465
658
729
852
1090
1134
941
790
781
776
755
629
275
-131
-264
-195
-198
-303
-507
-817
-964
-762
-545
-584
-630
-601
-706
-666
-148
291
97
-129
198
510
385
418
839
969
724
668
817
805
703
680
557
390
396
351
101
15
152
68
-196
-208
-75
-173
-245
-65
5
-99
13
238
191
156
500
783
656
549
749
895
831
795
840
835
745
576
302
158
214
144
-138
-327
-367
-562
-926
-1094
-1054
-1107
-1320
-1495
-1481
-1349
-1296
-1348
-1335
-1155
-992
-933
-822
-643
-555
-518
-425
-300
-184
-69
-48
-197
-259
-26
166
53
-57
43
43
-211
-294
-56
46
-161
-376
-430
-413
-291
-86
-55
-219
-181
102
315
283
136
19
-32
-17
-2
10
-123
-608
-1133
-1348
-1727
-2259
-680
3801
7007
4848
481
37
3298
5992
7595
9726
10208
6291
1238
690
4576
7509
6278
2932
628
-589
-2294
-3942
-3835
-2732
-3249
-5458
-6867
-6880
-7268
-8523
-8873
-7379
-5185
-3841
-3988
-5074
-5669
-4617
-2368
-59
1829
2986
2664
1050
180
1574
4137
5471
4836
3500
2563
1785
749
270
968
1612
581
-1392
-2362
-2450
-3005
-3552
-2611
-1174
-1539
-3106
-3193
-1558
-558
-649
-5
1622
2411
2101
2255
3119
3447
3342
4017
5122
5172
3991
2705
1984
1941
2356
2495
1759
411
-905
-1979
-2353
-1853
-1403
-1935
-2861
-3269
-3409
-3456
-2906
-2015
-1714
-1875
-1695
-1278
-1191
-1055
-535
35
310
510
596
480
257
200
420
703
933
810
329
-206
-760
-1101
-1100
-803
-1164
-2109
-2911
-3386
-4574
-4576
1592
10546
11925
2641
-4120
1172
9151
9897
8451
11601
12944
5775
-1578
791
7947
9073
3624
-644
-37
-7
-4055
-7989
-7317
-4009
-4328
-7326
-8513
-8013
-8970
-11252
-10936
-7225
-3265
-2136
-4014
-6476
-6151
-2849
380
2170
3640
5239
4319
1140
205
3510
7140
6681
3867
2769
3338
1971
-1208
-2159
276
1741
-794
-3799
-3917
-3225
-4886
-6730
-4952
-1350
-463
-2640
-4001
-2920
-907
698
2540
4514
4977
3966
3365
4920
6878
7128
6527
6563
6690
5582
4132
3388
2761
2011
1689
1268
-188
-1888
-3070
-3803
-4132
-3528
-2869
-3514
-4541
-4994
-4746
-3936
-2549
-1481
-1609
-1841
-1367
-873
-607
239
1299
1347
806
694
970
824
609
621
591
612
464
-25
-670
-1127
-1792
-2252
-1736
-986
-1696
-3403
-3950
-3886
-4163
-4534
-3896
-491
5023
8418
5183
-715
-130
7132
12579
12337
10271
9325
7955
5443
4800
6994
9276
7683
2236
-1665
-1310
-458
-2968
-6504
-6760
-5452
-6424
-9023
-10316
-10092
-10070
-10394
-9361
-6567
-4341
-4643
-6756
-7033
-3866
170
2272
2724
3232
3492
2707
2354
4093
6837
7700
5781
3304
2709
3104
2340
575
0
753
147
-2271
-4313
-4370
-4136
-4993
-5463
-4273
-2748
-2933
-4361
-4555
-2638
-312
917
1628
2729
3649
3469
3584
5138
8921
13914
13714
6508
463
3125
7943
7263
6069
6393
624
-8074
-7402
-350
314
-4166
-5167
-5815
-9111
-8412
-4033
-3385
-4919
-3905
-3104
-4425
-2975
-381
-2024
-3378
275
2969
865
28
1470
243
-1199
1965
4881
3040
804
893
-323
-2076
-545
1250
-739
-3605
-4556
-5915
-8258
-8102
-1222
9571
16510
10272
-4763
-10209
988
15206
18819
16007
13866
8854
-77
-2567
5870
15265
14426
5219
-2030
-3036
-2428
-4735
-7922
-6488
-2984
-4050
-8967
-12294
-12547
-13363
-13998
-10888
-4942
-1441
-3471
-8978
-12099
-8691
-1205
4424
5843
5563
4304
851
-1620
1550
8479
11989
8949
4103
2058
1979
900
-759
234
3152
2846
-1867
-5989
-6253
-5569
-6613
-6550
-3206
-248
-1808
-5773
-7009
-4340
-718
1592
3405
4996
4959
2598
1069
3205
7670
10227
9682
7862
7676
11222
11515
4327
-1842
2579
8736
5332
371
1017
-3278
-12609
-10782
149
1701
-6186
-8991
-8478
-10825
-8346
-599
824
-3214
-3909
-3204
-4621
-1899
3518
2040
-1839
700
3217
-130
-1087
2342
1645
-1422
1190
4308
976
-2462
-1453
-1617
-3074
-934
827
-2869
-6725
-6265
-6112
-7617
-7373
-2807
5380
15835
17534
3137
-10790
-4103
15472
24242
20017
16063
13127
4359
-2959
2084
14638
19242
10235
-2331
-6714
-4027
-3772
-8165
-9056
-4769
-4268
-10258
-15101
-14467
-13683
-14867
-13409
-7723
-2469
-2351
-7229
-12097
-10628
-2624
5261
7649
6950
5741
2597
-928
506
7738
13661
12027
5394
849
912
1467
-266
-1001
1758
3089
-1581
-7559
-8259
-5829
-6249
-7767
-5343
-1064
-989
-5553
-8020
-5059
-316
2259
3435
5281
6385
4333
1836
3473
9492
18969
20798
9763
-2509
-726
8287
8818
7246
10484
4511
-11563
-13947
-1393
2905
-4378
-5888
-4621
-10462
-12252
-5245
-2800
-5965
-4628
-2059
-4472
-4096
247
-2033
-5855
-323
5545
2306
-297
2098
491
-3511
1013
7513
4659
17
416
-84
-3059
-1729
1577
-553
-4957
-5698
-5996
-8011
-8676
-7409
2094
20062
25759
2751
-22307
-10652
21409
29718
16057
12756
17673
7164
-9461
-3240
19641
27049
10399
-7327
-7172
1211
-1441
-11491
-11596
-1680
123
-10744
-17050
-13859
-12775
-16923
-16707
-8104
-98
-966
-9128
-16408
-14080
-2545
6320
6796
5357
6006
3626
-3123
-3193
7882
17356
13775
2971
-832
3360
3913
-2000
-3447
3917
7782
-773
-10305
-8569
-3299
-6051
-10801
-6320
2272
1182
-7101
-8848
-2859
823
-290
2523
9358
10135
3479
-30
4217
9554
10590
10247
10247
7842
3420
1091
2673
5292
5251
2599
-506
-2645
-4143
-5411
-4974
-3201
-2953
-4724
-5997
-6145
-6735
-7065
-4892
-1803
-1176
-2441
-3139
-2889
-2459
-1332
918
2602
2490
1376
439
120
864
1781
1961
1335
536
-736
-2375
-3647
-3809
-3959
-4823
-6994
-9108
3369
25332
28058
-2338
-26527
-8318
25253
29509
12558
9165
14288
3225
-12970
-2628
23153
27450
4354
-14009
-7970
3942
-777
-11865
-10181
21
-1195
-13246
-16612
-10546
-8909
-15051
-16072
-6928
2027
54
-9843
-16243
-11376
530
6841
5867
4583
5321
1841
-5240
-3252
10284
18827
10942
-2108
-3176
4332
4177
-3104
-3258
5131
6523
-4306
-11426
-5599
-198
-5594
-11325
-5014
4489
1637
-8237
-10004
-2169
2960
1825
2427
8274
14025
10281
898
-1067
8687
15871
12025
8591
10415
4326
-7553
-5379
7282
8913
-480
-4282
-4830
-9428
-9548
-2318
286
-3473
-5330
-6078
-8249
-6676
-2115
-2171
-3564
-892
-449
-4338
-3698
625
4
-2046
2253
5685
1410
-1642
910
1724
-529
580
2990
859
-3496
-4647
-4950
-6256
-6905
-5587
8019
26596
24462
-6827
-27021
-4487
27699
28252
12941
12363
13642
-2140
-14771
1300
25017
24060
2024
-12104
-6698
899
-4464
-11994
-7675
1015
-2508
-14005
-15736
-10720
-11308
-15614
-12711
-3336
2100
-1767
-10596
-15605
-10108
1966
8023
6487
5325
5352
179
-6470
-2026
11836
17612
8587
-2125
-2119
2615
386
-4768
-1568
6527
4752
-6771
-11630
-5175
-2116
-7636
-8927
-500
4909
-1913
-9714
-7609
-57
2937
2566
4834
11601
14933
6643
-3196
50
13330
17420
11621
10199
9129
-2827
-10302
654
12535
7464
-3036
-5586
-7792
-10816
-6501
-182
-873
-4116
-5770
-8179
-9095
-4817
-1923
-3807
-2560
812
-1546
-5359
-3039
-236
-1419
-176
4875
4441
-731
-1866
-284
-69
325
2775
2266
-1777
-5508
-6138
-5683
-3014
-2426
1591
16544
26215
9664
-18789
-15156
16952
32425
17868
8047
12775
8484
-8097
-7586
14825
26542
11736
-8899
-11152
-1372
-660
-9903
-11307
-2640
294
-9931
-17486
-13862
-10571
-13389
-13977
-6602
686
-256
-8092
-14037
-11779
-1175
7492
7527
4785
4427
2747
-2970
-3665
6575
16339
12498
868
-3581
1139
2549
-2766
-4151
2602
5680
-2824
-11555
-8898
-2691
-5040
-9512
-5264
2843
1334
-7291
-9594
-2772
2936
3066
3162
9708
16803
9626
-3393
-1017
15097
18792
8201
6703
11229
935
-9732
495
12098
4580
-5770
-3882
-4031
-9098
-5912
-237
-2752
-5206
-3552
-5679
-8342
-4308
-2050
-6163
-4070
2510
-459
-6391
-3124
396
-2518
-1279
5674
4589
-2473
-2272
1270
-392
-1317
1518
1192
-3555
-5045
-3939
-3616
-4159
1058
15269
24866
13750
-12643
-15768
12014
32034
20716
7732
12653
12325
-4945
-9587
11504
25643
12042
-8440
-10138
-839
-1200
-10771
-12789
-4818
-1105
-9474
-16782
-13614
-10402
-14174
-16469
-8698
556
509
-7134
-12895
-11323
-2520
6470
8536
6120
4516
3255
-1102
-2361
6038
15684
12988
1407
-3687
951
3362
-2062
-5098
205
3996
-2738
-11238
-9607
-3433
-4693
-9545
-6464
1592
1503
-5848
-7249
-795
3515
2538
3932
8771
9192
3946
2750
8793
12731
9647
5708
6353
6749
3774
1797
2668
2570
390
-1143
-1426
-2540
-4582
-5683
-5279
-3840
-2987
-3874
-5100
-5286
-5528
-5674
-3589
-398
-316
-2725
-3138
-1420
-1085
-1228
582
2510
1718
-193
-859
-618
-1291
-1860
-2429
-1825
-1581
-1834
-4541
-2138
14451
27144
14785
-13267
-14995
13326
31548
19911
7945
11817
11305
-3373
-7896
11333
25458
12793
-9797
-13214
-1039
2006
-8974
-14223
-7075
-2468
-9700
-17234
-14169
-10198
-12972
-16202
-10770
-1259
1243
-5892
-13162
-11608
-1825
6403
6698
5180
5998
5262
-324
-2676
5759
15728
13023
1407
-3357
1687
3834
-2354
-5506
372
3778
-3561
-11972
-9383
-2889
-5166
-10951
-8096
515
1252
-5520
-6928
-812
2619
1580
3976
10063
10412
5259
4183
8145
9539
7892
8220
9780
7704
3272
1010
795
1557
1757
704
-921
-2354
-4614
-7049
-6084
-2679
-2343
-4842
-5323
-4782
-6174
-6205
-2770
-422
-1897
-2860
-1522
-1132
-1535
-198
1722
1990
1117
-53
-839
-987
-841
-1799
-1946
-1416
-1363
-4821
1793
21076
28134
6187
-19596
-9144
22080
30969
14289
7582
12692
6380
-9366
-4996
18275
24556
4222
-14774
-9734
2593
-1002
-13068
-12838
-3627
-3194
-12944
-16621
-11406
-10624
-15876
-16151
-7058
1452
-96
-9272
-14361
-9395
1528
7651
6383
5352
6208
3450
-2514
-925
10710
17720
9708
-1748
-2029
4379
3118
-4575
-4434
2998
3004
-7275
-12165
-5937
-2672
-9832
-12963
-3559
4236
-1432
-9448
-5981
1199
1934
1383
7149
11368
7516
2490
3791
8006
9523
9435
8858
7681
5240
2287
391
1635
3677
2497
-399
-1234
-2148
-5454
-6489
-3422
-1805
-4057
-5339
-4800
-6129
-7905
-5990
-2207
-1091
-2004
-2638
-2356
-1645
-434
744
1816
2762
1937
-211
-1296
-390
-591
-1067
-829
217
-2317
3204
20831
28460
7913
-18431
-9702
21557
32059
15330
6863
11074
5317
-10011
-6480
16371
23362
3765
-15814
-12014
299
-1895
-12952
-12855
-4115
-3500
-12439
-15945
-11183
-10617
-14892
-14265
-5604
1424
-314
-8322
-13306
-9311
1214
8447
7159
4435
4331
3085
-1531
-1329
8483
16091
9881
-1805
-3192
3776
3894
-4308
-5676
2327
4544
-5056
-11948
-7344
-3059
-8413
-12111
-4755
3434
-373
-9077
-8648
1064
11032
11198
6395
3899
4964
4536
5189
11920
16015
7735
-2278
501
5932
4356
855
1915
925
-3045
-2181
261
-1806
-4675
-4219
-3616
-3173
-1797
-2770
-7174
-8498
-5550
-3611
-2142
108
-1751
-6768
-6118
-55
3055
1740
2119
2433
-354
-1824
240
1616
-68
-1146
-1336
-954
-1744
8570
25151
26119
1700
-18593
-3219
26092
29994
10876
4768
9747
3740
-9373
-1757
18524
17948
-3344
-16186
-7147
1919
-5154
-15688
-12702
-3687
-4117
-12378
-14231
-9870
-11283
-15701
-12396
-1445
4163
-1318
-10210
-11987
-5133
4629
8489
5894
4397
4778
2671
-1600
572
9654
12910
4756
-3217
-580
4848
802
-7691
-6022
2823
3009
-6679
-11170
-5465
-3354
-9647
-11119
-1420
5244
-760
-9620
-3766
11492
12024
-688
-2664
11559
15057
3693
2038
12251
8732
-2730
1639
11579
6771
-3764
-3000
-255
-1431
681
2456
-2561
-5782
-3538
-4075
-5280
-1599
-793
-7247
-8049
-2280
-2758
-6230
-2274
989
-3561
-4834
1218
3144
-965
-370
2943
1805
24
830
738
-1659
-1009
-426
-636
-1895
4297
19163
26264
11584
-14216
-12161
16676
32617
17043
4224
9638
8816
-6962
-9189
12178
21940
4524
-14736
-10994
1650
-1202
-14903
-17038
-5835
-910
-9459
-16003
-11216
-9250
-15466
-16743
-5580
4914
2378
-7600
-12331
-7798
978
7178
6752
5178
5626
4195
-691
-1770
6107
12666
8023
-856
-1357
4016
2736
-5749
-8194
-397
4499
-1474
-8599
-7041
-3767
-7684
-10371
-2969
5229
2207
-5977
-5630
1199
4031
3722
7200
10334
6529
509
1172
6276
8212
7192
5986
3832
994
291
855
631
233
879
721
-929
-2494
-4104
-4878
-3571
-2228
-3169
-3955
-3357
-4571
-7180
-5875
-1295
69
-1976
-2346
-1009
-807
-707
856
1989
1620
761
183
-616
-362
-361
-391
-1110
2871
17304
27311
16488
-9206
-13697
10568
30170
22077
8529
9217
8075
-4509
-10184
5904
19210
8996
-10219
-13594
-2886
-1021
-11965
-18016
-10276
-2429
-5985
-13345
-13215
-11145
-14057
-15600
-8426
2440
4764
-3078
-11392
-10376
-1231
7217
8221
5829
5708
4710
428
-2207
3331
10626
8725
347
-2207
2721
3211
-4748
-9777
-3666
3815
1706
-5269
-7158
-5685
-7806
-9385
-3172
5027
4372
-2892
-5697
-1601
1912
4528
8786
10423
5786
481
1765
5787
7177
6630
6451
4600
1786
511
188
57
-18
213
-146
-231
-629
-3765
-7075
-5838
-2278
-1657
-3065
-3538
-4407
-6443
-5900
-2420
-348
-655
-884
-1036
-1592
-1133
849
1625
967
780
1148
43
-783
-573
120
-881
3556
19056
28379
14958
-10508
-11853
12931
29700
20334
8695
10328
8031
-5173
-9585
6526
17667
6112
-11056
-11476
-1405
-2842
-14760
-18391
-8845
-2043
-6681
-13179
-12163
-10834
-15049
-15970
-6882
4188
4390
-4649
-11059
-8151
-330
5375
6403
6186
6812
4761
-248
-2554
2818
8848
6650
271
-460
3454
1362
-6653
-9687
-3076
2717
-199
-5627
-5937
-4699
-8069
-10813
-4881
4043
5952
5304
5080
937
-4651
158
12152
14589
7880
4721
3384
-1972
-1173
6941
8322
1556
-379
1779
-1585
-4278
-809
730
-1601
-6
2183
-2302
-6768
-5402
-4545
-5858
-2549
1087
-2940
-7888
-5959
-3218
-3692
-1626
2453
1803
-1318
-759
552
-643
-407
1851
1639
-471
-659
68
-683
8518
25087
26776
4706
-13848
-579
24788
28601
12704
7026
11857
7270
-5542
-4265
11787
14132
-2807
-14747
-6144
3624
-5854
-20967
-19583
-6203
-2178
-9323
-13382
-10652
-12333
-18201
-15374
-2448
6427
1444
-8662
-10803
-3732
3195
4882
4546
6425
7639
3758
-660
461
5391
5886
1214
-839
2833
4703
-1487
-9523
-9603
-1963
2269
-830
-4683
-5094
-5858
-8711
-7374
-221
4631
1502
-2728
-1025
3240
5088
5180
6083
6172
5054
4820
5872
6165
4960
3214
2042
3191
4993
3635
-914
-3190
-1309
446
341
72
-671
-3526
-5855
-4668
-2184
-1984
-3716
-4910
-4963
-4190
-3114
-2855
-3274
-3012
-1554
-371
53
-15
-775
-1856
-1435
515
1757
665
-1066
-1769
307
13210
27984
24474
-784
-15134
4090
29791
27673
8925
6133
12836
6637
-6417
-1744
14015
11874
-6515
-14518
-2719
5342
-7176
-23557
-20992
-4972
312
-8962
-15352
-11435
-11315
-18152
-16325
-1496
8164
64
-11809
-10672
-541
4639
2769
2037
6047
8695
4868
142
1311
5707
4448
-731
7
6444
6543
-3358
-11114
-8229
-1221
340
-2671
-4400
-4935
-6845
-9331
-7698
-1919
3788
7055
5252
-357
-4016
725
8233
9977
7324
6489
5256
756
803
5695
6335
1300
730
4869
4278
-416
-2344
-1708
-1898
242
3442
1701
-3723
-6160
-5225
-4885
-3336
-334
-769
-5067
-6504
-4052
-2965
-3598
-2288
-129
-177
-986
-692
-1158
-2293
-1719
-156
-139
-892
-318
63
6397
20253
26239
8930
-12306
-5228
22240
31836
13930
1346
8298
13240
2807
-4284
5345
13574
4221
-9820
-8327
3549
2799
-14116
-24225
-12927
2329
-610
-14571
-17523
-10483
-10569
-16126
-11509
1140
3356
-7445
-13031
-5192
3651
3026
-1365
135
6331
8506
4433
853
2361
4355
2147
460
4647
8701
3652
-5751
-7807
-1862
2212
74
-2965
-3516
-3721
-5251
-6082
-4613
-2014
-766
-1200
-885
976
2070
145
-1760
513
5286
7084
4874
2559
2267
2677
2678
3549
5223
5173
3097
1189
939
1225
826
176
-40
-57
-361
-1069
-2448
-3837
-4055
-3024
-1844
-1537
-2136
-2922
-3230
-2565
-1498
-922
-846
-786
-837
-1023
-996
-596
-479
-1088
-1672
-1244
4286
14916
20430
10018
-7207
-8349
10375
25042
17955
3753
2288
9350
8865
1432
-17
4869
5454
-439
-3148
1234
3644
-4115
-15134
-15955
-5763
2167
-1704
-10337
-13325
-11688
-11287
-10726
-6629
-2952
-4734
-8278
-6779
-2221
-1380
-4093
-4803
-1432
2493
3954
3694
2871
1014
-1540
-1921
2023
6949
7031
1985
-1685
-432
2072
1640
-169
-290
570
524
-117
-446
-1143
-2333
-2832
-1814
-87
1134
877
-932
-2501
-1841
489
2040
2030
1690
1665
1715
1857
2191
2273
1951
2040
2778
3446
3041
1969
1237
924
1038
1628
2179
1699
469
-45
328
662
178
-353
-157
272
256
-222
-746
-823
-522
-555
-591
-278
-117
-270
-406
-383
-339
-424
-260
148
113
27
913
2385
2540
802
-751
-233
1331
1699
683
-149
-213
-55
-56
-50
54
-39
-243
-79
563
847
321
-213
117
794
812
172
-291
-227
-139
-348
-588
-503
-284
-443
-1062
-1701
-2014
-2082
-1908
-1753
-1798
-2121
-2522
-2754
-2914
-2970
-2883
-2527
-2083
-1938
-2223
-2396
-2046
-1616
-1574
-1526
-922
-353
-536
-862
-633
-230
-259
-374
76
755
840
329
304
1054
1835
1928
1739
1881
2098
2048
2200
2851
3441
3276
2701
2725
3285
3483
3061
2738
2926
3058
2575
1919
1666
1535
1201
723
369
115
-335
-747
-934
-1088
-1456
-1784
-1745
-1439
-1367
-1670
-1860
-1756
-1430
-1212
-982
-641
-531
-867
-1052
-523
202
135
-465
-495
-33
-90
-619
-776
-525
-715
-1307
-1331
-718
-325
-698
-1167
-947
-365
-224
-419
-197
505
897
678
610
1125
1675
1650
1318
1392
1971
2303
2035
1667
1758
1989
1706
1108
777
769
612
255
-33
-182
-572
-1198
-1483
-1189
-924
-1340
-1978
-2142
-1880
-1671
-1584
-1482
-1503
-1653
-1738
-1707
-1804
-1938
-1798
-1473
-1343
-1475
-1543
-1481
-1481
-1554
-1354
-798
-444
-660
-896
-442
332
419
30
321
1315
1763
1388
1284
1924
2366
2125
1990
2428
2767
2362
1773
1821
2325
2341
1710
1205
1249
1344
1027
691
725
835
547
151
189
452
253
-310
-350
235
502
74
-205
77
225
-181
-489
-224
-40
-487
-989
-876
-649
-1160
-2025
-2102
-1330
-896
-1353
-1854
-1657
-1317
-1574
-1854
-1305
-406
-285
-805
-812
-120
245
-129
-327
275
992
974
510
384
661
783
603
607
977
1226
908
366
269
623
824
637
546
824
1023
755
393
481
888
1089
953
802
829
841
598
156
-188
-238
-152
-233
-558
-892
-1082
-1264
-1509
-1609
-1415
-1253
-1471
-1861
-1914
-1564
-1297
-1369
-1533
-1380
-969
-683
-635
-572
-464
-570
-652
-205
530
664
121
-223
10
298
257
209
417
654
601
417
512
867
1001
778
771
1265
1656
1415
1077
1334
1828
1780
1346
1339
1794
1911
1410
967
982
968
608
345
440
380
-174
-738
-812
-605
-601
-869
-1082
-1052
-991
-1138
-1326
-1272
-1103
-1032
-895
-584
-425
-576
-704
-596
-439
-303
-40
217
152
-195
-384
-244
-50
-3
43
149
67
-208
-328
-214
-154
-152
14
228
196
24
21
152
216
197
241
420
646
710
487
172
116
361
611
655
548
408
285
168
77
105
256
321
144
-4
164
352
127
-226
-180
72
33
-191
-225
-255
-535
-747
-562
-323
-536
-1056
-1284
-1050
-875
-1075
-1233
-1020
-902
-1223
-1423
-1009
-478
-448
-621
-446
-47
99
13
153
607
907
784
641
878
1224
1249
1070
1078
1262
1296
1099
931
944
920
659
390
428
581
476
224
201
343
313
134
69
130
172
178
185
171
143
152
160
91
-38
-68
87
218
7
-454
-693
-513
-240
-238
-449
-610
-669
-756
-866
-831
-603
-405
-418
-553
-617
-550
-411
-271
-222
-262
-217
-1
184
105
-100
-148
-35
96
211
260
135
-65
-86
87
242
252
118
-69
-88
194
473
376
56
0
295
526
447
276
239
201
48
20
250
357
7
-441
-466
-229
-235
-479
-562
-412
-328
-441
-558
-506
-367
-329
-378
-319
-156
-81
-90
22
237
292
181
191
395
544
489
350
250
201
221
259
217
102
49
48
-41
-157
-87
93
91
-71
-76
124
255
257
314
460
467
296
228
461
757
730
428
264
390
555
520
352
220
148
54
-54
-82
-81
-184
-354
-403
-375
-450
-582
-562
-467
-517
-645
-636
-504
-490
-622
-665
-475
-213
-137
-259
-353
-255
-67
7
-78
-124
10
169
131
-39
-82
59
183
183
169
213
223
110
-5
86
332
417
246
72
75
105
38
16
88
68
-93
-182
-136
-152
-291
-339
-169
26
51
-32
-74
-60
-61
-60
0
117
206
215
184
190
193
141
93
156
280
299
168
25
9
57
0
-150
-159
-5
31
-179
-365
-289
-111
-71
-126
-118
-36
13
26
120
286
355
260
165
252
466
573
447
240
216
374
430
276
152
221
306
231
78
-24
-110
-205
-239
-170
-85
-114
-255
-372
-393
-409
-444
-363
-192
-193
-393
-500
-375
-254
-289
-323
-229
-96
-46
-121
-279
-354
-182
97
171
5
-126
-100
-39
-26
6
92
153
128
37
-7
45
120
105
21
-16
30
83
81
39
5
-5
-3
9
15
41
106
171
186
173
167
151
151
215
322
339
260
231
273
256
169
159
210
136
-24
-44
52
-3
-237
-371
-306
-241
-280
-298
-243
-253
-380
-458
-334
-100
11
-84
-193
-79
223
397
309
209
305
452
469
456
522
512
302
109
181
417
456
174
-130
-130
71
89
-133
-270
-181
-119
-237
-338
-289
-240
-316
-399
-343
-205
-148
-255
-400
-376
-186
-47
-105
-206
-169
-60
-27
-38
8
52
-26
-124
-54
117
133
-43
-153
-63
48
13
-97
-121
-59
-27
-72
-117
-88
-39
-70
-157
-159
-57
6
-47
-103
-60
33
72
54
55
122
222
296
341
362
343
283
278
413
558
535
393
339
393
415
369
316
258
149
55
44
54
-18
-148
-237
-259
-265
-308
-350
-344
-312
-343
-431
-436
-313
-224
-272
-288
-119
72
52
-104
-123
54
223
254
231
252
219
67
-41
96
308
281
54
-57
27
51
-85
-181
-107
3
-5
-103
-157
-145
-112
-90
-98
-118
-107
-59
-40
-81
-113
-83
-27
-10
-24
-12
20
29
-6
-49
-56
-12
36
32
-4
-15
-10
-35
-75
-66
-9
21
-9
-63
-98
-97
-69
-43
-54
-82
-91
-91
-113
-159
-202
-204
-142
-62
-35
-63
-63
-11
25
35
74
176
282
346
365
360
350
346
372
444
527
549
466
326
217
189
216
229
179
92
29
7
-34
-130
-216
-214
-148
-124
-149
-142
-115
-150
-235
-227
-77
71
80
1
-58
-68
-52
-19
26
32
-38
-131
-174
-155
-159
-245
-341
-342
-284
-267
-311
-345
-356
-371
-335
-205
-99
-140
-239
-196
-36
52
21
-3
42
70
62
90
162
196
154
99
108
159
205
219
203
176
161
178
213
237
238
216
176
137
126
167
217
202
122
42
-2
-12
0
15
8
-64
-148
-185
-170
-168
-220
-252
-207
-137
-133
-203
-253
-214
-139
-88
-40
48
111
71
-17
1
158
308
322
258
232
245
234
204
207
232
216
153
111
103
63
-25
-80
-57
-14
-24
-69
-98
-124
-156
-161
-101
-32
-16
-45
-64
-63
-64
-43
10
42
9
-35
-22
9
-11
-70
-88
-64
-67
-116
-153
-136
-116
-150
-212
-216
-152
-111
-139
-182
-164
-104
-84
-99
-77
-16
11
-17
-27
26
91
97
62
46
66
90
100
103
98
87
63
51
66
92
92
71
48
53
75
63
29
32
83
106
62
9
20
65
66
21
6
45
71
43
-12
-37
-23
22
58
54
18
-25
-47
-37
-6
37
61
37
-11
-27
-6
6
-4
9
57
87
56
12
7
13
11
39
101
116
36
-49
-46
3
11
-19
-25
-13
-28
-65
-83
-81
-81
-64
-25
-1
-19
-56
-77
-80
-53
-9
18
-7
-51
-55
-44
-58
-82
-69
-50
-61
-78
-64
-47
-80
-129
-116
-41
1
-27
-69
-55
1
20
-7
-11
37
80
56
22
33
69
66
37
46
91
98
50
17
41
83
92
78
63
52
39
37
61
83
74
35
5
19
52
54
31
17
25
26
-4
-29
-4
24
4
-41
-51
-19
-16
-50
-63
-36
-1
-4
-24
-24
-8
-4
-3
20
55
54
15
-1
24
47
24
4
19
41
6
-49
-52
-21
-30
-77
-75
-27
-20
-79
-122
-94
-41
-33
-49
-35
-4
-6
-31
-29
16
57
60
47
33
31
36
25
12
25
52
37
-27
-73
-60
-23
-24
-55
-66
-65
-83
-104
-71
-12
-9
-61
-79
-24
33
29
7
20
48
53
56
79
96
74
47
65
100
92
55
33
31
31
18
17
30
19
-20
-50
-38
-13
-5
-16
-30
-34
-37
-32
-19
0
11
-3
-24
-28
-4
27
38
18
-11
-12
14
40
40
16
-7
-7
1
20
33
21
-8
-28
-22
8
17
2
-10
-2
12
6
-5
-3
11
9
3
13
24
4
-41
-55
-20
14
-2
-41
-53
-39
-40
-52
-40
-11
-4
-27
-38
-12
14
6
-16
-5
24
33
20
11
20
23
4
-7
3
