SAMPLES:	9182
BITSPERSAMPLE:	16
CHANNELS:	1
SAMPLERATE:	16000
NORMALIZED:	FALSE
4
4
5
5
5
2
4
7
4
2
1
0
0
2
0
2
0
-1
-2
0
1
-6
-6
-2
-3
-3
1
1
-2
-7
-8
-3
-4
-7
-2
-4
-6
-3
-2
-1
0
0
-2
-1
-2
-1
-1
-2
-2
1
-1
-3
-4
-3
0
0
1
-1
-1
2
3
2
5
3
4
5
2
4
4
3
3
1
3
6
0
2
-3
-1
3
3
0
2
1
0
2
0
1
-1
-3
-3
-3
0
1
-2
-2
-2
3
2
-1
-1
0
0
-1
1
0
-1
-1
0
4
4
2
-1
1
2
2
1
2
-1
-6
-4
1
-4
-1
1
0
-2
-1
1
1
2
1
-1
-1
-2
-3
-2
-3
0
0
1
0
-2
-5
-4
1
0
3
5
5
3
1
1
0
0
-2
-2
-2
-1
-2
-4
-3
1
-1
-2
1
-2
-2
0
-1
-2
0
1
4
0
1
-2
-3
1
2
0
0
0
2
3
-1
-2
2
0
2
2
0
-3
-1
0
-2
1
0
0
-3
-2
1
-1
2
1
-1
2
2
2
1
2
1
0
0
0
-1
2
2
1
-1
0
0
1
2
0
2
2
4
1
2
4
3
2
4
3
0
1
-1
2
3
2
6
4
0
2
4
5
-2
0
0
-6
-5
-4
-1
-6
-6
-5
-6
-5
-4
-4
-5
-4
-1
-1
0
-2
-2
0
-1
1
1
1
0
-6
-5
-6
-3
-5
-3
-1
-3
-3
-2
-4
-2
2
1
1
2
5
4
3
6
1
4
5
3
3
4
5
2
7
4
2
4
2
2
1
2
2
1
2
-1
-3
-2
0
-2
-1
2
3
2
2
3
0
2
1
4
5
1
3
6
1
1
0
0
0
-2
-1
0
-2
-5
-3
-4
-4
-6
-4
-4
-6
-6
-4
-3
-2
1
2
1
-1
0
0
-3
-3
-2
1
-1
-3
1
2
-3
-3
-1
-1
-2
-2
0
0
1
1
3
2
-1
-1
2
0
2
-4
1
3
2
1
0
-1
-3
1
0
-3
-4
-1
1
2
5
1
-2
0
-1
0
2
0
3
4
2
1
3
3
2
-1
0
-1
2
2
0
1
-1
-2
-4
-2
-2
1
0
2
4
4
0
0
3
1
0
-1
2
0
2
5
2
4
3
2
0
1
0
-1
0
-3
-1
1
1
0
1
0
-3
-2
-2
-4
-1
-1
-1
1
-5
-7
-3
-3
-2
0
-1
-1
-3
-2
0
-1
-2
-3
1
-3
-3
-1
-2
0
-3
-3
0
1
1
0
-3
2
1
-2
-1
-2
-1
-2
-2
-4
-3
-2
-4
1
7
3
0
1
3
4
4
4
2
4
2
0
1
-1
1
-1
1
1
0
0
5
0
-2
1
-2
1
-2
0
1
1
-1
2
3
-2
0
1
0
-1
0
-1
-2
-1
3
1
3
4
3
1
0
2
1
3
3
1
2
4
2
2
0
2
2
3
3
-2
0
-1
1
0
-2
-3
-1
2
1
-2
-5
-4
-7
-7
2
3
3
-2
-1
1
-3
-1
1
4
3
-3
2
1
-1
0
0
0
-4
-5
-4
-1
-2
-4
-5
-7
-7
-6
-7
-8
-5
-4
-4
-3
0
0
-3
-2
0
-1
1
3
2
3
1
2
3
0
4
5
4
-1
2
6
4
5
1
4
3
3
3
2
2
5
3
0
1
4
3
1
3
2
3
2
1
5
4
4
4
-1
3
2
0
0
2
0
1
0
2
3
-4
-5
-4
-5
-7
-5
-5
-4
-6
-5
0
-3
-1
-4
-5
0
1
2
1
2
-2
-2
1
0
2
-2
1
1
-2
-1
-2
-3
0
-1
-2
-1
-5
-3
-1
-2
-1
-1
0
0
-1
2
-1
-1
0
1
0
-3
-2
-2
-4
0
0
2
1
0
1
1
1
2
2
2
2
3
2
2
3
7
9
7
4
3
0
0
0
-1
0
3
5
3
3
1
-1
-1
-2
-5
-5
-5
-4
-4
0
-4
-1
2
4
0
-4
3
5
6
0
0
0
-2
4
4
0
0
0
1
2
1
-1
-2
-3
-5
-7
-4
-4
-4
-3
-3
-1
-2
-1
0
-2
0
-2
1
5
5
3
5
1
-1
-1
-2
1
1
2
5
2
1
3
-1
-2
-1
-1
-2
-3
-4
-2
-2
-3
-1
1
1
1
0
0
1
-3
1
0
0
1
1
2
1
-2
-2
3
1
-1
-3
-3
2
0
2
4
0
1
5
5
6
3
0
2
3
0
3
3
2
4
1
2
1
1
2
0
1
0
0
0
-2
-2
-4
-2
-3
-5
-4
-1
0
-2
0
0
-5
-2
-3
-3
0
-2
-2
-5
1
-1
-4
-1
0
4
3
2
1
3
4
2
1
1
0
-1
0
-2
-3
0
0
-1
-1
-1
0
3
-5
-5
0
0
-1
1
0
-2
0
2
2
0
-5
-1
0
-2
0
3
4
1
-2
2
4
3
5
3
8
3
5
5
2
1
0
1
-4
-2
-3
-2
0
1
-3
-1
0
-1
0
3
3
-3
-1
-4
0
0
-5
-1
1
0
1
1
-2
0
-2
0
2
1
0
2
2
0
1
2
4
4
4
-4
-2
-1
-1
1
-2
0
-2
-5
-5
-3
-1
-5
-3
-3
-1
0
-2
-2
-3
-2
0
-2
0
-5
-2
-1
2
4
-1
0
-3
-1
2
-2
0
1
2
6
5
3
3
2
1
4
4
2
2
3
0
3
2
1
3
0
-1
0
0
2
3
2
0
4
2
1
3
2
0
-5
-2
-3
0
0
-4
-4
-3
-3
-3
1
2
-1
-4
-2
-2
-2
2
-1
-3
-1
-1
-2
-3
0
0
-1
-4
0
0
-1
2
-2
-1
-1
-1
-2
0
1
-1
-1
-1
-1
2
0
-1
1
-1
3
3
-2
3
2
1
1
0
-1
-4
0
3
0
0
1
-1
-1
3
3
6
4
4
3
4
2
1
2
2
0
-2
-2
0
2
2
-1
-2
-4
-1
-3
0
4
-3
-1
1
1
3
0
-3
-2
-3
-7
-6
-1
1
1
-2
-3
-1
-1
1
-1
0
-1
-2
-1
1
3
3
4
1
3
4
0
-1
0
-3
-2
-2
2
2
1
3
3
1
2
4
3
-3
-2
-1
1
-2
1
-1
-1
-2
-4
1
-3
-1
-3
-3
3
0
1
1
0
0
1
0
-1
1
0
-1
-4
-2
-2
0
0
1
1
1
-2
-5
-5
0
0
-1
-1
-1
-3
-1
0
-4
-7
-1
1
4
4
0
4
3
0
0
-1
3
6
5
6
8
3
3
6
4
4
2
3
5
5
3
2
4
4
4
3
1
2
4
1
-4
-1
-3
-6
-6
-2
-6
-3
-5
-3
-2
-1
-2
-2
-1
-1
-3
-2
-6
-7
-8
-5
-3
-2
3
-1
-2
-3
-2
-5
-7
-2
-2
-2
2
3
0
3
3
7
5
5
5
1
4
0
1
6
0
2
3
4
3
1
-3
-2
0
1
1
1
0
-4
-2
-3
-1
-1
1
1
4
2
-3
0
1
1
0
-2
-1
-2
1
2
1
4
1
1
2
-1
2
6
4
1
-1
-3
-1
0
3
-2
-5
4
5
1
1
-2
0
0
1
0
1
-1
-4
-2
-2
-6
-4
2
-3
1
0
-1
-3
-3
2
3
3
2
4
2
-4
-2
2
-3
0
2
0
2
1
-5
-4
0
0
-2
3
2
-5
-1
0
0
2
1
-3
-3
-7
-5
-2
-1
7
10
9
5
6
12
15
17
8
-3
-5
-11
-4
-7
-11
-2
3
-2
1
6
-2
2
5
2
5
11
8
-4
-4
5
13
31
35
19
10
24
28
20
29
47
46
47
18
-39
-66
-46
-31
-55
-48
-28
-61
-65
-34
-34
-48
-23
5
-45
-52
-25
-72
-104
-55
-18
-28
-7
23
6
33
126
131
86
82
149
175
152
149
44
-80
-70
-11
-26
5
113
148
139
171
144
26
7
28
-16
-35
-4
10
-2
54
98
60
79
89
-32
-170
-200
-156
-134
-12
126
123
33
19
47
-35
-83
-46
-31
-76
-52
1
-51
-100
-84
-64
-118
-121
-57
-73
-61
33
84
9
-62
-60
-174
-319
-295
-262
-409
-494
-390
-428
-581
-556
-483
-529
-491
-363
-301
-314
-373
-374
-272
-269
-376
-348
-228
-277
-310
-159
-35
-61
-47
75
153
136
52
64
105
90
69
189
258
75
56
185
203
89
288
661
660
685
969
1060
701
607
682
263
184
480
525
485
887
1022
623
770
1077
1100
1333
1709
1427
809
618
350
-79
-153
200
378
461
884
817
643
482
80
-256
-488
-590
-796
-629
-265
-145
9
55
-341
-674
-792
-1201
-989
-730
-716
-316
-40
-375
-807
-440
-513
-846
-901
-1081
-1818
-2286
-1883
-1897
-1753
-1176
-646
-587
-424
-244
-739
-610
-80
-46
-617
-1090
-1108
-615
105
237
787
1401
1180
223
78
79
-950
-1060
-760
-651
-399
-21
245
127
496
867
406
-118
73
60
421
340
501
704
-204
279
949
866
375
780
746
712
976
939
573
1191
1700
1135
2361
2041
1226
584
-191
-1112
-1425
-829
-957
-167
728
404
552
1713
1417
408
687
822
206
-288
515
731
420
1058
90
-762
-698
-520
-1055
-1091
-393
-646
-470
-402
-214
-212
218
743
514
501
403
330
-499
-717
-947
-1910
-1709
-1279
-569
-911
-767
118
-43
-143
-502
-169
-515
-1020
-584
-336
-961
-731
-2
75
760
1091
1007
678
1788
2007
582
917
1253
584
-105
-278
270
519
801
728
-495
-595
-579
-988
-908
-363
-626
-1178
-712
-968
-1585
-1914
-2238
-2214
-2024
-1524
-382
199
683
786
1081
1864
2101
1920
1736
1263
175
-333
-555
-1169
-1472
-353
-53
-111
959
2102
1962
1187
1694
713
57
771
1024
1107
1343
1536
796
800
845
-156
-279
196
-148
-105
495
767
1632
2488
2883
3003
2899
2572
1616
1089
154
-743
-500
-902
-1346
-1194
-1244
-1236
-966
-1208
-1582
-1884
-2327
-2338
-3173
-4355
-3900
-3316
-3035
-2690
-2509
-2527
-2123
-685
-613
-2461
-3723
-2683
-2606
-2938
-1133
-287
213
976
722
-404
-1075
-754
-1138
-1655
-1775
-1739
-1868
-1783
-702
-166
141
1187
2217
2753
3363
3980
4140
4649
5489
5665
5716
6054
6178
5798
5175
4961
4180
3062
2537
1868
309
-493
-945
-2127
-2006
-1712
-1973
-1623
-1198
-1124
-599
-300
-709
-561
-516
-572
-707
-1383
-1648
-1511
-1903
-2298
-1856
-1480
-2188
-2521
-1538
-1273
-1521
-710
84
-128
94
694
350
349
1156
1477
1678
2816
3401
2580
2942
4214
4108
3363
3003
2707
2790
3273
3460
3421
2742
2661
2779
1584
749
61
-1989
-3371
-2875
-3419
-4056
-4164
-4315
-3592
-2891
-2564
-2715
-2812
-3216
-3538
-3340
-3531
-4251
-4589
-5032
-5628
-5172
-5405
-6472
-7040
-7289
-7050
-5958
-4230
-2478
-1809
-1594
-386
139
-493
-1162
-2257
-2779
-1575
3
86
-226
142
-305
-476
1258
2745
2904
3269
4026
4034
3594
3673
3344
2673
2928
3413
3388
3479
4400
5391
5459
5931
7575
8061
8318
9273
9740
9875
9518
9089
8526
7768
7444
7079
5958
5289
4553
3406
2162
1290
1272
864
326
-33
-142
-783
-1389
-1339
-1850
-2927
-3746
-4239
-5275
-5710
-5673
-5669
-4843
-4676
-6231
-7336
-7162
-8214
-11257
-14036
-15784
-16775
-16651
-14846
-11897
-9664
-7592
-6421
-6735
-7169
-7122
-7952
-9116
-8151
-7887
-7901
-6698
-5572
-4518
-2654
18
1994
4124
5801
6938
7970
8600
9030
9635
10533
10780
11383
12290
12877
13522
14377
14807
14952
15708
15531
14397
14040
13453
11794
10923
10170
8302
6797
6097
5239
4523
3982
2561
1027
-165
-1339
-2289
-2850
-3426
-3804
-4286
-5110
-5402
-6051
-6966
-7389
-7854
-8158
-7823
-7751
-8140
-8082
-7903
-8158
-8348
-7888
-8023
-8319
-7889
-7989
-8399
-8529
-8051
-7706
-7518
-6557
-5435
-4590
-4159
-3688
-3360
-2630
-1424
-577
558
1326
1865
2242
2920
3528
3505
3311
2558
2342
2243
2135
2266
2947
3602
3581
3607
3186
2822
2381
1954
1290
686
497
657
1235
760
636
334
-565
-708
-1102
-1614
-1506
-1107
-538
5
305
830
1118
1857
2820
3403
3354
3142
2938
2361
2116
1933
2080
1866
1703
1799
1857
2132
2922
3788
3979
4408
4944
5110
4707
4533
4140
3409
3305
3280
3129
2651
2644
2802
2417
2519
2671
2615
2485
2377
2385
1854
1042
572
410
-221
-1076
-1456
-1479
-1672
-1937
-1973
-1993
-2118
-2405
-2678
-3512
-4015
-3780
-4012
-4216
-3891
-3855
-4539
-4697
-5031
-5762
-5952
-6536
-7024
-6736
-5958
-5973
-5848
-4716
-4245
-4020
-3469
-2472
-2421
-2740
-2430
-2277
-2338
-2664
-2455
-2653
-2255
-1497
-1473
-1025
-157
618
712
1232
1529
1443
1315
1628
2355
1848
1497
1596
1862
2023
2012
2092
2035
2164
2379
2809
2952
3350
3578
3396
3424
3999
4189
3664
4026
3937
3503
2885
2671
2578
2065
1976
1875
2016
1555
2023
2436
2259
2641
2665
2544
2314
2662
2163
1353
1188
1408
1287
758
1062
1099
783
199
-31
-63
-314
-676
-899
-616
-421
-242
-375
-458
-372
-536
-707
-872
-1266
-1823
-2396
-2590
-2202
-2090
-2374
-2161
-1724
-1423
-1217
-1075
-880
-922
-1186
-1459
-1463
-1691
-2189
-2568
-2776
-2716
-2414
-2054
-1795
-1093
-527
-242
-216
-126
-367
-761
-682
-999
-806
-695
-392
-259
-24
384
185
449
434
750
770
959
1059
1062
1297
1100
1190
506
197
31
269
43
-300
99
-115
-48
-447
-381
-715
-732
-480
-679
-234
-115
199
-73
69
28
-127
31
89
496
303
505
625
926
752
677
965
1051
1436
1201
1349
1185
1283
999
633
970
934
910
323
458
251
-127
-193
-458
-475
-880
-876
-1133
-1022
-972
-1199
-917
-783
-360
-369
-194
72
371
393
156
680
834
942
974
1138
974
710
835
557
227
100
167
-164
-536
-482
-696
-1212
-1197
-1040
-1037
-1245
-1098
-1076
-1241
-1287
-1515
-1630
-1975
-1846
-1957
-2206
-2194
-1975
-1792
-1705
-1134
-633
-297
144
536
835
903
982
1305
1381
1643
1802
2194
2484
2775
3432
3768
4278
4710
5541
6172
6506
7189
7535
7634
7492
7210
6621
5664
4748
3394
1889
485
-1074
-2671
-4187
-5299
-6465
-7300
-7695
-7868
-7995
-7800
-7340
-7102
-6782
-6456
-6206
-6157
-6008
-5939
-5887
-5761
-5591
-5366
-5139
-4667
-4044
-3533
-3097
-2368
-1793
-1421
-993
-348
80
362
780
917
1122
1104
1146
1017
1197
1369
1167
1241
1306
1481
1681
2199
2643
3174
3581
3941
3925
3986
3859
3326
3211
2717
2688
2350
2302
1969
1517
1384
880
510
-526
-922
-2419
-3588
-5188
-549
8086
12795
14762
17678
27760
29179
27155
27571
28097
23039
10698
5967
397
-6025
-13313
-18320
-20488
-22827
-21243
-20911
-18452
-14333
-11034
-11628
-12195
-8680
-8037
-10640
-12911
-11318
-11700
-13673
-11851
-8185
-4445
-2522
1406
4792
7350
10204
10938
10480
8580
7284
3609
-710
-2620
-3907
-6574
-9302
-8409
-6039
-4945
-3933
-926
2063
3030
2861
3484
4044
2867
731
-950
-1812
-2319
-3015
-3002
-1810
32
1339
1870
3683
5721
6133
5238
4946
5012
3597
1787
863
278
-770
-1989
-2589
-2441
-1888
-1620
-2012
-1637
-775
-398
-767
-205
937
1014
514
886
1914
1695
1436
1399
1777
1760
923
651
-142
-879
-2503
-2877
4722
12569
16571
16535
22377
31699
30819
28615
27934
28945
20316
8414
3339
-2120
-8492
-17504
-21757
-23765
-24583
-23997
-23698
-19622
-15056
-12580
-13404
-11562
-7581
-7528
-9892
-10434
-8416
-9616
-10513
-8096
-4139
-1126
964
4837
7392
9845
11723
11834
10412
7961
5506
585
-3880
-6342
-8529
-11583
-13919
-12973
-11746
-10695
-8732
-5450
-2223
-217
2649
5002
6424
6505
6313
6487
6079
5835
4714
3844
3268
2780
1882
974
1240
1115
405
-101
680
1256
927
1021
1615
1976
1451
1245
1064
501
-504
-1849
-3031
-3738
-3869
-4432
-4880
-4097
-2739
-1918
-841
1259
3155
3503
3583
4177
4127
3133
2104
941
-603
-2284
-4043
-5659
-4866
3872
12446
15334
16464
23007
31953
31144
28770
28735
28708
19882
7602
2603
-2288
-8947
-17967
-21970
-22413
-23023
-22706
-21672
-16531
-12017
-10607
-11059
-8977
-5463
-6154
-8630
-9215
-7940
-9143
-10045
-7304
-3214
-153
1881
5640
8713
11038
12701
12774
11296
8229
5040
289
-4300
-7309
-9818
-12614
-14944
-14426
-12935
-11421
-9357
-6474
-3297
-1528
153
2042
3676
4901
4397
4262
4404
4814
5301
4749
5550
5249
4650
3734
3161
3341
1732
559
-744
-1056
-1498
-1745
-1097
-552
-19
-29
568
950
1258
595
-509
-1671
-2709
-3399
-4509
-4628
-4413
-3846
-2932
-1526
799
2186
3360
4132
4617
4656
3929
3118
1683
122
-2218
-3613
-2675
4720
11599
14640
16527
23000
31762
30610
29064
29044
29058
19697
7303
2753
-2492
-9670
-19529
-23091
-23595
-24916
-24718
-23079
-17186
-13041
-11454
-10977
-8128
-4481
-5239
-7187
-7515
-6469
-8187
-9175
-6464
-2805
-353
1429
5397
8317
10649
12560
12951
11507
8147
5269
670
-3950
-7273
-10140
-12961
-15653
-15217
-13675
-11483
-8789
-5751
-2421
44
2575
4132
5395
5996
4903
2936
1598
1468
905
49
287
883
1043
1545
2823
4084
4196
3933
3380
2738
2222
1629
863
-32
-677
-1365
-1729
-1505
-985
-1111
-1667
-1907
-1845
-1889
-2164
-2086
-1826
-1815
-1517
-922
247
975
1508
1575
1678
1697
1182
704
-321
-276
545
6508
12699
16163
17771
22514
30250
30037
28184
27297
27745
20762
9566
4385
-190
-6288
-15775
-20357
-21465
-23045
-24046
-23952
-19458
-15735
-14150
-13870
-11092
-6941
-6614
-7920
-7850
-6030
-6779
-7794
-5726
-2332
-54
1254
4507
7424
9533
11261
12001
11198
8523
6285
2703
-1616
-5122
-7869
-10736
-14207
-15001
-13997
-12600
-10759
-7570
-3859
-1186
1386
4097
5546
5590
5294
4309
2425
796
253
-573
-1611
-1356
-471
9
1152
3359
4786
4734
5082
5632
4741
3461
2872
1880
-218
-1680
-2060
-2799
-3389
-3047
-2685
-2891
-2615
-1681
-1257
-1083
-353
77
-50
92
856
1198
767
1044
1175
718
49
-476
-942
-2247
1282
8318
13167
14337
16692
25549
29330
27955
26760
28920
27433
16994
9667
5754
2032
-6909
-15434
-18105
-19628
-21500
-24339
-22456
-17888
-15661
-16207
-15269
-10354
-7772
-8838
-9761
-7705
-6845
-8495
-8207
-5261
-2096
-989
1180
4370
7234
9863
11513
12287
11053
9696
7470
3628
-55
-3127
-5727
-9931
-13000
-13487
-12777
-12273
-11579
-8461
-5552
-2754
-390
2605
4655
5217
5403
4050
3710
2778
1822
-184
-747
11
-1007
-987
445
2672
2441
2546
4179
4596
3969
3518
3614
2173
700
-196
-1317
-2281
-2572
-2812
-3914
-3724
-2798
-2875
-3203
-2224
-1085
-1574
-1299
117
930
379
503
1456
881
229
-19
-161
-560
146
6031
11383
15254
17155
21906
29015
29995
29567
28175
29127
23839
14087
8267
3905
-1200
-11353
-17320
-19034
-20758
-23332
-24723
-20832
-17657
-16900
-16834
-13633
-9412
-8863
-9837
-9512
-7460
-7759
-8552
-6994
-3715
-1273
-346
2579
6073
9226
11025
12114
12550
11060
9279
6083
2463
-1275
-4654
-8161
-12253
-14111
-14281
-13753
-13501
-12182
-8732
-5365
-2464
-224
2992
5680
5753
5060
5094
5698
3788
1698
1398
1273
114
-516
1011
1953
2141
2571
3461
3903
4234
4359
3290
2453
2089
897
-1160
-1772
-1436
-2949
-4351
-3610
-2439
-3050
-3361
-1778
-1070
-1415
-1048
335
864
810
1062
908
810
1044
687
-256
-1266
-1306
-1841
1962
8888
13146
14296
17417
26522
28931
27378
27521
30100
26389
15461
10410
7196
1777
-8209
-14817
-16857
-19746
-22467
-24252
-21304
-17861
-16993
-17244
-14716
-9649
-8526
-9880
-9421
-7082
-7659
-9610
-7887
-4586
-2909
-2408
637
4151
6731
9496
11805
12708
11594
10812
8556
4835
1555
-1377
-5123
-9948
-12277
-12801
-13228
-13519
-12488
-10071
-8241
-6518
-3781
426
3607
3671
3613
5283
6612
4812
3656
5117
4857
2564
1722
4095
4410
3281
3383
3657
3273
2401
2595
1650
1042
667
-1165
-2691
-1981
-866
-2906
-4086
-2364
-1752
-3474
-3291
-764
-1140
-2989
-2461
-657
-678
-1086
115
574
502
810
1478
1192
906
1226
-498
-1296
-610
4260
8681
11836
14813
17699
24236
26550
27394
26438
27093
24600
15599
9806
5977
2106
-7335
-14637
-16530
-18768
-21722
-23686
-20476
-17548
-17068
-16777
-14066
-9644
-8284
-8888
-9006
-7195
-6974
-8395
-7716
-4846
-2460
-2475
-504
3286
6539
8480
10029
11830
11061
9686
7744
5242
2100
-1338
-4469
-8827
-11503
-12125
-12166
-12655
-12226
-9687
-7714
-5469
-1968
1588
3042
3277
4711
5533
5404
4946
4615
3540
2229
2059
1784
1745
2070
2303
1774
1877
3135
3301
2663
2647
2831
1441
112
303
140
-1279
-2414
-2466
-2889
-3457
-3269
-2984
-3208
-3175
-2761
-2289
-1568
-440
181
250
969
1753
2033
1503
1819
1215
-475
-1998
-18
6006
9663
11559
13465
20690
25774
25751
26176
28378
28997
20615
13502
10466
7089
-1321
-10899
-14243
-16898
-20671
-24252
-23009
-19180
-18219
-18538
-16891
-11840
-8926
-9240
-9267
-7438
-6670
-8590
-8662
-6353
-4105
-3920
-2742
554
3745
6682
9024
11177
11555
11183
10206
7816
5301
2485
-783
-5607
-9438
-10712
-11505
-12486
-12835
-10697
-8545
-7030
-4423
92
3610
3653
3907
5235
6164
4037
2721
2890
1571
-605
-1469
295
725
920
1751
2682
3471
4374
5217
4703
4612
4259
2195
28
20
-6
-2646
-4335
-3524
-3509
-4950
-4553
-2430
-2390
-3179
-2203
-552
-345
-145
595
592
344
543
445
-297
-562
-1065
-2883
-1352
5506
10857
12223
14188
22611
27888
27054
27074
30001
30025
21075
14024
10644
6608
-1744
-10650
-14453
-17231
-20315
-23633
-23138
-19352
-17581
-18083
-16980
-12066
-9014
-9801
-10060
-8001
-7413
-9364
-9246
-6768
-4677
-4081
-2258
851
3886
7301
10009
11734
12076
12307
11269
8398
5774
3159
-346
-5457
-9072
-10763
-11874
-12930
-13118
-11649
-9723
-7739
-5409
-2004
1469
3307
3301
4044
5427
5747
4173
3145
3335
2219
508
202
1906
2158
1104
1261
2685
3362
2896
3242
3701
3088
1611
756
581
89
-1053
-2518
-3197
-3255
-3603
-4219
-4086
-3083
-2994
-3425
-2579
-901
-84
-505
162
1299
1496
770
706
938
-231
-1723
-174
5390
9514
11449
13720
20608
25735
26052
26508
28625
29047
21696
15261
11868
7765
-413
-9153
-12917
-16395
-20258
-23408
-22814
-20164
-19234
-18770
-16924
-12723
-9998
-9710
-9228
-7655
-7047
-8233
-7930
-6009
-4490
-4160
-2502
542
3256
6040
8781
10976
11345
11414
11148
9221
6519
3796
767
-3873
-7812
-9668
-10936
-12441
-13199
-11548
-10135
-8576
-6383
-2146
1593
2251
3225
4494
6617
4967
3674
3980
3034
886
-1223
633
653
-18
176
1444
2390
2503
3922
4107
4050
3889
3072
1460
854
879
-1299
-3529
-3323
-2870
-4586
-5145
-3226
-2662
-3914
-3210
-688
-240
-701
284
1362
787
641
1029
828
-271
-923
-2183
-1775
4015
9195
11272
12116
19917
26272
25985
26112
29086
30509
22192
15620
12826
8923
613
-8356
-12378
-16187
-19564
-22725
-22887
-20347
-18625
-18396
-17618
-13098
-9404
-9355
-9783
-7949
-6728
-8424
-8637
-6616
-4897
-4862
-3427
-329
2386
5601
8595
10832
11259
11941
11952
9825
7380
4966
1894
-3106
-7082
-8925
-10620
-12225
-12974
-11601
-9864
-8105
-5055
-1755
1309
2137
3093
4035
4243
3482
1972
1413
-156
-1220
-1767
-1130
-247
312
1331
2258
3892
5134
5585
5480
5447
4864
2995
1462
758
-487
-2798
-4047
-3900
-4217
-4626
-4098
-2898
-2694
-2667
-1448
-454
143
206
340
297
15
66
-475
-890
-1598
-2614
-2353
2332
8000
11102
12783
18577
25700
27063
27370
29167
31152
25345
17653
14063
10328
3423
-6115
-11115
-14514
-18495
-21998
-22976
-20579
-19238
-19177
-18240
-14572
-10847
-10456
-10600
-9243
-8039
-9135
-9672
-7802
-5889
-5445
-4394
-1308
1830
4940
8011
10722
11885
12419
12872
11569
9268
6601
3642
-889
-5573
-8149
-9914
-11684
-13257
-12859
-11387
-9837
-7491
-4120
-691
584
1360
2925
4743
4326
3081
3329
3094
1419
-101
1338
2133
1126
1038
2451
3419
3022
3909
4586
3861
2919
2400
1441
345
66
-1078
-3060
-3486
-2705
-3532
-4442
-3240
-2427
-3831
-4060
-1902
-964
-2042
-1417
58
-193
-748
186
957
-15
-701
-880
-1020
2014
7745
11395
12830
16529
23683
26276
26407
27994
29703
26349
18969
15036
11159
5405
-2735
-9394
-13805
-17616
-20350
-22622
-22114
-20129
-19318
-19253
-16891
-12260
-10140
-10453
-9733
-7896
-7764
-8466
-7297
-5351
-4410
-3920
-1897
854
3984
7133
9394
10740
11508
12211
11251
9284
7242
4352
161
-4319
-7162
-9065
-10861
-11988
-12130
-11126
-9267
-6745
-4046
-1594
639
1844
2250
2684
3114
2407
788
-199
-572
-1164
-1371
-252
1048
1661
2415
4198
5743
6274
6430
6268
5394
3821
2402
1108
-419
-2027
-3505
-4553
-4741
-4501
-4153
-3826
-3096
-2337
-2037
-1386
-422
192
-147
-452
-261
-207
-825
-1215
-1099
-1776
-2754
-2270
2810
8281
11432
13732
18779
25754
27530
28062
29219
30486
25920
18048
13952
10106
3862
-5386
-11316
-14572
-18334
-21589
-22812
-20877
-19578
-19415
-18519
-15301
-11621
-10599
-10560
-9689
-8406
-8857
-9177
-7690
-5885
-5022
-4141
-1284
1874
5052
8169
10688
11993
12327
12854
11908
9558
6750
3681
-492
-5241
-8039
-9536
-11277
-12827
-12667
-10737
-8724
-5998
-2973
-561
878
1864
2770
2640
2386
1512
-97
-1699
-1969
-1657
-1730
-884
846
2077
2729
4763
6948
7384
6804
6683
6015
3872
2149
952
-856
-3147
-4408
-4829
-5201
-4986
-4245
-3846
-3434
-2440
-1644
-1132
-573
219
-205
-811
-645
-432
-1218
-1777
-1924
-2212
-2184
1148
7347
11113
14257
18156
25196
28523
29107
30507
30886
28362
20642
15534
11026
5031
-3233
-10772
-14529
-18235
-21357
-23321
-22255
-20203
-19888
-19173
-16585
-12730
-11123
-11086
-10200
-9038
-8968
-9495
-8176
-6356
-5075
-3993
-1490
1870
5018
8324
10887
12590
13030
13306
12617
10418
7517
4030
159
-4470
-7949
-10082
-11657
-12954
-13390
-11598
-9272
-6587
-4197
-1359
871
1610
2207
2535
2798
1284
-164
-1052
-1557
-1976
-1940
-529
673
1808
3074
4968
6567
7158
7189
6674
5810
4269
2413
673
-939
-2640
-4438
-5264
-5066
-4703
-4617
-4082
-2997
-2304
-1912
-1175
-243
-121
-481
-534
-651
-764
-1278
-1466
-1770
-2476
-2109
-549
5070
9966
13509
16623
22068
28531
29271
30148
30754
30660
24420
16921
13213
8099
745
-8198
-12988
-16482
-20301
-22681
-22935
-20979
-20124
-19571
-17969
-14651
-11646
-11185
-10955
-10001
-8986
-9479
-9216
-7314
-5611
-4595
-2922
558
3751
6946
9928
12123
12759
12843
13020
11305
8370
5064
1706
-2830
-7199
-9462
-11027
-12843
-14135
-13260
-11318
-9490
-6758
-3003
232
1645
2675
4443
5435
4602
3216
2440
1331
-402
-1164
-467
106
107
693
2123
3661
4886
5795
6032
5710
5057
3790
2290
1143
-305
-2693
-4684
-4947
-4995
-5779
-5765
-4427
-3821
-3996
-2968
-1000
-251
-479
216
661
344
-153
100
-248
-1170
-2004
-1923
-414
4701
9849
13220
16195
21689
27996
29111
30275
30876
30489
24341
17342
13143
7551
435
-8339
-13676
-17684
-20851
-22892
-23497
-21690
-20198
-19311
-17825
-14454
-10935
-10301
-10357
-9582
-8591
-8893
-8740
-7098
-5521
-4402
-2748
455
3771
7338
10141
11922
12668
13031
12933
10855
8133
4766
928
-3664
-7605
-9827
-11691
-13301
-14303
-13566
-12010
-9981
-7576
-3933
-515
2112
3792
5244
6801
6530
5878
4216
3324
1753
258
-238
-162
274
-219
471
1954
3402
3854
4327
5118
4847
3625
2592
1981
430
-1749
-3466
-4481
-5273
-5855
-5810
-5537
-4883
-4161
-3412
-2371
-927
252
334
688
1405
1572
944
478
585
-349
-1961
-1787
176
5273
9018
12905
16296
21714
27491
28739
30117
29921
29575
23381
16573
12146
6635
-731
-9599
-14285
-17788
-20957
-22990
-22993
-20973
-19748
-18542
-16673
-13309
-10356
-9803
-9974
-9524
-8499
-8923
-8874
-7559
-5719
-4561
-2978
508
3998
7441
9813
11820
12593
12762
12335
10174
7273
3694
32
-4371
-8009
-10002
-11578
-12899
-13683
-12542
-10714
-8700
-6291
-2970
438
1980
3122
5066
6993
5972
4221
4137
3830
1436
-161
1128
1280
-352
-206
2058
2773
2452
3687
4669
3895
3295
3443
2389
891
142
-1503
-3688
-4160
-3810
-5283
-6250
-4607
-3793
-4824
-4185
-1523
-939
-1737
-477
1520
965
338
1300
1189
116
-1051
-508
-915
1162
6965
10590
13798
16656
24158
27923
28488
29829
29864
28336
20943
15861
10774
5024
-2536
-10670
-15080
-18375
-20662
-23245
-23017
-20355
-19154
-18747
-16618
-12240
-10395
-10957
-10681
-9166
-8837
-9636
-8628
-6931
-5219
-4105
-1445
1907
5410
8706
10610
12276
12796
12942
11429
9011
6196
2327
-1699
-5759
-8524
-10624
-12078
-12851
-12773
-11463
-9461
-6255
-2998
-438
943
2673
4451
4298
3517
2965
2469
28
-1298
-467
-155
-753
-172
2040
2738
3369
5354
6683
5874
5277
5375
4018
2088
1172
-191
-2824
-4045
-3832
-4632
-5272
-4175
-3279
-3835
-3242
-1230
-890
-1428
-446
221
-446
-842
210
-51
-1246
-1280
-746
-1828
-2122
-612
3429
8433
12088
16059
19085
26097
29117
29545
29096
29319
26890
18249
13241
9148
3552
-5710
-12241
-14661
-18039
-20929
-22173
-20715
-19412
-18931
-17825
-15771
-12687
-11676
-12160
-12158
-10626
-10066
-10514
-8989
-6538
-4539
-3373
268
4165
7158
9704
11789
12907
12191
12074
10543
7440
3884
765
-2853
-7150
-9087
-9977
-11279
-12451
-11574
-9586
-8507
-6945
-4318
-1361
810
1236
2218
3816
5313
4317
3041
4350
4328
2499
1398
3742
3729
1211
1304
3324
3034
1191
2273
3221
1779
742
1532
1193
-81
-386
-1107
-2622
-2866
-2595
-4077
-5068
-3688
-3629
-5103
-4247
-1556
-1677
-2647
-483
1638
892
77
2234
2187
346
-277
79
-258
-987
4709
9402
12379
14626
20137
27175
27811
29205
29015
29528
24241
16828
12168
7071
1036
-8700
-14298
-16842
-19264
-22373
-23262
-20130
-18591
-18745
-17437
-13304
-10755
-11334
-11593
-10554
-9673
-10545
-9879
-8058
-5943
-4467
-2418
1536
4964
8346
10371
12273
12826
12066
11036
8822
5954
1785
-1704
-5079
-8277
-10179
-10556
-10371
-10749
-9645
-7206
-4726
-2875
-453
1487
1643
1449
1841
1947
653
-216
-566
-1198
-1279
-278
1284
1968
2996
4282
5033
5691
6246
6159
4835
3771
2870
1262
-227
-824
-1516
-2962
-3472
-2904
-2681
-2864
-2371
-1701
-2092
-2005
-1487
-1289
-1691
-1768
-1287
-1759
-1576
-1341
-776
-1167
-1005
-1049
-1759
-883
1428
7605
11075
15239
18190
23625
28482
29217
30319
28902
27934
21211
14798
10147
4976
-1750
-10160
-14188
-16972
-19441
-21282
-21154
-19243
-19023
-18663
-17330
-14486
-12974
-13302
-13494
-12887
-11647
-11355
-9660
-7414
-4550
-2495
254
4308
7774
10982
12329
13228
12519
11486
10022
7071
3806
124
-3037
-6533
-8808
-9404
-9770
-10072
-9855
-7996
-6231
-4542
-2999
-1247
341
727
912
663
1347
1019
74
-13
627
1167
702
2080
3721
4001
3696
4522
5538
4728
3998
3903
3331
1761
723
315
-420
-1122
-1751
-2277
-2579
-2323
-2381
-2872
-2389
-1939
-2223
-2662
-1692
-1130
-1569
-1392
-269
154
-689
-269
377
-139
-916
-1386
-1369
-1577
1586
7876
11483
14536
17801
25275
28599
28658
29317
29224
26776
18344
12854
8567
3160
-5038
-12389
-15239
-17447
-19913
-21469
-19924
-17674
-17800
-18068
-15902
-12832
-12745
-13942
-13735
-12439
-12271
-12132
-9519
-6617
-3908
-1829
1932
6030
9374
11999
12959
13199
11939
10514
8223
5059
1691
-1843
-4892
-7627
-8946
-9016
-8885
-8746
-8000
-6297
-4689
-3394
-1989
-689
-66
-71
185
539
689
529
490
907
1488
2023
2590
3521
4218
4137
3931
4238
4278
3526
2890
2670
2100
1168
798
861
335
-438
-943
-1277
-1746
-2268
-2650
-2969
-3006
-3002
-3155
-2923
-2133
-1601
-1421
-871
114
339
-28
85
415
-285
-1343
-1682
-2603
-2818
-1661
5040
10187
13954
17105
23016
29754
30016
30815
29763
28867
21674
13435
8671
3540
-2809
-11372
-15546
-17094
-18688
-20099
-19774
-16957
-15984
-16662
-16443
-14046
-12826
-14353
-15482
-15154
-13857
-13774
-11494
-8032
-4238
-1137
2029
6679
10135
13170
14129
13871
12351
10018
7673
4287
1087
-2185
-4880
-7224
-8450
-7978
-7326
-7097
-7151
-5947
-4662
-3971
-4013
-3442
-3379
-2815
-2445
-1482
-352
549
2343
3054
5429
6434
7079
6787
7002
6633
4402
3318
2670
1504
-494
-479
221
-129
-187
974
1740
1126
1082
1048
-122
-1362
-2249
-3175
-4546
-4316
-4164
-4406
-3655
-1997
-1006
-1048
752
2140
1834
1092
1472
1238
-545
-1550
-2043
-2868
-4762
-4235
-2403
3742
9685
14499
18182
22899
29968
30366
30005
28343
26799
19890
10667
5992
1447
-4128
-11057
-14590
-15328
-16046
-16427
-16294
-14562
-13655
-14791
-16406
-15794
-14704
-16285
-18071
-17879
-15401
-14187
-11414
-6739
-1821
2195
5135
9177
11888
13964
14098
12280
9858
7119
4588
1309
-1151
-2615
-4203
-5598
-5766
-4817
-4277
-4279
-4704
-5210
-5869
-6429
-6784
-7427
-6456
-5603
-4491
-2638
-101
3280
4930
7810
8709
8881
8474
8090
6713
3982
2745
900
-850
-1397
-9
225
279
1915
3349
3100
3084
3894
2331
-464
-1687
-2694
-4803
-6143
-5280
-5381
-5702
-3919
-1881
-938
-285
1487
1463
936
1246
1287
-390
-1617
-1292
-2389
-3395
-3102
-2313
-3079
-2347
3222
10959
15176
18501
21639
27636
29852
28193
26316
24278
21224
11832
4947
1992
-443
-6583
-12421
-12820
-12404
-14338
-16170
-15050
-13825
-15870
-18890
-19489
-17938
-17810
-18936
-18726
-15490
-11856
-9412
-5173
330
5270
6873
8624
11217
12423
11895
9973
8174
5511
3072
1425
-42
-948
-1554
-2388
-3582
-3892
-3386
-3897
-6055
-7888
-8654
-9628
-10452
-10391
-9054
-7553
-6056
-2147
2072
5901
8488
9839
11406
10427
10085
8141
6013
3898
1422
42
-1039
58
842
1061
1916
3605
4098
3670
3628
3166
927
-1834
-2937
-4083
-5523
-6012
-5774
-5087
-4550
-2697
-1192
-262
710
668
375
-213
110
-338
-1244
-1057
-773
-905
-845
307
739
676
254
-68
-783
1264
8537
12815
14988
15884
21926
26321
24664
23908
22938
21798
13549
6176
3226
966
-3785
-10734
-13283
-13131
-14043
-16357
-16439
-14222
-14694
-17808
-19237
-16590
-15251
-16019
-16097
-13615
-10114
-8258
-4509
-60
4408
6493
7215
8810
10036
10697
9261
7291
5346
3391
1716
452
-20
-557
-1604
-3256
-4392
-4850
-5238
-6776
-9117
-10127
-11060
-11469
-11366
-8855
-5680
-4568
-1953
1605
6151
7577
8635
10477
9980
8497
6983
8570
8118
6057
4751
4702
4753
3496
3733
3453
2358
530
-379
-1010
-1903
-2415
-3642
-4814
-5357
-4410
-3954
-3915
-2926
-2319
-2653
-2939
-1654
-877
-1566
-1765
-1215
-891
-682
755
2177
2526
2512
2930
2732
2307
2006
878
-771
-2733
-3654
-4230
-1283
6348
12167
15237
16565
22558
26876
25788
22873
20206
17575
9484
1592
-2200
-2854
-5439
-10441
-12695
-10910
-9229
-10615
-11882
-11064
-11343
-15178
-19080
-18221
-15914
-15641
-16481
-14418
-9010
-4896
-1599
2078
6792
9247
8256
7236
7610
8012
5853
2671
883
606
165
-463
-164
469
57
-2276
-4358
-5365
-6352
-8393
-11256
-12465
-12327
-11442
-10038
-7106
-2654
1603
4342
6046
8679
11146
12371
10658
8821
7621
6027
4353
3141
3721
3549
2412
1922
2660
3489
3007
1762
462
-858
-2181
-3186
-3832
-3985
-4114
-4712
-4833
-4097
-2705
-2215
-2420
-2194
-1884
-1471
-1115
-17
1129
1656
2102
2671
3828
4381
4311
3723
2888
1728
361
-773
-2144
-2904
-4544
-5550
-6951
-3946
4968
12090
15897
15247
20638
25513
24191
19925
16712
16768
9984
1012
-2899
-709
279
-4681
-8365
-6821
-4272
-6953
-11339
-11845
-11009
-14663
-21585
-22021
-17576
-14341
-15352
-14568
-8215
-3166
-889
309
4133
7137
5343
2135
1046
2915
3441
1718
465
1589
3323
3380
2991
3135
3270
424
-3846
-7108
-8198
-8742
-10916
-12486
-12078
-9323
-6404
-4188
-1234
2467
5339
6128
5646
6844
8666
8890
6913
5299
5953
6265
5397
4710
5382
5304
3383
1350
955
972
62
-1592
-3074
-3371
-2797
-2371
-2468
-2237
-1355
-1585
-2842
-3100
-1982
-1463
-2392
-2653
-1514
-34
1110
2142
3179
3946
4207
3993
3440
3119
2797
1444
-736
-1858
-1979
-2322
-3628
-4070
-4563
-5084
-6400
-1933
6429
13096
15117
13900
19568
23006
22789
17758
15458
15920
10295
3070
-1054
1598
2676
-2058
-6638
-7014
-5071
-7601
-12219
-14366
-14052
-15968
-20543
-21439
-18142
-13570
-12679
-11931
-9093
-4872
-1538
-543
919
1808
2405
1719
875
1799
3465
5336
5159
4437
4574
5461
5604
3456
750
-1700
-3702
-6565
-9055
-9575
-8611
-7940
-8439
-7535
-4543
-1100
904
1687
3012
4293
4668
4064
3716
4405
4923
4662
3830
4121
5343
6216
5569
4165
3316
2729
1786
434
-182
-172
-356
-911
-1201
-720
-201
-297
-1135
-2183
-2749
-2853
-2862
-3064
-2778
-1820
-587
350
1307
2651
3776
4149
3632
2891
2172
1698
816
-295
-1312
-1718
-1672
-1868
-2307
-2366
-2536
-3063
-4628
-5260
60
7975
15036
14812
14469
18453
22136
21992
15991
13624
11942
8614
2814
-1693
-903
21
-632
-4515
-7394
-7794
-8418
-10018
-13829
-16233
-18240
-19191
-19035
-18106
-15626
-12743
-8818
-6495
-5281
-3837
-655
2144
2175
1000
405
1656
2883
3837
4799
5755
6861
6571
5440
3790
2674
1396
-1195
-4317
-7253
-8380
-8337
-7374
-6582
-5908
-4433
-2523
-881
79
1231
2677
3154
2580
1913
2069
2893
3844
4546
4508
4437
4798
5572
5499
4730
3844
2982
1973
1117
945
937
827
696
433
-189
-903
-1021
-1141
-1867
-2893
-3483
-3347
-2913
-1957
-947
-13
766
1521
2091
2141
2200
2067
1607
840
305
-73
-167
-116
48
-106
-636
-854
-1031
-1668
-2834
-4488
-3924
983
8474
15098
15808
15792
16263
18139
17860
14476
11095
6633
3716
891
-97
-924
-1549
-1308
-1967
-3173
-6620
-9982
-12408
-13953
-14719
-17240
-18792
-18969
-16263
-12871
-9784
-6780
-4963
-3377
-2742
-1477
-1008
-1060
-864
-446
684
1481
2905
4678
6289
7494
7346
6248
4121
1980
-28
-1766
-3211
-4552
-5342
-5614
-4756
-3791
-2950
-2103
-1019
-57
119
114
153
218
156
311
829
1456
2355
3341
4336
4970
5295
5173
4396
3533
2803
2327
1765
1532
1734
1979
2021
1887
1790
1388
738
43
-807
-1659
-2488
-2697
-2521
-2019
-1248
-464
348
807
1242
1477
1593
1453
1215
1000
829
805
743
866
916
978
970
726
532
24
-558
-1239
-2042
-2782
-3711
-3503
-1340
2844
7786
11566
13843
13725
11983
9206
6504
4272
2297
1249
863
1222
1374
1234
691
-121
-957
-2110
-3431
-5305
-7619
-10087
-12052
-12471
-11698
-10040
-8321
-6624
-5209
-4492
-4309
-4754
-5419
-6192
-6523
-6048
-4910
-3298
-1724
-239
967
1921
2590
2740
2471
1714
877
69
-463
-606
-425
84
553
1082
1625
2213
2487
2092
1407
690
319
168
308
766
1267
1691
1976
2288
2377
2224
1882
1558
1308
1143
1234
1439
1645
1827
2077
2616
3246
3717
3676
3214
2647
1970
1245
609
217
161
420
919
1527
1878
1985
1790
1605
1346
934
369
-329
-927
-1517
-1931
-1826
-1295
-714
-462
-436
-435
-567
-762
-1148
-1481
-1633
-1552
-1305
-1212
-1135
-1070
-1019
-1104
-1229
-1271
-1395
-1597
-1725
-1487
-726
312
1359
2051
2565
2833
2780
2294
1518
850
242
-68
-101
364
1101
1809
2272
2402
2237
1726
804
-249
-1294
-2083
-2592
-2725
-2521
-2204
-1812
-1553
-1445
-1621
-1939
-2403
-2940
-3501
-3864
-3918
-3576
-2939
-2224
-1600
-1188
-970
-1065
-1437
-1990
-2495
-2814
-2878
-2624
-2083
-1322
-416
524
1323
1846
2109
2201
2183
2078
1950
1936
2081
2267
2449
2694
3030
3304
3409
3390
3267
3064
2823
2584
2314
2066
1975
2002
2025
1973
1924
1831
1589
1173
688
270
-71
-358
-670
-887
-906
-756
-542
-364
-185
-98
-173
-416
-704
-975
-1216
-1496
-1802
-1989
-1925
-1675
-1428
-1226
-1044
-894
-840
-843
-774
-667
-639
-764
-980
-1098
-1131
-1153
-1239
-1297
-1314
-1363
-1336
-1139
-772
-414
4
601
1246
1697
1861
1882
1754
1497
1212
1084
1160
1421
1821
2282
2699
2964
2989
2734
2250
1546
686
-162
-726
-973
-977
-776
-411
-87
-76
-322
-722
-1327
-2134
-2875
-3271
-3351
-3239
-2922
-2367
-1714
-1209
-1001
-1046
-1250
-1513
-1793
-2015
-2036
-1851
-1498
-1060
-547
-108
143
281
326
337
271
276
380
504
639
837
1180
1448
1538
1497
1458
1477
1423
1341
1304
1411
1606
1788
1961
2068
2157
2149
2019
1832
1629
1477
1266
1031
853
726
569
291
71
-37
-80
-184
-361
-429
-431
-421
-530
-671
-769
-922
-1087
-1235
-1272
-1313
-1403
-1471
-1498
-1495
-1542
-1533
-1445
-1325
-1261
-1254
-1205
-1092
-940
-795
-662
-511
-376
-276
-180
-43
164
371
566
757
954
1159
1324
1476
1577
1599
1517
1330
1129
944
816
724
657
682
793
980
1139
1257
1300
1196
954
632
384
191
36
-33
48
245
371
382
292
117
-165
-535
-856
-1092
-1227
-1263
-1209
-1088
-997
-967
-1030
-1186
-1419
-1680
-1912
-2118
-2259
-2262
-2081
-1792
-1552
-1367
-1161
-932
-742
-670
-658
-636
-587
-474
-300
-91
82
247
444
659
824
882
910
963
1034
1073
1089
1147
1219
1255
1243
1224
1249
1279
1296
1238
1113
987
937
992
1025
1000
959
964
955
847
693
548
417
258
80
-67
-205
-339
-440
-478
-513
-596
-650
-625
-571
-586
-616
-572
-460
-337
-246
-183
-185
-233
-269
-245
-200
-231
-305
-367
-368
-354
-348
-317
-258
-145
7
216
437
611
707
721
688
618
569
544
526
486
457
516
631
758
836
836
727
547
389
293
234
120
-14
-105
-120
-162
-314
-471
-601
-741
-995
-1224
-1230
-1072
-980
-1029
-1031
-951
-917
-1036
-1176
-1233
-1271
-1342
-1433
-1456
-1447
-1409
-1299
-1054
-783
-669
-700
-765
-791
-812
-796
-653
-386
-127
19
143
317
503
644
770
937
1121
1275
1363
1415
1446
1483
1505
1519
1563
1609
1619
1568
1504
1462
1407
1278
1028
746
531
456
415
287
146
71
53
33
9
22
28
-41
-173
-259
-235
-165
-128
-121
-101
-52
10
57
85
84
53
10
-14
-31
-83
-156
-201
-236
-333
-493
-627
-687
-705
-716
-670
-531
-376
-313
-329
-344
-311
-269
-243
-200
-143
-116
-124
-95
-1
99
132
134
185
265
299
280
289
320
328
305
300
339
345
259
82
-107
-286
-421
-482
-467
-404
-333
-270
-256
-338
-529
-742
-912
-990
-973
-886
-802
-806
-856
-872
-833
-810
-816
-742
-548
-334
-222
-215
-245
-260
-224
-98
122
343
483
558
636
727
775
760
736
725
707
683
704
756
739
588
409
338
368
413
385
301
214
158
126
121
115
99
107
175
357
569
709
798
896
960
955
888
825
778
665
548
511
527
548
522
392
205
26
-125
-238
-276
-244
-277
-394
-517
-630
-774
-882
-882
-813
-708
-624
-550
-446
-332
-281
-336
-420
-437
-403
-306
-127
46
118
92
9
-55
-12
-19
-180
-350
-373
-266
-239
-313
-276
-305
-588
-822
-860
-696
-383
-198
-220
-277
-317
-445
-575
-453
-260
-261
-329
-246
-48
-64
-168
10
212
446
661
359
138
259
201
85
117
434
680
662
823
990
853
760
740
505
236
206
31
-176
157
454
511
303
-176
-387
-442
-610
-377
-267
-496
-327
-68
-210
-324
-158
-175
-151
-18
128
277
288
345
781
802
479
423
293
177
361
625
439
378
531
406
113
-92
-216
-80
-11
-212
-274
-370
-519
-456
-349
-151
-154
-331
-13
324
110
-202
-126
-328
-57
324
44
90
514
640
827
513
-387
-427
-179
37
301
228
12
-195
-231
-563
-926
-891
-708
-441
-348
-676
-532
-210
-39
-412
-958
-1195
-669
-749
-461
241
280
244
-73
-366
-729
-387
8
103
19
400
526
-76
280
633
106
-174
131
563
501
357
552
444
533
834
689
49
217
29
271
1063
855
404
236
504
296
383
-160
-294
-486
-100
440
775
524
-469
-972
-968
-612
125
544
-191
-191
202
-258
11
68
-651
-915
-406
354
784
326
-429
-180
43
-111
149
314
-53
-401
-419
-545
-200
-74
-185
301
304
-298
-527
-506
-525
-172
-155
-434
335
457
183
-41
-115
124
1046
1179
357
363
404
208
114
735
567
-55
-224
391
641
337
662
-54
-998
-196
-102
-554
-264
-480
-517
-134
-726
-576
-181
-166
411
-736
-1581
-884
-543
-373
-93
-176
-616
-1025
-447
266
-725
-1202
-114
74
-259
-71
-54
-24
811
555
-276
318
1185
1270
450
206
125
445
782
1287
776
728
1335
1021
713
400
0
306
953
364
-366
0
633
398
-39
-518
-639
-781
22
263
-606
-340
256
194
-459
-642
-423
162
756
76
-267
610
671
128
-315
-572
-769
14
301
-464
160
726
302
-602
-775
-644
-775
-429
-124
-487
-692
-450
-542
-618
-8
133
-20
-127
-948
-1585
-1185
83
603
147
-248
-512
-729
-376
6
-433
-86
573
167
-28
212
-610
-315
964
659
262
481
352
68
113
622
771
607
775
414
505
350
-134
-225
81
728
705
120
-183
-201
-209
319
385
-104
-650
-167
517
966
67
-806
-277
759
1457
714
-118
-583
-250
50
733
721
-199
177
536
217
-137
-291
-25
-32
-251
-632
-565
-352
-185
722
817
169
-529
-917
-1378
-682
315
302
166
-222
-131
145
398
255
-204
-186
215
130
-122
-416
-598
252
969
222
-677
-818
-754
-533
-423
-1202
-520
398
-387
-648
-643
-457
164
279
-842
-1188
-156
249
96
-97
13
673
826
629
662
-106
-288
514
1110
392
-189
-366
245
891
522
187
65
374
449
231
-122
-578
-470
-331
175
319
-1
82
32
115
109
-83
-122
52
-505
-199
11
-264
-566
-191
780
224
116
709
-304
-647
112
416
134
219
112
7
601
510
-93
-237
424
683
450
-171
-820
-398
249
132
-190
-153
-95
99
178
-25
-215
-280
-86
155
205
-559
-608
-381
44
608
414
271
335
96
-481
107
172
257
482
64
-91
59
-188
180
877
378
-74
168
-102
-637
-84
-198
-204
341
-140
-720
-546
-299
-151
-241
-424
-219
121
-187
-818
-939
-337
163
119
-215
-374
-268
9
136
-53
167
157
-102
-330
-266
11
39
-390
-83
148
-7
341
18
-180
35
424
-138
-348
-219
-101
505
697
618
268
-185
98
456
261
151
-146
-229
431
453
71
396
432
86
55
285
143
-7
-65
-133
-103
224
452
11
173
668
253
-225
-53
-236
-287
236
178
228
40
-242
275
297
-38
-197
1
-417
-244
137
-281
39
140
-218
-308
178
424
593
194
-304
-460
-594
-378
-367
-191
-85
74
249
471
287
-330
-479
-433
-546
-400
100
-151
-254
103
62
237
304
-7
8
96
32
-102
-44
-207
-221
256
393
578
428
-226
-352
-329
-477
-306
-43
-212
-229
-274
-378
-295
-268
-73
62
-128
-353
-179
-169
-197
-78
-91
33
213
159
49
85
395
473
380
349
335
381
129
7
-27
8
99
360
488
354
318
90
-186
-254
-66
40
340
512
58
-110
-166
-291
-36
360
450
213
249
163
-126
-214
-252
-41
397
585
239
19
-137
-373
-170
204
393
401
236
-38
-362
-548
-454
-225
39
365
362
41
-229
-353
-384
-358
-233
-175
-82
-105
-132
-274
-381
-333
-225
13
175
81
-174
-286
-368
-247
-46
61
159
33
-163
-72
15
1
67
182
159
66
-13
-69
-134
-278
-202
-38
-25
8
199
180
-48
-178
-233
-178
-44
7
100
187
14
-138
-8
68
73
207
275
262
210
102
89
93
43
161
260
103
101
230
179
90
52
-7
-71
-44
54
120
60
12
77
110
64
48
139
134
-8
-40
40
60
63
45
9
67
115
70
96
111
27
-13
-10
-67
-127
-151
-169
-132
-97
-90
-82
-54
-20
-30
-92
-75
-26
-100
-174
-127
-82
-59
22
82
37
4
-8
-52
-74
-36
41
94
143
154
104
5
-52
-84
-103
-85
-74
-36
25
45
9
-21
-83
-137
-163
-222
-221
-192
-214
-197
-118
-88
-109
-135
-166
-139
-76
-19
32
47
26
39
54
30
19
52
107
156
159
142
144
135
98
75
57
33
52
81
51
25
39
45
42
21
-20
-25
25
69
106
135
104
82
121
134
100
105
150
179
183
176
156
152
168
155
119
92
72
55
27
-16
-30
-30
-61
-86
-107
-146
-168
-188
-215
-204
-177
-170
-161
-175
-202
-194
-169
-143
-115
-104
-88
-56
-56
-58
-31
5
57
87
75
54
51
55
54
57
56
48
42
51
48
34
45
50
36
17
-6
-39
-49
-33
-27
-41
-52
-52
-29
0
2
-5
-9
-14
-17
-14
-5
1
6
26
37
39
43
40
31
32
31
23
27
25
10
0
-4
0
9
12
10
7
2
-7
-24
-29
-18
-3
-8
-10
7
18
31
36
32
33
41
45
51
58
59
57
67
66
50
35
38
53
63
54
23
5
-6
-12
-15
-29
-52
-60
-60
-64
-73
-80
-83
-91
-102
-102
-97
-93
-92
-88
-77
-64
-54
-50
-35
-15
-4
2
3
5
12
27
35
40
41
40
44
47
48
42
26
19
15
13
12
7
8
12
13
6
-3
-5
0
11
10
3
-2
3
21
35
30
23
23
37
56
56
48
42
42
45
43
34
31
32
31
19
-1
-15
-22
-18
-17
-22
-35
-44
-41
-36
-29
-33
-38
-39
-42
-39
-34
-29
-23
-13
-7
-4
-7
-6
-1
5
14
18
18
15
20
22
20
21
19
22
23
25
18
9
-2
-4
-4
-2
-9
-20
-19
-25
-32
-39
-43
-39
-33
-24
-31
-35
-36
-34
-30
-29
-25
-19
-7
-5
-1
-1
6
15
21
29
30
30
27
31
23
23
21
19
20
16
14
4
-2
-11
-11
-8
-7
-8
-10
-8
-4
-3
-5
-4
2
11
21
23
22
24
27
31
32
33
27
34
40
41
37
31
28
28
26
19
17
9
2
-2
-7
-12
-17
-19
-19
-21
-22
-23
-22
-18
-17
-15
-16
-19
-15
-14
-10
-5
0
-1
-6
-8
-10
-6
-4
-4
1
0
-6
-10
-16
-18
-22
-19
-23
-25
-29
-38
-43
-42
-45
-42
-34
-31
-35
-31
-27
-19
-13
-3
7
14
22
26
33
37
41
44
46
45
43
41
37
37
31
29
25
21
15
6
4
3
-3
-5
-11
-13
-12
-13
-10
-11
-13
-14
-9
-8
-7
-10
-5
-3
1
4
2
4
9
7
11
12
12
12
11
7
7
8
7
4
2
4
3
6
4
5
3
0
-2
-4
-6
-7
-8
-7
-6
-6
-6
-2
-1
-2
1
9
12
12
13
15
16
15
12
12
14
11
11
9
4
-1
-4
-5
-9
-9
-13
-20
-22
-26
-28
-25
-29
-30
-28
-28
-30
-30
-31
-28
-24
-19
-17
-16
-14
-14
-10
-3
2
5
7
13
14
19
21
23
21
17
17
12
14
8
8
7
3
3
4
3
1
3
2
2
2
-1
4
4
7
9
10
11
13
18
17
20
18
15
18
15
13
13
13
11
11
8
6
8
7
3
-1
-4
-4
-7
-6
-5
-8
-9
-10
-10
-9
-8
-8
-8
-8
-9
-7
-5
-4
-3
-2
0
-1
1
-1
0
2
-1
-1
-1
2
1
0
0
-4
-4
-5
-7
-9
-10
-12
-14
-16
-21
-22
-22
-23
-20
-20
-18
-13
-8
-8
-6
-3
-1
2
5
8
11
13
18
16
17
20
21
20
16
15
13
12
10
10
7
2
2
1
0
-3
-8
-6
-8
-10
-10
-9
-8
-6
-7
-7
-2
-2
1
3
3
4
4
5
10
10
10
14
15
16
17
16
17
17
15
12
12
10
9
8
6
5
-1
-2
-4
-9
-6
-6
-8
-12
-12
-9
-10
-9
-7
-5
-3
-6
-3
-1
-2
-3
-3
1
2
1
1
3
4
4
-1
0
-1
-4
-5
-7
-5
-11
-12
-12
-11
-10
-12
-16
-16
-13
-16
-15
-12
-16
-16
-14
-10
-7
-3
0
0
0
4
8
10
10
9
10
11
13
10
12
8
9
8
5
7
6
4
1
2
2
0
-2
0
3
3
7
6
2
3
3
4
4
5
10
8
6
8
6
8
9
9
7
5
4
1
-2
1
-4
-3
-2
1
1
-3
-1
-4
-6
-11
-9
-9
-9
-10
-8
-5
-6
-3
-1
1
0
-2
4
3
3
8
6
8
8
8
10
11
14
8
7
9
6
3
1
-2
-5
-7
-7
-9
-14
-14
-16
-17
-18
-16
-13
-15
-18
-20
-16
-14
-13
-9
-8
-3
1
1
4
7
8
10
13
13
10
9
7
2
4
-3
-3
-5
-5
-6
-10
-8
-12
-12
-10
-8
-11
-10
-14
-11
-7
-3
-2
2
5
7
7
11
16
18
23
25
23
24
25
27
25
27
25
21
20
15
18
12
8
8
2
-3
-6
-10
-9
-9
-11
-9
-11
-10
-11
-11
-9
-8
-6
-8
-7
-3
1
3
-1
2
8
5
7
6
7
3
0
0
0
0
2
-2
-6
-6
-9
-10
-13
-14
-12
-14
-14
-12
-14
-13
-15
-11
-10
-13
-9
-10
-2
-3
-4
-3
1
4
1
4
7
7
10
9
7
10
8
4
5
4
5
2
2
3
-2
-6
-6
-4
-4
-4
-2
-3
0
-1
-1
0
-4
-2
2
2
5
3
6
5
8
7
3
3
1
-1
3
3
3
2
4
