SAMPLES:	6653
BITSPERSAMPLE:	16
CHANNELS:	1
SAMPLERATE:	16000
NORMALIZED:	FALSE
-37
-36
-37
-38
-38
-37
-39
-36
-37
-35
-34
-37
-33
-32
-32
-28
-27
-27
-25
-25
-19
-17
-18
-13
-12
-6
-4
-3
6
10
13
14
13
14
37
56
54
66
67
77
115
132
134
141
137
153
190
187
183
185
175
191
210
194
185
173
156
159
154
132
117
95
75
65
48
31
14
-4
-12
-26
-37
-44
-45
-39
-33
-30
-9
13
44
76
126
180
230
286
345
396
482
568
616
667
710
739
811
845
828
811
766
707
676
574
438
295
131
-45
-251
-472
-695
-940
-1163
-1446
-1760
-1997
-2229
-2457
-2632
-2925
-3194
-3308
-3420
-3495
-3527
-3702
-3759
-3665
-3582
-3430
-3272
-3057
-2823
-2555
-2267
-1946
-1614
-1264
-898
-520
-138
244
623
991
1354
1705
2037
2352
2638
2897
3138
3351
3533
3686
3804
3887
3955
3984
3984
3955
3879
3792
3676
3532
3366
3171
2952
2721
2472
2205
1931
1645
1351
1058
763
472
186
-94
-357
-606
-840
-1053
-1237
-1395
-1526
-1631
-1701
-1740
-1745
-1718
-1664
-1584
-1471
-1338
-1185
-1016
-837
-647
-451
-250
-56
125
283
427
548
642
699
730
730
700
635
535
402
242
68
-127
-338
-562
-787
-1017
-1245
-1471
-1680
-1886
-2073
-2246
-2399
-2525
-2637
-2731
-2802
-2845
-2870
-2868
-2844
-2800
-2734
-2646
-2535
-2401
-2246
-2071
-1874
-1654
-1416
-1157
-885
-593
-286
34
362
699
1039
1373
1703
2024
2331
2621
2886
3125
3336
3519
3662
3767
3836
3866
3860
3809
3725
3610
3462
3283
3076
2846
2596
2328
2048
1762
1468
1172
878
586
301
24
-234
-483
-715
-928
-1120
-1294
-1451
-1577
-1689
-1777
-1841
-1887
-1912
-1922
-1911
-1886
-1842
-1788
-1723
-1645
-1566
-1475
-1388
-1296
-1199
-1109
-1015
-923
-835
-751
-669
-587
-503
-417
-332
-242
-153
-54
56
167
286
413
548
688
835
992
1150
1297
1447
1601
1752
1894
2018
2127
2206
2257
2293
2303
2256
2171
2073
1946
1781
1572
1339
1082
799
507
206
-110
-434
-760
-1075
-1385
-1680
-1972
-2257
-2505
-2713
-2911
-3124
-3293
-3392
-3488
-3590
-3642
-3634
-3630
-3613
-3532
-3437
-3349
-3219
-3000
-2784
-2602
-2373
-2069
-1765
-1452
-1105
-766
-449
-58
392
760
1077
1452
1815
2119
2508
2907
3078
3154
3436
3760
3882
3995
4048
3703
3504
4294
4837
3490
2028
3077
4840
3764
1158
1108
3208
3417
1154
-145
839
1753
970
-345
-724
-286
-21
-469
-1266
-1596
-1249
-977
-1388
-1984
-1998
-1594
-1492
-1854
-2119
-1933
-1608
-1607
-1845
-1900
-1640
-1398
-1451
-1596
-1519
-1236
-1075
-1152
-1199
-1008
-741
-637
-643
-546
-305
-68
74
191
377
629
861
1040
1215
1426
1656
1844
1969
2069
2188
2302
2337
2270
2187
2157
2106
1927
1647
1406
1231
1007
673
298
-13
-268
-532
-871
-1225
-1512
-1734
-1960
-2218
-2454
-2643
-2792
-2944
-3081
-3202
-3296
-3364
-3408
-3431
-3441
-3442
-3408
-3332
-3226
-3114
-2988
-2814
-2588
-2351
-2108
-1818
-1495
-1158
-792
-388
13
405
822
1261
1680
2075
2467
2832
3156
3464
3768
4016
4173
4295
4436
4551
4561
4482
4409
4345
4234
4034
3792
3562
3341
3076
2756
2422
2111
1804
1476
1127
774
452
156
-161
-497
-800
-1046
-1288
-1565
-1810
-1980
-2132
-2316
-2479
-2563
-2609
-2679
-2741
-2748
-2719
-2679
-2637
-2574
-2489
-2389
-2272
-2153
-2036
-1907
-1760
-1613
-1465
-1307
-1139
-978
-820
-642
-447
-252
-83
97
330
579
787
975
1201
1459
1689
1869
2062
2292
2489
2608
2696
2810
2897
2878
2800
2743
2685
2542
2301
2049
1824
1582
1271
900
544
246
-47
-415
-821
-1155
-1390
-1646
-1986
-2290
-2473
-2626
-2826
-3039
-3172
-3245
-3324
-3401
-3448
-3454
-3446
-3417
-3358
-3276
-3186
-3071
-2906
-2700
-2492
-2286
-2038
-1730
-1384
-1047
-720
-364
39
452
845
1211
1563
1934
2311
2654
2922
3147
3383
3613
3780
3868
3922
3968
3985
3954
3874
3761
3622
3464
3290
3093
2857
2592
2324
2070
1799
1498
1184
878
600
321
20
-283
-557
-793
-1021
-1257
-1471
-1652
-1797
-1931
-2057
-2153
-2217
-2255
-2277
-2288
-2280
-2255
-2212
-2155
-2091
-2016
-1932
-1841
-1745
-1639
-1530
-1429
-1323
-1187
-1046
-922
-810
-663
-484
-317
-182
-27
192
427
627
790
997
1255
1492
1669
1842
2055
2267
2413
2500
2590
2679
2709
2657
2575
2503
2396
2204
1957
1711
1472
1194
860
517
208
-89
-414
-754
-1072
-1344
-1594
-1843
-2079
-2287
-2453
-2596
-2730
-2855
-2944
-3003
-3039
-3072
-3103
-3107
-3072
-3020
-2968
-2906
-2814
-2676
-2526
-2377
-2214
-2010
-1765
-1505
-1242
-961
-651
-317
20
351
684
1032
1376
1698
1996
2275
2543
2787
2988
3156
3300
3415
3495
3528
3531
3506
3453
3374
3259
3124
2977
2810
2622
2408
2182
1963
1731
1480
1228
974
724
472
217
-32
-272
-505
-723
-927
-1124
-1307
-1474
-1616
-1741
-1846
-1941
-2011
-2057
-2080
-2083
-2078
-2049
-1998
-1934
-1858
-1781
-1684
-1574
-1463
-1342
-1224
-1106
-980
-848
-714
-584
-450
-312
-166
-22
120
271
437
615
791
962
1133
1313
1496
1664
1821
1969
2105
2217
2298
2347
2359
2341
2284
2195
2073
1915
1721
1492
1240
971
682
386
78
-221
-521
-815
-1099
-1371
-1614
-1836
-2038
-2218
-2376
-2509
-2618
-2709
-2773
-2823
-2849
-2852
-2849
-2833
-2796
-2748
-2687
-2612
-2528
-2418
-2296
-2155
-1999
-1829
-1643
-1431
-1194
-947
-687
-408
-118
180
487
797
1106
1406
1700
1983
2244
2485
2702
2895
3058
3192
3290
3351
3382
3380
3348
3287
3195
3088
2953
2795
2625
2436
2228
2013
1793
1567
1335
1092
850
609
372
137
-90
-306
-514
-716
-896
-1066
-1223
-1368
-1486
-1579
-1658
-1721
-1777
-1818
-1840
-1836
-1817
-1787
-1754
-1710
-1648
-1573
-1498
-1423
-1345
-1264
-1172
-1075
-983
-893
-796
-687
-577
-458
-319
-193
-89
-3
117
279
440
594
741
889
1026
1141
1264
1406
1541
1655
1764
1863
1928
1960
1950
1896
1816
1729
1636
1507
1304
1056
842
666
462
207
-67
-326
-573
-832
-1105
-1365
-1549
-1655
-1751
-1891
-2049
-2177
-2255
-2289
-2294
-2297
-2296
-2270
-2229
-2205
-2213
-2217
-2210
-2162
-2045
-1869
-1730
-1721
-1759
-1668
-1411
-1119
-905
-760
-562
-263
67
276
361
531
968
1539
1888
1874
1774
1969
2486
2911
2909
2654
2548
2756
3049
3070
2793
2531
2548
2717
2680
2380
2037
1892
1909
1979
1873
1494
1026
899
869
668
446
309
-20
-325
-349
-392
-759
-1218
-1005
-770
-1395
-80
6017
8788
996
-8151
-6954
-1450
-2463
-8311
-9444
-3815
942
-446
-2101
1027
3486
864
-3160
-4213
-2931
-1823
-2756
-3723
-2797
-626
300
126
-113
106
235
630
1131
1160
1381
2687
3062
1117
-44
1760
3791
2926
1148
1448
3294
3729
2539
1149
721
1492
2812
2710
1040
-122
229
624
236
107
234
-525
-1352
-825
-989
-2526
-2399
-987
-1418
-2753
-2694
-1779
-1365
-2224
-3412
-3384
-1677
-525
-1825
-3436
-3786
-2137
-160
2506
5052
2645
-3682
-5139
-591
1791
-1743
-5337
-3497
-50
1154
-1561
-4028
-2346
2353
3874
1366
-1247
-1324
1395
4497
3404
-311
1411
2590
2599
3102
3286
23
1103
5698
5581
787
-1998
2739
4847
1665
-183
2360
3196
-277
-1093
3549
1769
-1792
1337
666
-2161
-1730
1514
1933
-3317
-3556
1551
1247
-1016
-3275
-985
682
-1622
-4332
-263
2413
-2749
-3938
-330
-75
-1826
-582
-1155
-730
-2477
-3344
888
1655
-3094
-4074
-1285
694
2352
970
-343
57
428
384
852
1362
3723
4027
527
131
3097
4450
1322
-62
2672
5835
4937
1674
-429
121
2777
3624
2624
915
-1093
-799
371
-690
-1832
-1637
-1786
-2221
-2926
-2360
-2254
-5031
-4659
-3655
-2901
-2527
-4354
-2821
-3749
-7194
-3394
1648
-2318
-7221
-4084
1056
1833
-6686
-5923
3478
6096
-1435
-6486
-1751
2028
4106
2138
848
-2205
1827
2828
1192
607
3627
1182
-1486
5468
6081
1124
-2628
1780
5617
5828
3453
-1445
1400
3308
1603
2247
2443
1989
-3075
3622
4452
-1933
-1026
-947
-756
1256
7312
39
-9465
-682
8156
-1462
-3631
2805
-648
-2924
2660
579
-4641
1667
681
-2786
-1972
851
880
353
-2525
-4915
721
4566
152
-5063
-2218
495
-887
-1772
-1562
885
-1634
-5780
-4158
2582
1298
-2909
155
8360
6571
-6585
-9295
4216
14393
6336
-2363
0
8132
5657
-1476
-165
6575
8363
5145
2143
397
2024
2448
665
-6
2041
2631
268
-2690
-5335
-5045
-3518
-2598
-2188
-3444
-6455
-8499
-6322
-5879
-7665
-5086
-3728
-5718
-7211
-5626
-4839
-5057
-4365
-5549
-4251
-537
1166
-1759
-4444
-4828
115
4035
4439
4406
2293
-805
-2315
5022
10484
6649
200
1126
2499
2722
6477
5677
977
-1299
4339
5015
2036
109
-53
2048
3633
5350
5994
-314
-10657
-2951
12765
8036
-7653
-7906
3982
1938
-2150
5633
-487
-11068
-2633
9883
5546
-5785
-5774
-1463
1026
4040
5992
-331
-7479
-6557
5367
8568
1509
-5138
-2047
-64
-2079
2056
359
608
-1311
-902
-1635
-60
148
-2555
-3541
-1416
-2414
-3349
755
-1012
-4354
2689
14708
7964
-10997
-10961
7543
16577
7925
-737
2813
9170
3638
-2156
2462
10459
10998
5435
154
1207
6406
5426
-1624
-5270
1480
7759
2367
-7804
-10400
-6292
-4483
-4675
-4755
-6233
-9033
-10952
-12054
-11400
-9393
-6889
-6764
-9583
-11398
-8126
-6302
-8358
-7933
-5431
-2589
-108
141
-4678
-8222
-1869
5006
5193
5245
5507
3632
2347
6608
10324
7517
4129
9947
13464
4434
506
5483
7331
4368
4646
6541
3882
-420
-1575
1375
4676
4447
230
-753
-3293
-3074
1724
1339
-3711
-3552
-1654
-3716
-5255
-2723
-1290
-1235
-1874
-1767
229
1253
751
-1634
-2374
1363
6659
3615
271
-156
-1190
649
4342
4933
2664
-2367
-2937
684
602
1262
3360
-2236
-5861
-2410
157
-533
-4607
-6880
-3692
1886
11605
17094
4785
-16001
-15239
10078
25694
15292
-844
1915
10351
5891
-1787
5456
17279
15371
3049
-2311
3524
9591
4329
-4724
-2809
7017
8102
-4512
-13189
-11484
-7160
-6925
-6571
-5619
-8913
-16016
-20230
-18410
-13587
-9095
-8346
-12378
-17097
-17434
-12804
-8723
-9115
-8904
-6903
-3749
-5415
-7638
-4369
-169
3110
5411
7050
7413
7115
5325
6996
11856
15040
12931
10577
11391
8779
5508
7829
10951
8838
5713
5767
4753
797
143
4377
3461
189
1313
642
-3928
-5914
-3193
-2657
-5308
-4093
-3222
-7073
-9515
-5046
-2831
-3546
-91
294
-385
-3239
-1401
1447
4726
4591
5167
4467
1302
124
2879
7327
3952
1722
2501
1846
1093
341
-979
1653
1892
-2283
-3977
-3879
-4051
-2381
8928
21421
13507
-11826
-18501
8465
27142
16117
604
6258
14822
5187
-5942
5330
23786
21381
2600
-7034
1335
11962
6117
-4910
-2819
6602
4910
-9976
-15415
-9527
-7222
-12659
-13548
-8820
-9245
-18024
-25134
-23889
-17973
-11625
-9788
-15301
-20940
-21146
-16636
-12437
-10753
-7457
-5467
-5987
-8699
-8973
-4043
2418
4944
6476
8487
11096
10926
8911
9197
11584
15914
18694
16242
9986
7169
7329
8276
9133
11754
11252
4362
-1546
-928
3172
5320
3697
2296
-1409
-5911
-6227
-4661
-4119
-2788
-3094
-7860
-10276
-7837
-5429
-6317
-4746
-2012
-1239
-1787
-1380
-1047
418
2265
6399
8394
4288
2863
4340
4229
3320
6226
7167
5833
2669
2560
3663
2275
54
-388
-715
-1753
-359
11992
25238
16107
-9355
-20234
4615
29685
23435
4602
5615
12610
1203
-9954
5690
30054
25109
-1511
-13260
-1277
9974
4258
-3163
1354
5683
-2047
-16534
-16305
-6794
-6290
-15369
-17133
-9745
-9550
-19644
-27199
-24330
-18294
-13369
-11192
-14033
-19652
-22585
-19936
-14748
-9831
-3750
-2176
-7119
-13092
-11628
-2192
5697
8930
8437
9829
12424
10618
8529
10183
16376
16999
13733
12524
12975
8493
2536
4590
9490
11456
7817
3258
-1161
-3616
-638
3117
3986
2591
-1401
-7514
-11510
-7241
-2144
-2501
-6080
-6993
-8063
-10090
-7043
-1586
1043
-1213
-2203
-970
453
2222
3882
4867
5311
5114
5570
5295
4873
4477
4495
4737
5349
5448
4776
3506
1732
935
14
2615
17182
31463
23103
-4107
-17955
4942
29631
25685
12287
15749
16784
-2215
-14154
4986
30685
25224
391
-10325
-2867
1298
-4834
-4529
5094
5536
-9611
-23785
-18559
-8957
-11272
-18721
-16879
-11441
-15398
-24041
-25747
-21258
-18678
-16489
-13189
-12184
-15222
-18516
-17962
-14675
-9314
-1368
2109
-1137
-7215
-7343
-1175
7031
14436
16635
14176
9583
8902
9810
11785
15658
18415
15223
7567
4839
5289
4349
3376
5788
7425
2587
-2524
-3621
-2925
-2708
-1467
506
-1075
-4808
-8573
-9968
-8969
-5584
-2820
-3653
-5794
-7090
-6508
-5259
-1933
1771
3093
1810
942
2588
3999
4809
5951
7062
7040
5262
3619
3616
4549
5930
5742
4021
2305
2808
1958
1269
1497
12310
27430
24290
2614
-12757
3149
23795
22116
12733
18088
21326
2383
-13456
2425
28932
27381
4858
-5363
-800
-39
-7663
-4517
7991
7451
-8886
-23789
-19505
-11317
-12653
-17616
-16393
-13697
-18536
-25120
-25307
-21682
-20178
-18611
-15915
-15513
-16365
-16849
-15891
-15797
-12778
-4207
782
-1100
-5340
-4423
1771
7220
11314
13809
14864
13885
9636
6931
10655
17091
16291
10526
7664
8343
4209
-177
3404
7270
4120
-1581
-1807
-556
-3338
-4507
-2244
-1191
-3276
-5896
-6931
-7188
-7199
-6676
-5194
-3186
-1617
-3352
-5307
-3600
-259
1417
1744
4067
5770
4063
2777
3920
5955
6053
5233
5212
4922
4088
3033
3146
3597
4105
2469
1602
2587
12074
26200
24868
5542
-9903
2908
22409
22278
15528
20943
21937
1407
-13588
3747
29234
27343
6930
-2329
-1150
-4318
-9829
-2110
11118
7188
-11122
-24263
-19716
-13198
-14160
-15753
-13915
-14976
-21793
-25990
-23773
-20717
-19599
-17644
-15836
-16466
-16133
-14488
-14091
-15410
-12353
-3513
933
-792
-3314
-1476
306
1841
7845
18511
22551
15220
7355
6620
10793
11744
13803
17473
13973
2698
-4684
-937
4125
3216
1733
1499
-2194
-8232
-8568
-4036
-1192
-2763
-4576
-5579
-7047
-8010
-9039
-7832
-5183
-2921
-3035
-3288
-1568
-1325
-2934
-1530
4298
7631
5835
4521
5279
5100
3263
4716
8449
8487
5041
2198
3358
3269
2616
2398
4492
5745
8560
20590
26134
14261
-5143
-1743
18657
24078
16470
18304
24842
10478
-10823
-3619
22655
29627
12447
1157
844
-3646
-11766
-7463
8251
9543
-5429
-21305
-22387
-17438
-17037
-16530
-14382
-14377
-20865
-26304
-25871
-23191
-20631
-17985
-16038
-17308
-16759
-13387
-12585
-15292
-14321
-5185
593
-480
-1298
2486
4676
1582
3898
14633
23758
20518
11290
7942
9725
10205
10187
15621
17970
8600
-4188
-5126
1986
2661
-232
666
971
-6206
-11751
-6936
-1115
-2791
-7181
-6735
-5520
-7533
-9581
-8235
-5386
-4875
-4788
-2758
531
793
-2497
-2822
1753
6372
6908
6281
6720
5736
2479
2311
6215
8561
6192
3375
2879
2700
1189
1283
4725
7911
17777
26361
21038
1693
-5909
10823
23895
19866
18046
26084
19669
-4071
-10391
12322
29030
19511
5429
3303
438
-9792
-13397
-21
9349
1179
-15038
-21622
-18263
-18607
-20297
-18765
-15663
-17538
-22420
-24372
-24147
-22911
-20653
-18441
-17572
-14700
-9532
-8819
-13781
-16215
-8783
-828
940
2061
5905
7410
1858
683
8841
17813
25408
25716
17791
5228
2463
9104
11612
13374
17365
11158
-7266
-13192
-3165
1475
-4015
-1680
2483
-8024
-16424
-8953
-1535
-6103
-9272
-3063
-3557
-9850
-10067
-6458
-6970
-7599
-2772
2092
2815
651
-1471
-2801
968
6868
9359
9405
8017
4165
60
234
5165
6717
5894
4375
2488
-664
-1867
1964
7674
21440
29260
20209
-825
-4418
13245
21961
17826
21421
30754
18853
-6122
-6638
16305
26555
15081
7044
8372
2505
-9518
-11781
300
5035
-2728
-13841
-16438
-14580
-17858
-21976
-22698
-19010
-17352
-18787
-20608
-22262
-22679
-22767
-22076
-19288
-11496
-4098
-6177
-13756
-15566
-7650
-2266
-394
4981
12398
11562
2724
2908
12279
18312
16619
17583
20175
13572
3758
3968
10282
8207
2246
2409
2697
-3916
-10136
-7991
-5771
-7782
-8351
-5736
-5039
-8800
-11304
-11314
-9192
-6882
-5466
-5249
-5345
-6046
-7354
-5976
-986
2942
2758
1958
3311
4021
3267
4938
7977
9345
6948
5422
5649
4726
2448
1991
3080
3685
2715
2254
4069
7126
19499
27199
18685
978
338
16943
22474
17372
22079
29894
17038
-4393
-2023
19181
25376
13727
6377
6969
1349
-8555
-9018
1486
3270
-6484
-16319
-16688
-14061
-17575
-21248
-22305
-21334
-20439
-19505
-19168
-20763
-21290
-21429
-22521
-20404
-10973
-3057
-5503
-12017
-12241
-5769
-2610
-771
5562
11370
8670
1513
4680
15677
17117
17690
23355
22509
5818
-2749
9394
13471
2476
1272
8454
-2320
-17039
-11003
-325
-8736
-15458
-5745
-3085
-11932
-12135
-4678
-6295
-12366
-7720
-2573
-4853
-6460
-5036
-5427
-5589
-1262
3307
4236
4218
4415
2710
3347
6859
8526
8255
7735
7427
5387
2633
2479
2640
1865
777
2027
2319
1603
1118
14489
29272
24023
3810
-3520
13045
21210
15928
19669
31812
24807
957
-5136
12701
23691
16248
7779
8149
5619
-4036
-9946
-3872
668
-4541
-13231
-17185
-14139
-13191
-18181
-26567
-26410
-18446
-17909
-21475
-19258
-15658
-20080
-25813
-22194
-12009
-3803
-3690
-6975
-8620
-5229
-3511
-1510
4882
10377
10312
6956
6230
10725
15466
20597
24727
20451
9340
1279
5420
8242
4430
3489
4419
-4472
-14203
-11242
-5795
-9724
-13476
-8653
-7563
-10879
-8975
-5690
-7438
-10535
-8116
-4649
-4093
-3456
-3386
-4567
-4580
-1722
2861
5503
5230
5023
4533
4723
5967
8319
8837
7568
6124
6440
4633
1826
774
295
-8
-337
763
982
-864
2945
18756
27748
17884
-721
-1047
13914
19770
16387
20250
29532
22531
1764
-4314
12617
25161
16664
3685
3802
8722
1693
-9986
-8944
-635
-2200
-15919
-20825
-11591
-7239
-18614
-31411
-28208
-17450
-15717
-20894
-20096
-14744
-16477
-24356
-24748
-12639
-2303
-2192
-7869
-8681
-2917
558
-414
1196
8433
12991
10866
9579
13662
17160
14314
9933
10273
13190
12681
7677
3339
375
-1485
-3287
-4476
-4936
-5593
-6937
-9376
-10980
-10287
-7826
-7074
-8197
-8302
-6162
-4125
-4255
-4995
-4464
-4482
-2873
2182
2216
1123
5118
5955
2120
3430
7772
8064
7533
6726
6966
7226
5312
4106
3505
1761
1343
1508
180
366
1347
459
-1026
-2042
3769
16701
24591
17445
1064
-6097
3465
16782
19649
15481
12551
11830
9320
5392
4685
7764
10195
7841
2064
-1138
236
2005
-423
-6121
-12247
-15984
-14429
-8846
-5793
-10372
-18346
-22064
-19342
-14422
-11130
-10215
-11191
-12330
-12240
-10340
-7312
-5348
-4644
-5119
-5369
-4460
-2392
-209
1035
739
-896
-1604
-104
2763
3972
2745
952
400
861
1694
2512
2422
879
-451
196
2122
3738
4234
3799
2850
2389
2907
4052
4801
4701
4023
3298
3120
3437
3848
3726
2967
2146
1886
2061
2219
1823
989
366
403
642
726
650
441
-115
-734
-823
-464
-59
14
-322
-844
-955
-455
200
403
77
-360
-412
-218
-42
-52
-69
-219
-529
-777
-345
694
1396
1261
722
433
259
84
437
1370
1793
1324
812
1322
2523
3358
3342
2748
2125
1874
2114
2957
3885
3975
3008
1827
1386
1514
1491
1140
582
-388
-1464
-1863
-1570
-1449
-2053
-3099
-4069
-4607
-4601
-4133
-3703
-3948
-4736
-5278
-5180
-4585
-3945
-3680
-3912
-4383
-4571
-4244
-3647
-3036
-2545
-2298
-2408
-2677
-2590
-2131
-1881
-1899
-1675
-1096
-539
-157
164
229
-33
-183
311
1216
1740
1817
1787
1732
1879
2335
2898
3232
3217
3056
3028
3198
3345
3235
2974
2876
2932
2921
2673
2413
2310
2162
1871
1667
1758
1741
1181
463
250
464
456
78
-191
-327
-786
-1491
-1689
-887
553
1622
1595
592
-632
-1274
-1155
-329
863
1662
1548
1118
1500
2831
4019
3982
2645
806
-250
459
2514
4174
4056
2030
-528
-1706
-815
722
1090
-160
-1798
-2484
-1762
-458
58
-861
-2872
-4666
-4950
-3661
-2051
-1579
-2463
-3579
-4077
-3619
-2716
-2338
-2777
-3480
-3947
-3748
-2738
-924
-41
-1074
-2453
-3006
-2893
-1857
-171
292
-811
-1640
-1133
-348
584
1009
539
-576
-935
129
1480
1991
1749
1071
778
1685
2231
2238
2317
3764
5298
6161
4668
-129
-5597
-5434
-664
3209
3510
779
-2262
-4791
-4739
-505
3226
1676
-432
-623
164
-7
15
714
289
-1101
-859
754
2145
1740
296
580
1590
1818
1284
40
-1151
-550
1017
640
-1131
141
5236
10057
9931
4239
-1894
-3487
-540
4107
7292
7183
4155
1129
1241
3902
5585
3899
-600
-4089
-2976
1654
5114
4305
429
-3620
-6155
-6108
-2974
432
-233
-4504
-7257
-5899
-2834
-1808
-3841
-6484
-7092
-5283
-2693
-1566
-1758
-1927
-2915
-4862
-5686
-4856
-3900
-2992
-1993
-1349
-1262
-1533
-1269
110
1718
2590
2676
2369
2789
3955
4488
3747
2218
934
1258
2299
2329
1261
235
-476
-611
-22
703
132
-1416
-1609
-1149
-1671
-2225
-2403
-2750
-1744
-1323
-3120
-3906
-2141
-1985
-3743
-2947
-70
333
-86
2249
3267
1025
-303
721
2339
4119
4387
2980
2219
3173
4076
3636
2192
1005
975
1350
1069
68
-722
-1459
-1686
-2205
-4087
-5073
-288
10190
18819
17449
6589
-2952
-2190
6068
12523
13121
9939
7093
6983
8967
9937
7757
2937
-1751
-3134
-1106
1018
338
-1891
-3412
-5092
-9054
-13289
-13917
-11303
-9675
-11105
-13331
-13427
-11019
-8203
-7276
-8802
-11102
-11812
-9556
-5052
-1062
-305
-2060
-2616
-562
1731
2429
2611
3531
4759
5308
5440
6296
8133
9922
9997
7471
3392
697
980
2358
1748
-1092
-3716
-4330
-3581
-3488
-4902
-6726
-7101
-5585
-3402
-2111
-2040
-2190
-1789
-1452
-1716
-1798
-1122
-260
350
958
1462
2226
3027
2683
1227
811
2100
3714
5076
5987
5880
4637
2949
1755
1988
2375
1150
-226
-25
539
356
-125
-1289
-3059
-4024
-3956
-3919
-4445
-5310
-4754
1540
14258
24882
23038
11228
2798
5066
12034
15188
13970
13034
14489
15648
14089
10695
8094
6093
2432
-2910
-7032
-8341
-7516
-5271
-3731
-6456
-13465
-19160
-19820
-18374
-19190
-21553
-21473
-17563
-12933
-11269
-12188
-12043
-9611
-7867
-8604
-9241
-6748
-1832
3279
7025
8447
7498
6424
7206
8858
9268
8834
9572
11527
12608
11469
9028
6777
4909
2274
-1697
-6032
-8744
-9081
-8166
-8270
-9810
-10983
-10232
-8830
-8617
-8937
-8086
-5811
-3319
-1210
140
1038
2141
3553
4146
3694
3714
4959
6281
6475
6227
6584
7630
8460
7992
5932
3553
2590
2917
2796
1500
-79
-1064
-1969
-3075
-4445
-5425
-6065
-5871
-5965
-6069
-6078
-5484
-5553
-2867
8016
23978
32010
24743
14634
13968
20852
21648
16783
14312
18755
21674
17936
12050
11620
15241
12714
1375
-11302
-16029
-14880
-13226
-13688
-15234
-17896
-20567
-22244
-23568
-25847
-27089
-25887
-23431
-22700
-22332
-18963
-10961
-2921
-941
-4435
-6182
-1918
3410
5290
5836
8973
12546
13119
11808
12269
14676
16030
13742
9087
5281
4996
6141
5684
2430
-865
-3043
-5545
-9609
-13573
-14735
-14476
-14891
-16301
-15505
-12190
-8299
-6037
-5063
-3865
-1696
1153
2808
3219
4036
6336
8349
8549
8514
9313
10182
9162
7061
5377
5418
6256
6088
4252
2036
1159
851
39
-1864
-3607
-4707
-5449
-6231
-7125
-6950
-6475
-5694
-6138
-6106
-5246
-3812
-3569
-1881
8077
23249
32379
26733
19450
20672
26918
23759
15645
13622
18698
18949
10956
5916
10328
16771
11374
-2773
-13053
-13630
-14153
-19749
-24196
-21969
-18896
-20735
-24469
-23814
-20015
-17503
-19106
-21555
-21672
-18020
-13237
-8321
-3389
928
3470
4992
6860
8170
9125
10798
12104
10176
6964
7381
11188
12910
10418
6991
5377
3825
784
-2378
-2780
-2318
-4329
-8859
-11142
-10201
-9247
-10464
-12191
-12872
-12435
-10913
-9015
-7278
-4744
-1137
1207
1629
3360
7235
9453
8365
7260
8091
8818
8394
7562
6996
6112
5168
3774
2349
1777
1828
504
-2174
-3792
-3615
-3556
-4435
-5197
-5174
-4921
-5110
-5332
-5075
-3853
-3272
-3389
-3606
-2073
-123
658
-42
1704
11749
25552
32300
26575
22663
27177
30389
21632
12677
14882
18914
11721
277
507
9575
11698
1408
-8562
-9324
-9143
-17652
-27311
-25956
-19203
-21272
-28484
-27613
-17787
-12618
-14638
-16068
-12481
-9423
-10379
-11034
-6540
792
4203
3429
4516
9267
12827
12933
12981
12776
9945
5776
4258
4265
3002
2030
1811
688
-2433
-3640
-2659
-2562
-5435
-8609
-9760
-10202
-11427
-12085
-10070
-7743
-7519
-7632
-5020
-1558
-340
206
1775
3422
4031
5257
7096
8240
9020
9638
9398
8475
8430
7808
5322
2642
1712
780
-1107
-2094
-1932
-2377
-3959
-4631
-4278
-4138
-4692
-5511
-5405
-4845
-4020
-3677
-2913
-1552
-513
53
336
1583
2016
2401
2002
1826
916
4465
15454
26568
28270
22851
24423
29333
26485
16199
13207
16532
11461
-1439
-6898
399
5536
86
-6962
-6561
-4799
-12052
-21112
-21591
-16211
-19504
-28089
-28658
-20301
-14771
-15427
-12335
-5947
-2952
-5635
-6058
-1727
1976
1696
-223
998
3797
6034
7963
11561
13674
11202
7559
5891
4784
990
-1574
-2589
-4612
-8307
-8931
-5923
-4031
-4021
-4303
-3998
-4936
-5831
-6138
-6201
-6573
-6850
-6615
-5741
-2943
215
2506
3516
4980
6432
6659
6575
6705
7212
6370
5414
5375
6338
6521
5414
4442
3541
1965
-452
-1939
-3091
-4715
-6400
-6524
-5593
-4963
-4203
-3561
-2805
-2375
-1460
-833
-659
-376
-355
-347
-93
1057
1493
2019
2719
3637
3275
2331
1206
1770
9642
19702
23434
18439
19127
25812
25434
16951
13103
16996
12510
43
-6781
-2032
2092
-2002
-7042
-6525
-3920
-8184
-14362
-14919
-11325
-15046
-23271
-24651
-19813
-16880
-17258
-13022
-7808
-5840
-5563
-2510
1231
2098
1839
1502
1194
291
934
3750
7090
7418
5772
6204
7697
6334
2503
2053
1785
-2998
-9055
-9042
-5676
-6205
-7956
-6207
-2790
-2966
-3929
-2158
-46
-1880
-5532
-6261
-4604
-3610
-3806
-2006
920
2968
3798
5694
8410
9308
8062
6059
5484
5510
5000
3524
2992
3405
2749
939
580
1862
931
-2196
-4108
-3664
-3978
-5354
-5153
-3590
-2879
-3286
-2429
-91
1487
1341
814
1206
1538
754
385
946
1930
1577
981
1453
1813
1342
357
5980
15245
20295
17097
16141
22802
24435
17944
12290
15231
13375
2579
-5099
-2873
1172
-2420
-6517
-6071
-3437
-5948
-10702
-11424
-9616
-12125
-19038
-21358
-19447
-18047
-18331
-14962
-10456
-8952
-7220
-2894
1343
1579
1810
3154
2828
221
-669
2188
4590
3867
2477
4560
7201
6434
3868
4247
4718
165
-5651
-6983
-5619
-7734
-10572
-9341
-6345
-5921
-5816
-2012
2064
2009
275
960
1931
329
-1537
-831
34
-532
-216
2084
4580
5874
6878
7255
7206
7196
6502
4765
3365
3064
1754
-299
-558
564
5
-1841
-2179
-1655
-2511
-3991
-4069
-3573
-3950
-4363
-3359
-1658
-645
-118
1011
2287
2830
2850
3014
3088
2276
1540
742
494
205
-169
-439
-962
-1109
-1856
2521
11332
17460
15796
14363
20374
22667
17214
11924
14093
12593
2795
-4127
-2639
797
-1735
-4672
-4186
-2162
-3898
-7594
-8073
-6982
-9810
-16389
-18793
-17837
-17974
-18651
-15406
-11512
-11008
-9375
-4274
238
698
1255
3163
3207
601
-667
1271
3217
2356
658
2250
5206
5670
4242
5216
6169
2688
-2197
-3760
-3602
-6305
-9246
-9504
-8478
-8445
-7842
-4625
-664
1477
1374
1830
3225
3384
1560
461
745
50
-1108
-232
2470
4232
5195
6429
7673
8219
8042
7201
6046
5023
3232
931
-42
239
-549
-2114
-2116
-1320
-1809
-2603
-2279
-2130
-3315
-4325
-3908
-3045
-2721
-2497
-1524
165
1377
2047
2805
3760
3699
2417
1690
1477
999
-528
-1016
-793
-717
-1103
-1410
-1378
-771
4992
12422
15806
13742
15207
20771
20507
15054
12042
13990
9926
956
-3630
-1448
53
-3571
-6011
-4929
-3231
-5492
-8163
-8056
-7847
-11677
-16617
-17828
-17605
-18124
-17834
-14713
-12563
-11476
-8209
-3123
-84
603
2432
4360
3675
1141
909
2866
3533
1464
465
2763
4910
4484
3720
5372
5501
2148
-1438
-2483
-3324
-6172
-8642
-9555
-9625
-9631
-8412
-6050
-3566
-1841
-195
2094
4289
5673
6247
6773
6282
5380
5262
5812
5778
5533
6032
6127
5822
6245
6956
6082
4603
3880
2970
1148
-11
-188
-1126
-2492
-3146
-3197
-3526
-3699
-3689
-4093
-4505
-4479
-4183
-3741
-2949
-2111
-1301
-305
895
1897
2926
3808
3970
3911
3854
3615
2618
1634
834
-46
-994
-1733
-1991
-2490
-2723
-3169
-3469
-4193
-2021
4694
10807
11736
10301
14540
18712
16686
12279
12596
13425
7025
-128
-1649
592
-571
-3889
-4922
-3785
-3756
-5914
-6897
-6470
-7595
-11835
-14937
-15859
-16680
-17488
-16211
-14190
-14082
-12651
-8119
-3462
-1714
-168
2695
4222
2937
1744
3068
4671
3877
1498
1643
3745
4714
3959
4458
5941
4757
1908
201
-127
-1880
-4494
-6363
-7623
-8549
-8455
-6893
-5231
-3825
-2653
-858
1197
3173
4665
5714
6769
7358
7905
8183
8616
8887
8731
8045
7348
7276
6852
5715
4492
3770
2522
858
-144
-539
-1404
-2552
-2972
-3085
-3324
-3603
-3705
-4096
-4553
-4638
-4513
-4360
-4071
-3545
-2946
-2008
-714
619
1661
2539
3070
3329
3453
3411
3034
2345
1616
641
-15
-476
-1000
-1890
-2469
-2886
-3484
-3840
-4121
-4402
-5162
-5777
-6152
-3021
3696
8767
9070
9740
15116
18319
16314
14020
15068
13434
7024
1786
687
967
-947
-3180
-4216
-3841
-4304
-5321
-5430
-5675
-8169
-11901
-13678
-15092
-16979
-17536
-15801
-15003
-15061
-12511
-7588
-3561
-1340
1276
3904
5253
4864
4701
5527
6020
4731
3087
3494
4631
4992
5191
6315
6420
5065
3915
3223
1630
-862
-2983
-5172
-7420
-8867
-8765
-7902
-6976
-6052
-4714
-2601
-533
900
2270
3931
4728
4733
6001
8576
10049
10127
10645
11540
11335
10678
10432
9388
6939
4460
2657
774
-1033
-2261
-3396
-4772
-5582
-5485
-5086
-4842
-4858
-5077
-5282
-5186
-4985
-4786
-4581
-4325
-3938
-3161
-1886
-317
1209
2148
2626
3115
3701
3721
3298
2746
1867
705
-142
-366
-829
-1535
-2311
-2736
-3145
-3569
-4013
-4407
-4780
-5573
-5977
-6034
-5718
-5788
-5794
-5643
-3397
2687
9115
11653
11796
15489
20015
20175
17090
15888
15340
11174
5129
1101
624
339
-1595
-4489
-5333
-4328
-4068
-5173
-6568
-7594
-9392
-11714
-14555
-16283
-15845
-14513
-14771
-15074
-12001
-7020
-3467
-1451
1569
4764
6314
6059
5914
6577
6834
5622
3811
3425
4035
4636
4961
5460
5411
4872
4355
3401
1634
-302
-1916
-4267
-6931
-8499
-8434
-7977
-7609
-6889
-5441
-3367
-1427
149
1516
2912
3510
3360
3357
3997
4996
6273
7508
7986
8906
11328
13445
12842
11250
10617
9121
5418
2030
401
-1838
-5266
-7532
-7728
-7562
-7471
-7006
-6474
-6176
-5707
-5121
-5018
-5091
-5068
-5113
-5306
-4823
-3389
-1824
-938
-300
971
2464
3264
3369
3439
3146
2175
1186
752
524
113
-298
-632
-718
-441
-222
-582
-1295
-1944
-2715
-3567
-4114
-4304
-4498
-4671
-4448
-3824
-2978
-2238
-1683
-1231
-35
2778
6794
10080
11504
12668
14810
16648
16275
14762
13617
12003
8578
4528
2131
1158
-109
-2455
-4548
-5383
-5447
-5967
-7079
-8027
-8811
-9986
-11654
-12763
-12795
-12290
-12141
-11991
-10713
-8134
-5249
-2819
-481
1817
3615
4646
5382
5997
6206
5851
5094
4295
3731
3659
3844
3849
3402
2829
2471
2068
1149
-171
-1405
-2744
-4474
-6021
-6572
-6422
-6343
-6284
-5662
-4404
-2939
-1529
-177
1127
2146
2722
3080
3603
4300
4836
5063
5196
5626
6605
7991
9144
9433
9011
8457
7712
6144
3930
1809
-351
-2964
-5261
-6279
-6593
-7080
-7396
-7031
-6369
-5726
-4958
-4237
-3852
-3628
-3359
-3066
-2550
-1714
-956
-500
118
1180
2273
2956
3256
3352
3181
2711
2164
1754
1265
494
-299
-736
-810
-746
-706
-848
-1152
-1397
-1551
-1807
-2142
-2422
-2694
-2924
-2855
-2417
-1833
-1201
-482
257
883
1418
1897
2130
1963
1890
2719
4192
5213
5784
7054
8959
10095
10101
10042
10146
9282
7013
4386
2405
711
-1513
-4012
-5691
-6302
-6651
-7135
-7267
-6823
-6436
-6596
-7015
-7170
-7120
-7358
-7909
-8148
-7677
-6823
-5851
-4505
-2654
-720
945
2403
3747
4788
5278
5203
4696
3910
3005
2199
1529
885
339
137
209
246
216
270
238
-187
-934
-1665
-2259
-2880
-3562
-4027
-3984
-3521
-2846
-1927
-665
744
1968
2906
3672
4312
4650
4552
4224
3929
3659
3434
3414
3528
3636
3967
4422
4353
3909
3826
3551
2111
381
-493
-1370
-3007
-4193
-4234
-4214
-4464
-4076
-3121
-2402
-1810
-1087
-649
-490
-150
100
-113
-212
205
516
493
773
1395
1672
1528
1480
1488
1156
562
-24
-608
-1192
-1640
-1940
-2104
-2033
-1844
-1789
-1780
-1579
-1338
-1345
-1482
-1477
-1370
-1323
-1281
-1060
-656
-235
121
510
987
1374
1480
1383
1243
1030
650
209
-150
-495
-815
-741
-42
825
1401
1997
2979
3892
4232
4298
4424
4232
3427
2448
1736
1172
508
-220
-805
-1094
-1166
-1233
-1363
-1435
-1498
-1770
-2221
-2632
-2961
-3354
-3788
-4080
-4123
-3926
-3533
-3002
-2383
-1688
-963
-317
164
499
699
772
733
602
441
365
381
377
381
531
761
833
766
736
687
455
110
-191
-474
-791
-1033
-1101
-1024
-842
-566
-177
319
833
1265
1617
1903
2038
2040
2068
2088
1991
1987
2236
2458
2592
2941
3365
3316
2953
2784
2508
1697
770
164
-517
-1424
-2043
-2212
-2322
-2417
-2308
-2122
-1949
-1687
-1432
-1373
-1320
-1168
-1154
-1290
-1201
-888
-691
-574
-287
76
302
461
613
654
554
389
139
-159
-371
-523
-727
-921
-961
-937
-1000
-1087
-1116
-1168
-1313
-1481
-1588
-1632
-1620
-1535
-1375
-1096
-693
-253
140
511
912
1245
1411
1459
1497
1502
1404
1260
1147
1043
888
722
604
496
343
204
117
48
9
136
448
775
1049
1395
1842
2209
2418
2544
2603
2474
2175
1851
1545
1199
820
479
192
-45
-241
-397
-546
-709
-901
-1125
-1354
-1569
-1784
-2018
-2216
-2308
-2311
-2294
-2245
-2084
-1814
-1553
-1344
-1142
-908
-702
-558
-427
-272
-137
-58
-5
79
205
332
393
367
308
262
224
153
24
-153
-338
-503
-636
-732
-786
-814
-842
-850
-788
-623
-407
-220
-79
91
319
554
747
919
1077
1197
1277
1332
1386
1409
1366
1256
1131
1034
934
784
607
465
354
230
106
31
-9
-66
-137
-167
-143
-107
-93
-83
-34
50
125
182
259
344
401
442
481
524
549
543
526
511
483
432
373
307
223
116
1
-105
-212
-333
-448
-539
-615
-702
-793
-850
-870
-888
-917
-928
-900
-861
-827
-779
-708
-632
-572
-516
-437
-334
-237
-157
-64
45
148
233
306
382
447
479
500
532
575
609
627
646
685
727
742
734
714
678
606
510
410
316
204
76
-52
-149
-226
-317
-410
-485
-540
-601
-660
-701
-722
-750
-785
-810
-802
-772
-734
-697
-644
-559
-463
-372
-276
-184
-110
-71
-53
-41
-43
-61
-101
-149
-190
-218
-236
-243
-247
-248
-249
-247
-238
-227
-214
-195
-164
-117
-43
60
186
325
471
616
759
895
1004
1080
1132
1157
1158
1134
1093
1053
1008
950
889
831
781
721
655
586
514
439
352
265
179
89
1
-84
-168
-241
-305
-366
-414
-452
-475
-492
-501
-500
-486
-469
-446
-422
-389
-355
-334
-313
-291
-278
-271
-272
-269
-260
-255
-251
-244
-231
-218
-204
-196
-193
-187
-186
-194
-203
-212
-212
-211
-213
-213
-206
-192
-175
-157
-134
-101
-67
-31
2
41
81
118
147
165
182
193
195
186
180
170
155
135
122
112
98
87
67
51
30
0
-35
-78
-126
-179
-234
-289
-331
-360
-372
-372
-350
-308
-254
-192
-126
-58
1
55
97
130
163
189
217
243
279
319
365
412
449
475
485
480
457
417
367
313
260
217
182
165
160
163
176
192
207
211
198
169
124
69
-2
-78
-148
-210
-262
-295
-313
-313
-296
-269
-239
-211
-194
-187
-190
-205
-231
-260
-287
-307
-323
-324
-312
-290
-259
-223
-186
-151
-119
-97
-86
-85
-91
-99
-108
-111
-102
-86
-52
-9
40
95
148
196
232
259
277
284
287
282
276
274
264
256
244
238
228
213
203
191
172
151
129
103
77
49
20
-3
-22
-38
-47
-45
-35
-20
5
35
66
100
136
165
192
213
223
225
219
207
184
152
113
66
17
-36
-91
-148
-201
-252
-301
-342
-375
-397
-405
-403
-387
-356
-313
-259
-198
-139
-84
-32
9
41
64
77
81
85
85
79
76
67
53
32
1
-35
-79
-129
-185
-239
-292
-336
-369
-391
-399
-394
-373
-335
-288
-235
-174
-105
-39
26
86
143
191
230
263
291
311
325
339
348
352
351
342
326
297
255
198
134
60
-20
-96
-165
-217
-257
-280
-284
-269
-238
-188
-135
-77
-19
39
98
149
195
243
284
324
360
392
423
449
471
485
480
457
427
380
320
250
168
87
10
-61
-123
-174
-209
-235
-249
-254
-252
-241
-228
-206
-180
-147
-108
-68
-23
17
58
93
115
124
119
103
77
39
-1
-49
-93
-132
-175
-214
-247
-279
-311
-345
-378
-411
-437
-447
-452
-448
-425
-393
-351
-290
-229
-169
-107
-52
-2
47
86
123
152
176
188
195
199
193
183
163
138
114
86
57
23
-3
-28
-53
-75
-93
-108
-112
-109
-102
-84
-63
-37
-3
33
75
114
147
178
202
221
238
253
262
270
267
263
261
254
249
231
202
176
148
115
81
48
20
-8
-29
-47
-54
-62
-65
-62
-58
-49
-44
-32
-21
-7
9
21
35
48
58
63
67
67
60
49
36
23
10
-7
-23
-37
-53
-67
-82
-96
-107
-120
-127
-136
-143
-147
-146
-143
-142
-135
-127
-117
-104
-90
-78
-68
-58
-51
-42
-33
-28
-24
-22
-21
-20
-18
-24
-29
-34
-39
-47
-55
-64
-72
-80
-83
-80
-81
-77
-72
-67
-59
-47
-41
-31
-22
-10
2
14
29
43
59
73
82
89
97
100
102
101
98
95
94
88
83
77
70
68
60
59
52
48
45
39
37
37
38
38
43
46
52
59
64
68
76
85
90
94
97
97
97
93
89
83
74
64
50
38
25
11
-2
-14
-26
-36
-47
-59
-66
-70
-76
-83
-87
-85
-82
-83
-80
-76
-72
-67
-61
-58
-56
-53
-49
-47
-48
-44
-47
-47
-47
-47
-49
-51
-53
-55
-57
-58
-58
-63
-65
-65
-65
-61
-57
-53
-48
-43
-32
-25
-21
-12
-7
2
9
15
23
30
34
41
43
47
51
54
56
56
55
54
53
50
54
50
48
46
40
43
42
39
36
32
31
31
30
28
27
25
26
26
27
27
28
27
27
30
26
24
21
19
15
11
6
4
0
-2
-1
-4
-5
-7
-6
-9
-13
-14
-13
-16
-16
-17
-21
-19
-18
-17
-16
-15
-14
-13
-9
-6
-6
-5
-4
-4
-1
-2
-3
-1
-3
-4
-6
-8
-6
-4
-5
-5
-9
-12
-15
-14
-15
-15
-17
-14
-15
-15
-15
-14
-11
-12
-12
-13
-12
-8
-11
-11
-9
-9
-5
-4
-1
-3
-3
-2
0
-1
0
2
0
5
7
6
6
8
8
8
12
13
17
17
17
16
16
18
16
15
15
12
13
12
10
10
9
4
4
6
2
3
1
-2
-1
-4
-4
-5
-6
-5
-8
-10
-9
-12
-8
-7
-9
-7
-6
-7
-5
-6
-6
-7
-5
-1
-1
-2
-1
2
4
4
5
6
6
4
5
7
6
8
5
8
7
8
5
5
9
9
8
8
9
8
10
8
10
7
3
4
6
6
6
3
2
3
-2
-5
-6
-4
-6
-10
-7
-11
-11
-10
-12
-12
-12
-14
-15
-14
-14
-14
-12
-12
-12
-11
-9
-7
-4
-2
-2
-3
-2
0
2
3
3
4
3
5
6
8
7
8
7
6
7
4
3
4
6
2
2
1
2
4
5
3
3
4
5
8
8
7
3
4
4
5
2
4
5
5
4
4
4
1
-1
-4
-8
-9
-12
-12
-11
-13
-13
-13
-11
-10
-10
-8
-9
-8
-6
-4
-3
-5
-4
-2
0
0
-1
3
2
4
4
-1
-2
-1
0
-3
-5
-6
-2
-2
-1
-1
-2
-4
-6
-4
-3
-1
-1
0
3
6
8
5
7
9
10
13
12
12
12
13
14
12
12
11
12
9
