SAMPLES:	7694
BITSPERSAMPLE:	16
CHANNELS:	1
SAMPLERATE:	16000
NORMALIZED:	FALSE
-2
2
4
2
-4
-1
-2
-2
-5
-4
1
-1
-2
-3
-4
-3
0
-2
-3
-3
-2
-2
-1
-4
-3
-7
-7
-2
-6
-9
-8
-5
-5
-2
-1
0
2
0
2
3
-1
-2
-1
3
1
1
2
7
10
7
6
5
2
3
3
-2
-4
-2
3
0
-4
3
10
3
1
1
9
8
1
2
0
-1
0
1
-2
-3
-3
-3
-5
-2
0
-1
-2
-4
-5
-6
-6
-4
0
-1
0
2
0
1
-3
-3
-3
-1
3
3
2
2
5
2
1
-3
-1
2
4
4
4
5
5
1
2
4
4
1
-1
6
1
-4
-4
-4
-2
-3
-1
-2
-2
0
-2
-2
0
1
-1
3
2
-3
-5
0
-4
-4
-1
-3
-8
-6
0
0
2
1
-1
-4
0
6
12
9
9
10
3
4
4
4
1
2
0
1
2
0
0
-3
-5
-6
-2
-4
-6
-4
-4
-3
-4
-1
-4
-8
-9
-6
-7
-9
-2
-1
-1
2
1
1
4
3
1
3
3
3
4
1
-3
0
2
0
5
5
4
3
3
2
1
0
-2
-2
-1
5
4
2
1
-2
0
1
0
-4
-2
-2
-2
-6
-2
-2
-4
-2
-3
-1
1
-2
-5
0
2
-2
-3
1
-1
0
4
0
2
3
5
6
2
1
1
-2
0
-3
0
1
0
-4
-6
2
2
-1
2
5
0
0
5
6
-1
1
9
3
-2
2
0
1
4
4
-1
-3
-4
0
3
-3
-3
2
-1
-4
-3
-7
-5
-6
-6
-7
-5
-3
-1
-7
-6
1
0
1
-3
3
4
1
-2
0
2
0
-3
1
2
-1
-4
-2
1
1
-3
-1
0
-1
0
0
-1
0
0
-3
-2
-4
-4
-7
-5
-1
-2
0
3
3
-2
-4
2
2
1
4
4
5
0
1
6
7
8
3
3
5
2
6
5
5
5
3
0
1
0
3
2
2
1
1
-4
-7
-4
-6
-5
-3
-1
-3
-1
0
-2
1
-1
1
2
4
-2
-4
1
-1
-2
-5
-2
-2
-1
0
0
1
-2
-5
-3
-5
0
-3
-1
0
-5
-4
-5
-5
-6
-3
-5
-1
-1
-4
-4
-4
-4
-1
-1
0
1
0
0
0
2
2
1
1
2
2
2
5
3
1
-1
-2
-1
2
6
6
5
9
9
6
3
12
10
-3
-16
-3
18
3
-11
-1
13
4
-5
3
9
0
-8
-1
6
-1
-5
-6
1
3
-3
1
5
0
-6
-7
-1
-4
-6
-3
3
-1
-5
2
-3
-4
-4
-4
-4
-5
-3
-2
2
-2
-2
-1
-2
-2
-1
-1
-3
-4
-2
0
3
1
0
-2
-1
2
-2
-2
2
1
0
1
4
4
4
3
-1
-2
1
-1
1
-5
-1
2
1
2
0
1
2
2
3
2
3
4
3
1
4
-1
-2
-3
-3
0
-3
-3
-1
0
0
-2
0
-1
0
0
0
0
0
0
-1
-3
-3
1
4
7
3
3
4
1
0
2
2
3
2
3
4
2
2
1
-1
0
-1
-2
-5
6
12
-3
-8
2
1
-9
-1
2
-3
1
7
-3
-7
0
-3
-5
-4
-1
0
-1
-2
-1
-1
-4
-1
-3
3
1
-1
0
-1
1
-2
-4
-8
-5
-4
-2
-1
-2
-1
1
5
5
7
9
5
3
6
3
0
-5
0
2
-1
-3
-4
-3
0
1
-2
-1
0
2
2
4
1
2
2
-1
-1
-3
-2
3
0
0
-2
5
-2
-1
5
3
3
4
3
-1
0
3
0
-1
2
0
2
4
6
3
0
-1
-1
-3
-3
2
5
-2
-4
-2
-2
1
0
0
-4
-5
-4
-3
-2
0
-2
0
-3
0
-2
-3
-3
-4
-2
-3
1
0
0
1
-2
0
0
-1
-4
-8
-4
-2
-1
1
-3
2
0
1
3
2
4
0
13
4
-3
-2
1
-6
-18
-23
10
6
7
15
23
57
17
-9
-48
-56
-68
-54
-31
-48
8
-35
-29
-52
-102
-49
10
-66
40
-65
216
150
10
33
181
-188
1569
3992
648
-1689
-182
831
-791
261
287
-1870
-1593
-518
-199
-1520
-1976
-605
219
-1231
-273
759
-1185
-2097
214
47
-312
988
1852
2108
1010
579
780
2145
1077
617
589
96
-189
-364
-78
-994
-1659
-974
-101
-691
-517
313
-660
-1659
-655
-46
-408
-74
1418
296
-1029
998
1118
-974
3
1208
-308
281
1713
-863
-747
365
-47
10
378
-342
-48
937
-923
-794
92
652
284
500
551
-413
-863
1593
3537
824
-57
1000
-633
-424
1441
779
-1187
-1522
-892
-111
-1190
-2727
-932
68
-729
594
571
-1385
-1611
-441
66
596
1226
524
548
-312
-318
73
417
971
1233
247
-376
1031
-275
-869
313
277
-1005
376
1407
-1006
-1144
-685
-518
-455
25
-252
239
654
-1433
-852
1008
518
-977
663
1136
-1018
318
1469
-300
-1009
1088
1559
1307
1062
32
550
35
-316
788
1172
-885
-796
361
-1104
-1404
-71
27
-1298
-349
348
-557
-698
-446
-815
-788
1016
700
-394
125
1
-811
-322
863
-67
-409
229
216
-53
65
210
-390
-406
32
1106
858
-392
-310
20
-179
91
648
-194
-267
277
180
20
-219
-347
145
167
-259
81
13
-420
-231
-6
-268
17
546
476
89
101
558
394
457
949
945
564
688
599
12
185
667
777
228
-271
-255
-341
-791
-695
-221
-642
-940
-670
-806
-1256
-1284
-977
-937
-992
-756
-452
-570
-774
-1014
-992
-275
8
-232
126
124
-661
-461
390
244
-88
482
697
215
284
643
584
671
1103
1156
1197
1460
1382
1296
1634
1918
1854
1969
2081
1762
1473
1659
1644
1159
1267
1638
1254
785
622
8
-611
-609
-572
-687
-715
-881
-1437
-1973
-1914
-1847
-2199
-2145
-1993
-2413
-2438
-2035
-2258
-2367
-1771
-1232
-727
-176
-261
-846
-1027
-1062
-1200
-777
-102
-57
-43
489
503
49
-94
-67
-25
14
280
735
540
-217
-126
680
784
765
1617
1852
849
692
1377
973
673
1706
2302
2049
2242
2180
1203
684
898
979
899
758
302
-322
-878
-1626
-2235
-2029
-1682
-1950
-1924
-1738
-2661
-3566
-3114
-2451
-2203
-1635
-1020
-894
-825
-437
-327
-425
3
243
-128
330
1116
153
-755
116
565
433
1588
2138
782
351
1291
1024
405
1468
2188
1325
1139
1948
2011
1436
1036
985
1032
510
-239
-210
-117
-883
-1536
-1318
-1062
-1295
-1462
-1379
-1527
-1848
-1435
-393
90
158
621
856
1020
2357
3765
3583
2844
2820
2781
2584
2933
3530
3536
3066
2979
3554
3619
2541
1521
1213
1235
1682
2532
2602
1905
1405
686
-145
-310
-585
-1688
-2172
-1508
-879
-593
-547
-1264
-2356
-3020
-3540
-3946
-4011
-4401
-5049
-4539
-3344
-3209
-3629
-3571
-3540
-3495
-2134
34
1040
914
990
1010
782
1025
1035
-215
-1785
-2782
-3941
-4948
-5211
-5843
-6856
-6726
-5945
-5899
-6099
-6036
-6311
-6208
-4099
-1141
199
285
74
-740
-1413
-805
-290
-1479
-3123
-4127
-4787
-4563
-3294
-2605
-2904
-2622
-1905
-1616
-654
982
1608
2249
4225
5741
5771
5987
6493
6347
7000
9028
10401
10526
10772
10915
10796
11712
12855
12846
12460
12080
10717
9204
8843
8293
6960
6466
6689
5888
4732
4464
4195
3536
3763
4591
4534
3907
3535
2915
2009
1588
1084
-197
-1495
-2354
-3413
-4379
-4737
-5378
-6587
-7111
-7029
-7547
-8221
-8383
-8873
-9587
-9286
-8666
-8999
-9639
-9983
-10674
-11167
-10641
-10276
-10527
-10392
-10041
-10105
-9687
-8613
-8184
-8090
-7202
-6186
-5586
-4430
-2853
-2024
-1393
-136
887
1363
2101
2916
3105
3348
4005
4216
4026
4054
3777
3027
2864
3132
2947
2776
3083
3023
2592
2852
3482
3649
3890
4477
4599
4407
4652
4921
4773
4695
4715
4435
4064
3823
3333
2691
2343
2172
2077
2245
2337
1897
1310
917
673
546
632
571
234
-165
-456
-465
-285
-116
48
391
678
786
980
1190
1086
1108
1610
2017
1916
1740
1533
1084
991
1478
1832
1709
1540
1381
1085
987
1062
760
142
-306
-602
-939
-1249
-1673
-2328
-2793
-2799
-2769
-2884
-2995
-3318
-3777
-3687
-3070
-2766
-2889
-2930
-2978
-3084
-2714
-2032
-1797
-1891
-1672
-1237
-827
-336
-13
-141
-381
-270
-15
157
60
-533
-1288
-1605
-1414
-1160
-903
-718
-893
-1139
-883
-345
-133
-215
-333
-471
-616
-560
-406
-629
-1119
-1315
-1137
-887
-510
-133
-109
-257
-9
576
1037
1390
1697
1646
1434
1641
2039
2128
1969
1945
1932
1802
1774
1899
1818
1476
1300
1440
1595
1488
1322
1255
1137
971
1119
1472
1457
1163
1186
1361
1271
1221
1532
1652
1342
1227
1441
1444
1145
971
942
743
334
112
156
-18
-651
-1149
-1178
-1302
-1786
-1969
-1814
-2099
-2748
-2766
-2179
-2144
-2676
-2613
-2083
-2130
-2328
-1679
-1051
-1487
-1889
-1239
-613
-911
-1058
-617
-647
-1180
-997
-222
-197
-773
-660
-91
-24
42
711
1031
701
861
1657
2011
2000
2327
2588
2384
2436
3020
3230
2910
2758
2813
2632
2431
2465
2310
1787
1403
1238
956
625
363
-27
-499
-723
-817
-1095
-1449
-1649
-1765
-1874
-1934
-1973
-1977
-2012
-2129
-2057
-1668
-1481
-1733
-1758
-1308
-1117
-1308
-1165
-904
-1167
-1423
-1101
-700
-797
-1212
-1356
-1048
-706
-789
-817
-482
-492
-827
-418
381
336
-18
-22
102
507
1246
1122
439
805
1207
413
681
2545
2286
144
596
2584
1801
549
2211
2997
683
341
2841
2663
157
447
1910
618
-612
767
1395
-390
-1354
-639
-608
-974
-323
79
-583
-600
455
933
862
1591
2656
3058
3254
3939
4701
4995
4867
4603
4664
5099
5135
4402
3513
2840
1995
876
44
-454
-1239
-2507
-3743
-4633
-5383
-6182
-7011
-7754
-8186
-8399
-8822
-9276
-9283
-9145
-9357
-9249
-8324
-7548
-7403
-6889
-5781
-5051
-4498
-3008
-1261
-822
-877
460
2063
2448
2899
3756
3705
3838
5518
5832
3802
3569
5584
5300
3197
3556
5376
4835
2534
1907
3191
4019
3259
2502
2586
2044
1682
3103
4023
3015
2540
2637
1827
2337
4651
4734
2532
2055
3032
2763
2198
2865
3329
1785
-938
-1717
86
906
-1083
-2774
-2481
-2214
-2543
-2133
-1834
-2978
-4403
-4190
-1575
2633
5781
4896
694
-2299
-1121
2339
5224
6905
7589
6231
3057
814
1104
2351
2353
1216
-15
-722
-923
-1280
-2833
-5685
-8246
-9163
-8668
-7833
-7360
-7795
-9472
-11716
-12840
-11848
-9625
-7918
-7580
-7960
-7980
-7026
-5175
-2995
-1345
-777
-910
-765
341
2207
3956
4688
4418
4017
4050
4378
4721
4845
4543
3882
3212
3015
3448
3843
3242
1707
275
75
1452
2857
2041
133
200
1738
1674
448
840
2615
3289
2268
1045
954
2635
4426
4108
1833
1255
3956
5726
3366
785
2287
4247
3160
2004
2850
3357
2756
2576
1630
-518
97
3243
2951
-1127
-2537
-293
46
-2273
-2881
-1617
-1478
-1912
-1428
-1756
-3355
-3709
-2992
-3368
-2683
2165
7247
6371
980
-2380
-1430
1202
3712
6183
7882
7365
4739
1917
630
1070
2044
2161
1119
21
-107
-20
-1399
-4335
-7043
-8164
-7934
-7043
-6101
-6089
-7633
-9888
-11399
-11577
-10511
-8597
-6881
-6519
-7164
-7327
-6357
-4914
-3810
-3259
-2980
-2339
-1011
428
1263
1533
1477
1076
813
1572
3120
3958
3336
2248
1883
2144
2366
2390
2536
2717
2360
1492
1067
1676
2791
3176
2503
1913
2295
3199
3550
3164
2645
2717
3424
4232
4425
3911
3407
3342
3406
3109
3033
3612
4025
3666
2984
2380
2026
2602
3672
3407
1723
1009
2079
2566
1111
-517
-536
241
174
-1008
-2027
-1777
-874
-822
-1999
-2953
-2626
-2315
-3432
-4344
-1944
3432
7200
5607
355
-3289
-2447
1129
4431
6475
7414
6735
4111
1038
-223
799
2351
2575
1372
181
-13
-28
-1326
-4003
-6552
-7632
-7274
-6313
-5611
-5952
-7672
-10107
-11885
-12028
-10573
-8445
-6934
-6876
-7889
-8630
-8104
-6513
-4685
-3148
-1991
-1067
-335
-71
-397
-640
285
2231
3655
3723
3259
3280
3556
3195
2282
1913
2820
4223
4679
3850
2670
2037
2026
2441
2953
3147
2903
2926
3237
2929
2180
2294
3317
3520
2604
2412
3339
3694
2688
2037
2854
3585
3092
2185
2103
2525
2553
2125
1867
1972
2143
2229
1938
1351
1073
1087
825
210
-441
-958
-1275
-1411
-1730
-2189
-2271
-1929
-1876
-2408
-2870
-3037
-3674
-4841
-4503
-572
5369
8164
4654
-1867
-4871
-1954
3282
6733
8052
8337
6967
3487
235
133
2674
4518
3780
1853
955
1197
801
-1349
-4293
-6284
-6581
-5663
-4425
-3945
-5205
-8114
-11117
-12496
-11687
-9372
-6935
-5916
-6935
-8749
-9391
-8348
-6674
-5136
-3669
-2349
-1591
-1041
33
1266
1538
730
294
1473
3725
5380
5443
4356
3143
2251
1738
2162
3947
5768
5276
2478
545
1538
3275
2966
2027
2925
3923
2713
1070
1630
3165
3262
2418
1933
2042
2661
3618
3622
1893
548
1506
3016
2825
2102
2504
2553
848
-317
1007
2784
2463
716
-161
250
766
626
-189
-1034
-1300
-1203
-1569
-2456
-2721
-2032
-1397
-1482
-2060
-2652
-2947
-3170
-3791
-3966
-1067
5143
9160
5629
-2188
-5437
-1275
4613
7304
7946
8576
7664
3936
306
433
3622
5904
5068
2653
1369
1610
1344
-832
-3770
-5412
-5403
-4763
-4074
-3749
-5009
-8323
-11737
-12698
-11060
-8617
-6803
-6285
-7431
-9456
-10269
-8840
-6469
-4702
-3637
-2889
-2405
-1768
-230
1434
1375
-143
-567
1252
3653
4909
4876
3919
2506
1526
1494
2309
3793
5087
4400
1672
175
2092
4189
2976
843
1807
3914
2934
344
812
3676
3839
1244
684
2594
3475
3343
2912
1018
112
2623
4668
3258
1411
1526
2602
2806
1134
205
1963
3117
1690
456
588
897
917
-335
-2388
-2317
-618
-704
-2148
-2092
-1112
-1327
-2771
-3748
-3387
-3025
-3324
-1548
4184
9141
6871
-1230
-6153
-2461
5151
9278
9132
8341
7455
4330
296
-68
4108
7844
6972
3333
1258
1606
1536
-613
-3179
-4159
-3943
-3968
-4259
-4370
-5432
-8650
-12464
-13727
-11727
-8930
-7716
-8316
-9954
-11900
-12698
-10986
-7712
-5301
-4596
-4641
-4798
-4653
-3082
177
2965
2880
680
-225
1733
4436
5669
5529
4670
3538
3132
3963
4946
4937
4347
3668
2683
2103
3178
4768
4283
1974
345
533
2135
3736
3399
1387
343
1156
2215
2106
1268
1701
3748
3901
468
-1296
2228
5517
3673
297
-120
1362
2333
2526
2110
1099
5
-474
-14
568
-291
-2047
-1868
6
-203
-2590
-2841
-548
-164
-2852
-4877
-3942
-1464
1833
6237
8893
5459
-2429
-6097
-528
8179
11595
9960
8273
6799
3280
353
2397
7589
9613
6460
2414
1458
2373
1508
-1500
-3614
-3346
-2737
-3670
-5021
-5632
-7288
-11337
-14798
-13860
-9944
-7986
-9644
-12275
-13890
-14718
-14189
-11222
-7344
-5800
-7000
-8157
-7489
-5610
-2990
497
3278
3075
813
136
2389
5102
6254
6595
6797
6197
5051
4909
5765
5774
4595
3922
4345
4712
4487
3875
2533
767
377
1671
2271
1359
1099
1706
488
-1858
-1212
2308
3583
868
-1081
581
2413
1862
1076
2074
3292
2995
2265
1983
1799
1622
1841
2082
1492
815
704
312
-879
-1546
-593
577
231
-1473
-2858
-2759
-2063
-2156
-1606
3047
9933
10817
2544
-5737
-3509
6320
12405
11409
9542
9683
7539
2197
254
5424
11400
10450
4373
871
2163
3008
-201
-3890
-3716
-1659
-2424
-5696
-7403
-7581
-10091
-14624
-15770
-11944
-8827
-10731
-14759
-16486
-16384
-16277
-14756
-10815
-7675
-8556
-11313
-11597
-8866
-5443
-2194
1105
3085
2303
315
132
2507
5788
8442
9765
9321
7492
5828
5622
6516
7349
7623
7432
6750
5504
4015
2850
2303
2194
2178
2076
1658
641
-844
-1980
-1935
-941
-16
224
-53
-583
-1338
-1811
-995
1060
2791
2944
2035
1356
1238
1268
1648
2707
3116
1653
-53
12
706
225
-13
1258
1651
-741
-3087
-2324
-565
-328
2039
9677
15213
9124
-3444
-6209
5155
16412
16452
11646
11067
10932
5214
384
5350
14440
14651
5909
209
2405
4626
663
-4459
-4047
-782
-1620
-6502
-9417
-9325
-11457
-16619
-18041
-12909
-8832
-12511
-19330
-21265
-18905
-17493
-16570
-13063
-9789
-11668
-16089
-15864
-10167
-4630
-2038
-330
712
-891
-3058
-898
5272
9556
9477
8378
8195
7280
5929
7063
10025
10761
8862
7695
7694
6250
3859
3367
4404
4455
3518
2788
1248
-1639
-3369
-2337
-563
-93
-525
-1606
-3680
-5149
-3935
-1180
392
674
734
110
-1131
-858
1487
3136
2632
1766
1633
1291
899
1587
2531
2428
2122
2274
1697
525
602
1598
2960
7953
16096
17409
6353
-4407
577
15277
21432
16487
12956
13834
10241
2712
3216
13125
18061
10494
1193
940
4630
2145
-4558
-6099
-2027
-1081
-6618
-11929
-12449
-12966
-17427
-20309
-16156
-10999
-13992
-22459
-25930
-22175
-18437
-17887
-16504
-13461
-13716
-17883
-18905
-13070
-5965
-3289
-2709
-559
417
-2187
-3053
2866
10295
11564
8950
8724
9400
7089
5792
9941
14100
11976
7743
7378
7742
5026
3545
6309
7869
4661
1364
927
-98
-2420
-2056
623
780
-1832
-3549
-4172
-5142
-4739
-1862
322
-222
-1312
-1544
-1904
-1798
247
2496
2450
1153
704
694
449
994
2566
3613
3221
2263
1828
1791
1445
2273
8540
18768
21168
9031
-3867
1042
18062
25082
18229
13642
16060
13333
4532
4641
15770
20419
10758
1240
3080
7256
2433
-5985
-6347
-388
400
-6970
-13678
-14448
-14885
-18890
-20233
-14894
-11414
-17941
-27565
-28708
-22567
-18642
-18938
-18460
-16598
-17250
-20052
-19489
-13559
-7201
-5230
-5460
-2884
977
588
-2165
359
7959
12238
11095
10353
10641
7799
5234
9683
16443
15612
9200
6326
7025
6043
5348
8142
9402
4812
-197
-288
919
-431
-1541
-476
-469
-2914
-4764
-4754
-4698
-4726
-3318
-1283
-973
-2473
-3788
-3483
-1699
444
1757
1708
523
-895
-1140
381
2474
3641
3574
2684
1733
1790
2387
2327
4902
14482
23483
17570
789
-3543
12541
27121
23362
14328
15239
17443
10312
4836
12465
21480
16646
5221
2912
7608
6092
-2559
-6485
-1189
3386
-1746
-11715
-16270
-15220
-15710
-17771
-15716
-12194
-16186
-26235
-30361
-24751
-18651
-18639
-20493
-19691
-18847
-20665
-21436
-16998
-10487
-7754
-7587
-4836
-1166
-2472
-5719
-1808
7535
11573
8990
7892
8791
6436
4929
10932
17550
14762
7843
6765
8557
7079
6498
10154
11023
5524
1059
1641
1942
-41
136
2181
1044
-2825
-4900
-4909
-4956
-4138
-1720
-396
-2009
-4480
-5124
-3662
-1383
267
652
150
-760
-1585
-1330
315
1763
2079
2350
2724
2367
1657
1320
1557
5589
16380
24392
15974
-1281
-2789
15837
29416
23194
13525
15186
17895
11485
7074
14305
21389
15943
6427
5661
9061
5153
-3721
-5364
1827
5712
-1742
-13375
-17818
-15286
-13807
-15006
-14661
-14143
-19156
-27412
-29610
-23658
-17944
-18702
-22165
-22190
-19712
-19987
-22150
-19451
-11459
-6445
-7260
-6487
-2704
-4067
-8689
-3440
10679
16058
8546
3132
5479
6713
6910
13798
20485
14734
4172
4157
10485
10561
7854
10367
11848
5689
-29
1575
3577
1146
501
3558
2690
-3679
-7477
-5534
-2959
-2238
-1389
-1139
-3748
-6889
-6309
-2412
673
828
-552
-1634
-2208
-2288
-1107
965
1884
1298
1423
2218
1239
-162
1230
2990
2683
6844
18604
22772
7999
-7173
1790
24945
31374
17745
8895
14206
17716
11665
9172
16870
21558
14039
5034
5714
9144
4403
-3204
-1297
6787
5816
-7085
-17767
-16404
-10215
-9477
-13039
-15196
-16944
-22050
-27435
-26461
-19988
-16378
-19656
-23953
-23092
-20145
-20973
-22362
-17111
-8653
-7251
-11914
-11471
-4728
-1952
-4253
-1284
7488
10487
5681
3513
7002
8891
8805
12747
17052
13173
5364
4946
10777
12784
10186
9428
9538
5635
1219
2437
5876
4735
1214
835
1178
-2174
-5609
-4039
-707
-1074
-3400
-3849
-3924
-5384
-5096
-1403
1319
-120
-2492
-2441
-1440
-1146
-201
1567
1688
6
-260
1468
1840
504
1264
3827
3174
922
6292
17685
18334
3836
-4925
7900
25985
24955
10715
6983
15893
18945
11444
8648
15761
18777
11024
4655
7603
9957
3607
-2470
1168
6871
2494
-9089
-15048
-11426
-6892
-8859
-14297
-16815
-16855
-19453
-23851
-23684
-18767
-16934
-21057
-24011
-21334
-18723
-20665
-21445
-15557
-8705
-9326
-14158
-12784
-4737
-220
-2679
-2937
3469
7528
4160
2242
7367
11151
8710
8400
13137
12990
6271
5217
12227
14519
8827
6453
9490
8091
2774
3439
7916
5985
311
373
2919
-112
-4211
-2021
1406
-904
-4520
-3694
-2115
-3432
-3660
-628
731
-1975
-3837
-1872
87
-812
-1717
-419
475
-599
-668
1258
1552
-170
417
2679
1760
1489
10251
19600
12445
-3959
-3175
17388
28716
17004
4942
10860
20281
15686
6913
10437
19310
17580
8345
5647
9286
7839
902
-346
5937
7624
-1805
-12535
-13088
-6795
-5330
-10949
-15589
-15400
-15787
-20440
-23985
-21300
-16789
-17558
-22049
-23033
-20053
-19642
-22248
-19943
-11516
-7782
-13544
-17118
-9945
-2468
-4214
-5800
1274
6561
1444
-2256
4904
11294
7879
5565
11455
13766
6725
3762
11001
15139
9882
6744
10296
10012
3808
2994
8782
9448
3394
966
3413
2383
-1678
-953
2884
1854
-2625
-3344
-1193
-1641
-3173
-1357
1155
-455
-3524
-2907
-503
-899
-2421
-1156
559
-1017
-2851
-913
1394
168
-794
1127
1225
-615
4722
15918
15517
288
-6709
8661
25931
21448
6389
5836
17317
19300
9648
6910
15849
20228
12691
5857
8080
10105
4712
456
4723
8946
2870
-8132
-11794
-7105
-3875
-7620
-13433
-15197
-14372
-16545
-21423
-22476
-18151
-15738
-19690
-23707
-21671
-18574
-20491
-21919
-15884
-9061
-11709
-18184
-15286
-5456
-2163
-5783
-5060
625
2008
-14
3302
8872
7282
3214
7312
14233
11833
5055
6850
13443
12824
8048
8861
11297
7518
3703
7406
10901
6131
841
2994
5623
1886
-1610
796
2792
-289
-2825
-1386
-801
-2975
-3098
-291
223
-2536
-3679
-1900
-1136
-2431
-2510
-950
-898
-2245
-1761
101
-31
-1122
172
1506
-120
1190
10526
16654
7323
-5515
67
19394
25560
12432
3591
11918
20424
14433
6244
11055
20102
17805
8440
5938
9430
8205
2876
2970
7854
6790
-2716
-10452
-9111
-4105
-4429
-10195
-14473
-14287
-14356
-18514
-22388
-20234
-15575
-16579
-22273
-23928
-20393
-19131
-21034
-18875
-12886
-11804
-15754
-15508
-10269
-7707
-7217
-2036
3373
-152
-6043
-1568
8480
10243
5715
6375
10227
8536
5492
9236
14224
11983
7949
9751
11743
7595
4219
8092
11877
8252
2998
2836
3873
1922
1049
3341
3437
-588
-2987
-1295
-338
-1978
-2214
-138
192
-2158
-3453
-2349
-1355
-1642
-1719
-1188
-1541
-2865
-2874
-908
469
-288
-830
72
-313
-1573
2921
13143
15232
2838
-6846
3613
22032
22916
8185
3270
14429
20699
11766
4696
12149
20819
16466
7182
6123
9379
7157
2700
4266
8458
5456
-4323
-10469
-7727
-2843
-4486
-11170
-14596
-12960
-13389
-18965
-22414
-18484
-13913
-16594
-22418
-22899
-19451
-19023
-20533
-17598
-11997
-11750
-16317
-16468
-10274
-5708
-5924
-4441
296
699
-3351
-1998
6037
9833
6231
5111
9367
10079
6106
6854
12839
13909
8995
7543
10393
9526
5844
7222
11301
9293
3274
2142
4936
4330
1453
1972
3711
1399
-2433
-2417
-219
-297
-1601
-1047
-159
-1710
-3843
-3197
-805
-278
-1928
-2871
-2333
-2141
-2418
-1398
180
-17
-956
-503
-326
-1347
1957
11474
15263
4814
-6147
992
18858
22896
10195
3310
12191
19542
12511
4472
10096
19692
17378
7768
5087
8429
7414
2957
3768
8127
5980
-3399
-9822
-7725
-3145
-3978
-9608
-13425
-12934
-13028
-17417
-21328
-18716
-13647
-14859
-21046
-23072
-19757
-18339
-19760
-17646
-12394
-11619
-15495
-16142
-11474
-7481
-6015
-3506
-392
-629
-2865
-1552
3393
6940
7432
7562
8090
7327
6223
7811
11365
12778
10947
8974
8590
8305
7732
8541
10092
9283
5964
3641
3729
3988
3283
3080
3396
2170
-553
-2065
-1308
-198
-165
-555
-812
-1582
-2860
-3110
-1678
-407
-1097
-2606
-2884
-2392
-2510
-2252
-671
295
-646
-1297
-858
-1414
-693
6787
15090
10319
-4019
-5832
11495
24560
15909
2357
6081
18199
16833
5496
5127
16561
20444
11131
3750
6362
9073
5138
2343
6214
8434
1261
-8466
-9739
-3935
-1645
-6774
-12422
-12810
-11679
-15002
-20299
-19940
-14133
-12188
-17967
-23297
-21416
-17590
-18233
-18975
-14457
-10541
-13800
-17773
-13719
-6858
-6361
-8392
-4227
2427
1775
-3570
-3073
3875
8618
8542
8253
8407
6228
4707
8748
14405
13908
8914
7310
9484
9595
7630
8370
10675
9312
5205
3525
4240
3766
2813
3912
4605
1531
-2401
-2468
37
777
-380
-965
-1205
-2522
-3613
-2539
-678
-757
-2407
-3138
-2700
-2855
-3296
-2043
8
-96
-1662
-1590
-930
-2175
-984
8028
15612
7937
-6864
-5395
13977
24664
13241
818
7070
18757
15278
4168
5902
17707
19985
10079
3676
6642
8659
4878
3364
7577
8479
231
-8833
-8738
-2558
-970
-6664
-12083
-12123
-11263
-15053
-20008
-18714
-12835
-12082
-18769
-23547
-20785
-17178
-18355
-18661
-13688
-10807
-15314
-18663
-13435
-6977
-7068
-7325
-1909
1042
-4100
-6825
1109
9443
7850
3681
6055
9096
6432
5306
11308
15511
11105
6540
9036
11666
8654
6867
10744
12402
7145
2808
4744
6759
4488
2958
4598
4048
-273
-2246
340
2067
232
-1377
-882
-1164
-2943
-3184
-1143
17
-1341
-3133
-3348
-2732
-2747
-2841
-1577
191
-121
-2047
-2312
-966
-1145
-923
5725
13971
9941
-4470
-7906
8601
23738
17414
2573
3069
14994
16497
6336
4170
14921
20804
12430
2881
3791
8263
6928
3914
5961
8116
2240
-7543
-10111
-4140
149
-3987
-10985
-12994
-11715
-13864
-18708
-18710
-13052
-10903
-16958
-23222
-21882
-17350
-16907
-17746
-14439
-11113
-13900
-17999
-15305
-8596
-5644
-5734
-3681
-1664
-3381
-4658
-151
6146
7438
5623
6023
7399
6402
6037
9867
13876
12654
8877
8108
9445
9243
8734
10307
11237
8453
4751
4248
5619
5477
4396
4184
3632
1322
-768
-379
1037
971
-235
-987
-1458
-2420
-3065
-2184
-641
-595
-2411
-3979
-3750
-2789
-2474
-2007
-597
-124
-1587
-2482
-1530
-1214
-1351
3795
12601
11688
-1905
-9371
3872
22029
20610
4911
704
12022
17440
8686
3482
12575
20920
14609
3651
2826
8023
7833
4167
5364
8508
3999
-6359
-10702
-5242
469
-2269
-9700
-13200
-12339
-13315
-17375
-18463
-13997
-10927
-15373
-22293
-23015
-18453
-16176
-17080
-15598
-12093
-12961
-17697
-17565
-10190
-4167
-5007
-6962
-4241
-972
-1756
-2078
2612
7736
7676
5785
6986
8511
7335
7803
12648
15501
11621
7166
8551
11575
10725
9208
10657
10828
6627
3439
5252
7255
5215
2874
3349
3032
-198
-2135
-170
1740
286
-2051
-2578
-2658
-3408
-3202
-1486
-782
-2513
-4368
-4236
-3259
-3022
-3114
-2253
-856
-793
-1994
-2350
-1599
-1689
-1705
3363
12436
12573
-692
-9997
1288
21105
23174
7210
-745
9572
18180
11091
3225
10463
21054
16696
4079
1419
7869
9388
4721
4282
8313
5567
-5350
-11499
-6026
1445
-705
-9527
-13964
-12386
-12451
-16687
-18449
-13994
-10430
-14885
-22254
-23131
-18291
-15783
-16790
-15489
-12198
-13311
-17913
-17362
-10010
-4192
-5212
-7714
-5628
-1238
432
-801
-136
4457
8943
9143
6633
5610
7145
9635
12207
14129
12956
8919
6944
9692
12859
12006
9285
8551
8396
6230
4473
5431
6400
4893
2829
2035
751
-1384
-1312
1031
1443
-1288
-3685
-3707
-3014
-2753
-1994
-1227
-2194
-4142
-4622
-3565
-2814
-2874
-2648
-1758
-1401
-2003
-2306
-1524
-1010
-1769
-1186
4915
12542
9900
-3027
-8400
5462
22657
20307
4195
-136
11574
17764
9381
3853
12521
20358
13343
2412
2806
9045
8355
3622
4758
8246
3199
-7569
-10610
-3477
1769
-3017
-11158
-13429
-11686
-12973
-16929
-17080
-12622
-11021
-16360
-22284
-21695
-17098
-15281
-16103
-14815
-12437
-13809
-17127
-15518
-9012
-4922
-5662
-5888
-2963
-1245
-2519
-1827
3322
8177
8417
6469
6095
6834
7665
10042
13516
14121
10653
7692
8824
11310
11453
10297
10077
9520
7031
4733
5087
6436
5871
3905
2469
1253
-476
-1293
-111
1011
-173
-2503
-3677
-3643
-3312
-2580
-1597
-1652
-3050
-4186
-4087
-3471
-3015
-2591
-2279
-2190
-2036
-1778
-1557
-1188
-995
-1764
-1505
4083
12327
11133
-1626
-8621
4008
22012
21121
4880
-705
10993
18376
10082
3139
11233
20288
14155
2466
2192
9120
8848
3160
3671
8197
4302
-6991
-11185
-4110
1841
-2709
-11123
-13483
-11518
-12630
-16693
-17187
-12984
-11148
-16018
-21891
-21523
-16834
-14966
-16308
-15294
-12201
-13172
-17454
-16290
-8005
-2414
-5114
-8444
-5432
-610
348
756
4245
7011
5792
5049
8195
10605
9181
8664
12119
14128
10998
8058
9987
12537
11251
9208
9567
9424
6573
4722
6274
7231
4522
1561
1553
1961
107
-1692
-849
234
-1378
-3761
-3944
-2986
-3181
-3642
-2817
-2200
-3425
-4663
-3837
-2405
-2558
-3463
-3340
-2597
-2079
-1411
-514
-258
-713
-1527
-2146
-286
6857
13964
9511
-4008
-7340
8541
24044
18161
1979
1378
14801
18030
6869
2913
14215
20934
11164
864
4071
10129
6475
1070
4726
9146
1760
-10045
-10647
-1914
1051
-6163
-12775
-12192
-10769
-14218
-18160
-16599
-12043
-12034
-17519
-21518
-19965
-16618
-15929
-16078
-13660
-11470
-13750
-16998
-14490
-7172
-2668
-4309
-6832
-5057
-834
2416
3546
3567
4347
6513
9438
10901
9574
7929
9380
12961
14795
12947
9938
9151
10307
11441
11439
9981
7731
6001
5499
5729
5097
3307
2005
1589
910
-762
-2437
-2473
-1603
-1750
-2839
-3891
-4527
-4644
-4119
-3064
-2768
-3827
-4384
-3428
-2475
-2727
-3359
-3073
-2311
-2274
-1799
-210
504
-352
-666
-82
-797
-1202
4909
14607
12560
-2576
-9626
5199
23657
20553
3291
-296
12498
17697
7579
2190
12534
20486
11827
882
2956
9099
6199
679
3882
9239
3310
-9124
-12064
-3959
1362
-3874
-11382
-12474
-11014
-13435
-17223
-16351
-11804
-10872
-16033
-20809
-19879
-16250
-15136
-15456
-13275
-10727
-12503
-16084
-14796
-8332
-2978
-2506
-4222
-3838
-1815
-564
1129
5605
10460
9938
5398
4623
9117
12490
12314
12415
13470
11702
8025
8364
12252
12982
9648
7951
8665
6881
3067
3156
6502
5946
1220
-1156
-241
-875
-3251
-2958
-675
-1515
-5155
-6388
-4483
-3431
-4349
-4382
-2956
-2946
-4614
-4788
-2759
-1387
-2030
-2794
-2417
-2085
-2284
-1423
514
1276
458
23
-183
-1713
-1205
7034
16568
11889
-4638
-9506
8049
25185
18600
1494
1515
15247
16964
4788
2230
14920
20557
9418
60
4604
9576
4006
-777
5257
10363
1478
-11475
-11558
-1866
1205
-6136
-12250
-11209
-10182
-14366
-18132
-15597
-10759
-11330
-16847
-20061
-18324
-16165
-16463
-15650
-11604
-9369
-12851
-16655
-13799
-6725
-2961
-3557
-3654
-1952
-878
-262
2552
6741
8652
7943
7906
9267
9396
8626
10324
13973
14620
10992
7889
8531
10386
10529
9701
9130
7763
4977
3110
3821
4815
3561
1438
552
-313
-2448
-3819
-2786
-1588
-2364
-3919
-4676
-5051
-5344
-4603
-2933
-2100
-3010
-4136
-3779
-2484
-1753
-1732
-1652
-1699
-2130
-2269
-1428
-81
619
291
-58
341
-557
-2679
3
10750
17313
6816
-9122
-6341
14742
25632
13119
-822
4941
16934
13283
2106
5173
18034
18106
5361
220
6824
8721
1634
90
8118
9865
-2630
-13555
-9178
748
117
-8454
-11994
-9921
-11308
-16757
-17784
-12590
-9126
-12697
-18375
-19325
-16570
-15267
-15699
-13592
-9539
-9401
-14170
-16455
-11315
-4318
-2525
-4260
-3419
-742
-568
-1296
1776
7454
10116
9330
8110
7251
6330
8077
13323
16572
13394
7552
5896
8242
10257
10451
10128
8650
5317
2649
2840
4428
4471
3313
2171
676
-1767
-3610
-2960
-997
-381
-2128
-4267
-5315
-5301
-4562
-2977
-1491
-2038
-3941
-4716
-3395
-1977
-1372
-948
-887
-1960
-3334
-2985
-1628
-615
-240
171
37
-527
-1007
-2451
-3158
2631
14790
16824
348
-14256
-2584
23059
27205
7001
-4148
8676
19063
9330
117
10497
22166
13598
-436
1960
10999
6540
-2470
2983
13849
7373
-10993
-15113
-2500
4478
-3603
-11439
-9564
-8187
-14314
-18589
-13731
-7927
-10065
-16084
-17536
-15574
-15755
-16905
-14057
-8545
-7392
-12089
-15953
-13586
-7878
-4223
-3366
-3016
-2536
-2712
-2392
-228
2893
5488
7471
8696
7895
5543
5020
8225
12315
13524
11508
8669
6954
6895
8331
10054
10163
8063
5256
3491
3231
3782
4223
3987
2793
889
-1109
-2284
-1841
-381
171
-1189
-3381
-4688
-4493
-3336
-1993
-1372
-2040
-3358
-4169
-3858
-2615
-1267
-699
-1069
-1919
-2672
-2946
-2598
-1699
-1083
-1183
-1190
-894
-991
-1161
-600
-594
-1993
-703
7620
14262
6701
-7636
-6766
12393
24421
13815
-484
3416
15012
13450
4388
7000
17419
15960
4338
1634
8957
9337
1093
362
9267
9842
-3530
-12407
-5905
2591
-609
-8581
-9619
-7667
-11206
-15980
-13946
-8807
-9250
-14469
-16712
-14928
-14403
-15763
-14655
-10595
-8709
-11339
-14243
-13031
-9290
-6564
-5153
-3807
-3055
-3851
-4223
-1670
2421
4413
4355
4487
5300
5648
6101
8064
9838
9476
8358
8702
9398
8679
7670
8254
9253
8450
6643
5691
5501
5080
4773
4850
4298
2563
991
725
901
637
92
-415
-1170
-2225
-2879
-2641
-1995
-1802
-2278
-2868
-2983
-2914
-2999
-2794
-2017
-1525
-2068
-2784
-2625
-2118
-2307
-2635
-2264
-1970
-2308
-2253
-1338
-975
-1172
-619
-677
-2759
-2013
6616
13797
6464
-7403
-5809
12415
22087
11166
-382
5445
15579
11982
3659
7830
17126
13996
3891
3986
10895
8424
-342
1001
10299
9167
-3975
-10372
-3380
2186
-2931
-8846
-7490
-6305
-11512
-15720
-12471
-8338
-10673
-15268
-15172
-12894
-14169
-16813
-15045
-10260
-8963
-12009
-13985
-12234
-9609
-8082
-6346
-4186
-3431
-4120
-4024
-2331
-73
2489
5173
5970
4320
3398
5672
8806
9406
8626
9081
9955
9244
8064
8432
9465
9358
8617
8323
7507
5672
4713
5726
6592
5262
2983
1896
1779
1311
714
643
505
-550
-1959
-2508
-2226
-2071
-2312
-2384
-2180
-2387
-3190
-3534
-2773
-1876
-1922
-2421
-2490
-2398
-2667
-2683
-2015
-1719
-2533
-3410
-3148
-2221
-1523
-1368
-1478
-1299
-710
-1179
-2770
-1038
6823
12232
5319
-5996
-3729
11852
19501
10245
1341
6605
14170
10311
4184
8960
16256
12139
3722
5141
10731
6767
-1101
1787
10447
7671
-5045
-9577
-2522
1078
-4763
-9016
-6316
-6058
-12644
-16435
-12001
-8120
-11599
-15913
-14366
-11998
-14763
-17821
-14703
-9345
-9237
-12861
-13539
-10811
-9052
-8521
-6284
-3249
-2730
-4145
-4053
-1510
1719
4506
5611
4421
3065
4741
8678
10532
9241
8129
9115
10037
9658
9344
9804
9731
8841
8446
8419
7382
5705
5362
6198
6107
4308
2454
1901
1932
1643
1067
490
-262
-1165
-1692
-1686
-1732
-2105
-2325
-2248
-2370
-2918
-3243
-2834
-2206
-2059
-2337
-2637
-2867
-2985
-2693
-2077
-1793
-2178
-2657
-2705
-2685
-2856
-2799
-2000
-1012
-875
-1282
-1017
-244
-752
-1999
230
7093
10866
4621
-4234
-1931
10571
16972
10308
3095
5876
11075
9067
5574
9034
13523
9910
3756
4734
8247
4930
-577
1833
7610
4548
-5201
-8458
-3564
-1400
-5531
-8251
-6805
-7864
-13098
-15037
-11105
-8670
-11908
-15055
-13539
-11722
-13795
-15680
-12795
-8649
-8822
-11495
-11269
-8519
-7333
-7163
-4549
-1067
-1040
-3040
-2085
1168
2514
3075
6642
9507
5988
1052
3975
12145
14210
8820
5432
7558
9248
8214
8537
10328
8996
5225
4664
7182
7130
4084
3331
5565
5624
2046
-373
1005
2705
1910
462
159
-435
-2157
-2694
-898
370
-1131
-3141
-2935
-1809
-2217
-3157
-2438
-1126
-1580
-3042
-3097
-2077
-2050
-2755
-2328
-1253
-1566
-2889
-3021
-1936
-1522
-2038
-2130
-1643
-1484
-1418
-721
111
150
-394
-634
366
3303
6451
6107
1753
-600
3911
10609
11223
6278
3921
6746
8968
7373
6153
7901
8788
6229
3855
4371
4521
1995
356
2104
2929
-919
-5577
-5878
-3729
-4089
-6590
-7760
-7855
-9372
-11444
-11359
-9862
-9933
-11457
-11782
-10731
-10658
-11805
-11576
-9250
-7502
-7829
-8201
-6996
-5649
-5194
-4052
-1828
-951
-1612
-386
3342
4470
1286
-136
4182
9239
8917
5461
4130
5122
6209
7738
9818
9515
5948
3389
5173
8147
7945
5673
4923
5463
4794
3344
3310
4311
4148
2984
2422
2162
1023
-75
617
2019
1571
-540
-1751
-1307
-854
-1160
-1272
-999
-1485
-2655
-2995
-2261
-1908
-2473
-2764
-2250
-2077
-2837
-3342
-2799
-2104
-2168
-2434
-2256
-1955
-1997
-2016
-1594
-1087
-1052
-1393
-1104
444
2138
1560
-780
-1320
1700
5266
5604
3430
2289
2980
3845
5048
7418
8559
5899
2373
3128
7020
7908
4786
2849
4159
4580
2035
224
1317
1858
-202
-1828
-1481
-2167
-5012
-6263
-4433
-3543
-5993
-8490
-8299
-7530
-8311
-9048
-8244
-7668
-8697
-9587
-8776
-7627
-7631
-7742
-6682
-5378
-5228
-5581
-4934
-3318
-2068
-1798
-1563
-466
1009
1480
1074
1504
3260
4517
4285
4040
4867
5624
5241
5065
6111
6996
6378
5471
5755
6375
6071
5518
5781
6011
5187
4222
4328
4740
4203
3236
2958
2978
2325
1457
1273
1369
795
-141
-507
-510
-947
-1610
-1771
-1695
-2126
-2842
-2989
-2650
-2688
-3165
-3352
-3073
-2923
-3090
-3095
-2775
-2525
-2481
-2284
-1878
-1652
-1616
-1338
-776
-445
-430
-277
172
489
557
749
1120
1227
1010
1139
1773
2088
1653
1316
1777
2235
1842
1426
2090
2909
2334
1167
1304
2508
2781
1882
1493
2085
2198
1396
1024
1551
1827
1202
608
603
446
-190
-486
-196
-313
-1240
-2050
-2077
-2004
-2495
-3101
-3300
-3406
-3809
-4243
-4364
-4416
-4664
-4810
-4627
-4437
-4547
-4685
-4454
-4031
-3814
-3690
-3247
-2560
-2220
-2318
-2250
-1554
-577
53
67
-131
70
812
1647
1977
1857
1740
1947
2382
2814
3019
2927
2750
2777
3051
3241
3129
2912
2904
3048
3031
2765
2529
2509
2550
2481
2298
2052
1789
1616
1620
1658
1470
1069
759
742
828
743
489
238
70
-17
-31
-9
-119
-400
-597
-509
-352
-431
-642
-685
-529
-477
-540
-510
-410
-388
-406
-274
-82
-94
-253
-219
85
260
130
-5
104
232
144
57
205
336
150
-119
-100
97
72
-160
-282
-231
-212
-321
-447
-496
-523
-590
-604
-568
-590
-738
-890
-868
-709
-617
-686
-819
-873
-776
-653
-625
-657
-672
-641
-553
-496
-546
-632
-648
-534
-426
-454
-582
-686
-695
-650
-587
-589
-676
-804
-851
-795
-759
-822
-880
-802
-740
-789
-857
-842
-694
-563
-537
-537
-489
-409
-296
-151
0
96
143
206
346
547
688
716
752
899
1063
1122
1088
1131
1266
1332
1294
1244
1259
1268
1256
1222
1196
1164
1060
981
1000
1015
901
733
658
665
627
517
428
382
316
224
183
149
74
-8
-26
3
-46
-159
-198
-116
-84
-164
-232
-192
-150
-185
-204
-156
-117
-193
-247
-172
-83
-128
-223
-209
-139
-129
-203
-220
-173
-174
-232
-253
-210
-202
-257
-306
-285
-251
-283
-330
-339
-322
-323
-348
-360
-347
-343
-355
-342
-331
-345
-364
-347
-312
-300
-316
-315
-287
-281
-281
-260
-223
-223
-252
-253
-222
-206
-212
-206
-186
-188
-207
-187
-145
-127
-150
-148
-99
-64
-63
-49
5
50
50
51
100
162
179
179
207
250
276
273
283
321
348
338
317
327
363
359
312
290
309
321
278
226
223
235
206
150
125
134
121
73
41
56
65
29
-9
-3
24
14
-22
-13
16
10
-14
-11
28
43
31
33
62
88
81
77
104
131
134
123
131
144
146
136
142
146
126
111
103
97
88
69
55
39
11
-13
-26
-29
-44
-66
-84
-104
-125
-127
-134
-151
-169
-182
-186
-189
-202
-218
-216
-205
-200
-201
-213
-223
-217
-201
-185
-188
-198
-188
-164
-149
-147
-140
-120
-105
-107
-104
-84
-62
-57
-43
-18
-5
-9
-1
26
60
71
65
73
95
123
139
141
144
134
142
170
175
158
131
131
149
149
123
105
99
88
73
58
51
44
24
8
4
-6
-17
-33
-34
-33
-48
-62
-57
-48
-54
-62
-61
-54
-46
-44
-37
-27
-21
-17
-7
11
19
20
24
48
66
63
62
72
79
82
90
89
83
80
78
86
92
79
57
57
63
62
48
29
22
20
17
15
7
-10
-28
-33
-29
-30
-47
-69
-73
-67
-76
-89
-90
-89
-87
-84
-85
-88
-84
-82
-81
-75
-72
-68
-69
-65
-53
-43
-41
-45
-41
-31
-19
-11
-8
-6
4
4
12
25
31
32
32
35
44
55
61
59
62
65
64
65
63
69
69
67
60
55
54
48
40
34
35
31
24
15
4
-7
-17
-13
-7
-5
-20
-34
-31
-30
-25
-33
-41
-38
-34
-25
-18
-28
-36
-41
-29
-22
-23
-28
-25
-19
-11
-6
-1
7
5
5
6
16
22
21
22
23
21
27
37
47
45
36
31
40
44
35
27
24
28
29
26
14
4
4
4
4
0
-8
-15
-16
-15
-10
-17
-27
-28
-29
-27
-27
-35
-47
-49
-37
-29
-31
-36
-35
-26
-17
-24
-38
-40
-32
-22
-20
-36
-40
-38
-19
1
2
-9
-12
4
23
31
24
26
24
37
46
45
39
37
48
60
61
48
50
51
63
69
64
48
36
45
51
48
36
25
19
19
11
1
-5
-9
-3
-5
-13
-29
-35
-34
-23
-17
-25
-37
-44
-38
-30
-27
-29
-32
-35
-35
-30
-23
-24
-29
-30
-26
-22
-19
-17
-19
-19
-10
-6
-6
-10
-12
-2
5
14
12
0
-4
0
20
24
10
-6
-3
8
20
22
16
11
12
16
20
25
17
14
22
24
14
14
13
9
11
10
0
-9
-6
2
5
-3
-10
-13
-17
-17
-8
-12
-17
-20
-24
-21
-21
-25
-25
-15
-16
-21
-17
-10
-7
-6
-1
2
9
12
11
18
30
31
23
26
42
50
42
30
30
39
40
39
30
28
27
25
27
28
22
15
8
7
7
1
-1
-3
-2
-9
-8
-6
-8
-17
-21
-21
-26
-32
-32
-29
-28
-22
-21
-25
-31
-32
-31
-23
-17
-22
-23
-22
-13
-12
-17
-13
-16
-15
-9
-12
-16
-12
-8
-4
0
0
-5
-7
3
10
9
10
7
6
10
13
15
17
17
15
9
12
19
21
22
21
20
19
17
23
23
18
18
15
15
19
21
14
8
4
2
0
-2
-6
-9
-5
-7
-11
-13
-16
-16
-14
-16
-26
-26
-17
-8
-13
-16
-9
-14
-11
10
13
4
-3
0
4
12
15
13
12
12
16
17
12
9
15
21
26
15
9
4
7
13
12
8
2
5
7
3
2
3
-6
-6
-3
-1
-1
-6
-6
-7
-3
-6
-12
-17
-20
-19
-15
-11
-17
-23
-21
-10
-6
-11
-25
-26
-19
-20
-22
-22
-19
-10
-6
-4
-3
-6
0
4
9
9
9
10
14
15
19
20
15
16
18
20
21
19
19
14
7
7
13
15
13
14
11
9
11
9
7
6
4
4
3
-5
-10
-13
-18
-16
-19
-19
-23
-29
-28
-26
-21
-18
-15
-15
-16
-11
-12
-11
-10
-3
2
5
6
6
7
10
11
15
18
18
17
20
21
23
29
28
29
27
26
31
34
27
18
18
18
18
15
11
11
8
5
4
3
-6
-10
-6
-3
-10
-14
-18
-14
-13
-9
-12
-18
-17
-18
-14
-17
-23
-24
-22
-26
-26
-24
-24
-25
-26
-32
-27
-21
-18
-12
-4
-3
-4
-6
-5
-2
1
5
6
8
4
7
6
10
8
3
7
10
4
8
12
13
18
15
14
7
5
7
12
18
14
10
11
11
4
7
10
8
5
2
1
4
4
1
1
5
-1
-6
-2
3
4
1
0
-3
-2
-4
-5
-2
-6
-8
-7
-4
0
-2
3
7
6
6
6
10
14
11
14
11
10
13
9
12
12
9
7
5
4
6
2
1
-2
-4
-4
-4
-3
-9
-5
-7
-6
-5
-10
-13
-14
-12
-13
-14
-10
-5
1
0
-4
-3
-2
-4
-6
-10
-7
-3
0
0
-6
-3
-7
-9
-12
-9
-7
-10
-10
-8
-8
-8
-8
-7
-4
-4
-7
-7
-5
0
3
0
1
-2
-1
6
10
10
5
7
8
9
2
4
8
11
12
15
13
11
9
9
13
11
10
9
12
11
9
8
7
9
11
7
5
1
-3
2
7
5
-1
-1
2
4
5
5
-1
-1
-4
3
3
-1
1
2
3
6
3
2
3
4
4
6
4
0
-4
-1
-4
-6
-3
-4
-3
-3
-3
-7
-8
-11
-11
-10
-12
-15
-15
-15
-14
-13
-13
-13
-11
-13
-12
-9
-11
-10
-9
-6
-7
-4
-2
-1
-1
-4
-4
-2
-1
3
-1
-5
-2
-1
-6
-4
-4
2
2
-2
1
1
4
12
11
12
10
8
6
7
8
8
12
12
12
10
12
13
13
16
16
16
10
12
15
16
16
11
10
9
14
13
10
9
7
1
-2
-4
-5
-3
-5
-8
-12
-13
-13
-13
-15
-10
-10
-12
-12
-13
-12
-12
-8
-9
-7
-8
-9
-7
-5
0
-3
-2
-3
3
4
1
3
3
1
4
6
7
6
4
5
4
3
2
3
2
3
3
0
1
-1
-1
1
-3
-4
-5
-4
-2
-6
-5
-6
-8
-12
-13
-12
-10
-12
-11
-7
-6
-4
-2
-6
-10
-6
-4
-5
-7
-2
2
-2
-3
2
-1
-2
3
7
6
2
2
6
9
9
7
7
7
12
15
19
20
9
13
14
13
12
14
14
10
12
16
17
15
14
14
11
8
10
8
5
6
3
2
-4
-1
-4
-8
-11
-14
-12
-16
-17
-18
-19
-19
-23
-22
-20
-18
-17
-18
-14
-17
-19
-19
-14
-12
-8
-7
-8
-3
-1
2
5
1
7
6
7
11
9
15
16
12
12
15
17
12
10
9
9
9
7
8
5
6
7
4
0
3
2
-1
2
-4
-2
-4
-8
-11
-13
-11
-10
-11
-8
-12
-11
-9
-3
-3
-7
-7
-5
-2
-4
-4
-3
-1
0
0
2
3
5
3
7
3
3
7
