SAMPLES:	5513
BITSPERSAMPLE:	16
CHANNELS:	1
SAMPLERATE:	16000
NORMALIZED:	FALSE
0
0
0
0
0
1
1
0
0
0
0
0
-1
0
-1
1
0
1
0
0
1
0
0
1
0
0
0
1
-1
-1
1
0
0
0
-1
0
0
1
0
0
0
0
0
0
-1
0
0
0
-1
0
0
1
1
-1
0
0
0
0
0
0
0
0
0
-1
1
0
0
1
0
0
0
0
1
-1
0
0
0
0
-1
1
0
0
-1
0
0
0
0
0
-1
0
-1
1
0
0
1
0
0
0
0
0
0
0
0
-1
0
0
0
0
2
-2
3
-5
6
-8
9
-12
14
-14
16
-15
14
-11
5
2
-16
33
-59
94
-150
238
-404
831
-9652
-20306
-20148
-13407
-5637
-7187
-11202
-9411
-2036
206
-4296
-6665
-478
6392
6295
4242
6736
8475
4802
2762
8213
14691
14209
8521
4076
4256
8246
11612
10105
6192
5152
5100
2078
368
4083
6671
2177
-3154
-2585
-58
-620
-1993
-1753
-1609
-2014
-1920
-2261
-2559
-899
760
206
-147
1476
2659
1958
1192
2446
4929
5153
2645
2076
4589
4832
2007
2212
5206
4469
-131
-2698
-1413
1136
2252
431
-2149
-1938
-712
-2376
-4761
-5337
-4364
2995
16122
15398
-8683
-25560
-5630
26331
26971
3436
-4702
6782
9346
-1607
-875
17662
27319
11448
-9309
-8000
8612
13182
1336
-4496
3866
7098
-5473
-16897
-13181
-5262
-5910
-10105
-10724
-12274
-18551
-23802
-22596
-16818
-11108
-9631
-15006
-23532
-25833
-18002
-8107
-5676
-9037
-10448
-9499
-9911
-7021
3428
10201
2425
-6672
581
13786
13308
5546
6620
11165
9071
8006
13700
15386
8802
4866
7403
9808
11043
11672
6626
-780
706
7618
6502
386
451
1575
-3885
-6323
671
4300
-2313
-7022
-3498
-580
-1607
-1130
77
-1139
-883
2253
2793
934
2079
3939
2192
1611
5631
7394
3719
1603
3743
4455
2427
1772
2274
1679
1549
2907
3011
1216
-317
-2297
-5708
-4471
8243
22818
17440
-9446
-25380
-5196
26838
29723
8209
-591
7651
5448
-6930
-989
23485
31305
8715
-13770
-9521
7241
10263
1297
-872
4415
1212
-12028
-18259
-10865
-4010
-7642
-13526
-13664
-13540
-18592
-23661
-22817
-17640
-12310
-10139
-14282
-22620
-25624
-18351
-8787
-5800
-6836
-6583
-7530
-11337
-10262
26
9512
8280
1823
493
3703
5887
7759
11497
13630
11215
7436
6329
7955
10253
11139
9687
7851
7603
6850
3675
1776
4143
6348
4063
583
-286
-926
-2879
-2622
564
1699
-1168
-4008
-4205
-3065
-1492
561
1715
1017
-321
-1113
-745
1542
4462
4805
2791
2100
3085
2863
1917
2760
3895
2815
1361
2033
3511
3890
3130
1728
278
-1001
-1835
2224
15163
24622
11148
-15547
-18252
10842
32664
22756
6396
7109
8333
-3308
-6917
12660
31887
23033
-2897
-14433
-4682
6192
5941
3413
5245
2057
-11079
-20540
-15185
-5023
-3766
-9099
-13360
-17035
-21172
-21736
-18726
-16874
-15859
-12967
-12669
-19337
-25309
-20606
-9991
-6307
-9994
-10689
-6699
-6705
-10381
-6757
4105
8181
1835
-1805
3010
6761
5448
6793
11976
12583
7368
4362
6695
9827
10339
8762
7071
6647
6237
3777
1748
3690
5907
3044
-1082
-280
1783
-620
-3326
-851
2333
584
-2509
-1996
-250
-628
-866
1319
3397
2594
378
-217
1460
3634
4330
3539
2734
2391
1681
1296
2880
5209
5437
4093
3544
3154
1744
903
1382
2976
9752
20980
21160
1192
-16471
-4677
22637
29935
16198
8932
11040
3199
-8542
-92
24169
32031
11868
-10868
-12971
-2107
3930
4366
6447
5289
-7296
-22530
-23887
-12174
-3458
-5423
-12679
-20056
-25622
-26069
-21378
-17297
-16159
-14816
-14501
-19775
-26058
-23328
-12707
-5453
-5580
-7041
-7135
-8731
-10122
-5109
5113
11060
8153
2462
910
3329
6924
11224
15151
14857
9324
3829
4051
8971
12867
12562
9629
6424
3464
1646
2893
6389
7487
3938
-393
-1513
-738
-640
-284
1176
1225
-1449
-3616
-2634
-649
-336
-643
245
1298
890
-219
-176
1053
1998
1986
1791
1783
1305
536
826
2154
3029
3056
3013
2299
612
-653
-723
1038
8340
19353
19684
1820
-14419
-5324
18044
26178
17181
11891
11615
1861
-9253
238
24080
31744
13778
-6739
-10647
-3944
1895
6880
11645
8325
-6301
-20457
-21353
-11332
-2303
-1158
-7627
-18029
-25531
-24542
-18423
-14925
-14281
-12574
-13058
-20318
-26706
-21461
-9605
-5224
-8838
-9633
-6746
-8042
-11195
-6087
4638
8034
3035
702
3629
4580
3473
7045
13546
14196
8513
4342
5161
7575
8957
9813
10109
8226
3820
77
873
4933
6323
3147
60
-502
-1552
-3386
-1868
2011
1890
-2532
-4551
-2322
-894
-1822
-1224
1396
1782
-709
-1670
505
2037
948
300
1895
2767
1139
140
1945
3825
3367
2382
2874
3488
1918
-698
1114
11688
22575
17772
-1717
-11366
2830
21528
23121
15938
15301
13014
-619
-8655
6662
28751
29280
9416
-6668
-7953
-2932
1981
7999
11809
5562
-9542
-21533
-21299
-11428
-1823
-1197
-11037
-23137
-27207
-23033
-19027
-17915
-14723
-10868
-15276
-26084
-27913
-16724
-8270
-11101
-11749
-2983
-717
-12876
-18664
-4014
10861
7724
1401
6391
8218
-2136
-4406
11918
23657
14984
3576
4579
7451
4334
5748
14642
16741
6319
-3500
-2408
3750
5834
3949
2809
2021
-2073
-7085
-5711
1299
3558
-2032
-5666
-2456
-686
-4470
-5327
385
3366
-643
-2790
954
2251
-2170
-3347
2259
5701
2446
-339
1736
3473
2177
2251
5247
6215
2564
-980
2814
14988
23710
15955
-1965
-7139
7308
21969
22610
18617
17986
11547
-2417
-5511
11862
30159
27524
8640
-6294
-8251
-2854
3725
9220
10286
2699
-11352
-22239
-21689
-11296
-1702
-3163
-15050
-25562
-26207
-21830
-20551
-20023
-15010
-11668
-18255
-27331
-24718
-12905
-7523
-12065
-13699
-6932
-2710
-7031
-8622
-91
6757
2847
-46
7625
13077
6136
958
9039
16425
11385
6383
10799
12369
4725
2009
9934
13531
5940
-147
2065
3467
-123
-1136
2453
2695
-2894
-6810
-4546
-1049
-1574
-4072
-4152
-2523
-2823
-4470
-3632
-616
84
-1993
-2128
896
2224
-66
-1404
561
1914
766
933
3696
4764
2656
1630
3440
4069
1155
-606
5911
19661
25915
12848
-7065
-7864
12069
26809
24179
19210
19008
9752
-6018
-5381
15846
32171
24112
3757
-7781
-6765
-1548
3916
9103
9860
1553
-12489
-21831
-19245
-8516
-1169
-5088
-16178
-23006
-21487
-19183
-21132
-20703
-13692
-9977
-17023
-24328
-20014
-11126
-10684
-14988
-11129
-356
2719
-5722
-10665
-1350
9839
8004
2347
8080
14845
6584
-2168
8637
22383
14650
859
5542
14346
6237
-1978
8093
16089
3755
-7635
183
7799
-761
-8037
-1332
2982
-5183
-10339
-3969
-105
-6444
-10687
-5231
186
-2225
-6219
-4871
-1576
-1442
-2058
879
4414
2706
-2148
-2489
2232
4889
3324
2768
4529
4141
1806
2460
4904
3246
93
5931
20093
25032
11000
-5920
-3772
13020
22764
20909
20172
20022
8260
-7533
-4216
17840
31204
22089
4981
-4580
-6565
-4338
2245
9024
8734
43
-11894
-20596
-20490
-11663
-4077
-7595
-17666
-21779
-19149
-19623
-24236
-22976
-14472
-10790
-16797
-21322
-16532
-11334
-14354
-16848
-7602
4681
3574
-6752
-7588
2380
7049
4437
8158
16432
12928
1225
1938
14211
17144
9036
7173
11829
8499
343
2308
10028
7828
-1162
-2220
2902
1467
-5397
-6596
-2490
-2524
-6508
-6316
-2757
-4233
-10140
-10832
-4631
-463
-2396
-4540
-3430
-2925
-4140
-2075
3781
6208
2068
-1713
173
3298
2994
2753
5327
6174
2801
832
3251
4983
2577
394
3889
14270
24368
21164
3171
-9219
1482
20951
25719
19710
18978
16727
1308
-10905
2086
26601
31072
12936
-3930
-6946
-4339
-2944
664
6428
5989
-4981
-18153
-22460
-16796
-9760
-9199
-14793
-19302
-18039
-16172
-20542
-26183
-22546
-12781
-10286
-15502
-15865
-9695
-9283
-16652
-17041
-2904
12042
11489
-348
-5689
920
7654
8393
12285
20750
18662
3575
-2470
9623
18226
10419
4170
9961
10389
-1361
-5362
4410
6773
-4078
-7255
2125
3352
-8433
-13609
-6743
-3771
-8229
-6985
-326
-2454
-12507
-14614
-5777
1124
364
-1367
-697
-1346
-3251
-1333
4524
7881
5435
1752
1942
4425
4750
3228
3704
5812
5511
2811
2162
3735
2618
-290
4584
18968
26466
14140
-4291
-4929
10237
18583
15483
17121
23515
15339
-5654
-10832
8745
25435
18933
4171
-3
1003
-3750
-8384
-3928
3649
2722
-6951
-15703
-16729
-12836
-12003
-16814
-20304
-16365
-10403
-12013
-19761
-23342
-19488
-15414
-15362
-14083
-7680
-2441
-6207
-14958
-16076
-5290
7131
9808
4435
1207
4045
7576
7841
8307
11947
14332
10811
6002
7358
11909
10018
1902
-1322
4273
8883
5067
-1556
-3770
-3784
-5417
-5669
-1972
608
-2785
-8682
-10904
-8530
-4450
-1493
-1849
-4791
-5789
-2774
16
-494
-913
1394
3394
3469
4411
6518
6248
3437
2064
3650
6080
7563
7205
4434
1378
1243
3642
4965
3940
2594
2053
1264
356
2717
9885
15792
11728
-728
-8177
-1746
11128
16562
11390
3826
913
1849
2761
2783
3572
5217
4954
1217
-2898
-3204
-461
218
-3463
-7997
-9157
-6999
-4730
-4542
-6590
-9983
-12754
-12228
-7778
-2997
-2400
-6100
-9635
-9394
-6231
-3221
-2090
-2639
-3956
-4970
-4717
-3189
-1501
-823
-1432
-2665
-3297
-2424
-614
367
-379
-1711
-2031
-1200
-278
67
20
-160
-359
-271
473
1607
2217
1791
996
950
1879
2996
3583
3615
3321
2827
2456
2684
3501
4167
4025
3262
2617
2535
2877
3240
3274
2865
2263
1904
1847
1762
1630
1726
1844
1450
764
596
921
883
341
111
441
622
325
-19
-178
-432
-735
-609
-39
272
-118
-893
-1466
-1542
-1144
-433
280
486
-155
-1265
-1893
-1374
-54
1015
1135
493
-197
-316
334
1432
2216
2046
1162
562
915
1883
2671
2800
2252
1260
336
97
651
1338
1363
598
-425
-1121
-1307
-1163
-1058
-1308
-1931
-2580
-2855
-2658
-2276
-2158
-2550
-3222
-3623
-3421
-2924
-2658
-2720
-2870
-3003
-3128
-3036
-2578
-2123
-2197
-2710
-3041
-2788
-2156
-1559
-1186
-1070
-1222
-1501
-1594
-1257
-573
124
548
622
519
510
746
1145
1530
1823
2014
2075
2050
2143
2465
2818
2897
2685
2462
2427
2499
2534
2571
2653
2651
2431
2130
2010
2013
1828
1458
1261
1339
1332
1029
720
665
612
279
-66
-23
270
307
-37
-443
-641
-563
-112
698
1366
1183
73
-1118
-1367
-450
928
1843
1851
1116
190
-240
294
1440
2029
1238
-234
-808
168
1871
2966
2656
1079
-758
-1643
-1264
-296
695
1727
2443
1907
-40
-2274
-3587
-3712
-3158
-2535
-2273
-2292
-2364
-2703
-3772
-5192
-5617
-4341
-2306
-1208
-1705
-3051
-3984
-3822
-2716
-1390
-725
-1242
-2293
-2262
-339
2048
2531
508
-2230
-3352
-1965
969
3302
3198
725
-1871
-2399
-807
1242
2246
1921
1005
660
1482
2739
3119
2386
1496
1170
1412
1899
2248
2113
1747
1870
2309
2065
830
-406
-952
-1068
-1082
-1036
-983
-705
-180
-471
-2262
-3894
-3108
-419
1386
871
-483
-913
-436
-150
-393
-828
-1089
-707
505
1814
1978
944
-387
-1198
-1203
-729
-447
-391
1264
5902
11150
11950
6571
-305
-2119
2418
8502
10864
9090
6803
6443
6881
6090
4215
2631
1690
893
505
1013
1635
1090
-672
-2823
-5254
-8167
-10281
-9617
-6758
-5182
-7075
-10236
-10920
-8868
-7251
-8204
-10228
-10636
-8882
-6527
-4811
-3702
-2976
-2880
-3207
-2996
-1808
-295
1016
2522
4204
5013
4758
5037
6918
8955
8938
6823
4489
3469
3734
4165
3673
2031
197
-781
-905
-1038
-1691
-2689
-3593
-4075
-3880
-3157
-2401
-1921
-1922
-2617
-3705
-4072
-3298
-2541
-2953
-3823
-3526
-1706
462
1625
1431
728
727
1554
2495
3268
4164
4670
4054
3094
3265
4016
3451
1590
286
510
1122
888
113
-350
-487
-838
-1616
-2369
-1395
3352
10998
16041
13475
6072
2487
6465
12079
12409
8763
7402
9915
12070
10923
8495
7501
6944
3982
-1158
-4718
-4177
-1584
-825
-3090
-6727
-10229
-12828
-13771
-13492
-14346
-17250
-19150
-16927
-12569
-10700
-12046
-13135
-12108
-10892
-11217
-11386
-8710
-3710
-16
224
-669
894
4490
6433
5385
3907
4054
5237
6643
8238
9412
10452
13300
17166
16583
9175
1184
-1114
-452
-2421
-5691
-6317
-5055
-4401
-3816
-3254
-4981
-8142
-8997
-8036
-8659
-8952
-4638
1502
3162
1087
474
1247
189
-1820
-2278
-1985
-1479
1420
6096
8257
7321
7095
7995
6594
3125
1350
1762
1883
1627
2201
2585
1759
818
121
-1719
-4266
-5416
-5237
-5493
-5834
-4955
-2430
3203
12658
20391
18846
10775
7364
11922
15357
12053
8390
11151
16565
17346
13693
11663
13575
14250
7997
-2622
-8688
-6949
-4386
-7197
-11665
-11870
-9989
-11532
-15880
-18647
-19523
-21054
-23019
-23416
-21960
-19369
-15920
-12159
-9309
-8084
-7861
-7168
-5098
-2574
-1524
-1362
1163
6313
9798
9609
9718
12809
14833
11829
7152
6424
8996
10176
9333
9937
12541
12938
8364
1589
-3233
-5982
-8993
-12592
-14846
-14383
-11484
-7749
-5570
-5638
-5651
-4139
-3609
-5674
-6713
-3567
540
1545
1487
3775
6735
7173
5684
4175
2899
2283
3057
4058
4192
5086
7403
8176
5943
3797
3632
2738
-539
-3569
-4301
-4170
-4564
-4860
-4598
-4133
-3640
-3496
-4328
-5578
-5453
-1786
6063
14958
18704
16026
14354
19123
23635
19660
12523
12648
17424
15732
8270
6819
14255
18805
11983
883
-3093
-853
-3087
-12754
-19994
-17887
-14251
-18374
-24845
-22715
-14990
-14023
-20993
-24960
-21291
-17304
-18280
-19743
-16266
-9948
-6129
-5257
-2967
2587
7451
7829
5964
6230
8135
8583
8292
9715
11455
11079
10240
11023
11169
8805
7019
7948
8052
4398
65
-1987
-3971
-7973
-11416
-12156
-12300
-13500
-13827
-11788
-9066
-7091
-5359
-3772
-2937
-2005
48
2082
2929
3871
5852
7050
6496
6316
7469
7403
5034
3172
3515
4007
3390
3203
3851
3606
2232
1177
430
-977
-2574
-3735
-5051
-6447
-6679
-5985
-5803
-5863
-5083
-3965
-3564
-3612
-3394
-796
6944
17629
23002
20489
19285
25247
29649
24077
16600
17668
21315
15985
6288
5877
14122
16568
7701
-1380
-1663
16
-6723
-17933
-21800
-18554
-19922
-28064
-31158
-23793
-16637
-18434
-22552
-20258
-15119
-14812
-17518
-16359
-11097
-7333
-6786
-5270
137
6755
10467
11355
12113
13082
12680
11272
10391
9448
7653
6573
6791
5950
3811
3657
5226
4156
701
-265
342
-3238
-9671
-12151
-11162
-12856
-16249
-15432
-11475
-9720
-9193
-5737
-1083
768
860
1999
3632
4681
5957
7352
7857
8271
9463
9834
8427
7173
6773
5056
1664
-467
-309
-347
-1708
-2517
-2031
-2063
-3283
-3994
-3610
-3888
-5543
-6798
-6487
-5924
-6003
-5594
-4165
-2695
-1539
-354
687
3449
11477
22460
27612
24664
23387
29116
32502
26319
19309
20333
22031
14601
4677
4756
11506
11262
1988
-4920
-4284
-4628
-12346
-20642
-21781
-20597
-25040
-31594
-31213
-24814
-21140
-21763
-20725
-16431
-13305
-12725
-11431
-8478
-6176
-5102
-3369
-507
2537
6075
10539
14131
14676
13525
13752
14730
12930
8414
5510
5200
3317
-1278
-3543
-1112
653
-2061
-4834
-3345
-1666
-4704
-9151
-9825
-9010
-11338
-14337
-12938
-8758
-6735
-6169
-3036
1905
4670
5018
5867
7714
8533
7816
7185
7730
8659
8643
7679
7037
6931
5793
3112
694
-575
-2287
-4944
-6412
-5979
-5898
-7154
-7698
-6421
-5079
-4955
-5060
-4302
-3365
-3311
-3736
-3251
-1844
-1082
-1072
-19
1992
3001
5292
13778
24941
28251
24519
24890
30988
31743
23599
17861
19475
17838
7402
-626
2249
7170
3670
-3627
-5376
-3841
-7075
-14074
-17704
-17837
-20696
-26636
-29358
-26945
-23806
-21830
-18591
-14322
-11767
-9837
-5783
-1762
-1388
-2313
-421
2192
1671
941
5078
11322
12824
10220
10431
14192
14726
9882
5698
5171
3097
-3323
-8410
-7877
-6167
-8118
-10918
-10281
-7643
-6243
-5504
-3734
-2220
-2961
-5116
-6115
-5232
-4270
-4789
-5508
-4041
-691
2155
4150
6916
9764
10219
8805
8537
9460
8677
6015
4269
3962
2872
823
-138
-199
-1628
-4336
-5822
-5524
-5394
-6240
-6885
-6731
-6327
-5724
-4489
-2780
-1205
-37
685
1134
1823
2653
2664
1900
1927
2840
2709
2573
7525
17649
24638
23947
22981
28142
32265
27372
19560
17742
16953
8390
-2641
-5092
-973
-842
-5980
-8831
-7463
-7324
-10507
-13296
-14208
-16515
-21532
-25840
-26812
-25567
-23205
-19547
-15866
-13590
-10452
-4143
1944
3506
2825
4300
5856
3597
693
2649
7215
7825
4925
4963
9222
11979
10148
7524
6929
5069
-570
-6121
-7696
-7923
-10583
-13650
-13260
-10361
-8046
-6259
-3338
-203
819
-172
-907
-375
-286
-2000
-3759
-3133
-874
773
2340
5505
8875
10019
9868
10617
11252
9536
6325
4012
2617
749
-1277
-2156
-2197
-2814
-3943
-4266
-3713
-3715
-4629
-5222
-5164
-5428
-6005
-5681
-4229
-2643
-1296
244
1986
3407
4240
4536
4416
3920
3133
2323
1547
836
2096
8076
16253
20165
19759
22301
28432
29372
23112
18313
17686
13029
2094
-5801
-5624
-3933
-6642
-10557
-10652
-8088
-7247
-8991
-10552
-11196
-13439
-17951
-21807
-23085
-22623
-21112
-18869
-16833
-14212
-8541
-1237
2950
3812
5632
8585
8322
4711
2888
4622
5602
2854
-27
1575
5892
7399
5574
5041
6449
5137
155
-3770
-4936
-7046
-11523
-15036
-15409
-13679
-10773
-6988
-3250
55
3175
5287
5646
5475
5334
3304
-649
-2937
-2086
-983
-708
1279
5037
7353
8090
10090
12511
11722
8193
5473
3817
1072
-2201
-4014
-4925
-6255
-7078
-6191
-4496
-3362
-2890
-2706
-2665
-2588
-2646
-3180
-3646
-3198
-2180
-1326
-142
1762
3318
3801
4093
4556
4187
3133
2390
1522
664
3227
10163
15786
16269
16925
22550
27258
24687
19518
18218
16661
8504
-1708
-5598
-4581
-6101
-10985
-13406
-11405
-9057
-9118
-9784
-9513
-9969
-12424
-15590
-18003
-19266
-18982
-17591
-16944
-16668
-13200
-6066
-205
1736
3643
8092
11020
9115
6268
6852
8124
5359
486
-759
1947
3544
2074
1081
2601
3695
2038
-476
-1792
-3119
-6159
-10168
-13260
-14163
-13043
-11678
-11267
-9743
-4653
1696
5443
7624
11101
13585
11698
8371
7810
7549
3745
-758
-1499
53
660
1324
3686
6021
6483
6052
5979
5742
4297
1311
-2323
-4908
-6018
-7134
-8662
-8884
-7539
-6598
-6197
-4192
-891
652
-190
-776
160
1111
1155
1224
1956
2567
2436
2396
3317
4272
3664
2187
1641
1396
305
1454
7735
14346
15050
13494
17558
24320
24576
19073
16313
16398
11562
1761
-4093
-3083
-2582
-7599
-13057
-12731
-8855
-7521
-9228
-9944
-9119
-10105
-13455
-16013
-16224
-15926
-16673
-17696
-17397
-14591
-9598
-4517
-1267
841
3767
7236
8973
8336
7328
7246
6348
2999
-456
-438
1992
2318
-224
-1453
598
2447
1114
-1262
-1836
-2295
-5581
-10123
-11729
-10425
-10193
-11921
-11990
-8654
-4279
-217
4626
9466
11881
12330
13111
13838
12700
10000
6806
3267
487
44
1033
1434
1601
2624
3663
4100
4842
5480
3998
570
-2320
-3740
-4869
-6311
-7575
-8327
-8311
-7198
-5218
-3149
-1570
-701
-312
326
1396
1931
1354
751
1155
2031
2618
3118
3641
3570
2626
1417
697
542
63
-1603
-2968
-420
6066
11189
11964
13023
18406
23331
21991
17733
16707
16327
10251
788
-3856
-2915
-3577
-8691
-12563
-10936
-7526
-7185
-8703
-8557
-7587
-9009
-12548
-15297
-16145
-16426
-17097
-17838
-17602
-15037
-10093
-4971
-1735
715
4507
8562
9841
8456
7730
8508
7498
3279
-286
217
2238
1361
-1290
-1124
1844
2954
762
-994
-539
-1104
-4856
-8848
-10005
-9764
-10684
-12152
-11915
-9317
-5318
-1249
2103
5459
9875
13825
14878
14382
15194
15621
12189
7267
5691
6025
3777
421
405
2409
2208
625
1105
2588
1622
-1250
-2828
-2862
-3792
-6072
-7518
-7150
-6546
-6729
-6418
-4635
-2758
-2269
-2170
-856
1193
2171
1599
904
1416
2625
3157
3089
3512
4132
3487
1938
1254
1119
-306
-2488
-3554
-4104
-4972
-3088
3475
9647
10396
10209
15697
22761
22748
17549
15727
16479
11601
1797
-3156
-1372
-1768
-8228
-13195
-11132
-7131
-7077
-8775
-8204
-7151
-8864
-11754
-12938
-13246
-14714
-16621
-17385
-16998
-15305
-11329
-6109
-2584
-964
2009
7208
10763
10218
8631
9046
8964
5243
877
640
2651
1334
-2765
-3657
-92
2419
783
-1292
-760
-429
-3250
-6757
-7584
-7285
-9033
-11653
-11701
-9053
-6134
-3561
-514
2580
5273
8782
13160
15759
15695
15732
16899
16321
13405
11603
11309
8529
3325
709
1282
159
-3550
-5568
-5132
-5672
-7412
-7395
-5912
-5858
-7103
-7070
-5362
-3847
-3458
-3596
-3509
-2982
-2147
-1375
-892
-485
40
640
1449
2724
4005
4273
3643
3638
4640
4950
3626
1903
575
-1237
-3736
-5633
-6383
-6907
-7895
-8723
-7396
-2076
5314
9803
10498
12908
19345
23672
21300
17200
16524
15159
8059
-52
-1926
-189
-2513
-8405
-10410
-6931
-3979
-4759
-6184
-6144
-6829
-9517
-12373
-14225
-15828
-17451
-18529
-18992
-18204
-14754
-9124
-4357
-1881
658
5374
10138
11547
10213
9556
9980
8413
4381
1788
2651
3464
1056
-1761
-769
2550
3290
868
-772
-307
-944
-4185
-7089
-7744
-8373
-10626
-12340
-11464
-9013
-6386
-3600
-902
1648
5484
10675
14098
14456
15030
17224
17315
14032
11857
12224
10233
4642
1168
1942
1752
-1795
-4341
-3764
-3593
-5449
-6461
-5601
-5490
-7078
-8059
-7144
-5732
-5169
-5129
-4706
-3564
-2056
-805
106
1178
2303
2592
2253
2918
4748
5450
3943
2462
2855
3600
2873
1672
1236
247
-2334
-4647
-5161
-5734
-8051
-10085
-9789
-8922
-8823
-6108
1216
7973
9319
9912
16195
23978
24570
19624
17751
18834
14966
6033
1051
2341
1612
-5081
-10284
-8188
-4139
-4750
-7714
-8134
-7502
-9429
-12533
-13918
-14702
-16922
-19115
-19235
-17909
-15840
-11882
-6499
-2576
-500
3205
9513
13881
13322
11400
12004
12608
9423
4985
4019
4957
2728
-1782
-2798
456
2260
-205
-2904
-2530
-1772
-3838
-6849
-7954
-8540
-10893
-13233
-12743
-10381
-8491
-6584
-3410
95
3404
8113
13801
16760
16261
16308
18284
18320
14985
11966
10498
7358
2532
287
932
-24
-3509
-5652
-5173
-4785
-5636
-6330
-6713
-7782
-8819
-8433
-7046
-6016
-5645
-5349
-4458
-2436
300
2127
2362
2462
3564
4692
4846
4835
5108
4509
2928
2193
2739
2636
1044
-442
-874
-1330
-2557
-3912
-5078
-6628
-8650
-10123
-10119
-9285
-9144
-9236
-6311
714
7391
9861
11671
17799
24761
25468
21559
20457
21626
17611
8485
2871
3108
1697
-4844
-9932
-8796
-6106
-6997
-9254
-9237
-8454
-9701
-12083
-13680
-14863
-16414
-17667
-18052
-17724
-16030
-12114
-7242
-3623
-810
3724
9822
13806
13936
13241
14319
14691
11317
6612
4872
4898
2285
-2295
-3742
-1328
-54
-2203
-4084
-3064
-1977
-3714
-6489
-7644
-8114
-9901
-12125
-12563
-11061
-9111
-7279
-4907
-1535
2615
7024
11063
14038
15702
16598
17274
17316
15980
13574
11063
8584
5782
3269
1758
498
-1580
-3802
-4857
-5073
-5747
-7047
-8158
-8746
-9011
-8892
-8212
-7256
-6391
-5464
-4003
-2024
-161
1105
1898
2557
3113
3511
3844
4115
4085
3611
3008
2822
3094
3139
2356
1018
-94
-763
-1407
-2259
-3208
-4333
-5745
-6966
-7446
-7595
-8096
-8418
-7697
-6608
-5882
-3649
1995
8349
11065
11699
15691
22455
25207
22142
19271
19463
17553
10573
4076
2651
1854
-3597
-10056
-11033
-8049
-7527
-10314
-11895
-10914
-10459
-11861
-13170
-13493
-14122
-15387
-15922
-14956
-12827
-9761
-6156
-3046
-478
3249
8649
12973
13733
12726
13177
14227
12544
8505
5845
5119
2936
-1368
-3803
-2543
-1448
-3626
-6334
-5957
-4163
-4688
-7122
-8384
-8242
-8896
-10416
-10629
-8974
-7167
-6105
-4652
-1635
2493
6324
9020
11015
13165
15364
16627
16666
16160
15212
13170
10316
7981
6334
3997
509
-2639
-4370
-5484
-6923
-8304
-9041
-9526
-10053
-9946
-8790
-7463
-6881
-6504
-5247
-3167
-1293
-142
709
1683
2605
3244
3771
4338
4594
4150
3460
3407
3966
4057
3081
1807
1203
1029
377
-885
-2158
-3220
-4314
-5268
-5574
-5430
-5704
-6548
-7044
-6593
-5778
-5311
-4975
-4243
-3071
-1326
1585
5695
9757
12681
15070
18100
21354
22993
22192
19965
17282
13809
9316
4766
1011
-2585
-6713
-10347
-11878
-11577
-11329
-12033
-12725
-12495
-11860
-11691
-11955
-12241
-12608
-13115
-13125
-11942
-9754
-7351
-5064
-2505
757
4578
8217
10829
12128
12520
12451
11825
10343
8154
5616
2824
-77
-2384
-3520
-4043
-4968
-6159
-6526
-5853
-5177
-5223
-5599
-5828
-6022
-6232
-6162
-5742
-5280
-4769
-3781
-2084
248
3054
5762
7698
9234
11555
14434
15812
14882
13543
13182
12342
9714
6673
4592
2332
-1010
-3754
-4496
-4768
-6381
-8302
-8549
-7426
-6731
-6861
-6722
-5900
-5109
-4587
-3680
-2297
-1354
-1174
-792
512
2067
2789
2691
2703
3230
3675
3498
3025
2720
2285
1388
635
642
733
-97
-1397
-1920
-1641
-1747
-2681
-3588
-3856
-3905
-4145
-4156
-3634
-3125
-3032
-2746
-1752
-709
-370
-297
253
951
1375
2266
4191
6085
7022
8255
11143
14119
14748
13782
13705
13960
11791
7466
4013
1802
-1787
-6836
-10069
-10475
-10955
-12880
-13734
-11852
-9494
-8836
-8608
-7101
-5462
-5397
-6037
-5724
-4928
-4971
-5405
-4830
-3196
-1512
-80
1546
3447
5226
6603
7465
7700
7331
6492
5186
3468
1679
111
-1384
-2905
-4022
-4298
-4072
-3930
-3792
-3241
-2411
-1813
-1498
-1150
-781
-602
-483
-51
685
1450
2217
3183
4374
5559
6533
7209
7545
7513
7127
6414
5419
4191
2814
1428
229
-706
-1450
-2085
-2585
-2891
-3023
-3105
-3263
-3502
-3733
-3893
-3983
-3964
-3767
-3382
-2861
-2177
-1289
-280
694
1491
2088
2549
2861
2927
2733
2372
1955
1515
1064
685
411
141
-153
-391
-566
-780
-1101
-1479
-1831
-2166
-2487
-2726
-2801
-2738
-2594
-2313
-1838
-1246
-643
-46
562
1143
1616
1951
2176
2295
2294
2180
2001
1799
1603
1472
1465
1548
1670
1860
2168
2494
2712
2815
2829
2663
2261
1719
1136
452
-370
-1172
-1780
-2228
-2612
-2868
-2897
-2760
-2605
-2421
-2139
-1837
-1681
-1649
-1605
-1541
-1567
-1671
-1718
-1683
-1621
-1536
-1366
-1122
-892
-702
-504
-291
-138
-95
-111
-126
-150
-200
-249
-234
-155
-55
72
272
531
754
901
1017
1130
1185
1143
1054
961
866
769
706
693
709
743
801
879
943
964
942
888
800
669
521
387
275
177
118
117
156
199
235
272
300
291
231
134
36
-51
-125
-176
-172
-96
22
169
341
515
653
715
698
607
444
211
-82
-384
-655
-884
-1045
-1117
-1089
-986
-827
-617
-392
-185
-25
79
131
126
72
-11
-98
-175
-230
-238
-197
-113
-4
121
257
377
457
480
455
384
262
97
-92
-284
-470
-637
-779
-884
-947
-975
-976
-947
-889
-811
-719
-611
-486
-337
-172
10
215
432
663
887
1095
1278
1422
1513
1535
1496
1396
1244
1038
795
551
310
77
-130
-293
-433
-560
-664
-748
-826
-907
-985
-1057
-1116
-1135
-1127
-1092
-1006
-876
-717
-527
-327
-130
38
179
285
353
396
416
417
417
426
435
454
476
494
497
470
414
331
208
57
-109
-270
-420
-541
-623
-651
-627
-544
-424
-272
-100
74
232
370
477
546
575
575
544
491
440
385
337
298
259
232
218
206
183
148
107
54
-20
-115
-219
-332
-439
-540
-619
-655
-655
-616
-523
-391
-217
-29
163
344
503
624
694
717
699
635
536
427
321
220
123
44
-15
-63
-103
-146
-186
-222
-268
-314
-357
-382
-385
-362
-324
-263
-189
-103
-13
69
142
201
247
282
299
303
305
296
280
258
230
198
152
95
18
-79
-184
-299
-418
-530
-628
-690
-711
-712
-679
-606
-513
-392
-260
-139
-17
87
172
234
279
305
318
326
324
307
290
277
258
235
205
166
123
77
25
-43
-119
-200
-293
-387
-470
-545
-585
-586
-571
-522
-433
-303
-148
23
200
375
530
668
752
808
849
854
845
818
774
741
718
684
655
607
526
441
321
170
-6
-199
-393
-583
-755
-899
-1017
-1069
-1075
-1072
-1025
-962
-881
-767
-663
-568
-469
-372
-269
-170
-69
21
103
178
239
283
304
313
307
288
256
220
186
159
151
159
186
234
297
374
454
527
569
594
597
572
530
474
399
325
265
214
172
149
136
135
149
166
182
192
192
185
171
151
121
81
35
-2
-35
-67
-96
-123
-143
-164
-189
-212
-236
-265
-292
-321
-355
-389
-423
-450
-478
-508
-534
-560
-576
-582
-588
-585
-575
-556
-522
-477
-436
-389
-340
-295
-247
-200
-159
-120
-89
-66
-49
-40
-39
-40
-38
-42
-45
-40
-27
-6
18
45
75
110
142
169
191
213
226
237
251
263
276
277
283
302
326
356
385
410
435
460
473
474
468
442
411
384
352
321
280
242
208
175
138
106
76
48
23
-1
-19
-37
-51
-62
-58
-46
-31
-20
-3
19
32
43
54
62
57
45
35
29
22
12
4
1
-5
-22
-37
-47
-58
-79
-103
-121
-144
-182
-219
-253
-287
-323
-349
-380
-397
-404
-408
-407
-403
-407
-408
-398
-393
-383
-365
-345
-309
-260
-207
-143
-78
-12
63
131
193
248
302
353
389
412
428
442
456
457
442
422
392
352
316
274
230
198
166
140
117
96
75
60
49
42
38
26
8
-17
-51
-87
-129
-170
-199
-210
-218
-219
-203
-182
-170
-163
-165
-177
-200
-224
-240
-252
-257
-258
-259
-278
-333
-419
-532
-661
-755
-798
-773
-692
-561
-415
-291
-220
-206
-238
-280
-305
-306
-254
-158
-38
71
151
203
230
269
355
525
789
1131
1498
1837
2057
2097
2009
1809
1559
1328
1177
1132
1183
1285
1381
1437
1387
1244
1028
741
415
81
-230
-523
-793
-1030
-1227
-1377
-1466
-1512
-1512
-1468
-1396
-1299
-1193
-1104
-1037
-996
-972
-956
-951
-955
-950
-933
-906
-859
-796
-728
-645
-553
-456
-353
-258
-175
-103
-41
8
53
98
138
188
256
328
404
485
556
612
661
690
700
696
680
649
615
575
524
473
422
375
337
303
283
276
278
283
287
287
286
270
248
224
194
163
136
117
97
84
68
51
30
2
-32
-57
-83
-114
-155
-198
-240
-280
-314
-339
-351
-363
-367
-363
-350
-337
-327
-315
-305
-296
-286
-273
-259
-245
-229
-209
-191
-177
-168
-169
-178
-195
-222
-248
-278
-315
-345
-373
-408
-437
-465
-486
-494
-486
-465
-427
-373
-298
-195
-72
70
220
378
529
654
751
826
874
903
910
905
901
889
874
857
846
822
789
759
724
682
628
556
485
410
333
260
191
136
84
44
13
-13
-34
-57
-74
-88
-104
-119
-130
-136
-144
-154
-160
-163
-160
-158
-163
-171
-187
-211
-237
-263
-292
-323
-355
-387
-413
-445
-472
-497
-527
-554
-578
-605
-623
-640
-659
-661
-651
-642
-632
-611
-581
-534
-486
-441
-393
-337
-283
-224
-165
-107
-51
4
61
106
152
199
247
292
326
337
342
333
317
295
275
264
260
260
264
271
272
266
261
249
242
228
214
202
186
174
157
146
142
141
141
145
161
176
191
210
227
251
274
294
309
323
338
347
350
357
357
349
340
323
303
276
240
200
158
115
71
33
-4
-40
-70
-97
-125
-147
-164
-180
-191
-193
-187
-173
-152
-131
-101
-75
-49
-29
-16
-11
-11
-18
-33
-53
-76
-103
-137
-173
-215
-261
-306
-356
-403
-451
-502
-545
-585
-623
-651
-674
-696
-707
-709
-707
-694
-682
-663
-634
-598
-552
-500
-441
-373
-294
-206
-110
-12
88
189
289
378
459
535
596
648
689
714
730
734
718
705
690
668
645
611
578
551
518
486
451
408
366
321
275
225
172
119
66
17
-35
-86
-136
-179
-217
-257
-291
-323
-347
-365
-383
-394
-401
-405
-398
-383
-365
-341
-314
-280
-238
-197
-156
-111
-70
-27
13
53
91
122
156
184
209
232
253
274
289
297
302
305
302
299
293
279
262
245
227
206
185
160
133
108
81
54
23
-7
-37
-65
-91
-117
-140
-160
-174
-184
-192
-199
-198
-191
-190
-185
-179
-172
-163
-150
-143
-136
-124
-113
-99
-83
-72
-59
-47
-40
-30
-19
-14
-11
-8
-3
-4
-4
-3
-1
-5
-7
-6
-9
-8
-8
-6
-3
-3
-1
0
8
7
9
10
14
17
21
26
27
32
36
39
39
39
41
42
45
44
38
36
35
33
32
29
25
21
18
15
10
4
4
2
-1
-3
-4
-4
-5
-5
-9
-10
-7
-6
-5
-3
-4
0
2
4
6
7
7
7
10
11
10
10
8
8
6
5
4
4
3
0
5
5
4
7
5
3
5
3
2
3
4
3
1
2
2
2
4
4
4
3
4
7
4
3
4
4
2
-1
-1
-5
-9
-8
-9
-8
-9
-8
-11
-12
-10
-10
-9
-9
-6
-5
-3
-4
-4
-4
-2
-2
0
2
2
5
4
5
8
8
8
6
5
6
7
7
7
6
5
4
4
3
3
4
3
3
2
4
6
6
5
6
5
6
4
3
3
-1
-1
-1
-4
-4
-6
-9
-10
-11
-10
-13
-15
-19
-20
-22
-23
-25
-25
-26
-26
-26
-24
-25
-25
-21
-21
-21
-18
-16
-14
-11
-11
-11
-11
-7
-9
-7
-5
-4
0
4
8
7
9
13
11
13
15
13
15
16
19
21
20
22
24
24
26
29
32
31
33
32
32
33
33
31
30
24
23
22
18
13
10
9
10
8
2
3
-3
-3
-6
-8
-9
-9
-10
-13
-11
-11
-11
-10
-12
-11
-10
-11
-12
-13
-13
-12
-13
-13
-15
-13
-13
-13
-12
-13
-15
-15
-16
-18
-16
-17
-17
-17
-16
-14
-13
-11
-9
