SAMPLES:	9049
BITSPERSAMPLE:	16
CHANNELS:	1
SAMPLERATE:	16000
NORMALIZED:	FALSE
-3
-1
-2
-2
1
-1
0
-2
-1
2
2
2
3
3
4
2
2
5
1
-3
-1
-3
-1
-1
-2
-1
0
0
1
-1
-2
1
-1
0
1
2
0
-1
0
1
-1
2
1
-1
1
-1
-1
2
1
1
-2
-4
-4
-2
3
3
6
7
6
5
5
4
0
-2
-5
-1
-1
-3
-3
1
-2
-2
-1
-2
2
-2
-1
-2
-4
-2
-5
-4
-4
-4
-2
-2
-2
0
0
1
1
1
0
0
1
-2
1
-2
1
3
1
0
-1
-1
-3
-5
-4
-1
1
-2
2
4
0
5
3
3
2
2
4
0
2
2
5
3
3
1
3
4
1
0
2
1
1
0
1
1
0
3
-2
-3
1
2
0
0
-2
-3
-3
-2
-2
-2
-3
-3
0
1
3
2
0
2
2
2
3
2
-3
-2
-2
-2
-2
-1
0
1
-2
-1
-1
1
0
-2
-3
-2
1
2
2
-1
1
-1
1
-1
-6
-5
-7
-3
-3
-2
-1
-2
0
3
2
3
2
-1
-3
-3
1
3
2
0
1
0
2
1
0
-2
-2
-1
0
-1
0
2
1
1
1
2
0
-2
-1
-3
-1
1
1
0
-3
0
3
2
1
3
3
1
4
4
4
0
0
1
-2
3
4
4
6
3
3
1
-4
-2
0
3
2
0
0
-1
1
0
1
0
1
2
-2
-3
-2
-2
-1
0
-4
-5
-8
-5
-5
-2
-2
-2
3
-3
-5
-3
1
-1
-5
0
2
0
0
4
-1
-2
-2
0
0
0
-2
4
2
3
2
6
8
2
2
2
0
-3
-1
-2
-1
-1
-2
0
0
-2
-1
-3
-1
-3
-3
-3
-2
-2
-3
3
0
1
0
2
4
-1
1
1
0
0
0
4
1
3
4
3
2
1
1
2
0
-1
-4
0
0
2
1
2
3
-1
0
0
-1
0
4
0
2
1
1
2
-1
2
-1
0
-2
-1
-2
-2
-3
-4
-3
-3
0
-3
-5
-3
-2
-1
-1
1
2
0
1
-1
-2
-2
-5
-3
-3
-2
3
1
-2
-1
0
-1
0
1
3
3
2
3
6
1
2
7
3
1
6
2
2
3
-1
-1
-4
-4
-1
-1
-3
-4
-4
-3
-2
-4
1
0
0
2
-1
1
0
2
4
3
4
1
1
4
1
-1
-2
-1
-2
-2
-1
-1
-1
3
3
0
1
2
1
-1
1
3
1
-2
-2
-1
-3
-4
-3
-2
-1
2
2
1
-2
1
0
3
-1
-4
-2
-2
0
0
1
2
1
-3
-3
-2
0
0
0
2
0
0
-2
-2
-1
-1
1
-1
-1
0
-3
-1
3
0
3
3
3
2
1
-1
0
3
0
-2
1
3
-1
-1
0
0
-3
1
1
1
3
-3
-5
-4
-2
-4
-9
-6
-5
-7
-4
4
6
5
6
8
8
8
16
14
9
13
14
4
6
11
8
1
5
4
-3
-8
1
3
-7
1
9
-3
-16
-19
-14
-9
-10
-6
-7
-15
-11
-3
-10
-14
-9
-12
-12
-2
13
6
-3
6
8
2
-3
0
-10
-10
4
19
12
4
0
-12
-15
-10
-15
-40
-38
0
22
20
39
44
10
2
36
50
26
21
25
12
24
62
26
-61
-70
-22
-48
-92
-25
28
-32
-78
1
50
-30
-85
-50
-11
-5
0
15
19
2
-24
-65
-39
25
50
77
234
570
792
799
796
800
642
340
155
60
-214
-500
-595
-615
-723
-900
-893
-782
-752
-725
-650
-582
-575
-551
-429
-349
-279
-175
-91
33
109
170
247
355
476
528
558
585
547
485
408
387
354
220
160
202
207
97
61
105
80
15
113
144
38
29
172
210
41
53
244
68
-44
126
36
-192
-14
392
82
-236
92
67
-288
-248
-145
-390
-497
-115
-100
-326
-324
-299
-160
-119
-111
-59
-67
15
-43
-60
68
48
89
154
315
247
10
254
274
-209
-146
414
339
-184
6
376
148
-207
-98
214
-2
-259
127
223
-292
-336
178
101
-429
-154
243
107
-254
-376
-87
112
-128
-360
-94
179
-113
-494
-207
83
-224
-386
15
200
-190
-250
252
246
-479
-284
506
62
-346
323
380
-214
-322
333
369
-359
-452
387
915
-300
-717
817
893
-849
-534
1092
622
-732
-175
724
132
-481
32
517
-171
-469
406
536
-246
-234
334
202
-361
233
470
-341
-149
523
246
-279
42
338
6
-345
-30
757
-32
-982
278
725
-582
-450
554
48
-1099
175
1002
-963
-894
801
157
-929
185
653
-879
-760
1179
198
-1337
228
1063
-731
-985
1078
465
-1520
84
1340
-360
-652
443
519
-515
-359
797
-63
-669
509
548
-368
-535
766
238
-1088
221
964
-539
-577
582
376
-665
-382
859
-140
-725
384
440
-214
-316
289
193
-330
19
-3
41
201
-325
-112
392
-274
-524
122
722
-495
-375
675
67
-184
8
117
129
345
-148
-366
756
648
-740
-504
698
355
-510
-124
481
251
-514
-161
384
129
-855
-334
817
135
-843
-806
1214
541
-1552
-551
1518
441
-1169
-447
1041
340
-939
-144
667
92
-311
-279
268
558
-660
-478
605
539
-640
-402
562
544
-703
-609
776
667
-582
-558
615
865
-727
-924
1250
986
-1191
-1078
1743
1142
-1881
-1338
2265
1590
-2795
-1020
2904
498
-2985
-207
2571
-352
-2260
354
1896
-628
-2228
983
1487
-1180
-1071
1076
801
-940
-793
789
1035
-953
-912
1241
1032
-1195
-792
1017
230
-269
-595
423
1150
-1127
-836
579
925
-863
-1007
1435
536
-1223
-431
1083
707
-1671
-548
2721
479
-3515
972
3317
-1826
-2681
2315
2487
-2652
-1409
2140
882
-1696
-1236
1851
914
-1956
-244
1067
86
-953
-785
1348
549
-1272
-100
507
217
-710
-311
969
165
-429
-508
610
160
-638
442
141
-162
352
-168
-215
381
-226
28
603
-514
-598
1172
467
-1787
419
1534
-763
-722
680
-248
321
145
-1067
757
1220
-1149
-1530
1234
1462
-1626
-462
1346
-887
361
195
-1401
494
1823
-1192
-1190
1052
60
988
-1572
-827
2311
-260
-1627
862
828
-1294
832
-389
-1314
1504
553
-1000
-191
58
611
69
-1710
260
1936
82
-1995
419
1222
-219
-703
-1467
2838
473
-3007
1679
891
-1207
379
2
-1378
1706
2028
-3694
-453
3737
-595
-3093
878
2418
-1723
-1098
1858
398
-1449
356
-330
-193
717
62
16
-1252
741
1978
-2289
-1554
2973
396
-2973
494
3482
-1700
-2798
2416
1309
-1895
-1083
1697
1386
-2290
258
1155
-912
327
253
-1769
1163
2396
-2710
-1796
3791
323
-3566
561
2266
169
-1842
-1088
2980
308
-2678
-288
2192
1004
-2527
-1601
3766
1112
-4105
354
2075
549
-2103
-652
2219
427
-1426
-955
979
1221
-1073
-1961
1537
2234
-2396
-1727
2494
1191
-2090
-2004
2496
2360
-2446
-3000
3798
2865
-5120
-1468
4732
1271
-4559
-250
3634
1076
-4054
-1792
5393
-16
-4665
850
3402
75
-3339
-938
3830
231
-3406
299
3262
-571
-3555
1692
2369
-1502
-1634
275
2739
-401
-3241
928
3740
-2190
-3314
2147
3681
-2742
-3883
3899
3578
-5109
-2320
5974
897
-7121
1563
6768
-4145
-3383
3209
1827
-1821
-2221
1649
2301
-2008
-1601
1703
1843
-2965
-732
2958
156
-2389
-74
2535
86
-4111
2267
2573
-2386
-1631
1501
2949
-2992
-2333
3365
2222
-4748
-540
5509
-1692
-4853
3281
3316
-4505
-1132
4358
-572
-2773
325
2976
-807
-3055
1125
2814
-1503
-2681
2539
1384
-1916
-2153
3625
871
-4128
677
4255
-2976
-3215
5438
-264
-5299
2847
3990
-4380
-1522
4824
-917
-4807
3362
2697
-3673
-389
2572
-97
-3367
2765
1820
-3767
-88
3561
-461
-4337
2645
3202
-3209
-3597
4273
4064
-6817
-1787
8560
-2858
-7226
6631
3479
-7341
-377
6674
-1791
-5240
2477
4742
-3277
-4398
4726
3093
-6262
-772
7538
-3400
-5445
5574
2544
-6699
1494
5539
-4130
-3191
4247
2851
-5844
-756
5856
-1269
-5512
4316
2995
-5902
373
5320
-3654
-2724
3976
1055
-4141
98
4803
-1648
-4962
3238
5249
-6001
-2401
5940
352
-4231
-204
4828
-1281
-3067
1246
425
548
-1685
792
1968
-2672
-1042
3875
-2029
-2630
4335
-474
-3960
3488
2463
-4235
-1695
3378
547
-2781
1518
2293
-2877
-370
2569
-1850
-1353
2762
-60
-2685
2267
700
-739
-1308
-1353
3414
-227
-2965
2159
985
-1395
44
-520
-811
2849
-322
-3217
1756
2703
-1588
-3233
2350
2895
-2853
-3129
3405
4403
-5739
-3301
7770
-341
-7633
4139
3721
-3777
-902
1779
555
-1409
-165
1819
-1333
-875
2216
-2485
1678
2678
-4171
-2402
5638
860
-6194
1045
6112
-3750
-2432
2629
-852
1428
-843
-2334
1535
4662
-3764
-4550
5766
3310
-7092
-2953
8989
1586
-8936
-203
9126
-3180
-6627
4171
3272
-3167
170
-1183
636
5002
-5560
-2789
4638
2617
-4334
-2685
6399
2119
-8976
365
8924
-2710
-6605
4398
2040
-1335
284
-4265
3074
4823
-7356
-1685
8957
-1910
-7376
3712
5403
-4661
-4127
4759
3820
-4371
-4112
4870
2384
-3287
-2145
1183
3765
-2247
-3111
2996
1408
-1649
-3023
3292
3105
-3239
-3632
3758
4055
-4141
-5057
6971
2614
-7829
565
4450
1524
-5144
-2671
7904
-801
-7077
4937
1855
-3787
572
868
-394
3174
-4988
-1747
9411
-4631
-7135
6698
5811
-6945
-5378
8296
3689
-7763
-2046
6465
1702
-6651
-1147
6359
296
-6597
1010
2458
4766
-7110
-3502
12141
-3324
-9927
6905
6209
-6446
-3107
396
9002
-4434
-7544
6873
1317
-2919
166
-23
1511
1930
-6077
1167
7319
-4419
-5571
3881
7931
-8944
-6279
11690
2497
-8750
-1996
7535
2796
-8272
-2673
10204
-1317
-7236
937
6842
-221
-10181
2416
9998
-3297
-7755
2910
6949
-1806
-10861
7326
8331
-10936
-3266
10674
-1581
-9523
8620
122
-6651
7794
-901
-8067
9423
812
-9515
4488
5146
-7218
-2387
11566
-4221
-9596
5956
9458
-10364
-2802
8527
-1764
-4706
2998
2740
-2982
-1140
137
4148
-3055
-1242
2210
1749
-4133
351
3289
-2807
31
690
1115
378
-2358
-2262
5260
-264
-7339
3754
6909
-5027
-2141
2150
839
142
-1341
-98
1627
-147
-2598
3690
-574
-1397
-1152
-1437
5181
-2351
-3955
5269
-308
-6073
5578
2031
-7180
1666
6132
-3098
-4528
8266
-3200
-6924
11158
-2710
-10446
9529
7136
-14545
1295
13592
-10602
-7633
14423
669
-14190
7485
9676
-15205
1478
15280
-14946
-4216
17000
-5367
-11112
10236
4536
-8976
-4419
9444
2158
-8470
23
6223
107
-8172
1429
11094
-4843
-12497
10838
8193
-15069
-956
14758
-6219
-9858
6193
8908
-7324
-5597
9379
-3947
-4638
9001
-1367
-6353
3183
4243
-3651
-1802
2266
1807
-218
-2849
2606
6063
470
-4154
5144
-758
-4787
5141
-1845
-5329
1454
-1894
-3072
1169
-1305
-3161
2344
-1156
-5947
5815
2282
-7289
4409
590
-3329
7981
-4233
-4948
10829
696
-10882
5574
12019
-9851
-4146
7151
1947
-2997
-2927
5311
-118
-1627
-1376
-2769
7513
-2851
-10036
7938
1541
-5620
2158
309
-925
2420
-4266
-734
8241
-110
-7373
389
10488
-6749
-3735
9457
-5483
-1779
6173
-4472
-740
8454
-5945
-8063
10292
6470
-13721
-1951
17473
-6666
-15514
13984
5907
-14518
3963
5148
-7838
4299
5275
-12055
3367
11946
-12586
-6646
18475
-1505
-18952
10092
13295
-12387
-8469
13309
1666
-10505
3542
4320
-3947
1714
2134
-8252
2553
11796
-12726
-7229
18659
-1468
-21651
11908
15556
-21104
-2381
18580
-7322
-9626
10574
940
-5439
544
2123
969
-217
-810
719
-1314
291
1897
-5810
3600
3132
-6163
141
5692
-343
-5377
2834
2992
-3237
-2078
7734
-1576
-7756
4857
4192
-7333
-501
8452
-4345
-5968
7210
1243
-5118
629
3112
-2370
-1016
6045
-2188
-4646
6139
-674
-7642
7556
5191
-9877
573
9081
-3619
-7848
6433
4830
-8243
464
7092
-1524
-5797
4317
1532
-8462
4056
4160
-6474
2145
2288
-5906
2226
4651
-6038
-2246
8535
-1726
-6150
4753
4319
-6178
-1824
5751
-890
-3638
2190
1760
-3056
-359
2586
-2183
-926
1953
-2483
1920
3038
-2937
-2203
4126
-170
-3696
436
4695
-1736
-5662
4665
2286
-4738
-722
2873
-39
-2354
1799
2095
-2751
445
123
-584
1754
-281
-1373
305
1667
-1197
-1924
2028
876
-3360
911
4022
-2811
-1769
2318
41
-2308
1908
1320
-2892
1824
1016
-2463
808
2190
-2534
-1132
2961
-364
-2251
2672
1140
-3456
681
2145
-1278
-1245
951
1055
-1752
-744
3648
-1905
-2187
2549
127
-187
1196
-597
101
1193
-128
-571
1413
-202
-1493
804
2062
-2311
-457
1985
-2287
-750
1428
635
-2203
372
1015
-2212
731
621
-1827
-819
1405
966
-1460
423
1260
-2105
-627
2929
5
-1244
542
-538
677
758
-1523
962
160
-1852
1123
1418
-2725
-186
589
-842
-237
1570
-334
10
362
-874
-377
1901
1116
-3386
1977
2897
-2344
-1196
2774
-1226
-1928
868
1853
-1010
-843
438
-1083
-465
1824
-1686
-1881
2882
-631
-1704
1742
1405
-3312
-476
3524
-664
-1505
2096
1105
-1940
-885
1806
1677
-1742
136
1736
981
-944
167
1286
-1497
-896
1069
-494
421
780
-2844
-795
1843
-793
-3087
1205
2028
-2628
-1359
2661
190
-1838
282
1892
50
-916
1123
568
-860
-176
350
-203
922
669
-867
385
702
-1923
-379
2624
-548
-1805
551
-168
-326
375
-798
470
470
-713
972
1422
-1116
-1699
-129
1565
760
-1153
204
702
-1144
-302
2041
68
-2138
680
1885
-208
258
1077
-1857
-469
2376
-438
-766
882
-863
-1847
1166
1204
-1239
-1546
439
548
-186
270
-809
-1464
-90
504
-340
674
-29
-2354
-634
2582
201
-1360
684
554
-1186
511
1974
-1230
-1352
947
478
140
1173
-1074
-1203
557
44
-208
-5
386
-1136
-919
1300
457
-1980
-1040
550
155
-190
1012
-253
-1286
325
408
52
941
-9
-1522
899
1823
-509
-401
864
-398
-832
1445
2010
-658
-630
748
-79
-163
937
163
-665
777
743
260
689
40
-298
260
709
745
1052
926
672
534
775
1436
1271
875
1353
1489
572
996
1747
298
-504
1046
934
-579
-259
373
-1095
-1653
-582
-999
-1696
-1492
-1753
-2138
-1416
-1636
-2681
-2329
-1391
-2125
-2400
-1339
-1415
-2212
-2034
-965
-1203
-1675
-1251
-1003
-749
-902
-769
-292
-765
-1246
-479
-55
-746
-494
132
-458
-1160
42
472
-171
20
8
173
113
71
-90
-123
839
755
299
572
1188
799
318
1124
907
98
85
577
22
-735
-1150
-1975
-3990
-3004
5722
15289
19165
13961
7944
7437
8661
10894
12381
13026
10940
8553
8543
8499
3957
-3810
-8728
-9160
-5508
-2989
-3557
-7592
-13239
-16167
-16635
-14976
-13161
-12844
-12851
-10660
-6823
-5050
-5416
-6337
-6760
-5040
118
5838
8190
7770
6250
5407
5197
5211
5426
4967
4789
4863
5841
5998
4718
2423
-2310
-6632
-7051
-3110
-2201
-5211
-6371
-6788
-9646
-10238
-5878
-4848
-6718
-4453
342
1360
618
1872
1311
383
3178
6449
6057
4792
4066
2004
979
2312
2881
1201
715
803
-512
-1010
-652
-1677
-3309
-2761
-2117
-2658
-3333
-3576
-4234
-4597
-4125
-3247
-1440
-1102
-1746
-2455
-2159
-1831
8513
26919
31570
15160
-1783
6221
21328
18742
9743
11904
15732
8377
3440
8117
6047
-9963
-19889
-12216
-1366
-921
-8831
-14687
-17780
-19873
-18427
-14115
-10392
-11401
-12481
-7208
-468
512
-2648
-4044
-3285
-10
7115
14520
14005
6529
2712
3652
4258
2120
943
1280
-565
-2912
-2445
-1829
-6133
-12880
-14897
-10986
-5539
-1730
119
-200
-2136
-3650
-2786
650
3806
4492
4067
5474
6776
4715
1684
785
1135
1992
4738
6902
5007
1459
-171
-256
-133
568
971
306
-761
-1893
-3244
-4616
-5355
-5324
-4032
-1567
21
-824
-2326
-1941
-277
861
1720
2858
3306
2375
1474
1237
596
359
14
-12
-950
-2068
-2881
5857
25336
31911
13887
-7858
-1465
18361
19295
7971
7382
13291
8232
615
3145
4492
-7990
-20129
-14927
-1104
3648
-4963
-14760
-18341
-18504
-15854
-11232
-6152
-5434
-7652
-5120
494
2433
-728
-3272
-3207
-206
7124
14121
12362
3128
-1870
-585
783
-468
-1057
-249
-2054
-4998
-5445
-4231
-6187
-12119
-14754
-10239
-2860
364
2794
6158
2678
-5083
-4890
5089
9479
6151
6282
7505
2779
-466
2278
1466
-2953
-2161
3180
4632
2844
1086
-2462
-4575
-2106
987
1373
1551
651
-3489
-5827
-3559
-2358
-4106
-3106
657
1449
-212
-616
-541
-650
587
3200
4290
3836
2527
343
-1486
-1346
-644
-963
-659
-252
-853
-816
13323
30905
27118
2393
-9993
7959
24060
17347
6830
9541
12452
4510
-1054
2433
747
-12120
-19640
-11108
1662
1608
-10631
-19557
-20196
-16652
-11891
-7560
-4493
-5265
-5624
-2545
764
1458
-321
-1539
-1246
2879
10902
15640
9474
-962
-3903
-391
1076
-1805
-2309
-512
-2782
-7868
-9104
-6145
-7230
-12506
-12209
-4119
1489
-1027
-3602
-1537
447
-63
2041
6976
8507
7096
6766
6938
4772
2188
1260
1091
2265
3578
2375
-555
-2369
-3382
-3689
-1865
85
-557
-2160
-1544
-1433
-3493
-4118
-2489
-1328
-904
579
1796
436
-1633
-1505
529
3220
4525
3867
2498
1970
1237
-670
-1452
-1132
-1337
-2146
-1136
-608
-1546
-3658
5897
25384
30696
11518
-8125
2310
22412
20833
7550
7466
14702
9756
38
1217
3945
-5910
-18251
-16148
-2931
3275
-5748
-17664
-20710
-17299
-12976
-10205
-6637
-4962
-5409
-3862
-1098
1172
1084
-452
-1802
620
8198
15028
12457
2334
-3283
-903
1229
-1658
-3417
-549
-732
-7108
-11098
-7747
-5420
-11697
-17114
-11800
-1333
2733
4248
5694
553
-8323
-5473
10879
17328
9947
4898
5512
2921
513
3262
2486
-3645
-4156
2589
5255
2095
-2567
-7159
-7769
-1952
3891
3694
1508
-386
-5090
-7268
-2098
1619
-1717
-3700
587
3130
791
-1015
-919
-897
930
4372
5822
4653
1678
-1959
-3940
-2126
172
-517
-1675
-2421
-2946
-2557
10578
29501
29600
7078
-9935
3126
23081
22241
10365
8314
12380
7934
225
1135
2723
-6498
-18072
-15783
-2273
4480
-5243
-19080
-23287
-18782
-12310
-8363
-4821
-3790
-5039
-4637
-2207
786
1681
491
-1191
842
8729
15660
12346
1866
-4050
-2325
182
-1110
-1813
473
-802
-7986
-12786
-9169
-5293
-10430
-16437
-12186
-1854
2208
-1021
1459
7582
4073
-4199
-973
11662
14082
6814
5459
7282
2351
-1795
1014
2552
-726
-1864
271
104
-548
-907
-4043
-5401
-1331
1795
676
218
41
-4188
-6439
-1703
1356
-1098
-1230
1874
1223
-1090
183
2215
1260
1270
3634
4604
3922
1557
-2435
-4612
-2857
-256
-1180
-2137
-2273
-3546
-5298
1411
20641
31665
19541
-3292
-4451
16562
26378
15274
6506
12147
14407
4306
-1185
3215
1651
-11673
-19999
-11720
1119
369
-13349
-22694
-21379
-15724
-12452
-9362
-4988
-4097
-5505
-5569
-2177
1476
2521
1287
-136
3272
11480
15958
10262
943
-2250
286
1232
-479
236
1564
-2916
-10657
-12531
-7270
-6276
-13044
-16122
-9243
-1020
-1070
349
5334
2081
-8177
-5997
11632
19393
11219
4466
3928
840
-606
4074
5616
936
-1456
-342
-378
1236
2085
-4015
-8596
-2603
4627
3598
731
-257
-5336
-9015
-3863
1758
410
-1368
-211
-1476
-2984
-155
2290
528
574
3957
4741
3615
2968
328
-3170
-2774
247
7
-1010
-1184
-2737
-4605
5282
24774
30461
13582
-5710
-785
17654
22221
13003
9592
14900
11809
-533
-3400
3731
2280
-11772
-18907
-9507
1245
-2209
-13954
-20370
-19965
-17478
-15086
-9074
-2487
-1647
-5748
-8759
-5777
-486
2732
2628
1194
3294
9554
13236
9431
2631
-77
378
-606
-1182
2548
5509
-73
-10492
-13851
-8487
-6159
-10465
-12526
-7428
-2854
-4560
-1984
5874
5239
-4845
-7398
3748
11907
9624
6606
5368
1621
-813
1518
4687
4988
3295
-55
-2430
1264
5324
1344
-3999
-2675
194
-661
-770
1242
-1286
-6370
-6627
-3342
-738
809
617
-2145
-3492
-982
1461
1783
2837
3673
1866
758
2135
2172
50
-1116
-750
-1140
-1182
-610
-1190
-1631
7752
23089
26220
11556
-2880
2373
15392
16779
10823
12024
17129
11101
-1869
-4106
2770
1908
-9604
-15252
-7916
-866
-5226
-13600
-16496
-16231
-17727
-18121
-11409
-2966
-919
-5211
-9050
-7872
-4215
-623
1823
3221
4967
7329
8577
7241
4777
3825
2996
-89
-1789
1793
6149
3453
-4978
-9852
-8921
-8863
-10972
-9890
-4433
-2458
-5815
-4238
2111
2732
-3839
-5660
893
5671
6195
7578
7481
3140
-613
-733
1325
4491
6789
4231
-64
1401
4249
1334
-1442
381
914
-2211
-1953
1723
857
-3430
-5615
-5710
-4601
-1365
996
-201
-1762
-1405
-1195
-784
2179
4287
2553
913
1349
1602
1013
1322
1151
-806
-1359
-261
-1252
-622
11064
25205
23804
6610
-3434
4557
13922
12511
9114
13645
17343
8458
-3654
-3720
3506
1861
-9095
-13134
-6018
-917
-5512
-11604
-12921
-13808
-18141
-19650
-12939
-3974
-625
-4326
-8852
-9598
-7382
-4103
-1094
1855
4603
5982
5587
4327
4088
5373
4978
943
-2225
512
5854
5957
554
-3202
-4442
-7547
-11350
-9356
-2366
583
-3799
-6206
-1093
2160
-2276
-6442
-2262
2627
1732
1639
5533
6443
2213
-959
-414
2016
4549
5083
3064
2812
4763
3095
-603
507
3235
731
-2713
-244
2685
473
-2499
-3164
-3131
-2757
-1219
-458
-272
836
690
-1379
-1088
2076
3070
1290
965
2015
1809
1250
1013
282
-611
-303
-707
-2401
-2898
2358
11849
17441
13600
4427
1101
4475
6492
5627
8082
13328
12390
4260
-1203
150
2403
-30
-4592
-5983
-4238
-3829
-5581
-6178
-4986
-5998
-11134
-14559
-12539
-7941
-5051
-4651
-5139
-6206
-6923
-6416
-4953
-3100
-1220
-108
-217
-153
1658
3931
3736
1290
-378
91
1036
657
356
1850
3034
1104
-2653
-3809
-2176
-1749
-2960
-2662
927
3794
2434
-568
-1448
-536
-951
-1716
-84
2436
2438
987
574
969
827
474
389
913
2931
4586
3493
1825
2172
2716
1290
61
1081
1818
1107
318
-87
-71
322
24
-1036
-821
710
796
-363
258
1831
1440
50
27
826
399
-662
-829
-492
-301
-596
-1701
-2481
-2549
-2539
-3104
-465
6358
10894
8506
3263
1967
3972
5115
3790
3200
5552
7437
5235
1619
790
2144
2016
-191
-1519
-561
-8
-1465
-2947
-2447
-1409
-2897
-6041
-7641
-6499
-4796
-4285
-4463
-4818
-5401
-6082
-6258
-5738
-4669
-3651
-3146
-3120
-2985
-2286
-1518
-1374
-1629
-1537
-939
-663
-821
-262
823
1399
876
333
704
1368
1422
1140
1377
2458
4110
4320
3018
1634
1653
1603
285
99
1117
938
-246
-2
1108
877
-306
-230
908
1774
2202
1962
1604
1776
1596
562
199
1111
1233
-1
-457
258
264
-459
-441
321
900
724
417
324
683
1008
615
120
392
731
-63
-1004
-1056
-727
-881
-1451
-1818
-2055
-2351
-2875
-3431
-3482
-2628
498
4447
6377
5041
1911
949
2953
4197
3141
3160
5730
6976
4778
2172
2021
3315
3537
1834
670
1354
1431
-370
-1806
-932
-150
-1895
-4218
-4743
-4187
-4381
-4877
-4767
-4870
-5447
-5830
-5795
-5461
-4800
-4214
-4006
-3912
-3627
-3177
-2807
-2463
-2031
-1335
-533
-374
-754
-413
701
1234
697
699
1612
1816
898
457
1402
2265
2299
3110
4528
4723
3072
1485
1381
1531
1375
976
213
2
769
784
-216
-220
965
1074
228
479
1396
1379
886
600
574
862
1086
766
4
41
561
222
-394
23
747
580
350
850
1273
923
119
-499
-567
-274
-323
-903
-1182
-967
-1277
-2127
-2555
-2380
-2481
-3247
-3667
-3335
-2890
-3010
-2182
1905
6094
6643
3840
1534
2602
4685
4317
3165
4648
6832
6041
3248
1891
2654
3686
3046
1396
906
1390
732
-1061
-1782
-1059
-1166
-2845
-3997
-3793
-3396
-3759
-4464
-5011
-4956
-4518
-4603
-5015
-4591
-3343
-2696
-2834
-3142
-3179
-3074
-2767
-2098
-1314
-679
-578
-1024
-1392
-847
207
847
793
722
880
887
956
1334
1736
1868
1621
1694
2893
4120
4046
2081
832
1084
561
-164
226
604
62
-249
8
728
1513
1782
1122
561
1149
1725
1595
1507
1973
1874
1087
665
652
389
58
-310
-528
-213
179
-74
-687
-519
-191
-695
-1595
-1611
-1138
-1243
-1724
-1647
-1166
-1066
-1226
-1384
-1014
-606
-632
-975
-1083
-1069
-1355
-1696
-1827
-1702
325
4634
6963
5170
2118
1558
2954
3345
2344
2660
4640
5260
3425
1719
1984
2952
2804
1382
633
897
588
-519
-857
101
405
-1184
-2758
-2714
-2429
-2875
-3459
-3596
-3618
-3847
-4231
-4614
-4545
-3937
-3527
-3775
-3872
-3353
-2805
-2693
-2558
-1944
-1059
-540
-880
-1290
-755
272
456
-62
-49
470
276
-383
-72
1133
1808
1404
680
660
2146
3776
3784
2193
1350
1637
938
446
1458
2060
999
193
664
1594
2263
2418
1869
1273
1372
1357
966
1012
1546
1126
-92
-701
-588
-704
-1297
-1733
-1927
-1742
-1230
-939
-794
-248
295
116
-427
-230
324
291
36
223
772
887
268
-495
-699
-623
-704
-909
-881
-938
-1411
-2079
-2540
-2843
-3107
-1637
2582
6167
4945
1700
819
1494
1420
1258
2950
5496
5957
4223
3097
3678
4490
3756
2208
1710
2010
1463
305
107
662
283
-1851
-3808
-4103
-3591
-3541
-3889
-4105
-4212
-4401
-4812
-5026
-4616
-3928
-3572
-3736
-4108
-3965
-3176
-2450
-2173
-1848
-1266
-995
-1264
-1285
-545
306
633
489
355
361
407
442
719
1240
1560
1270
795
850
1711
3600
4819
3886
1749
1048
1367
900
812
1566
1246
9
125
1172
1454
1037
886
428
-169
132
698
714
943
1423
747
-430
-473
120
-211
-650
-170
366
169
-34
273
592
752
692
317
-48
189
347
-70
-358
-156
-423
-1228
-1509
-1178
-998
-1350
-1766
-2048
-2188
-2341
-2498
-2628
-2797
-2850
-1137
2778
6299
6214
3313
1978
2762
2940
2436
3773
6427
7127
5113
3454
3960
4919
3999
1623
455
693
389
-748
-961
-72
-389
-2969
-5358
-5696
-5118
-4948
-4979
-4832
-4912
-5274
-5696
-5713
-5019
-3988
-3517
-3657
-3738
-3393
-2586
-1617
-925
-698
-467
-451
-931
-977
280
1749
1808
1008
702
912
764
635
1024
1645
1640
895
393
849
2038
2899
3568
3760
2872
1043
-73
271
958
1166
969
589
316
927
1411
1007
499
854
1128
835
1192
2082
2136
1270
698
417
10
-262
-99
-146
-221
70
-113
-829
-810
124
415
-136
-459
-494
-808
-829
-445
-163
-160
-581
-1127
-1403
-1136
-805
-1018
-1397
-1437
-1429
-1752
-2016
-1961
-2090
-2803
-1691
2730
7154
7195
3559
1522
2324
2903
2468
3872
7101
8399
5841
2804
2655
3767
3277
971
-305
232
418
-876
-1842
-1414
-1635
-4250
-7171
-7410
-5832
-4573
-4344
-4559
-5238
-6307
-7022
-6776
-5460
-3549
-2173
-2176
-2671
-2622
-1754
-871
-394
-166
162
666
901
1039
1802
2851
2578
975
-108
453
1321
1471
1561
1924
1610
378
-491
89
1535
3093
4354
3901
1750
-285
-370
368
828
1463
1797
636
-433
438
1337
896
239
636
770
865
1769
2479
2015
1164
382
-650
-810
151
686
-222
-616
-388
-921
-1543
-756
438
202
-573
-768
-522
-335
2
-67
-363
-578
-707
-911
-969
-530
-603
-1337
-1974
-1792
-1783
-2018
-2203
-2371
-3058
-2425
2230
7847
8860
4052
107
949
3340
3909
5265
8841
10459
6864
1834
1182
3386
3998
1772
329
1048
1256
-810
-2727
-2751
-3295
-6339
-9521
-8943
-6143
-4287
-4575
-5929
-7623
-9172
-9395
-7860
-5187
-2565
-1057
-1532
-2657
-2705
-1159
495
1115
1387
2193
3360
3840
3688
3828
4144
2967
599
-124
2030
4189
3544
1602
388
-606
-2062
-2444
-638
2069
4020
4015
1679
-1236
-2253
-1816
-1212
365
2833
3061
500
-1007
-303
-32
-570
203
1728
2448
2700
2626
1600
446
108
-398
-691
730
2314
1022
-1714
-2715
-2412
-2165
-1208
549
1084
-108
-1556
-2107
-1809
-691
135
-176
-525
-342
-498
-1505
-2026
-1933
-2082
-2370
-1947
-1304
-1863
-3025
-3325
2033
10866
14774
7751
-1312
-515
6245
8940
8673
12061
14130
8463
-231
-668
4762
6695
2928
-756
-321
368
-2059
-5760
-6762
-7249
-9878
-12385
-9994
-5233
-4638
-8209
-11954
-13057
-12095
-8704
-4189
-1177
-1138
-2490
-3680
-3698
-1363
2551
5185
4604
3415
4210
5985
5944
4099
3049
3267
3061
2388
3302
4946
3693
-1112
-4765
-4057
-1741
-928
-1031
295
1996
433
-3218
-4461
-2176
-269
-193
856
2820
1970
-1169
-2386
-674
1583
2784
3267
3372
3361
2811
1216
247
1538
2964
2325
1367
1712
1320
-1214
-3285
-3044
-1588
-254
217
-739
-2333
-3303
-3504
-3247
-1706
326
365
-1261
-2237
-1821
-1894
-2149
-1657
-529
-11
-222
-667
-1555
-2335
-2278
4954
16383
20279
9152
-3190
-450
9587
12856
11181
14131
14355
5838
-2828
56
6584
5315
-984
-3726
-1213
-406
-3581
-8133
-10018
-11277
-12942
-12463
-7606
-3754
-6901
-12964
-15644
-13353
-9366
-4325
-863
-953
-3259
-3895
-2629
-1243
1495
4782
5941
3981
3505
6000
7365
4702
1344
1694
4314
5236
3766
2618
1440
-1615
-5121
-4659
-772
949
-1056
-2752
-2329
-2329
-3064
-2369
-331
373
-242
-359
148
453
47
-526
-286
1667
3768
4026
3001
2286
1861
1571
2562
4395
4807
3155
1247
-65
-827
-982
-858
-1175
-1725
-1659
-1654
-2419
-3435
-3597
-3233
-2537
-1345
-321
-443
-1620
-2216
-1861
-806
21
468
535
113
-178
-132
-87
-508
-829
6800
18949
21377
7147
-6547
-641
13060
16222
11628
12556
12656
3887
-4870
-372
8169
5858
-2689
-5291
-595
233
-5695
-11464
-12050
-10990
-10996
-9482
-5558
-4945
-11358
-17069
-15952
-9912
-5111
-2526
-2036
-4192
-6542
-5341
-1664
646
2169
4198
5630
4512
3760
5045
5087
2365
712
3840
7892
7241
2621
-683
-1653
-2316
-2433
-257
1976
131
-3998
-4897
-2901
-1990
-2336
-1013
1130
1040
-480
-866
-571
-592
-206
1140
2869
3777
3137
1363
515
1631
3022
3642
4144
4205
2547
560
332
915
632
14
-284
-1139
-2404
-2872
-2699
-3024
-3488
-3132
-2316
-1786
-1626
-1722
-1982
-2040
-1202
-197
767
1066
608
-288
-382
229
1022
1020
586
-355
660
10457
20766
17865
827
-7210
4263
17097
16236
11205
11639
8694
-236
-3751
4414
9291
2931
-4901
-4330
346
-1378
-8436
-12798
-11624
-10018
-9507
-7915
-5772
-9082
-16197
-17980
-12603
-6113
-3725
-3548
-4668
-6394
-6348
-2953
120
994
2215
4348
5346
4175
3978
4699
3805
2069
3238
7317
8610
4296
-1252
-2732
-1403
-380
-63
862
23
-3585
-6506
-4685
-692
-122
-1645
-1319
988
897
-522
-459
562
536
1246
3504
4447
3124
1165
736
1590
3702
5209
4434
2750
1799
1207
732
1310
1604
252
-1298
-1313
-1731
-3350
-3875
-2928
-2562
-2904
-2424
-1852
-2582
-3408
-2658
-1067
-195
121
58
-257
-347
-171
377
886
1246
905
613
150
-380
-954
6851
19505
20975
5179
-8144
675
16087
17475
10145
10175
10749
3344
-3260
2125
8901
3749
-4907
-5123
1195
956
-7420
-13870
-12758
-9584
-8786
-8051
-6516
-8562
-15230
-17481
-12596
-6487
-4500
-4621
-5198
-5772
-5401
-2783
-24
-255
1252
4785
6820
5072
2960
3162
3286
2242
3327
7276
8284
3735
-2495
-3537
-614
529
-88
885
1159
-2573
-6805
-5544
-1093
196
-437
-15
295
-808
-1512
-690
474
1462
2613
3326
3062
2957
2033
1028
1980
4250
5222
4425
3389
2096
373
89
1480
1678
499
-234
-896
-2695
-4336
-4048
-2536
-1542
-1220
-1623
-2696
-3482
-3484
-2311
-450
724
406
-640
-982
-506
-389
-47
708
1330
1096
908
548
-12
-977
4539
17128
21419
8616
-6882
-2184
13760
17768
9999
8203
10168
4791
-2681
-182
6993
3605
-4897
-5885
312
1565
-6202
-13531
-13179
-9214
-7520
-6861
-6069
-7524
-12995
-15462
-11067
-5298
-3236
-3527
-3870
-4314
-3918
-1861
49
-570
-23
3587
6092
4578
1511
657
994
650
1642
4660
5647
1558
-3966
-4965
-1609
683
269
-537
-1276
-2830
-4144
-2864
-362
480
692
1828
2773
1897
395
147
1494
3497
5166
5418
4008
2527
1685
1819
3043
4409
4466
3214
2103
1390
460
-118
248
336
-46
-396
-1078
-2862
-4729
-4912
-3606
-2062
-819
-939
-2819
-4506
-4031
-1872
-51
652
625
72
-497
-606
-24
586
978
998
1268
1519
1271
126
-1174
-1801
-145
9683
19966
16749
-453
-9188
2477
16011
14965
8622
8758
7287
367
-3072
3011
6285
-161
-5632
-2360
2960
-506
-9722
-14073
-10870
-7165
-5560
-4546
-4638
-8976
-14651
-13734
-7362
-2656
-2466
-3505
-3973
-3925
-3278
-1534
-628
-750
1203
4289
5093
2472
-99
-185
393
788
2468
4595
3222
-1724
-5206
-3520
-597
-303
-374
-119
-1313
-3889
-3669
-647
918
665
1663
3094
3070
2339
1399
1105
2271
4985
6395
5242
3397
2115
1341
2339
4521
4890
3591
2346
1506
184
-288
637
694
-581
-1027
-947
-2136
-4193
-5262
-4624
-3273
-1956
-1501
-1963
-2779
-3401
-3481
-2035
280
1676
1422
377
-429
-599
-150
933
1735
1890
1664
1007
-152
-995
-1131
-830
-940
908
10815
18686
11861
-5249
-8876
6431
17796
13372
6966
7783
5436
-1355
-2593
4658
6513
-446
-4143
-316
2496
-3382
-11542
-12591
-7542
-4203
-3749
-4387
-6636
-11494
-14539
-10530
-4341
-2087
-3091
-3764
-4160
-4313
-3302
-1201
-623
-540
2318
5204
4293
404
-1709
-690
590
1405
3196
4327
1373
-3778
-5685
-2883
-232
-317
-641
-431
-1422
-3169
-2807
-817
418
988
2783
4760
4906
2923
831
1035
3888
6817
6989
5370
3608
1988
966
2344
4549
4373
2389
1212
1036
132
-797
-1246
-1498
-1411
-801
-997
-2961
-4921
-5273
-4346
-3063
-1862
-1448
-1786
-2147
-2296
-2075
-1016
520
1309
1341
1434
1291
435
-85
564
1429
1395
872
251
-224
-817
-1347
-1997
-1954
-1650
1794
11472
16447
7525
-7003
-5777
9535
17229
11465
6817
7311
4033
-616
1167
6929
4784
-2326
-3445
1444
2543
-4468
-11336
-11017
-6625
-4520
-4385
-4689
-7176
-12175
-13766
-8745
-3376
-2454
-3857
-4445
-4448
-3807
-2091
-373
-435
-283
2552
4992
3799
170
-1647
-547
871
1760
2927
2849
-653
-4929
-5342
-2018
-235
-1617
-1907
118
-198
-3493
-4414
-625
2521
2730
3914
6152
4648
752
760
4389
6836
6402
5721
4766
3009
1935
1946
2556
3010
2978
2105
1251
275
-1542
-3030
-2243
-333
-329
-1503
-2488
-3746
-5108
-4482
-2113
-1015
-1681
-2004
-1316
-894
-872
-567
126
881
1442
1871
2025
1526
18
-1098
-206
1396
1395
-63
-1251
-1643
-1980
-2005
-1439
-1219
-1853
-2718
-1053
7913
15354
9981
-3835
-6057
7724
17279
12745
6702
7312
5806
1290
1409
6929
6220
-1603
-4731
-399
2632
-2577
-10029
-11536
-7976
-5404
-4984
-5490
-7772
-11349
-12600
-8555
-3862
-2817
-3935
-4382
-3817
-2274
-385
437
-499
-782
2296
5494
4620
791
-1407
-574
618
913
1740
2106
-584
-4474
-5325
-2664
-1189
-2231
-2474
-1226
-872
-1998
-2087
-552
957
1645
3311
5258
5757
4337
2863
3340
5262
6655
6496
5344
3750
2528
1973
2342
2578
1780
779
246
-256
-1293
-2044
-2159
-1855
-1650
-1317
-1379
-2542
-3694
-3474
-1965
-827
-697
-1121
-1424
-1409
-649
704
1544
1195
342
274
974
1045
342
-237
-243
-35
-18
-424
-1094
-2145
-2735
-2269
-1279
-1008
-1623
-2591
-2812
-2465
2029
11708
15270
6193
-4871
-568
12600
16080
9329
6263
7685
5303
1861
3184
5770
1022
-5160
-3613
1900
1176
-6806
-12421
-11055
-7471
-6138
-5502
-5675
-8283
-11342
-10167
-5296
-2677
-3400
-3753
-2289
-728
329
775
360
-602
558
4284
6114
3516
-725
-2104
-793
190
401
706
-218
-3392
-5624
-4580
-2362
-2626
-3417
-2426
-869
-865
-1427
-905
18
1106
2766
5299
6613
6048
4353
3834
5050
6364
6674
6067
5061
3521
2441
2143
1914
949
276
533
334
-709
-1736
-2093
-2405
-2348
-1553
-530
-655
-2078
-3142
-2549
-931
-196
-564
-831
-565
-497
-292
410
876
397
-176
135
513
122
-816
-1181
-1091
-1131
-1330
-1622
-2259
-2915
-2950
-2269
-1548
-1551
-1838
-1804
-1701
-1487
-1049
4056
13020
14737
5097
-3671
2103
13431
14706
8624
7206
7773
4080
401
2067
4034
-573
-5299
-3241
958
-1303
-8822
-12867
-10312
-6533
-5280
-4686
-4965
-7495
-9869
-7879
-3111
-1129
-1945
-1654
258
1387
1335
801
264
-130
1257
4193
4975
1678
-2565
-3856
-2527
-1328
-1226
-1318
-2527
-4962
-6267
-5129
-3512
-3329
-3640
-2458
-607
1120
2464
1414
-316
710
5473
8793
8304
6504
5558
4998
5255
6941
6926
5040
3085
2825
2835
1863
256
-1361
-1323
-21
764
-651
-2358
-3258
-3323
-2000
-97
671
-751
-2206
-1986
-717
30
-47
-567
-594
246
634
117
-848
-1273
-919
-84
545
-78
-1759
-2952
-2762
-1933
-1413
-1757
-2565
-2872
-2557
-2033
-2043
-2136
-1743
-1188
-527
-214
49
-120
-503
107
6549
15075
14424
3424
-3297
4384
13618
12636
7244
6569
5757
1444
-828
1448
1716
-3521
-6279
-2678
1012
-2249
-9121
-11340
-8239
-5020
-3627
-2385
-2693
-5590
-7695
-5366
-1236
161
-405
-356
264
614
718
235
-932
-1691
-143
2275
2093
-1347
-4502
-4866
-3837
-3291
-2873
-2190
-2843
-4836
-5260
-3417
-1781
-2049
-1969
366
2794
3000
2098
2398
3387
4080
5560
7907
8409
6033
4329
4701
5414
5115
4296
3328
1905
1375
1379
614
-910
-1580
-1288
-382
311
-378
-1855
-2349
-1269
-120
597
935
232
-1096
-1176
-103
135
-454
-679
-486
-570
-965
-1393
-1983
-2421
-2190
-1313
-760
-1302
-2916
-3930
-3175
-1972
-1687
-1972
-2008
-1959
-1889
-1700
-1397
-1184
-721
68
722
951
666
301
246
705
1147
5258
12676
14441
5635
-3131
790
10411
12098
6946
5003
5017
2163
-807
239
1569
-1858
-5048
-2563
1849
357
-6285
-10007
-7694
-3845
-2018
-1078
-1466
-4118
-6385
-4921
-1555
-658
-1696
-1626
-399
120
-302
-1387
-2966
-3942
-2407
692
1496
-1401
-4829
-5529
-4388
-3425
-2620
-1527
-1574
-3174
-3730
-2215
-842
-1066
-1095
684
2904
3495
2716
2047
2034
2728
4163
5976
6691
5512
3459
2655
3366
5788
7305
5687
2993
2311
3048
2075
886
1101
1157
-253
-212
475
-968
-2703
-2410
-821
-147
400
384
-1107
-2255
-1487
-446
-607
-821
-1452
-2256
-2298
-2111
-2883
-3902
-3482
-2674
-2449
-2138
-1779
-2586
-3566
-2887
-1208
-412
-732
-1157
-1225
-906
-585
-430
-150
183
451
571
699
749
502
190
230
803
895
691
56
3176
10043
12399
5782
-1790
1134
9434
11644
7449
5531
5510
3192
910
1760
3163
2
-3725
-2264
1701
1196
-4343
-7904
-6542
-3846
-2778
-2128
-2183
-4432
-6729
-6058
-3266
-2246
-3094
-3396
-2391
-1465
-1473
-2299
-3616
-4357
-3170
-551
596
-1321
-4050
-4735
-3642
-2662
-1964
-981
-637
-1600
-2052
-843
301
-103
-664
643
2741
3611
2782
2194
2710
3292
3748
4900
6411
5836
4010
3245
3930
4080
3411
3451
3578
2894
1670
991
588
80
21
594
954
202
-657
-1059
-1246
-1231
-935
-317
-299
-855
-1366
-1398
-1269
-1564
-2005
-1939
-1467
-1431
-2044
-2471
-2645
-2850
-2812
-2187
-1542
-1673
-2200
-2298
-1766
-1230
-1117
-1145
-919
-533
-311
-49
222
210
114
312
794
823
620
570
858
931
999
882
651
86
1060
6386
11585
9716
1698
-1161
4727
10161
8744
5667
5440
4543
1939
1021
2304
1040
-2883
-3696
-279
1766
-1528
-6453
-7959
-6308
-4430
-3292
-2659
-3740
-5872
-6596
-4955
-3420
-3607
-3917
-3066
-1659
-884
-988
-2305
-3897
-3811
-1371
1078
808
-1455
-3108
-3012
-2331
-1718
-1028
-525
-779
-1144
-492
339
219
-593
-296
1387
3125
3537
3014
2643
2366
2498
3413
5339
6024
4596
3109
3318
4072
3703
3186
2846
2346
1688
1861
1981
712
-510
-430
506
830
439
-337
-1177
-1362
-1031
-527
-513
-880
-1531
-1859
-1430
-1396
-2098
-2762
-2438
-1827
-1729
-2057
-2503
-2698
-2674
-2055
-1316
-885
-962
-1392
-1469
-1194
-682
-311
-87
-18
112
318
359
250
146
449
846
853
629
628
700
295
-60
189
781
836
396
-144
442
4201
8859
8726
2973
-618
2983
8137
7969
4699
3768
4097
2581
635
700
523
-2214
-4000
-1790
1001
-512
-4844
-7062
-6039
-4204
-3308
-2940
-3199
-4052
-4629
-4112
-2938
-2638
-3199
-3218
-1698
140
398
-1079
-2817
-3258
-2345
-755
150
-558
-2020
-2628
-2035
-1568
-1622
-1577
-1119
-557
89
876
1082
474
-157
367
1943
3318
3652
3135
2748
2953
3401
3623
3773
4163
4337
3848
3412
3443
2927
1583
912
1554
2018
1400
627
294
-412
-1082
-847
-326
-511
-1078
-1020
-738
-829
-1180
-1431
-1620
-1537
-994
-624
-869
-1513
-1808
-1678
-1430
-1200
-1158
-1205
-1221
-960
-704
-854
-1235
-1409
-1053
-536
-252
-435
-840
-974
-720
-286
-18
156
239
357
579
794
797
448
195
356
800
1057
889
432
5
-46
141
75
-171
758
3359
5443
4411
1530
699
2563
3953
3304
2743
3375
3392
2002
923
859
172
-1383
-1676
3
1201
97
-1806
-2561
-2514
-2835
-3188
-2876
-2411
-2479
-2752
-2674
-2574
-2895
-3426
-3505
-2869
-1893
-1353
-1618
-2130
-2148
-1785
-1743
-1940
-1781
-1152
-647
-456
-189
240
427
156
-18
300
847
1041
928
918
1067
1145
1045
990
1002
1055
1195
1489
1823
1989
2011
1971
1882
1803
1816
1838
1743
1704
1947
2187
2015
1502
1121
995
992
1042
1067
977
716
525
432
267
-56
-343
-367
-267
-203
-347
-677
-1096
-1381
-1404
-1289
-1168
-1211
-1382
-1532
-1471
-1326
-1309
-1344
-1293
-1129
-965
-826
-794
-876
-932
-828
-639
-566
-586
-572
-527
-586
-705
-713
-570
-420
-342
-293
-234
-150
-82
-43
30
219
488
652
677
619
493
344
346
567
829
974
1044
1189
1438
1646
1698
1698
1868
2151
2304
2264
2164
2018
1776
1619
1735
1919
1757
1288
949
902
841
567
279
88
-246
-810
-1264
-1420
-1549
-1842
-2118
-2270
-2482
-2810
-3077
-3225
-3263
-3148
-2940
-2831
-2827
-2793
-2751
-2740
-2617
-2226
-1724
-1352
-1167
-1036
-857
-700
-601
-471
-227
25
190
326
512
709
869
1093
1488
1944
2217
2240
2193
2285
2500
2713
2842
2893
2887
2823
2705
2583
2499
2399
2253
2155
2156
2028
1620
1213
1104
1073
811
496
355
240
-42
-396
-750
-1153
-1503
-1649
-1682
-1806
-2029
-2242
-2372
-2425
-2423
-2413
-2439
-2470
-2416
-2248
-2069
-1988
-1938
-1797
-1572
-1321
-1067
-829
-658
-502
-270
-49
-27
-110
10
359
614
605
561
672
753
628
544
720
883
723
478
508
645
596
623
1115
1872
2353
2429
2394
2432
2536
2760
3120
3334
3146
2754
2561
2604
2579
2325
1910
1450
1105
993
907
487
-287
-1043
-1527
-1816
-2055
-2291
-2577
-2922
-3141
-3082
-2992
-3202
-3586
-3721
-3521
-3291
-3186
-3113
-3042
-2999
-2869
-2552
-2193
-2016
-1982
-1837
-1498
-1165
-962
-800
-651
-614
-591
-354
27
292
459
709
1056
1398
1683
1955
2276
2612
2839
2908
2958
3078
3234
3388
3501
3472
3284
3077
2908
2728
2544
2381
2144
1813
1549
1401
1167
762
362
126
-4
-123
-265
-479
-801
-1155
-1381
-1480
-1602
-1837
-2085
-2173
-2102
-2059
-2152
-2312
-2407
-2376
-2277
-2208
-2228
-2281
-2253
-2101
-1870
-1639
-1470
-1365
-1240
-988
-666
-442
-323
-110
243
518
634
738
909
1047
1115
1226
1380
1459
1395
1251
1131
1051
935
782
665
611
625
822
1242
1632
1773
1801
1915
2078
2240
2504
2730
2611
2268
2149
2238
2118
1829
1696
1614
1284
917
786
577
-22
-668
-1007
-1282
-1779
-2264
-2502
-2672
-2904
-3017
-3006
-3143
-3452
-3631
-3577
-3518
-3502
-3352
-3083
-2896
-2780
-2520
-2151
-1907
-1775
-1543
-1216
-960
-756
-466
-178
-89
-111
20
301
480
532
684
1009
1329
1538
1698
1838
1950
2126
2419
2687
2797
2823
2845
2849
2919
3138
3311
3145
2763
2520
2437
2265
1989
1772
1568
1247
905
690
481
114
-309
-577
-707
-863
-1092
-1339
-1559
-1751
-1893
-1977
-2070
-2168
-2171
-2032
-1881
-1870
-1953
-1980
-1891
-1743
-1586
-1479
-1435
-1419
-1375
-1257
-1081
-918
-832
-814
-773
-631
-448
-329
-230
-45
200
383
488
617
773
874
941
1069
1212
1227
1125
1050
1012
933
844
800
737
663
803
1253
1688
1821
1788
1844
1944
1982
2079
2200
2073
1740
1625
1801
1819
1491
1157
1016
874
643
481
314
-71
-553
-874
-1125
-1512
-1874
-2007
-2073
-2289
-2482
-2465
-2486
-2760
-3037
-3014
-2835
-2760
-2737
-2620
-2482
-2373
-2181
-1883
-1671
-1619
-1534
-1317
-1103
-973
-801
-558
-378
-276
-139
47
197
344
572
859
1115
1347
1574
1761
1897
2004
2125
2289
2498
2680
2767
2754
2677
2591
2565
2592
2545
2301
1946
1653
1506
1462
1405
1195
840
564
482
413
177
-120
-319
-451
-614
-792
-1011
-1326
-1599
-1616
-1473
-1502
-1774
-1997
-1986
-1859
-1777
-1755
-1777
-1841
-1866
-1775
-1636
-1557
-1500
-1335
-1051
-789
-632
-547
-496
-415
-215
102
344
351
272
329
491
585
608
661
706
697
688
700
633
475
365
367
370
321
280
237
171
181
471
972
1393
1549
1522
1516
1657
1930
2207
2303
2154
1950
1927
2072
2103
1855
1502
1253
1088
905
688
418
-9
-514
-859
-1021
-1226
-1597
-1948
-2117
-2191
-2280
-2362
-2441
-2549
-2621
-2576
-2481
-2466
-2480
-2400
-2239
-2076
-1896
-1693
-1551
-1485
-1371
-1168
-968
-834
-737
-634
-530
-397
-257
-159
-75
93
318
494
652
885
1155
1310
1386
1497
1613
1698
1887
2229
2487
2463
2289
2217
2295
2420
2470
2339
2036
1757
1681
1713
1631
1372
1043
782
684
702
623
322
-67
-331
-468
-608
-764
-889
-1027
-1189
-1275
-1276
-1372
-1615
-1786
-1734
-1612
-1610
-1677
-1708
-1703
-1694
-1615
-1475
-1384
-1369
-1297
-1100
-894
-769
-682
-556
-415
-289
-160
-45
28
111
275
471
549
521
510
567
629
655
672
652
581
507
482
469
389
280
235
264
324
473
777
1123
1301
1299
1297
1389
1535
1710
1893
1950
1815
1653
1652
1724
1674
1510
1337
1149
920
739
615
400
45
-304
-565
-823
-1105
-1310
-1436
-1610
-1824
-1967
-2053
-2193
-2377
-2482
-2481
-2475
-2486
-2453
-2374
-2297
-2177
-1984
-1783
-1665
-1593
-1467
-1270
-1054
-850
-674
-539
-431
-317
-182
-35
138
315
473
652
885
1104
1235
1338
1497
1696
1883
2071
2247
2312
2239
2140
2108
2130
2159
2129
1978
1765
1635
1584
1474
1285
1129
1006
837
698
665
573
285
-23
-155
-229
-419
-642
-772
-863
-1001
-1116
-1172
-1272
-1439
-1547
-1523
-1452
-1443
-1470
-1462
-1410
-1361
-1344
-1325
-1273
-1188
-1088
-989
-897
-817
-727
-621
-512
-417
-333
-250
-141
-1
127
195
200
226
306
386
415
406
418
463
506
540
564
549
479
405
401
445
467
467
493
580
731
939
1144
1251
1265
1290
1409
1563
1678
1699
1585
1398
1283
1321
1353
1231
1021
879
820
738
594
421
198
-63
-266
-406
-600
-898
-1155
-1262
-1306
-1426
-1617
-1816
-2012
-2171
-2232
-2214
-2223
-2270
-2244
-2124
-2014
-1950
-1853
-1697
-1553
-1427
-1280
-1128
-1026
-936
-779
-588
-439
-332
-212
-75
80
278
523
734
859
945
1071
1224
1325
1368
1409
1477
1546
1599
1663
1725
1731
1684
1641
1607
1544
1482
1477
1480
1404
1257
1139
1066
977
844
698
563
423
278
136
-31
-229
-396
-506
-619
-752
-842
-854
-852
-896
-969
-1018
-1034
-1014
-954
-894
-889
-911
-879
-785
-718
-720
-729
-691
-636
-585
-510
-435
-404
-402
-369
-309
-287
-309
-319
-308
-313
-333
-321
-266
-214
-188
-171
-159
-150
-106
-2
126
235
321
401
471
532
592
671
793
965
1165
1322
1378
1345
1317
1361
1469
1560
1557
1473
1365
1290
1247
1201
1118
983
829
701
582
415
201
8
-139
-283
-467
-680
-895
-1103
-1263
-1349
-1422
-1560
-1724
-1832
-1876
-1913
-1958
-1980
-1984
-1968
-1908
-1803
-1696
-1623
-1541
-1423
-1283
-1160
-1065
-967
-839
-678
-502
-347
-225
-132
-22
125
294
436
529
612
727
876
1006
1093
1150
1214
1303
1411
1513
1584
1619
1651
1696
1718
1693
1629
1583
1573
1545
1467
1331
1177
1046
966
907
805
644
453
295
178
73
-47
-184
-316
-420
-489
-551
-626
-713
-777
-818
-851
-875
-885
-880
-877
-870
-858
-843
-840
-828
-796
-766
-746
-734
-713
-684
-655
-631
-610
-595
-585
-571
-541
-502
-483
-459
-414
-353
-281
-214
-151
-87
-14
90
200
293
363
431
518
617
709
776
813
853
919
1005
1059
1073
1062
1059
1068
1073
1063
1023
969
910
846
764
660
559
466
368
245
115
-16
-125
-227
-354
-499
-647
-750
-812
-868
-949
-1061
-1168
-1236
-1261
-1266
-1282
-1319
-1353
-1342
-1291
-1236
-1193
-1150
-1093
-1013
-917
-818
-728
-640
-538
-423
-300
-190
-93
-3
89
182
267
350
424
495
566
638
697
742
782
824
874
927
972
1000
1013
1025
1050
1072
1087
1076
1038
992
961
945
926
881
808
723
648
592
536
460
360
259
178
109
45
-35
-128
-208
-268
-309
-352
-404
-459
-491
-504
-504
-511
-539
-567
-572
-555
-534
-530
-536
-542
-530
-493
-460
-440
-432
-420
-395
-366
-346
-339
-334
-322
-295
-265
-241
-230
-221
-207
-190
-175
-156
-134
-104
-66
-30
6
39
72
109
146
182
215
254
298
339
372
392
401
403
415
427
432
427
404
381
366
357
334
294
244
192
151
120
82
39
-14
-59
-97
-129
-170
-224
-276
-310
-322
-323
-334
-361
-389
-407
-409
-404
-399
-405
-406
-396
-378
-356
-345
-341
-329
-315
-290
-264
-241
-214
-187
-154
-119
-84
-48
-14
27
69
111
153
191
228
262
293
320
346
362
376
382
383
391
395
399
393
382
377
380
388
385
378
370
367
378
390
397
389
383
385
388
385
362
337
317
301
279
244
198
159
124
93
56
7
-45
-88
-122
-155
-192
-235
-277
-306
-332
-359
-388
-419
-450
-475
-487
-500
-525
-548
-571
-584
-592
-590
-591
-599
-602
-603
-595
-570
-539
-516
-495
-464
-427
-373
-313
-256
-204
-157
-92
-14
64
133
184
232
292
370
442
493
517
535
565
610
646
661
642
612
602
605
608
582
529
476
443
435
429
394
331
271
246
242
234
198
140
79
43
30
14
-37
-119
-200
-250
-276
-315
-374
-459
-530
-568
-579
-585
-610
-643
-664
-657
-617
-572
-541
-524
-502
-453
-390
-325
-278
-248
-212
-160
-103
-46
-8
27
61
101
151
188
222
240
272
308
343
373
390
407
429
452
471
480
486
490
489
494
491
488
477
460
444
424
408
384
356
322
284
247
207
169
128
78
35
-16
-56
-96
-138
-175
-219
-253
-283
-310
-331
-362
-386
-410
-428
-441
-457
-469
-481
-492
-492
-496
-497
-493
-488
-472
-459
-436
-415
-388
-348
-317
-274
-234
-195
-148
-102
-52
-9
37
88
127
172
213
249
290
322
363
394
413
437
447
463
470
478
478
459
445
426
412
390
356
321
281
248
217
186
156
117
82
53
33
20
0
-24
-50
-67
-73
-83
-96
-118
-138
-153
-170
-181
-206
-231
-264
-289
-306
-324
-342
-364
-376
-385
-388
-388
-391
-386
-374
-348
-320
-293
-268
-238
-200
-154
-104
-67
-36
1
45
94
137
169
188
207
238
270
291
297
287
284
297
311
315
307
284
274
284
297
300
285
271
265
273
281
278
257
229
219
213
208
189
150
118
94
76
57
28
-16
-55
-80
-96
-118
-149
-183
-215
-229
-234
-246
-267
-287
-306
-317
-323
-329
-339
-353
-365
-365
-358
-353
-356
-353
-345
-328
-308
-289
-265
-244
-223
-190
-153
-119
-87
-60
-28
8
48
83
109
135
168
205
244
269
283
300
327
352
367
369
374
378
375
370
360
346
326
299
275
255
232
204
175
150
136
124
103
76
60
49
37
22
4
-8
-21
-41
-63
-79
-98
-119
-144
-172
-191
-209
-228
-253
-273
-288
-300
-311
-324
-332
-333
-325
-319
-317
-307
-287
-264
-244
-222
-196
-164
-131
-100
-68
-33
-2
27
58
92
122
148
173
191
212
235
253
265
271
278
279
284
284
277
263
257
248
233
219
205
191
175
161
150
137
123
111
94
81
68
58
42
23
7
-9
-25
-46
-67
-88
-107
-127
-149
-172
-196
-211
-228
-243
-256
-267
-278
-289
-291
-292
-288
-280
-279
-275
-263
-249
-232
-216
-196
-177
-156
-132
-110
-84
-62
-40
-13
13
37
62
83
104
126
147
168
184
199
216
233
244
251
258
265
271
273
273
270
271
262
254
247
234
223
208
188
172
153
137
117
97
78
57
37
16
-4
-24
-41
-58
-73
-90
-103
-117
-131
-141
-156
-163
-175
-180
-187
-194
-205
-211
-209
-215
-213
-212
-213
-213
-212
-205
-194
-186
-176
-165
-152
-136
-120
-100
-84
-68
-46
-25
-1
20
41
62
85
106
123
138
156
169
181
192
199
204
206
210
209
208
205
198
193
191
180
169
159
150
136
122
108
96
82
68
51
37
24
7
-9
-26
-40
-57
-72
-83
-99
-106
-118
-132
-143
-149
-158
-165
-171
-180
-181
-187
-191
-193
-194
-192
-188
-184
-179
-170
-164
-155
-143
-128
-117
-104
-91
-73
-59
-44
-28
-11
6
21
36
52
69
81
100
112
123
135
150
163
172
180
190
198
205
215
216
215
212
209
206
198
193
186
175
162
152
135
117
98
79
60
37
16
-4
-20
-42
-60
-78
-94
-111
-126
-138
-147
-156
-165
-170
-172
-175
-176
-176
-176
-170
-170
-168
-160
-152
-145
-135
-127
-113
-99
-87
-74
-66
-54
-43
-31
-16
-5
5
15
21
32
43
50
60
69
76
78
82
86
93
96
102
