SAMPLES:	7070
BITSPERSAMPLE:	16
CHANNELS:	1
SAMPLERATE:	16000
NORMALIZED:	FALSE
-1
2
-3
-7
-5
-2
0
-5
-4
5
3
5
8
2
2
10
9
0
5
14
3
-2
8
8
0
4
11
3
-4
5
8
-3
-3
-5
-4
-5
0
1
-1
5
1
-1
0
0
-3
-6
-2
-1
-4
-4
3
0
-4
-6
-4
-4
-3
-3
-7
2
-1
1
2
2
-1
-4
-5
-3
-1
3
2
-1
4
2
4
3
5
6
2
-2
-4
1
1
3
1
-2
-2
-1
-4
-5
1
-3
0
2
0
3
4
1
-2
1
0
2
1
1
2
0
2
4
3
0
-1
-5
-3
-1
1
2
3
1
1
2
2
1
3
2
0
-2
1
4
0
1
0
2
2
2
-3
-3
-3
-2
-2
-2
-2
-2
-3
1
0
2
0
-2
-3
-4
-5
-3
-5
-8
-5
-6
-4
-1
-3
0
-1
-3
-1
2
1
2
3
-2
0
0
-1
0
5
3
3
1
4
2
4
7
2
4
2
4
2
0
-1
0
-1
-5
1
-4
-3
-2
1
2
3
3
3
3
3
4
-4
-1
1
-1
-1
-1
4
0
-1
-1
-1
0
-2
0
0
-2
-1
1
3
2
5
0
0
1
0
1
-3
1
2
4
3
-2
2
0
-3
-6
-5
-3
1
0
0
0
0
-2
-3
0
-2
2
2
0
2
1
-2
-1
2
0
-2
0
1
0
3
6
6
8
6
5
4
0
-3
-3
-5
-10
-3
-2
3
-2
-3
-1
-7
-6
-5
-3
0
0
-3
2
0
-4
-6
-5
-3
-5
-3
-1
-3
-3
-4
-1
-1
4
-1
-2
1
3
3
1
2
1
3
6
3
3
-2
-4
-4
-5
-1
1
1
3
3
3
7
3
3
2
7
0
1
2
7
8
3
3
2
5
3
1
0
0
-2
-3
-2
0
3
-1
0
2
-2
-5
-5
0
-2
0
1
-1
-2
-3
-3
-5
-8
-3
-1
0
2
-2
-4
-5
-1
-2
2
1
4
-2
-4
0
-1
-3
-1
-1
-2
0
-1
1
1
4
3
4
10
7
7
3
0
-2
-5
-2
-5
-4
-3
-2
2
-3
2
0
1
2
-6
-5
-4
-4
-4
3
-1
2
-2
-1
4
-2
-2
-1
-2
-3
0
1
3
5
4
4
0
-3
4
2
2
2
1
3
1
3
2
2
-1
-3
-3
2
0
-1
0
1
5
5
8
4
6
2
2
1
0
-1
-6
-6
-3
0
0
0
-1
-1
-1
-3
-2
-2
-4
-5
-3
2
2
0
0
1
-2
0
1
-2
1
4
3
-3
-2
-4
-3
-2
-3
-3
-3
0
-4
-2
0
1
0
-3
0
-2
-4
1
1
1
-3
-5
-4
-6
-3
-2
-5
-1
-1
-5
-1
1
4
3
1
3
3
5
3
5
2
4
5
4
6
3
6
4
1
3
2
3
2
2
6
8
4
5
4
2
0
-3
0
-2
-1
1
-2
0
-2
-2
-5
-7
-4
-5
-3
0
-3
-3
-4
-4
-1
-1
-2
-2
-2
-4
0
0
-2
2
1
0
0
-1
1
0
1
3
4
3
-4
2
3
-1
-2
-1
-9
-6
2
-5
0
3
1
1
-2
1
-1
-1
-2
3
3
2
5
4
1
0
1
4
1
-2
-4
-6
-7
-8
-7
-6
-8
-2
-1
0
-1
-1
1
2
0
4
2
2
4
2
5
1
4
2
0
3
6
7
4
6
7
6
4
7
9
10
8
4
-1
-1
3
-4
-3
-3
-8
-4
-2
-4
-3
-3
-3
-1
0
1
0
2
4
2
3
0
0
-3
-5
0
0
0
-3
-4
-1
1
-3
-5
0
1
-4
-1
-1
-1
-1
-4
-2
-3
-2
-6
-8
-5
-5
-4
-6
-3
-5
-1
0
-2
-3
-2
-1
-5
1
-1
-2
4
3
5
2
1
-1
2
4
5
6
7
5
5
9
9
10
7
5
3
2
1
3
3
1
0
-1
2
1
4
-1
-2
-1
-1
-1
3
0
2
0
1
9
-2
-6
-1
-2
-8
-6
-3
-4
-1
4
3
1
2
2
1
0
-1
-1
2
-2
1
2
0
3
-4
-5
0
0
-2
-1
1
2
-3
-8
0
4
1
-1
0
2
7
4
5
6
-5
-6
0
-6
-7
-5
-16
-17
-7
-11
-6
-5
-8
3
7
-13
8
31
-1
-2
13
2
-15
-16
1
12
-5
-2
30
17
-1
19
-15
-50
16
56
-20
-76
0
55
-72
-60
131
21
-103
63
-191
-104
990
492
-1434
-522
1312
-30
-1011
505
486
-794
57
683
-454
-478
550
169
-521
94
504
-122
-325
226
138
-305
-10
285
-57
-103
147
-43
-110
83
-137
-197
111
-20
-138
203
97
-141
93
15
-153
18
-84
-145
182
193
15
149
49
-88
117
-102
-219
-65
-86
-97
-102
170
96
-124
5
-227
-1351
2262
7265
1147
-4630
-605
1751
-412
356
619
-2218
-1460
305
714
-454
-1908
351
1342
-7
2646
4232
-1357
-4349
-1269
-585
-830
134
-1852
-3561
-2964
-2768
-2256
-1454
-1875
-1741
-592
-282
167
-827
-1866
95
842
220
2306
3832
868
-808
607
1307
1956
1769
1979
2138
-160
1121
3764
516
-298
1755
120
4070
7270
-1024
-2422
2061
-598
392
1207
-972
312
-1889
-2217
1559
-2134
-3573
1354
-1383
-1270
2697
-1094
-1714
-461
-1933
894
2526
-338
2464
3952
-1364
157
2772
459
472
1631
161
-91
1146
-849
-1283
-1139
-2720
-1337
1132
669
-1867
-2661
-2426
-1780
-296
-305
-1784
-1294
-88
-1136
-587
382
-1899
-1515
1000
263
552
1517
-421
-726
779
26
1361
2184
-467
577
639
-1735
49
1496
-1295
-1602
927
-494
-1712
177
106
-2300
-1343
1427
1111
-288
-884
16
-869
-1761
1124
928
-1342
840
997
-1908
-314
879
-1390
-399
2348
62
-907
2158
34
-1760
1541
1591
557
2466
1563
6
545
912
1090
324
729
1765
597
734
1221
-134
642
965
-979
-501
1621
1782
-459
-1816
-682
-152
-582
1148
2362
-919
-2614
-275
-34
-1262
1152
1621
-1542
-139
461
-2216
65
1666
-887
-360
1025
-527
-404
1152
-1865
-3544
1498
1611
-1927
1459
611
-5188
-1774
1753
-1672
-664
1988
-1735
-3039
581
125
-1365
556
260
-1382
788
2409
-16
-1220
133
-351
-887
1927
2356
-984
-1107
124
-1545
-1012
2101
1113
-1916
-833
588
-930
-322
1421
221
-1209
-782
733
1606
531
-147
-226
-302
407
965
1265
313
-658
173
-87
697
1959
-494
-1018
231
-243
899
1427
-136
-1023
-845
41
217
391
109
-1214
-423
-49
-736
183
-431
-932
191
-165
215
1132
-327
-1425
150
1527
378
401
1804
-41
-1399
642
1257
297
277
445
53
-85
266
225
42
-500
-668
686
773
-256
-345
-1005
-1174
142
626
-87
-446
-500
-1162
-707
1129
566
-926
-249
416
697
1122
656
41
-24
399
1212
1540
1120
249
-295
242
692
299
-109
-511
-501
186
362
-176
-231
224
-404
-1286
-202
678
-188
-28
871
306
-527
-51
630
407
234
-74
-326
596
995
109
-376
-59
105
-519
-172
1041
-573
-2207
-296
750
-172
-141
-205
-798
-599
-128
-372
-804
-642
-697
-654
408
577
-899
-1649
-771
182
54
68
691
-31
-1167
-501
130
-500
-683
-471
-566
-728
-1307
-1857
-2090
-2866
-3401
-3156
-3055
-2556
-2098
-2235
-1270
-575
-1270
-358
511
-1104
-1890
-1634
-1890
-835
240
-45
647
1491
994
1047
2117
2430
1494
1330
2674
2879
2223
2989
3307
2868
3930
4507
3470
3639
4075
2524
1920
3459
3398
1860
1850
2015
908
469
853
589
195
568
1125
1589
1744
1210
1333
2030
1605
832
505
28
34
1030
1960
2230
1709
498
-274
-916
-2697
-4137
-4375
-4947
-5074
-4535
-5369
-5908
-4012
-2192
-1317
734
2189
1051
50
476
-11
-1415
-1835
-1737
-2251
-2608
-2452
-2874
-3509
-3694
-3898
-3342
-1753
-1260
-2066
-2306
-1874
-1053
872
2978
2847
537
-1642
-2882
-3731
-3887
-3347
-3069
-3305
-3408
-3059
-2840
-2961
-2811
-2052
-720
1320
3228
3895
3918
3862
3481
3410
4306
4921
4717
5010
5406
4924
4607
4524
3572
2989
3462
3231
2419
2409
2323
1414
1064
1511
1619
1545
1416
544
-757
-1773
-2334
-2089
-1409
-1168
-1201
-1641
-2631
-2990
-2273
-1448
-696
286
523
-371
-1252
-1698
-2004
-1672
-524
600
1192
1031
373
-246
-770
-690
167
686
689
733
321
-358
-328
51
341
858
1282
1395
1546
1532
1276
1429
1838
1983
2145
2084
1214
63
-574
-853
-989
-742
-536
-1041
-1697
-1838
-2124
-2508
-2212
-1956
-2138
-1961
-1631
-1712
-1670
-1424
-1313
-991
-599
-497
-388
-390
-863
-1207
-973
-518
-346
-363
-182
-639
-1953
-2209
-1637
-2266
-2649
-1905
-2410
-3363
-2943
-3256
-4394
-4027
-3497
-3938
-3522
-2812
-3306
-3711
-3350
-2756
-1665
-595
-370
-555
-831
-1008
-467
352
965
1896
2729
2938
3509
4641
5165
5537
6920
8397
8959
9206
9028
7850
6792
6529
6173
5802
5841
5415
4096
3009
2323
1093
174
504
885
489
-19
-584
-1441
-2017
-2035
-1905
-1955
-2085
-1916
-1395
-635
456
1275
1109
978
2182
3513
3741
3709
4062
4204
3899
3967
4513
4430
3332
2028
1098
783
973
802
-66
-1147
-2443
-4027
-5325
-6227
-7317
-8687
-9903
-10750
-11301
-11641
-11994
-12446
-12503
-11936
-11151
-10251
-9239
-8403
-7689
-6817
-5441
-3692
-2273
-1036
-390
-992
-366
1923
1735
958
3692
5074
3223
3372
5035
5635
5484
3950
3738
6845
7101
3894
3252
3823
4202
5933
5127
2690
4720
6766
4260
3626
5522
4049
2693
5180
6132
4020
3492
4736
3885
1225
1295
4790
5602
1205
-1322
1509
3183
983
-547
-691
-1473
-1218
-417
-2166
-3927
-3018
-2696
-4556
-5833
-4844
-3138
-2700
-2881
-2003
-359
1142
2087
1622
545
1350
3671
5009
5040
5262
6124
6130
4794
4084
4945
5670
4985
3812
3220
2814
2072
1031
-368
-1859
-2720
-2760
-2955
-3976
-5183
-6059
-6855
-7717
-8146
-7704
-7347
-7945
-8019
-6678
-5426
-5328
-6217
-6874
-5751
-3659
-2240
-1331
-1250
-2300
-2315
-210
700
-967
-730
2238
2662
354
444
2440
1489
-615
413
1465
-4
456
3272
1518
-3190
-2213
1305
1494
529
-568
-426
2042
3210
233
-2083
1865
5359
2514
-866
13
4629
7016
2422
-1649
1799
6320
5036
2438
2600
2972
3998
5074
3430
1845
2821
3687
3082
2978
3129
2203
1936
2518
1595
302
468
762
1102
1686
151
-2539
-2016
328
-71
-1840
-2048
-1825
-1851
-1482
-1242
-660
959
1895
1156
188
-169
157
1412
2471
2250
1828
2052
2166
1728
1197
975
996
1082
1249
1410
1191
428
-550
-1453
-2198
-2595
-2569
-2449
-2819
-3793
-4787
-5458
-5847
-5814
-5556
-5608
-5911
-6160
-6229
-5713
-4518
-3591
-3583
-3681
-3321
-3501
-3968
-2967
-1378
-1013
-1000
-750
-770
-473
-72
-206
-315
-94
824
1665
463
-145
2683
3110
-1115
-1518
3084
4220
947
-89
2209
2650
1758
3078
2234
-22
4225
7421
1396
-362
5518
5510
2766
3614
3168
4104
6895
5367
2551
1780
3658
7556
5581
-520
1301
6829
5911
1662
-1059
302
4959
5383
661
-2229
-832
2727
3023
-1541
-3444
-1362
-465
-403
-1796
-5169
-5183
-1820
-950
-3540
-6491
-6131
-2504
-1172
-3058
-2929
-493
658
-501
-2915
-3550
-751
2136
2196
775
44
545
908
202
-329
-144
181
542
329
-609
-1166
-1370
-2173
-3426
-4090
-3581
-2741
-2945
-4189
-5427
-5955
-5708
-5310
-5226
-5313
-5221
-4581
-4013
-4054
-3801
-3018
-1961
-674
-56
248
1199
1123
-70
834
2721
3002
3941
4661
2958
1824
1710
2278
4472
4511
2423
2787
3635
2646
1925
1564
1975
3120
2389
1008
1131
2145
3718
2207
-1340
-68
2604
2601
2193
1324
1455
2028
757
-94
1502
4694
3268
-1335
230
3173
2382
966
-446
779
3037
1417
-1854
-1252
2398
2483
-428
-2456
-2189
1597
2674
-1363
-3026
-2287
-1389
681
28
-3687
-4042
-932
-683
-3634
-4631
-3148
-1897
-2229
-3789
-3492
-576
1841
2149
581
-1352
-1452
122
1741
2810
3491
3551
2706
1769
1287
1110
1535
2172
2073
1517
1114
729
104
-745
-1680
-2664
-3135
-2737
-2457
-3026
-4196
-5505
-6309
-6273
-5564
-4757
-4555
-5160
-6179
-6028
-4115
-2929
-3459
-3564
-2104
-289
801
1066
-110
-517
1832
2592
1168
2065
4173
4998
3821
651
-337
2532
5245
4493
1024
143
3262
4432
1653
-1148
-233
3720
3413
-1174
148
3652
651
-1165
562
-136
1033
4582
2560
-1996
-1089
2373
1701
-87
2082
3477
585
-1463
915
4078
3077
-608
-855
1650
2417
2332
1267
-1529
-1250
2829
3118
-1304
-2044
1820
2149
-1201
-2737
-3055
-1637
1532
758
-3397
-4784
-2926
-1039
-1198
-3423
-5275
-4225
-1362
394
1366
2653
2481
152
-1939
-1526
1310
4800
6709
5620
2833
1184
1410
2319
2934
2934
2571
2150
1733
1199
395
-734
-2014
-2997
-3285
-2920
-2280
-2286
-3969
-6534
-7873
-7402
-6092
-4873
-4468
-5196
-6423
-7012
-6512
-5192
-3691
-3088
-2974
-1822
-669
-568
-15
930
853
453
1085
2603
4090
4704
3828
1907
742
1603
3643
4851
3668
1385
1365
3026
2410
-114
498
4055
3224
-1380
-1654
1388
2335
903
-408
-34
172
630
2659
1245
-1670
-13
1590
1234
1928
2280
1233
11
953
3053
2207
539
554
1212
2787
2378
-32
-54
701
1337
2548
864
-2305
-1787
1358
1848
-825
-2307
-1876
-856
378
-783
-4414
-5250
-1457
1015
-2411
-6793
-4677
3047
8530
6362
-364
-4281
-2104
3148
6331
6331
6069
6113
4367
1225
-125
2096
5471
6224
3849
1049
261
1146
1172
-1146
-4092
-4734
-3006
-1706
-2557
-4955
-7523
-9120
-9417
-8483
-6624
-5123
-5261
-6980
-9118
-9874
-8147
-5307
-3661
-3327
-3091
-2773
-2108
-441
1014
852
-111
-180
1835
4772
5612
4125
2658
2229
2352
2520
3352
4860
4719
2588
1252
1355
1807
2559
2797
1356
-118
415
1485
1404
320
-923
-586
241
-31
532
402
-95
2300
1454
-2837
-694
4619
4708
1544
-748
-587
1766
3856
2676
212
1990
3982
1099
-1191
126
2111
2961
1785
-952
-1811
1012
2055
-1085
-2834
-2128
-634
734
-1065
-3715
-3002
-1839
-3550
-4962
-503
8438
12711
6306
-4825
-7808
522
9901
12048
8941
6207
4936
2919
1111
2054
5312
7929
6842
2810
-48
-45
790
-454
-4031
-6171
-4354
-1407
-1615
-5652
-10438
-12795
-12228
-10072
-7909
-6949
-7604
-9801
-12544
-13652
-11520
-7167
-3859
-3825
-5436
-5742
-4298
-2213
-573
121
925
2282
3158
3861
4653
4484
3584
3014
3404
4927
6603
6713
4618
1985
1298
2711
4088
4260
3458
1843
362
-79
-110
137
832
1413
526
-2184
-1977
1760
1269
-801
500
-1125
-2057
2951
4415
919
-169
581
1848
2658
2049
2614
3033
1875
1717
2024
1897
2788
3259
1845
1
-657
701
2147
1300
-542
-1551
-1547
-1087
-1330
-2725
-4386
-4222
125
7543
12251
8577
-1484
-7088
-1626
8023
12510
11722
10031
7605
2847
-845
1263
7174
10632
8506
3331
9
-263
-115
-1328
-3550
-4760
-3690
-2668
-4244
-7793
-11233
-13319
-13918
-12896
-10506
-8739
-9536
-12742
-16159
-16875
-13983
-9342
-6039
-5925
-7376
-7767
-6652
-4163
-717
1800
2209
1729
2244
3897
5384
6168
6286
5754
5423
6101
7299
7500
5897
3928
3205
3542
4435
5204
4499
2128
-131
-547
310
872
960
572
-674
-2077
-2394
-1379
-631
-572
814
1717
-468
-1429
855
1596
663
1329
2758
3453
3094
2410
2517
2535
2406
3358
3802
2639
2509
3300
2171
401
321
908
979
593
-290
-1338
-2067
-2855
-4087
-3128
3835
13120
14101
3329
-7949
-6426
5730
14554
14015
10584
9046
6090
290
-1646
4809
12676
12564
5518
-168
-788
88
-1174
-3698
-4603
-3231
-2297
-4437
-8740
-12302
-14016
-14652
-14040
-11532
-9064
-9969
-14430
-18894
-19686
-16066
-10562
-6980
-7102
-9193
-10273
-9113
-6251
-2684
322
1668
1603
1694
2840
4325
5339
5990
6541
7029
7609
8172
7972
6564
4959
4573
5338
6117
6080
4877
2663
583
-42
681
1308
960
16
-1087
-2156
-2515
-1639
-401
-30
-391
-592
-350
131
615
917
1170
1600
2222
2956
3513
3262
2394
2123
2781
3579
3880
3609
2855
1933
1075
502
869
1883
1703
-225
-2054
-2868
-3333
-1586
5889
15416
15633
3012
-8713
-4843
9427
17227
14393
10649
9947
6392
-148
-310
8596
15662
11966
2978
-998
727
1242
-1939
-4568
-3707
-2001
-3322
-7439
-11109
-12977
-14473
-15869
-14979
-11563
-9829
-13209
-19016
-21721
-19474
-14810
-10894
-9290
-9989
-11494
-11708
-9752
-6202
-2355
117
348
-217
766
3277
5210
5786
6152
6916
7564
7947
8268
8184
7276
6197
5953
6503
6957
6457
4782
2648
1364
1512
2122
1843
564
-870
-2014
-2711
-2482
-1345
-560
-1119
-2181
-2367
-1583
-553
342
997
1325
1491
1732
2027
2411
3015
3530
3546
3370
3511
3594
2966
1996
1625
2011
2375
1947
842
-168
-1011
-1806
-217
7052
16318
16567
4312
-7197
-3395
10861
18645
15667
11960
11194
6564
-1096
-161
11208
18305
11834
1504
-823
1820
613
-3430
-3699
-790
-939
-5576
-10040
-11548
-12529
-15014
-16420
-13896
-10274
-11317
-17299
-22046
-21411
-17741
-14555
-12241
-10773
-11509
-13759
-13831
-10127
-5485
-2960
-2386
-2023
-1003
564
2253
3692
4979
6313
7167
7081
6890
7446
7978
7543
6950
7265
7637
6794
5278
4312
3906
3486
3061
2576
1542
155
-705
-900
-1060
-1301
-1378
-1543
-1968
-2022
-1305
-568
-443
-483
-177
287
732
1397
2106
2361
2426
2912
3450
3256
2757
2767
2898
2559
2380
2707
2223
540
-635
-683
-528
1857
10027
18586
15251
245
-8511
1082
16883
20855
14961
11743
10903
4616
-1682
4305
17508
19609
7900
-1253
588
3567
-343
-4246
-1393
1757
-2263
-9235
-11383
-10328
-12726
-17136
-16296
-10546
-8848
-15364
-22824
-23382
-19172
-16123
-14398
-12050
-11441
-14829
-17597
-13967
-6734
-2876
-3524
-4522
-3557
-1892
-158
2378
5085
6487
6266
5543
5801
7096
7996
7738
7320
7908
8390
7069
5107
4479
4681
4289
3623
3597
3043
812
-1214
-1098
-4
105
-766
-1531
-2072
-2555
-2240
-1130
-371
-417
-780
-822
-336
429
1259
1806
2140
2636
2800
2369
2172
2768
3550
3400
2686
2654
2643
1600
436
186
643
1826
6448
14581
17128
7667
-4204
-3010
10835
20223
17252
12038
10988
8062
1566
1952
12912
19683
11861
914
127
4323
2179
-3304
-2086
2420
-12
-7512
-10868
-9490
-10917
-15752
-16065
-10998
-9127
-14686
-21590
-22625
-19371
-17087
-15570
-13074
-12152
-15357
-18822
-15911
-7984
-3242
-4328
-6368
-5430
-2977
-1259
1083
4541
6274
5196
4007
5299
7692
8139
7226
7456
8708
8893
7277
5774
5638
5493
4757
4530
4844
3989
1143
-1247
-846
798
1147
-54
-1511
-2488
-3252
-3206
-1648
12
77
-1249
-2191
-1465
-208
433
952
1556
1933
1919
1936
2557
2909
2658
2593
2503
2520
2792
2454
1450
390
-29
383
2361
9443
17909
15406
1337
-7315
2259
18246
20603
12877
10243
11028
5759
-118
6600
19319
17828
4019
-1747
4192
6535
-583
-4299
1378
3527
-3913
-10196
-8914
-7599
-12834
-16880
-12133
-6939
-10934
-19567
-22560
-18993
-16519
-16630
-14336
-11457
-13846
-19232
-18877
-10747
-4075
-4848
-7599
-7054
-4795
-3459
-1577
2575
5368
4006
2115
3432
6374
7287
6369
6849
8538
8422
6517
5441
6176
6762
5925
5380
5633
4579
1853
127
1249
2932
2317
369
-895
-1592
-2219
-1928
-365
689
-263
-1843
-2146
-1290
-325
139
547
1131
1097
553
582
1614
2695
2576
2081
2201
1835
1028
1146
1803
1738
886
428
651
1583
6893
15197
15269
3910
-4976
1907
16274
19381
12376
9610
11171
7660
2004
6320
16993
16476
4781
-306
5116
7092
-60
-4326
746
3383
-3072
-9016
-8147
-7316
-12416
-16107
-11563
-6971
-11213
-19180
-21061
-17212
-15492
-16569
-14921
-12101
-13975
-18407
-17342
-10069
-5335
-6782
-8087
-6132
-4645
-4736
-2447
2718
4923
2578
1432
3872
5886
5316
5275
7594
8946
7198
5226
5389
6250
6042
5593
6085
5995
3744
1104
727
2333
3238
2262
856
-104
-1146
-1865
-1092
602
1061
-224
-1362
-1163
-555
-159
564
1379
1426
764
385
933
1808
2422
2773
2497
1818
1310
1005
1282
1684
1280
606
307
328
199
1608
8420
15418
11573
-385
-4513
6258
17785
16064
9625
9798
10846
5860
2441
9545
17519
12408
2244
2067
7470
5311
-2597
-3045
3462
3001
-5029
-9000
-7209
-8165
-13480
-13999
-8249
-7427
-14840
-20851
-19235
-15045
-14870
-16025
-14193
-13081
-15912
-18204
-14863
-8425
-5934
-7455
-7430
-5589
-5125
-5070
-1869
3329
4881
2548
1732
3515
4635
4624
6181
8948
8853
5765
4227
5502
6702
6482
6316
6645
5414
2591
1130
2055
3358
3161
1867
770
-222
-1290
-1365
-177
864
602
-470
-1047
-1044
-946
-214
995
1498
1147
552
415
835
1362
2297
2925
2274
1476
949
747
1174
1203
1036
894
158
-345
54
4307
12144
13424
4248
-4157
323
13425
17777
11109
7631
9879
9142
4615
5817
14155
15493
6423
1723
6177
8310
1795
-3342
1432
5670
80
-6960
-7541
-6271
-9474
-12706
-9346
-6200
-11267
-18807
-19888
-15414
-13491
-15625
-15800
-14116
-15209
-17747
-16676
-11715
-8610
-8955
-8203
-6289
-6472
-7391
-5068
341
3458
2415
1334
1908
2721
3524
5491
8425
8965
6198
4217
5271
7262
7679
7018
7035
6400
4091
2601
3200
4259
4043
2958
2322
1411
-129
-750
26
1077
1096
180
-583
-1099
-1303
-621
692
1442
847
-13
-16
252
485
1111
2132
2412
1304
490
548
559
826
1176
1102
539
-326
-472
38
3318
10511
13087
5325
-3739
-1174
11514
17717
12015
7018
8327
8756
4730
4387
12261
16092
8551
2033
4934
7912
2448
-3239
1011
6559
1972
-6053
-7787
-6247
-8104
-10945
-8682
-5778
-9913
-17058
-18744
-14883
-12480
-14404
-15453
-13733
-14284
-17209
-16571
-11788
-9034
-10110
-8869
-4818
-5623
-9792
-7973
-443
3730
1737
276
1720
1433
776
4320
9184
9327
5028
2864
5075
6994
7066
7530
8217
6993
3804
2503
4460
5670
4766
3849
3520
2468
313
-320
1358
2391
1837
879
22
-815
-1355
-412
1376
1811
710
-583
-888
-331
333
1197
1831
1474
256
-566
112
594
126
508
1043
178
-1228
-1328
-166
479
4221
11596
11406
831
-5865
2169
15223
15857
7811
6232
9377
7830
3557
6374
14581
13941
4658
1676
6754
7426
321
-2314
4495
7077
-1012
-7926
-6961
-5156
-7626
-8936
-5692
-5768
-12753
-18366
-16697
-11846
-10950
-13505
-14072
-13548
-15533
-17401
-14679
-9669
-8432
-9818
-8014
-5643
-7971
-10260
-6019
1230
3325
484
-705
-12
-70
1451
6033
9563
7460
2752
2272
5545
7549
7582
7862
7951
5777
3010
3554
6133
6434
4887
4157
3826
2131
66
676
2951
3153
1471
251
-236
-787
-855
348
1770
1572
-26
-1075
-1099
-486
302
584
1255
1002
-872
-1588
-209
560
7
-73
502
-263
-1631
-1191
-195
1017
6473
11886
7477
-2854
-4150
7187
16090
12308
6203
7231
9261
6165
3791
9216
15076
10876
3282
3847
8075
5180
-1155
748
7466
5311
-3914
-7495
-4880
-4743
-7553
-6818
-4249
-7736
-15249
-17481
-13292
-10041
-11716
-14137
-13829
-13776
-15982
-16562
-12823
-8976
-9406
-11073
-9265
-6499
-7349
-8794
-5378
254
1500
-962
-1521
130
832
1972
5802
8499
6066
2367
3087
6606
8096
7692
7938
7865
5839
3977
4849
6887
6952
5365
4414
3884
2331
1016
1989
3682
3181
1162
120
-200
-1017
-975
767
1841
660
-1157
-1638
-1037
-595
-146
612
756
-121
-1458
-1717
-273
369
-419
-273
477
-76
-1478
-1645
-539
55
3425
10250
10056
-10
-6139
1804
14342
15167
7112
4872
8073
7621
4272
6349
13461
13333
5006
2117
6832
7649
1526
-609
5701
7769
-394
-6941
-5458
-3119
-4978
-6643
-4896
-5870
-12280
-16256
-13590
-9719
-10548
-14099
-14435
-12930
-14256
-16144
-14260
-10329
-9359
-11324
-11497
-9249
-7577
-6519
-4915
-3316
-2426
-2002
-1117
340
1546
2570
3917
5380
5858
4808
4239
5792
7818
8559
8258
7499
6505
5896
6497
7583
7576
6477
5053
3741
3093
3142
3422
3460
2810
1538
184
-509
-312
-24
150
312
-301
-1494
-1959
-1360
-533
-313
-413
-519
-1099
-1507
-1106
-698
-351
-156
-506
-630
-512
-670
-849
-911
-773
-546
1719
7745
9868
2133
-5400
-737
11546
15545
7989
3090
6387
8484
5725
5152
10551
13087
6729
1925
5595
8396
3511
-915
3440
8406
3057
-5471
-6202
-2758
-2941
-5455
-5147
-4572
-9113
-14498
-13840
-9781
-9070
-12290
-13983
-12693
-13075
-15368
-14823
-11245
-9365
-10814
-11629
-9661
-8010
-7874
-6486
-3372
-1594
-2556
-3265
-1066
1746
2640
3208
4799
5559
4331
3809
6086
8352
8157
7428
7714
7754
6799
6405
7500
8158
6934
5243
4536
4331
3714
3129
3381
3301
1721
115
-105
139
-109
-289
-98
-556
-1841
-2355
-1566
-801
-700
-877
-1029
-1104
-1370
-1479
-811
-154
-117
-389
-878
-962
-636
-423
-127
-295
-1175
-1696
163
6413
10777
4796
-4630
-3437
8319
15236
9212
2689
5303
8689
6159
3908
8312
12707
8037
1822
4143
8387
5089
-539
1847
7750
4538
-4289
-6167
-2337
-1951
-5149
-5603
-4170
-7377
-13042
-13398
-9455
-8340
-11650
-13981
-12562
-11971
-14336
-14862
-11535
-9100
-10373
-11551
-10007
-8857
-8810
-6022
-1512
-1166
-4492
-4757
-632
2658
2970
3394
4901
4917
3697
4450
7225
8678
7762
7264
8339
8319
6566
6162
7883
8645
7085
5476
4952
3962
2671
3043
4190
3377
883
-535
-242
-89
-559
-488
-217
-1116
-2567
-2796
-1759
-1004
-1174
-1305
-1047
-1254
-1843
-1641
-341
673
59
-876
-524
-198
-552
-228
504
155
-893
-1297
-1333
-618
4426
10647
7289
-3552
-5954
4997
14488
10640
2937
4013
8260
6257
2570
5957
12002
9514
2488
3229
8144
5438
-1325
479
8021
6695
-2770
-6317
-2688
-1856
-4856
-5003
-3017
-5791
-11966
-13274
-9518
-8011
-10837
-12864
-11420
-11084
-14229
-15394
-11748
-8647
-9656
-10885
-9356
-8467
-9333
-7115
-1987
-430
-3084
-3826
-809
1634
1847
3069
5676
6196
4459
4033
6275
8301
8054
7637
8452
8288
6473
5881
7539
8365
6694
5166
5016
4109
2384
2227
3352
2989
852
-516
-462
-718
-1358
-1121
-432
-899
-2431
-2941
-1894
-1193
-1565
-1619
-830
-563
-1340
-1394
-54
699
-76
-870
-419
388
75
-440
230
753
-41
-720
-601
-1252
-1518
3411
10334
7585
-3706
-7022
3816
13863
10391
2417
3152
7725
5958
2056
5355
11506
9314
2477
2983
7629
4981
-1304
876
8147
6580
-2667
-5987
-2238
-1381
-4410
-4512
-2560
-5396
-11548
-12754
-8808
-7419
-10590
-12551
-10824
-10478
-13683
-14663
-10972
-8337
-9575
-10331
-8567
-7909
-9073
-7759
-3295
69
106
-1656
-2512
-957
2150
5252
7355
7182
4637
2958
5186
8866
9646
8408
7916
7404
6161
5910
6935
7432
6798
5798
4485
2842
1839
1870
2457
2771
1561
-919
-2331
-1945
-1369
-1156
-839
-1264
-2855
-3649
-2631
-1569
-1438
-1291
-1101
-1478
-1708
-1140
-265
460
623
130
-368
-526
-369
118
631
953
755
19
-469
-430
-552
-1485
-1069
4724
10496
5264
-6055
-6652
5825
14400
8967
1627
3549
7005
4339
2153
7269
12400
7939
1326
3573
7819
3890
-1320
2767
9174
4831
-4495
-5214
-1015
-1853
-4750
-3366
-2028
-7060
-13029
-11617
-6877
-7171
-11017
-11836
-9728
-10618
-14098
-13226
-8525
-7287
-9657
-9603
-7089
-7141
-8611
-6106
-1429
-33
-955
-828
-171
53
1393
4720
7439
6784
4206
3416
5398
7519
7853
7710
7711
6241
4269
4701
6522
6563
5189
4463
3716
1890
830
1746
2668
1990
457
-813
-1517
-1770
-1553
-830
-263
-929
-2589
-3115
-1867
-1011
-1182
-952
-548
-1012
-1601
-915
344
535
276
325
89
-69
-154
-323
311
689
144
43
217
-117
-805
-981
-733
-1324
1384
8429
8056
-2339
-7459
1348
12518
11248
2905
2140
6317
5864
3237
5454
10596
8931
2108
2503
7574
5414
-704
691
7324
5956
-3027
-5546
-1267
-1092
-4449
-4340
-2424
-5287
-11089
-11252
-6705
-6128
-9774
-11119
-8913
-8704
-12187
-12683
-8222
-6029
-8269
-9076
-6822
-6258
-7930
-6392
-1794
-361
-2129
-1886
307
718
-46
1484
4991
6301
4211
2511
3647
5394
5716
6078
7146
6316
3526
3045
5423
6322
4799
3971
4268
3255
1342
1307
2758
2878
1377
240
118
-262
-1180
-939
436
426
-1400
-2490
-1585
-592
-998
-1241
-426
-368
-1401
-1639
-495
541
210
-273
90
-68
-573
-264
198
494
355
-280
-56
492
195
-334
-219
255
-801
-792
5308
9683
2928
-5747
-2775
8308
12180
5531
1394
4499
6151
3791
3489
7638
9074
3625
826
5285
6658
991
-1562
3761
6779
571
-4965
-2684
-524
-2994
-4322
-2540
-3234
-8190
-10591
-7237
-4861
-7470
-10252
-9220
-7600
-9410
-11370
-9189
-6468
-7368
-8719
-7152
-5671
-7060
-7470
-3944
-1189
-2752
-4263
-1685
1421
962
-345
1118
3403
3519
2954
4018
5227
4642
4034
5345
6681
5642
3847
4273
5867
5781
4561
4283
4333
3249
2153
2652
3362
2436
1048
745
690
-68
-638
-323
-143
-902
-1649
-1636
-1472
-1537
-1479
-1111
-863
-1178
-1627
-1246
-259
219
47
89
460
319
71
750
1271
542
148
817
1179
943
850
752
473
448
26
-1151
598
6565
8004
365
-5721
-747
8316
9297
3616
1595
4207
4473
2258
3380
7356
6825
1903
1608
5810
4802
-842
-706
5012
5327
-1024
-3792
-1106
-879
-3684
-3503
-1348
-3262
-8123
-9075
-5873
-5118
-8135
-9471
-7499
-7026
-9933
-11212
-8513
-6674
-8132
-8791
-6880
-6186
-7817
-7504
-4064
-2051
-3248
-4021
-2438
-606
232
1278
2506
2467
1787
2595
4797
6088
5464
4740
5404
6168
5763
5362
6022
6441
5615
4883
5019
4641
3488
3175
3774
3471
1896
722
685
812
457
-24
-438
-994
-1639
-1840
-1362
-967
-1347
-1841
-1492
-917
-1085
-1334
-773
-123
-56
64
486
572
346
485
949
1216
1011
476
289
714
917
643
730
987
546
-36
-281
-953
-533
3671
7047
2684
-4451
-3287
4919
8419
4328
1397
3297
4142
2020
2344
6162
6925
2757
1054
4443
5263
731
-991
3341
5256
446
-3397
-1751
-615
-2903
-3661
-1845
-2736
-6969
-8748
-6434
-5129
-7213
-8984
-8027
-7206
-9026
-10584
-8892
-6807
-7547
-8703
-7491
-6145
-6894
-7026
-4447
-2230
-2772
-3687
-2544
-420
635
1056
2394
3857
3599
2418
3096
5598
6826
6141
5926
6332
5679
4836
5635
6915
6492
5035
4363
4304
3902
3365
3262
3328
2633
1138
245
501
609
-23
-331
-198
-892
-2103
-2122
-1206
-962
-1322
-1297
-1069
-1211
-1371
-998
-277
128
-32
-188
230
711
602
557
1124
1349
743
291
467
661
663
686
682
539
249
-140
-255
-159
-683
-824
1839
4926
2782
-2819
-3420
2418
6488
4474
1553
1972
2925
2014
1943
4303
5548
3285
1226
2451
3479
1261
-322
1943
3658
838
-2572
-2353
-1259
-2218
-2978
-2224
-2826
-5657
-7356
-6273
-5030
-5808
-7248
-7383
-6894
-7556
-8631
-7971
-6304
-6121
-6924
-6489
-5455
-5554
-5627
-3991
-2008
-1573
-2155
-2177
-999
779
1942
2269
2789
3315
2930
2890
4530
6052
5731
5053
5301
5370
4876
4953
5541
5616
5070
4318
3689
3439
3253
2787
2617
2764
2021
505
40
646
590
-81
-252
-375
-1059
-1407
-1010
-706
-810
-901
-905
-826
-595
-541
-597
-169
373
233
-32
304
567
351
474
955
844
326
223
230
4
-10
155
37
-187
-318
-542
-581
-487
-1078
-1700
-280
2240
2165
-689
-2317
-590
2173
3185
2507
1741
1464
1427
1789
2857
3739
3171
2089
2236
2822
2064
940
1317
2259
1730
188
-727
-1141
-1713
-1925
-1557
-1766
-3250
-4873
-5241
-4768
-4757
-5365
-5775
-5842
-6201
-6802
-6781
-6071
-5642
-5743
-5600
-5150
-5083
-5054
-4081
-2638
-1925
-1843
-1687
-1325
-649
338
1398
2744
4098
3668
1532
1339
4267
6676
6441
5290
4345
3563
3859
5397
6341
5639
4190
3092
3001
3555
3431
2673
2600
2590
1291
30
329
770
239
27
234
-617
-1881
-1820
-907
-420
-481
-975
-1617
-1568
-976
-768
-615
-27
22
-655
-655
-24
-18
-182
355
646
73
-310
-148
-176
-265
-41
-104
-646
-997
-1018
-908
-601
-448
-821
-1310
-1412
-1063
-71
913
619
-383
-278
864
1465
1627
2322
2801
2226
1797
2507
3289
3178
2860
3057
3217
2780
2139
1882
1920
1726
1257
928
549
-426
-1431
-1554
-1394
-1994
-2936
-3377
-3686
-4377
-4979
-5062
-4981
-5205
-5673
-5952
-5819
-5703
-5845
-5689
-4995
-4532
-4663
-4491
-3639
-2829
-2371
-1819
-1162
-621
-53
638
1427
2146
2597
2739
3014
3651
4186
4360
4522
4674
4471
4224
4361
4569
4389
4007
3698
3394
3081
2826
2528
2222
1985
1597
1074
754
635
415
103
-120
-385
-660
-694
-668
-905
-1166
-1153
-1068
-1109
-1208
-1291
-1281
-1117
-1026
-1170
-1224
-1028
-934
-954
-798
-686
-867
-925
-643
-443
-492
-540
-514
-494
-400
-298
-339
-301
-44
88
55
183
317
163
250
1262
2300
1809
415
549
2692
4027
2827
1529
2493
3836
3226
2347
3245
4058
2809
1665
2587
3302
1835
481
1276
1994
468
-1292
-1012
-330
-1348
-2748
-2730
-2508
-3605
-4721
-4401
-3945
-4795
-5851
-5642
-4962
-5265
-5989
-5695
-4834
-4823
-5215
-4708
-3758
-3465
-3393
-2851
-2170
-1526
-871
-683
-503
783
1918
1436
1021
2136
3191
3212
3290
3506
3255
3226
3736
3945
3926
3840
3196
2761
3398
3640
2660
2199
2681
2401
1572
1621
1753
1052
679
974
742
171
43
-117
-436
-311
-257
-803
-996
-694
-985
-1433
-1008
-709
-1331
-1527
-946
-939
-1384
-1198
-828
-937
-903
-634
-713
-717
-331
-233
-373
-93
157
-17
129
553
391
137
584
890
546
548
1011
1024
830
1049
1148
924
1133
1741
1905
1523
1180
1233
1761
2297
2215
1787
1598
1508
1427
1743
2073
1625
900
818
918
581
285
235
-36
-516
-832
-1132
-1509
-1738
-1932
-2249
-2465
-2682
-3204
-3589
-3461
-3373
-3633
-3811
-3839
-3968
-3978
-3719
-3543
-3480
-3279
-3021
-2796
-2540
-2380
-2213
-1567
-802
-644
-802
-612
-205
196
778
1267
1135
775
923
1402
1759
1972
1996
1800
1660
1751
1893
2045
2236
2196
1908
1753
1780
1748
1795
2020
2007
1664
1408
1365
1376
1487
1623
1482
1146
947
880
839
942
1026
805
482
313
204
151
247
278
35
-240
-335
-350
-336
-302
-329
-426
-491
-509
-494
-398
-302
-331
-352
-261
-193
-187
-83
88
110
32
86
273
386
353
320
397
468
452
453
521
515
405
448
644
637
380
234
374
517
469
383
353
233
38
-9
127
180
27
-168
-269
-399
-582
-588
-458
-496
-783
-1076
-1199
-1225
-1233
-1214
-1268
-1497
-1779
-1900
-1819
-1741
-1800
-1905
-1974
-2041
-2104
-2064
-1946
-1869
-1859
-1826
-1778
-1777
-1718
-1521
-1296
-1215
-1203
-1098
-915
-745
-603
-437
-261
-104
43
245
463
605
720
928
1194
1348
1425
1573
1763
1889
1956
2036
2122
2189
2262
2333
2334
2235
2150
2163
2223
2213
2112
1964
1784
1627
1571
1591
1531
1318
1065
881
757
670
613
529
367
150
-7
-65
-92
-150
-202
-253
-341
-447
-478
-426
-395
-426
-459
-448
-432
-441
-438
-380
-333
-335
-342
-318
-299
-297
-301
-287
-270
-290
-314
-333
-363
-389
-416
-449
-485
-507
-533
-585
-654
-695
-694
-693
-702
-727
-743
-752
-768
-766
-708
-631
-623
-649
-634
-557
-499
-480
-445
-388
-360
-371
-359
-299
-253
-264
-286
-276
-277
-318
-353
-351
-350
-400
-463
-500
-515
-535
-560
-572
-589
-611
-623
-598
-549
-515
-499
-456
-379
-305
-244
-162
-55
30
108
209
317
408
492
582
679
748
810
878
938
988
1015
1045
1076
1094
1092
1089
1095
1090
1059
1037
1030
1006
968
936
896
847
802
766
743
708
645
587
546
515
479
444
417
381
337
310
303
289
259
238
219
194
156
130
109
85
58
17
-22
-67
-110
-154
-192
-221
-269
-328
-384
-433
-477
-521
-554
-598
-650
-693
-725
-755
-789
-821
-850
-869
-885
-897
-908
-903
-895
-886
-866
-848
-839
-820
-789
-756
-722
-686
-664
-637
-597
-546
-491
-445
-404
-376
-339
-283
-225
-171
-114
-60
-15
27
80
145
206
259
305
344
379
418
465
515
547
573
591
609
621
634
645
648
651
638
618
591
569
542
508
464
409
357
307
265
216
158
105
57
12
-35
-80
-116
-146
-166
-180
-194
-206
-212
-208
-185
-162
-143
-128
-107
-77
-39
6
42
71
101
139
175
220
248
273
295
315
331
342
352
360
366
367
360
342
323
305
286
260
234
192
153
118
81
44
0
-49
-96
-135
-167
-204
-239
-269
-298
-322
-350
-379
-402
-414
-417
-423
-441
-451
-455
-452
-435
-431
-428
-421
-408
-387
-361
-347
-332
-310
-292
-264
-231
-217
-193
-164
-147
-123
-95
-66
-28
6
28
56
97
138
167
193
223
241
268
301
318
328
344
349
355
361
355
349
339
317
305
287
258
236
215
188
160
121
73
44
24
6
-35
-82
-114
-145
-153
-159
-186
-228
-251
-241
-225
-237
-259
-253
-232
-211
-195
-199
-193
-151
-112
-96
-86
-75
-44
-3
38
65
72
83
114
160
192
181
165
186
217
223
214
193
185
190
202
190
154
126
119
116
96
63
28
5
-3
-23
-55
-71
-72
-84
-114
-132
-129
-125
-134
-147
-150
-144
-139
-132
-135
-140
-140
-124
-115
-112
-107
-109
-98
-77
-76
-75
-67
-54
-51
-53
-49
-40
-33
-24
-11
-4
-5
6
33
50
59
62
81
106
122
119
116
136
163
165
154
165
173
188
193
179
165
159
162
158
144
119
91
77
76
63
42
16
-3
-17
-31
-50
-65
-75
-98
-108
-106
-115
-119
-119
-126
-131
-126
-117
-107
-120
-131
-116
-93
-86
-86
-84
-78
-67
-57
-49
-46
-37
-29
-23
-23
-23
-17
-14
-5
0
-7
-15
-4
9
11
16
14
9
13
30
43
43
41
45
52
60
53
48
56
67
73
65
59
61
57
53
54
52
44
38
30
21
16
19
11
2
-5
-13
-15
-25
-25
-31
-35
-28
-34
-45
-47
-38
-34
-28
-30
-45
-48
-30
-16
-19
-23
-22
-12
7
16
12
20
34
42
40
47
65
70
73
75
74
78
88
84
68
68
68
70
62
52
46
43
41
35
23
1
-14
-20
-17
-22
-38
-52
-57
-56
-56
-60
-68
-72
-83
-83
-76
-83
-83
-82
-80
-70
-68
-72
-71
-53
-40
-43
-46
-40
-40
-35
-23
-15
-12
-21
-18
-1
8
4
0
8
20
21
17
17
25
35
31
33
42
42
32
44
52
49
48
48
51
57
66
63
58
57
56
46
40
42
47
46
32
23
14
13
17
16
6
-7
-12
-10
-7
-11
-20
-23
-21
-25
-27
-24
-26
-24
-21
-20
-21
-22
-14
-5
-3
-9
-9
-2
4
3
-1
-2
6
9
8
7
8
15
22
16
9
6
4
5
9
11
3
2
5
3
-2
-4
-2
-7
-8
-11
-12
-14
-18
-18
-17
-11
-15
-16
-21
-20
-15
-10
-15
-26
-22
-13
-10
-18
-13
-11
-10
-13
-12
-9
-8
-9
-8
-2
0
-3
-2
6
-1
-8
-2
9
12
3
1
3
7
18
19
12
9
15
24
26
25
21
13
17
25
23
17
16
18
21
21
17
9
8
11
10
12
11
3
3
5
8
7
4
3
-2
-6
-5
-5
-7
-8
-8
-10
-10
-6
-11
-14
-8
-8
-11
-13
-10
-6
-7
-2
2
0
-4
-2
7
6
7
7
7
12
9
9
9
11
11
8
6
5
4
2
3
1
-2
-4
-2
-3
-9
-8
-6
-9
-14
-18
-20
-19
-17
-17
-18
-17
-16
-19
-16
-7
-11
-18
-16
-11
-8
-5
-5
-6
-6
4
7
0
-1
2
3
7
8
7
3
5
8
9
9
11
14
14
13
14
14
11
13
12
11
11
11
13
13
10
8
7
7
13
14
13
13
13
11
10
11
6
0
3
4
0
-3
-8
-3
-2
-2
-6
-12
-8
-5
-4
-4
-6
-12
-10
-4
-3
-11
-6
-6
-6
-4
-4
-7
-8
-6
-5
-3
-6
-2
-4
-2
2
4
3
-2
-4
-3
3
4
3
1
2
6
2
2
3
-2
-4
-4
-1
-2
0
-1
-5
-1
-3
-2
-5
-3
-7
-11
-4
-5
-2
-3
-2
2
1
-2
3
5
0
-1
3
3
1
2
3
0
1
1
2
4
2
1
2
2
6
3
3
4
2
5
-1
-2
2
5
7
1
0
1
2
5
6
7
7
5
10
9
11
10
7
11
8
5
4
3
0
3
8
6
5
3
2
-1
0
-1
-6
-2
-2
-6
-5
-6
-10
-10
-12
-12
-11
-13
-13
-15
-13
-10
-10
-11
-11
-14
-12
-10
-7
-5
-5
-3
-3
-3
-1
3
1
-1
0
7
5
8
8
9
10
10
9
8
9
6
11
9
9
10
9
7
10
6
1
2
0
-4
-3
-2
-1
-5
-7
-5
-7
-6
-5
-6
0
2
-3
-1
0
-1
-3
-4
-2
-2
-1
2
2
3
5
3
1
4
3
3
4
3
7
3
6
9
1
-2
0
3
4
3
1
2
2
1
4
5
5
6
5
2
3
1
3
4
3
2
0
0
-3
-2
-1
-2
-4
-5
-2
-4
-3
-5
-6
-7
-11
-12
-7
-7
-12
-14
-10
-8
-13
-15
-11
-8
-7
-9
-5
-2
-2
