SAMPLES:	7578
BITSPERSAMPLE:	16
CHANNELS:	1
SAMPLERATE:	16000
NORMALIZED:	FALSE
-3
0
-1
-2
0
-3
-4
-6
-1
3
2
3
2
6
8
8
9
6
2
1
0
5
3
4
8
6
7
8
8
9
6
3
1
4
0
-2
-4
-5
-6
-9
-10
-11
-14
-12
-12
-8
0
1
2
4
6
7
4
6
8
1
0
2
-4
-4
-4
-4
0
-1
0
1
1
2
5
4
8
10
7
7
0
1
1
-4
-6
-2
-7
-1
3
6
7
6
6
6
4
3
4
1
2
4
5
6
2
1
2
-2
-3
-4
-7
-1
2
4
5
3
3
-1
-2
-6
-4
-3
-6
-5
-4
-4
-6
-6
-9
-9
-11
-9
-5
-5
-2
1
4
2
2
4
4
-3
-5
-5
-4
-1
-3
1
0
1
3
1
2
5
3
2
3
1
2
3
0
2
0
-1
-1
-5
-3
-2
-2
-1
3
5
4
-1
0
-4
-7
-5
-3
0
-1
-4
-3
0
-2
4
10
6
7
5
0
1
1
0
2
2
3
3
-2
4
3
1
3
2
6
8
10
12
10
7
8
5
0
2
-2
-2
1
-2
0
1
4
-1
-3
1
2
-2
-1
-2
-5
-3
-2
-1
0
-2
-2
-3
-4
0
2
2
2
1
1
-1
-2
0
2
2
5
2
1
-1
-1
0
0
6
7
-1
-5
-7
-14
-9
-10
-5
-5
-6
2
0
1
1
1
-2
-5
-5
-7
-2
0
-1
-2
-6
-7
-10
-5
-6
-6
-2
0
3
6
9
5
5
5
3
2
1
3
7
5
7
10
6
8
5
3
7
6
7
7
0
1
-1
-5
-2
-6
-2
-7
-8
-8
-8
-6
-5
-3
0
1
-2
-2
0
-1
5
3
-3
0
-7
-11
-8
-8
-7
-8
-7
-2
-2
2
0
4
8
4
7
3
6
6
2
1
1
0
1
6
2
2
2
0
1
-1
4
9
9
7
5
5
3
5
5
-5
-8
-8
-6
-6
-9
-6
-3
-7
1
4
4
13
9
9
12
10
5
4
-1
-4
-3
-8
-4
2
-1
3
3
0
5
0
2
6
3
6
6
5
8
5
4
4
4
0
-1
-3
0
-1
0
3
-3
-2
-1
0
2
2
4
3
3
2
3
2
5
7
2
-2
-4
-10
-8
-6
-6
-7
-10
-3
-5
-4
1
-2
3
1
2
-1
-4
-1
-3
-8
-10
-11
-14
-5
-2
-3
-1
-1
3
2
-2
3
2
-1
-1
0
-1
-1
1
3
8
5
7
9
5
1
-2
-4
-8
-4
-7
-6
0
4
4
1
4
2
0
-1
1
0
2
1
-3
0
-5
-4
-7
-6
-8
-9
-10
-6
0
0
3
7
2
3
3
-2
4
-1
-1
4
2
6
5
-3
0
-2
-2
-2
-6
1
1
0
-1
-2
2
4
2
6
7
5
3
-1
-2
1
1
1
1
-2
-3
-2
-4
-4
-2
0
2
10
13
17
21
18
14
12
7
3
2
6
3
3
3
-1
0
5
6
5
5
4
2
3
-3
-4
-1
-2
2
-2
1
-3
-8
-2
-6
-6
-3
-7
-5
-9
-8
0
-2
-1
-1
-1
-1
-1
-1
0
0
-3
0
0
1
3
-1
-4
-7
-5
-9
-12
-8
-7
-6
-2
-4
-3
-1
-1
6
3
2
3
-1
1
-1
-4
-5
-6
-1
-4
-5
1
0
-3
-3
-8
-4
-1
-3
4
-3
2
4
6
7
8
8
4
8
2
6
7
6
8
4
-1
-1
4
-2
-1
-1
-4
2
3
4
7
5
1
-2
-1
-2
-3
0
-4
-9
-2
0
2
4
2
1
-2
-4
4
2
0
5
1
2
2
-2
1
2
0
6
5
1
5
-5
-6
-3
-7
2
0
0
4
0
3
1
-6
2
0
-7
0
-2
1
4
0
2
0
-6
-1
2
0
2
1
5
9
5
8
8
4
2
-1
1
2
0
5
2
-1
-1
-4
-2
-1
1
1
1
0
4
7
3
3
3
-1
-2
0
1
-2
-4
-7
-5
-7
-3
1
2
3
3
0
4
6
5
12
4
4
2
-6
-5
-1
-6
-6
-4
-5
-4
-4
5
4
-6
-4
-4
-3
-5
-8
-8
-8
-4
-7
-6
-3
-7
-8
-7
-4
-2
0
0
2
3
-1
1
-1
-1
3
5
1
-3
-3
0
5
-2
-1
-3
-5
0
0
7
11
9
16
10
7
18
9
5
6
-3
0
-1
-1
5
3
0
2
-1
5
7
6
5
-4
-6
-8
-13
-7
-2
-4
3
1
0
3
-1
2
9
6
7
6
5
4
2
2
1
2
0
0
1
1
1
-3
-1
-1
1
4
5
6
6
3
3
0
-2
1
-3
-3
0
-5
-3
-9
-12
-7
-4
0
2
0
1
1
1
3
0
-2
-5
-2
-5
-3
-3
0
1
0
2
1
0
4
1
1
0
-1
6
-1
0
5
1
6
6
1
2
-1
-1
-1
0
-1
-2
-2
0
1
-3
-5
-3
-3
-2
-2
0
2
-2
-6
-4
-4
-2
-4
-6
-3
-4
-6
-2
-5
-6
-6
-8
-3
-3
-5
-1
-2
2
5
5
8
6
6
9
7
1
0
-2
-2
-1
-5
-1
-1
-3
6
4
4
6
4
11
10
10
9
7
4
-1
0
1
2
4
5
5
1
-4
-5
-6
-3
-3
-2
-3
-4
0
-1
-1
2
1
3
4
1
-3
-7
-8
-9
-4
0
8
10
8
5
0
-5
-13
-7
-2
4
10
11
8
3
2
1
2
3
4
0
-2
0
1
8
11
7
1
-9
-12
-8
0
7
12
11
7
1
-3
3
4
12
12
6
2
-9
-9
-7
-8
-1
0
-10
-12
-16
-18
-9
-4
1
0
0
0
1
5
9
4
2
2
-2
0
0
0
5
4
2
0
-3
-9
-2
-2
-1
4
1
7
4
2
3
2
-1
0
-2
-3
0
2
5
4
0
-2
-5
-6
1
0
4
0
-6
-4
0
2
13
13
4
0
-11
-9
-4
3
5
11
18
13
4
-1
0
-7
-2
-3
3
13
11
11
6
-3
-4
-4
-6
4
16
2
-5
-5
11
24
20
29
5
-8
3
8
20
26
33
28
17
12
28
33
35
33
12
2
-3
-2
15
50
75
49
23
16
16
23
38
44
48
73
77
85
110
115
100
75
44
17
-11
-18
-13
-20
-7
-7
-26
-118
-484
-1064
-1448
-1269
-687
12
534
769
617
56
-693
-1161
-896
110
1305
1814
1449
806
186
-143
-8
165
404
677
599
125
-134
-583
-628
-134
4
13
6
59
-248
-230
-369
-572
-540
-733
-745
-757
-606
-425
-88
-21
-116
-86
33
506
700
706
577
756
702
282
134
245
604
377
-13
-679
-748
-660
-575
-524
-277
-1
193
198
-183
-34
413
725
344
179
-1
-17
317
504
636
732
622
192
-149
-333
-169
59
224
240
149
186
19
-212
-219
-410
-348
-219
-24
82
108
96
-182
-351
-464
-452
-465
-286
0
23
22
-179
-53
-73
-129
-144
-150
-246
-129
104
45
169
-19
51
96
-66
-63
-261
-294
-137
-260
-216
-45
-95
-13
-10
-189
-254
-317
-368
-294
-119
-144
17
362
208
53
114
-224
-219
-77
-157
80
319
520
543
169
303
320
-179
67
300
257
595
629
712
702
567
777
834
725
813
980
1120
1338
1358
1513
1412
1161
1268
808
345
-30
-275
-107
-115
-94
-12
-161
-557
-1044
-1614
-1753
-1610
-1730
-1740
-1779
-1455
-1208
-1161
-1026
-884
-776
-746
-719
-456
-89
97
214
166
238
283
151
27
-23
-152
-362
-404
-430
-331
-101
-283
-432
-397
-488
-503
-520
-520
-467
-575
-726
-712
-620
-475
-261
-338
-479
-377
-223
-95
61
111
383
457
484
602
619
758
749
891
911
785
669
724
789
447
559
800
767
1068
1275
1256
1585
1681
1622
1904
1894
1972
2075
2216
2343
2127
1662
921
426
123
-210
-380
-662
-649
-1055
-1881
-2706
-2989
-2886
-2967
-3295
-3623
-3278
-2669
-2144
-1637
-1112
-669
-720
-803
-440
206
931
1235
1490
1806
2232
2439
2485
2649
2708
2283
1698
1295
1246
1349
1133
1006
696
252
-410
-980
-1271
-1699
-2025
-2502
-2706
-2581
-2306
-2150
-2109
-2135
-2162
-2110
-1894
-1402
-1028
-437
-81
189
591
733
999
1198
1301
1421
1193
919
766
755
621
315
-54
-338
-676
-889
-1049
-1122
-1041
-1229
-1233
-1073
-717
-477
-306
5
321
744
1214
1646
2004
2457
2916
3064
3509
3821
4327
4673
4718
4419
3553
2791
2157
1975
1344
922
369
-23
-924
-2106
-3108
-3582
-3623
-4228
-5013
-5408
-5363
-4602
-4024
-3421
-2674
-2213
-1875
-1873
-1373
-713
-142
-77
193
609
1305
1940
2560
3029
3296
3168
2770
2528
2518
2469
2152
1688
1391
1184
816
499
80
-477
-1084
-1902
-2579
-2886
-2977
-3088
-3325
-3364
-3289
-2957
-2678
-2304
-2072
-1906
-1719
-1477
-892
-290
375
917
1337
1865
2166
2382
2425
2411
2228
1857
1302
981
769
510
316
-108
-185
-324
-397
-281
-410
-544
-778
-1046
-954
-662
104
727
1383
2058
2535
3077
3451
3806
3970
4355
4457
4587
4568
3874
3419
2685
2617
2074
1414
820
13
-807
-2393
-3609
-4327
-4484
-4727
-5330
-5642
-5675
-5189
-4974
-4742
-4196
-3593
-2972
-2784
-2064
-1292
-391
-129
-35
315
956
1719
2210
2800
3253
3507
3344
3039
2957
3012
2766
2229
1708
1407
1086
651
217
-301
-829
-1510
-1958
-2189
-2343
-2598
-2988
-3370
-3523
-3433
-3121
-2696
-2139
-1614
-1080
-687
-294
123
510
802
1136
1477
1800
2137
2365
2522
2236
1710
1104
625
335
-78
-389
-800
-1086
-1322
-1393
-1277
-1254
-1113
-1184
-1177
-1003
-689
-169
250
906
1523
2343
3241
4050
4875
5403
5897
6037
6368
5780
5317
4774
4094
3769
2303
1553
616
-67
-1181
-2594
-3398
-4004
-4550
-5569
-6307
-6425
-6113
-5877
-5923
-5147
-4337
-3317
-3037
-2491
-1659
-1137
-710
-904
-312
391
1030
1410
1855
2686
3216
3467
3425
3643
3597
3235
2490
1849
1528
929
347
-281
-620
-828
-1267
-1552
-1897
-2002
-2530
-3041
-3403
-3564
-3425
-3495
-3265
-2885
-2313
-1654
-1021
-180
377
827
927
1232
1621
1936
2108
2175
2483
2499
2205
1746
1286
1091
488
-58
-431
-653
-676
-999
-1036
-1050
-921
-761
-762
-463
-116
309
641
1039
1774
2280
2956
3583
4414
5255
5854
6185
6529
6090
5450
4840
3957
3581
2110
1369
464
-283
-1284
-2821
-3454
-4114
-4827
-5864
-6700
-6503
-6325
-6239
-6250
-5587
-4787
-4002
-3531
-2677
-1531
-1054
-728
-877
-251
237
253
504
879
1750
2003
2256
2703
3159
3199
2693
2313
2016
1851
1156
461
64
-263
-526
-934
-925
-934
-1187
-1565
-1913
-1914
-2195
-2474
-2737
-2635
-2263
-2001
-1303
-683
113
506
738
1151
1524
1988
1953
1977
2034
2109
2073
1589
1271
622
195
-392
-879
-935
-1062
-1051
-1390
-1368
-1273
-1120
-813
-775
-512
-400
-179
288
794
1510
2085
2768
3662
4524
5334
5950
6233
6561
5777
5677
4972
4511
3756
2213
1601
416
-402
-1765
-2883
-3280
-4008
-4936
-6073
-6336
-6134
-6072
-5993
-5633
-4745
-4129
-3506
-2880
-1668
-956
-696
-508
-250
528
532
790
974
1343
1667
1471
2002
2302
2616
2381
2107
2001
1757
1514
685
181
-417
-913
-1451
-1715
-1636
-1631
-1635
-1843
-1630
-1575
-1681
-1907
-2218
-2253
-2237
-1842
-1347
-858
-264
178
843
1310
1897
2296
2462
2367
1945
1889
1616
1174
503
-353
-757
-1321
-1519
-1707
-1718
-1580
-1685
-1505
-1253
-768
-356
-134
125
436
879
1296
1805
2334
3051
3788
4636
5421
6178
6699
7017
7119
6443
6367
5451
4946
3501
2144
1465
74
-1026
-2650
-3438
-3893
-5002
-5885
-6862
-6853
-6717
-6802
-6418
-5829
-4915
-4427
-3947
-3033
-1869
-1220
-994
-637
4
737
807
1188
1358
1753
1776
1510
2067
2052
2294
1875
1666
1777
1446
1319
474
114
-614
-1179
-1761
-2132
-2143
-2278
-2190
-2257
-1905
-1575
-1472
-1454
-1692
-1596
-1536
-1216
-730
-391
122
416
1030
1499
2106
2553
2790
2865
2499
2416
1857
1290
413
-476
-943
-1721
-1852
-2147
-2128
-1989
-1910
-1445
-1118
-495
-80
368
718
1227
1828
2301
2694
3036
3731
4458
5330
5903
6629
6960
7396
6855
6618
6079
5338
4396
2559
1662
289
-1063
-2807
-4367
-5051
-5956
-7006
-7629
-7914
-7529
-7511
-7295
-6511
-5636
-4851
-4498
-3680
-2520
-1652
-1257
-747
43
942
1340
1609
2278
2651
3038
2777
3144
3383
3216
2874
2253
2280
1785
1423
897
344
-151
-1026
-1514
-1913
-2189
-2587
-2896
-3022
-2866
-2815
-2482
-2144
-1809
-1668
-1545
-1058
-725
-407
-255
202
718
1106
1568
2104
2633
2792
2674
2552
2393
1898
1284
324
-345
-1146
-1787
-2147
-2522
-2414
-2487
-2167
-1722
-1195
-483
-31
726
1308
1965
2678
3017
3524
3831
4643
5372
6113
6666
6981
7305
6803
6916
6170
5976
4701
3467
2440
957
-342
-2248
-3573
-4588
-5882
-6920
-7749
-7812
-7748
-7781
-7293
-6629
-5778
-5277
-4698
-3691
-2858
-2190
-1824
-1147
-390
158
436
882
1404
1882
2170
2469
3041
3252
3315
2949
2798
2520
1949
1572
894
434
-330
-1033
-1377
-1876
-2128
-2497
-2697
-2654
-2874
-2702
-2626
-2350
-2200
-2109
-1775
-1300
-907
-587
-335
97
666
1057
1591
2005
2415
2761
2800
2979
2660
2329
1719
863
242
-785
-1164
-1735
-2062
-2210
-2336
-1764
-1546
-829
-197
374
1180
1402
2292
2775
3320
3762
4042
4803
5366
5926
6321
6647
6451
6651
6005
5965
4962
4114
3270
1867
734
-1026
-2149
-3306
-4809
-6037
-7049
-7469
-7661
-7906
-7442
-6954
-6206
-5730
-5168
-4028
-3401
-2559
-2376
-1726
-1150
-833
-236
68
814
1005
1364
1754
2283
2711
2788
2948
2911
2893
2502
2192
1726
1082
330
-404
-995
-1553
-2210
-2644
-2833
-2959
-2872
-2865
-2564
-2363
-2164
-1855
-1590
-1130
-918
-556
-189
160
566
1036
1661
2119
2389
2677
2990
3245
3135
2958
2701
2201
1517
563
-90
-886
-1526
-2156
-2460
-2356
-2250
-1786
-1293
-542
220
761
1472
2034
2788
3321
3790
4173
4717
5143
5660
5882
5891
6223
5842
5892
4947
4661
4010
3032
1602
-31
-966
-2122
-3602
-5125
-6109
-6740
-7336
-7816
-7450
-6855
-6416
-6072
-5448
-4263
-3632
-3079
-2778
-2100
-1610
-1494
-1174
-707
-61
318
673
1244
1998
2498
2907
3093
3190
3147
2821
2710
2188
1656
883
256
-364
-1172
-1830
-2485
-2744
-3259
-3377
-3286
-3071
-2749
-2766
-2239
-2022
-1653
-1393
-1142
-566
-359
85
497
863
1574
1914
2519
2832
3011
3290
3136
3059
2648
2237
1721
981
252
-277
-745
-984
-1411
-1564
-1417
-1270
-766
-395
378
1152
1680
2465
3216
3980
4702
4777
5292
5451
5315
5581
5029
5424
4546
4213
3812
3223
2886
1431
693
-493
-1674
-2878
-4138
-4902
-5685
-6582
-6860
-7103
-6844
-6504
-6209
-5220
-4675
-3820
-3235
-2778
-2017
-1920
-1448
-1384
-1025
-694
-406
95
581
1134
1580
2033
2508
2918
3020
3056
2701
2409
1738
1097
467
-450
-1079
-2025
-2497
-2930
-3204
-3121
-3297
-3044
-2889
-2493
-1967
-1747
-1274
-1137
-868
-571
-262
323
600
918
1372
1764
2328
2641
2953
3184
3054
2901
2636
2318
1955
1234
726
181
-201
-475
-895
-892
-955
-676
-508
-133
398
862
1437
2057
2950
3829
4567
5028
5624
5447
5882
5405
5469
4845
4195
3889
3013
2638
1404
974
56
-784
-1978
-2962
-3673
-4483
-5232
-5869
-6036
-6427
-6496
-6573
-6047
-5527
-5123
-4356
-3975
-3040
-2750
-2004
-1503
-1096
-651
-545
39
383
864
1192
1481
1892
2262
2502
2844
2866
2900
2512
1917
1541
757
213
-890
-1715
-2422
-3052
-3342
-3556
-3469
-3324
-3222
-2867
-2281
-1779
-1260
-1068
-719
-439
-105
388
738
1164
1428
1822
2226
2475
2796
2966
2996
2848
2438
2287
1878
1447
911
393
91
-302
-504
-712
-767
-702
-563
-159
164
752
1283
1932
2651
3405
3981
4732
4908
5454
5535
5573
5574
4838
4804
3910
3658
2468
1702
881
76
-745
-1844
-2461
-3216
-3795
-4475
-4803
-5010
-5247
-5435
-5520
-5285
-5274
-4887
-4759
-4235
-3952
-3482
-2886
-2426
-1750
-1390
-790
-310
211
721
1079
1378
1647
1832
1948
2076
2000
2035
1563
1344
917
421
-79
-1026
-1274
-2178
-2486
-3140
-3188
-3205
-3270
-3075
-2865
-2249
-2011
-1421
-1135
-470
-214
198
625
950
1440
1608
2094
2186
2456
2635
2708
2783
2456
2393
2101
1834
1465
1091
838
420
49
-210
-362
-446
-445
-385
-156
168
715
1325
1904
2668
3258
4019
4252
4712
5158
5179
5398
4746
4882
4227
3928
3048
2410
1729
929
88
-832
-1365
-2127
-2726
-3412
-3714
-3973
-4334
-4590
-4731
-4596
-4751
-4661
-4697
-4368
-4259
-4067
-3649
-3385
-2805
-2490
-1789
-1275
-710
-198
311
817
1175
1539
1697
1867
1764
1757
1559
1301
951
544
80
-610
-1093
-1490
-1833
-2325
-2744
-2762
-2824
-2810
-2798
-2413
-2056
-1852
-1607
-1115
-599
-235
76
508
1024
1350
1717
1955
2271
2384
2401
2533
2391
2426
2152
1923
1699
1379
1320
957
834
596
401
261
170
274
267
326
542
1058
1468
2019
2428
3302
3553
3941
4315
4510
4993
4314
4592
4048
3998
3181
2435
1908
1064
316
-657
-1175
-1809
-2291
-2848
-2994
-3190
-3322
-3476
-3569
-3404
-3653
-3570
-3936
-3810
-3970
-3961
-3741
-3669
-3161
-2997
-2362
-1821
-1133
-560
-71
455
800
1223
1328
1556
1427
1343
1064
705
437
30
-220
-791
-1174
-1600
-1754
-2016
-2262
-2365
-2436
-2340
-2462
-2209
-2035
-1747
-1540
-1244
-810
-424
-56
313
786
1160
1527
1774
2002
2207
2196
2346
2187
2225
1960
1720
1596
1313
1272
898
739
549
394
287
179
237
296
421
631
1052
1446
2019
2334
3052
3371
3736
4150
4112
4715
4115
4506
3976
3969
3393
2698
2313
1517
906
15
-543
-1180
-1709
-2295
-2514
-2721
-2956
-3139
-3320
-3177
-3417
-3313
-3574
-3475
-3688
-3835
-3694
-3717
-3270
-3268
-2731
-2282
-1676
-1067
-487
141
609
1045
1178
1453
1286
1279
929
624
217
-232
-589
-1103
-1320
-1762
-1769
-2155
-2173
-2261
-2294
-2148
-2308
-2072
-2100
-1920
-1880
-1629
-1302
-906
-525
-172
399
883
1455
1768
2143
2427
2552
2589
2451
2367
2121
1749
1507
1263
1182
924
750
626
553
423
389
372
442
459
517
882
1171
1771
2037
2662
3076
3436
4028
3973
4638
4152
4434
3989
3865
3544
2801
2520
1742
1313
463
-109
-653
-1183
-1764
-2115
-2462
-2688
-2947
-3255
-3098
-3457
-3325
-3546
-3527
-3486
-3761
-3419
-3610
-3259
-3256
-2803
-2322
-1886
-1236
-760
-83
356
862
1258
1491
1506
1496
1216
1116
593
213
-298
-803
-1237
-1758
-1973
-2138
-2315
-2408
-2460
-2247
-2158
-2116
-1908
-1779
-1536
-1531
-1228
-861
-572
-268
35
587
976
1363
1704
2072
2296
2349
2406
2375
2229
1838
1610
1209
1063
683
568
403
203
278
98
305
215
362
480
708
1005
1483
1856
2322
2794
3069
3828
3786
4559
4315
4665
4439
4269
4081
3320
3080
2164
1676
760
186
-326
-976
-1450
-1851
-2065
-2451
-2658
-2918
-2856
-3257
-3371
-3547
-3645
-3686
-3994
-3719
-3850
-3553
-3502
-3100
-2583
-2142
-1468
-984
-305
203
725
1090
1429
1480
1589
1297
1122
763
295
-7
-728
-971
-1628
-1788
-2152
-2389
-2362
-2542
-2253
-2363
-2050
-1879
-1710
-1534
-1405
-1065
-845
-616
-346
32
350
774
1078
1478
1732
1921
2155
2172
2254
2156
1971
1771
1375
1237
824
621
314
97
4
-232
-111
-127
-17
180
440
895
1365
1765
2389
2859
3191
3743
3825
4411
4249
4398
4365
4141
4044
3436
3176
2558
2030
1393
810
269
-195
-759
-1103
-1511
-1763
-2072
-2480
-2582
-2946
-3097
-3443
-3683
-3691
-4114
-3967
-4169
-3829
-3691
-3469
-2877
-2468
-1810
-1345
-719
-100
323
683
992
1108
1172
942
884
515
224
-237
-624
-904
-1381
-1510
-1858
-1932
-2107
-2179
-2050
-2008
-1908
-1790
-1640
-1496
-1329
-1166
-828
-626
-341
-21
333
766
1042
1410
1664
1916
2025
2129
2107
2025
1800
1593
1320
1102
842
615
377
84
36
-235
-156
-268
-159
-8
217
657
1164
1620
2183
2736
3073
3670
3742
4324
4196
4350
4220
4085
3921
3366
3105
2542
2148
1475
993
511
83
-418
-797
-1111
-1448
-1683
-2079
-2172
-2559
-2752
-3095
-3407
-3507
-3861
-3800
-4042
-3847
-3735
-3482
-3025
-2638
-1956
-1534
-946
-436
0
438
628
760
836
674
552
320
-56
-177
-753
-913
-1300
-1495
-1606
-1956
-1853
-2036
-1891
-1967
-1822
-1687
-1600
-1471
-1336
-1006
-802
-506
-188
228
591
973
1340
1667
1934
2030
2239
2189
2162
2003
1790
1621
1230
1117
826
619
417
190
146
-69
-50
-110
-21
70
291
598
959
1314
1844
2234
2646
3058
3304
3744
3654
3952
3784
3808
3473
3140
2862
2401
1960
1473
1059
670
208
-101
-349
-606
-901
-1132
-1416
-1575
-2002
-2180
-2514
-2865
-3077
-3497
-3542
-3789
-3750
-3674
-3496
-3119
-2745
-2169
-1684
-1120
-588
-141
210
467
472
567
326
187
-164
-497
-782
-1225
-1469
-1770
-1853
-1986
-2090
-2052
-1994
-1866
-1784
-1634
-1500
-1420
-1345
-1166
-975
-741
-582
-235
122
505
970
1350
1787
2016
2229
2417
2442
2374
2171
1929
1663
1326
1081
812
572
341
152
98
-16
9
42
72
252
394
747
1080
1316
1823
1983
2482
2695
3014
3302
3308
3568
3462
3497
3291
3083
2764
2415
1887
1585
1074
731
334
-43
-199
-537
-658
-879
-1054
-1185
-1549
-1676
-2078
-2304
-2699
-2995
-3198
-3440
-3508
-3505
-3389
-3086
-2789
-2304
-1818
-1352
-797
-430
4
204
287
305
52
-75
-490
-735
-1164
-1494
-1774
-2012
-2082
-2199
-2167
-2116
-2016
-1847
-1689
-1476
-1338
-1207
-1083
-915
-768
-545
-372
-101
191
526
940
1299
1693
2004
2255
2475
2503
2557
2390
2154
1904
1508
1259
839
513
246
-6
-91
-204
-163
-55
54
313
531
884
1269
1454
1970
1954
2509
2490
2829
2918
2961
3157
2947
3039
2775
2760
2431
2239
1832
1577
1164
845
514
156
-31
-395
-575
-892
-1057
-1186
-1513
-1633
-2041
-2108
-2497
-2652
-2864
-3000
-3071
-3149
-3012
-2808
-2561
-2238
-1870
-1503
-1054
-763
-419
-164
-172
35
-296
-171
-623
-720
-1095
-1463
-1591
-2006
-1904
-2202
-2061
-2103
-1959
-1779
-1663
-1360
-1268
-1031
-927
-694
-540
-273
-115
202
474
749
1166
1356
1781
1949
2203
2372
2363
2469
2238
2127
1825
1583
1276
851
571
198
10
-235
-340
-344
-328
-195
53
284
727
1038
1388
1818
1920
2475
2442
2794
2793
2833
3011
2756
2823
2544
2548
2268
2032
1735
1489
1199
851
644
362
224
-128
-318
-541
-744
-882
-1244
-1370
-1791
-1934
-2303
-2462
-2583
-2789
-2810
-2896
-2725
-2538
-2310
-2018
-1705
-1381
-1060
-800
-545
-350
-413
-361
-605
-582
-983
-1205
-1523
-1826
-1993
-2307
-2228
-2353
-2266
-2229
-2006
-1717
-1560
-1305
-1114
-873
-757
-554
-347
-126
-24
244
557
864
1223
1439
1879
2031
2255
2408
2454
2499
2230
2109
1790
1539
1186
824
524
157
-59
-275
-331
-376
-267
-156
123
341
795
1138
1456
1833
1943
2440
2348
2663
2549
2666
2673
2473
2417
2230
2183
1941
1699
1455
1306
1007
742
539
367
209
-122
-261
-454
-565
-852
-1073
-1262
-1554
-1747
-2066
-2117
-2314
-2430
-2473
-2465
-2294
-2142
-1889
-1649
-1404
-1120
-850
-627
-455
-373
-352
-471
-610
-767
-973
-1315
-1623
-1936
-2124
-2352
-2451
-2488
-2487
-2382
-2299
-1976
-1799
-1503
-1327
-1068
-816
-601
-347
-123
148
417
746
1070
1402
1668
1944
2150
2308
2458
2409
2466
2187
2087
1805
1571
1272
855
586
209
-26
-237
-378
-396
-451
-272
-96
199
557
935
1311
1600
1850
2256
2384
2562
2520
2673
2684
2509
2381
2235
2198
1900
1633
1434
1230
955
662
454
369
115
-122
-334
-475
-618
-905
-1097
-1358
-1574
-1830
-2067
-2134
-2277
-2322
-2405
-2334
-2101
-1918
-1642
-1439
-1116
-853
-582
-396
-187
-129
-190
-294
-500
-593
-959
-1209
-1650
-1877
-2201
-2337
-2457
-2532
-2525
-2502
-2315
-2109
-1896
-1666
-1483
-1287
-1074
-824
-590
-337
-167
196
513
927
1273
1620
1991
2201
2441
2540
2633
2552
2313
2145
1825
1565
1193
864
549
181
-65
-233
-333
-416
-470
-348
-149
77
373
724
1174
1538
1818
2175
2544
2830
2896
2932
3113
3135
3000
2656
2537
2394
2056
1619
1256
1051
653
217
-55
-154
-365
-732
-977
-1048
-1115
-1344
-1562
-1746
-1879
-2109
-2223
-2312
-2351
-2378
-2441
-2297
-2092
-1754
-1516
-1274
-955
-612
-345
-102
77
155
21
-101
-225
-396
-759
-1170
-1462
-1773
-2041
-2256
-2355
-2422
-2525
-2496
-2297
-2104
-1932
-1768
-1546
-1355
-1146
-872
-568
-379
-120
188
633
1001
1325
1697
1965
2224
2358
2501
2510
2358
2158
1902
1644
1296
960
576
266
-105
-300
-526
-629
-712
-737
-544
-341
42
296
721
1216
1753
2127
2486
2918
3301
3441
3454
3675
3853
3761
3315
3051
2908
2616
2060
1488
1143
651
124
-341
-565
-789
-1199
-1551
-1739
-1776
-1914
-2137
-2349
-2458
-2575
-2692
-2799
-2773
-2742
-2686
-2616
-2378
-1992
-1636
-1310
-963
-545
-153
123
370
503
519
406
281
121
-199
-607
-956
-1257
-1535
-1839
-1970
-2061
-2151
-2192
-2083
-1875
-1778
-1696
-1571
-1345
-1201
-1012
-810
-502
-303
-4
404
853
1235
1482
1819
2068
2236
2300
2262
2150
1875
1614
1345
1036
673
314
18
-234
-483
-633
-753
-794
-771
-632
-341
3
411
788
1254
1835
2449
2916
3206
3597
3942
4214
4138
4264
4326
4284
3788
3358
3083
2719
2063
1289
729
135
-532
-1194
-1559
-1873
-2279
-2665
-2846
-2820
-2882
-2979
-3079
-3055
-3026
-3056
-3041
-2954
-2756
-2661
-2518
-2262
-1811
-1378
-1050
-677
-234
224
540
776
944
985
926
713
499
186
-177
-605
-1017
-1387
-1664
-1904
-2064
-2193
-2246
-2216
-2152
-1970
-1816
-1587
-1432
-1200
-956
-647
-300
25
324
673
1057
1442
1708
1925
2086
2155
2084
1949
1797
1560
1211
812
513
215
-71
-381
-560
-722
-825
-893
-837
-702
-529
-262
102
520
1015
1470
2079
2695
3374
3783
4151
4611
4958
5222
4983
5064
4892
4721
3927
3322
2762
2182
1278
311
-375
-1085
-1776
-2483
-2814
-3090
-3443
-3761
-3881
-3709
-3691
-3664
-3700
-3538
-3411
-3295
-3111
-2872
-2550
-2373
-2091
-1732
-1162
-738
-415
-102
326
725
938
1073
1163
1141
1009
773
634
308
-30
-518
-847
-1137
-1450
-1658
-1917
-1925
-2124
-2061
-2034
-1811
-1694
-1520
-1285
-1032
-695
-386
75
356
654
943
1371
1660
1735
1807
1828
1775
1499
1283
1073
703
259
-118
-277
-539
-775
-927
-897
-917
-888
-696
-378
-113
86
464
908
1455
1860
2349
2773
3333
3888
4437
4811
5055
5486
5625
5779
5370
5346
4934
4470
3453
2551
1751
815
-256
-1444
-2214
-3037
-3712
-4372
-4622
-4672
-4807
-4896
-4811
-4334
-4044
-3819
-3697
-3334
-3002
-2793
-2559
-2327
-1975
-1811
-1493
-1156
-637
-233
100
449
830
1244
1429
1547
1538
1480
1290
946
700
349
-12
-523
-892
-1131
-1340
-1542
-1717
-1740
-1752
-1648
-1542
-1312
-1123
-884
-692
-461
-173
145
465
588
726
917
1163
1305
1218
1147
1027
903
652
375
120
-264
-591
-877
-938
-1036
-1057
-1010
-858
-568
-217
244
653
995
1317
1760
2227
2693
3045
3412
3797
4135
4654
5075
5554
5537
5700
5708
5788
5363
4733
4223
3505
2578
1219
246
-723
-1720
-3044
-3923
-4523
-4983
-5527
-5803
-5604
-5395
-5173
-4952
-4401
-3857
-3567
-3206
-2916
-2425
-2335
-2183
-2027
-1718
-1429
-1223
-926
-550
-73
285
693
1074
1486
1601
1643
1680
1656
1459
988
749
335
-9
-536
-738
-895
-1196
-1383
-1463
-1206
-1170
-1063
-939
-694
-519
-329
-144
-67
20
50
234
204
198
262
338
376
235
289
269
153
-48
-221
-264
-555
-745
-833
-751
-670
-650
-360
-17
398
756
1237
1694
2155
2412
2780
3104
3438
3729
3836
4217
4315
4701
4820
5133
5319
5092
5174
4746
4683
3809
3060
2310
1403
367
-1063
-1951
-2865
-3679
-4697
-5166
-5556
-5664
-5881
-5644
-5154
-4869
-4409
-4194
-3415
-3042
-2681
-2419
-2317
-1919
-2006
-1725
-1692
-1367
-1165
-960
-660
-217
280
636
921
1192
1583
1573
1669
1459
1538
1169
788
551
238
189
-297
-291
-526
-461
-539
-434
-304
-325
-295
-301
-196
-189
-213
-322
-380
-450
-457
-444
-519
-432
-498
-333
-334
-275
-272
-335
-313
-401
-408
-454
-501
-421
-329
-111
169
478
934
1275
1700
2140
2562
2983
3141
3353
3542
3665
3811
3698
3821
3866
3932
3943
3914
4104
4147
3953
3601
3408
2987
2512
1421
805
-7
-821
-1979
-2958
-3454
-4066
-4582
-5189
-5174
-5115
-5092
-4924
-4629
-4031
-3767
-3483
-3154
-2720
-2419
-2334
-2183
-2044
-1822
-1820
-1597
-1388
-1007
-830
-509
-140
317
687
887
1179
1324
1414
1414
1395
1418
1167
1018
812
849
756
607
585
472
506
352
320
281
118
-38
-277
-390
-529
-676
-808
-969
-1035
-1061
-1039
-997
-950
-873
-769
-690
-501
-427
-300
-259
-158
17
56
283
362
626
815
1107
1513
1823
2154
2450
2767
3126
3312
3438
3504
3435
3420
3217
3165
3028
2857
2773
2619
2611
2514
2537
2482
2308
1821
1609
1195
865
65
-658
-1139
-1726
-2296
-3064
-3352
-3666
-3948
-4327
-4375
-4240
-4174
-4171
-3970
-3641
-3338
-3166
-2974
-2683
-2400
-2286
-2090
-1980
-1694
-1568
-1366
-1210
-869
-539
-273
-6
228
645
889
1113
1296
1444
1604
1607
1681
1643
1642
1584
1462
1340
1151
1069
881
606
346
213
-11
-278
-575
-670
-777
-957
-1082
-1150
-1097
-1209
-1149
-1085
-977
-913
-841
-607
-416
-235
-29
120
375
551
835
1016
1209
1388
1628
1858
2088
2318
2475
2660
2758
2913
2902
2897
2857
2704
2537
2265
2104
1900
1642
1461
1249
1176
1053
1055
922
892
747
816
583
310
164
-175
-308
-1093
-1182
-1569
-1795
-2386
-2801
-2828
-3054
-3269
-3540
-3444
-3453
-3490
-3437
-3113
-2923
-2879
-2793
-2524
-2145
-2114
-1824
-1726
-1415
-1304
-1091
-635
-444
-126
-38
353
629
914
1156
1349
1527
1593
1658
1817
1852
1779
1637
1449
1420
1148
1030
782
540
248
-57
-95
-308
-501
-734
-848
-889
-1011
-1020
-957
-956
-995
-944
-788
-515
-434
-234
-21
267
604
832
1187
1387
1661
1812
1997
2165
2283
2286
2269
2251
2298
2217
2060
1993
1855
1777
1539
1413
1306
1050
876
645
566
428
173
109
-58
-83
-117
-172
-108
-182
-91
-20
-52
-158
-143
-276
-299
-768
-795
-1061
-1207
-1661
-1995
-2053
-2331
-2447
-2800
-2742
-2827
-2909
-2859
-2794
-2520
-2547
-2403
-2174
-1841
-1592
-1360
-1086
-796
-533
-339
10
199
434
448
615
784
878
1015
997
1152
1117
1200
1292
1310
1344
1195
1243
1134
1085
879
805
586
346
100
-39
-130
-347
-482
-586
-506
-584
-529
-435
-278
-171
-107
133
314
562
696
975
1163
1375
1562
1693
1854
1864
1951
1897
1798
1687
1538
1433
1238
1082
909
755
629
498
389
302
160
84
-53
-174
-235
-363
-431
-618
-702
-769
-798
-845
-830
-735
-645
-553
-453
-178
2
98
73
233
177
209
-115
-127
-279
-571
-859
-1260
-1281
-1552
-1825
-2062
-2122
-2177
-2292
-2261
-2038
-1887
-1873
-1733
-1440
-1177
-1126
-964
-753
-666
-630
-634
-348
-344
-314
-249
-46
193
258
491
799
1023
1216
1331
1640
1761
1723
1713
1629
1628
1394
1179
1000
758
588
400
308
278
160
171
139
230
328
353
494
515
561
649
708
903
859
912
995
1037
1160
1127
1223
1175
1064
954
894
823
646
421
261
111
-61
-232
-352
-419
-623
-744
-834
-864
-901
-1044
-1046
-1108
-1114
-1149
-1167
-1070
-1075
-987
-927
-775
-608
-438
-205
-6
226
433
657
793
861
964
958
972
778
689
521
312
6
-343
-611
-934
-1238
-1601
-1798
-2023
-2155
-2277
-2248
-2188
-2118
-1989
-1850
-1629
-1498
-1318
-1124
-1022
-858
-732
-507
-356
-152
90
390
663
920
1286
1577
1854
2013
2242
2399
2464
2441
2396
2375
2159
1991
1750
1583
1337
1012
847
638
485
303
214
180
156
133
160
216
243
267
306
375
376
376
340
359
363
276
276
172
109
5
-123
-146
-333
-421
-618
-703
-826
-953
-1014
-1160
-1207
-1321
-1339
-1339
-1374
-1355
-1345
-1271
-1211
-1120
-973
-847
-730
-565
-408
-178
-44
177
406
565
815
953
1190
1296
1418
1547
1472
1425
1240
1076
793
379
103
-297
-658
-1144
-1467
-1699
-1934
-2139
-2210
-2229
-2225
-2174
-1996
-1725
-1613
-1421
-1233
-965
-787
-611
-323
-178
19
163
491
792
988
1253
1539
1842
2079
2276
2534
2673
2702
2719
2699
2695
2465
2264
2000
1753
1454
1092
867
551
305
57
-88
-160
-264
-316
-332
-287
-275
-234
-222
-174
-252
-274
-324
-353
-437
-572
-625
-731
-793
-879
-884
-926
-969
-1003
-993
-956
-985
-975
-1008
-1001
-1063
-1068
-1105
-1100
-1092
-1121
-1032
-1019
-870
-792
-641
-480
-306
-117
55
224
369
525
628
706
719
721
688
636
564
491
438
341
291
243
202
205
128
129
30
1
-94
-164
-280
-418
-497
-612
-680
-747
-781
-754
-769
-714
-594
-457
-289
-157
65
262
434
583
768
888
982
1019
1093
1165
1180
1217
1262
1300
1339
1380
1430
1476
1480
1476
1464
1396
1300
1182
1019
853
611
409
205
0
-173
-327
-436
-519
-577
-653
-632
-664
-670
-707
-767
-790
-863
-943
-1010
-1096
-1186
-1257
-1314
-1315
-1303
-1299
-1228
-1180
-1060
-952
-848
-738
-663
-565
-514
-435
-392
-349
-303
-296
-261
-234
-175
-148
-115
-70
10
74
142
206
258
304
315
328
317
314
233
165
122
72
2
-73
-111
-142
-178
-190
-145
-106
-68
-4
84
199
288
398
504
629
714
786
912
967
1012
1015
1062
1087
1050
1014
997
958
884
818
797
782
718
660
642
620
568
519
470
414
298
202
123
18
-104
-222
-271
-338
-392
-403
-366
-317
-295
-231
-155
-84
-82
-83
-73
-114
-179
-296
-352
-473
-566
-684
-712
-743
-790
-786
-802
-746
-769
-729
-723
-748
-757
-813
-813
-870
-900
-929
-953
-944
-912
-841
-756
-671
-576
-456
-368
-257
-167
-82
-15
21
61
116
157
199
254
287
351
380
428
487
505
534
529
510
469
417
362
290
224
145
105
69
70
93
124
192
272
374
487
589
679
765
833
887
909
912
912
887
853
824
816
821
821
846
884
927
948
953
972
926
849
711
551
384
134
-91
-330
-530
-730
-900
-986
-1035
-1053
-1036
-969
-884
-803
-727
-642
-585
-568
-559
-558
-585
-608
-629
-618
-601
-567
-493
-396
-293
-197
-85
-3
53
76
77
41
-35
-132
-244
-364
-504
-624
-742
-818
-893
-944
-944
-935
-907
-875
-818
-751
-696
-634
-562
-481
-397
-308
-200
-74
41
169
319
478
616
741
877
984
1074
1131
1183
1204
1192
1168
1127
1079
1016
962
888
816
756
692
635
591
550
507
466
421
390
358
321
294
256
248
222
199
173
155
135
103
72
50
23
-13
-48
-77
-103
-127
-148
-168
-185
-204
-219
-255
-281
-300
-337
-378
-411
-442
-471
-517
-536
-544
-557
-555
-542
-524
-494
-454
-405
-363
-317
-277
-248
-239
-239
-240
-272
-303
-343
-377
-405
-437
-439
-442
-437
-424
-412
-386
-374
-373
-377
-391
-421
-446
-485
-511
-535
-543
-533
-501
-438
-357
-247
-131
13
153
298
433
553
668
747
824
879
918
953
967
985
995
1013
1033
1059
1081
1106
1133
1154
1164
1152
1135
1087
1030
944
852
748
623
511
381
267
159
54
-17
-92
-150
-206
-249
-287
-316
-358
-397
-433
-483
-535
-587
-626
-670
-701
-720
-715
-705
-666
-616
-553
-492
-442
-378
-337
-304
-289
-291
-306
-332
-360
-384
-402
-409
-409
-399
-373
-344
-307
-264
-224
-199
-177
-168
-181
-203
-239
-277
-323
-375
-420
-459
-475
-489
-494
-483
-469
-443
-420
-400
-379
-360
-331
-297
-266
-232
-191
-134
-70
10
94
187
279
382
476
568
654
731
801
860
905
948
977
999
1014
1022
1040
1046
1045
1048
1042
1031
1010
984
953
902
838
762
682
599
510
422
330
241
151
78
12
-57
-110
-162
-205
-252
-296
-338
-383
-424
-453
-481
-508
-525
-544
-538
-535
-525
-508
-488
-461
-442
-415
-394
-377
-369
-367
-365
-382
-390
-405
-421
-437
-465
-478
-486
-498
-506
-497
-502
-493
-488
-479
-465
-461
-453
-439
-424
-408
-392
-374
-355
-340
-326
-304
-288
-270
-254
-237
-209
-190
-162
-140
-113
-84
-56
-14
23
63
105
146
197
249
297
348
405
461
514
569
629
680
730
782
825
864
893
917
931
936
924
901
868
817
765
700
632
568
500
431
369
311
255
201
153
105
63
25
-11
-46
-78
-109
-145
-176
-196
-214
-221
-228
-226
-212
-194
-170
-145
-121
-94
-78
-71
-71
-84
-108
-134
-166
-210
-249
-287
-333
-372
-408
-440
-468
-486
-498
-518
-528
-538
-551
-568
-580
-587
-595
-600
-605
-602
-591
-577
-551
-522
-485
-438
-387
-331
-275
-217
-158
-101
-44
5
50
92
125
152
175
204
222
239
267
292
324
361
395
433
468
505
545
583
618
638
657
674
680
679
668
644
617
584
541
496
442
385
329
269
214
157
92
38
-13
-70
-125
-172
-210
-240
-266
-282
-291
-292
-285
-272
-249
-216
-182
-145
-103
-60
-11
37
80
127
175
208
232
251
254
246
228
202
175
132
79
34
-21
-70
-125
-175
-216
-270
-316
-356
-400
-435
-468
-496
-518
-542
-560
-563
-568
-563
-556
-549
-531
-523
-507
-484
-457
-425
-390
-355
-310
-272
-225
-178
-140
-94
-49
-10
31
69
107
143
167
192
220
252
275
305
340
386
431
474
532
591
644
697
741
772
798
812
812
799
776
741
695
634
567
491
412
335
245
156
66
-29
-110
-199
-286
-361
-434
-489
-535
-577
-598
-614
-615
-599
-566
-532
-481
-418
-345
-264
-178
-89
-5
74
153
224
284
348
390
431
457
473
480
468
448
409
370
313
241
173
99
16
-67
-155
-235
-312
-387
-453
-514
-570
-613
-640
-656
-664
-656
-643
-625
-600
-568
-525
-491
-453
-411
-376
-334
-295
-250
-205
-162
-120
-77
-33
7
48
88
124
156
185
208
231
247
267
281
301
319
333
354
374
395
422
449
477
510
535
562
586
599
611
606
596
582
559
526
488
436
378
322
256
194
127
56
-13
-86
-167
-241
-314
-382
-448
-506
-565
-614
-645
-667
-679
-684
-661
-630
-588
-532
-469
-393
-319
-235
-150
-60
30
113
198
275
336
396
445
482
500
504
502
485
460
417
363
305
238
175
110
43
-22
-92
-157
-219
-277
-330
-375
-413
-455
-484
-503
-514
-521
-516
-502
-488
-462
-431
-393
-344
-288
-237
-178
-115
-53
11
68
121
169
218
260
304
335
369
396
403
415
419
419
417
404
390
383
367
356
348
336
325
312
295
286
273
257
244
226
212
193
175
158
140
116
90
59
21
-8
-42
-81
-115
-156
-192
-231
-270
-300
-337
-369
-392
-414
-432
-440
-440
-430
-418
-399
-372
-338
-298
-251
-204
-154
-104
-54
-4
41
86
126
158
183
207
226
239
248
246
248
239
227
211
180
158
123
88
53
17
-25
-65
-99
-142
-177
-210
-241
-265
-278
-284
-294
-293
-287
-278
-264
-240
-225
-194
-166
-138
-99
-63
-24
15
52
85
124
164
197
233
267
298
320
341
365
375
381
378
370
361
348
333
314
291
271
247
219
196
164
135
108
80
49
13
-17
-46
-73
-102
-128
-158
-188
-211
-232
-248
-263
-276
-281
-290
-286
-283
-282
-273
-260
-249
-237
-219
-196
-173
-149
-127
-100
-74
-45
-13
12
41
64
86
106
124
135
148
156
159
168
164
157
156
145
133
125
109
98
82
64
55
42
34
29
15
8
2
-4
-8
-14
-14
-12
-18
-24
-25
-28
-36
-40
-39
-41
-43
-45
-41
-41
-41
-41
-41
-36
-28
-16
-5
8
18
30
45
56
66
79
90
101
110
118
124
129
129
129
124
116
109
96
81
64
43
21
-1
-20
-46
-76
-99
-124
-146
-164
-178
-191
-204
-215
-217
-223
-225
-222
-227
-230
-226
-227
-221
-218
-213
-202
-191
-170
-150
-129
-103
-81
-59
-29
-6
15
40
60
86
106
122
143
156
173
179
185
194
201
202
203
204
202
196
187
181
173
169
165
154
148
141
135
134
130
126
126
113
108
103
94
92
85
78
69
61
49
34
21
15
-1
-11
-21
-28
-34
-39
-40
-42
-44
-51
-49
-45
-41
-37
-32
-23
-22
-22
-20
-17
-18
-18
-21
-29
-34
-47
-58
-72
-81
-91
-108
-120
-127
-139
-154
-167
-178
-188
-193
-193
-195
-201
-198
-191
-185
-173
-164
-158
-147
-134
-122
-106
-97
-82
-76
-69
-58
-51
-37
-27
-14
-2
1
13
28
35
40
42
43
51
63
75
87
100
110
122
134
145
162
176
190
201
213
223
234
239
248
254
255
252
246
245
237
227
214
199
185
166
143
123
102
76
56
29
11
-2
-23
-36
-50
-58
-64
-74
-79
-80
-83
-78
-75
-70
-59
-58
-53
-46
-41
-35
-32
-33
-33
-36
-46
-56
-67
-79
-95
-112
-130
-138
-155
-168
-179
-192
-195
-197
-196
-189
-181
-178
-171
-169
-161
-151
-145
-133
-126
-119
-104
-95
-88
-81
-68
-57
-48
-39
-28
-20
-19
-16
-20
-17
-12
-17
-18
-16
-13
-12
-5
12
25
44
59
80
102
127
148
172
190
202
219
230
238
240
244
246
243
235
236
231
227
220
209
198
186
171
158
150
136
122
109
94
83
69
58
44
36
30
28
22
16
12
9
4
-1
-4
-9
-12
-20
-27
-41
-54
-68
-79
-93
-107
-122
-136
-146
-160
-174
-181
-188
-196
-204
-208
-206
-211
-206
-199
-194
-189
-180
-166
-154
-141
-129
-115
-100
-92
-82
-68
-58
-51
-45
-42
-43
-46
-53
-61
-71
-80
-87
-99
-105
-112
-115
-117
-116
-110
-108
-103
-92
-79
-64
-35
-14
7
34
57
80
106
130
155
177
202
222
242
260
269
280
293
292
289
290
280
268
255
238
220
204
182
163
140
119
103
87
76
66
60
58
58
60
66
71
79
79
82
82
78
78
77
69
69
68
62
59
52
44
24
5
-14
-36
-59
-85
-111
-140
-165
-187
-210
-230
-250
-265
-273
-286
-290
-298
-299
-295
-293
-283
-262
-243
-224
-205
-189
-174
-158
-135
-115
-106
-91
-77
-60
-45
-35
-22
-18
-14
-9
-8
-7
-4
-5
-12
-15
-14
-12
-17
-18
-14
-13
-6
-1
6
20
32
43
57
71
90
107
118
141
157
176
203
217
231
244
249
252
251
246
250
248
240
235
228
216
208
200
201
188
167
156
140
123
108
98
82
67
50
28
9
-4
-11
-23
-32
-36
-38
-41
-44
-47
-53
-56
-58
-64
-68
-69
-77
-82
-89
-101
-107
-118
-131
-136
-149
-160
