SAMPLES:	6626
BITSPERSAMPLE:	16
CHANNELS:	1
SAMPLERATE:	16000
NORMALIZED:	FALSE
0
0
-2
1
0
1
0
-1
1
4
2
1
2
4
2
1
1
1
1
2
2
3
6
2
1
0
1
0
-3
-2
1
1
2
1
-4
-2
-3
-3
-3
-3
-2
-1
-2
-2
1
-2
-1
-3
-3
-2
-6
-3
-1
0
-3
-3
-4
-5
-4
-5
-1
-2
-5
2
0
-1
2
0
0
0
-1
1
1
3
3
7
6
3
2
4
6
1
3
1
2
2
3
0
-3
2
2
0
0
4
7
1
0
2
1
1
3
5
1
0
1
1
2
1
2
0
-2
-1
1
-2
-3
-5
-3
-1
0
-3
-1
0
-3
-1
-6
-1
0
-1
-1
-1
0
-1
1
0
-3
-2
-2
0
-2
-3
0
-1
-4
-1
1
-2
-1
1
1
1
-3
-1
0
-1
3
4
-3
-1
1
0
-2
0
0
-3
-1
-5
-2
-1
0
0
-2
0
0
3
1
4
0
2
4
2
5
7
5
6
5
3
5
2
-3
-1
0
-1
-2
-1
1
-4
-3
0
1
0
2
1
1
0
1
4
3
2
4
2
-1
-2
-3
-2
-1
-2
-1
-4
-2
-4
-5
-2
0
0
3
1
-5
-3
-2
1
0
1
0
0
2
1
-1
-1
-1
1
0
-1
1
0
-2
-1
1
-3
-5
-3
-2
-4
-1
0
0
-2
-1
1
0
1
0
1
1
1
2
3
3
1
2
2
-2
-1
-2
0
1
3
3
-2
-2
0
2
2
-1
1
2
-1
1
-3
-5
-2
1
1
-2
-1
-1
-1
-2
-3
-1
-1
0
6
4
3
6
6
5
5
6
7
3
3
1
-1
1
3
3
0
3
2
0
3
1
-2
-3
0
-4
-3
-6
-4
1
0
-3
-3
-2
-4
0
2
3
0
-3
-3
0
-4
1
1
-6
-9
-7
-4
-5
-8
-10
-7
-7
0
0
2
1
0
0
3
2
-1
3
4
3
3
0
2
3
2
2
4
4
0
0
2
1
1
1
1
-1
0
4
2
3
0
-1
-1
1
4
2
3
-2
-2
-3
1
2
-2
1
1
-1
1
1
-2
-1
-1
0
2
-1
-4
1
4
4
2
3
3
2
3
1
0
-3
-2
-1
-1
-4
-4
-1
-2
-2
-3
-3
-3
-6
-4
-3
-2
-2
1
3
2
4
0
5
4
4
2
-1
1
1
2
0
0
-5
-2
0
3
2
2
3
2
4
5
0
-2
-2
-1
1
1
1
1
2
2
0
-1
-1
-2
0
-1
-2
2
-2
0
-2
-4
-2
-5
-2
-1
-3
-2
-3
-6
-4
-2
-2
-2
1
1
2
4
2
-2
-2
0
-3
-4
0
2
-2
-2
1
3
3
0
1
2
-2
0
5
3
2
2
0
1
1
2
2
1
2
0
1
0
-2
0
4
1
0
0
-3
-3
1
-3
-5
-1
-1
2
2
-2
0
1
-4
-4
-2
0
1
3
0
0
-1
0
-1
0
-3
0
1
1
6
4
4
1
-1
4
0
-1
-2
1
0
0
0
3
6
1
3
-3
-5
0
-2
0
1
-2
-1
-2
-2
-3
-1
0
1
-3
-3
-4
1
1
-1
-1
-2
-1
1
2
2
4
6
2
-1
1
2
3
1
0
0
-2
1
2
1
3
-1
-2
0
-2
-2
-3
1
3
-5
-2
0
1
-1
-5
-3
-1
-1
0
2
1
-3
-2
-2
-1
-1
-4
-4
-2
1
0
2
-1
2
-1
-1
2
3
1
-1
1
2
3
3
-1
2
2
-1
4
2
4
-2
-1
0
5
4
2
8
4
2
0
7
1
-2
6
7
15
0
-5
1
-3
-22
-24
-9
-3
-8
0
18
15
15
11
42
31
-24
1
23
-17
-33
-20
-13
-37
-40
-30
-8
5
-17
-4
-3
15
35
14
9
21
38
39
-2
14
37
16
114
151
139
102
185
234
278
432
415
490
609
1443
1041
659
1444
1191
473
730
858
-236
-300
-94
-657
-976
-906
-1047
-1320
-1265
-1123
-1308
-1277
-888
-748
-890
-705
-347
-382
-352
61
167
183
414
652
637
579
703
697
640
699
826
852
857
987
1170
960
811
968
876
575
447
455
348
342
387
537
477
405
493
390
306
64
-119
-364
-647
-858
-1172
-1422
-1829
-2280
-2600
-2995
-3520
-3837
-4087
-4687
-5089
-5127
-5381
-5889
-6248
-6567
-7012
-6952
-6701
-6586
-5939
-4929
-4029
-3082
-2051
-1143
-405
261
1171
2075
2872
3696
4773
5830
6572
7478
8081
8113
7833
7130
6714
6946
7376
7516
7648
7893
7864
7752
7056
5695
5139
5316
5384
6490
7192
6778
5838
5028
3946
2864
2404
1619
1105
895
1415
1609
882
263
209
-286
-823
-1799
-3306
-4265
-3934
-3789
-5436
-5732
-5886
-6238
-6708
-7104
-6235
-6674
-7426
-7367
-7005
-7225
-6592
-4908
-4883
-4630
-4430
-4964
-4846
-3938
-3515
-3585
-3044
-3565
-4224
-3803
-3118
-2368
-2172
-2253
-1441
-610
-713
-1339
-1150
-447
-1007
-1419
-100
33
-776
-345
56
-987
-1298
-779
-1622
-1909
-392
1534
1681
1886
2667
2445
1572
1550
1558
2008
2313
2727
2751
2541
3795
4933
5025
4777
5036
5023
4411
3309
3717
4095
4023
4555
5002
4709
3282
2581
2275
1685
851
406
-34
-1064
-1626
-1265
823
1984
1984
1911
1717
1754
830
-799
-1041
-262
-632
59
1172
1949
2232
2009
1915
1329
599
470
959
1078
235
551
1518
1354
1351
1972
2062
1230
932
511
-316
-1003
-798
-520
-1226
-858
121
-278
-1183
-1576
-1563
-1862
-2301
-1620
-1067
-2284
-3292
-2557
-2668
-3054
-2474
-2197
-1612
-1623
-2240
-2794
-3246
-3220
-3816
-4064
-3799
-4080
-4154
-4255
-3672
-3614
-4345
-3845
-1680
-674
-1533
-1286
-935
-1316
-1725
-1188
-996
-1527
-1268
-793
-693
-673
-584
-84
341
411
1348
1451
858
159
-289
129
131
384
752
1265
1496
1840
2573
2111
1471
1286
671
-700
-1265
-1369
-1711
-966
632
974
662
1183
1611
812
700
1543
741
896
1864
2542
2860
3096
3662
3514
3436
3792
3550
2874
2884
2934
2621
2604
2960
2961
3257
3206
3042
3248
2885
2803
2297
1556
1362
1401
1428
399
-709
-1109
-1646
-1932
-1599
-382
513
1230
2164
2916
3403
3671
3420
2916
2403
1642
1192
550
275
408
126
-318
-261
-248
-540
-587
-547
-973
-1771
-1922
-1833
-2616
-3133
-2963
-2956
-3614
-3411
-2972
-3367
-2874
-2156
-1892
-787
537
381
555
773
494
204
-181
-872
-1446
-1474
-1781
-1461
-1668
-2612
-2294
-2200
-2459
-2603
-2767
-3181
-3919
-4073
-4075
-4115
-4716
-5163
-5701
-6594
-7563
-8427
-8942
-9417
-9888
-9887
-9831
-9785
-8640
-6163
-4173
-3280
-1513
544
2299
3800
5744
7827
9180
10524
11964
12949
14111
15065
15349
14900
14979
14394
13337
13489
13191
12584
11634
11124
10546
9890
10078
9633
8803
7916
6749
5708
5079
4215
2812
2622
3294
3138
1656
1361
8880
17383
12359
-4412
-14884
-10973
-15106
-25191
-21505
-13442
-10984
-14907
-16930
-13726
-17594
-25275
-25054
-22117
-24590
-22034
-16473
-17471
-17483
-14641
-13897
-15438
-11639
-12909
-12000
-2655
-3003
-3955
-2443
-5125
-5896
3346
8286
1301
2122
5309
9796
15442
12103
6156
-3893
-10275
-8812
-6700
-5398
-1241
1229
1068
2947
7215
13849
21770
27165
28946
29029
28748
29340
30489
31658
32530
31900
29462
26697
25163
22596
16786
12324
11229
11308
11634
12604
12353
10515
10104
11661
13313
13154
6786
-2256
-5434
-8468
-14014
-17002
-17689
-18142
-18717
-18799
-19331
-20004
-19206
-18311
-18649
-19081
-18732
-17701
-16374
-15343
-14341
-13193
-12390
-12562
-13013
-13359
-14345
-15623
-16369
-17376
-17132
-16283
-16059
-15240
-14090
-13351
-13249
-13014
-14145
-16096
-15680
-13447
-11507
-10222
-8365
-6689
-5277
-3554
-2213
-1902
-2268
-768
1787
3367
4482
5680
6497
7048
8216
9794
10423
10078
9988
10458
10379
10483
11778
13361
14583
15983
17800
19393
20604
21317
21367
21229
21177
20629
19388
18009
16516
15023
13646
12522
11588
10538
10477
10917
10786
10324
10331
10255
9527
8790
7761
5693
3408
1443
-307
-1947
-3501
-4901
-5991
-6959
-8246
-8386
-7755
-7780
-8027
-7641
-7019
-7293
-8087
-8611
-8832
-9091
-9091
-9194
-9169
-8516
-8343
-8320
-8028
-7964
-7791
-7571
-7373
-7747
-7824
-7669
-7981
-8265
-8511
-8700
-9164
-9361
-9163
-8723
-8446
-8588
-8554
-8415
-8251
-7785
-6911
-6389
-5908
-5643
-5079
-4240
-3796
-3287
-2723
-2346
-1974
-1072
-696
-384
461
1385
1868
2244
3492
4220
5015
5907
6742
7549
8204
8604
8712
8782
8560
8152
7738
7725
7726
7167
6693
6405
6268
6324
6721
7068
7165
7576
7843
7406
6531
6218
5672
4537
3623
3177
2690
1958
1616
1798
1602
1083
1416
1490
748
583
1079
1091
1115
1637
1856
1677
1647
1643
1105
427
-96
-838
-1735
-2771
-3922
-5004
-5982
-7236
-8723
-9815
-10831
-11439
-11026
-9909
-8514
-6870
-5346
-3956
-2544
-1260
-198
460
587
701
924
701
695
953
127
-1458
-2400
-2569
-2768
-3098
-3638
-4418
-4818
-4936
-5316
-5519
-5360
-5058
-5121
-5613
-5216
-4448
-3581
-2441
-949
321
1579
2671
3380
4499
5189
5391
5579
6029
6753
7317
7631
7986
8518
8763
8913
8925
8789
8857
8579
8206
8080
8026
7782
7343
6945
6600
6221
5404
4590
4171
3677
2635
1642
1194
345
-1085
-2140
-2586
-2998
-3692
-3905
-3648
-3636
-3462
-3152
-2630
-2135
-1491
-1115
-1092
-789
-736
-1051
-1923
-2041
-2221
-3008
-3627
-4025
-4093
-4591
-4763
-4834
-4795
-4761
-4879
-5156
-5589
-5761
-6186
-6655
-7161
-7339
-7293
-7596
-7538
-7092
-6502
-6293
-6165
-5258
-4452
-4052
-3436
-2215
-1187
-589
113
834
1316
1422
1630
1729
1765
2130
2498
2519
2519
3259
3704
3440
3681
4444
5060
5071
5268
5711
5636
5444
5661
5825
5529
5423
5414
5320
5438
5317
4991
4484
4512
4819
4520
4181
4065
4317
3710
3004
2847
2408
1679
486
-302
-1167
-2087
-2941
-3901
-4490
-5556
-5342
-3889
-1825
-21
1678
5266
8381
10590
12213
13884
15022
13996
12081
9991
7378
3681
-41
-3635
-7197
-9791
-11765
-13170
-14290
-13757
-12575
-12285
-11410
-9570
-7831
-7781
-7518
-6515
-6278
-6878
-7222
-6713
-6792
-6510
-5761
-5222
-4226
-2198
-240
144
820
2434
3023
1790
1601
2167
1114
-765
-1434
-1522
-2871
-3667
-3734
-4058
-4659
-4253
-3414
-3098
-1991
-316
809
1417
3101
4955
5621
5775
6455
7098
6440
5794
5923
5712
4817
4207
4257
4022
3772
4049
4401
4506
4633
4764
4420
4258
4241
3776
2832
2272
2115
1448
580
22
-47
-377
-832
-1056
-1311
-1532
-1921
-2571
-3534
-4463
-5708
-5500
-2927
503
3817
6796
11617
15538
18080
20820
22578
22292
18786
15202
10700
4616
-1069
-6525
-11868
-17136
-19793
-20574
-21020
-19898
-17164
-14219
-12452
-9706
-6335
-4585
-4237
-4104
-4028
-5581
-6940
-7100
-7516
-8128
-8129
-7028
-5864
-4220
-1540
948
2511
4001
6826
9033
9495
8562
7761
6464
3466
1180
-832
-2904
-5732
-7634
-8275
-8900
-8402
-7384
-6168
-5076
-2913
-522
1278
3239
5181
6238
5984
6268
6605
5942
4517
3213
2185
642
-317
-636
-609
-476
-318
553
1377
2621
4157
5267
5527
5338
5562
5266
4581
3387
2334
816
-837
-1565
-2070
-2530
-3100
-3178
-3078
-3857
-4689
-5674
-5245
73
7149
12188
13744
18641
26850
29972
30003
30769
32437
27244
17955
12650
7622
-145
-9631
-15659
-20627
-25453
-26408
-25114
-23329
-21415
-17068
-13854
-12127
-8444
-4341
-3532
-6316
-6349
-5912
-8182
-10645
-10173
-8672
-9920
-9508
-6422
-2801
-499
2068
5178
6431
7731
8950
9607
8617
7471
5788
1795
-1413
-3417
-5082
-8626
-11186
-11467
-11889
-11998
-10899
-8149
-6479
-5024
-2630
88
2508
4395
6149
6430
6622
6830
6086
4591
3263
2376
-30
-2128
-2310
-1646
-1719
-1752
-399
1005
1759
2806
4582
5587
5644
5180
5029
4732
3984
2669
614
-535
-1682
-2427
-3049
-2853
-2537
-2558
-2976
-3547
-3894
1040
11229
16352
17186
18691
27613
32474
29903
30033
31337
28876
16787
9903
7198
173
-8802
-16377
-18493
-23512
-25054
-23072
-21048
-18741
-16352
-11825
-11187
-8489
-4424
-3129
-5637
-7901
-5886
-7675
-10242
-10089
-7471
-7055
-8290
-4831
-554
2487
4064
6666
8457
7926
7792
6678
4878
1969
-398
-1788
-4052
-5045
-5886
-6224
-7018
-7907
-6934
-6868
-6689
-6741
-5706
-5240
-5322
-3731
-2356
-845
68
1966
3502
4464
5582
5669
5355
4303
3336
1329
-467
-1246
-2168
-2854
-2914
-1491
-596
24
1522
3162
4035
4137
4800
4947
3740
2461
1785
797
-579
-1719
-1961
-2673
-2939
-3040
-3029
-3838
-1027
9514
15760
17372
17422
25312
32327
29025
28076
28750
28765
17353
8160
6454
487
-7423
-16078
-17299
-20891
-23553
-21528
-19664
-16708
-15354
-10930
-9904
-8301
-4537
-3163
-4535
-7470
-5591
-6494
-8645
-8517
-6225
-4334
-5400
-2255
1565
4607
6319
7754
9361
8153
7421
5485
2976
73
-3063
-6171
-9612
-9991
-8359
-7726
-7892
-6596
-3819
-2660
-2676
-892
262
-1118
-2983
-2795
-2364
-3115
-2916
-2026
-1626
-958
1147
2609
3189
4209
4604
2989
1520
2117
1608
-674
-1929
-1239
-1183
-2151
-1283
579
1218
886
1349
2448
2517
2001
1337
931
272
-458
-949
-1163
-1193
-1918
-2924
-1130
7420
15066
17460
17693
23848
31967
30857
28686
28934
29312
20341
9089
5672
1089
-6498
-15758
-19123
-21111
-23903
-22876
-20771
-17232
-14859
-11493
-9461
-7666
-3981
-2393
-3490
-5907
-5079
-5505
-7541
-7321
-4873
-2822
-3185
-612
3462
6475
8129
9322
10344
8864
7074
4726
1620
-1762
-5300
-8738
-12044
-13008
-11252
-9343
-8686
-6960
-3943
-1379
-779
422
2253
1279
-1146
-2519
-2114
-2947
-3968
-3536
-3064
-2457
-1038
1192
2488
3587
4433
3684
2302
2409
2639
531
-1569
-1695
-1573
-2860
-2930
-1063
-139
-681
-591
803
1448
1154
1009
885
413
-307
-617
-1186
-1627
-1695
2262
10361
15498
17126
18932
27449
32615
30038
28478
28960
27161
15478
7332
4486
-1435
-10801
-18731
-19631
-22220
-23853
-22317
-18985
-15842
-13828
-9908
-7668
-4977
-2543
-1850
-3417
-4950
-4113
-5153
-5923
-5097
-2888
-1854
-1165
2420
5624
7837
9048
9914
9527
7460
5708
2711
-940
-4650
-7732
-9429
-11131
-11161
-10757
-9336
-7581
-6442
-4138
-2488
-982
-916
-775
-756
-1634
-1962
-2417
-2264
-2461
-1709
-849
30
1509
2455
3061
2825
3015
2241
984
404
-270
-1479
-2876
-2545
-2304
-2475
-2101
-754
126
-134
582
1257
1146
225
50
-35
-1001
-1793
-2189
-1897
210
7335
14099
16912
18450
24385
31913
31478
29486
29352
28411
20163
9705
5557
651
-7258
-16125
-19781
-20994
-23034
-22472
-20181
-16385
-13793
-11289
-8709
-5979
-3058
-2496
-3426
-4649
-4549
-5130
-5889
-4836
-3185
-1665
-489
2441
5849
8341
10311
10936
10403
8595
6597
3813
-248
-3929
-7712
-11250
-13981
-13577
-11212
-10420
-8830
-5980
-2171
-915
134
2845
2644
483
-1546
-1262
-2537
-4486
-4109
-3715
-3827
-3213
-201
1560
2359
3964
4641
3462
2413
3113
1862
-833
-2239
-2524
-3649
-4841
-3517
-2148
-2237
-2168
-926
328
336
577
725
536
-223
-1223
-1739
-1798
740
6858
12686
15839
17980
23513
31025
32097
30214
29433
28600
21868
11352
6475
2282
-5493
-15135
-19852
-20587
-22716
-23123
-21020
-17263
-14966
-12920
-9760
-6433
-3714
-3131
-3587
-4528
-4483
-4776
-5197
-4229
-2793
-1451
-418
2617
6369
8854
10517
11410
11779
10251
8165
5584
2094
-1799
-6233
-9745
-12241
-13021
-13235
-13273
-12098
-10114
-7919
-6113
-3557
-1179
-294
-274
-15
733
558
91
-133
-109
-108
-12
789
1521
2022
1908
1501
1156
993
960
111
-945
-1367
-1426
-1694
-1987
-1239
-565
-968
-1344
-966
-444
-1032
-1549
-1644
-1857
-2618
-2996
-1893
1502
8493
13860
16742
19044
25196
31537
30677
29243
28533
26704
18408
9377
6004
947
-6697
-14712
-17659
-18786
-20565
-20119
-18323
-15448
-13901
-12240
-10322
-7640
-5261
-5429
-6399
-6775
-5866
-5980
-5762
-3702
-1582
-83
1377
4816
8217
10101
11297
11326
11237
9640
7329
4309
948
-2012
-6396
-9653
-11307
-11328
-11829
-12283
-10590
-8817
-7325
-6063
-3554
-1750
-1547
-1444
-969
-271
-424
-305
-213
-52
242
642
1332
1748
2288
2008
1248
862
889
873
-270
-1102
-1246
-1393
-1785
-1909
-1180
-895
-1270
-1614
-1390
-1409
-1810
-2313
-2494
-2866
-3148
-2405
7
6644
12881
16380
18247
23113
30470
31056
29085
27996
27080
20615
10767
6381
2378
-4148
-12279
-16476
-17434
-19019
-19046
-17723
-15074
-13275
-11967
-10623
-8616
-6292
-6106
-7244
-8169
-7346
-6867
-6510
-4388
-1878
194
1845
5004
8647
10641
11970
12111
11564
9670
7221
4665
1237
-2008
-6007
-9029
-10776
-11183
-11195
-11425
-10275
-8865
-7248
-5826
-3917
-2251
-1940
-1905
-1678
-867
-683
-597
-388
-120
257
604
1423
1831
2037
1838
1225
700
433
479
-301
-1352
-1702
-1450
-1434
-1548
-875
-287
-564
-1163
-882
-703
-1442
-2332
-2660
-2791
-3486
-3051
-857
5278
11949
15810
18098
22264
29778
31540
29224
27648
26561
21086
10950
5448
1968
-4071
-12019
-16670
-17211
-18060
-18150
-16914
-14205
-12178
-11123
-10233
-8685
-6448
-6377
-7941
-9179
-8463
-7611
-7225
-5081
-2126
412
2419
5495
9346
11598
12711
12461
10976
8652
5800
2793
-959
-4566
-7881
-10838
-12061
-10256
-7988
-7061
-5963
-3361
-922
-881
-105
883
-446
-3382
-4852
-4332
-5041
-5496
-4464
-3382
-2521
-553
2390
3879
4552
5254
4543
2672
1848
1486
-616
-3227
-4051
-4181
-4785
-4428
-2788
-1759
-1422
-655
481
1069
1067
902
-70
-1229
-1895
-2869
-3216
-2523
1490
8519
13631
17200
20086
27073
32486
31227
28802
27048
24435
15203
5986
1864
-2892
-10398
-17436
-18900
-18378
-18718
-17867
-15063
-11748
-10275
-9549
-8589
-6607
-6066
-7758
-9658
-9895
-8723
-8358
-6664
-3216
190
2970
5934
10185
13248
14263
14122
12429
10202
6911
3227
-855
-4691
-7543
-10739
-12505
-12072
-10348
-9419
-8556
-6153
-3938
-2832
-1961
-493
-208
-1305
-2081
-2081
-1783
-1891
-1548
-1167
-329
903
1800
2528
3078
3387
2444
1179
729
268
-858
-2089
-2550
-2596
-2819
-2599
-2034
-1320
-724
-672
-565
-236
-55
-616
-1496
-1680
-1830
-2480
-2858
-1762
1205
7739
14216
18014
19969
24485
30886
30753
27561
25274
23151
15958
5868
1105
-2266
-7846
-14428
-17403
-16698
-16487
-15960
-14557
-11692
-9883
-10256
-10882
-9709
-8161
-9541
-11594
-11574
-9716
-8428
-6534
-2210
2018
4978
7491
10815
13802
14495
13815
11490
8304
4594
1052
-1435
-4124
-6672
-9121
-9975
-9268
-8202
-6837
-6029
-5390
-5099
-4456
-3728
-3409
-3095
-3276
-3672
-3566
-2074
-440
490
1416
2340
2934
3192
3840
3963
2882
1502
136
-1034
-1816
-1850
-2074
-2728
-2807
-2222
-1791
-1604
-987
-427
-759
-1291
-1318
-1087
-1422
-2021
-2444
-2438
-2145
-2139
-1062
1617
8425
14959
18702
20801
24368
30040
30265
27227
24087
21327
15419
6027
439
-2573
-6655
-12381
-16058
-15302
-14427
-14245
-13829
-11621
-10061
-11017
-12475
-12132
-10756
-11553
-12890
-12659
-10407
-7973
-5311
-844
3830
7322
9518
11602
13860
14106
12548
9561
6142
3073
25
-2704
-5266
-6868
-7463
-8151
-8168
-6699
-5084
-4915
-5460
-4901
-4282
-4868
-5106
-4269
-3816
-3976
-3371
-1464
332
1578
2754
3508
3979
4277
4104
3368
2485
1678
257
-1136
-1434
-1381
-1845
-2368
-2033
-1555
-1676
-1760
-1551
-1362
-1603
-1989
-2042
-1835
-1810
-2054
-1939
-1474
-1092
-908
-501
694
2760
8874
15450
19186
20095
22614
28060
28240
24860
21519
19403
14108
5030
-361
-2508
-5615
-10982
-14747
-13883
-12840
-13415
-13737
-11856
-10524
-12182
-14127
-13555
-12031
-12506
-13171
-12069
-9178
-6358
-3352
1162
5833
9012
10364
11443
12892
12386
10047
6944
4065
1289
-1727
-3551
-4864
-5485
-5878
-6175
-5907
-4913
-3956
-4352
-5060
-5055
-5150
-5989
-6129
-4844
-4016
-3826
-2762
-468
1402
2281
3309
4196
4260
3633
3209
2776
1925
966
125
-546
-882
-831
-870
-1184
-1172
-1028
-1518
-2142
-2144
-1937
-2395
-2806
-2599
-2113
-1989
-1722
-1018
-457
-318
100
369
877
1574
5287
12488
17329
19156
19516
24321
28067
25751
21885
19460
16875
8849
817
-1716
-3403
-8259
-13464
-14148
-12441
-12949
-13598
-12431
-10816
-11650
-13612
-14206
-13075
-12570
-12957
-12422
-10145
-6805
-3978
-287
4446
8240
9953
10623
11451
11441
9305
6715
3961
783
-2441
-4649
-5426
-5930
-6142
-5899
-5556
-4786
-3981
-3459
-3359
-1929
-605
-952
-1565
-934
362
-950
-1716
-1035
-755
-1909
-2096
-324
288
-301
288
1493
1701
2021
2923
3090
2094
1718
1364
-285
-1684
-1834
-2608
-4164
-4573
-3607
-3347
-3156
-1874
-385
-82
95
1114
1305
978
570
378
-255
-721
-701
-457
165
6114
13991
18347
19349
20934
26710
27676
24053
19799
16806
12144
3024
-3246
-5682
-6559
-9868
-14052
-12496
-9873
-10320
-10765
-9969
-9589
-11258
-13231
-14003
-13651
-13292
-13129
-12864
-9272
-4892
-1575
2706
7323
9778
10207
10694
10077
7947
5248
3001
-316
-3009
-3474
-3151
-2985
-3044
-2110
-1067
-999
-1476
-2072
-2666
-4455
-6546
-7430
-7152
-6956
-6314
-4579
-2527
-800
866
2695
3530
3706
3566
2838
1950
1460
1050
243
0
644
815
753
1139
1407
492
-510
-681
-1166
-2257
-2862
-2663
-2600
-2320
-1413
-335
199
670
999
1031
851
796
544
-141
-627
-795
-850
1713
9401
15946
18700
18367
22144
26788
25317
20920
16884
14250
7273
-907
-4719
-5437
-7224
-10764
-12676
-11352
-9456
-9098
-9721
-10148
-10576
-12228
-14898
-15559
-14430
-13182
-12753
-11359
-6980
-2376
1678
4906
7947
9838
9905
8942
7701
6034
3647
1081
-901
-1481
-1508
-1219
-1042
-648
-141
-444
-1392
-2688
-3792
-5177
-6971
-8104
-7972
-6816
-5694
-4257
-2309
-248
1196
2007
2660
2721
2157
1170
356
-136
-255
-114
155
758
1554
2141
2311
2203
1635
574
-482
-1158
-1633
-2204
-2395
-2092
-1426
-718
53
855
1231
1214
816
455
-2
-280
-714
-985
-1087
-672
-504
2601
10387
16768
19672
18579
21420
24806
23424
18699
13648
11126
5608
-1296
-5423
-5593
-5459
-7791
-10315
-9979
-7941
-7562
-9127
-10842
-11702
-12917
-15610
-16448
-15002
-12567
-10956
-9668
-5899
-1329
2789
5283
6960
8028
7829
6523
4966
3549
2373
824
-375
1
605
1600
1413
1450
1160
-104
-1579
-3507
-4965
-6280
-7257
-7826
-7532
-6229
-4293
-2920
-1818
-583
432
837
463
30
-167
-543
-647
-525
292
1488
2486
3215
3627
3963
3810
2917
1315
-193
-1197
-1747
-2252
-2398
-1885
-1146
-470
79
782
1468
1401
663
-103
-546
-722
-1209
-1376
-1057
-215
413
886
1056
3131
9588
15321
18493
16718
17282
20499
20473
16962
11591
9840
6787
1429
-3097
-4097
-3227
-4516
-7546
-9412
-8850
-8168
-9031
-11275
-12941
-13251
-14316
-15075
-14535
-11843
-8908
-7684
-5727
-2853
1037
3768
4922
5154
4858
4691
4111
3042
2118
2099
1972
1313
1277
2599
4104
3118
1152
-386
-1283
-2624
-4838
-6182
-6887
-7008
-7051
-6618
-5342
-3485
-2186
-1960
-2169
-1640
-561
-342
-770
-567
372
1278
1743
2561
3743
4476
4492
3810
3082
2378
1550
106
-1372
-1813
-1291
-915
-689
-102
1004
1598
1425
1257
991
658
-244
-915
-1562
-1740
-1192
-540
224
582
1571
2025
1913
1500
4846
10570
15086
15717
13543
15651
17648
17861
13907
10309
9134
5747
775
-4172
-5236
-4715
-6048
-8960
-11256
-10700
-9280
-9021
-10597
-12220
-12307
-12230
-12219
-12422
-10539
-7851
-5649
-4398
-3048
235
3402
5357
5053
4171
4246
4342
3838
2635
2344
2855
2884
2236
1842
2287
2311
1310
-663
-2630
-3988
-4710
-5236
-6104
-6709
-6489
-5479
-4646
-3985
-2797
-1574
-907
-1054
-1047
-357
484
1061
1214
1445
1968
2916
3622
3813
3703
3459
2987
1894
626
-333
-801
-962
-1125
-1111
-700
-5
544
461
267
281
205
-267
-856
-1040
-699
-374
-153
342
901
1728
2180
2481
2295
1789
1124
2507
6880
11717
14618
13509
13547
14749
15749
14489
10573
7442
3917
848
-1834
-3800
-4578
-5080
-5384
-6612
-7916
-8239
-7882
-7812
-9637
-11390
-12476
-12119
-10913
-9761
-8170
-6328
-3965
-2116
-719
756
2504
3561
3058
1941
1042
1127
1569
1782
1814
1381
1428
1561
1444
876
-110
-975
-2256
-3164
-3327
-2631
-1601
-1333
-1090
-1413
-1518
-1338
-1560
-2017
-3142
-3659
-3580
-2995
-2088
-851
533
1598
2479
2998
3455
3780
3691
3034
1749
564
-96
-559
-945
-1148
-1181
-1041
-588
30
746
1008
862
582
117
-251
-329
-227
16
184
407
785
1213
1569
1869
1793
1529
1150
688
145
-382
-742
445
4088
9126
13469
14593
14371
13972
13775
12876
10130
6712
2886
98
-1619
-2599
-3109
-3315
-2836
-3031
-3771
-4835
-5616
-6246
-7802
-9234
-10615
-11118
-10803
-9839
-8105
-6364
-4352
-2736
-1587
-1115
-906
-658
-719
-866
-1442
-1795
-1526
-653
811
1975
2793
3185
3101
2651
1820
702
-575
-1686
-2524
-2305
-1404
141
1362
1665
1247
142
-905
-2196
-3377
-4590
-5155
-5003
-4269
-3030
-1738
-99
1102
2021
2627
2744
2666
2046
1576
968
374
-22
-117
177
375
749
967
1257
1435
1542
1662
1438
1240
900
612
446
397
598
756
980
1130
1227
1151
1000
840
527
434
435
771
1030
1136
1140
844
681
1157
2973
5673
8317
9968
10577
10412
9560
8263
6531
4731
3048
1725
942
456
-32
-651
-1337
-2079
-2903
-3876
-4847
-5728
-6590
-7389
-8079
-8458
-8372
-7934
-7232
-6296
-5232
-4182
-3374
-2996
-2918
-3067
-3174
-3043
-2616
-1970
-1196
-425
290
1030
1613
2082
2198
2016
1623
1088
554
29
-459
-922
-1106
-1124
-993
-822
-746
-642
-858
-1237
-1576
-1822
-1804
-1732
-1415
-793
33
746
1202
1592
1715
1665
1208
749
454
500
1088
1704
2295
2689
2775
2569
2363
2201
1811
1351
1404
1496
1326
763
495
1223
1834
1865
1624
1460
1320
1303
1191
778
522
582
574
665
1116
1480
1486
1412
1437
1337
1270
1267
1087
661
196
-296
-814
-1235
-1365
-1183
-756
-270
226
764
1080
1179
1056
857
433
-120
-488
-671
-579
-310
70
494
877
1018
929
652
111
-607
-1385
-2009
-2443
-2747
-2843
-2794
-2650
-2478
-2320
-2189
-2225
-2373
-2633
-2865
-3056
-3139
-3092
-2885
-2531
-2161
-1752
-1343
-920
-708
-524
-466
-487
-599
-799
-726
-580
-357
-153
208
742
1180
1464
1522
1479
1271
943
629
463
660
870
1109
1370
1401
1427
1515
1490
1295
1127
708
379
465
894
1280
1159
1133
1275
1234
1288
1543
1744
1736
1515
1557
1608
1447
1320
1248
1242
1195
1034
933
1011
801
509
330
82
-227
-471
-414
-308
-434
-550
-492
-526
-649
-740
-682
-590
-503
-360
-222
-76
-58
-52
-44
79
131
71
14
-98
-115
-30
114
117
94
135
122
-18
-216
-433
-637
-758
-821
-744
-735
-740
-728
-772
-764
-794
-890
-988
-1051
-1154
-1258
-1310
-1295
-1172
-1090
-1006
-945
-842
-676
-531
-443
-503
-655
-980
-1223
-1154
-922
-626
-482
-536
-626
-1032
-1189
-825
-621
-398
-127
-184
-329
208
543
298
543
1139
1031
436
634
958
1108
1738
1861
1193
775
1399
2077
1870
1607
1877
1806
1275
690
451
589
383
400
859
780
291
35
412
589
403
96
202
853
974
853
743
586
274
575
1132
864
618
570
835
1118
1270
985
429
78
-52
-27
-214
-476
-566
-752
-1080
-1303
-1416
-1488
-1530
-1693
-1408
-1227
-1688
-1764
-1260
-1168
-1493
-1306
-1025
-920
-880
-784
-654
-380
-26
33
-7
-40
169
388
445
455
402
166
-31
-21
-89
-67
85
18
-271
-272
-190
-374
-563
-714
-826
-733
-565
-641
-459
-129
-131
-132
28
-356
-416
393
237
-282
-216
617
693
433
538
1142
1590
1258
817
353
342
451
645
498
237
301
378
27
-667
-840
-373
-216
-510
-246
264
282
-28
124
847
892
540
335
325
396
968
1312
1391
1340
1322
1370
1140
1300
1440
931
180
-382
-824
-735
130
197
-436
-180
204
-482
-1030
-970
-1194
-1115
-1038
-967
-969
-862
-814
-1226
-1167
-736
-616
-240
2
-252
-344
-578
-490
-94
-53
376
1114
831
229
149
-351
-810
-123
372
340
694
653
250
24
-138
-613
-980
-656
-380
-407
-13
345
160
77
70
-10
-63
-101
-25
150
219
261
180
146
525
675
280
338
707
522
270
22
-679
-1168
-725
-215
-256
-114
348
582
347
29
-388
-918
-781
-574
-548
-204
204
485
756
980
1175
920
308
128
225
3
-71
273
294
326
584
571
552
382
14
54
-464
-1174
-1012
-549
-163
-231
-438
23
284
-31
-181
-551
-932
-871
-808
-774
-704
-409
29
230
468
365
-243
212
398
-287
-214
348
435
209
562
525
618
1120
958
551
75
59
17
-15
-33
-514
-166
442
368
97
422
549
-211
-907
-1000
-913
-427
592
626
184
727
1041
486
-80
-329
5
68
-112
-280
-438
9
531
433
134
327
341
-288
-679
-466
-201
-72
108
94
0
-58
145
91
-161
226
282
-246
-378
-271
-259
-232
-53
-183
-496
-483
-128
-8
-127
-255
-323
-302
-428
-734
-616
-350
-328
-32
105
-205
-276
95
311
-111
-280
-22
-179
-340
-109
377
280
-114
-348
-625
-594
-170
21
-347
-364
-15
200
206
-221
-212
414
868
432
-113
3
291
840
709
328
686
931
712
432
216
138
93
1
383
778
566
19
-58
379
569
600
639
121
-494
-430
-53
-258
-392
68
126
-141
268
367
-109
-174
69
-42
-531
-874
-685
-378
-50
345
380
361
364
506
393
-79
-287
74
510
272
-60
-177
15
315
493
388
-262
-749
-843
-469
-139
-212
-372
-729
-1106
-805
-400
-537
-533
-488
-372
-152
-571
-770
-369
105
-32
-277
-289
-264
-305
-413
97
97
-277
-307
-276
-93
57
-176
-485
-130
429
306
-193
-307
-90
131
193
297
107
261
681
664
203
-10
322
185
504
630
484
780
655
403
519
881
597
246
470
338
357
408
305
451
435
359
223
349
142
16
263
-89
-379
-496
-220
-25
-202
1
-120
-519
-683
-526
-374
-261
-106
-231
-210
14
197
104
-111
-146
88
263
101
-22
-79
-299
276
250
-398
-362
-285
-220
-246
-252
-216
-179
-226
-335
-778
-554
-527
-493
-308
-315
229
158
-57
-491
-501
-71
67
-17
-119
188
-34
-170
188
289
43
53
111
-207
-224
-63
-164
131
325
-182
-323
-69
191
-58
-89
-18
-182
-156
-23
-17
-157
-85
153
254
-194
-212
280
409
473
528
584
503
438
509
361
262
505
951
802
463
444
324
433
650
351
55
183
132
-23
-86
-166
-226
-82
55
-135
-279
-148
-92
-46
51
11
-107
-85
-62
-229
-215
-88
88
105
-88
-61
8
-61
-153
-305
-620
-611
-396
-552
-677
-393
-246
-275
-17
-51
-354
-388
-378
-484
-486
-350
-407
-496
-289
-66
-156
-274
-231
-112
-50
-221
-336
-171
131
210
84
30
149
353
323
211
50
42
144
10
-53
156
284
278
464
509
308
264
346
413
408
335
263
237
309
372
450
490
423
367
242
307
555
471
217
242
369
307
263
239
145
82
-41
-165
-126
-85
-134
-154
-282
-333
-336
-335
-272
-431
-493
-415
-313
-218
-178
-41
13
-244
-321
105
102
-103
65
134
28
-52
21
154
180
53
87
132
72
9
-21
1
-204
-317
-215
-192
-245
-218
-245
-312
-329
-382
-251
-199
-347
-371
-416
-484
-358
-225
-171
-137
-250
-264
-58
-43
-104
-52
-2
132
87
8
161
255
264
297
385
341
241
242
256
384
402
188
-13
-99
30
246
341
299
321
417
396
335
360
466
445
408
526
504
355
339
440
493
441
377
333
261
275
331
206
35
-71
-225
-226
-113
-184
-321
-352
-352
-362
-348
-392
-393
-386
-437
-423
-362
-390
-521
-466
-291
-249
-162
-68
-147
-196
-126
-124
-166
-151
-147
-134
-42
0
-56
-91
-21
68
153
140
-24
-128
-170
-170
-127
-59
23
59
75
16
-118
-165
-145
-200
-285
-246
-216
-192
-67
-15
34
141
225
235
165
81
27
72
190
270
274
282
289
262
244
180
111
142
178
189
211
138
35
70
181
217
136
44
96
183
111
14
54
110
135
215
262
241
234
218
198
197
145
75
60
57
56
43
12
1
30
45
1
-11
60
134
76
-65
-132
-129
-113
-69
-47
-119
-184
-156
-127
-152
-195
-215
-243
-248
-240
-294
-390
-408
-305
-206
-176
-187
-234
-255
-216
-202
-280
-366
-353
-245
-124
-90
-135
-173
-176
-170
-164
-165
-170
-137
-58
-6
18
47
67
79
113
151
147
127
133
176
208
197
185
208
266
323
380
444
441
327
198
134
137
172
191
169
134
133
154
168
166
160
149
151
145
79
-11
-28
17
59
79
94
71
27
9
14
25
52
97
104
81
53
38
32
53
83
72
23
-20
-44
-72
-89
-84
-66
-66
-92
-130
-161
-167
-157
-159
-169
-174
-186
-208
-207
-179
-160
-161
-164
-155
-149
-144
-148
-143
-121
-101
-116
-144
-154
-169
-196
-225
-236
-221
-190
-165
-167
-180
-185
-184
-196
-216
-223
-212
-181
-136
-81
-33
3
36
79
137
193
223
225
221
225
233
258
296
336
364
373
355
312
275
256
241
212
179
144
112
82
60
41
18
3
-17
-46
-64
-54
-27
-5
11
26
53
86
123
152
169
188
210
231
246
250
243
239
232
208
181
159
142
115
74
31
-9
-45
-84
-124
-171
-215
-248
-273
-288
-300
-309
-316
-325
-327
-325
-328
-323
-312
-297
-280
-269
-265
-261
-246
-220
-192
-169
-145
-125
-106
-83
-69
-75
-93
-103
-106
-101
-102
-111
-111
-98
-76
-58
-53
-55
-50
-42
-25
-3
20
49
83
118
145
173
208
241
269
282
282
284
292
296
291
276
256
230
201
172
137
104
71
40
14
-4
-15
-15
-12
-4
11
24
35
52
72
99
129
156
173
190
202
211
215
209
196
171
146
117
87
60
34
5
-28
-65
-93
-116
-134
-146
-154
-160
-155
-145
-140
-140
-144
-147
-158
-167
-178
-187
-192
-200
-198
-197
-193
-189
-190
-189
-192
-194
-196
-197
-193
-188
-183
-178
-170
-166
-157
-144
-134
-117
-102
-82
-64
-43
-23
-4
11
23
38
47
58
74
94
112
136
155
170
185
193
200
202
204
206
199
183
159
132
103
69
39
11
-9
-21
-25
-23
-16
-2
12
25
32
40
48
56
63
73
90
101
119
138
153
175
188
200
209
208
204
190
169
144
114
83
55
30
10
-8
-20
-25
-34
-37
-41
-53
-65
-84
-102
-121
-143
-158
-173
-183
-184
-193
-195
-187
-182
-173
-168
-159
-156
-156
-149
-151
-150
-145
-149
-143
-146
-147
-141
-137
-132
-125
-113
-96
-79
-63
-45
-31
-17
-7
1
10
16
24
33
38
49
55
64
72
79
88
86
84
79
70
66
60
53
50
44
46
48
53
64
73
87
99
105
115
122
123
125
126
126
131
135
137
142
144
147
149
146
138
125
108
85
57
30
7
-17
-38
-54
-62
-71
-73
-74
-77
-80
-86
-91
-94
-99
-105
-104
-101
-96
-90
-81
-70
-59
-49
-37
-26
-20
-13
-3
2
8
11
16
20
19
15
12
8
-5
-17
-30
-42
-55
-65
-71
-77
-82
-84
-85
-86
-85
-82
-83
-78
-75
-70
-62
-50
-39
-24
-11
4
14
23
31
32
28
22
18
9
-2
-11
-17
-19
-23
-24
-21
-12
-5
2
6
12
16
21
24
28
38
48
56
69
84
101
114
127
132
132
129
121
111
94
75
55
39
26
15
6
1
-6
-11
-16
-23
-29
-37
-43
-51
-54
-55
-53
-48
-40
-32
-24
-16
-12
-6
-6
-8
-12
-15
-17
-19
-20
-21
-15
-12
-6
-3
1
0
0
-2
-6
-7
-12
-14
-14
-16
-18
-16
-13
-11
-10
-10
-6
-7
-5
-7
-10
-12
-10
-13
-13
-11
-10
-3
-3
2
1
1
-1
1
0
1
-3
-3
3
4
11
11
16
20
23
20
16
11
8
2
-4
-3
-5
-4
-2
3
9
14
19
20
20
15
9
3
-1
-6
-9
-13
-10
-8
-8
-4
-1
1
0
0
-6
-8
-12
-15
-13
-11
-7
-3
2
10
17
19
22
26
28
27
22
18
15
12
8
7
6
7
10
8
11
10
5
2
-4
-7
-11
-13
-13
-15
-15
-14
-16
-15
-11
-13
-12
-11
-10
-11
-10
-11
-11
-12
-11
-12
-10
-9
-10
-6
-4
-3
-2
-2
2
5
9
10
13
14
17
16
17
18
17
19
15
9
12
16
14
14
15
16
18
15
10
11
10
4
0
-6
-8
-5
-6
-10
-12
-10
-8
-11
-15
-13
-10
-10
-15
-13
-9
-3
-2
-2
-1
3
6
3
3
3
4
0
-4
-4
-6
-8
-9
-10
-11
-9
-7
-5
-8
-9
-5
-4
-6
-4
-5
-4
1
2
4
8
10
13
14
15
16
16
14
12
13
12
11
9
6
5
8
7
5
6
3
-1
-4
-7
-9
-11
-12
-13
-13
-11
-7
-5
-5
-6
-1
1
1
6
5
8
11
12
15
20
24
24
25
24
23
19
19
18
14
9
8
3
1
-2
-7
-8
-10
-12
-14
-16
-16
-16
-14
-13
-13
-9
-12
-6
-5
-3
3
0
2
4
4
4
4
0
-1
-1
-2
-6
-7
-6
-10
-12
-13
-14
-14
-15
-15
-14
-12
-11
-11
-9
-6
-5
-3
0
0
0
5
6
9
10
11
11
12
11
13
12
9
8
9
7
4
3
2
4
2
2
1
1
1
0
2
1
1
3
2
1
0
1
3
5
8
8
9
10
13
13
12
14
12
13
13
11
10
8
8
3
3
3
1
0
-2
-6
-9
-11
-10
-10
-10
-11
-11
-10
-10
-8
-4
-1
-3
-2
1
2
4
1
3
5
8
8
5
4
2
3
2
0
-1
-1
-3
-3
-4
-5
-6
-9
-9
-11
-9
-7
-8
-4
-3
-3
-3
-3
-1
-2
0
-1
1
3
2
2
3
6
4
3
2
3
2
2
0
-3
-4
-2
-2
0
-2
-1
-2
-2
-1
-1
4
2
2
2
6
6
5
7
7
6
9
8
6
7
5
4
2
3
4
2
1
0
-2
-1
-2
-2
0
1
0
0
1
-1
-1
0
-1
-2
1
5
2
1
3
5
4
4
4
6
2
1
3
2
0
-2
-3
-3
-1
1
-2
-1
0
-3
-1
0
-4
0
-1
-3
-3
-8
-8
-3
-2
-2
-1
0
0
1
1
1
1
3
4
3
3
1
-2
-3
-1
0
1
-2
-1
-2
-2
-4
