SAMPLES:	6949
BITSPERSAMPLE:	16
CHANNELS:	1
SAMPLERATE:	16000
NORMALIZED:	FALSE
5
1
-1
0
1
1
2
1
2
3
3
3
5
2
3
3
1
2
-1
-1
0
-1
-1
-3
-1
0
1
-1
-1
-1
0
2
3
0
4
6
3
1
4
4
3
7
2
2
-2
1
3
2
2
1
2
2
-1
-1
-3
-2
-1
-5
-5
-3
1
0
-3
-2
-3
-3
-4
-3
-3
-4
-3
1
-2
-2
-3
-3
-2
-2
-4
-3
0
5
3
0
3
1
1
0
1
0
0
0
-2
0
-4
-1
1
-1
-3
-1
0
-3
-1
-6
-6
-2
-1
-3
-1
0
-1
0
2
2
4
2
0
2
4
4
4
5
4
0
7
4
0
1
2
3
4
3
-1
1
-1
-2
-2
2
0
0
2
1
2
2
3
5
6
1
0
-2
-1
-3
-4
-5
-1
0
-1
-1
-2
-1
-3
1
-3
-2
0
2
2
1
6
3
5
3
1
2
0
1
1
0
0
-2
-3
-2
-1
-2
-5
-5
-6
-2
-4
-5
-3
-3
-5
-7
2
3
0
0
1
1
-1
-2
-1
0
-3
1
0
-1
0
-2
-1
0
-1
0
-2
-1
1
-1
1
5
5
5
4
2
1
-1
1
2
-1
-1
0
-1
-1
-3
-2
-6
-3
-4
-2
1
-1
-2
-2
-1
-3
-2
1
1
-2
-2
-2
-2
0
2
-1
1
1
0
-2
1
0
4
4
4
5
5
5
7
4
4
3
2
3
1
1
2
5
4
1
4
1
-1
-1
3
4
0
1
3
1
2
4
3
-1
-2
2
1
1
0
2
4
2
2
1
0
-1
-2
2
5
5
6
6
2
3
4
1
0
2
0
-3
-6
-9
-11
-13
-15
-21
-27
-30
-34
-34
-38
-46
-48
-51
-51
-51
-55
-62
-65
-62
-65
-62
-64
-67
-65
-64
-61
-58
-60
-58
-58
-54
-43
-40
-41
-41
-31
-31
-29
-24
-25
-19
-12
-9
-4
-1
4
6
9
18
23
25
32
40
41
41
51
56
62
68
70
72
71
76
81
80
80
81
78
83
86
86
88
91
93
91
92
82
82
84
87
93
85
77
72
78
93
99
103
121
144
169
201
231
258
276
298
323
356
396
428
448
459
473
487
494
498
496
491
468
424
373
333
307
277
242
193
124
49
-30
-104
-189
-293
-394
-491
-583
-663
-747
-830
-909
-978
-1046
-1112
-1174
-1226
-1249
-1252
-1237
-1217
-1211
-1202
-1176
-1142
-1092
-1041
-992
-943
-883
-813
-718
-600
-470
-327
-200
-93
-16
52
129
225
351
475
587
679
749
816
889
954
1011
1068
1114
1141
1159
1177
1181
1159
1131
1129
1119
1046
924
816
761
734
672
571
462
369
287
176
25
-124
-226
-276
-332
-425
-527
-600
-621
-610
-600
-560
-282
439
1399
1988
1809
1234
967
1247
1718
2015
2063
1902
1705
1700
1884
1853
1331
610
183
155
197
39
-284
-566
-723
-925
-1382
-2000
-2428
-2531
-2478
-2446
-2484
-2644
-2891
-2987
-2829
-2704
-2946
-3350
-3428
-3100
-2705
-2446
-2213
-1958
-1756
-1593
-1409
-1310
-1390
-1427
-1153
-714
-440
-315
-83
302
699
1071
1385
1517
1513
1658
2049
2449
2689
2852
2988
3042
3074
3162
3178
3019
2879
2875
2827
2652
2537
2519
2362
2034
1744
1524
1251
1016
951
870
571
223
35
-140
-457
-780
-1000
-1242
-1530
-1678
-1665
-1705
-1810
-1817
-1761
-1831
-1992
-2045
-2013
-2011
-2020
-1949
-1857
-1808
-1741
-1603
-1431
-1273
-1131
-1020
-909
-756
-575
-432
-301
-108
83
156
167
246
378
484
580
674
671
584
562
631
695
736
787
806
784
892
1269
1753
2069
2125
2035
1963
2001
2146
2297
2348
2272
2136
2024
1991
1980
1817
1435
996
723
589
398
91
-200
-416
-679
-1065
-1477
-1820
-2098
-2295
-2406
-2498
-2659
-2834
-2904
-2872
-2863
-2948
-3079
-3138
-3023
-2748
-2462
-2276
-2143
-1950
-1701
-1466
-1266
-1118
-980
-796
-547
-297
-90
139
410
682
913
1094
1199
1264
1395
1614
1798
1887
1952
2025
2090
2129
2166
2193
2185
2154
2127
2076
2001
1930
1846
1715
1530
1342
1191
1076
958
808
653
497
319
90
-140
-326
-484
-641
-789
-917
-1051
-1180
-1268
-1329
-1417
-1517
-1574
-1586
-1609
-1656
-1675
-1602
-1515
-1541
-1637
-1661
-1633
-1655
-1623
-1448
-1335
-1450
-1574
-1522
-1219
-130
2127
4197
4001
1958
915
2144
3817
4274
4056
3963
3737
3480
3993
4921
4718
2987
1293
1057
1852
2207
1427
368
144
512
98
-1425
-2733
-2964
-2845
-3069
-3146
-2966
-3345
-4186
-4058
-2885
-2665
-4270
-5787
-5426
-4114
-3507
-3559
-3363
-2929
-2652
-2366
-1964
-1893
-2388
-2762
-2374
-1487
-889
-833
-797
-228
726
1321
1227
983
1251
1907
2458
2820
3166
3436
3604
3930
4397
4511
4108
3810
4014
4283
4156
3827
3669
3613
3475
3209
2788
2222
1739
1552
1502
1276
797
288
-34
-187
-425
-942
-1555
-1938
-2076
-2253
-2523
-2722
-2793
-2806
-2759
-2672
-2712
-2891
-2956
-2737
-2468
-2420
-2537
-2527
-2263
-1923
-1714
-1635
-1519
-1299
-1029
-765
-560
-476
-459
-285
67
316
317
265
357
520
633
630
486
282
172
154
75
-90
-214
-61
754
2159
3260
3329
3001
3198
3606
3533
3329
3608
3970
3891
3796
4139
4388
3899
2957
2223
1823
1446
825
108
-309
-333
-365
-765
-1309
-1871
-2634
-3532
-4076
-4074
-4108
-4486
-4583
-3888
-3071
-3152
-3951
-4453
-4360
-4258
-4333
-4071
-3348
-2670
-2264
-1809
-1266
-1097
-1352
-1457
-1120
-761
-655
-454
136
787
1187
1488
1812
2011
2053
2156
2395
2650
2885
3135
3300
3376
3482
3582
3507
3274
3088
2991
2851
2678
2596
2550
2342
2016
1723
1445
1089
745
547
368
63
-266
-483
-698
-1028
-1366
-1554
-1713
-2013
-2310
-2386
-2306
-2322
-2420
-2413
-2345
-2382
-2448
-2340
-2131
-2039
-2007
-1893
-1765
-1688
-1580
-1380
-1207
-1114
-964
-743
-586
-466
-367
-313
-366
-499
-652
-866
-1081
-1051
-479
1173
3914
6043
5644
3284
1863
2500
3797
4646
5399
5649
4815
4223
5638
8036
7750
4485
1352
242
94
156
578
1310
1692
1258
72
-1211
-1736
-2342
-4147
-6245
-6461
-4894
-3858
-3856
-3255
-2530
-3782
-6268
-7157
-6670
-7576
-9312
-8159
-4311
-1989
-2694
-3452
-2743
-2235
-2810
-3221
-2718
-2312
-1711
112
2851
4830
4860
3574
2536
2557
3211
3109
2246
2220
3899
5971
6366
5250
4070
3688
3685
3687
3619
3523
3766
4446
5315
5467
4464
2641
1116
832
1102
884
-146
-766
-285
-363
-1527
-3068
-3892
-4356
-4395
-4075
-3549
-3777
-3819
-3433
-2841
-3729
-4684
-2426
-2259
-3597
-3200
-1409
-702
-754
-2036
-2284
-1182
-932
-1253
-1205
-122
969
439
-871
-1317
-948
-355
-908
-2056
-1984
-1650
-2555
-4130
-3757
2178
14539
24037
20312
9169
7398
14409
13215
554
-6999
91
9043
7181
26
-1044
210
-3967
-10036
-9564
-4298
-2522
-5110
-4280
4112
11476
7547
-3960
-8519
-3278
6
-4213
-6907
-2652
651
-2773
-6451
-5220
-4947
-10191
-14863
-11816
-4681
-1663
-4225
-5670
-1826
2667
1606
-3185
-4383
-608
2815
3391
4332
6072
5232
1864
698
2406
2423
-565
-2461
-482
2858
3889
2590
1745
2950
4707
4170
2393
2614
4734
5627
5507
6286
6726
5345
3499
2697
1913
461
-920
-1554
-1738
-1495
-1164
-1702
-2738
-2970
-2317
-1934
-2201
-2258
-1769
-1141
-665
-631
-1285
-2091
-2252
-2067
-2380
-2889
-2840
-2662
-2613
-2298
-1695
-1416
-1490
-1219
-708
-406
-432
-565
-561
-174
421
566
15
-565
-861
-1218
-1768
-2298
-2274
-2466
-3177
-3702
-3506
-3422
-4474
-3654
7011
25503
32313
18210
3412
8078
17209
8105
-9478
-11261
2601
9674
1886
-5687
-3384
-2015
-9300
-14458
-6644
4491
3149
-4608
-1123
12857
16411
2566
-9694
-6708
1097
-49
-6151
-6319
-2050
-2815
-8463
-10279
-6423
-5230
-10477
-13301
-6697
1929
1718
-4949
-6387
-124
4660
2042
-2547
-2010
2305
4476
3008
1641
2068
1564
-842
-1447
1164
2805
89
-3370
-2354
1833
3460
1107
-609
1464
5014
6011
4621
4026
4961
5375
6617
11560
12878
5957
-32
1918
2395
-3035
-5749
-5335
-5387
-2962
1334
-379
-4112
-3300
-1123
-200
1829
2534
-189
156
3451
2845
-1843
-4824
-5573
-5726
-4744
-3901
-4336
-4656
-3241
-1744
-946
-843
-1618
-2047
-792
1429
1516
-511
-2024
-1873
-1292
-967
-1141
-2174
-2801
-2479
-1895
-2144
-2775
-3955
-5015
-5521
-5521
-810
14569
30704
27451
8956
1476
12035
15190
-421
-14922
-9316
6371
9253
-1758
-7720
-1957
-771
-9301
-11638
-297
8291
1930
-5533
1760
15284
13900
-1925
-11369
-5150
2929
-767
-8472
-8013
-2966
-4046
-8861
-8163
-3146
-2877
-8418
-9788
-2826
4053
1269
-6264
-6414
1422
5979
1752
-3457
-2850
1062
2269
317
-666
583
1076
-666
-724
2267
3539
-269
-4354
-2828
1946
4066
1902
106
2213
5780
6267
3826
2512
3450
5560
7101
7056
5248
3163
1804
565
-148
-624
-2061
-3895
-3154
-578
395
-840
-2129
-1920
-101
2037
1698
-180
-485
749
867
-694
-2414
-3834
-4356
-3896
-3201
-2879
-2649
-2516
-2235
-971
492
463
-825
-1159
-245
364
-130
-1463
-2477
-2360
-1776
-1621
-1767
-1855
-2053
-1959
-1627
-1830
-2726
-3603
-4176
-5072
-4980
449
16377
31327
26775
7751
352
10835
13548
-2174
-17153
-11415
4802
8161
-2608
-8145
-1508
775
-7538
-11026
-59
9835
4027
-5197
443
15047
15681
-351
-12138
-7013
2050
-1199
-9950
-10289
-4049
-3400
-7920
-7603
-1423
558
-5388
-9104
-3224
5110
3633
-4755
-6762
580
6281
2778
-3368
-4191
-515
1029
-1012
-1644
761
2113
6
-920
2036
4636
1765
-3470
-4028
560
4443
3294
642
1445
4800
5869
3583
2218
3548
4792
4109
3507
4540
4318
1992
-372
-1140
-1074
-1624
-3052
-3957
-2110
532
890
-270
-110
983
1278
839
238
-124
-296
-778
-2022
-2875
-2981
-3529
-4224
-3906
-2745
-1976
-1785
-1507
-693
546
1204
657
-203
-375
-352
-860
-1795
-2531
-2598
-2056
-1411
-1361
-1474
-1744
-2288
-2773
-2954
-3214
-4424
-5016
234
16751
31503
26156
6745
-878
8705
11518
-2685
-17235
-12929
2101
6293
-2510
-6739
51
2026
-6585
-10547
-74
10225
5301
-4510
-1067
13138
16080
1701
-11414
-8672
-235
-2362
-10041
-10389
-4205
-2872
-6987
-6719
194
3731
-2878
-9416
-4869
5047
5522
-3163
-6719
-281
6103
3091
-3765
-4991
-1034
148
-2781
-2497
2382
4780
1087
-1961
1065
5202
3133
-3301
-5179
-290
4619
3893
1030
1617
4216
4397
2814
3141
4187
3221
1706
3010
5465
5017
1307
-2160
-2317
-824
-859
-3038
-4066
-2084
658
1735
1115
515
389
516
534
338
-99
-799
-1762
-2750
-2700
-2254
-2686
-3965
-4420
-3053
-1059
-57
-626
-969
152
1577
1615
380
-760
-1371
-1666
-2212
-2774
-2609
-1883
-1588
-2500
-2738
-2143
-2336
-3537
-4857
-4698
-421
14221
30264
28902
10552
-1275
5247
10845
582
-15494
-16192
-1723
6871
337
-6965
-2280
2739
-3043
-9434
-2809
9051
8533
-1776
-3718
8635
16682
6412
-9414
-11503
-2697
-999
-8060
-11432
-6204
-1810
-4492
-6732
-1666
4448
702
-7870
-7643
1824
6703
500
-6025
-3299
4042
4297
-2474
-6252
-3434
-522
-2142
-2753
1311
5477
3900
-540
-667
3003
3706
-1309
-5153
-2365
3457
5452
3060
1562
2607
3593
2288
948
1754
4055
5858
5052
3761
3845
3564
243
-3493
-3633
-2462
-2105
-2249
-1547
122
1746
1648
178
275
1485
1250
-472
-942
-310
-541
-1946
-3614
-3956
-3222
-2917
-3739
-3694
-1922
-595
-479
-476
419
1390
1483
380
-750
-706
-909
-2234
-3535
-2807
-1610
-2125
-3147
-3162
-2555
-2751
-3502
-4310
-4541
-36
14898
30449
28388
9668
-2049
4353
9944
-104
-15490
-15612
-1418
6267
-437
-6772
-1495
3261
-3077
-9438
-2400
9896
9693
-779
-3100
8633
15927
5404
-9840
-11369
-2849
-1617
-8483
-11164
-5377
-896
-4013
-6465
-1200
4907
998
-7537
-7227
1911
6517
687
-5355
-2658
3769
3067
-3692
-6781
-3595
-820
-2313
-2585
1753
5886
4169
-441
-864
2393
2901
-1471
-4586
-1747
3400
5037
3090
1902
2655
2871
1273
333
1731
3347
2940
2154
6118
10072
6537
-751
-4053
-3542
-3850
-3913
-4384
-4127
-125
3703
2962
1549
2144
681
-1115
-280
763
96
-852
-2015
-3431
-2360
-1766
-4101
-5820
-4468
-2433
-1179
155
221
162
1351
1919
909
176
-511
-2474
-3064
-1837
-1545
-2820
-4002
-4044
-3594
-2791
-3553
-5429
-4528
6469
24905
32047
18664
1103
1258
9918
6298
-9215
-17122
-7475
3734
1863
-6011
-4066
3106
149
-8881
-7326
6030
12381
4144
-3715
3212
14968
11445
-4060
-11883
-5907
-1502
-6648
-11203
-7138
-789
-2290
-6825
-4332
3131
3305
-5035
-8391
-1286
6081
3414
-3150
-3165
2079
2747
-3218
-6698
-4012
-836
-2194
-3338
510
5248
4766
146
-1297
1446
2823
-169
-3154
-1540
2137
3473
2193
1758
2675
2714
1288
539
2037
3799
4900
5640
5930
4995
2837
94
-2850
-3793
-3197
-3127
-3262
-1594
781
1426
1247
794
651
1228
1686
758
-76
450
-51
-1804
-3190
-3673
-3924
-4010
-4059
-3879
-2483
-1107
-790
-534
567
1334
1058
597
-181
-866
-1285
-1429
-1675
-2105
-2438
-3048
-3294
-3464
-3900
-4271
-4808
-896
14431
30594
28016
7905
-3316
4750
11339
1739
-13387
-13142
617
6555
-2075
-8181
-1838
2200
-5480
-10981
-1305
12010
10726
-1104
-3275
9025
15155
3491
-10329
-9391
-1275
-2057
-8709
-9160
-2650
-687
-6357
-8395
-1347
4127
-1504
-8875
-5751
3852
6162
-472
-4566
-744
3321
-263
-5877
-5513
-1279
-298
-2502
-1402
3270
5374
1653
-2362
-1155
2357
2317
-1045
-2019
814
3640
3240
1350
830
1551
1715
1324
2292
4496
5523
7667
10269
7367
1646
-2137
-4057
-6026
-4650
-2512
-3705
-2331
1676
2282
835
1015
-298
-1049
1880
3274
1421
568
388
-2030
-2972
-3029
-5231
-6087
-4643
-4059
-3605
-997
-120
-1064
-166
936
806
922
328
-1933
-2260
-1050
-1879
-3515
-3801
-3675
-3718
-3227
-4141
-825
15360
30306
25065
4941
-3305
6116
11754
1614
-12619
-10050
3737
6617
-3718
-7840
-302
1645
-7117
-11061
605
13100
9552
-2567
-2421
10756
13810
452
-11083
-7578
-575
-3124
-8824
-6987
-137
-963
-8141
-8828
-702
3016
-3827
-9201
-4126
4828
5123
-1434
-4371
-986
1021
-2838
-5745
-3753
-467
-636
-1744
161
3217
3228
-345
-2328
-646
1953
2171
863
610
1451
2521
2292
1242
287
414
1314
2180
4137
7531
9605
7162
3472
1728
482
-1391
-2762
-3180
-3120
-1216
431
-129
-880
-716
-961
-760
1201
2452
2490
2161
1177
-307
-1007
-2072
-4512
-5604
-4933
-4065
-3316
-2423
-2135
-1833
-629
106
120
100
-254
-1195
-1408
-1194
-1656
-2526
-3101
-3603
-3975
-3456
-3125
-3775
-1373
12965
29550
28135
7766
-5580
2995
12368
5021
-10059
-10199
3130
7516
-2622
-9294
-2415
1407
-6754
-11862
-106
14402
11591
-1810
-4150
8515
13533
1644
-10007
-6797
865
-1712
-8047
-7030
-1300
-2852
-9708
-9664
-1038
3376
-2962
-8414
-4195
3883
4271
-1187
-3669
-1248
304
-2548
-4433
-3081
-956
-1236
-1896
-388
1713
1910
-481
-2159
-1332
1354
2859
2201
1103
1139
2457
2784
1477
222
849
2264
3144
7489
12294
8708
1068
-1971
-936
-1295
-1405
-1541
-3099
-1076
2503
1078
-1609
-922
-1343
-1403
1914
3979
2458
1400
849
-1301
-1195
-929
-3978
-5826
-4398
-3507
-3255
-2275
-3128
-3668
-1129
616
-445
-555
27
-1012
-1482
-1057
-1760
-2627
-3001
-3882
-4253
-2898
-2794
1627
18071
29938
20403
-604
-5143
7237
12733
2282
-9351
-3980
7557
5389
-6513
-8126
-1406
-2774
-10153
-7299
7737
14476
4853
-5905
-639
11106
8608
-3671
-7731
-1062
1310
-3891
-6850
-3410
-1936
-7358
-10868
-5629
1375
-988
-7575
-7568
-707
3735
1435
-2088
-2576
-643
-560
-1900
-2554
-2259
-1580
-692
262
184
78
-363
-1528
-2722
-1514
1549
2904
1579
107
1735
4544
4545
1962
1256
3976
6923
6500
3697
1641
1142
973
79
-578
-799
-840
-719
-323
388
523
-500
-1226
24
2176
2927
1479
-191
-555
-73
-411
-1923
-2826
-2674
-2471
-2845
-2980
-2709
-2528
-2634
-2403
-1187
-279
-503
-1156
-1102
-849
-1080
-2045
-3038
-3071
-2375
-2053
-2889
-3178
-1137
12075
27722
25507
4188
-9386
1736
14079
9207
-5094
-6444
4191
7001
-3529
-9935
-3605
-741
-6949
-8125
5666
15617
7534
-6477
-6878
5714
9620
531
-6430
-1956
1773
-2379
-6323
-4755
-3646
-8001
-10273
-5352
2153
1414
-5456
-8225
-4135
564
591
-826
-2149
-1811
-545
484
-399
-2531
-3172
-1668
560
682
222
8
-642
-2628
-2750
829
3322
1847
-804
401
3287
3801
1556
1020
3129
8663
11970
6620
-41
-1820
533
306
210
97
-1105
-324
1129
-680
-2665
-1674
-2004
-875
2731
4894
2274
-455
-1130
-1160
416
-133
-3216
-4085
-1890
-2129
-3622
-3599
-3290
-2970
-1271
561
326
34
-1009
-2214
-2144
-1426
-2123
-2832
-2109
-1626
-2061
-2658
-3096
1269
18024
29361
18936
-3307
-7259
8792
16442
6087
-6249
-2031
6744
2448
-9565
-9572
-2026
-3122
-8818
-3395
11662
13157
-634
-10367
-2551
9493
8046
-569
-2473
1667
-147
-5398
-6607
-4642
-6736
-10279
-7988
-1587
1176
-3914
-8501
-8021
-3687
-269
1052
572
-1516
-1714
342
1558
-986
-3295
-1952
1317
2010
603
401
-105
-2327
-4186
-1188
2930
2688
-644
-996
1931
3186
2442
5770
10122
7355
2533
1149
2370
1849
1512
365
-1005
1177
2478
-1096
-3377
-1874
-2051
-1223
1774
2947
1318
870
251
-1399
-357
137
-1974
-2801
-1661
-2302
-2792
-2470
-3811
-4322
-1973
-412
-1217
-1407
-1533
-1720
-605
-139
-1182
-1200
-240
-1186
-2055
-1756
-3008
-4432
-1723
13559
27910
21920
-1706
-11614
6202
20782
12898
-2334
-1220
7421
4998
-7285
-10071
-2272
-1152
-7798
-6314
7850
10984
-2778
-13585
-6601
7229
9556
2864
-998
1211
233
-3477
-4326
-2484
-4691
-8258
-6415
-2695
-2590
-7416
-10539
-10101
-6305
-1434
1717
626
-3672
-4580
-477
2996
379
-2092
503
4176
2651
-812
-209
971
-1199
-3988
-1080
3808
3217
-1777
-2912
1101
3999
4470
6264
7762
6054
3262
884
315
1949
3809
2287
524
1616
1403
-1468
-2506
-1458
-385
1692
2669
1007
-636
-794
-1882
-2664
-996
6
-908
-1895
-2989
-4140
-3456
-2812
-3327
-2422
-164
246
-938
-1709
-2141
-1912
-787
-588
-1410
-1433
-1327
-1959
-2043
-1533
-2046
-2264
477
14356
26778
18600
-5015
-12369
8034
23142
14780
-831
-999
5876
2980
-7464
-7562
1019
1123
-5554
-3510
8105
6789
-7402
-13848
-3685
8761
8384
786
-3390
-2693
-3853
-4359
-1739
314
-3357
-6575
-4192
-2159
-4014
-7859
-8576
-7759
-5272
-1697
-366
-4334
-9680
-8027
-379
4089
732
-1365
1679
3843
829
-1344
1633
3615
1361
-602
1939
3524
3
-4082
-2524
2712
5794
6374
6504
4144
1245
357
1143
3081
5072
4724
1483
212
1228
392
-1455
-354
969
1387
1831
529
-1704
-1753
-233
-502
-783
-107
-833
-2598
-3608
-4462
-4388
-2692
-2350
-3249
-2756
-1285
-1757
-2421
-1471
-695
-283
-206
-741
-886
-314
-347
-1445
-1224
-824
-1231
-2128
7217
21576
19313
-1286
-13896
3514
24131
20457
2153
-2417
5564
6214
-3014
-5278
2947
3703
-4520
-6919
3203
6040
-5516
-12865
-4826
7669
8074
94
-5574
-5156
-3877
-1880
823
870
-3692
-7651
-5450
-3429
-4225
-5916
-5650
-6248
-6784
-4059
-1569
-4616
-10151
-8182
6
4184
-729
-4848
-1821
2088
1297
-91
2646
4066
1449
-518
2106
4265
2534
1226
2947
5393
5355
2699
-721
-512
3464
5584
3070
533
234
-6
780
2552
2934
1846
1965
2190
1585
1254
683
-627
-395
1296
1000
-1163
-3405
-4672
-4182
-1827
-1114
-3183
-4489
-3986
-3241
-2780
-2238
-2291
-2253
-1389
-832
-1141
-1361
-1317
-970
-70
697
85
-658
-1104
-1294
-1978
5780
19964
18917
-555
-13490
2994
24463
21264
2409
-3381
4313
6080
-874
-1721
6190
4850
-5178
-7540
3212
6961
-4155
-11064
-3606
6481
4865
-2744
-6784
-5649
-3843
-783
2351
877
-5060
-9269
-6292
-3004
-2869
-4029
-4818
-7424
-8994
-5068
-1140
-4228
-9907
-7200
364
2042
-3750
-6574
-2281
1364
866
702
3156
2402
-1074
34
5836
7050
2870
999
3782
6100
4616
1611
-455
954
3602
3628
1651
898
538
-39
1516
4056
3682
1382
1332
2419
2874
2839
1803
-245
-1069
-278
-59
-1101
-2734
-4085
-3811
-1887
-1887
-3915
-4434
-3095
-2601
-3040
-2651
-2299
-2729
-3098
-2611
-1497
-667
-1254
-2246
-1104
791
720
-882
-1394
-476
9007
19132
12420
-6614
-10305
11674
26663
15934
-926
-1333
4913
3751
60
5288
10921
2186
-9765
-6828
7129
7487
-5074
-8766
-45
5043
-584
-5949
-5643
-3292
-2590
-516
1364
-744
-6257
-8731
-4732
-1025
-941
-3726
-7137
-10176
-8645
-2805
-771
-6071
-10247
-6435
-1675
-2115
-4551
-2803
-126
-991
-2219
221
3002
1383
-248
1360
4381
4770
4046
2898
1944
3304
4824
4084
2640
2985
1759
3
1145
3676
2862
1050
1398
1820
2081
2712
2752
1720
2112
2571
1491
675
982
448
-736
-985
-1835
-2398
-1801
-1783
-3437
-3940
-2603
-2456
-3279
-3347
-3064
-3217
-2850
-2479
-2393
-2018
-1496
-1936
-1953
-970
-550
-1129
-935
-859
1751
11801
16004
4036
-9811
-1239
20088
23011
6932
-2466
2661
6043
2630
2648
9415
7865
-4674
-10245
177
10050
3036
-7136
-4787
2561
1511
-3744
-4047
-1747
-2209
-3240
-1415
-1048
-4363
-7506
-5406
-1168
-691
-3351
-6044
-8128
-8703
-4938
-365
-1904
-8073
-9423
-4704
-1750
-2925
-3569
-1976
-2052
-3293
-1728
1576
2002
-566
-759
2397
4791
3860
2346
2229
3115
4085
3936
2974
2213
2183
1968
2095
2977
3004
1359
761
2272
3322
2963
2271
1655
935
979
1590
1381
600
87
-167
-271
-391
-1087
-1765
-1583
-1186
-1592
-2375
-2636
-2771
-2759
-2539
-2497
-2608
-2637
-2578
-2567
-2155
-1658
-1366
-1486
-1321
-1331
-1228
-1462
2559
11462
11674
-996
-9286
4463
22923
19286
2256
-2248
4986
6428
3278
6933
12441
4934
-8498
-8322
4864
10316
-225
-8365
-4055
1049
-2180
-5128
-1619
203
-3527
-5147
-1337
-13
-3773
-6329
-3689
-549
-1932
-5298
-7331
-7370
-5866
-2819
-1464
-4893
-9204
-8207
-3244
-1194
-2258
-2712
-2627
-3736
-3599
-400
2178
1292
-461
283
2068
2885
2543
2515
3406
4137
3895
2671
1907
1926
2198
2522
2772
2295
1193
803
1882
3254
3190
2270
1798
1892
2122
2214
2289
1721
355
-794
-941
-727
-995
-1458
-1423
-1294
-1948
-2771
-2535
-1405
-831
-1483
-2481
-2806
-2619
-2300
-1870
-1530
-1796
-2231
-2132
-1318
-1045
-1379
-2128
137
8618
11814
1833
-8438
318
19051
20065
4115
-3110
4212
8135
4754
6150
12176
7417
-6260
-8543
4235
12558
3538
-7468
-5658
324
-1328
-5031
-2344
230
-3986
-8043
-4649
-451
-2166
-5280
-4213
-1402
-2153
-5003
-6232
-5650
-4640
-3227
-2508
-4809
-8290
-8009
-3659
-1143
-2513
-4029
-3698
-3142
-2897
-1124
1083
1320
82
-450
267
1914
3336
3543
2677
2172
2907
3253
2828
2830
3179
2900
2164
1874
2079
2511
3121
3277
2606
2074
2060
1724
1249
1352
1737
1270
85
-573
-289
218
28
-821
-1217
-958
-1292
-2124
-2199
-1282
-1042
-2328
-3371
-2636
-1160
-1120
-2567
-3046
-2124
-1374
-1682
-1795
-1264
-1048
-1804
-1481
5146
10648
4296
-6953
-3260
14972
21032
6773
-3704
2771
9590
6324
4754
10382
9053
-3139
-7687
3359
12828
5819
-6164
-6107
479
-44
-4968
-3617
445
-2429
-8132
-6730
-1546
-1898
-5399
-5006
-2106
-2574
-5473
-5998
-4337
-3215
-3221
-3515
-4753
-6725
-6747
-3703
-1149
-2428
-4916
-4960
-3345
-2390
-1505
-1
304
-732
-1155
-118
1477
3267
3866
2307
1275
2855
4302
3207
2322
3318
3442
1894
1680
2960
3549
3157
2699
2215
2037
2536
2472
1770
1646
1767
762
-363
-209
262
19
-484
-695
-844
-941
-1083
-1355
-1408
-1030
-997
-1771
-2399
-2314
-1889
-1731
-1934
-2256
-2496
-2150
-1552
-1283
-1443
-1594
-1780
-1115
3899
8216
3518
-5324
-2522
12266
18060
6895
-2547
2143
8591
6990
5586
9551
8260
-1730
-5477
3877
11916
5967
-4552
-5010
491
399
-3801
-3323
-260
-2657
-7591
-6723
-2221
-2143
-5253
-5157
-2638
-3241
-6296
-6566
-4055
-2754
-3554
-4433
-5056
-5888
-5618
-3256
-1137
-1932
-4023
-4396
-2994
-1550
-841
-592
-867
-1344
-1252
-533
644
2195
2488
1162
887
2738
3948
3086
2617
3521
3529
2408
2437
3429
3896
3620
3036
2389
2333
2857
2743
1940
1670
1542
537
-443
-202
364
-60
-856
-1060
-1037
-1032
-1151
-1427
-1475
-1119
-931
-1534
-2168
-1872
-1259
-1257
-1572
-1688
-1773
-1871
-1623
-1106
-1031
-1666
-2239
-1616
3092
7202
3096
-5199
-3121
10889
17367
6809
-2868
2149
9581
7552
4556
8714
9241
-36
-4904
3707
11686
6058
-3967
-3961
1441
581
-4124
-3691
129
-1629
-7209
-7749
-3275
-2113
-5128
-5691
-3183
-3445
-6833
-7166
-3788
-2195
-4062
-5617
-5404
-5419
-5425
-3604
-1411
-1968
-4143
-4472
-2581
-1179
-1079
-902
-351
-478
-1115
-915
705
2437
2397
1095
869
2194
2932
2655
2953
3689
3122
1983
2511
4013
4307
3546
3205
3293
3027
2787
2850
2734
2097
1276
700
477
346
107
-258
-608
-628
-689
-1045
-1534
-1842
-1759
-1418
-1301
-1671
-2255
-2195
-1566
-1305
-1434
-1388
-1227
-1411
-1548
-1215
-810
-1250
-1706
-1897
604
5021
4943
-1594
-4794
4259
14873
11163
-377
-1116
7053
9069
4593
5618
9542
4867
-3134
-304
9140
9290
159
-3850
669
2422
-1844
-4189
-1291
-363
-4625
-7711
-5377
-2527
-3919
-6042
-5051
-3483
-5297
-7700
-6211
-2923
-2839
-5189
-5898
-4956
-4852
-4675
-2651
-1204
-2784
-4773
-3774
-1344
-673
-1469
-1391
-541
-558
-989
-97
1951
2450
1070
668
2333
3365
2421
2024
3338
3909
2526
1754
2939
4029
3724
3377
3850
3862
3066
2720
3147
3152
2188
1274
948
782
406
-75
-414
-502
-551
-880
-1365
-1723
-1667
-1437
-1418
-1635
-1800
-1862
-1945
-1927
-1649
-1280
-1389
-1711
-1743
-1251
-926
-985
-1376
-1420
-1345
443
3768
4187
-364
-3426
2675
11587
10677
1791
-714
5158
8226
5192
4795
8005
5755
-792
-278
7268
8953
1868
-2636
436
2325
-1064
-3425
-1422
-705
-4079
-6347
-4584
-2789
-4324
-6081
-5162
-3572
-4501
-6792
-6991
-5132
-3980
-4612
-5249
-4970
-4986
-5177
-3936
-1728
-1462
-3290
-4009
-2338
-820
-1043
-1282
-613
-427
-1049
-573
1163
1796
995
1167
2582
2801
1655
1771
3434
3967
2988
2737
3599
3680
3099
3497
4534
4273
2946
2467
2960
2927
2131
1670
1612
1129
338
-8
32
-57
-354
-554
-740
-1040
-1224
-1238
-1253
-1335
-1360
-1445
-1710
-1763
-1455
-1184
-1266
-1406
-1180
-1003
-1194
-1297
-958
-657
-951
-1392
-117
2116
2511
525
-180
3015
6497
5630
2487
2122
4367
5055
3553
3374
4580
4071
2176
2298
4395
4705
2321
615
1176
1570
426
-1043
-1570
-2086
-2904
-3219
-2858
-2995
-3893
-4540
-4521
-4289
-4407
-4747
-5046
-5144
-4977
-4750
-4773
-4882
-4666
-4021
-3345
-2925
-2751
-2677
-2596
-2284
-1658
-1200
-1164
-1245
-1081
-739
-397
80
565
778
915
1344
1776
1795
1803
2213
2689
2719
2767
3268
3680
3499
3282
3630
4089
3891
3153
2673
2624
2547
2120
1599
1258
1086
912
764
618
360
21
-295
-415
-457
-432
-521
-901
-1355
-1426
-1063
-936
-1296
-1522
-1324
-1167
-1379
-1600
-1485
-1250
-1402
-1750
-1873
-1654
-1464
-1302
-432
1092
2106
2112
1982
2319
2930
3481
4236
4601
3967
3205
3529
4580
5036
4821
4531
4121
3122
2568
2849
2699
1339
-242
-931
-1347
-1931
-2298
-2272
-2927
-3961
-4389
-4121
-4177
-4880
-5279
-5179
-5244
-5570
-5563
-5285
-5113
-4980
-4625
-4194
-3897
-3518
-3073
-2971
-2987
-2554
-1849
-1597
-1742
-1465
-684
-240
-143
270
1045
1429
1365
1502
1924
2241
2348
2524
2757
3035
3364
3654
3781
3893
4145
4263
3963
3556
3526
3600
3133
2307
1898
1873
1624
1041
787
811
563
37
-245
-94
-57
-469
-1052
-1292
-1182
-1126
-1349
-1536
-1428
-1289
-1474
-1719
-1618
-1384
-1551
-1981
-1988
-1738
-1782
-2163
-2169
-1732
-1080
-154
1024
1893
2051
1943
2239
3056
3922
4509
4433
3852
3435
3817
4726
5300
5163
4545
3637
2758
2633
2871
2468
1001
-433
-1120
-1427
-1747
-2039
-2353
-3040
-3835
-4298
-4332
-4361
-4613
-5037
-5427
-5677
-5493
-5069
-4854
-4995
-4991
-4491
-3832
-3398
-3260
-3224
-3137
-2728
-2256
-2073
-2093
-1837
-1320
-891
-417
331
917
882
836
1476
2308
2395
2131
2364
2861
2915
2875
3415
4078
4029
3540
3562
4063
4187
3676
3158
3027
2905
2503
2096
1869
1592
1203
925
701
379
32
-162
-387
-709
-840
-796
-984
-1444
-1616
-1283
-993
-1216
-1559
-1521
-1340
-1451
-1637
-1537
-1553
-1944
-2205
-1904
-1499
-1577
-1813
-1674
-983
71
1231
2014
2204
2114
2221
2813
3737
4597
4626
3817
3277
3888
4846
5016
4628
4340
3877
2869
2317
2608
2482
1069
-494
-980
-1091
-1680
-2423
-2778
-3203
-3896
-4332
-4312
-4346
-4734
-5063
-5186
-5269
-5290
-5135
-4944
-4865
-4683
-4304
-3975
-3757
-3424
-3059
-2959
-2890
-2481
-1958
-1777
-1623
-1044
-426
-165
128
812
1359
1364
1421
1975
2444
2355
2277
2767
3275
3195
3053
3534
4126
4039
3625
3646
3888
3657
3089
2807
2745
2468
1990
1688
1601
1385
984
651
496
329
5
-362
-608
-710
-782
-927
-1108
-1240
-1341
-1479
-1521
-1364
-1244
-1450
-1821
-1941
-1767
-1655
-1787
-1977
-1964
-1796
-1670
-1598
-1493
-1365
-1193
-588
673
1945
2432
2317
2382
2847
3484
4256
4835
4571
3711
3491
4246
4878
4735
4355
4061
3358
2483
2316
2487
1729
125
-960
-1224
-1628
-2337
-2723
-2894
-3528
-4332
-4549
-4321
-4390
-4797
-5078
-5164
-5239
-5192
-5004
-4875
-4847
-4625
-4215
-3890
-3626
-3291
-3015
-2833
-2463
-1874
-1542
-1497
-1221
-605
-121
158
592
1095
1318
1458
1939
2497
2576
2410
2621
3088
3226
3119
3324
3746
3786
3508
3508
3726
3622
3209
2991
2930
2614
2095
1812
1766
1599
1249
930
735
498
158
-106
-216
-345
-625
-948
-1145
-1263
-1408
-1535
-1582
-1624
-1706
-1800
-1890
-1922
-1844
-1787
-1861
-1931
-1814
-1628
-1590
-1534
-1259
-954
-868
-854
-527
322
1460
2334
2651
2681
2828
3121
3518
4176
4731
4411
3467
3170
3883
4476
4334
3881
3386
2611
1886
1823
1772
949
-325
-1118
-1489
-1952
-2312
-2528
-2987
-3858
-4352
-4190
-4100
-4488
-4903
-4942
-4998
-5227
-5262
-5006
-4882
-4930
-4612
-3950
-3517
-3458
-3238
-2715
-2274
-2042
-1751
-1380
-1171
-949
-451
193
613
851
1221
1659
2009
2255
2569
2810
2839
2845
2982
3203
3253
3265
3401
3586
3602
3446
3333
3271
3163
2996
2835
2651
2352
1999
1710
1495
1293
1034
754
468
191
-88
-376
-638
-837
-1025
-1261
-1499
-1611
-1677
-1828
-2026
-2075
-1967
-1911
-2017
-2109
-2027
-1858
-1741
-1632
-1402
-1157
-995
-809
-530
-272
-167
-94
-59
61
626
1735
2744
2883
2589
2556
2895
3326
3858
4313
3987
3051
2688
3315
3883
3706
3153
2670
2023
1501
1505
1442
641
-553
-1179
-1431
-1899
-2363
-2625
-2959
-3713
-4204
-4162
-4132
-4488
-4850
-4889
-4938
-5176
-5217
-5001
-4833
-4749
-4377
-3747
-3358
-3184
-2839
-2343
-1964
-1628
-1126
-800
-770
-550
91
655
837
1017
1409
1741
1990
2349
2693
2710
2569
2656
2916
3101
3140
3173
3297
3444
3551
3573
3490
3318
3096
2994
2950
2713
2208
1724
1539
1490
1317
943
510
149
-66
-171
-371
-728
-1117
-1349
-1470
-1601
-1740
-1887
-2031
-2104
-1997
-1819
-1797
-1882
-1842
-1589
-1334
-1167
-1001
-834
-744
-654
-390
-28
138
84
38
121
218
211
241
630
1390
2145
2460
2443
2365
2329
2494
3065
3685
3477
2531
2015
2468
2982
2910
2627
2359
1744
984
855
1044
569
-604
-1476
-1759
-2052
-2479
-2785
-3022
-3562
-4102
-4215
-4128
-4322
-4665
-4716
-4616
-4687
-4762
-4552
-4272
-4139
-3863
-3265
-2734
-2523
-2284
-1795
-1359
-1166
-966
-603
-255
-4
299
694
1029
1215
1385
1699
2132
2487
2645
2708
2816
2995
3185
3349
3443
3444
3437
3502
3611
3619
3442
3122
2818
2651
2552
2319
1900
1467
1182
974
730
457
136
-258
-593
-686
-705
-961
-1397
-1657
-1672
-1678
-1726
-1674
-1576
-1615
-1695
-1556
-1253
-1104
-1142
-1103
-885
-711
-702
-672
-503
-329
-283
-239
-81
89
138
128
178
239
221
144
88
157
429
872
1279
1514
1666
1795
1877
1984
2249
2488
2368
2007
1867
2022
2104
1938
1702
1476
1192
917
699
400
-46
-538
-1017
-1516
-1904
-2114
-2341
-2724
-3047
-3169
-3319
-3599
-3770
-3719
-3683
-3783
-3835
-3760
-3695
-3647
-3473
-3162
-2847
-2513
-2059
-1569
-1233
-1060
-877
-608
-307
-8
284
522
700
930
1280
1625
1866
2056
2260
2448
2586
2730
2870
2915
2854
2791
2845
2952
2972
2855
2675
2530
2429
2320
2135
1845
1526
1281
1108
919
715
543
347
116
-42
-86
-166
-379
-599
-708
-761
-858
-951
-986
-1021
-1105
-1179
-1159
-1066
-992
-968
-985
-1021
-1019
-918
-757
-653
-629
-592
-498
-409
-353
-258
-124
-66
-96
-74
19
49
-14
-40
-24
-28
71
388
725
887
999
1175
1264
1244
1362
1583
1563
1319
1226
1309
1274
1151
1152
1110
815
500
416
308
-56
-422
-610
-868
-1309
-1615
-1674
-1797
-2093
-2267
-2258
-2365
-2627
-2750
-2661
-2621
-2699
-2724
-2650
-2576
-2467
-2214
-1883
-1635
-1461
-1218
-894
-633
-464
-281
-92
-24
-25
151
502
732
734
799
1100
1385
1448
1491
1725
1947
1958
1936
2090
2227
2127
1999
2105
2265
2182
1991
1979
2056
1947
1697
1554
1500
1348
1125
991
921
770
574
464
419
302
83
-132
-267
-349
-470
-646
-793
-835
-824
-848
-904
-941
-942
-926
-916
-917
-916
-890
-852
-851
-870
-831
-719
-610
-565
-568
-560
-511
-430
-366
-356
-353
-312
-264
-240
-214
-160
-132
-165
-169
-38
181
349
424
459
497
539
607
714
794
777
718
747
834
836
754
725
729
633
494
494
518
335
87
37
50
-134
-377
-471
-563
-786
-929
-948
-1113
-1435
-1564
-1469
-1513
-1744
-1873
-1820
-1757
-1711
-1612
-1539
-1548
-1529
-1386
-1155
-916
-759
-736
-724
-553
-298
-152
-59
141
373
494
611
847
1080
1167
1190
1311
1499
1615
1632
1642
1708
1785
1799
1760
1756
1779
1744
1630
1524
1477
1433
1333
1209
1107
1003
864
738
681
646
521
307
129
34
-76
-238
-362
-433
-541
-657
-682
-673
-761
-901
-976
-999
-1025
-1021
-979
-981
-1016
-986
-905
-888
-907
-848
-727
-651
-620
-577
-554
-565
-542
-449
-345
-294
-280
-248
-199
-160
-138
-104
-53
-3
38
77
123
162
214
325
475
584
626
673
770
853
879
893
911
870
792
761
763
712
602
503
428
368
311
229
114
-3
-103
-210
-324
-417
-509
-644
-771
-833
-881
-983
-1096
-1152
-1146
-1137
-1160
-1181
-1163
-1121
-1081
-1027
-923
-809
-766
-741
-631
-494
-420
-366
-256
-158
-99
35
236
344
353
446
614
709
747
855
957
951
949
1077
1226
1246
1209
1217
1227
1187
1141
1115
1065
973
850
752
700
674
607
495
412
356
262
127
40
18
-28
-159
-287
-341
-365
-432
-510
-539
-557
-609
-656
-644
-650
-703
-744
-690
-627
-647
-685
-617
-494
-444
-457
-438
-355
-282
-235
-205
-141
-65
-10
11
35
81
122
157
197
237
247
272
329
364
313
264
293
337
312
276
314
343
245
98
61
92
73
16
16
42
2
-61
-73
-42
-18
-32
-83
-129
-150
-158
-170
-196
-243
-278
-290
-313
-316
-312
-316
-317
-314
-329
-320
-282
-253
-238
-228
-212
-196
-172
-170
-131
-53
-29
-19
15
46
14
320
1145
1278
456
-41
164
456
457
368
353
170
-130
-370
-642
-656
-283
0
-9
-204
-336
-317
-427
-551
-340
12
104
9
-8
6
-87
-235
-138
152
293
347
341
199
-2
-75
73
261
365
438
479
362
138
31
129
275
353
440
544
455
181
116
310
400
403
465
469
342
190
169
172
88
84
205
386
313
-164
-481
-266
38
-17
-193
-278
-382
-459
-415
-400
-466
-355
-132
-152
-377
-436
-292
-247
-289
-211
-105
-208
-383
-346
-239
-275
-351
-291
-190
-165
-156
-167
-252
-281
-106
122
149
27
-14
13
20
94
211
220
125
126
258
309
194
91
152
310
413
357
189
74
95
158
147
84
37
-2
-57
-81
-61
-115
-211
-200
-70
-2
-111
-248
-249
-161
-126
-136
-115
-103
-151
-166
-100
-61
-92
-90
-33
-19
-58
-94
-131
-155
-123
-74
-85
-134
-127
-51
16
44
57
77
118
175
203
175
149
199
268
306
329
349
340
283
254
294
322
295
258
226
186
153
156
170
163
164
206
229
187
118
90
112
113
57
-23
-74
-92
-105
-132
-146
-137
-154
-216
-275
-299
-294
-300
-308
-300
-287
-310
-346
-340
-292
-259
-231
-184
-152
-148
-134
-111
-99
-65
0
50
83
126
176
198
216
245
266
283
282
225
118
50
57
62
37
8
5
19
23
21
25
19
1
-7
-8
-29
-81
-149
-207
-220
-189
-167
-171
-149
-83
-48
-100
-164
-147
-80
-34
-8
1
-42
-103
-84
1
31
-9
-16
15
13
-25
-54
-76
-113
-122
-65
24
62
15
-48
-27
55
98
96
110
142
153
157
179
191
181
201
262
300
282
252
245
239
218
209
219
223
200
147
98
69
46
16
9
17
-22
-94
-137
-148
-185
-220
-199
-161
-168
-211
-235
-237
-236
-231
-220
-204
-185
-185
-206
-217
-207
-187
-162
-119
-81
-90
-107
-71
-3
35
50
72
84
70
79
124
136
107
107
145
144
109
109
145
147
133
151
168
137
96
107
143
151
138
128
129
129
112
81
67
87
102
84
44
9
-2
-3
-23
-57
-57
-24
-30
-97
-156
-154
-141
-153
-171
-177
-198
-224
-214
-180
-180
-215
-233
-201
-167
-179
-204
-200
-175
-170
-171
-132
-68
-29
-19
-1
39
75
111
170
220
213
182
193
226
229
201
187
180
172
176
196
184
136
121
155
178
145
99
92
109
118
109
88
67
42
30
33
29
7
-12
-12
-25
-81
-138
-155
-141
-142
-174
-212
-246
-259
-249
-230
-228
-234
-229
-216
-199
-179
-156
-142
-137
-111
-62
-31
-39
-60
-54
-17
28
63
81
75
68
89
130
156
166
182
208
229
237
229
213
205
214
236
242
231
208
172
143
141
155
153
119
67
29
5
-13
-31
-68
-124
-162
-160
-141
-162
-216
-255
-253
-227
-203
-190
-190
-199
-208
-195
-173
-142
-110
-81
-66
-61
-55
-33
-13
-6
3
20
41
47
42
39
48
54
67
90
112
117
110
116
134
143
144
157
173
188
186
167
151
139
143
140
121
99
72
41
6
-25
-42
-52
-67
-88
-109
-134
-161
-170
-160
-140
-133
-146
-153
-163
-160
-139
-109
-83
-83
-89
-77
-58
-47
-36
-23
-7
5
12
24
35
37
48
61
75
91
101
113
116
119
133
141
144
143
154
168
162
135
112
104
96
84
72
56
28
-15
-53
-78
-97
-109
-117
-129
-149
-180
-205
-209
-205
-201
-188
-171
-154
-155
-168
-165
-142
-111
-79
-49
-27
-18
-22
-17
3
33
61
84
106
116
110
100
98
110
127
142
156
156
140
109
93
107
121
133
138
138
127
107
99
103
109
107
107
110
105
80
45
24
14
2
-16
-34
-57
-95
-130
-155
-168
-182
-198
-202
-201
-202
-215
-219
-208
-187
-168
-145
-118
-94
-77
-61
-36
-11
14
43
77
102
112
116
125
141
154
167
174
175
163
151
146
143
139
129
110
90
70
55
44
38
22
-3
-27
-49
-65
-80
-87
-97
-110
-124
-137
-150
-160
-164
-161
-158
-158
-161
-164
-163
-155
-142
-124
-110
-105
-91
-78
-61
-40
-19
-1
16
27
36
48
65
85
106
121
133
140
142
145
152
165
181
191
187
178
168
157
157
159
156
150
134
114
99
85
72
62
52
36
20
0
-19
-29
-42
-55
-66
-77
-92
-109
-123
-130
-131
-130
-135
-141
-153
-160
-160
-147
-139
-135
-130
-127
-117
-106
-97
-85
-73
-64
-48
-34
-17
-6
7
19
29
42
53
65
73
84
85
88
92
95
101
102
95
86
81
76
80
77
68
57
43
37
35
34
24
10
-4
-8
-6
-10
-16
-29
-41
-49
-45
-40
-42
-52
-63
-62
-58
-47
-43
-45
-45
-44
-37
-28
-20
-17
-14
-9
-2
4
10
12
14
16
21
24
27
33
33
32
34
33
33
31
32
31
27
24
23
22
16
14
9
8
8
1
-1
1
1
-3
-6
-11
-13
-12
-16
-18
-18
-19
-21
-23
-16
-11
-12
-15
-11
-8
-4
-1
2
5
9
13
15
19
19
20
18
20
24
25
22
19
19
17
9
4
-1
-2
-10
-19
-19
-22
-28
-34
-33
-32
-36
-43
-42
-38
-35
-31
-30
-30
-24
-21
-16
-10
-6
-2
-2
1
8
15
11
10
13
16
20
17
14
17
18
16
14
15
17
14
10
12
16
13
11
8
13
12
6
4
9
8
6
4
6
8
2
2
4
8
