SAMPLES:	7115
BITSPERSAMPLE:	16
CHANNELS:	1
SAMPLERATE:	16000
NORMALIZED:	FALSE
0
3
3
1
3
4
2
3
4
6
3
3
4
7
6
2
-3
-2
2
3
1
2
1
0
1
1
0
0
-4
-6
-6
-4
-1
0
0
-5
-2
-4
-3
0
-3
-4
-4
-2
-3
0
0
-3
-2
0
-1
2
0
2
3
2
1
3
5
3
2
2
3
1
0
-4
1
-1
-5
-1
-1
2
1
1
3
2
0
-1
0
1
-1
-1
1
5
3
-4
3
1
0
1
-1
-3
0
-2
3
4
-1
-2
0
5
2
2
4
5
-3
-2
-3
-3
-2
-2
-2
-4
-4
-6
-2
-2
-1
-1
-1
0
0
-1
0
2
2
1
-1
1
3
2
1
2
1
0
1
3
2
-2
-2
-3
0
-2
-3
-1
0
0
-4
-2
-1
0
1
0
0
-1
1
2
4
1
3
4
2
2
2
2
-2
-1
-2
1
-3
-5
-1
-3
-2
0
2
1
5
4
-1
-1
-1
1
-4
-4
-3
0
2
2
2
4
2
-1
1
1
-2
0
0
-2
-1
2
3
2
2
2
2
2
-3
-1
-2
-1
3
0
0
0
-2
-2
1
2
0
-1
1
-1
-1
-3
-1
-4
-3
-1
0
-2
-2
4
2
3
0
3
2
2
0
-1
0
-1
0
0
2
1
-2
-4
-1
-1
0
3
0
-1
-4
-2
-1
-4
-4
-1
0
0
-1
0
5
4
4
0
-1
0
-3
-2
-2
1
2
2
-2
-2
-3
-3
-4
-1
0
-1
1
2
2
4
4
1
6
5
3
3
5
1
1
3
3
4
3
5
4
2
2
2
3
1
-2
2
-1
-3
-2
1
-2
0
-1
-5
-3
0
0
1
1
1
0
-4
-2
-2
-3
-6
-6
-4
-5
-6
-4
-6
-5
-4
-5
-2
-4
-2
-3
0
0
-1
2
3
5
5
4
3
4
1
5
4
4
5
4
4
4
2
2
4
3
3
6
6
6
2
0
1
2
-2
0
4
2
1
0
0
-1
-1
-2
-3
-2
-1
1
-3
-1
-3
-1
-2
-3
1
-1
-1
2
1
-1
1
-4
-5
-4
-6
-9
-8
-7
-2
0
-3
-2
0
-3
-3
-4
-4
-2
-3
-2
-1
1
0
1
3
0
-2
4
1
-1
2
4
3
1
1
3
3
1
5
3
1
2
4
3
2
5
5
7
4
2
-2
-1
2
1
5
2
3
2
2
2
1
5
2
3
2
1
0
-2
2
-1
-1
1
-1
-2
-1
-4
-7
-4
-5
-6
-9
-7
-3
-3
-6
-6
-2
-4
-2
2
0
0
1
-2
2
4
6
9
6
3
4
2
-1
5
6
4
7
7
6
5
4
2
-2
-1
-2
-3
-3
-3
-5
-8
-9
-10
-6
-6
-11
-8
-7
-7
-2
0
-4
-4
-5
-9
-6
-7
-8
-3
-5
-2
-1
-2
1
0
3
0
0
3
4
4
1
4
3
5
3
4
4
0
6
6
6
7
6
5
4
2
2
1
-1
0
2
0
0
1
-1
0
2
1
3
5
3
4
5
3
-1
-3
-1
2
-1
-2
-2
-4
-1
1
-2
-2
2
2
0
1
2
5
3
2
5
3
2
3
-1
1
5
4
1
3
8
3
8
8
5
5
4
6
5
7
7
5
3
2
5
2
3
1
-1
-2
-3
-2
-4
-3
-3
-4
-4
-3
-7
-9
-7
-8
-7
-7
-13
-13
-17
-28
-28
-25
-29
-26
-38
-49
-46
-49
-50
-49
-59
-66
-59
-54
-51
-51
-55
-54
-50
-46
-36
-33
-31
-25
-15
-9
0
9
18
28
37
49
51
65
85
89
100
107
111
126
136
138
140
139
134
140
142
129
125
115
109
106
97
83
70
64
56
53
43
30
17
2
-5
-17
-28
-35
-44
-57
-72
-81
-88
-86
-80
-76
-71
-60
-42
-14
19
62
115
172
227
295
365
451
565
654
743
828
909
987
1062
1126
1171
1198
1206
1188
1153
1101
1036
949
833
692
532
365
191
5
-196
-398
-606
-811
-1016
-1207
-1382
-1548
-1711
-1870
-2004
-2123
-2219
-2295
-2351
-2397
-2435
-2450
-2441
-2398
-2325
-2230
-2112
-1991
-1859
-1705
-1515
-1313
-1113
-922
-727
-506
-271
-32
197
404
598
789
976
1158
1334
1511
1679
1822
1939
2038
2129
2208
2268
2295
2301
2283
2268
2259
2221
2153
2058
1941
1806
1649
1473
1302
1122
926
730
546
384
213
8
-217
-446
-658
-841
-987
-1112
-1258
-1413
-1561
-1710
-1866
-1894
-1505
-590
498
1132
1020
532
297
616
1261
1801
1964
1835
1737
1909
2202
2233
1824
1193
739
609
659
640
445
134
-220
-629
-1172
-1783
-2252
-2427
-2398
-2374
-2489
-2712
-2881
-2884
-2809
-2894
-3214
-3561
-3656
-3404
-2956
-2537
-2268
-2106
-1967
-1816
-1702
-1677
-1702
-1644
-1415
-1098
-850
-640
-357
-43
199
365
508
700
1085
1616
2001
2138
2283
2561
2832
3056
3256
3323
3251
3300
3468
3475
3307
3224
3212
3087
2904
2729
2480
2179
2001
1884
1648
1325
1093
966
813
530
155
-220
-570
-855
-1032
-1178
-1406
-1630
-1701
-1699
-1791
-1943
-2018
-2050
-2101
-2135
-2128
-2138
-2150
-2093
-1974
-1874
-1852
-1787
-1590
-1375
-1245
-1129
-967
-840
-742
-584
-420
-343
-285
-135
33
106
139
221
337
403
409
388
358
326
329
356
314
190
104
134
208
264
299
280
200
212
444
868
1327
1677
1842
1906
2023
2257
2507
2630
2595
2491
2457
2502
2532
2432
2161
1761
1359
1056
839
620
341
24
-312
-658
-1011
-1384
-1759
-2078
-2318
-2474
-2618
-2758
-2855
-2890
-2865
-2866
-2918
-2993
-3012
-2920
-2746
-2549
-2374
-2199
-1945
-1586
-1260
-1096
-1061
-999
-837
-616
-375
-146
38
200
437
743
992
1131
1220
1338
1505
1709
1924
2103
2215
2272
2295
2305
2302
2289
2297
2309
2268
2186
2105
2003
1860
1676
1467
1187
896
690
565
435
267
121
-25
-239
-512
-761
-964
-1143
-1283
-1353
-1408
-1518
-1603
-1601
-1578
-1625
-1689
-1684
-1632
-1577
-1520
-1453
-1406
-1368
-1307
-1242
-1187
-1103
-972
-875
-817
-752
-658
-583
-568
-585
-628
-715
-832
-964
-1029
-656
524
2128
3149
3186
2837
2675
2721
2997
3627
4189
4204
4016
4273
4799
4908
4439
3668
2822
2150
1912
1909
1705
1284
882
400
-376
-1286
-2068
-2706
-3220
-3438
-3441
-3577
-3858
-3898
-3611
-3524
-3922
-4510
-4893
-5037
-4921
-4458
-3816
-3352
-3128
-2855
-2474
-2250
-2292
-2385
-2384
-2301
-2090
-1697
-1223
-813
-415
40
463
676
732
914
1324
1821
2408
3204
3819
3786
3555
3841
4291
4291
4215
4397
4372
4084
4159
4434
4184
3540
3130
2848
2419
2082
2015
1891
1508
1135
865
453
-185
-667
-838
-1039
-1485
-1908
-2111
-2279
-2460
-2536
-2567
-2778
-3067
-3109
-2845
-2647
-2726
-2810
-2742
-2710
-2779
-2692
-2466
-2331
-2195
-1840
-1433
-1265
-1194
-962
-674
-544
-477
-312
-121
51
286
561
669
575
482
504
556
434
123
-153
-252
-265
32
1187
2959
4218
4245
3555
2969
2868
3340
4224
4909
4812
4343
4336
4886
5231
4824
3720
2334
1318
1110
1348
1253
719
141
-375
-1115
-2035
-2897
-3672
-4353
-4711
-4618
-4507
-4648
-4697
-4316
-3885
-3935
-4440
-4995
-5275
-5151
-4534
-3659
-2931
-2545
-2254
-1828
-1440
-1304
-1442
-1629
-1768
-1652
-1133
-433
-156
-232
177
1041
1510
1308
1119
1229
1587
2060
2644
3135
3496
4071
5273
6470
6432
5532
4900
4591
3909
3068
2650
3124
3764
3881
3282
2260
976
26
-127
-205
-803
-1315
-755
-26
58
-698
-1712
-3037
-4162
-4377
-3985
-3872
-4125
-3722
-2943
-2662
-3417
-3976
-3886
-3478
-2936
-2071
-1375
-1140
-816
-162
312
-151
-771
-816
-373
-2
377
511
137
-416
-443
-671
-1119
-1576
-2310
-2765
-3011
-4016
-3897
971
10537
18868
18262
11252
7850
10994
11699
4421
-3367
-2165
5357
9200
5852
170
-2794
-3616
-3929
-4979
-6860
-7999
-6281
-1711
3149
5394
3908
-235
-4267
-5162
-3480
-2486
-3383
-3789
-2121
-102
-114
-2207
-5562
-9211
-11196
-9972
-7220
-5636
-5149
-3890
-1333
744
794
-1359
-3525
-3111
-5
3370
4811
4643
4649
5096
4747
3266
1112
-1061
-2140
-1376
690
2100
2082
1527
1200
1120
997
744
683
1338
3039
5194
7747
11767
12744
7827
2274
2405
3196
-320
-3722
-3675
-1660
-34
738
-2223
-6017
-7228
-4802
-2017
-1518
-1744
-849
1920
3129
2074
-423
-2603
-4082
-3653
-1908
-1437
-2772
-3472
-2046
-1563
-2500
-3209
-3241
-2823
-858
1615
1845
398
-40
325
18
-529
-580
-1022
-1859
-1186
206
-83
-1847
-2405
-1829
-1828
-2599
-3546
-5315
-7856
-5527
7539
26185
31863
17324
3089
7251
16327
8421
-9609
-14416
-2303
8779
7245
-380
-5053
-6590
-7886
-7905
-5650
-3299
-2974
-2464
2539
10447
12762
5221
-4965
-8241
-4467
-1078
-1971
-4330
-4909
-3931
-2915
-3108
-5646
-9666
-12235
-11055
-6466
-1582
78
-1640
-2562
197
3669
3134
-868
-3030
-591
3580
5587
4585
2472
1157
874
736
254
-678
-1965
-2673
-1542
947
2534
2024
817
1094
2593
3963
4341
4090
3894
4467
5775
8423
9924
7128
2981
1631
1593
-864
-3603
-5330
-5582
-3638
-456
144
-1705
-2592
-1935
-120
910
630
-63
579
1593
1587
210
-2317
-4333
-4902
-4639
-4378
-3926
-3614
-3193
-1989
-788
-582
-1135
-1249
-592
462
1131
922
139
-694
-917
-780
-982
-1739
-2435
-2298
-1231
-261
-470
-1377
-1964
-2363
-2980
-4044
-5102
-6596
-2775
13688
30803
27376
7177
-649
9555
13120
-946
-14875
-11567
1221
7094
2192
-3155
-3742
-4437
-7241
-7074
-1301
2659
356
-1777
3815
11978
11249
1758
-6839
-7453
-3147
-1035
-3373
-6406
-6525
-5243
-4363
-4026
-4005
-5389
-7404
-6818
-2478
2090
2055
-1566
-3139
285
4287
3362
-961
-2873
-616
1855
1786
223
-647
-610
-558
-49
1027
1580
153
-1827
-1564
920
2775
2281
1387
1953
3612
4818
4542
3388
2361
2271
2665
4899
7951
6062
940
-474
1033
-1180
-4228
-4568
-4743
-3211
1050
2676
74
-864
-26
400
923
1095
8
-461
522
497
-721
-2355
-3924
-4774
-4436
-3259
-2258
-1910
-1767
-795
359
545
66
-457
-560
-93
707
539
-525
-1414
-1934
-1811
-1372
-1579
-2403
-2319
-1051
-278
-554
-1615
-2959
-4068
-4673
-5396
-3590
9671
28381
30674
12335
-736
6075
12491
2108
-13972
-15884
-3957
5267
2717
-3526
-3398
-1433
-4360
-7462
-2972
4040
3808
-740
804
9378
13527
6617
-4536
-9064
-5117
-1620
-3963
-7903
-7941
-5764
-4848
-4179
-2715
-1840
-3329
-5257
-4052
599
3519
752
-3334
-2590
2269
4118
878
-2629
-2544
-207
528
-570
-1158
-157
483
137
772
2479
2817
318
-2063
-1280
1395
2802
1941
1063
2018
3979
4611
3464
2253
1863
1815
2359
5274
7516
4665
281
-450
-235
-2232
-3649
-4334
-4455
-1465
2332
2396
657
568
420
70
762
957
-134
-678
-437
-912
-1554
-2482
-4144
-5269
-4387
-2331
-1118
-864
-644
26
717
933
406
-492
-732
-411
-359
-733
-1335
-2289
-2991
-2510
-1565
-1317
-1888
-2196
-1645
-1117
-1559
-3189
-4833
-5820
-4078
7985
26980
31801
14615
-711
3942
12193
4491
-12669
-18707
-8572
2959
3134
-2739
-2863
333
-1661
-5804
-2940
4591
5679
18
-1436
6437
14017
10093
-2184
-9878
-7131
-2630
-4261
-8668
-9300
-6558
-4426
-3034
-1035
979
352
-2756
-3916
-376
3478
1711
-3106
-3974
145
3355
1563
-2361
-3698
-1928
-686
-1306
-1398
48
1149
912
1295
3073
3864
1646
-1688
-2506
-293
1950
1892
887
1277
2901
3796
3290
2297
1566
1262
2802
6421
7028
2965
-207
-504
-1620
-2939
-2988
-4252
-4483
-759
2595
2276
1678
1751
838
773
1455
497
-1149
-1331
-1324
-1882
-1750
-2165
-3755
-4535
-3429
-2006
-1055
-177
123
284
1108
1679
1004
37
-659
-1478
-1829
-1623
-2100
-3061
-2912
-1982
-1302
-937
-1317
-2459
-3102
-3108
-4182
-6446
-5040
7760
26804
31394
14839
-94
3804
11627
3852
-13607
-20143
-10096
1924
2823
-2378
-1918
2263
559
-4794
-3441
4110
6349
728
-2154
4779
13598
11519
-698
-9621
-7849
-3488
-4984
-9286
-9838
-6633
-3831
-2137
350
3243
2644
-2070
-4622
-1073
3287
1589
-3548
-4506
-235
3171
1405
-2581
-3857
-2424
-1975
-2731
-1493
1517
2728
1415
1070
3239
4803
2518
-1969
-3738
-1397
1519
1813
856
1310
2838
3612
3154
2322
1900
2834
4365
4087
2542
2105
1352
-1625
-3445
-2520
-2194
-2763
-1696
207
1396
2385
2226
919
918
1603
455
-1109
-912
-867
-2024
-2861
-2998
-2922
-2745
-2776
-2884
-1653
265
690
156
453
1269
1483
1101
97
-1178
-1677
-1767
-2510
-3042
-2630
-2174
-2092
-1841
-1616
-1914
-2357
-3269
-4775
-6121
-2356
12686
29983
29303
10383
-1224
5531
11520
894
-16379
-19976
-7999
2878
1387
-4128
-1706
3336
1042
-4276
-1902
5591
6324
-440
-3116
5110
14219
10546
-2808
-10308
-6717
-2778
-5698
-10500
-10322
-6092
-3024
-1789
727
4399
3728
-1947
-4942
-1136
3186
1015
-4236
-4882
-98
3410
1050
-3402
-4391
-2560
-2160
-2786
-1014
2531
3937
2327
1388
3006
4258
1732
-2763
-4142
-1305
1972
2419
1359
1492
2749
3346
2690
2176
2826
4126
4782
3965
2659
1590
-158
-2685
-4148
-3475
-2450
-1818
-578
1149
2400
2618
2097
1434
1277
982
-230
-1459
-1859
-2079
-2730
-3303
-3429
-3136
-2636
-2249
-1802
-916
105
597
686
901
1136
1081
762
112
-808
-1623
-2331
-3048
-3340
-2854
-2277
-2194
-2351
-2635
-3067
-3681
-4445
-5087
1885
20210
32767
22694
2676
-764
9565
10403
-5763
-20923
-17018
-1461
5177
-1632
-5660
496
4363
-1249
-5998
-298
7909
6400
-1711
-2051
8811
15149
5883
-8213
-11016
-4872
-2930
-7738
-11387
-8311
-2842
-1198
-1417
1479
4931
1914
-4407
-5402
314
4126
107
-4249
-2702
1922
2666
-1566
-4970
-4367
-3036
-3084
-2353
995
4539
4266
2029
1627
3178
3042
-482
-3833
-3545
-41
2920
3111
2377
2105
2280
2219
1841
1809
3079
5528
5666
3092
1924
2024
-749
-4374
-4738
-4037
-3361
-1219
1079
1660
2298
3179
2414
1949
2101
463
-1712
-1694
-1298
-2415
-3370
-3770
-3885
-2994
-2140
-2462
-2148
-497
195
171
951
1442
1014
828
663
-306
-1059
-1700
-2859
-3370
-2531
-2283
-3102
-3488
-3492
-3838
-3966
-4627
-2888
10486
28935
30205
11006
-2383
3953
11952
3919
-13948
-20116
-8365
4166
2479
-5181
-3471
2714
1040
-5404
-4380
4742
9304
3326
-2907
2860
13472
11861
-1885
-11361
-8825
-3770
-4629
-8878
-9133
-4597
-1682
-1855
-679
2844
2618
-2803
-5804
-2234
2973
3040
-754
-2398
-123
1523
-714
-3706
-4320
-3652
-3694
-2733
732
4100
4374
2051
827
1799
2310
505
-2043
-2402
-668
1487
2772
3158
2908
2141
1494
1434
2035
4499
7641
5979
1033
-187
1362
-669
-3933
-4376
-4506
-3327
455
2356
1162
1232
1791
873
1728
3297
1427
-1166
-1002
-880
-1714
-2151
-3865
-5608
-4336
-2335
-2378
-2068
-916
-986
-483
1380
1808
818
605
-26
-1143
-914
-611
-1776
-2675
-2418
-2396
-3003
-3539
-4472
-4860
-4651
-1733
11712
28795
29185
9878
-3356
3160
11398
4576
-11927
-17546
-6546
4986
3004
-4908
-4296
117
-1818
-6363
-3332
5838
9279
3272
-2043
3787
12749
9871
-3039
-10938
-8131
-3742
-3988
-6825
-6937
-4206
-3019
-3085
-1165
1924
318
-4911
-6095
-1131
4005
3252
-726
-2114
87
951
-1729
-4114
-3943
-2855
-2754
-1596
1803
4652
3937
463
-1076
678
2356
1040
-1375
-1544
393
2541
3197
2512
1206
375
572
1613
3207
6109
9072
6887
1845
666
1385
-1755
-5160
-4936
-4587
-3061
712
2086
760
1103
1508
236
1288
2989
1257
-682
-202
-345
-1219
-1463
-3548
-5757
-4651
-2904
-3002
-2400
-1120
-1148
-359
1087
778
187
583
-203
-1725
-1195
-414
-1224
-2277
-3155
-4001
-3669
-2833
-3611
-5176
-2307
11984
28650
28139
8577
-4716
2527
11545
4805
-10861
-14668
-3521
5641
2084
-4992
-3051
670
-3592
-8944
-3765
7676
10402
2617
-2463
4491
12705
8188
-4557
-10851
-7264
-3736
-4300
-5259
-3560
-2059
-4094
-5373
-2309
1554
-748
-6450
-6613
-352
4868
3346
-807
-2276
-1061
-1230
-3240
-3663
-2326
-1550
-2073
-859
2495
4496
2656
-1027
-2138
-202
2066
1953
459
-28
834
2213
2597
1819
469
-165
432
2112
6560
10618
7947
1507
-555
1023
139
-1800
-3399
-4987
-2969
1593
2211
-247
-597
-708
-1066
1231
3489
2496
1029
591
-541
-518
-241
-3272
-6558
-5947
-3699
-2397
-1216
-1372
-2282
-837
1252
928
-215
-824
-1964
-2171
-524
115
-932
-2103
-3094
-4034
-3623
-3265
-4177
-4789
3568
21901
31272
18412
-2068
-3672
8217
10373
-2705
-13777
-7747
4170
4934
-3625
-5732
-576
-1576
-8157
-7337
4631
12670
7056
-2314
-241
10218
11094
-111
-9400
-7609
-3068
-3507
-5420
-4569
-2399
-4320
-7157
-4948
521
1166
-4426
-6941
-2307
4071
4502
404
-2461
-2449
-2155
-3319
-3155
-1742
-1110
-1905
-1567
1137
3132
2091
-1199
-2702
-1180
1673
3292
2648
1336
620
1351
2208
1942
672
-368
1309
6078
8961
6357
2358
432
-252
-146
378
-1111
-2861
-1273
646
508
544
533
-840
-819
1130
1792
1473
1390
274
-871
-230
-301
-2298
-3607
-3963
-4051
-3089
-1965
-2538
-2911
-1648
-794
-367
347
53
-1183
-982
-90
-574
-1659
-2653
-3779
-4149
-3479
-3271
-3908
-1599
12181
27741
25334
4543
-7899
2158
13025
7246
-7612
-9796
1961
8103
24
-8381
-5175
-1567
-6103
-9140
85
11943
10550
-551
-4564
5135
11863
4577
-6472
-7519
-1738
-368
-2596
-3673
-2745
-4624
-8455
-7881
-2589
247
-3933
-7254
-3837
2828
4758
1230
-2334
-3117
-1777
-1635
-1844
-1582
-1028
-959
-957
-53
608
504
-1266
-3057
-2806
287
3634
3594
1273
-179
1459
3203
2480
333
877
5561
8070
6123
2572
1400
782
-339
-365
-642
-706
-153
450
-174
-110
93
-911
-802
1108
2673
1996
1261
354
-193
72
-450
-1934
-2744
-2189
-2566
-2954
-2855
-2780
-2805
-2449
-1957
-1473
-311
-287
-1400
-1457
-180
231
-759
-2167
-3045
-3102
-2586
-3213
-3987
-3564
6367
23229
27174
10169
-8149
-3301
10698
11507
-1632
-8948
-585
7898
3147
-6964
-6244
-1526
-4248
-8512
-1483
11016
11184
-257
-7747
170
9900
6734
-3583
-6437
-1188
547
-1873
-3890
-3540
-5011
-7706
-6777
-1567
1497
-2703
-7248
-6289
-715
2461
1335
-1648
-3454
-1984
-83
663
-848
-2486
-2447
-541
943
319
-364
-863
-1605
-2531
-608
2838
3514
583
-2017
-63
3311
3875
1122
416
4939
8869
7396
2837
82
-669
9
1235
1051
51
217
44
-1440
-1125
-355
-1192
-1565
443
2656
3268
2501
99
-1351
-394
45
-1520
-2352
-2218
-2636
-2859
-2673
-2654
-2335
-1627
-1672
-1341
-397
-829
-2218
-1901
-748
-452
-948
-1772
-2759
-2715
-2176
-2310
-2893
1163
15829
26344
17843
-3733
-8790
6146
14718
5604
-7214
-4354
5496
5206
-5522
-8974
-3183
-1699
-5883
-3350
8726
12017
2008
-8070
-3654
7668
8724
270
-4849
-1397
441
-2078
-4511
-4466
-5650
-7838
-6510
-1831
1237
-2460
-7161
-7215
-2501
1334
1630
-14
-2605
-2696
-501
1553
143
-2388
-2301
379
2114
721
-855
-1589
-1998
-3014
-1519
1978
3100
456
-1247
1410
4389
5058
2935
1469
1753
4377
5841
3187
-146
-1028
358
1171
1633
650
-732
-1044
-106
486
556
614
-345
-137
1485
2334
376
-1908
-2453
-1464
-230
-549
-1858
-2526
-2198
-2572
-2696
-2010
-1642
-2072
-1459
-332
271
488
-438
-1634
-1870
-1542
-2282
-3212
-2777
-2468
-2323
-2310
3253
18069
25192
12347
-7699
-5646
12235
18105
5750
-5597
-1134
6402
2149
-8924
-9172
-3183
-3274
-6852
-1096
9357
7327
-4238
-9940
-731
10098
9202
1058
-2209
-72
-383
-2429
-3683
-4585
-7288
-7594
-4531
-1458
-2340
-6719
-8635
-6937
-2447
1181
2542
-232
-4342
-3863
871
3246
195
-2067
-88
2981
1982
-657
-1248
-1184
-2525
-3146
720
4387
2605
-2220
-2611
1933
5572
5034
2276
1678
3943
5195
2930
392
266
1473
2160
2493
2009
582
-577
-1179
-952
323
952
-347
-1235
-203
936
257
-1469
-2333
-1343
362
-139
-2460
-3475
-2572
-1776
-1737
-1694
-1670
-1578
-1451
-1998
-1925
-884
-779
-2020
-1905
-711
-202
-1101
-1500
-1876
-1448
-1137
4565
17984
21479
6755
-10473
-3275
15356
18552
4843
-4113
1580
6781
536
-8281
-5236
265
-1472
-4852
1180
7599
1140
-9091
-9668
1315
8791
5864
-833
-2832
-1896
-1964
-1139
-368
-1889
-5181
-3964
-1380
-2047
-6492
-9725
-8846
-6339
-2989
-551
-443
-4526
-7432
-3806
2736
3766
-160
-719
2502
3667
406
-1111
496
1122
-670
-661
2442
2743
-1548
-4422
-1381
3645
6259
5786
4422
2282
1252
1458
1688
2483
3428
3421
1951
1264
635
-976
-2072
-718
1201
2444
2489
365
-1575
-1279
130
-238
-1111
-1050
-991
-1714
-3213
-4683
-4415
-2439
-1697
-1974
-1824
-1014
-1321
-2331
-2061
-758
710
589
-779
-1864
-1682
-2009
-2126
-2254
-1488
-905
6663
18775
17269
662
-10714
2484
19705
18248
3476
-2000
3931
5384
-2383
-6550
-511
1907
-2594
-4352
2888
5094
-4063
-10571
-5001
6395
8799
2458
-3940
-4652
-3341
-1410
819
648
-2786
-5510
-3331
-2405
-4614
-7076
-6413
-5129
-4565
-2727
-1296
-3819
-9136
-8639
-1235
4368
857
-4226
-2676
1673
1936
-385
915
3151
2679
756
1698
3201
1517
-1352
-113
3900
5192
3214
-31
-560
1284
3910
3458
1497
1161
2038
2075
1709
1807
1377
1736
2357
2542
1629
822
-509
-1602
-495
1124
712
-1781
-3487
-3401
-1799
-1256
-2642
-3933
-3142
-2127
-2690
-3236
-2908
-2075
-1771
-1038
-463
-497
-1380
-2030
-1676
-476
-49
-339
-949
-1089
-1173
3941
15637
16786
2677
-9839
765
18938
18774
3456
-3552
2752
6383
1129
-2734
2065
3328
-2085
-4598
1956
5106
-2996
-9024
-4085
4989
5716
-236
-5039
-4913
-2990
-99
2474
975
-3820
-7112
-4586
-2582
-3903
-5415
-4664
-4632
-5851
-4589
-2453
-4186
-8669
-7391
-460
3090
-1558
-6196
-3843
673
1651
807
2133
2581
523
-486
2174
4129
2821
1768
3022
4932
4120
1462
-702
172
2881
4181
3027
1253
-88
-679
776
2848
3323
2116
1837
2256
2265
1896
1445
742
95
106
-14
-593
-2082
-3465
-3247
-1565
-1256
-2978
-4107
-3599
-3065
-3378
-3129
-2304
-1784
-2137
-2543
-2280
-1370
-1117
-1569
-1022
99
440
-990
-1123
-77
7366
15679
11193
-2992
-7632
8135
20984
14521
715
-985
4284
4568
373
1567
6061
2446
-4354
-3887
3893
3541
-4785
-6665
486
5367
1424
-4101
-5619
-3417
-1297
1471
2315
-597
-5509
-7080
-3717
-1709
-2438
-4205
-5307
-7040
-6902
-4245
-3194
-6327
-8358
-4255
120
-1016
-5318
-4966
-1011
674
-320
-19
1653
970
-494
805
3978
4183
2213
1667
3123
4046
2879
1572
1969
3877
3745
1261
-416
839
2244
2150
2026
2249
2039
1521
1799
2278
2745
2516
1621
765
820
719
-463
-1498
-1695
-1325
-1180
-1771
-3328
-4052
-3150
-2292
-2816
-3541
-3466
-3171
-2857
-2429
-2258
-2071
-2062
-2062
-1888
-1273
-868
-1278
-792
1636
9814
13376
4744
-6679
-2193
15443
20479
8160
-1840
1712
5664
3612
1916
6214
6362
-1902
-6496
-299
6774
1711
-5842
-3591
3493
3056
-2722
-4688
-2598
-1037
-603
990
-150
-4230
-7080
-4372
-106
-203
-3240
-5503
-6408
-6970
-4919
-1946
-2683
-7181
-7969
-3599
-1271
-3668
-5623
-3081
-712
-1399
-2359
-774
717
7
-378
1716
3887
3588
2082
956
2055
4131
4611
2749
1553
1942
1775
1291
2292
3086
1746
812
1436
2215
2267
2468
2327
1886
2032
1822
865
381
793
761
469
-27
-1060
-1958
-1370
-715
-1486
-2420
-2747
-2760
-2855
-2475
-2263
-2516
-2877
-2972
-2783
-2187
-1584
-1693
-1883
-1704
-1743
-1288
162
5356
9460
5299
-2877
-2240
10277
17499
10135
426
1408
5868
5556
3870
6145
6614
223
-4370
-799
5151
2788
-3905
-4232
509
880
-3298
-4079
-1448
-538
-1931
-1194
-324
-2268
-4548
-3403
-282
-332
-3437
-6008
-6106
-5318
-3925
-2504
-3118
-6274
-7803
-4924
-2001
-2460
-3908
-2977
-1665
-2324
-2737
-835
1016
243
-663
935
3362
2660
505
786
3246
4588
3420
1762
1212
1778
2154
2116
1966
2050
1423
811
1698
3093
2867
1510
1411
2250
2584
2111
1519
917
565
116
-864
-1727
-1735
-1000
-467
-763
-1798
-2793
-2560
-1407
-1025
-1397
-1743
-2225
-2807
-2590
-1570
-1298
-1880
-2464
-2142
-1668
-1291
-881
2137
7483
6358
-1350
-4048
6632
16626
11618
820
-16
5600
6294
4584
6668
8549
2393
-4348
-1569
6154
6134
-1504
-4052
204
1345
-3353
-4951
-1425
-282
-3497
-4670
-2474
-2588
-4603
-4031
-549
78
-3284
-5818
-4996
-3256
-2796
-2738
-3360
-5322
-6906
-5135
-2242
-2261
-4284
-4714
-3180
-2352
-2014
-871
153
-212
-379
801
1568
1027
957
2287
3328
3118
2215
1456
1560
2776
3481
2665
1580
1502
1919
2288
2980
3090
2217
1516
1709
1802
1429
1219
1037
548
209
226
-131
-697
-713
-178
129
-519
-2022
-2813
-1788
-361
-670
-2314
-3217
-2996
-2453
-1804
-1302
-1627
-2389
-2584
-1777
-1051
-628
-248
2676
5898
3302
-2470
-1326
9227
14457
7374
-161
2290
6923
5917
4769
7371
7345
516
-3177
1895
7553
4531
-2074
-2427
787
-187
-3746
-2752
144
-1422
-5373
-5017
-2042
-2485
-4485
-3558
-1206
-2593
-5768
-5765
-3106
-1947
-2934
-3550
-4042
-5384
-5951
-3588
-1088
-1949
-4455
-4686
-2877
-2073
-2279
-1843
-591
-105
-556
-798
48
1542
2337
2211
2066
2180
1704
1467
2700
4031
3293
1590
1329
2211
2853
3114
3280
2833
2017
1657
1792
1911
1695
1366
992
756
222
-531
-694
-325
-385
-779
-797
-959
-1653
-2034
-1271
-408
-914
-2199
-2648
-1946
-1063
-1145
-1954
-2279
-1975
-1711
-1862
-1560
-403
2225
4320
2221
-1908
-846
7233
11987
6937
515
1867
6260
6336
5214
6759
6527
1332
-1561
2820
7515
4816
-1008
-1739
1067
599
-2617
-2677
-188
-851
-4546
-5413
-3003
-2364
-3994
-3932
-2123
-2708
-5548
-6222
-3727
-1951
-2810
-4273
-4898
-5137
-4887
-3353
-1773
-2151
-3819
-4124
-2518
-1390
-1741
-1769
-499
356
-683
-1469
-178
1412
1244
771
1553
1880
623
376
2509
4000
2773
1113
1557
2997
3528
3212
3207
3348
2937
2197
2141
2699
2354
1002
301
797
887
-59
-776
-609
-564
-1058
-1374
-1301
-1310
-1448
-1493
-1461
-1641
-1913
-1916
-1720
-1482
-1506
-1566
-1590
-1504
-1414
-1203
-928
183
3110
4222
600
-3071
980
9486
10526
3292
-313
3777
6843
5248
5173
7539
5322
-499
-395
5903
7886
2389
-1779
315
2115
-727
-3007
-953
608
-2416
-5490
-4121
-1936
-3237
-4839
-3184
-1712
-4174
-7047
-5685
-2731
-2677
-4427
-4814
-4521
-5131
-4960
-2739
-1293
-2901
-4673
-3720
-1685
-1422
-2003
-1345
-264
-513
-1317
-713
763
1355
986
1178
1798
1568
919
1478
2832
2966
1868
1346
2010
2687
2904
3088
3264
2895
2310
2330
2944
3108
2344
1418
1052
1024
762
381
140
-217
-752
-1032
-971
-1113
-1617
-1777
-1443
-1380
-1946
-2431
-2224
-1744
-1727
-2077
-2147
-1777
-1362
-1385
-1460
-1039
906
3425
3060
-532
-1683
3882
9864
8088
2033
1288
5067
6134
4732
5932
7243
3340
-998
1625
6989
6056
543
-1163
1296
1421
-1164
-1679
50
-383
-3208
-4203
-2593
-2059
-3738
-4361
-2875
-2394
-4699
-6632
-5484
-3386
-3352
-4495
-4824
-4826
-5416
-5123
-3008
-1575
-2766
-4444
-3825
-1867
-1079
-1431
-1215
-530
-632
-1136
-617
719
1144
755
918
1557
1423
871
1492
2782
2912
2015
1759
2319
2745
2797
3063
3377
3054
2411
2158
2454
2685
2303
1583
1089
1030
1016
774
457
179
-80
-456
-815
-1035
-1096
-1071
-1245
-1624
-2145
-2449
-2296
-1852
-1667
-1865
-2046
-1940
-1586
-1408
-1325
-1253
74
2412
2814
100
-1347
2758
8213
7707
2917
1765
4699
5876
4494
5283
7210
4877
346
857
5486
6219
1855
-672
1000
1520
-909
-2139
-620
-368
-2727
-4113
-2815
-1904
-3393
-4685
-3712
-2400
-3370
-5403
-5776
-4464
-3752
-4109
-4217
-4037
-4611
-5278
-4234
-2268
-2053
-3528
-3925
-2605
-1770
-2173
-1935
-658
-349
-1295
-1155
593
1527
802
597
1655
2054
1231
1189
2331
2731
2012
1801
2550
2794
2356
2445
3221
3461
2826
2310
2447
2628
2394
2049
1782
1460
1025
703
549
364
200
60
-241
-668
-1020
-1088
-1068
-1141
-1352
-1659
-1778
-1579
-1376
-1516
-1745
-1658
-1314
-1232
-1368
-1381
-1111
-267
827
1365
842
700
2302
4391
4533
3385
3406
4488
4519
3483
3683
4800
4491
2819
2519
3795
3868
2021
829
1497
1640
250
-1071
-1098
-1265
-2267
-2891
-2493
-2287
-3094
-3790
-3534
-2941
-3202
-4006
-4327
-4037
-3905
-4132
-4286
-4161
-3968
-3802
-3459
-3016
-2805
-2847
-2844
-2528
-2147
-2024
-1888
-1489
-1132
-1150
-1154
-637
115
510
615
855
1149
1327
1511
1855
2037
1961
2024
2401
2609
2544
2624
2847
2747
2422
2479
2798
2615
1978
1679
1896
1926
1483
1169
1283
1281
856
440
384
379
59
-391
-683
-826
-1039
-1374
-1601
-1602
-1511
-1532
-1600
-1615
-1544
-1501
-1496
-1548
-1525
-1267
-823
-187
527
1232
1722
2024
2178
2510
3219
4141
4471
3911
3333
3525
4155
4410
4322
4124
3600
2731
2328
2601
2471
1412
204
-329
-703
-1262
-1711
-1871
-2376
-3143
-3432
-3179
-3239
-3877
-4313
-4258
-4224
-4502
-4647
-4546
-4465
-4493
-4287
-3852
-3512
-3427
-3351
-3138
-2855
-2576
-2342
-2201
-2089
-1857
-1567
-1276
-810
-148
287
294
328
718
1177
1439
1671
1921
1990
2005
2350
2885
3124
3046
3061
3271
3404
3299
3088
2887
2750
2696
2633
2386
1952
1580
1418
1349
1146
838
566
365
88
-229
-406
-497
-742
-1081
-1276
-1417
-1636
-1820
-1861
-1957
-2050
-1964
-1871
-2012
-2131
-1920
-1537
-967
-3
1118
1605
1462
1421
2035
2992
3901
4348
4107
3474
3294
3871
4608
4853
4484
3711
2869
2506
2656
2544
1650
435
-323
-717
-1074
-1418
-1629
-2009
-2704
-3269
-3395
-3358
-3654
-4057
-4239
-4263
-4414
-4546
-4492
-4393
-4401
-4246
-3887
-3566
-3443
-3316
-3159
-3030
-2784
-2370
-2118
-2181
-2170
-1806
-1299
-806
-286
100
119
150
688
1412
1657
1566
1678
1993
2223
2508
2929
3108
2965
2983
3318
3482
3328
3157
3096
2908
2755
2795
2734
2209
1660
1606
1732
1391
766
474
390
43
-418
-517
-515
-913
-1462
-1511
-1233
-1240
-1565
-1713
-1676
-1765
-1901
-1806
-1633
-1731
-1976
-2074
-2017
-1641
-653
660
1351
1320
1383
1948
2648
3308
4047
4337
3809
3197
3502
4350
4732
4544
4194
3647
2872
2477
2617
2411
1400
218
-443
-915
-1336
-1536
-1629
-2246
-3193
-3653
-3516
-3394
-3687
-4060
-4370
-4633
-4729
-4561
-4375
-4466
-4529
-4312
-3930
-3614
-3362
-3135
-3081
-2979
-2635
-2242
-2167
-2187
-1862
-1425
-1104
-682
-6
361
282
479
1123
1510
1382
1491
1977
2233
2286
2664
3195
3218
3061
3339
3736
3622
3279
3292
3359
3076
2733
2708
2619
2086
1553
1461
1492
1090
499
235
201
-8
-297
-404
-598
-1114
-1456
-1246
-989
-1233
-1612
-1627
-1542
-1686
-1834
-1768
-1777
-1956
-1998
-1826
-1689
-1542
-855
319
1311
1647
1679
1807
2150
2754
3618
4106
3673
2949
2998
3762
4254
4252
4063
3689
2931
2395
2519
2558
1753
408
-431
-830
-1157
-1510
-1702
-2053
-2754
-3316
-3490
-3463
-3635
-3879
-4237
-4619
-4783
-4547
-4385
-4546
-4634
-4287
-3833
-3624
-3375
-3039
-2880
-2975
-2742
-2214
-1985
-2166
-2084
-1476
-893
-553
-172
224
295
382
964
1675
1749
1513
1687
2178
2467
2669
3070
3345
3289
3348
3722
3900
3576
3272
3291
3263
2962
2614
2427
2180
1866
1666
1540
1253
758
359
171
40
-169
-437
-720
-1067
-1328
-1324
-1240
-1321
-1560
-1665
-1678
-1717
-1718
-1670
-1727
-1898
-1941
-1804
-1776
-1871
-1718
-1002
86
1045
1599
1801
1854
1985
2356
3142
3825
3814
3114
2678
3122
3864
4308
4229
3800
3054
2448
2520
2709
2237
1017
-91
-694
-1043
-1130
-1274
-1701
-2652
-3364
-3457
-3309
-3446
-3934
-4326
-4618
-4735
-4651
-4457
-4369
-4479
-4435
-4148
-3716
-3324
-3089
-3047
-3070
-2815
-2374
-2142
-2145
-1966
-1444
-974
-636
-244
187
390
538
987
1507
1674
1586
1767
2176
2497
2741
3090
3352
3321
3336
3650
3891
3697
3329
3194
3141
2950
2706
2513
2242
1859
1627
1533
1330
916
548
361
180
-72
-317
-498
-735
-1036
-1212
-1227
-1258
-1394
-1515
-1539
-1623
-1773
-1850
-1794
-1749
-1761
-1728
-1681
-1658
-1615
-1485
-1111
-296
838
1586
1577
1350
1539
2139
2852
3557
3788
3263
2569
2713
3571
4204
4192
3717
2982
2265
2139
2503
2360
1302
-35
-763
-1055
-1181
-1324
-1610
-2289
-3126
-3491
-3383
-3325
-3685
-4139
-4416
-4532
-4545
-4464
-4391
-4436
-4407
-4118
-3668
-3287
-3023
-2847
-2782
-2680
-2370
-1919
-1648
-1539
-1353
-982
-556
-153
158
372
605
1020
1471
1769
1935
2119
2334
2568
2902
3244
3359
3259
3265
3534
3740
3596
3216
2954
2856
2709
2492
2298
2122
1804
1501
1391
1302
946
418
111
47
-25
-235
-520
-827
-1136
-1282
-1241
-1190
-1328
-1528
-1607
-1546
-1514
-1549
-1621
-1660
-1684
-1630
-1486
-1328
-1278
-1295
-1252
-1117
-886
-297
669
1520
1744
1641
1754
2108
2513
3078
3595
3478
2828
2628
3188
3699
3685
3472
3203
2665
2165
2193
2216
1500
356
-377
-704
-1141
-1567
-1856
-2231
-2960
-3518
-3587
-3510
-3761
-4174
-4386
-4422
-4498
-4557
-4497
-4410
-4412
-4286
-3869
-3376
-3111
-3031
-2859
-2510
-2079
-1679
-1409
-1223
-972
-529
-44
329
585
841
1090
1341
1689
2071
2280
2278
2394
2720
2984
2977
2953
3125
3319
3334
3261
3202
3070
2839
2652
2505
2293
2028
1771
1546
1297
1111
968
772
465
173
28
-98
-329
-598
-754
-880
-1114
-1343
-1379
-1355
-1460
-1613
-1625
-1608
-1685
-1748
-1685
-1579
-1517
-1436
-1309
-1206
-1120
-1017
-890
-798
-728
-574
-62
856
1772
2202
2200
2168
2304
2645
3227
3765
3670
3016
2678
3099
3640
3698
3461
3117
2512
1882
1785
1914
1344
119
-795
-1081
-1371
-1849
-2158
-2392
-2998
-3680
-3812
-3616
-3788
-4293
-4556
-4519
-4541
-4637
-4610
-4521
-4490
-4290
-3775
-3211
-2911
-2732
-2433
-2053
-1732
-1393
-1009
-733
-581
-329
108
536
825
1034
1229
1413
1675
2036
2311
2375
2399
2565
2775
2869
2899
2974
3066
3103
3108
3053
2877
2652
2519
2441
2237
1934
1699
1566
1404
1198
1025
846
553
220
14
-76
-200
-431
-698
-933
-1132
-1300
-1429
-1509
-1540
-1560
-1597
-1634
-1658
-1683
-1676
-1579
-1416
-1278
-1164
-1034
-887
-721
-518
-344
-256
-188
-86
64
458
1250
2050
2302
2129
2111
2375
2671
3033
3412
3324
2676
2273
2603
3037
2952
2595
2268
1796
1269
1125
1164
686
-297
-1074
-1423
-1750
-2166
-2446
-2653
-3047
-3486
-3662
-3700
-3907
-4188
-4243
-4133
-4163
-4305
-4287
-4061
-3816
-3536
-3113
-2692
-2437
-2196
-1792
-1379
-1121
-914
-694
-548
-385
-1
491
762
828
970
1246
1524
1798
2068
2182
2142
2179
2399
2624
2704
2712
2747
2800
2852
2875
2815
2672
2530
2430
2323
2135
1863
1580
1369
1245
1149
975
683
354
120
6
-115
-357
-664
-915
-1062
-1157
-1277
-1433
-1584
-1664
-1645
-1537
-1409
-1342
-1341
-1302
-1140
-904
-713
-611
-545
-436
-257
-64
47
51
43
116
232
299
324
456
831
1356
1780
1956
1966
1938
1957
2127
2425
2560
2293
1890
1792
1977
2062
1916
1674
1340
905
601
533
376
-150
-806
-1262
-1582
-1926
-2197
-2335
-2576
-2994
-3326
-3409
-3464
-3671
-3862
-3855
-3763
-3743
-3738
-3645
-3460
-3187
-2808
-2412
-2102
-1839
-1557
-1298
-1083
-845
-609
-448
-288
-1
327
562
757
1023
1310
1527
1720
1934
2105
2194
2282
2420
2534
2582
2618
2689
2753
2769
2758
2739
2652
2453
2236
2094
1967
1755
1487
1272
1128
997
835
621
369
128
-66
-240
-446
-665
-839
-951
-1009
-1054
-1117
-1193
-1238
-1219
-1142
-1041
-945
-840
-744
-684
-633
-542
-428
-344
-274
-172
-97
-104
-107
-31
54
59
85
263
454
398
131
-13
149
475
812
1124
1278
1139
960
1124
1497
1613
1423
1251
1158
1014
948
1082
1092
740
346
230
168
-106
-417
-613
-895
-1351
-1693
-1805
-1939
-2207
-2397
-2432
-2522
-2723
-2842
-2812
-2770
-2762
-2694
-2587
-2567
-2571
-2410
-2073
-1755
-1555
-1393
-1202
-988
-742
-462
-212
-53
67
237
471
724
953
1136
1284
1443
1623
1771
1872
1960
2052
2127
2169
2183
2183
2165
2156
2183
2195
2112
1956
1818
1740
1661
1502
1281
1059
890
785
717
622
464
298
187
117
6
-169
-343
-472
-539
-556
-534
-513
-541
-594
-604
-570
-562
-601
-629
-616
-609
-627
-630
-599
-594
-614
-593
-512
-442
-421
-398
-335
-269
-230
-193
-144
-108
-105
-89
-37
14
24
5
-7
-5
3
47
145
250
293
295
331
383
399
399
418
412
339
262
250
244
201
154
108
23
-61
-93
-121
-182
-249
-318
-437
-588
-703
-779
-859
-924
-963
-1011
-1090
-1174
-1234
-1237
-1199
-1194
-1250
-1272
-1205
-1116
-1051
-968
-877
-854
-824
-662
-432
-307
-270
-179
-51
32
113
236
340
392
475
621
763
849
895
949
1060
1207
1286
1270
1269
1350
1447
1494
1506
1479
1399
1328
1341
1383
1339
1203
1073
1014
1019
1019
922
754
624
557
490
382
284
202
95
-27
-123
-180
-238
-353
-504
-544
-404
-332
-571
-885
-898
-674
-583
-708
-829
-812
-740
-734
-825
-924
-917
-823
-771
-799
-796
-707
-641
-683
-717
-610
-441
-358
-352
-302
-216
-194
-222
-200
-112
-14
100
251
364
371
338
372
448
462
449
493
570
596
542
455
402
424
488
503
456
421
409
351
239
150
81
-28
-144
-205
-239
-323
-451
-562
-664
-781
-871
-882
-861
-889
-960
-998
-982
-963
-958
-926
-830
-721
-671
-659
-603
-483
-359
-250
-116
39
160
261
384
505
587
664
769
868
916
933
957
994
1031
1054
1051
1042
1050
1062
1049
1012
970
930
903
877
819
728
641
544
422
343
327
288
197
137
90
-5
-75
-52
-67
-227
-398
-453
-479
-579
-691
-746
-766
-776
-766
-754
-763
-742
-668
-603
-592
-559
-467
-416
-466
-500
-446
-377
-358
-339
-283
-233
-222
-234
-231
-178
-100
-47
-22
16
67
84
75
89
151
219
256
286
347
411
411
373
362
414
498
536
467
334
267
301
347
343
274
177
150
212
170
-44
-150
-32
9
-165
-263
-182
-162
-272
-322
-260
-227
-256
-294
-333
-332
-277
-279
-378
-420
-352
-348
-434
-415
-297
-296
-404
-396
-255
-173
-189
-179
-134
-117
-82
30
139
164
167
208
262
316
383
416
377
347
401
449
408
366
369
363
322
292
283
258
244
257
246
187
133
113
99
100
129
130
69
5
-4
16
10
-16
-44
-66
-75
-91
-137
-193
-215
-202
-192
-195
-188
-168
-156
-151
-143
-136
-130
-101
-36
18
5
-48
-46
36
101
98
83
108
146
157
143
122
107
95
99
109
94
41
-11
-6
46
76
62
43
33
21
21
44
60
44
24
17
8
-25
-68
-91
-95
-70
-62
-101
-153
-168
-177
-218
-248
-225
-182
-179
-201
-212
-213
-218
-203
-158
-125
-124
-128
-123
-106
-75
-35
-3
29
67
91
70
20
4
39
84
106
100
73
38
23
44
88
120
117
93
72
53
40
40
53
66
69
64
48
21
7
14
31
37
33
5
-46
-99
-140
-155
-139
-110
-104
-143
-195
-214
-193
-154
-121
-103
-104
-106
-93
-71
-43
-2
54
108
148
172
181
186
200
244
299
327
311
285
284
299
296
266
265
306
335
307
240
201
200
205
199
199
192
158
105
74
74
63
35
9
2
-9
-54
-115
-160
-174
-169
-167
-196
-245
-289
-308
-308
-316
-334
-347
-351
-356
-365
-358
-332
-304
-286
-262
-221
-177
-148
-122
-94
-63
-40
-27
-10
20
49
63
58
63
80
99
113
123
137
153
157
151
140
134
138
142
140
132
123
105
80
61
56
63
72
62
44
26
6
-10
-23
-26
-20
-26
-54
-88
-106
-111
-120
-133
-135
-129
-134
-157
-173
-172
-162
-149
-129
-100
-82
-91
-97
-73
-36
-9
13
49
91
114
120
139
184
219
227
238
262
284
279
255
245
261
269
265
259
255
236
213
202
202
195
162
127
105
84
52
14
-27
-63
-100
-136
-161
-191
-228
-264
-282
-285
-294
-320
-340
-338
-320
-301
-294
-289
-282
-270
-249
-219
-184
-154
-138
-121
-89
-43
4
36
61
92
130
166
193
214
228
235
244
261
280
287
277
268
258
253
240
215
182
148
112
75
48
25
-5
-34
-53
-60
-58
-69
-87
-103
-111
-115
-111
-111
-121
-139
-161
-173
-177
-177
-184
-204
-220
-229
-237
-242
-249
-254
-247
-230
-201
-172
-147
-122
-96
-56
-8
39
71
98
125
154
181
209
235
251
263
278
294
303
303
300
294
291
285
267
248
229
210
193
179
162
140
107
79
59
34
5
-27
-56
-80
-102
-126
-150
-170
-187
-203
-215
-217
-228
-240
-249
-252
-249
-249
-247
-233
-215
-204
-188
-166
-141
-116
-91
-61
-30
-3
18
38
63
88
105
117
134
148
149
142
144
146
136
118
107
102
93
73
58
51
46
36
27
29
34
29
19
20
32
37
26
23
33
29
16
3
-5
-11
-26
-45
-61
-65
-77
-97
-107
-106
-112
-119
-120
-117
-111
-108
-101
-91
-75
-58
-45
-31
-8
11
28
44
62
79
92
102
109
115
122
126
125
128
124
121
123
114
107
103
98
85
78
69
52
44
42
28
13
10
-2
-16
-16
-26
-40
-41
-43
-56
-60
-60
-73
-80
-75
-83
-92
-87
-90
-97
-87
-77
-83
-74
-59
-58
-57
-40
-37
-40
-25
-18
-24
-18
-6
-8
-8
-4
-7
-11
-10
-17
-26
-25
-26
-33
-37
-34
-35
-41
-35
-34
-34
-29
-24
-21
-13
1
5
19
37
47
57
70
80
86
93
98
100
98
91
87
85
79
70
56
50
43
30
21
15
10
0
-3
-4
