SAMPLES:	9273
BITSPERSAMPLE:	16
CHANNELS:	1
SAMPLERATE:	16000
NORMALIZED:	FALSE
1
-1
0
-1
-1
-1
-2
-3
1
-1
4
-1
1
3
3
2
1
1
2
4
-3
-2
-2
-2
4
4
4
4
-1
0
0
-1
-1
-2
0
1
-3
-1
-1
0
3
4
2
0
0
-2
-3
-2
-3
-4
0
1
2
1
0
-2
2
2
0
1
6
2
-2
-3
0
-2
-4
-6
-6
-3
-3
-5
-6
-2
-6
-2
0
0
-1
1
-1
1
4
4
2
-2
1
6
5
2
2
0
0
4
2
1
1
-3
-1
3
1
2
0
1
3
3
1
-4
-2
0
2
-1
0
1
2
2
2
0
-1
-3
-4
-1
1
0
1
4
5
0
-2
-2
-1
0
0
-1
1
3
-3
-1
-1
3
3
0
0
-1
-1
-1
1
-1
-3
-3
-1
-1
0
-1
-1
-4
-3
-3
0
4
4
1
-1
0
-1
1
-1
3
0
2
3
-3
-3
-5
-4
0
-1
-1
4
1
-2
-1
-2
-1
0
1
-2
-4
-3
0
2
2
4
5
4
2
1
0
0
4
1
-1
2
3
5
2
1
-1
3
2
-1
-2
3
3
-2
-2
1
-1
-2
-2
-3
-3
-5
-2
0
0
0
3
0
-1
2
0
1
1
-1
-2
-2
-1
3
2
-1
1
4
1
0
-1
-2
0
-1
-1
-2
0
1
-4
-5
-8
-4
-2
-1
-3
-1
1
2
2
0
-1
2
3
3
2
2
5
6
4
1
1
2
-3
1
2
-1
0
-2
-3
-1
0
0
-2
-1
-1
-1
1
-4
0
-1
-1
-1
-2
0
-1
1
-2
2
1
0
1
-2
0
1
2
2
-1
1
2
-1
3
3
0
-1
-4
-1
-4
-7
-4
2
3
2
0
-1
2
3
1
0
-2
-1
-1
-5
1
3
6
7
2
3
2
1
-2
1
2
1
-2
3
2
-1
0
-1
0
-3
-1
3
2
-1
0
-1
-4
-1
-3
-3
-3
-4
-3
-3
-1
3
3
3
2
3
3
1
2
-2
-1
-2
0
0
0
-2
-4
-4
-7
-1
-1
-2
0
1
0
-1
-2
-2
-2
-3
-4
-2
0
1
6
4
-1
0
2
1
0
4
3
1
2
3
5
2
4
6
6
5
5
1
-1
-3
0
-1
-3
-2
1
3
-1
3
2
-1
2
3
4
1
4
3
-3
-1
-2
-4
-5
-3
0
0
-3
-1
-2
0
1
-1
0
0
0
3
3
3
3
-1
-1
-2
1
0
-3
-3
-2
-1
-2
-1
0
3
0
0
-2
-3
-2
-3
0
-1
0
1
3
1
0
-2
-3
-1
-3
-2
-4
-5
-4
-4
-4
-3
-2
1
1
-3
2
3
2
-1
1
5
2
3
3
1
-1
1
1
3
1
-3
-2
-1
1
2
3
3
4
5
7
3
3
6
4
3
1
4
0
-1
1
-1
6
0
2
2
2
2
-1
-1
1
2
-1
0
-1
-2
-1
0
-5
-5
-4
-4
-5
-7
-5
-2
-5
-4
-2
-1
-6
-5
-2
-2
-2
-4
0
-3
0
-5
-3
0
2
0
-3
0
-3
1
2
3
6
4
4
5
3
1
4
4
4
3
1
0
1
1
4
4
3
2
2
1
2
2
-1
0
0
1
-1
0
0
2
2
1
3
1
-3
-1
-3
-2
-4
-4
-2
-4
-2
1
-1
1
1
-2
-2
2
-2
1
1
2
3
-5
-2
1
3
0
1
0
-1
-1
-3
-1
-1
1
-1
0
-2
1
0
-3
-5
-6
-2
-1
-1
1
3
5
3
-2
-1
2
1
-1
0
-3
-1
0
-2
1
1
-1
2
1
-1
-1
2
3
2
2
1
3
2
1
1
0
-1
-2
-2
-4
-1
-1
-1
-1
-2
0
2
2
1
1
2
1
2
3
2
-2
-1
-1
-1
-1
2
5
0
2
0
-1
-2
-2
-2
0
-3
0
-2
1
2
-1
1
3
1
1
2
-1
1
-1
1
1
0
-1
1
1
3
1
-3
-3
-3
0
0
0
1
0
3
3
0
0
2
0
-3
-2
-1
0
-1
-2
-4
-7
-6
0
-2
0
1
0
0
-4
-3
-2
-4
-5
-4
-2
-2
0
-2
-1
-2
0
3
1
5
3
-1
0
1
3
1
4
8
4
4
3
2
3
4
6
5
3
0
-1
3
6
0
1
1
-1
3
0
0
2
3
-1
-4
0
-2
-1
-3
-3
0
1
-1
-1
0
-2
-3
2
-1
-3
-4
-5
-3
-3
-3
-2
1
-2
-1
-3
-5
-2
-6
-5
0
-1
3
2
2
2
-4
-2
0
1
3
5
2
3
2
1
4
2
3
0
4
4
1
1
2
2
-2
-2
-4
-3
-1
1
1
0
3
2
3
2
5
2
-2
2
-2
0
0
0
-1
-1
-1
-1
-2
1
1
-1
-2
-1
-2
-7
-7
-4
-1
-2
-5
-2
-2
0
-1
-1
1
4
2
1
0
1
3
5
4
-1
0
-1
1
3
4
5
5
1
0
0
-2
1
-1
2
-1
-5
-4
-1
0
2
3
4
5
1
-1
2
-3
-7
-2
-1
-1
0
-3
-1
-4
-1
-1
0
-1
2
0
0
0
1
2
2
3
4
4
1
1
3
4
4
6
2
-1
1
1
0
0
-1
-1
-1
-2
-1
-4
-6
-4
-5
-3
-2
0
-2
0
1
-3
-1
0
2
-2
-2
3
1
0
0
1
-1
-1
1
1
1
0
-1
-1
-2
-4
-1
-1
-2
1
0
1
0
1
-1
-1
-2
-2
0
2
-1
0
0
0
0
2
2
0
-1
0
2
-1
0
0
2
3
2
5
3
2
2
2
2
4
-1
-2
-1
0
1
1
1
0
-1
-3
-1
2
1
1
4
0
-3
-2
-1
0
-2
-1
0
3
2
-2
2
-1
-4
-3
1
3
4
1
-1
2
1
0
1
1
0
-2
1
1
1
2
4
2
-4
-2
-3
-1
2
-4
-7
-1
-1
3
1
0
0
-4
-4
-1
-2
-1
0
-5
-4
-5
-3
0
-1
-3
-3
0
-2
0
-1
-3
1
0
0
3
2
1
2
3
1
0
1
2
4
0
3
3
2
1
-2
3
7
3
3
0
3
3
2
3
4
5
0
-1
1
1
-2
1
0
-1
-3
-1
0
0
-3
-2
-2
-5
-2
-2
-2
-2
-3
-1
2
3
0
1
-1
-3
1
0
-1
1
3
-3
-1
1
0
-3
-3
-1
-1
1
-1
-4
-4
0
-1
0
-4
-5
0
0
-2
4
0
1
-1
2
0
1
2
2
2
-2
2
4
3
2
1
3
4
1
1
0
2
5
3
3
4
2
0
6
2
-2
1
1
-1
-4
-2
-8
-11
-3
-4
-4
-1
-3
-2
-2
-4
0
-2
-3
1
1
5
1
1
1
-2
-2
-2
-1
0
2
1
2
4
1
0
1
2
2
-1
-1
3
-1
2
1
1
2
2
3
1
-1
1
-3
-2
-2
-3
1
-1
3
0
-1
0
0
1
0
1
-2
-4
-3
-1
2
0
-4
-1
-3
1
1
1
1
-1
0
1
0
11
8
-1
3
2
3
4
7
4
1
-2
11
2
4
-10
-1
-3
-14
-7
-10
-6
-9
-16
-20
-11
-8
-25
-24
-12
-9
-19
-2
-21
-8
3
-23
29
6
4
-6
6
3
10
10
-24
-12
21
46
30
55
64
48
69
27
-17
51
16
-21
37
-27
-48
0
25
50
50
31
19
12
31
-8
-1
7
-29
-74
-41
-64
-48
-28
-63
-58
-8
-21
-3
73
9
-22
-16
-35
0
-3
7
28
27
46
-40
-12
9
-20
-7
-21
-55
-98
-88
-18
-81
11
-113
58
-124
69
-136
114
-287
1227
5626
2189
-209
-750
-1620
-1200
-692
-601
-1124
-917
-553
-108
-267
-462
-536
-455
-312
-150
-179
-42
-10
104
-56
-71
149
118
109
208
225
254
93
135
165
282
317
286
812
823
629
253
94
-318
-483
34
105
96
268
229
-22
-105
-41
27
2
-17
57
52
201
213
61
191
170
36
-12
-35
28
80
57
108
90
19
27
-12
62
81
85
172
252
245
243
355
351
267
393
391
323
279
201
155
54
46
54
43
93
117
62
20
60
-29
15
51
-128
-125
-138
-202
-304
-92
-56
-314
-172
-168
-351
-402
-523
-613
-684
-785
-761
-822
-677
-608
-794
-968
-1092
-1143
-1196
-1261
-1614
-1919
-1994
-2247
-2469
-2506
-2521
-2568
-2577
-2636
-2590
-2384
-2216
-2068
-1887
-1498
-957
-533
-156
172
703
1432
1968
2428
2916
3339
3429
3251
2656
1898
1023
377
196
253
469
875
1446
2018
2572
3047
3501
3809
3969
3973
3982
3764
3271
2780
2526
2254
2616
3157
2852
2238
1675
1064
411
473
807
871
627
498
627
400
206
148
-5
98
204
138
68
242
244
79
259
389
288
-14
-363
-686
-1471
-2299
-2490
-2501
-2795
-2733
-2185
-1910
-2022
-1717
-1675
-2088
-2592
-3101
-3521
-3919
-4133
-4899
-5902
-6427
-6562
-6749
-6607
-6246
-5758
-4724
-3512
-2529
-1819
-1257
-907
-551
-48
712
1185
1329
1510
1161
1019
1564
1951
1676
1314
1244
1511
2034
2474
2468
2014
1489
922
962
1529
1753
1705
1726
1830
2201
2402
2720
2932
3173
3527
4246
4882
8918
9990
2373
-505
-418
-3932
-6403
-6997
-8539
-11113
-12723
-12957
-12390
-10303
-7199
-4574
-2684
-419
2593
3369
2642
5215
8589
9020
8582
7177
4918
4189
6557
8124
5291
8445
15363
14672
12208
11556
9017
5927
4652
4360
3833
3206
3110
2536
123
-3381
-6495
-8082
-6580
-3188
-765
-669
-2285
-4415
-5811
-5719
-5012
-4422
-4108
-4318
-5062
-4898
-3790
-3950
-5285
-6145
-6625
-7215
-7638
-7918
-7179
-3888
-524
1350
1807
66
-1423
-2059
-2307
-1810
-860
-55
454
1478
2210
2759
3165
3931
4382
4116
4236
3813
3189
2383
1609
1199
1224
1325
812
199
-22
-202
-486
-244
-214
-336
-192
-154
-333
-502
-795
-1140
-1222
-1064
-1432
-2139
-2499
-2758
-2936
-3088
-2815
-2312
-2298
-2256
-1903
-1582
-1316
-1271
-1178
-1227
-1440
-1661
-1693
-1396
-1190
-886
-546
-361
-242
172
879
922
731
1284
1766
1755
1914
1854
1443
1217
1173
1078
1164
1395
1325
1296
1456
1452
1741
2288
2410
2438
2433
2158
1959
2051
2061
2181
2413
2227
1924
2181
2578
2914
3366
3437
3375
3576
4073
4621
4632
4508
4495
4315
3940
3990
4421
4251
3793
3035
2213
1653
870
-45
-899
-1751
-2489
-2821
-3030
-3300
-3663
-4445
-5075
-5323
-5711
-7155
-8442
-7180
-6489
-6884
-4575
1728
5242
-4798
-14143
-10896
-8230
-5859
-25
1107
767
3044
3339
3290
3419
2016
1053
1325
1345
1083
976
893
878
1005
878
950
1044
1066
1338
1073
854
1073
1033
854
529
465
507
-12
-559
-1004
-1491
-2053
-2234
-2098
-1792
-1104
-666
-758
-1101
-1608
-2601
-3333
-2971
-2240
-344
3198
3893
-2137
-7148
-6170
-6046
-6952
-5612
-4407
-4113
-2983
-982
857
2715
3876
4499
5278
5320
5147
4792
4523
4592
3837
2873
2436
1902
1210
860
657
254
-92
-126
-203
-1343
-2420
-1968
-1004
20
879
1407
2002
2160
1833
1503
1999
3547
4898
5382
5089
4770
5460
7480
8896
9458
10044
9322
8933
8617
6244
4320
4137
3786
2781
1872
869
129
23
-349
-789
-1117
-1644
-2097
-2613
-3073
-3637
-4246
-4353
-4118
-4483
-5432
-5981
-6234
-6406
-6907
-7239
-7196
-7432
-7806
-8341
-8402
-8033
-7694
-7273
-6830
-6318
-5694
-4878
-3950
-3482
-3218
-3104
-3410
-3285
-1882
224
2075
3665
4629
5220
5252
4612
3398
1488
693
1017
1268
1459
1970
2506
2618
2737
2905
3367
3591
2467
438
-967
-733
-12
489
1014
648
-547
-1292
-985
-721
-553
-597
-1296
-1777
-1851
-1287
-534
105
549
529
482
830
1730
2568
2829
2512
2730
3737
4403
4939
5311
5203
3610
2329
4018
3962
2959
5440
6789
5926
5666
4597
2160
977
572
-1012
-2366
-2903
-3376
-3893
-4235
-4204
-3908
-3731
-3917
-3787
-3257
-2842
-2505
-2775
-2694
-1855
-1581
-1348
-772
-226
246
579
855
971
921
864
939
1300
1818
2046
1682
1220
650
-172
-420
-153
-154
-562
-792
-1097
-1531
-1581
-1921
-2361
-2490
-2230
-1664
-1144
-362
215
181
278
631
735
520
352
386
426
501
714
673
579
764
820
625
272
218
140
-344
-486
-487
-416
-140
42
269
261
186
-1
-515
-774
-1080
-1569
-2004
-2473
-2774
-3090
-3308
-3050
-2586
-2269
-1943
-1413
-1044
-889
-663
-525
-328
12
198
466
702
573
480
321
41
-190
-532
-820
-1120
-1238
-1182
-1237
-1156
-1126
-1120
-1083
-1148
-1099
-1042
-808
-369
-40
232
503
813
1261
1811
2226
2585
2946
3392
4145
4691
4841
4982
5143
5225
5249
5282
5269
5104
4819
4685
4545
4287
4180
4148
4071
3811
3596
3688
3667
3224
2626
2140
1443
502
-211
-627
-1094
-1574
-1850
-2280
-2802
-3202
-3565
-4046
-4699
-5209
-5622
-5943
-6233
-6506
-6598
-6773
-6949
-6876
-6582
-6373
-6196
-5796
-5523
-5377
-4964
-4389
-3989
-3564
-3100
-2779
-2380
-1888
-1463
-1178
-950
-858
-912
-835
-662
-476
-167
299
612
881
1561
2260
2606
2865
3094
3070
2884
2861
2917
2924
2895
2932
3293
3689
3808
3858
3910
3869
3677
3548
3607
3537
3471
3574
3392
3084
3228
3320
2970
2651
2431
2347
2419
2399
2246
1986
1780
1633
1722
1954
1691
1385
1340
1138
861
605
256
-169
-400
-552
-896
-1356
-1639
-1810
-2200
-2461
-2639
-2919
-3056
-3122
-3102
-3072
-3253
-3490
-3632
-3884
-4215
-4420
-4506
-4428
-4309
-4222
-4103
-3970
-3838
-3712
-3464
-3175
-2979
-2756
-2416
-2030
-1782
-1594
-1365
-1275
-1172
-815
-374
6
445
946
1221
1368
1687
2029
2178
2262
2447
2446
2405
2749
3123
3204
3162
3158
3012
2687
2600
2590
2339
2102
2020
2052
2047
2049
2165
2157
1957
1905
1960
1800
1794
1984
1845
1416
1152
1045
741
499
436
362
185
216
609
601
194
-108
-234
-467
-809
-812
-910
-1072
-1023
-985
-1027
-1328
-1465
-1411
-1470
-1521
-1470
-1377
-1411
-1224
-1023
-1036
-1020
-1003
-853
-994
-1241
-1228
-1397
-1592
-1698
-1586
-1530
-1485
-1175
-1050
-1016
-1014
-891
-962
-1162
-968
-888
-809
-603
-310
-180
-194
160
337
426
578
789
944
841
983
1086
1100
976
913
992
867
1051
1307
1486
1598
1791
2012
1908
1959
2032
2034
1844
1649
1543
1177
826
507
227
-260
-693
-847
-1012
-1208
-1464
-1598
-1821
-2039
-2149
-2200
-2283
-2432
-2348
-2259
-2084
-1830
-1537
-1337
-1244
-1019
-915
-824
-732
-589
-474
-335
-32
163
371
557
714
877
923
910
771
579
371
160
19
-192
-252
-205
-93
138
267
434
576
686
627
473
489
367
220
82
13
-132
-316
-163
-111
-135
-115
-45
-154
-512
-669
-977
-1306
-1578
-1785
-1967
-2293
-2280
-2336
-2497
-2094
-381
2299
5090
8712
12729
15907
17714
19277
20753
20026
17445
14154
10429
5566
293
-3721
-7387
-10712
-13118
-14314
-14620
-14122
-12417
-10889
-9796
-8693
-7645
-7288
-7536
-7307
-7371
-8004
-8418
-7853
-6786
-5708
-3836
-1542
734
2562
4515
6432
7358
7777
7666
7563
6681
5117
3961
3233
2733
1122
-577
-1919
-3415
-5041
-6586
-7322
-8162
-8691
-8497
-7689
-6215
-4296
-2040
-344
1413
3401
4795
5352
5632
5815
4668
2911
1699
831
-371
-1619
-1976
-2048
-1914
-1045
211
1169
1912
2675
2994
2681
2436
2277
1390
204
-609
-1123
-1836
-2403
-2193
-1856
-1724
-1386
-604
33
384
661
553
22
-937
-2394
-4050
-2704
3889
11380
15094
17086
22611
29506
31581
30540
30256
28408
20953
10829
3722
-1834
-8729
-15739
-20883
-23868
-25035
-23944
-21246
-17907
-14231
-11716
-10901
-9987
-7959
-6915
-8237
-9876
-10545
-10994
-11029
-8839
-5075
-1684
1428
5036
8573
11138
13349
14498
13228
10006
6359
2678
-1458
-5195
-7855
-10391
-12390
-12790
-11381
-8718
-5956
-2116
944
2752
3965
4827
5567
3963
2047
26
-2150
-4041
-5047
-4289
-3742
-2925
-1545
185
1928
3721
5483
5889
5598
5123
4319
2987
1936
1511
148
-1325
-2057
-2087
-2316
-2568
-1971
-1682
-1614
-1411
-766
-164
218
682
1014
1381
1872
2608
2816
2805
2780
2317
1484
627
-40
-954
-2244
-3418
-4568
-4195
3149
12797
17504
17911
21496
30117
32315
30041
28756
28218
22251
10295
3402
-1136
-7252
-14405
-19860
-22131
-24190
-23430
-21134
-18406
-15406
-13185
-12376
-12475
-10273
-8814
-9322
-10761
-10844
-10493
-10944
-8141
-4146
-961
1440
4808
8790
10171
11786
13504
12773
9084
4995
2305
-1540
-5593
-8414
-10277
-12374
-13557
-12505
-10496
-7919
-5035
-2802
-942
1445
4102
5221
5119
5839
5152
3110
1724
1755
1547
4
-192
3
-319
186
1493
2400
2244
2890
3423
2875
2871
3705
3488
1779
1166
1082
-11
-1304
-1455
-1902
-3612
-4110
-3413
-3109
-3033
-1972
-622
-470
277
2093
3166
2981
3262
3472
2419
1212
637
-166
-1909
-3338
-4104
-5177
-1582
8462
15257
16705
17693
25868
32559
30615
28733
28109
25796
15225
4862
569
-4549
-11098
-18377
-21820
-23169
-23568
-21626
-19395
-15691
-13106
-11823
-11686
-10055
-7718
-7999
-8865
-9714
-9452
-10063
-8307
-3875
-978
1370
4149
8493
10675
11303
13326
13521
10511
5519
2129
-692
-4920
-8619
-11053
-12688
-14106
-13984
-12142
-9335
-5962
-3280
-1798
-560
2292
5124
5271
4640
4501
4069
2222
987
2110
2203
743
-127
308
1036
1225
2099
2615
2126
1915
2074
2062
2226
2950
2666
1111
293
909
620
-800
-1398
-1826
-3147
-4322
-3761
-2984
-3179
-2888
-1858
-1073
-171
1529
3003
3092
2885
3088
2469
1181
485
-386
-2438
-4442
-2713
5323
12272
15598
17079
23022
31552
31942
29890
28758
28114
20609
8065
1832
-2487
-8478
-16731
-22139
-23308
-24331
-23302
-21151
-17563
-14511
-12550
-11575
-10572
-8153
-7273
-7560
-8888
-9050
-9054
-8429
-4779
-1596
842
3250
7251
10357
10726
12517
14208
12338
6946
2855
917
-2951
-7812
-10787
-11999
-13835
-15018
-13569
-10624
-7970
-5728
-3395
-1956
-60
2577
3743
2895
1882
3045
3818
2921
3784
5746
6579
5026
4478
5998
5546
3525
1830
1132
-505
-2595
-2945
-2400
-2428
-2281
-1247
-289
668
2186
3138
2391
1327
1275
49
-2290
-3438
-3487
-4371
-5765
-4994
-2934
-1939
-846
1235
2542
2900
2972
3477
2516
828
-626
-2294
-3835
529
9164
13950
14810
17103
27292
32563
30752
29734
29799
27329
15428
6133
1822
-3561
-10987
-20020
-23622
-25125
-24935
-23540
-21659
-17582
-14733
-13016
-12212
-9246
-6450
-6184
-7286
-8344
-8045
-8228
-5735
-2624
-583
1704
4862
9219
10707
12299
15014
15037
11239
5942
3583
1051
-4021
-9058
-11772
-12842
-14558
-14979
-12730
-9089
-6713
-5498
-2947
251
2684
3182
3109
3072
1849
638
-506
-626
-272
-233
11
203
2091
4071
4712
4876
5245
5360
3873
2537
2353
1606
-372
-1581
-1604
-1782
-1926
-1459
-799
-993
-1022
-411
-451
-717
-876
-989
-1724
-2065
-1190
-1028
-1032
-697
115
-166
-600
-446
-1106
-3397
-2209
7154
14419
15588
14340
21860
31973
30729
27732
27849
30306
22656
9474
5250
2887
-2575
-13237
-19671
-20531
-21901
-22600
-23001
-19773
-16900
-16021
-16132
-14210
-9999
-8626
-8952
-9770
-8605
-8008
-6458
-2580
-258
1714
4049
8382
10694
10743
13548
15558
13050
7253
4459
4096
-106
-6160
-9524
-10241
-12110
-14418
-13256
-9979
-8034
-7546
-5848
-2717
-47
1118
1469
1733
1464
1038
18
-495
402
913
458
-121
1612
4066
4186
3898
4716
5252
3705
2230
2539
2186
185
-1220
-1346
-1680
-1920
-1348
-783
-1123
-1141
-472
-702
-1007
-641
-592
-1723
-2377
-1358
-1177
-1770
-1345
-307
-391
-1294
-1144
-1252
-2388
2307
10905
15637
15127
16816
27061
31711
29030
27254
28802
27229
15841
7654
5020
1542
-6350
-15534
-18836
-20041
-20922
-21994
-21316
-18214
-16483
-16572
-16390
-12645
-9522
-9361
-10392
-9825
-8179
-7553
-4563
-1227
976
2901
6125
10010
11020
12470
14878
14368
10062
5725
4523
2166
-3350
-8130
-10137
-11690
-14470
-15164
-11751
-8581
-7971
-7340
-3659
263
1122
1484
2644
2864
804
-619
-143
66
-449
-649
-340
247
2064
4128
4684
4807
5537
5367
3477
2700
3108
1503
-1541
-2507
-1797
-2537
-3277
-2090
-1102
-1872
-1992
-316
411
-261
-247
-32
-1152
-1688
-1011
-763
-1468
-1464
-759
-1108
-1508
-929
-1729
-1159
6617
14065
16326
14640
21368
31403
30105
26759
26563
29028
21452
9286
5842
3389
-2115
-11671
-17169
-18186
-19714
-20201
-20864
-18704
-16236
-15445
-16021
-14438
-10494
-9290
-9991
-10677
-8873
-8060
-6306
-2477
-208
1820
4270
8544
10554
10776
13580
14786
11701
6641
4649
3844
-887
-6365
-9176
-10382
-12889
-15038
-13820
-10903
-9226
-9065
-7315
-3580
-269
665
943
2333
2914
1941
1358
3384
5151
4228
3340
4417
6064
5764
5196
5268
4174
1951
97
-509
-1353
-2412
-3428
-4214
-4175
-3056
-1790
-1342
-548
303
23
-663
-388
229
-1202
-3038
-3315
-2953
-3228
-3108
-1701
-458
-186
285
1394
2119
1941
1228
757
3063
9305
13652
15279
16302
22542
27962
27046
26122
26225
25692
17903
9544
5851
1619
-4637
-12686
-17177
-19377
-21248
-21654
-21410
-19155
-17279
-16029
-15047
-12596
-9407
-8074
-7848
-7827
-6517
-5477
-3508
-917
779
2744
5052
7935
9399
10600
12698
12536
9626
6126
4393
2167
-2358
-6537
-9041
-11131
-13572
-14670
-13372
-11336
-10183
-8656
-5967
-2311
959
2713
4021
4685
4730
3875
2712
2561
2020
551
-792
-544
846
1315
1618
2799
3699
3497
3019
3501
3580
2058
359
-624
-1527
-2488
-3075
-3281
-3508
-3642
-3100
-2516
-1912
-1109
-759
-853
-975
-343
-109
-501
-496
-185
-526
-1033
-1022
-1104
-2482
-2043
6254
13563
16417
15752
21740
31723
31196
28508
27486
29321
22405
9610
5140
2458
-2802
-12759
-18663
-19100
-20477
-20996
-21011
-18046
-15658
-14935
-14935
-13326
-9786
-8880
-9546
-10617
-9223
-8107
-6393
-2657
-24
2504
5002
9249
11976
12562
14917
15640
12511
7230
4527
3320
-1709
-7578
-10393
-11467
-13730
-15655
-13782
-10262
-8537
-7603
-5205
-1426
834
1408
1804
2289
1761
-63
-997
-586
-73
-719
-1055
256
2166
3473
4193
5339
6087
5511
4354
3582
3200
1783
-413
-2091
-2703
-3037
-3721
-3802
-3093
-2605
-2784
-2327
-1251
-529
-835
-1326
-1047
-1116
-1380
-1493
-1332
-1270
-1575
-1762
-1855
-2247
-1417
6003
13517
17204
16667
21039
31007
31997
29461
27493
28931
23673
11213
6000
3459
-1180
-10806
-17643
-18334
-19540
-20226
-20770
-18732
-16617
-16084
-16103
-14855
-11408
-10111
-10653
-11665
-10132
-8285
-6388
-2609
291
2865
5390
9522
12647
13266
15291
16143
13270
8138
5344
4438
-274
-6330
-9558
-10701
-12757
-14705
-13086
-10081
-9413
-9228
-6483
-2838
-1127
-1237
-175
751
-291
-1127
-725
248
41
-224
760
1846
3231
4699
5528
5656
5756
5625
4454
3332
3054
1859
-851
-2202
-1839
-2165
-3467
-3383
-2211
-2773
-3527
-2512
-1458
-1877
-2670
-2195
-1946
-2263
-1821
-1029
-1051
-1107
-675
-239
-665
-886
-788
3883
11219
15787
16735
18283
27682
31791
29335
27240
28230
26543
14852
7404
5173
911
-7506
-15738
-17374
-19009
-20599
-20898
-19785
-17589
-16884
-16424
-15732
-12736
-10470
-10377
-11238
-10385
-8236
-6920
-3728
-495
1993
4480
8044
11769
12633
14173
16036
14158
9503
6141
5382
1685
-4500
-8072
-9570
-11842
-14517
-14027
-11352
-10071
-9953
-8736
-5754
-3170
-2047
-1702
-541
937
1101
1045
2217
4262
4567
3616
4074
5502
5566
4211
3666
3750
2470
430
-233
107
-435
-1619
-1806
-1020
-566
-566
-423
-271
-542
-1505
-2509
-3055
-3541
-4266
-5331
-5440
-4526
-3576
-2898
-1883
-172
859
1000
1425
1681
1644
1141
5454
12293
15636
16695
18781
27179
30670
28878
27912
28020
25683
15589
8595
5457
378
-7815
-15920
-18530
-20390
-22150
-22548
-21295
-18981
-18059
-17001
-15405
-12217
-10090
-9489
-9544
-8912
-7102
-5687
-2740
-134
2054
4728
7891
11140
12479
14173
15629
13862
9979
6840
5286
1477
-4323
-8241
-10320
-12815
-15263
-14950
-12657
-11471
-11165
-9108
-6003
-3573
-2392
-1251
253
1009
2237
3375
4388
5152
5338
5509
5108
5710
6065
4721
3119
2452
2110
243
-917
-424
-696
-2277
-2469
-595
49
-601
-286
504
-381
-1696
-1868
-2393
-3837
-5039
-5263
-5483
-5167
-3663
-2530
-1953
-411
1489
2158
1850
2720
2518
1415
608
4332
10499
13173
15828
17781
24621
28549
28412
28471
26922
25338
16844
9298
5153
2
-6685
-15256
-18840
-20547
-22194
-22239
-21112
-18494
-17270
-15933
-14216
-11365
-8973
-8103
-8478
-8732
-7104
-5674
-3385
-1060
1408
4126
6532
9948
12144
13794
14915
13396
10233
6642
4564
1357
-4188
-8495
-10734
-12329
-14137
-13836
-11051
-9033
-8523
-6811
-3446
-1083
-833
-740
87
-371
-1936
-2268
-1344
-898
-1348
-677
1287
2956
4395
5785
6904
7012
6392
5694
4698
3510
1916
-228
-1888
-2356
-2376
-2818
-2974
-2198
-1738
-2333
-2064
-934
-802
-1846
-2714
-2294
-2466
-3078
-2935
-2454
-2255
-2565
-2105
-1875
-1651
-1323
3937
12249
16972
18313
19636
28261
32597
30002
27709
27408
25583
14575
6501
4482
700
-7264
-15538
-16981
-17413
-19189
-19732
-18487
-16417
-16464
-16802
-16131
-13604
-11833
-12148
-12849
-11816
-9092
-6975
-3592
221
3310
6047
9231
12894
14241
15017
15724
13347
8814
5191
3927
639
-5241
-8686
-9622
-11123
-13317
-12335
-8825
-7318
-7921
-6640
-3482
-1890
-2249
-2302
-1461
-2199
-3685
-3374
-1800
-739
-824
-58
1888
3611
4944
5780
6548
6705
5799
4465
3593
3273
1988
-362
-1733
-1437
-1440
-2186
-1980
-912
-1068
-2260
-2030
-1014
-1454
-2720
-3239
-2888
-3156
-3287
-2569
-1961
-1679
-1562
-1010
-1078
-725
567
6636
13389
16650
17792
20842
29356
31242
28472
26667
26472
22458
11301
5673
3894
-1069
-9567
-16019
-16122
-17041
-18907
-19079
-17405
-15918
-16692
-16941
-15530
-12924
-12242
-12909
-12975
-10969
-8331
-6080
-2188
1439
4375
7067
10415
13444
14121
14778
14534
11233
6841
4032
2486
-1571
-6707
-8939
-9700
-11226
-11977
-9914
-7293
-7196
-7726
-5528
-2938
-2496
-3090
-2755
-1916
-3049
-3710
-2171
-488
-64
-221
1405
3418
4351
5272
5869
5852
5034
4174
3480
2644
1940
858
-730
-1373
-734
-653
-1216
-1000
-293
-951
-2125
-1504
-933
-2184
-3523
-3202
-2711
-3138
-2994
-1650
-1109
-1274
-711
192
-44
-413
-114
4355
11193
15040
16796
18364
26316
30412
28064
26386
26273
24359
14012
6421
4558
329
-7475
-14908
-16261
-16909
-19036
-19343
-18028
-16015
-15989
-16353
-15626
-13270
-11749
-12043
-12447
-11176
-8663
-6777
-3350
441
3515
6283
9280
12426
13540
14271
14655
11824
7528
4360
2667
-855
-5907
-8126
-8909
-10517
-11610
-9913
-7176
-7215
-7918
-6375
-3882
-3029
-3413
-2831
-2082
-2452
-3049
-2080
-208
643
547
1136
2904
4225
4585
4772
5063
4685
3390
2587
2609
2339
1237
-5
-276
43
-94
-404
-395
-320
-974
-1988
-2065
-1802
-2448
-3552
-3754
-3068
-2683
-2511
-1519
-454
-8
-214
277
588
181
-168
1858
8970
13818
16446
17573
23252
29955
28963
27172
25885
25197
17817
7918
4189
868
-5202
-13216
-17039
-16900
-18365
-19357
-18708
-16381
-15338
-16051
-16001
-14181
-12340
-12381
-12645
-12037
-9749
-7561
-4396
-255
3204
6451
9302
12194
13971
14401
14560
12513
8404
4478
1759
-785
-5072
-8325
-9373
-10301
-11594
-11593
-9115
-7416
-7948
-7958
-5543
-3987
-4570
-4490
-2512
-1097
-2164
-844
3442
6239
6268
6807
9373
9605
7309
6305
5654
2890
-991
-2693
-2783
-3779
-4168
-3253
-2289
-1203
474
1867
2371
2593
2517
599
-1669
-2310
-3120
-5281
-6898
-5866
-4632
-4374
-2680
571
2451
2806
3550
4983
4436
2334
1121
66
-1513
-1856
4271
10883
14558
15760
20777
29042
30333
28465
26457
25525
18869
7351
963
-2198
-7144
-15166
-20307
-19408
-18505
-18648
-17508
-13740
-10915
-11870
-13169
-11870
-9856
-10664
-12553
-12821
-10859
-9099
-6392
-1533
3434
7057
9564
12691
15209
15441
14450
12224
7851
2388
-1909
-4187
-7267
-10673
-11820
-11203
-10714
-9286
-6202
-3410
-3137
-3418
-1904
-1649
-2538
-3067
-3099
-3786
-4989
-3727
-1404
-235
1247
3132
4697
5116
5734
6823
6114
4456
3188
1988
750
211
363
35
-711
-80
790
623
660
1096
591
-1332
-2266
-1911
-2446
-3664
-3660
-2842
-2600
-2449
-772
922
1251
1364
1768
1682
775
122
-811
-1874
-1385
5964
12785
15970
17136
21946
30369
30302
27464
25382
24387
17851
5890
9
-1806
-6129
-13774
-18812
-17276
-15915
-17180
-17054
-14249
-11837
-13611
-16317
-15502
-13122
-13217
-14623
-14281
-10676
-7438
-4473
518
6031
10070
11691
13251
14860
14562
12583
9666
5263
630
-2909
-4735
-6422
-8406
-8229
-7537
-7342
-6821
-5090
-3510
-4675
-5814
-5399
-5376
-6344
-6397
-4776
-3936
-4097
-2376
719
2480
3273
4654
5891
5329
4368
4589
4305
2893
1854
1462
1189
1059
1759
2150
1682
1671
1866
945
-245
-529
-1093
-2928
-4273
-3534
-3162
-3645
-3333
-1536
-493
-508
671
1666
2018
1359
1074
645
-433
-1218
-1417
-1410
4103
12424
17530
19092
20947
29407
32076
28415
24489
22710
18661
7050
-1259
-3163
-5338
-11180
-16853
-16842
-14257
-14523
-15303
-14511
-12631
-13027
-16626
-18312
-16473
-14896
-15231
-15576
-11974
-6858
-3191
1356
6755
11534
13269
13506
13839
13055
10837
7895
3841
-611
-3742
-5012
-5506
-6503
-6248
-5339
-5412
-5693
-4982
-3979
-5301
-7631
-8395
-8035
-7784
-7294
-5277
-3115
-1793
-224
2481
4902
5733
5545
5105
4355
3222
2406
1893
1592
1273
1063
1354
2455
3716
3918
3169
2641
2130
557
-1218
-2066
-2565
-3961
-5071
-4366
-2914
-2212
-1731
-505
758
1301
1383
2018
2219
1574
596
-102
-606
-880
-1502
-1594
-1400
1383
9773
16375
20252
20150
24463
30300
28241
23541
19384
18184
10806
-135
-4448
-4086
-6118
-11955
-14893
-12282
-10854
-13040
-14344
-13357
-12661
-15836
-19946
-19433
-16815
-15448
-15430
-12987
-6804
-2466
962
5424
10450
12886
11859
11055
10327
8179
5307
2923
190
-2503
-4007
-3529
-3060
-3268
-2650
-2674
-3807
-5322
-5725
-6275
-8273
-9647
-9211
-8113
-7331
-5259
-2018
399
1313
2514
4252
4527
3728
3176
2858
1724
593
980
1940
2434
3081
4096
4835
4896
4728
4183
2685
1001
-530
-2357
-3757
-4117
-3858
-3926
-3560
-1977
-823
-570
-115
1008
1371
599
106
348
202
-318
-295
157
243
422
388
739
736
3578
11198
16898
19669
18598
22334
26987
25488
21454
17265
15941
9557
859
-3226
-3668
-5042
-9637
-13221
-12876
-11852
-12624
-14124
-15098
-14930
-16194
-19031
-19277
-16997
-13791
-12356
-10995
-6386
-1510
2790
5534
8278
10675
10809
9333
7321
6117
5105
3039
10
-1693
-1868
-1343
-1693
-2421
-2264
-2874
-4407
-6466
-7229
-7245
-8520
-9846
-9487
-7052
-5181
-3899
-1826
997
2420
2255
2763
3376
3244
2024
1523
1613
1670
2221
3071
3846
4504
5303
5465
4658
3832
3195
1601
-565
-1841
-2405
-3183
-3832
-3162
-2093
-1649
-1214
-506
49
94
24
-13
-316
-521
-301
-88
77
698
1417
1641
1547
2015
1824
1178
296
4009
11464
16363
17886
16829
21563
25491
24109
19410
15543
14434
8116
-311
-4845
-4269
-4453
-9409
-13798
-12934
-10226
-10982
-14073
-15231
-13893
-15089
-18997
-19632
-16180
-12095
-11572
-10922
-6028
-20
3866
5010
7167
9789
9843
7107
4742
4414
3963
1737
-1039
-1757
-939
-432
-500
-1084
-1134
-2191
-4289
-6135
-7359
-7344
-8442
-9566
-9193
-6332
-3350
-1953
-902
1331
3288
2855
2035
2061
2654
1653
390
698
2009
3205
3747
4317
5159
5746
5625
4532
3172
2231
959
-964
-2452
-2463
-1932
-2064
-2210
-1295
-261
-9
-384
-414
-395
-898
-1588
-1740
-1225
-484
169
491
1181
2134
2924
2704
2016
1592
688
-616
-618
5483
12814
17394
16755
17548
23238
25655
23122
16623
13869
11135
4041
-3755
-6747
-4725
-5235
-9985
-13219
-11143
-8275
-9520
-13356
-14894
-14330
-16277
-19768
-20093
-15969
-11602
-10725
-9245
-4501
1837
5571
6292
7003
7941
7550
4994
2592
1896
2095
1110
-552
-794
803
2386
2085
679
-726
-2130
-4200
-6577
-7941
-8308
-8502
-8803
-7876
-4996
-1639
326
923
1507
2216
2217
1271
519
322
412
544
948
2176
4075
5704
6213
5698
5315
5177
4152
2219
440
-465
-1105
-1832
-1921
-1108
-144
194
1
-212
-261
-344
-1065
-2118
-2720
-2597
-2050
-1589
-492
954
2323
2657
2725
2915
2835
2249
853
-530
-1598
-2532
-629
5916
13639
18885
17754
18501
22209
24594
21592
13955
9985
6634
1482
-4792
-7069
-4694
-3405
-6077
-9446
-9335
-7277
-7637
-11777
-15924
-17487
-18461
-19815
-20093
-16837
-11807
-8388
-5954
-3071
1452
5172
6620
5780
3847
2264
1362
849
461
602
1433
2489
3002
3521
4219
4658
3391
337
-3129
-5727
-7008
-7914
-8523
-8263
-7154
-5112
-2646
-9
2097
2435
1892
830
-315
-1229
-1593
-1082
-546
58
1460
3597
5579
6802
7107
6502
5233
3855
2641
1374
240
-231
-370
-465
-180
837
1750
1626
666
-345
-1146
-2139
-3048
-3641
-3821
-3460
-2689
-1325
378
1979
3204
3484
3235
2821
2169
1366
-35
-921
-1821
-2369
-2748
-1469
4691
12471
19245
19268
17651
18643
20392
19945
13536
7959
4030
1227
-1699
-4175
-3690
-2280
-1896
-3902
-6694
-8306
-9199
-10840
-14522
-18122
-20316
-20536
-18769
-15908
-12081
-8770
-5523
-2554
-248
1133
2010
2740
2133
339
-1345
-975
1030
2928
4179
4835
5717
6413
6349
5333
3476
1248
-1386
-4146
-6367
-7102
-6383
-4900
-3631
-2819
-1958
-529
764
1047
-69
-1531
-2486
-3073
-2937
-2098
-577
1042
2451
3825
4904
5539
5880
5668
4618
3013
1674
1151
1162
1321
1622
1775
1844
1870
1720
1187
212
-870
-2113
-3363
-4183
-4022
-3244
-2410
-1539
-555
635
1579
2263
2404
1959
1265
430
-205
-869
-1219
-1143
-925
-664
-486
-321
2504
7959
15085
18753
17533
15920
15098
16254
14359
10682
6757
3384
1772
167
-63
-367
-901
-2174
-4457
-6592
-9176
-11583
-14271
-16494
-17650
-18502
-17788
-15968
-12637
-9406
-7062
-4900
-3329
-2082
-1787
-1477
-1085
-849
-910
-849
353
2335
4777
6579
7415
7510
6863
5861
4184
2181
-55
-2189
-3797
-4661
-4544
-3815
-2338
-858
235
746
766
322
-939
-2287
-3323
-3956
-4368
-4079
-2761
-1004
668
2129
3460
4210
4277
4010
3560
3038
2388
1936
1704
1837
2372
3026
3367
3278
2967
2337
1331
85
-953
-1703
-2300
-2546
-2285
-1695
-1007
-393
236
726
951
850
641
234
-104
-390
-634
-566
-436
-5
342
637
832
768
329
-39
1325
4713
9505
12887
14081
14029
13295
12674
10796
8432
5732
3190
1402
209
-32
-444
-1123
-2352
-3614
-4624
-5890
-7202
-9278
-11316
-13097
-14348
-14329
-13577
-11760
-9988
-8156
-6309
-4808
-3808
-3777
-3802
-3811
-3390
-2625
-1702
-451
671
1926
3235
4373
5242
5383
5084
4287
3392
2512
1606
863
223
57
158
664
1146
1207
944
241
-508
-1356
-2088
-2703
-3224
-3314
-3134
-2406
-1548
-701
75
765
1499
1963
2334
2366
2295
2174
2160
2582
3063
3525
3784
3905
3947
3663
2996
2023
1046
78
-671
-963
-882
-557
-309
-48
78
377
662
146
-221
-117
-288
-681
-735
-401
-122
421
963
1191
1336
1387
1133
606
70
-701
-1326
-1544
-1858
-1954
-1190
433
2662
4983
6806
7601
7578
6781
5328
3386
1317
-390
-1334
-1089
-24
1355
2391
2715
2272
1137
-474
-2290
-4155
-5867
-7148
-7586
-7375
-6653
-5825
-5075
-4320
-3856
-3543
-3581
-3796
-4183
-4736
-5130
-5172
-4607
-3690
-2689
-1594
-395
812
1578
1854
1609
978
221
-410
-681
-599
-191
423
1261
2177
3017
3566
3683
3384
2853
2189
1637
1099
767
734
989
1539
2009
2416
2488
2235
1586
875
287
-222
-553
-595
-80
597
1324
1802
1890
1717
899
-101
-710
-705
-849
-1062
-847
-666
-529
1
816
1018
1149
1345
1207
877
877
529
141
115
181
135
152
596
591
513
331
-115
-589
-706
-710
-991
-1261
-1243
-1158
-1180
-1283
-1408
-1574
-1555
-1332
-1199
-1387
-1707
-1770
-1474
-675
429
1827
3277
4717
5707
6048
5635
4668
3467
2284
1435
1016
1219
1822
2582
3118
3340
3031
2157
728
-1025
-2711
-4078
-4955
-5372
-5375
-5110
-4714
-4378
-4143
-4092
-4175
-4467
-4772
-4949
-4913
-4696
-4378
-3870
-3239
-2331
-1328
-401
346
947
1404
1561
1417
1149
833
593
572
903
1669
2584
3394
3878
4039
3779
3191
2286
1170
91
-754
-1181
-1171
-718
-98
596
1129
1420
1479
1418
1109
605
295
67
10
169
768
1301
1491
1546
1551
1942
2030
1424
1011
868
345
-231
11
256
-16
236
582
370
17
77
-137
-917
-1396
-1770
-1975
-1708
-1221
-999
-821
-347
-4
27
-158
-219
-129
-107
23
158
242
307
268
230
325
537
561
326
-17
-317
-413
-340
-352
-422
-273
12
434
916
1343
1559
1574
1537
1391
1256
1134
1127
1222
1273
1271
1226
1183
995
662
269
-186
-655
-1108
-1477
-1795
-2047
-2154
-2288
-2408
-2469
-2488
-2423
-2474
-2538
-2622
-2722
-2767
-2822
-2738
-2500
-2183
-1879
-1447
-1009
-760
-565
-484
-542
-608
-501
-191
235
797
1381
1926
2408
2681
2616
2144
1583
1188
993
951
863
853
1192
1609
1793
1817
1751
1499
1072
652
369
205
-120
-433
-616
-611
-426
-63
425
354
-49
-290
-271
-214
-6
584
703
487
637
998
1347
1625
1651
1524
1557
1283
862
677
501
490
367
99
-54
-346
-562
-529
-523
-486
-628
-1072
-1302
-1340
-1329
-1185
-1078
-1128
-1012
-459
-148
-317
-347
-245
-358
-293
-16
-25
-118
-123
-130
-121
108
428
585
855
1115
1149
1145
1142
1053
947
895
857
848
850
826
682
489
292
63
-157
-431
-651
-856
-1159
-1452
-1684
-1819
-1867
-1881
-1866
-1827
-1766
-1670
-1562
-1553
-1578
-1583
-1563
-1478
-1348
-1114
-884
-716
-607
-596
-557
-399
-170
-113
-124
-14
86
-8
-382
-636
-484
-119
243
607
638
580
941
1096
1138
1295
1357
1538
1513
1017
922
1304
1422
1747
2030
1973
2018
1972
1877
1519
981
738
803
1003
960
525
240
475
851
1197
1223
893
310
-255
-186
-383
-914
-568
75
73
-123
183
257
-326
-383
-196
-580
-682
-424
-510
-663
-439
-303
-606
-698
-184
167
-168
-538
-669
-891
-1074
-1126
-1166
-1077
-788
-550
-486
-374
-266
-361
-479
-605
-820
-759
-465
-366
-392
-335
-201
-58
163
377
474
573
560
501
433
184
-3
23
127
196
245
255
132
3
-72
-76
-146
-295
-357
-601
-899
-878
-685
-547
-567
-643
-651
-593
-616
-515
-388
-257
-27
-135
-414
-660
-336
201
155
-27
56
407
452
551
522
156
389
581
548
199
326
977
1148
572
278
699
721
765
570
524
767
983
666
337
385
489
281
152
371
662
551
-89
480
1102
337
-216
200
561
482
181
15
25
387
599
154
-682
-204
381
207
138
-318
-603
-257
-39
-622
-592
-261
-370
-353
-312
-370
-61
-98
-666
-850
-625
-516
-511
-462
-453
-370
-325
-296
-361
-526
-517
-280
-78
-291
-931
-738
-131
-312
-533
-548
-365
11
104
-60
-312
-451
-23
619
667
270
-56
243
643
528
238
256
544
543
415
276
146
179
340
360
96
-102
-174
-135
-121
-24
-75
-387
-425
-187
-42
-85
21
-2
52
-66
-350
-537
-269
-10
-119
-142
-89
158
359
246
99
14
-128
-335
-442
-166
-102
94
265
108
-3
343
340
444
148
160
975
260
-567
-492
270
408
-107
-165
70
136
384
680
388
-48
-77
174
238
277
98
203
548
342
98
172
726
917
290
-271
-497
-379
-95
531
673
150
-8
-92
-45
53
-203
-600
-670
-617
-530
-464
-239
-324
-216
339
75
-599
-608
-183
-161
-547
-668
-478
-483
-185
-24
130
434
529
9
-425
-382
-621
-713
-210
267
146
237
420
117
-131
140
215
-69
-34
17
-26
195
677
599
316
483
583
365
272
385
318
122
-198
-314
-278
-262
-78
87
-1
138
175
-135
-378
-434
-372
-87
99
-162
-267
-150
-72
-252
-382
-330
-199
-21
-74
-400
-513
-563
-563
-416
-229
198
232
220
576
513
239
44
-360
-506
-205
-119
269
602
350
497
776
439
431
543
197
92
-6
-118
156
330
182
77
-13
45
221
332
57
-244
-318
-438
-471
-142
73
220
454
258
-1
99
-136
-198
57
-73
-241
54
291
333
525
604
431
250
186
-162
-377
-100
76
-59
-29
0
-245
-125
238
200
-226
-478
-434
-515
-634
-619
-437
-394
-251
-90
-72
-225
-244
115
28
-510
-734
-676
-411
73
387
254
72
248
282
159
285
185
119
506
345
49
248
219
223
347
205
32
206
385
221
120
44
-108
-206
-287
-474
-524
-74
304
190
138
-17
-422
-641
-574
-393
-441
-379
-128
-2
61
164
176
216
299
31
-128
179
292
-54
-229
-123
-80
49
236
419
664
584
285
59
-93
-107
-111
-33
25
140
293
223
113
159
240
56
-88
-22
-6
27
191
276
274
340
283
175
193
309
562
607
217
12
17
-127
-227
-264
-312
-242
-16
-14
-122
-107
-115
-296
-597
-613
-433
-347
-307
-457
-615
-496
-416
-554
-472
-232
-161
-122
-111
-212
-326
-288
-184
-184
-91
37
-20
56
357
426
305
186
39
62
201
275
327
315
292
342
327
290
319
389
439
398
215
-4
-53
12
-35
-104
-9
24
68
201
160
139
101
-178
-263
-52
-26
-215
-313
-207
-41
6
73
89
-61
-39
159
165
9
-75
-91
-100
-48
59
61
-53
21
270
349
246
86
-54
-29
94
87
-50
-104
-41
-3
26
69
84
60
7
-31
-22
-34
-83
-134
-192
-226
-161
-69
-69
-85
-19
40
36
49
23
-62
-123
-72
54
78
36
1
-67
-76
43
102
47
-20
-154
-281
-327
-332
-306
-271
-263
-224
-176
-189
-172
-110
-52
-35
-82
-131
-121
-50
8
-2
-12
75
141
172
278
313
227
212
286
275
194
204
251
230
236
279
267
282
300
253
203
109
-35
-90
-74
-82
-69
-14
25
8
-11
14
31
36
41
36
38
33
13
33
70
85
121
151
136
101
71
59
40
-3
-26
-14
-20
-56
-100
-142
-151
-141
-153
-208
-240
-250
-263
-257
-251
-264
-275
-267
-287
-280
-218
-151
-102
-50
-2
-20
-22
37
85
72
36
36
63
113
163
185
167
148
127
94
64
22
-27
-52
-50
-56
-58
-40
-18
-15
-21
-15
-10
-16
-44
-73
-53
-13
-6
-9
31
81
118
147
154
131
95
61
35
27
33
38
47
58
68
84
103
116
90
51
29
9
-32
-70
-87
-105
-127
-141
-134
-108
-72
-32
-2
10
27
53
67
70
66
63
72
94
112
138
162
169
171
160
142
134
124
104
78
55
43
39
35
12
-6
-12
-33
-73
-104
-110
-133
-167
-188
-198
-196
-193
-197
-197
-166
-111
-78
-63
-55
-50
-42
-32
-37
-44
-39
-33
-10
29
57
67
60
35
1
-20
-26
-26
-10
-13
-47
-59
-33
-3
10
4
-15
-26
-12
-5
-8
10
31
31
33
41
48
60
64
53
39
28
20
13
2
-1
0
13
25
30
33
32
30
26
18
2
-10
-17
-20
-22
-22
-23
-18
-7
6
18
31
46
55
63
73
80
81
74
74
71
64
63
62
61
51
27
5
-8
-14
-15
-22
-40
-57
-68
-70
-56
-41
-29
-14
-8
-2
-4
-12
-20
-25
-23
-16
-6
0
0
-1
-1
2
0
-6
-18
-29
-37
-45
-51
-52
-50
-51
-53
-55
-54
-54
-50
-45
-46
-47
-40
-34
-27
-21
-18
-18
-18
-24
-28
-29
-21
-14
-5
8
23
41
55
67
73
70
64
60
56
59
59
58
52
45
36
24
9
-8
-22
-36
-48
-58
-68
-75
-73
-67
-57
-45
-32
-20
-10
-8
-9
-2
0
11
29
46
66
81
89
93
95
90
93
96
99
106
107
101
85
60
29
2
-21
-38
-43
-44
-40
-36
-30
-26
-23
-17
-19
-24
-27
-36
-49
-60
-65
-68
-67
-59
-45
-39
-26
-21
-21
-18
-16
-13
-11
-7
-2
4
8
4
-1
-6
-11
-11
-9
-1
5
9
13
11
3
-4
-9
-13
-17
-18
-16
-17
-18
-18
-16
-15
-12
-8
-3
1
4
3
3
2
4
12
16
18
22
28
29
27
24
21
18
9
4
1
-5
-14
-19
-22
-24
-20
-18
-11
-4
0
4
7
5
4
1
-4
-3
-3
1
10
19
24
27
29
26
20
14
11
6
5
1
-2
-2
-6
-3
5
10
15
18
20
19
19
12
9
4
-1
1
4
5
5
9
10
10
5
3
-1
-6
-14
-20
-24
-27
-30
-31
-30
-27
-25
-22
-18
-19
-18
-19
-23
-26
-25
-26
-23
-17
-11
-1
1
3
6
6
6
4
3
2
2
3
7
11
16
21
20
20
17
16
11
8
4
0
1
5
4
4
5
2
5
2
1
-3
-3
-5
-4
-5
-4
3
5
7
4
5
4
0
1
1
2
7
3
3
9
10
7
4
1
-2
-4
-8
-8
-7
-9
-9
-10
-9
-7
-8
-5
-8
-7
-5
-9
-7
-4
-4
-6
-5
-2
2
2
2
3
4
10
14
12
16
12
10
6
2
3
3
7
5
7
7
6
9
11
8
2
0
-3
-7
-10
-7
-8
-6
-4
-4
-6
-6
-2
1
-1
-2
-1
-8
-6
-7
-9
-3
-5
-1
-1
-5
-5
-4
-1
-2
-3
-4
-6
-7
-7
-8
-6
-4
-1
-2
-2
-1
-3
-3
2
1
1
-1
-1
-4
-3
1
3
3
4
4
1
1
3
4
3
4
8
7
5
5
8
9
9
9
7
5
7
3
5
3
0
3
-4
-1
2
-2
0
0
-2
-6
-8
-7
-10
-9
-7
-9
-8
-6
-4
0
-3
1
2
-1
2
1
1
0
0
0
0
1
4
5
5
6
4
3
1
3
2
0
1
-4
0
2
0
2
4
2
2
1
2
1
-1
-4
1
1
3
0
-2
1
0
0
-2
-1
-1
-4
-3
-3
-1
3
-2
0
3
-1
-1
-3
-5
-3
-5
-4
-6
-8
-7
-9
-10
-9
-8
-5
-3
-6
-5
-6
-6
-6
-9
-8
-6
-1
2
5
6
8
12
11
13
10
6
3
0
1
3
7
7
7
9
10
10
9
8
5
-2
-4
-8
-8
-12
-10
-9
-7
-5
-4
-3
0
5
1
1
0
3
3
2
4
4
8
9
8
6
8
9
6
6
5
3
0
1
2
3
-2
-5
-2
-4
-4
-4
-8
-9
-8
-8
-7
-6
-3
-1
0
3
3
3
4
1
-1
1
-3
-3
-1
-2
2
1
2
2
-2
-2
0
-2
-1
-3
-5
-4
-1
-2
-7
-5
-4
-5
-3
-4
-3
-3
-7
-3
-3
-1
0
0
1
2
5
6
4
1
0
1
0
-2
-2
-1
-4
-2
2
-2
1
2
1
-2
-1
2
2
2
4
5
4
3
1
1
1
3
3
2
4
3
5
5
4
4
4
3
1
0
1
0
-1
-2
1
1
2
2
1
2
0
0
-1
-1
-3
-3
-2
-2
-1
1
-2
-2
0
-1
-2
-1
-2
2
3
4
6
5
5
2
1
1
-1
0
-1
-3
-4
0
-1
-4
-4
-5
-5
-7
-4
-4
-5
-6
-6
-7
-6
-4
-4
-3
-2
-2
1
2
-1
2
1
0
1
1
0
0
1
0
4
4
0
4
4
4
3
0
3
2
1
1
0
0
0
-1
-2
0
0
-1
0
0
-2
-1
0
1
3
3
5
1
2
0
2
-1
-1
1
3
0
2
5
4
4
4
2
3
2
2
-1
0
-1
-3
-1
1
-1
-2
-3
-2
0
1
-1
1
0
2
4
0
1
2
3
0
2
2
0
0
-2
-5
-2
-4
-5
-5
-5
0
-4
-6
-4
-5
-4
-6
-3
-4
-6
-3
-2
0
-1
0
0
0
1
-1
1
-1
1
-2
-4
0
-1
0
1
0
0
3
0
2
3
2
2
1
0
-2
0
2
2
2
1
1
3
0
2
3
2
2
6
6
5
5
2
3
1
4
4
6
2
1
3
3
3
2
3
1
1
-1
0
0
-1
-3
-4
-7
-5
-2
-4
-4
-5
-2
-4
-4
-3
0
-1
-3
-1
-1
-4
-3
1
2
0
1
2
2
0
0
1
-1
-3
-3
-1
2
1
0
0
0
3
-1
-1
-2
-5
-5
-5
-3
0
2
2
3
3
0
2
3
1
0
3
2
0
1
2
4
4
4
1
0
3
2
-1
0
0
1
-1
-3
-2
-1
-1
-3
-2
-4
-2
0
-3
-1
-4
-4
0
3
2
1
3
3
2
3
0
1
0
2
3
4
4
2
2
1
0
-1
1
1
-2
-2
-1
1
2
-4
-2
-2
-5
-4
1
-1
-1
-1
-3
-2
-1
1
-1
0
-1
-1
2
1
1
-1
-1
1
0
0
-2
-2
-2
0
0
-1
-3
-3
-3
-4
-4
-1
-1
-2
-4
-2
-2
2
-1
0
3
3
5
1
3
3
4
7
4
5
9
7
7
7
4
2
-1
2
2
-1
-1
1
-3
-3
-1
-3
-4
0
3
-1
-1
-1
-3
-5
-4
-2
-1
-3
-2
0
2
1
0
-1
-1
-1
2
1
0
1
-3
-5
-2
-4
-4
-4
-1
-2
-5
-5
-3
-3
-3
-5
-5
-4
-1
1
-2
-3
-2
1
0
1
1
1
0
1
5
6
7
6
6
7
9
11
8
7
5
5
5
5
3
-1
0
-3
-3
-3
-3
-2
-4
-6
0
1
-4
-4
-5
-6
-8
-7
-5
-4
-4
-6
-5
1
4
1
4
3
1
0
1
0
-1
-1
1
4
4
3
5
2
3
7
2
-1
-2
-2
-1
-3
0
1
2
1
2
1
3
4
5
5
5
7
6
4
2
3
3
6
1
0
0
1
-2
-5
-4
-4
-1
1
1
-1
0
-3
-4
-5
-7
-6
-10
-8
-4
-5
-6
-3
-3
-3
-1
-3
-1
-5
-4
0
0
0
3
3
2
2
5
4
2
3
2
3
2
3
2
4
1
3
0
1
2
-3
-3
-1
0
-4
-5
-1
-3
-4
1
1
2
4
8
5
5
2
0
1
0
1
0
0
2
1
-1
-1
4
2
3
1
1
2
-1
-1
-1
-2
-1
-1
-2
1
1
-3
-1
-1
2
0
3
2
-1
1
0
1
-3
0
0
-4
-2
-1
-1
-2
-1
1
-1
-2
-1
-1
-1
2
-1
1
2
1
3
2
-1
-2
-2
-2
-1
-3
-3
-4
-3
-2
-2
1
0
-1
1
1
1
-1
2
4
4
3
1
-2
1
0
1
-1
-2
1
2
1
1
0
-2
-3
-3
-6
-6
-5
-1
0
-3
1
3
2
3
5
5
5
5
5
3
3
0
-1
-1
-1
1
2
1
-2
-2
1
0
2
2
2
2
1
2
0
-2
-1
0
1
1
5
2
-1
2
1
3
2
3
-1
-1
-1
1
3
3
-1
-2
0
-2
-2
-2
-3
-2
1
0
3
-2
-5
-4
-2
-3
-4
-5
-5
-6
-7
-8
-5
-6
-5
-9
-10
-6
-5
-3
-3
2
5
7
2
2
5
2
5
6
5
4
4
2
1
2
0
1
1
3
2
2
1
3
3
1
1
0
0
0
-3
-2
-3
-2
-1
-1
0
-2
2
5
3
3
5
4
4
3
3
6
4
3
4
3
1
-1
1
2
3
0
0
0
-1
-2
0
1
-1
-1
-2
1
1
-3
-2
-5
-5
-2
-1
-2
-3
-4
-2
-2
-1
0
-4
1
-1
0
-1
-2
0
-3
-2
-3
-2
0
0
0
0
-1
-5
-3
-1
-3
-1
-5
-3
-1
-4
-3
-3
-4
-3
-1
-2
-2
0
2
4
3
2
0
5
6
3
5
5
4
5
5
6
5
2
0
0
-1
0
3
0
-5
-6
1
-1
-1
-1
-2
1
-3
-3
0
0
2
2
1
1
1
4
6
7
3
2
3
2
-1
0
3
3
3
3
2
5
4
2
-1
-2
-4
-5
-5
-5
-2
-5
-7
-7
-4
-3
-2
1
-2
-1
-1
0
0
0
4
1
1
4
3
5
6
2
2
0
0
1
3
3
-2
-2
1
-4
-3
2
-2
-6
-7
-8
-7
-5
-3
-4
-4
-3
-2
0
-2
0
1
0
2
0
1
2
0
2
1
-1
4
3
5
3
0
1
1
2
-3
-3
-4
-4
-2
0
-2
-1
0
-1
-4
-3
-4
-3
0
1
-1
-1
1
2
2
2
4
4
3
4
7
6
6
9
8
8
7
7
6
6
3
3
4
1
0
-1
-2
2
-1
-4
-4
-2
-3
0
-1
-1
-1
-1
0
-3
-4
-4
-3
-4
-5
-4
-1
-1
-2
0
0
0
-1
1
2
-2
0
-3
-3
-4
-5
-5
-5
-4
-3
0
-2
-1
0
-3
-3
-3
-2
0
-1
3
4
0
2
2
3
3
3
3
0
3
2
-1
1
0
-1
-2
0
3
1
-2
0
-2
-1
0
-1
-3
-2
0
1
1
1
3
3
2
0
0
-2
1
1
2
4
5
4
4
6
5
4
2
3
2
3
0
2
1
-1
-2
-5
-2
0
0
0
1
0
-4
-1
0
-1
1
