SAMPLES:	8503
BITSPERSAMPLE:	16
CHANNELS:	1
SAMPLERATE:	16000
NORMALIZED:	FALSE
1
0
2
0
2
4
6
6
4
1
2
2
1
3
2
3
2
1
-2
-2
0
1
-3
-1
2
3
0
0
-4
-5
-1
-2
-3
-5
-3
-4
-4
-2
-2
-2
-2
-1
-2
-3
0
2
0
1
0
4
5
3
3
0
1
-1
-1
-3
-1
-3
-1
-2
-2
-3
-2
1
1
3
2
4
4
3
1
0
-1
-1
1
1
1
0
0
1
2
1
-1
0
1
0
4
3
6
4
-1
0
0
0
-1
-2
-1
2
0
-3
1
1
-1
-1
1
1
-1
-3
-4
-2
-1
0
-1
-2
-2
-5
-6
-1
-1
-1
0
-4
-2
-2
-3
-1
-2
-3
-4
-2
0
1
2
1
4
3
4
2
4
1
-1
0
0
2
3
5
4
1
5
5
0
3
1
0
1
3
2
0
1
0
1
0
-2
0
2
0
-2
1
-3
-1
0
-1
-4
-1
-3
-4
0
-2
-3
1
-3
-4
-4
-7
-4
-2
-2
-5
-1
-2
1
1
2
5
3
3
2
0
-2
2
1
2
-2
-3
-1
-2
-3
1
5
5
3
5
5
5
1
2
1
-1
0
0
3
1
-3
1
5
3
1
0
4
2
0
1
-1
0
1
0
2
1
-2
2
0
-2
0
2
4
1
-2
2
3
-1
-2
-1
-4
1
-1
-6
0
-1
-1
3
2
-2
-3
-3
-2
2
0
0
-2
-2
-2
-4
-2
-3
-1
-6
-4
-1
-3
0
0
-2
-2
-2
-5
-7
-2
4
-2
-4
-1
0
-1
2
2
2
0
6
0
0
4
5
7
0
0
3
4
1
-2
2
3
6
5
1
1
1
2
8
4
0
2
-1
-1
0
-1
-3
-2
0
-4
-3
0
2
2
2
-3
-5
3
0
-1
2
2
0
0
-1
0
3
-2
-4
1
5
2
-4
-8
-5
2
1
-4
-5
0
1
3
0
-5
3
7
2
-4
-1
7
3
-3
1
-2
-4
5
-1
-6
-1
3
2
-7
-3
1
3
1
-6
0
5
-2
2
1
0
-5
-3
3
0
2
3
8
-1
-2
6
4
4
-1
0
3
6
3
-7
-4
7
5
-12
-7
6
6
-7
-1
3
-10
-12
-3
0
-1
-3
-8
-3
1
6
2
-7
-3
9
0
-14
0
18
1
-20
3
19
2
-14
1
16
4
-12
-5
9
7
-3
-8
-2
5
1
-4
-6
1
5
-6
-4
12
8
-15
-12
16
21
-3
-15
2
13
-8
-8
20
14
-26
-22
25
12
-26
-2
28
-6
-25
10
28
0
-14
1
6
7
9
0
-5
-9
-7
22
28
-13
-37
-12
17
35
23
-45
-45
38
33
-17
-5
-3
-16
-5
6
22
29
-50
-63
39
71
-25
-88
-10
73
17
-52
0
28
-38
-31
51
44
-50
-83
42
82
-30
-52
14
22
-16
-11
27
35
-54
-57
89
61
-63
-59
21
66
41
-47
-66
21
71
35
-49
-58
44
38
-49
22
23
-89
2
103
-6
-78
-12
41
0
0
41
-54
-82
87
118
-75
-158
56
155
-69
-74
30
-48
25
106
-25
-145
-12
149
85
-118
-178
144
168
-129
-34
15
10
56
-43
59
-23
-140
71
172
-25
-229
1
223
15
-97
-95
-51
173
194
-151
-376
161
425
-102
-366
-96
398
86
-274
-38
81
31
-36
82
28
-167
-162
302
281
-358
-435
368
501
-373
-384
104
410
11
-307
-80
70
202
85
-267
-217
361
130
-252
-114
182
95
-187
-34
294
-109
-362
316
272
-178
-357
130
393
37
-465
-82
366
219
-249
-420
294
345
-121
-415
106
299
82
-479
0
571
-180
-585
269
708
-542
-614
524
767
-775
-701
852
672
-998
-487
927
296
-608
-504
624
469
-556
-514
569
500
-503
-613
670
522
-688
-450
637
532
-738
-392
658
400
-613
-316
434
450
-386
-541
365
618
-385
-700
774
229
-741
114
627
-285
-620
491
640
-726
-485
743
398
-620
-568
970
195
-1089
393
749
-542
-467
296
571
-163
-725
93
850
-144
-885
404
574
-464
-361
544
195
-660
32
429
113
-433
-128
288
-8
205
-244
-406
507
195
-495
49
398
-431
-117
650
-328
-461
390
362
-520
-138
665
-251
-491
417
228
-214
-255
75
336
-162
-8
-33
-73
123
-82
117
123
-157
-290
28
679
-95
-709
85
485
95
-214
-228
-100
375
329
-492
-337
696
-100
-455
271
185
-141
-135
-29
51
326
-130
-485
315
386
-528
71
383
-539
134
522
-561
-26
166
175
-74
-300
262
-163
171
-48
29
-38
-89
200
-182
-80
45
387
-29
-566
16
439
39
-192
-218
391
11
-396
-32
538
-71
-827
801
382
-1045
-159
1214
-133
-1090
408
881
-686
-405
552
-66
-60
88
10
-34
-370
99
712
-475
-428
655
-195
-321
210
166
-56
81
-106
-534
614
291
-430
-114
46
118
243
-25
-615
120
545
51
-647
377
147
-333
-172
226
382
-6
-263
-608
279
696
20
-883
200
745
-270
-1039
464
1284
-448
-1239
339
776
-279
32
-65
-50
-344
367
341
-490
25
255
-151
-172
165
83
176
-395
-260
540
489
-907
-532
1254
66
-654
-246
392
41
-86
81
11
-73
-299
251
314
-326
-126
303
-164
-179
267
409
-483
-444
270
552
-45
-555
155
323
-312
-230
400
374
-426
-384
397
-238
309
841
-1511
-357
1773
-224
-1226
324
794
-181
-904
322
1215
-808
-791
524
295
144
-410
109
119
-494
579
-162
-305
539
-192
-433
-262
1359
22
-1981
753
1516
-1130
-844
1122
298
-570
-145
36
85
-135
331
315
-426
-358
-8
368
569
-647
-233
232
171
-25
-177
246
-252
-294
706
414
-1399
110
855
239
-708
79
387
-384
-461
684
605
-867
-349
199
822
-97
-723
74
346
-263
-138
556
-65
-356
275
-205
-527
812
409
-1134
52
986
42
-1417
551
1066
-664
-713
378
535
-115
-209
-261
333
241
-396
-291
456
149
-191
-110
-155
579
-97
-731
389
129
147
-143
-441
443
452
-624
-332
340
966
-900
-1205
1718
816
-1629
-885
1544
1025
-1639
-908
1502
806
-1525
-249
1115
156
-867
-752
1500
658
-1402
-620
593
1417
-707
-1710
1376
1199
-1966
-34
1425
-417
-358
-37
-234
329
497
-347
-666
658
495
-1194
-34
1487
-552
-1204
888
311
-31
-630
17
735
-228
-512
-43
411
737
-943
-447
1049
-584
-27
420
-136
-186
-237
449
87
-37
-556
271
560
-722
-69
557
79
-183
-331
-164
745
-316
-405
583
208
-817
-201
998
484
-1420
-662
1911
297
-1832
202
980
82
-477
-208
80
162
235
-736
773
352
-1206
172
933
-405
-614
842
-461
2
354
-537
-72
1205
-568
-1528
1173
1223
-1150
-646
500
299
339
-719
85
233
-93
-275
316
694
-1104
-229
1404
-372
-1342
597
1142
-589
-811
213
880
-119
-826
8
716
484
-1503
-76
1573
-224
-1215
273
827
2
-998
144
1006
-844
-161
910
-594
-422
586
467
-368
-916
650
357
-349
54
232
-368
-94
235
490
-295
-988
523
1221
-769
-1260
1634
5
-1306
654
1234
-1509
-842
1924
442
-1800
-19
1029
169
-91
-1177
121
1072
410
-1107
-146
889
-416
-566
388
1032
-1147
-214
783
-163
-434
-270
1312
171
-2259
79
2912
-1002
-2215
1596
1222
-1566
-892
1356
750
-1195
-369
1040
104
-1203
-41
1742
-322
-2033
1174
1240
-1356
-697
1531
433
-1445
-628
1344
830
-1429
-383
1056
186
-1183
469
1158
-1273
-452
856
719
-693
-1342
1356
1102
-1471
-815
1411
-221
-46
296
-694
-344
1200
-474
-897
1586
-39
-1886
673
1571
-1039
-831
1111
-137
-516
199
194
559
-838
-253
157
787
-284
-257
-4
-132
360
-249
147
-139
46
511
-729
-74
392
46
3
181
-479
-756
1440
540
-1575
-647
1980
-20
-1810
841
924
-742
-777
1216
-277
-661
708
302
-606
-761
913
625
-592
-493
329
168
-129
640
-1051
-563
1742
394
-1609
-360
927
694
-964
-694
1842
-461
-1773
1863
46
-1669
1015
889
-913
-261
-52
335
680
-500
-463
-68
221
401
227
-395
-849
959
568
-1943
1508
542
-1648
176
1551
-832
-724
728
-17
0
-665
630
846
-1552
-120
1945
-918
-1766
1546
1472
-2154
-1003
3344
-725
-2718
1176
1821
-1120
-1015
950
687
-617
-1029
385
2068
-1426
-2182
2814
794
-2531
-375
2861
-771
-2386
1270
1392
-548
-668
-189
-508
1640
717
-3075
536
3344
-1952
-2295
2023
1106
-1146
196
-610
-262
1055
18
-334
56
-279
-299
1272
-834
-980
1087
700
-566
-613
534
-340
-326
1201
-825
-385
1490
-756
-1280
1089
612
-1222
661
630
-1081
-372
1116
-148
-79
-432
-150
794
-489
-199
249
1050
-731
-1190
-279
2069
886
-2992
-43
2701
-604
-2468
1751
1435
-1882
-673
760
772
-201
533
-386
-2125
1387
1051
-587
131
-421
-339
748
-314
98
-58
-354
1576
-1618
-910
1641
761
-295
-1582
-214
1029
763
-321
-544
-483
-379
2530
-998
-1808
967
670
-153
-81
-900
740
1566
-2457
-57
1032
-73
804
-174
-1433
-502
2115
76
-2451
1687
1626
-2167
-1681
1629
3087
-1950
-3193
2105
1160
-531
305
-461
-1764
2156
1330
-3123
-278
2312
1392
-1956
-1743
233
1970
969
-1350
-1229
-786
3376
524
-3570
-582
2816
1290
-3111
-1209
3442
1062
-2548
-1209
1018
39
1543
14
-1887
-75
1325
278
-1576
712
615
-1048
104
1379
-264
-1799
629
2058
-1875
-1474
2447
403
-1770
768
857
-2173
1000
969
-928
495
-485
-287
544
394
-265
-230
-16
-264
-309
1204
-274
-355
27
-177
254
-56
-224
581
-109
-1089
247
1956
-607
-2745
1749
2294
-2002
-1190
182
1484
-98
-188
69
-1112
820
1271
-2165
-805
2550
966
-2224
-1538
2025
2002
-2159
-1196
1133
219
724
-1525
-240
2844
-472
-4037
1142
4395
-2428
-3325
3957
594
-4105
1958
3234
-3498
-640
1677
-19
-1557
1848
1960
-4322
-492
3303
899
-3040
-370
2167
1358
-4058
-550
6179
-913
-7235
1977
5720
-1031
-4402
1510
2190
-548
-1856
-1342
3450
601
-1409
-2309
844
3725
-1951
-1748
594
567
-764
238
2883
-1612
-3180
1549
2316
-827
-1465
-391
1768
770
-1277
-1134
-8
942
1733
-632
-2245
-364
2109
355
0
-1031
-2183
2362
1713
-639
-1720
-1226
1603
2311
-1877
-1359
897
167
1827
-2454
-323
2518
-1283
-1662
1377
1151
-1131
-701
775
1699
-776
-3754
1871
3616
-2998
-981
2534
-1307
342
843
-3541
2773
1729
-3779
1125
2231
-1501
-514
263
151
1308
-2017
-742
1438
686
757
-1410
-247
98
-233
-561
1527
129
-1850
2820
-1903
156
-607
-832
3859
-2470
-960
35
2718
-1800
-479
2869
-3768
-782
3050
1570
-3083
-1770
4067
1639
-5081
-2268
6928
57
-5782
896
5115
-1767
-2451
-404
1577
1029
-1139
-131
-1121
3524
-971
-4249
3171
1994
-2637
-867
609
2324
-476
-1584
122
435
-149
-1462
2264
674
-2370
870
2401
-3719
-110
2716
-1298
-159
-133
204
1680
-512
-3031
2481
1040
-3020
-571
3987
-396
-1067
-1797
1247
1084
-1523
283
-655
1702
1393
-3410
-287
3261
-421
-4214
1877
4648
-3631
-2633
4062
518
-4229
1390
3283
-2373
-616
-641
2325
794
-2211
-1844
1901
2120
-815
-2621
851
4372
-5495
-1459
6569
-132
-6921
1507
5300
-664
-5323
2099
3807
-1830
-3948
804
3672
509
-710
-3836
1139
2237
1486
-2997
-1772
2872
2308
-5515
927
7330
-6521
-3052
3841
4098
-3071
-3760
2519
3018
-3849
434
591
1121
-272
-1966
2265
-995
822
-1065
-383
-164
1282
75
-941
1049
88
-633
-1356
2152
-2492
1257
3476
-3934
-1503
2972
1437
-1047
-2726
-23
2821
-1230
-563
2351
139
-3584
387
2054
-644
1169
-872
-2494
2193
1769
-2238
-304
2336
-826
-3743
395
7745
-3231
-6497
3588
4091
-1840
-4934
3282
4147
-3433
-4762
3681
6041
-4109
-5737
3382
5110
-4370
-3109
6146
136
-4345
-251
2677
326
-2191
1292
-1060
1567
1192
-3372
36
3851
-1775
-4553
3271
4300
-1676
-5775
2627
4409
-2649
-3821
2441
3868
-2814
-2524
2281
2912
-3143
-2837
3105
1235
-646
-1665
369
2483
-1603
-1179
-145
1696
638
-1976
-1841
4998
768
-6610
1037
5762
-2147
-5513
4626
2916
-3511
-2374
2836
1161
-1105
-567
-850
945
1347
-1072
-1034
1189
1393
-3115
-62
2896
-281
-1173
-1014
924
1034
-505
-1712
1425
1521
-2059
-1193
2659
311
-2069
792
-678
323
1899
-1727
-1582
2771
360
-1957
244
45
788
-10
-1952
648
2406
326
-2710
-958
2596
326
-2308
-108
2098
-181
-751
653
-185
-1242
1294
-687
-1344
1792
1380
-969
-1007
-776
1996
1128
-3794
-646
3730
-214
-1628
1796
-101
-1517
-791
16
137
2122
1373
-2887
-1350
2807
-209
-2509
1927
531
-2024
651
1553
501
-1023
-1653
596
442
336
-815
1406
932
-2296
-384
1595
264
-1006
-585
-80
1210
387
-328
359
-302
-2071
317
1851
513
-850
-523
549
-442
-685
1284
706
-1655
-244
1095
-113
-508
797
148
-1284
312
322
-646
776
1610
-1627
-1659
1643
618
-1218
124
1691
-1359
-1281
1833
738
-1675
-499
1193
187
-670
106
666
-471
-607
272
540
-26
-282
-332
177
541
332
-568
-960
602
633
-263
-30
467
-168
-1391
310
1392
-10
-856
78
42
-516
442
318
-102
-356
266
-205
-492
639
916
-765
-695
869
-369
-228
983
407
-632
-389
78
325
373
204
-225
-214
-184
-192
866
724
-912
-1533
462
1230
451
-982
-539
642
-11
-1257
138
1920
-211
-2005
1075
1385
-1966
-1012
1614
238
-1132
515
284
-559
-785
79
466
-960
-1035
949
860
-942
-547
664
-419
-1442
551
1029
-525
-741
822
795
-927
-589
643
-374
-411
866
506
-281
-287
123
-636
-115
1007
-195
-900
601
390
-985
-702
585
416
-516
-287
268
-285
-424
-47
-358
52
542
-376
-185
343
-308
-590
-493
179
407
-36
-428
795
861
-653
-231
995
537
586
1560
1812
1541
1548
1594
1742
2536
2841
2516
2719
3213
2994
2614
2634
2717
2142
1852
2184
2093
1039
277
45
-337
-838
-1460
-1772
-2144
-2818
-3371
-3748
-4169
-4427
-4726
-4958
-4783
-4537
-4726
-4916
-4688
-4589
-4608
-4123
-3422
-3208
-3025
-2718
-2530
-2394
-1800
-1713
-1394
-548
-832
-615
-134
-4
-234
302
746
231
439
1102
938
475
403
505
128
-68
644
427
-523
189
-128
-562
-822
155
39
1648
9234
16043
15992
7308
3274
9381
15914
14514
11629
14806
19071
16381
10793
9109
8987
5723
3057
4666
8634
7523
-37
-7040
-9227
-7982
-9084
-11897
-12674
-10541
-10731
-14255
-17735
-18585
-17973
-17945
-16676
-13146
-9681
-9165
-11774
-12674
-10262
-7134
-5509
-4308
275
5042
5804
3368
2700
5284
7310
8755
10995
13584
13170
9786
7592
7292
6456
4411
3952
5000
4119
489
-2878
-4272
-5769
-7192
-6622
-4329
-4089
-6107
-7131
-6909
-7310
-7717
-5757
-3131
-2085
-2418
-2305
-1974
-2291
-1735
-129
1623
2912
3349
3017
2137
1381
1354
1432
1964
2126
1410
-346
-1039
-1683
-2590
-4325
-3399
-2622
11124
26494
23062
2879
-9719
8427
25911
19037
7862
16395
29869
24903
8658
5938
11635
9039
2869
7028
16508
16925
9
-14434
-13989
-5919
-5872
-14509
-15518
-7422
-6095
-17072
-25328
-24480
-19648
-19497
-19702
-13173
-7817
-9227
-16432
-20252
-13926
-7080
-5561
-6315
-929
6872
6566
-549
-3349
2234
6474
7239
7858
13989
18550
12775
3671
1686
8791
11973
7786
6638
9288
4924
-4644
-6794
-2480
-4059
-9466
-5871
673
-3911
-11894
-11485
-7019
-8018
-7698
-875
2425
-1880
-4431
-1874
-1652
-3346
-1390
2949
4037
3045
2990
1045
-1153
-413
1171
975
1305
3447
1941
-2136
-4519
-4009
-5230
-5925
-4400
-1687
-3310
4209
24219
27194
8537
-10969
2138
27787
27651
12703
13057
27966
30749
14029
3560
10686
16190
9963
6542
13389
19112
5395
-14273
-16604
-6395
-2364
-11863
-17149
-10748
-6747
-16375
-27363
-27720
-20540
-16666
-18410
-15607
-10021
-9686
-15737
-21069
-15073
-5839
-2645
-3675
-1112
6144
7490
1343
-2985
1948
9140
11248
10246
11511
14546
11014
4181
1968
6024
10002
8389
6886
7535
4650
-3059
-7943
-6368
-3822
-5360
-6106
-3527
-5035
-10481
-13127
-10199
-7041
-6307
-3267
665
300
-3060
-3578
-1563
-402
360
2647
5173
4339
1930
87
-543
215
757
1295
1664
1644
-300
-3421
-5100
-4690
-4962
-6556
-5551
-4475
-3578
-4506
8305
25532
22621
3369
-7701
11647
30250
23113
10670
16735
31078
28078
11089
5120
13552
16084
9724
8044
14178
15364
-412
-14791
-13315
-4102
-4210
-14159
-16589
-10214
-9372
-19860
-27741
-25397
-18212
-15701
-17052
-13860
-10393
-11019
-16094
-17918
-10294
-2793
-812
-1774
1566
7100
6427
964
-467
5684
11214
11997
10089
10435
11091
6927
2064
3276
8531
9144
4240
2129
4078
1496
-5222
-7040
-3974
-3898
-6892
-6329
-4482
-7939
-11903
-10113
-5777
-5097
-5264
-2571
-458
-1517
-2583
-753
941
1542
2421
3637
4268
3040
1245
231
959
2197
1382
-168
-303
-314
-2985
-5113
-4766
-4009
-5864
-7854
-6541
-5008
-6076
-884
17562
26309
13787
-5386
-839
22411
27209
14832
11614
25050
32197
18948
5043
7942
15768
13282
7807
10440
16256
8461
-9247
-15672
-8814
-2848
-9032
-15850
-12449
-8172
-14145
-24685
-26807
-20352
-14665
-14903
-14498
-10892
-9203
-12168
-16566
-13235
-4494
580
668
769
5226
7499
3804
79
2886
9540
12718
11137
9187
9644
8062
3181
168
2317
8002
8456
3380
-166
-1407
-2743
-5933
-6237
-3390
-3208
-6015
-6712
-6212
-8198
-10795
-9004
-3865
-2267
-2707
-1500
-1125
-2320
-2066
1147
3437
3119
3510
4561
3532
1165
574
1164
1990
2451
2018
-112
-2608
-3144
-3738
-4813
-4725
-3999
-5633
-8230
-8339
-5992
-5279
2799
18443
22612
9042
-5572
3509
22420
23801
13952
15944
29297
30844
15266
4278
9778
16373
13267
9025
12483
15714
4121
-12237
-15401
-7566
-4073
-10868
-14886
-10980
-9883
-18259
-26897
-26274
-18974
-14132
-14430
-13342
-10627
-10278
-13882
-16377
-10711
-2246
1936
1858
2643
5935
6266
2679
957
5294
11500
13674
11171
8824
8418
5887
1815
151
3651
6740
4464
-158
-892
2547
-1620
-7223
-7895
-3455
-3001
-7755
-6291
-4035
-7357
-11228
-7094
-2178
-3500
-4939
-922
1886
-1345
-1025
2532
3145
2327
3423
6019
3770
1299
1700
1547
597
1209
1730
-789
-2268
-2311
-3611
-6187
-6404
-5095
-7425
-9670
-8675
-5988
-4771
6185
21314
19769
3085
-7739
7684
25252
22986
14275
19397
31590
27502
10173
3576
13311
18976
13661
9878
14211
14462
-1613
-15824
-13954
-4517
-3403
-11791
-13906
-10652
-12849
-22932
-28786
-24028
-15632
-12648
-14467
-13315
-11287
-12172
-15692
-15430
-7135
893
3490
2344
2826
5424
4919
2101
2723
8917
14217
13914
9751
7800
7378
4504
1326
1791
5951
7447
2645
-484
23
-884
-4554
-7943
-5376
-3433
-5456
-7029
-6530
-7557
-9813
-9374
-5495
-2989
-3872
-2826
-1203
-927
-974
-82
2451
3655
3820
4377
3976
2728
1654
1106
1431
2480
2216
633
-1317
-2039
-2738
-4775
-5930
-5450
-5494
-6924
-9497
-9705
-7841
-883
15899
22469
11882
-4894
-3091
16646
24519
17742
16475
27818
31286
17616
4418
9193
18695
17139
12306
13113
16627
7485
-9911
-14988
-8055
-1755
-6595
-12268
-10975
-11035
-19094
-27597
-26190
-18631
-13079
-13802
-14492
-13039
-13210
-15405
-17225
-11948
-2577
2513
2259
921
2722
3889
2083
1456
6414
12743
14517
11104
7362
6921
5608
2888
2110
5147
8537
5306
-405
-3828
-2225
-906
-3154
-2763
-2268
-3382
-8472
-9829
-6933
-6200
-7708
-6181
-2138
-3074
-5903
-5367
-1760
-846
-576
3353
5110
3709
2023
2545
2948
1539
2540
3861
3531
1736
623
-1136
-2907
-2650
-2723
-3556
-4704
-4117
-5061
-8496
-10515
-9763
-7824
-3492
12188
23883
17542
-1821
-8046
9813
23809
21624
17644
26068
32050
19863
3863
5459
17882
20290
14444
12549
15726
9531
-7680
-15631
-10213
-1631
-3333
-9985
-11194
-12197
-18770
-27303
-27155
-19235
-12272
-12101
-14415
-14705
-14979
-16094
-17158
-12539
-3301
2832
3132
300
432
2059
2045
2255
6536
13068
15402
11605
6519
5422
5496
4361
4044
6215
9247
6536
-27
-4343
-3999
1955
2075
-2229
-6083
-6754
-7081
-10344
-9151
-4769
-4504
-8204
-6831
-4014
-5114
-7325
-3665
2355
1362
753
3576
3890
1289
447
3950
4330
2494
3340
4224
1559
-823
-206
-854
-1557
-1833
-1509
-3750
-6155
-5539
-6574
-8446
-9347
-7603
-4170
9918
22823
18195
-562
-9528
7327
22247
21614
18801
25850
30241
17368
2564
5230
18678
22449
16470
12687
13576
8299
-6992
-13642
-7755
727
-918
-8939
-11466
-13252
-19073
-25946
-24974
-17141
-11001
-11796
-15735
-17067
-16868
-16555
-16492
-11965
-3165
1851
940
-2669
-2456
262
1507
2845
7183
12871
13818
9308
4511
4675
6355
6203
6279
7906
9637
5607
-849
-3624
42
4382
2387
-2498
-5344
-6273
-9258
-10437
-6725
-3292
-5772
-8804
-6973
-5985
-7905
-6786
-875
2064
-182
418
3054
2417
7
1553
4685
4128
2711
3576
3969
1597
-106
-110
-120
-349
-192
-1303
-3392
-4292
-4867
-6688
-8138
-7702
-6545
-6584
1646
18504
21978
7845
-8851
-2658
16426
22862
20025
22456
29199
22229
5039
78
14049
24895
21615
14477
11585
9100
-2135
-11185
-7786
639
3497
-4385
-11808
-14589
-17282
-21772
-23415
-18330
-11520
-10430
-15684
-19330
-19155
-16871
-15517
-13645
-7001
-902
-323
-4539
-6454
-2772
848
2368
4919
10204
12577
9037
3675
3020
6478
8080
8242
8492
9693
7226
2392
544
1638
3365
1818
5
-1993
-4977
-8033
-8576
-6699
-5726
-6242
-7006
-6558
-7285
-7708
-5630
-2442
-327
-567
445
1910
1460
372
1095
3370
3773
2747
2556
3359
2711
1282
855
1272
1309
-13
-1002
-1826
-2296
-2856
-3974
-5273
-6147
-7203
-7388
-6874
871
17761
21579
9572
-7780
-5192
12197
19625
19621
23145
29085
20092
2280
-2270
12429
24238
22441
16339
11255
6585
-3893
-10067
-4957
2876
5831
-2550
-11501
-15334
-16920
-18958
-19497
-15219
-9922
-10359
-16694
-19986
-19037
-15657
-14126
-13277
-7923
-3430
-3228
-6805
-7970
-3722
-190
1111
3270
7799
9857
6697
2325
2678
6421
8241
8748
8784
9369
6503
1979
4418
7142
6770
502
-2124
-1063
-3840
-6201
-4548
-1561
-5343
-9513
-8802
-5633
-6898
-6442
-1692
-612
-3097
-4330
-575
1493
-125
983
2673
2218
450
794
2071
2204
2133
2905
2651
1523
1226
180
-834
-623
198
-22
-1822
-2953
-3930
-5847
-6919
-5634
-4337
40
15086
20491
11489
-6523
-7696
8514
17012
19382
22212
27251
17862
573
-4423
8831
21894
23269
18569
10552
3145
-6043
-9096
-2793
4585
8808
1152
-9897
-17077
-17906
-15683
-13874
-10422
-7259
-9014
-16857
-21181
-19361
-13542
-10996
-11420
-8543
-6375
-6630
-9828
-9824
-4514
-1056
-416
227
3425
5464
3510
535
1715
5062
7002
7294
7055
8181
8105
6107
4010
3266
4728
5649
4671
2776
-220
-3533
-5423
-3974
-1824
-2100
-3738
-3950
-4569
-6224
-5581
-1921
492
-984
-1533
-328
-717
-2091
-944
1879
1849
137
367
1383
640
27
1450
2713
2155
1436
1751
1133
-46
-13
522
114
-537
-960
-1420
-3329
-3619
-4065
-3579
-4163
5291
17269
15412
3657
-8708
-464
8824
13620
16691
22140
20893
6102
-4978
-1294
12085
18456
19060
14201
6124
-2610
-8406
-4437
1638
8199
7537
-1837
-11651
-15878
-12274
-9751
-7587
-5277
-4679
-11349
-18508
-18388
-12817
-8550
-9839
-9607
-9115
-9700
-11286
-10782
-6288
-3400
-3352
-4766
-3593
-814
964
541
143
1533
2433
2950
2779
5495
8526
8762
5470
2576
4298
6830
6978
6062
5498
2670
-1771
-2377
1730
2903
-145
-1290
-611
-2897
-5126
-1677
2638
170
-3440
-1843
-198
-2576
-2950
1065
1605
-2560
-3348
21
514
-1002
725
2844
1092
-535
1927
3874
2584
2065
3104
2440
923
1740
3297
2345
531
964
664
-597
-1291
229
-529
-2390
-4298
-1926
7471
10609
8183
-2758
-4648
398
4172
7309
10883
15554
9371
-1021
-5569
756
7948
12111
11987
7907
2285
-3794
-3957
-1905
3802
7967
5200
-2382
-9028
-7862
-6072
-5255
-4307
-2306
-4789
-10945
-13601
-11104
-7858
-8443
-8790
-9205
-9129
-9893
-9633
-7780
-6368
-5178
-6335
-6844
-5483
-2344
-349
-996
-1504
-1013
-92
-157
1918
4686
8702
8110
4986
3909
3503
5396
4913
7821
8612
5691
1724
1376
2671
1649
1400
3379
3559
-755
-1136
892
1219
-1863
-1324
1029
-1114
-2956
-1290
725
-1947
-3239
-429
718
-768
166
2958
2117
-121
972
3576
2742
2563
4489
4205
1627
853
2939
2670
1305
1930
2513
461
-1247
-86
664
-491
-955
-52
-734
-2196
-2240
-1280
-1729
-2442
-1914
-1525
-502
371
1048
317
-543
151
403
772
1852
3648
3693
1999
1086
1484
1752
1783
2828
3532
2977
1233
325
-119
-249
137
220
-338
-1626
-2298
-2987
-3766
-3767
-3145
-3244
-4237
-4747
-4650
-4826
-5397
-5039
-4587
-4413
-4441
-4060
-3551
-3410
-3018
-2469
-2001
-1645
-1212
-603
-204
-100
228
657
1261
1377
1644
1916
1901
1621
1520
1943
2034
1954
1992
2018
1567
1067
1150
1634
1733
1646
1705
1558
1251
1104
1384
1613
1488
1625
1784
1611
1255
1237
1592
1670
1689
1827
1704
1292
1040
1260
1219
1068
1170
1141
776
332
669
633
256
44
144
24
-210
65
382
180
-147
-201
-350
-566
-479
2
58
-352
-703
-751
-731
-732
-675
-477
-527
-748
-1100
-1458
-1492
-1226
-931
-1203
-1658
-1769
-1626
-1678
-1678
-1402
-1229
-1424
-1424
-1016
-668
-644
-704
-643
-645
-570
-204
245
480
449
248
145
255
641
1020
1219
1155
799
329
126
352
770
928
769
406
-50
-251
-217
14
141
130
-2
-352
-708
-807
-593
-434
-408
-458
-462
-581
-580
-383
-160
-38
32
276
304
203
203
455
679
660
554
478
436
425
417
380
439
491
413
218
95
110
-10
-21
153
325
263
15
26
54
99
240
522
638
477
294
268
284
265
462
702
825
615
199
-13
96
435
552
442
351
236
-51
-386
-488
-356
-286
-368
-532
-708
-739
-718
-679
-715
-675
-663
-742
-741
-451
-150
-247
-570
-644
-369
-143
61
347
612
511
239
147
315
508
615
708
664
520
340
249
273
338
331
237
32
-62
-95
-148
-236
-434
-614
-790
-783
-536
-358
-379
-588
-738
-683
-574
-390
-186
-20
-21
-165
-196
-24
198
313
308
304
308
316
345
425
632
708
595
259
28
21
123
232
264
235
-11
-295
-422
-310
-192
-108
-9
1
-137
-365
-354
-289
-175
-42
38
-46
-285
-242
-54
38
-28
25
181
198
52
-103
-147
-128
9
41
23
4
22
-24
-244
-278
-135
41
45
-17
-25
-49
-80
-79
65
159
133
-29
-66
136
412
566
486
353
236
187
249
514
836
921
683
375
281
391
574
683
697
554
313
70
-63
-46
13
10
-87
-237
-395
-543
-658
-651
-574
-496
-561
-662
-667
-557
-413
-378
-374
-390
-294
-160
-26
44
70
69
12
81
250
440
394
227
136
136
159
88
88
164
193
39
-203
-314
-261
-154
-111
-149
-310
-488
-567
-512
-411
-344
-289
-306
-377
-449
-453
-394
-242
-41
64
-44
-226
-258
-192
-128
-69
114
269
244
45
-76
-10
102
160
143
196
239
213
65
16
149
291
292
211
272
344
344
307
419
559
575
529
552
626
611
605
691
856
881
738
555
510
579
576
462
295
183
40
-80
-141
-146
-211
-357
-491
-617
-681
-651
-552
-555
-676
-770
-776
-746
-711
-615
-484
-406
-395
-360
-205
-14
67
16
8
133
255
304
346
424
377
207
101
176
287
255
145
50
-24
-165
-299
-333
-319
-405
-550
-559
-490
-531
-689
-731
-594
-460
-438
-446
-361
-226
-127
-105
-94
-8
107
157
153
233
376
444
392
353
390
370
274
225
311
374
293
137
79
128
150
99
24
24
66
87
61
65
145
217
189
140
226
373
428
393
435
582
684
690
695
741
695
515
366
381
468
462
315
107
-54
-150
-236
-315
-319
-284
-349
-542
-687
-665
-604
-635
-692
-657
-574
-564
-611
-597
-469
-323
-275
-288
-239
-117
-45
-58
-23
124
266
286
230
190
216
258
295
304
267
196
98
11
-65
-115
-147
-174
-216
-310
-430
-508
-506
-531
-616
-612
-455
-313
-366
-468
-440
-338
-285
-195
17
228
286
218
174
180
221
296
393
464
493
479
385
239
143
152
201
232
264
295
252
113
13
31
117
219
357
450
397
270
221
294
400
492
589
653
590
457
382
376
408
455
464
404
297
157
38
-25
-65
-75
-73
-106
-224
-388
-526
-594
-566
-486
-464
-513
-532
-527
-559
-643
-683
-593
-430
-314
-291
-306
-314
-301
-308
-313
-226
-62
14
-20
-18
-9
-61
-70
-31
-13
26
75
30
-89
-159
-112
-85
-178
-187
-95
-100
-155
-203
-179
-41
-41
-97
-13
-102
-115
142
-6
281
1500
786
-1441
-710
1613
1010
-730
-205
1109
1033
194
-97
39
-153
-299
162
522
262
69
194
136
-186
-348
-160
71
128
221
412
378
131
-2
27
81
145
281
482
572
412
201
128
120
121
169
239
305
256
-14
-224
-83
39
-166
-213
54
14
-377
-488
-298
-217
-202
-126
-148
-246
-269
-265
-273
-163
42
116
3
-97
-97
-93
-125
-93
31
113
44
-100
-186
-170
-113
-124
-221
-287
-287
-315
-385
-413
-384
-370
-443
-539
-478
-300
-261
-431
-502
-316
-158
-222
-270
-101
61
27
-12
74
149
204
263
246
229
286
300
304
405
456
371
266
231
227
158
178
408
369
-131
-91
377
-9
-459
195
763
451
377
520
359
404
-4
-1173
-532
1520
1029
-526
772
2312
1077
-129
225
110
-503
-254
363
626
596
401
298
281
-75
-553
-586
-396
-394
-357
-166
-150
-405
-627
-695
-746
-725
-532
-338
-261
-209
-184
-246
-303
-283
-244
-214
-195
-140
20
187
222
142
38
-60
-133
-195
-190
-77
17
-63
-224
-314
-401
-492
-453
-353
-375
-462
-490
-472
-419
-350
-351
-406
-389
-279
-191
-153
-46
154
279
263
226
223
229
265
364
490
554
528
470
411
372
380
409
417
424
411
317
212
163
189
272
328
331
362
413
345
206
192
298
384
384
314
270
312
319
241
249
396
484
414
282
186
146
133
136
169
206
152
0
-149
-228
-235
-230
-288
-371
-392
-418
-511
-607
-642
-620
-583
-604
-644
-660
-659
-672
-657
-568
-433
-341
-352
-390
-409
-359
-291
-207
-117
-15
42
-35
-122
25
276
149
-149
-216
-90
-71
-47
73
237
402
477
372
135
11
-86
6
90
230
213
389
276
-64
134
508
396
876
3489
3816
1391
-1330
-1950
-2425
-2457
-2143
-1551
-446
639
1111
288
-352
-978
-1099
-1333
-743
18
909
1106
1066
647
145
-151
-185
151
597
1045
1088
1117
773
510
273
296
263
378
396
486
527
395
267
158
60
-118
-71
-74
-50
-71
-15
-44
-194
-199
-370
-64
-366
-283
-415
-194
-429
1142
2471
1117
-744
-1599
-1054
-1411
-792
-1042
-420
-71
428
-259
-921
-1047
-971
-790
-564
-159
48
119
-101
-361
-591
-565
-412
-281
-161
23
99
128
-178
-74
-9
52
311
3176
3837
1873
-468
-1071
-1319
-1258
-392
-347
-30
477
869
-443
-1416
-1768
-1259
-1173
-543
433
2753
2081
190
-767
-950
-879
-856
332
441
684
694
958
325
-59
120
214
15
189
581
810
551
534
268
698
1993
1945
1372
859
594
-227
-186
-308
-567
-567
-54
-82
-488
-655
-697
-803
-863
-554
-183
-96
-557
-253
-305
-190
-386
-184
189
268
68
-330
-345
-261
-32
222
241
-70
-451
-370
-124
-319
-380
-195
71
-97
-333
-272
-506
-727
-364
79
-16
-32
195
96
-284
-458
-399
-73
151
-54
-137
195
389
62
-121
20
35
-95
0
138
482
426
156
-28
-14
126
460
1309
1369
1470
477
187
-308
-107
168
6
-49
-506
-152
-44
-237
-28
-515
-1370
-780
-308
316
-461
-1281
-747
454
106
-982
655
927
-754
-1117
-268
470
1159
556
337
974
927
-703
-1024
826
836
-263
1061
1220
-184
296
278
652
-804
-963
1713
90
-323
1052
1120
-488
-852
-711
653
595
-795
1298
483
-1398
-2301
215
1133
-243
-853
903
248
-584
-641
248
-925
-1317
1327
-14
-430
-77
881
-232
-1491
59
308
-533
739
924
-760
-488
-1551
-81
-61
-591
841
1339
158
-2149
-194
926
-1730
-538
1493
490
-419
562
-277
-323
1040
-979
-1541
-520
1199
2145
-62
-1057
453
-362
-851
712
-1039
-706
2224
-432
700
597
-2413
853
1231
-920
-1122
1444
1904
-211
-1600
1724
477
-3429
1577
3151
-724
-1791
375
447
1218
-263
-1307
1232
-80
-1080
738
1799
104
-860
-534
-832
1013
1518
599
-372
-314
1399
-183
-1853
-1687
1196
929
-531
922
427
-718
176
-794
-225
1110
-281
399
-1593
1449
-19
-795
-904
-502
589
-2005
263
2231
-1807
-2048
-335
-834
-1530
-245
259
1184
1444
-1798
-1529
-295
-1008
-132
2971
139
-449
2697
336
-2834
858
638
-1069
1780
768
2971
-753
-1319
-59
68
1177
-500
1101
1013
-424
624
733
-1596
-71
124
1212
1285
-1621
-177
955
-2480
-1128
1476
72
-1111
-106
1493
-293
-1696
232
-1839
-839
417
-429
-1
1001
2536
-1298
-2628
891
820
-1826
1346
3139
46
-2190
-714
2640
-1055
-2100
2812
1457
-1500
478
1080
-2069
-575
462
202
-1075
1166
2726
-2846
-211
826
-2783
213
2927
-847
-850
1823
21
-700
-3168
1333
2785
-2100
-714
1640
-744
-1621
1096
242
-1991
386
1666
681
-2313
-1501
3189
-419
-1174
-223
1975
1367
-2638
-1742
2829
450
-2921
1043
2109
-379
117
-1767
-1155
666
1754
276
-998
1954
319
-789
-1630
-974
1509
285
-694
2786
-1204
-311
1670
-2293
-1208
2943
525
-2384
260
3259
1007
-2831
-1416
514
1284
-131
-1891
2791
2900
-3248
-1562
-172
-826
-204
874
2811
-1076
-2671
443
713
-1003
195
-1978
560
4729
-1638
-1381
-1871
909
1097
-441
-1308
-167
3095
3892
-3057
-4477
1395
689
3722
-546
-3997
3248
2656
-3345
-3371
2055
905
-2235
1910
3284
-3257
-3594
2985
413
-2174
1240
-712
-1100
1984
301
-1744
464
1466
-1515
-697
1155
1108
194
-198
-566
225
1393
-76
-2171
-495
4651
-1133
-4013
1060
1826
1096
-1748
-1480
769
435
-972
1129
300
-1552
1631
-1102
-1251
-214
460
4147
-2013
-3296
474
2518
913
-2538
-879
230
3179
396
-2300
-609
1313
1528
-1593
-1709
907
1919
542
463
-1882
-1071
1312
1555
-1465
-2283
2482
1607
-2559
1372
504
-3345
1725
-89
877
127
-1633
755
-272
-171
81
-762
-302
4510
-1208
-3735
3057
963
-3132
-798
2443
-289
-1170
4491
-1359
-5624
1543
4409
-1555
-4755
2158
2720
565
-1869
-1347
1493
-1846
934
2198
-519
-1246
-949
2602
1965
-4970
-1492
5269
273
-209
-197
-2291
-122
3246
-1368
-2669
2675
641
-164
907
-1940
-1770
3093
-920
-2471
1471
1460
-1810
1639
2349
-4545
-2102
3421
608
-1091
644
-295
-675
-290
618
218
-1949
-345
1299
3369
-3234
-2184
3087
-1418
-1456
390
1063
134
314
-1025
2883
-2397
-4386
4645
1173
-3350
950
2788
-812
-2874
1263
784
-2099
1177
1527
409
-1260
-983
2115
1266
-2916
-1827
4135
-461
-53
2896
-2582
-2181
1504
781
946
-1256
-1709
4386
181
-3716
388
1410
-443
169
152
-1
-760
465
2926
-2675
-3775
2442
2121
909
-912
-3232
1722
2730
-2781
-524
909
918
-315
-1049
1746
-390
-861
50
-700
496
1969
-916
-774
694
-945
25
400
-359
-971
1805
816
-3931
1429
3121
-1462
-3732
1424
2994
-217
-3554
153
2444
-1710
-330
1762
-404
-1099
-457
1433
987
-2695
-767
3894
-1289
-3926
3292
2662
-4445
-809
3804
-692
-1752
1106
922
-884
-1161
1164
379
-668
307
-204
-653
953
-371
-759
93
1973
-923
-1012
444
430
284
-1252
-107
865
-19
365
-693
137
1094
-826
-780
928
2042
-1078
-1623
1149
1759
-816
-1658
1511
-190
-112
298
178
594
724
-1257
-1225
1774
-127
-2211
2558
781
-2898
1297
348
465
-748
-486
183
-364
939
566
-1667
-177
936
-279
574
-560
627
-869
-322
1403
-33
-2667
137
1892
1894
-1773
-2406
1628
1249
-1183
-676
908
-1354
352
2171
27
-3734
556
2940
-216
-3733
2552
1458
-2316
-1772
2573
2027
-3800
-1374
4257
1456
-4999
-571
3396
264
-2017
-6
1159
-1118
-1018
3339
548
-5133
284
5689
-1194
-4229
817
2823
-677
-1689
1305
1022
-2528
567
2924
-902
-3893
2285
3030
-2697
233
162
-461
1041
323
-592
-302
-858
1555
1659
-1680
-1669
1684
1129
-810
-1877
1334
1713
-1062
-614
635
-1306
-506
2967
571
-2513
-2214
4142
1515
-4644
-426
2941
163
-1693
-56
1706
-80
-10
-1119
-1200
753
1397
-1397
249
2133
-2512
-607
2865
-1359
-2303
871
2852
-759
-2320
2
2262
-1209
-775
1409
-541
-1712
2732
853
-2944
-1242
1451
3346
-2148
-2655
1074
2418
271
-2410
-96
333
-280
2033
523
-4124
773
4273
-1086
-3647
-161
2310
2035
-1359
-2382
949
633
397
955
-1866
-1896
3139
469
-1402
-701
1109
-291
-125
1762
-2289
-1816
3731
1719
-2869
-2759
1436
3125
-1723
104
-624
-149
1680
-681
-1184
303
744
-296
-335
724
166
-1244
2034
-2142
-302
1477
-195
-760
1996
261
-1266
-3238
1653
4562
-2802
-1777
76
1747
1259
-663
-1756
-737
1700
2030
-2727
-780
2850
-2279
-941
4059
-1336
-3177
2076
2761
-1554
-2367
-988
2055
2463
-1457
-2831
-218
4669
674
-3880
-556
-210
1462
2515
-1866
-2388
354
2470
477
-2351
-435
1910
-1458
503
2436
-2137
-2267
3495
-1359
-372
280
-792
642
650
212
-1485
454
662
-178
-1188
1511
315
-1443
-400
1439
44
-825
-837
502
2346
-1724
-213
754
-33
-1181
-25
1971
-993
-400
104
-437
1152
985
-1883
-613
515
1478
531
-3107
1359
2104
-2881
103
2597
-2814
860
2242
-2595
-1303
2911
170
-2139
-335
3055
-1004
-3224
2706
782
-989
-897
563
663
-416
-76
704
-818
-734
1201
930
-1059
-620
54
542
1185
-816
-1107
920
1292
-992
-1206
-285
2168
971
-3507
599
2470
-72
-1497
-1022
958
1233
-878
-1300
1036
361
802
-379
-1859
-654
2914
-690
-885
736
-215
-1252
766
1896
-2330
-1359
2246
1486
-1977
-317
661
81
-378
-244
593
-342
610
1154
-1990
-902
1806
544
-1739
-1453
2742
220
-2001
-486
1054
-657
-806
195
-830
688
-506
-147
-512
-589
806
-107
-2474
1807
69
-1084
1156
-658
-444
1136
-114
-301
-395
1059
558
285
510
-1596
1615
1160
-215
-235
1167
-9
946
-407
549
393
1023
190
-478
1050
-86
444
-377
397
271
-879
2227
308
-1574
-85
361
275
1145
-2230
-347
1622
92
1261
-2448
-65
606
-771
979
-246
-1252
1392
-247
-1139
251
-509
508
-658
-490
-610
617
-278
-84
-1029
-1506
1347
-100
-1611
-60
495
-431
-1944
-236
1592
-691
-1656
358
-271
-1195
1624
-1254
-2319
1517
917
-962
-634
84
-464
577
-1100
-584
492
1489
-1264
-107
810
184
-1158
-517
2352
-102
-518
230
787
319
475
708
-654
771
1061
1740
-544
-739
2228
-124
1626
-468
343
2320
67
-636
1731
253
-693
2577
-1506
208
2135
355
-1151
-1452
2957
1008
-3024
382
1788
-729
-1238
303
586
-1086
1325
-1050
-2158
1581
313
-1169
-878
-16
-556
995
-816
-1344
-6
263
-1231
-469
48
-542
-108
-10
-1013
-1544
439
909
-395
-3402
1172
1567
-2019
244
-1016
-1286
2043
33
-2764
569
505
406
-321
-1587
998
-696
366
1006
-1085
-637
1312
-72
-575
419
-364
1189
-875
-187
1648
-755
-114
183
1031
-703
-240
896
-138
-322
823
536
-1019
213
655
1312
-1129
-604
1210
951
-306
181
694
-564
1312
793
-689
665
1553
-105
-323
1565
707
-417
1211
1411
-2069
1044
3164
-690
-1280
1134
752
-69
1135
-388
-706
1716
217
-2001
988
1092
-513
-1758
626
543
-466
-1277
-103
-569
-879
932
-1685
-997
-324
-1063
-452
-1124
-933
273
-1839
-2189
839
51
-1305
-2186
-955
939
-509
-1086
-1343
-372
-97
955
-1199
-1186
1417
102
-1365
354
1051
501
-1005
-104
2055
178
312
788
-698
965
2082
-719
-250
801
2186
532
-1692
1976
1368
-636
-451
797
1753
-687
420
552
-330
899
976
-1029
-699
1806
686
-1233
245
1254
527
-1329
-406
1831
797
-734
-1383
1233
1051
-675
314
-441
-492
432
1117
-1014
-609
633
46
-1081
-138
317
-495
-180
-750
-68
254
-1144
-449
473
-24
-2071
-114
1626
-1370
-594
186
-365
-797
760
263
-1592
263
521
-407
514
-552
-395
776
-260
215
538
-1516
435
1678
-235
-970
-319
589
1344
-512
-1328
881
197
310
21
-308
-838
1064
790
-1640
-353
1852
-366
-1745
1347
-34
-830
462
-332
-489
913
347
-1217
-287
720
-930
995
112
-938
-220
134
793
402
-41
-2038
479
1723
23
-716
-277
250
796
144
-455
66
-265
859
-113
-200
564
228
-131
-353
641
520
-827
65
708
465
-753
703
938
-1259
-58
525
509
415
-687
-144
823
666
-520
-1278
1067
1106
-1174
-413
1358
436
-1394
-366
544
1228
-272
-2285
217
2585
-437
-1521
-362
-58
875
16
-1136
-16
986
-592
-1288
685
480
-993
260
-1069
117
1099
-547
-200
-1099
520
253
-618
112
-547
672
107
-847
211
62
-298
618
-404
-709
480
675
215
-1019
-354
1156
12
-708
692
-425
156
664
-627
-399
780
31
-599
630
82
-215
321
-676
-127
1203
-760
-621
650
631
-518
-766
558
573
-659
66
-85
-459
1516
-291
-974
-301
1079
734
-1379
11
599
459
-17
-749
130
651
51
-5
-631
304
993
-339
-696
399
383
-336
-6
972
-428
-835
1361
-319
-178
721
-870
-18
814
534
20
-707
87
582
-132
383
-477
-269
694
399
181
-753
-220
22
710
132
-1188
418
401
-79
4
-557
238
340
-1247
-211
1058
372
-414
-1188
-85
256
730
-894
-496
613
-657
137
-380
708
-761
-1276
684
395
-164
-206
-210
-325
149
-357
2
-115
-27
169
-492
272
116
173
6
-1065
164
940
174
-377
-571
212
601
322
-197
-653
-71
1119
85
-742
360
-239
709
-224
-171
305
-601
1158
-6
-615
-22
64
811
251
-935
-208
1053
580
-764
-404
557
572
156
-599
-299
1055
206
-152
185
-380
44
512
129
376
-232
-745
811
525
-81
-434
-183
1085
-322
-699
598
141
353
-307
-738
559
345
-222
125
-199
-204
-22
-162
564
-479
-618
778
-418
-493
-75
235
642
-1155
-918
331
732
138
-1165
-1010
1286
364
-1476
-199
672
4
-726
-268
297
-21
192
-287
-754
265
287
-337
87
212
-298
-383
59
596
58
-392
-323
342
-152
406
479
-990
123
547
79
-138
-121
339
54
-61
80
-212
292
408
128
-364
-80
415
158
-286
554
-14
-519
773
150
-294
314
183
-211
-131
544
116
-151
245
286
-60
-172
175
57
204
307
-236
-720
619
1098
-608
-894
205
1151
-465
-923
525
397
223
-517
-976
876
729
-801
-392
49
448
60
-576
122
419
-603
-335
713
-340
-323
396
-356
245
-14
-525
89
114
10
-12
-286
-192
219
115
-243
-181
20
-217
403
-335
-363
360
107
-179
-139
-210
6
377
-301
-47
-105
-14
108
-428
398
204
-431
-177
-95
313
107
-308
-87
35
62
283
-616
67
465
-129
-53
-464
159
553
-321
-141
406
-142
-75
-257
405
172
-287
459
-92
-15
-84
-354
1122
589
-1347
66
704
287
341
-675
-104
912
405
-347
-579
365
834
-192
71
-110
-373
914
3
-473
3
226
714
-409
-729
147
412
411
-72
-921
-33
649
123
-354
-735
300
642
-220
-660
-536
593
761
-884
-861
629
161
-150
25
-767
-4
708
29
-886
-513
1064
95
-791
-37
4
87
446
-355
-784
382
331
-38
23
-349
-98
146
1
119
112
-127
-294
35
450
-314
-21
521
-247
-445
307
122
-152
415
71
-568
-151
692
339
-431
-765
447
1179
-336
-964
-63
990
296
-923
-2
791
-76
-611
273
378
-92
203
-106
-255
-39
360
282
-196
-264
123
280
162
-369
-601
844
471
-828
-373
641
431
-416
-379
-19
297
318
-107
-495
-13
601
-189
-502
239
166
-59
-212
314
136
-411
-179
65
411
204
-562
-390
476
691
-241
-1008
390
725
-539
-347
496
-1
-272
142
-196
122
352
-203
-471
-75
653
90
-968
36
838
-275
-534
392
278
-456
-25
215
-308
-57
309
114
-488
-187
731
93
-601
-18
472
-55
-580
87
519
-107
-207
-68
-23
360
207
-259
-427
85
567
-204
-535
311
462
-208
-388
241
610
-285
-689
317
502
-154
-384
38
312
49
31
-8
-214
36
304
-94
-315
107
330
-21
-297
-47
219
213
-17
-364
-102
350
104
-151
-296
39
426
-198
-237
280
177
-200
-210
56
-74
74
196
-304
-55
422
23
-202
-56
31
-15
-123
-46
5
91
236
16
-332
-128
312
106
-350
-80
225
-14
-5
35
-109
58
82
-111
-66
106
130
1
-221
-164
282
104
-297
-27
227
179
-112
-153
122
-40
-81
22
-128
43
213
10
-102
53
122
-185
-202
309
126
-373
-60
312
215
-170
-403
26
446
88
-411
-160
309
195
-117
-214
-51
180
111
-151
-175
230
262
-353
-286
395
270
-327
-252
192
264
-24
-269
-143
210
269
-134
-353
22
369
170
-334
-343
239
390
-59
-393
-102
432
176
-387
-199
229
244
-117
-298
33
305
145
-263
-289
165
327
18
-345
-191
303
267
-118
-301
-71
284
142
-115
-169
-108
204
231
-158
-263
0
226
139
-131
-222
1
261
61
-271
-59
175
47
-6
-95
-86
152
114
-107
-172
39
185
-26
-100
-26
3
113
-3
-99
35
-24
-27
96
4
-93
-6
83
12
-45
11
-8
-21
36
12
-34
2
21
-16
30
35
-85
-30
106
28
-86
-81
45
119
-8
-95
-33
84
73
-60
-8
49
-81
-16
125
16
-117
-31
101
26
-41
27
-32
-72
73
66
-75
-51
23
16
27
34
-63
-73
92
72
-103
-47
70
5
-47
6
30
-14
-16
29
-6
-33
35
20
-71
-22
78
12
-86
-27
87
24
-99
-30
68
13
-53
-41
18
42
-14
-35
15
31
-7
-8
27
-9
-37
30
36
-34
-31
29
35
6
-23
-17
27
22
-15
-12
8
9
-5
10
13
-14
15
24
-30
9
59
-16
-51
17
57
-9
-38
3
10
18
31
-27
-49
34
47
-22
-41
-5
25
14
-21
-30
0
29
8
-22
-12
7
15
12
-23
-18
26
6
-23
-12
3
11
7
-14
-26
5
35
-4
-38
-2
26
13
-11
-23
-1
15
7
-15
-19
3
11
0
-17
-12
9
7
-6
-10
-1
5
-1
-7
-1
2
2
-4
-7
9
9
-3
-6
-4
6
8
0
-7
0
9
1
-8
2
5
1
1
-1
3
0
-1
1
-2
3
2
-3
2
7
0
-6
4
8
-2
2
9
4
2
3
6
1
-2
-1
-1
-4
-2
5
0
-9
-5
8
2
-10
-2
6
4
0
0
-6
2
10
1
-4
-5
3
5
-2
1
2
-2
2
6
0
-4
2
8
3
0
-1
-1
-1
1
1
-3
-2
3
1
-2
-3
-3
-2
1
-2
-10
-8
-1
7
-4
-10
-1
3
1
-6
-6
-2
-1
-3
-3
-3
1
3
-4
-3
2
2
-1
-2
3
2
-3
-1
3
4
3
-1
1
2
-1
0
0
-4
1
3
-1
-3
1
3
-1
-2
5
5
2
-1
-1
2
-3
1
3
0
0
0
2
0
0
0
3
2
1
2
1
0
1
3
0
3
1
-1
-1
0
2
-1
-4
-1
2
0
0
-5
-3
-1
-5
-2
-1
-2
-2
-2
0
1
3
-1
3
2
-1
2
0
-2
4
4
0
0
0
1
1
0
0
1
1
1
0
-2
-1
-6
-5
-4
-4
0
-1
0
-1
1
-2
-3
-1
2
-1
-3
-2
-3
-2
-4
-3
0
3
1
2
2
1
-2
-2
-1
2
0
-1
0
-1
3
4
3
2
1
3
4
0
2
1
2
2
2
-2
1
2
-2
0
-2
-3
-2
-3
-2
0
3
1
0
0
0
2
1
-1
4
4
4
5
3
4
3
2
4
3
-1
4
0
1
0
-4
-3
3
-2
-3
-3
-2
2
-3
-1
0
-2
-2
-5
-6
-2
-4
-3
-4
0
1
-1
-3
-2
1
-1
0
-1
0
1
0
3
1
-1
0
2
4
3
4
1
1
0
-2
-2
-1
-1
-3
-4
0
0
-3
-2
-5
-2
-1
-4
-3
3
3
3
-2
0
1
0
3
3
3
3
3
3
4
