SAMPLES:	5480
BITSPERSAMPLE:	16
CHANNELS:	1
SAMPLERATE:	16000
NORMALIZED:	FALSE
2
1
2
2
5
4
4
1
1
1
-2
-1
1
-1
-2
-1
-5
-4
0
-1
-1
-1
0
-1
-1
0
-3
0
-3
-2
-2
-4
-6
-6
-7
-5
-6
-9
-10
-9
-6
-4
-1
-1
0
3
4
3
2
4
5
0
1
1
1
3
2
1
1
3
-1
1
4
8
6
5
6
8
5
4
4
3
2
0
1
4
-3
-3
-1
-2
0
0
-1
0
-2
0
5
2
-4
-3
-3
0
0
2
7
2
-1
-1
-2
-3
-3
-1
0
-2
-1
-4
-5
-2
-2
-4
-1
-2
-3
1
0
0
1
-2
-1
2
8
7
9
7
4
2
1
2
-1
0
-5
-3
-2
-4
-2
-1
-1
1
1
0
4
1
2
1
0
6
0
3
0
-1
-3
-5
-3
-6
-5
-5
-1
-3
1
-2
0
-2
-3
2
-2
0
-3
0
-1
-5
-6
-5
-2
-2
-1
-2
-1
1
-1
2
-2
0
5
4
3
4
2
2
5
6
4
3
1
1
1
0
2
0
-1
-2
0
1
1
-3
-2
-1
-2
-2
-2
1
3
1
-1
1
2
0
3
3
3
2
0
-1
0
-1
-1
0
-2
-3
1
1
0
3
4
3
0
-3
0
3
2
1
2
0
1
1
0
1
0
-1
1
-1
-3
-1
-2
-3
-1
1
1
-3
-3
-1
0
-3
1
-2
-1
-3
-6
-3
-6
-2
-5
-6
-7
-2
0
-1
-2
1
-2
-6
-4
3
3
0
-1
1
3
-2
-2
3
2
0
-1
6
6
-2
0
1
-3
-2
0
2
4
2
6
6
2
1
8
6
2
5
6
7
4
5
7
6
1
2
1
1
-2
1
0
-2
1
-1
-2
-2
-4
-1
1
-3
-2
-4
-4
1
0
0
-3
-3
1
2
0
0
1
-2
2
4
-1
-1
0
-3
-6
-7
-2
0
-2
-1
-1
1
-4
-7
0
0
-3
-7
-1
-2
-5
-2
0
-1
-5
-2
-1
-2
-3
-4
1
-1
-1
-2
0
4
2
1
-1
1
2
0
-4
-3
1
2
1
1
2
0
1
5
2
0
1
2
1
0
0
0
2
4
3
5
2
4
5
4
5
3
4
6
4
6
8
6
2
2
4
0
2
-2
0
2
1
2
2
-1
-1
-1
2
-2
-1
7
5
0
-5
-2
-4
-1
-2
-2
-5
-4
1
1
-3
0
-2
-4
-2
-3
-1
-3
-5
-6
-5
-6
-8
-6
-5
-6
-5
-3
0
-4
-2
-2
-6
-7
-7
-1
-3
-6
-2
-4
-7
-5
-2
-3
-8
-2
-1
-3
0
4
0
4
4
4
6
-1
1
5
0
-4
3
9
6
3
7
7
4
2
7
8
5
3
5
6
4
5
7
3
3
3
6
5
1
0
0
-1
7
5
4
4
8
2
1
4
6
4
-3
1
8
6
6
8
10
7
3
2
-4
-9
-8
-4
-3
-7
-10
-7
-8
-9
-7
-11
-8
-6
-8
-8
-10
-9
-9
-11
-12
-9
-7
-14
-10
-10
-15
-17
-16
-15
-17
-16
-16
-17
-22
-24
-20
-16
-17
-18
-14
-14
-19
-18
-19
-21
-17
-13
-9
-5
-1
-2
0
2
1
5
13
13
17
18
16
14
14
19
21
16
20
20
18
13
14
15
11
8
9
17
19
18
17
22
27
31
39
44
54
61
71
76
81
94
103
110
119
129
129
132
132
147
161
163
165
166
161
166
173
163
154
142
121
115
100
69
34
-4
-36
-81
-125
-155
-183
-212
-254
-309
-338
-361
-387
-392
-417
-451
-451
-459
-474
-473
-507
-527
-505
-490
-477
-467
-483
-484
-451
-428
-393
-353
-336
-314
-284
-262
-238
-212
-188
-154
-123
-100
-79
-55
-32
-3
25
58
91
121
150
176
199
213
220
226
233
236
243
255
274
311
338
349
356
360
361
385
426
479
539
544
499
407
268
192
230
385
584
745
814
806
818
978
1353
1918
2572
3145
3414
3296
2969
2877
3178
3561
3715
3570
3166
2473
1548
774
413
249
-66
-584
-1157
-1886
-2828
-3686
-4081
-4033
-3957
-4073
-4318
-4616
-4933
-5102
-4881
-4324
-3724
-3270
-2961
-2714
-2491
-2204
-1718
-1030
-343
173
494
660
756
884
1101
1387
1630
1725
1652
1431
1148
945
870
866
825
700
500
272
88
0
3
60
148
230
252
236
245
328
436
522
613
706
754
713
659
610
560
525
526
493
348
180
88
46
-50
-205
-371
-528
-647
-708
-780
-893
-919
-803
-714
-722
-669
-554
-577
-661
-507
-316
-509
-774
-539
-127
-176
-340
-140
2
427
3034
7486
9268
5783
1680
2738
6953
8306
6756
6888
8496
6990
2583
524
2044
2786
993
-102
777
245
-3547
-7388
-7949
-6190
-4975
-5244
-6263
-7445
-8553
-9188
-8969
-7774
-5885
-4263
-3994
-4806
-5077
-4020
-2743
-2082
-1010
1164
2783
2118
508
558
2162
3086
2873
3103
3865
3386
1448
201
781
1632
1283
467
281
231
-577
-1672
-1923
-1247
-529
-405
-678
-786
-540
-233
45
804
2074
2683
2022
1547
2630
3995
3765
2867
3290
4284
3843
2628
2630
3219
2516
1271
1387
1984
1011
-683
-901
-172
-519
-1606
-1685
-1092
-1346
-2121
-2011
-1324
-1377
-1891
-1617
-726
-443
-832
-861
-353
-134
-369
-341
112
249
-141
-365
-144
-98
-523
-823
-673
-673
-1183
-1641
-1634
-1562
-1781
-1997
-1990
-2019
-2269
-2484
-2432
-2207
-1998
-1945
-2008
-2032
-1964
-1922
-1889
-1733
-1510
-785
1609
5417
7523
5643
2634
3192
6869
9034
8386
8100
9214
8781
5862
3721
4246
5033
4036
2755
2637
2042
-731
-4089
-5307
-4289
-3284
-3778
-5316
-6827
-7856
-8431
-8506
-7844
-6487
-5210
-4920
-5493
-5711
-4877
-3689
-2844
-1774
63
1572
1400
358
458
1902
3048
3192
3275
3680
3414
2150
1124
1302
1918
1819
1174
783
590
-33
-959
-1332
-897
-387
-376
-609
-671
-689
-822
-675
82
963
1265
1163
1334
1794
1990
1949
2235
2817
3056
2919
2937
2909
2131
994
693
1220
1343
602
-255
-879
-1622
-2327
-2455
-2257
-2437
-2882
-3028
-2972
-3151
-3371
-3144
-2502
-1907
-1601
-1533
-1528
-1344
-905
-339
198
629
807
738
671
774
900
909
860
730
353
-318
-1035
-1466
-1629
-1921
-1769
1092
7146
11303
7806
-103
-2240
4220
10506
10080
7633
8681
9540
5389
362
861
4788
5820
3674
2522
2334
-662
-6176
-8937
-6235
-1939
-1352
-4882
-8738
-10294
-10292
-10125
-9357
-7161
-4718
-4443
-6606
-8448
-7618
-5195
-3602
-2607
-392
2101
1774
-1051
-2014
847
4152
4675
3783
3880
4056
2444
383
603
2709
3676
2415
873
436
65
-1216
-2228
-1539
43
422
-836
-2056
-1998
-1362
-1103
-768
373
1704
2036
1416
1142
2026
3188
3718
5004
8372
10580
7372
2030
1893
5989
6777
4047
3666
4200
230
-4361
-2895
147
-2159
-5351
-3435
-1359
-4230
-6918
-5041
-2937
-3566
-3600
-2114
-2248
-3913
-4202
-2995
-1810
-945
-755
-1308
-1118
-63
-141
-925
19
1541
883
-304
583
1313
-290
-1328
117
820
-1001
-2421
-2147
-2537
-3918
-4085
-3412
-3444
-1628
5133
12260
10963
1605
-3964
2057
12096
14529
10547
9594
12029
9842
3060
930
5767
9266
7047
4234
3918
1680
-4731
-9609
-7684
-2129
-145
-4031
-9701
-12599
-12454
-11733
-11195
-9386
-6401
-5193
-7487
-10480
-10179
-6827
-4028
-2922
-1097
1958
2713
-286
-2469
364
5317
6894
5307
4703
5468
4372
1463
738
3311
5258
3855
1365
548
368
-1112
-2763
-2357
-473
215
-1271
-3110
-3339
-2339
-1753
-1636
-615
1175
1912
1157
656
1634
3205
3912
4447
7491
12474
12806
5236
-1493
1437
7678
6927
3215
3987
3315
-4009
-7927
-2489
696
-4556
-6982
-2144
-1301
-7209
-9001
-4674
-2880
-4288
-3296
-1731
-3609
-5781
-4771
-2531
-823
345
-73
-1227
-353
1104
111
-591
1923
3530
1398
249
2121
1954
-996
-1155
1283
587
-2703
-3595
-2922
-4115
-5559
-5124
-3620
1366
11951
17962
7295
-9340
-7658
12015
22594
13353
5390
12464
17587
6371
-5021
1693
14698
13539
3508
2100
6222
293
-12503
-13961
-2055
5418
-1282
-11938
-15179
-13106
-12615
-13652
-11981
-7443
-4640
-7039
-12280
-14114
-10002
-4781
-3446
-3300
395
4084
926
-5419
-4080
5117
10189
6218
2446
5170
7335
2775
-1714
1672
7698
6899
1125
-891
1336
821
-3333
-4400
-307
2527
-141
-4159
-4387
-2033
-1097
-1770
-1039
1570
3097
3181
5475
9471
8512
2342
955
7491
11161
6713
3503
5857
5162
-368
-1204
2960
2191
-2897
-2977
277
-1492
-5985
-5991
-3428
-3325
-4358
-4370
-4756
-5665
-5598
-5004
-4341
-3017
-2431
-3552
-3408
-920
-143
-1915
-1511
1383
1911
383
1074
2664
1490
-110
1018
2039
313
-1455
-1401
-1798
-3365
-4061
-4245
-4895
-1307
10663
21034
13441
-7193
-13153
6315
24612
18348
4716
8990
19215
10685
-6082
-3662
12827
16308
5131
477
5268
2020
-11586
-16834
-5774
5697
2355
-10104
-17077
-15367
-12632
-13120
-13041
-8969
-4315
-5131
-11392
-15611
-12011
-4793
-2069
-3104
-588
4575
3196
-4568
-5903
3935
12169
8866
2520
3987
7909
4317
-2048
-107
7438
8553
2040
-2005
-41
701
-3245
-5443
-1483
2875
964
-4404
-6116
-3545
-1574
-1908
-1583
1023
3270
2319
-107
387
3797
6146
8493
14651
17897
8397
-4030
-952
11250
11654
3579
3990
6528
-2494
-10781
-4367
2204
-3775
-7940
-1792
-384
-8680
-11767
-6140
-2997
-3754
-2886
-3001
-6057
-6883
-4892
-3780
-1749
1554
558
-2938
-1110
2646
548
-1729
2652
5873
2157
-122
2496
1799
-2411
-1660
1944
-165
-5080
-5492
-4587
-6963
-5729
6570
20926
18557
-2268
-16248
-2422
21585
23263
7520
6204
19483
16913
-2885
-7761
9314
19439
10316
2009
5168
4756
-7529
-16601
-9267
4610
6481
-5760
-17189
-17472
-12745
-12504
-14644
-11749
-5350
-4214
-10828
-17196
-15274
-7519
-3064
-3960
-2675
3167
4181
-3832
-8469
320
11714
10918
3297
3106
8239
6375
-1025
-1245
6715
10367
4680
-1176
-432
1357
-1863
-5499
-2876
2505
2308
-3389
-6913
-4960
-1935
-1698
-2142
5
2955
2605
5
105
3823
8512
13474
16316
11109
855
-1133
7086
11504
7617
5473
5673
-63
-6474
-3841
279
-3097
-5426
-988
-475
-7398
-10357
-6758
-5030
-5126
-2705
-2297
-6535
-8551
-6126
-4565
-3780
-1081
-104
-2069
-1459
1265
265
-1606
1438
4716
3036
1570
3295
2362
-1661
-1696
1505
448
-3930
-4992
-3857
-4529
-1261
12273
23947
13783
-11034
-16309
8940
29669
18669
1257
8960
22817
10875
-10136
-4917
16555
19245
4390
-515
5629
1215
-13763
-17039
-3075
8092
1771
-12753
-19089
-15309
-11534
-12954
-14197
-9985
-4380
-5461
-13265
-18048
-12902
-4029
-1753
-4186
-1451
4720
2428
-6959
-7007
5841
13986
7685
627
4622
9588
3903
-3678
76
9220
9191
1125
-2319
772
793
-4468
-6215
-883
3405
187
-5662
-6559
-3242
-1436
-2228
-1681
1695
4211
2758
919
5272
13744
14871
5815
376
6595
11866
6954
3594
8460
7706
-2671
-5234
3216
3846
-5357
-6093
1402
-107
-8471
-8321
-2473
-2743
-6028
-5105
-3795
-5759
-7114
-6086
-4516
-2618
-1861
-3805
-4162
-355
1205
-1872
-1598
3342
3888
-146
282
3895
2509
-1080
94
1882
-1539
-5150
-3753
-2099
-3448
69
13751
24227
13078
-10940
-14816
10405
29995
18861
2412
9632
21219
8717
-9969
-3350
16599
17966
3683
-1370
3225
-1162
-14047
-16242
-3224
6869
188
-14485
-20520
-15835
-11360
-12603
-13752
-9649
-4618
-6110
-13561
-17589
-11898
-2913
-923
-3775
-1390
4425
2057
-6515
-5468
7227
14052
7000
223
4408
9291
4017
-2984
514
8833
8418
519
-2746
521
1036
-3717
-5523
-728
3100
-265
-5961
-6340
-2446
-588
-1862
-1684
1752
4335
2599
1217
7980
18184
15925
1114
-3936
8097
14495
5361
2002
10248
6830
-8523
-8030
5930
4270
-8366
-5272
5114
-1019
-12501
-8838
-508
-2072
-5169
-3186
-3693
-7467
-7903
-5986
-4220
-1113
-127
-3788
-4189
974
1153
-3846
-1533
5747
4440
-1328
805
4663
241
-3902
252
2819
-2411
-5541
-2700
-2224
-1563
11225
26982
19606
-8176
-17865
7457
31779
22327
2296
7708
23213
12803
-10898
-8525
14601
19726
3524
-3477
3559
358
-15923
-20541
-5723
6714
602
-13919
-20194
-16778
-13009
-13563
-14235
-10131
-3873
-3515
-11222
-17586
-13126
-2897
501
-2774
-1052
5974
4907
-5387
-7405
5412
15102
8913
320
3861
9924
4320
-4928
-2190
7933
9028
555
-3786
-519
179
-5158
-7260
-1530
3509
467
-5672
-6648
-2916
-616
-1452
-1088
2748
5817
5455
7211
13431
13701
3123
-2648
7074
15756
9056
1342
4999
5982
-3431
-6487
1970
3910
-3998
-5211
570
-1229
-8124
-7402
-2082
-1493
-3538
-4022
-4845
-5836
-5019
-4345
-4256
-2394
-1255
-3360
-3346
865
1632
-2248
-1681
3423
3522
-432
248
3157
1004
-2348
-1018
-116
-3939
-6089
-3011
-1288
-285
10451
25818
20567
-6234
-17350
6103
31424
23592
2904
6806
22598
13788
-9570
-8550
13849
19800
3628
-4892
2030
1075
-14289
-20964
-7728
5616
466
-14337
-20327
-15782
-11954
-13534
-14566
-10053
-3693
-3328
-10410
-16122
-11824
-2197
913
-2430
-933
6136
5842
-3733
-6320
4974
13857
8126
180
3856
9981
4457
-5246
-3311
6579
8067
-185
-4480
-700
602
-5079
-8124
-2599
3047
484
-5313
-5701
-1786
-188
-1523
-605
3850
6398
5184
7482
15209
15336
2569
-4130
7265
16733
8284
-14
5504
6766
-4823
-8231
2048
3991
-5478
-6377
752
-1295
-8887
-7789
-2129
-1612
-3272
-3624
-5007
-5798
-4144
-3740
-4234
-1565
272
-2698
-3307
1483
2268
-2266
-1367
4375
3985
-526
368
3027
215
-2731
-733
-267
-4406
-5921
-3159
-2793
-2059
9401
24549
19851
-5542
-17251
5151
30806
24293
4042
7709
23918
15366
-8979
-9014
13511
20014
4171
-3912
3261
1672
-14789
-22136
-8994
4724
339
-13863
-20032
-16212
-13044
-14986
-15969
-10906
-3814
-3017
-10015
-15818
-11883
-2877
-103
-2866
-91
7774
7057
-3355
-6157
5151
13573
7674
733
5486
11227
4491
-5713
-3700
5789
6793
-751
-3601
351
140
-6705
-9232
-2811
2741
-121
-5308
-4775
-1010
-620
-1734
3459
13471
15257
4843
-2375
3897
10521
6474
4082
11207
11841
-716
-6794
1331
4821
-2237
-2991
4265
2971
-6347
-8316
-3130
-1609
-3064
-2114
-1495
-3927
-6419
-6933
-5489
-2360
-795
-2749
-3467
-739
-483
-3572
-2335
2967
3545
242
1023
3426
791
-2250
275
2777
3
-3113
-3109
-3695
-5890
-5863
-157
12976
26501
21791
-3732
-18161
2319
29671
26288
6930
8409
22618
15262
-7838
-10608
9596
19551
7349
-3440
312
829
-13702
-24296
-13126
4320
2909
-13382
-21589
-16536
-12569
-15867
-17140
-10305
-2160
-1940
-9232
-14633
-11282
-3804
-1132
-2050
1848
8780
7192
-2873
-6108
3525
11750
7616
1306
4757
9972
3994
-6497
-5812
3753
6293
-638
-4267
-628
-120
-6764
-10054
-3605
3328
1291
-4332
-3984
173
412
-2038
212
8755
17466
18556
9511
-1348
-2293
5371
10332
10658
11361
7951
-2935
-8845
-2563
1985
-2600
-3077
3745
2527
-7732
-10784
-5170
-2766
-3063
128
1252
-4287
-8895
-7487
-4190
-1538
459
-151
-1812
-557
706
-1686
-2335
2202
4836
2321
1307
2858
737
-3200
-1946
1594
20
-4321
-5188
-4199
-5603
-4295
8706
26886
26461
377
-18788
-2085
27540
28250
7411
5694
22394
19364
-5324
-12953
6049
18276
7675
-3084
584
1864
-11970
-24205
-16444
588
3209
-10243
-20345
-17499
-12178
-13883
-16927
-12450
-3125
438
-5834
-13250
-11341
-2984
129
-2653
23
9035
10060
-704
-6690
1900
11109
7477
501
3802
10201
5142
-6395
-7734
1375
5352
-610
-4683
-1238
105
-6107
-10275
-4950
2110
1610
-2731
-2708
677
1151
-620
3222
14266
20533
11979
-805
-681
7638
8008
4282
8949
12401
1450
-9436
-4175
3043
-2187
-6020
1557
4880
-4070
-10166
-6189
-2562
-3123
-2130
-422
-2164
-5277
-6750
-6241
-3061
530
30
-1890
166
2144
-1004
-2902
1545
4926
2600
1213
3020
1566
-2693
-2595
545
-391
-4206
-4844
-3629
-5151
-4081
9468
27949
26050
-1138
-18401
813
29052
26503
6301
7686
23681
16991
-7633
-11528
8104
16629
4266
-3829
1919
1436
-14407
-25469
-15860
316
1047
-11940
-19997
-16597
-12450
-14790
-17068
-11635
-2203
963
-5129
-11529
-9039
-1575
316
-2096
2102
11492
11220
-564
-6187
2723
10955
6306
-169
4150
10169
3754
-8213
-8943
245
3519
-2438
-5461
-1415
-551
-7311
-11491
-5869
1754
1946
-1876
-1362
2138
2781
4187
12242
18000
9663
-2253
764
11613
10584
2456
3790
8176
1929
-5595
-2254
1785
-2572
-4868
386
2129
-3402
-6779
-5041
-3361
-2761
-2161
-2949
-4153
-3969
-4331
-5220
-3312
-630
-1234
-1376
2243
3435
-512
-1470
3127
4907
2035
1863
4393
2800
-1467
-1716
264
-1303
-4403
-4333
-3803
-3957
4719
24239
30308
7013
-18085
-8982
22607
30827
10005
987
16350
20164
-1765
-14611
1247
16558
7577
-5854
-2459
3061
-8535
-23965
-20070
-2747
3258
-7806
-18355
-16983
-11692
-12303
-15382
-12404
-3678
1802
-1809
-8914
-9212
-2446
1135
-1552
-264
9084
13420
4151
-5345
-781
8854
7625
351
1877
9009
6390
-5239
-9623
-2463
2667
-1348
-4081
1546
5080
-2217
-9571
-5167
2329
822
-2407
2707
6784
-245
-7020
-1618
5987
4275
1025
4632
7213
2273
-1914
1302
5575
4780
2533
2976
3463
672
-3009
-3077
-18
1276
-881
-2757
-2449
-2898
-4876
-4630
-1682
-473
-1829
-1879
-495
-1273
-3204
-2116
980
2047
1678
2290
2130
-531
-2439
-803
1656
1677
425
32
-701
-3472
-3398
8246
26961
29889
6776
-14599
-3548
23348
26508
8490
5042
18853
17299
-4438
-13948
267
11231
2843
-6433
-1966
1310
-11545
-26495
-22586
-6039
-165
-9970
-18527
-16027
-11711
-14394
-17897
-12829
-2125
2932
-1697
-7588
-5910
46
1070
-1547
2287
12032
13931
3930
-3374
1843
8702
5514
19
3658
9652
4726
-6780
-9381
-1441
3844
482
-3131
-1169
94
-4505
-8179
-4023
1889
1040
-2367
-449
2524
-764
-4487
40
6888
6089
1865
2918
5573
3156
425
3512
7233
5304
1665
1560
2233
143
-2038
-1251
464
-65
-2414
-4000
-3937
-3712
-4136
-3772
-2190
-1689
-3015
-3427
-1921
-1183
-1940
-1425
919
2151
1231
216
110
84
298
1465
2349
1458
-99
-1055
-1596
2108
15900
31072
25268
-1779
-15230
5707
30203
23722
4515
7163
19962
10445
-11522
-11706
6658
10962
-2980
-9099
-1123
-1281
-17507
-27834
-17243
-1783
-2265
-13951
-18815
-14151
-11606
-15167
-16069
-8632
409
1439
-4703
-8021
-3624
1327
-159
-2184
4092
12852
10834
316
-2994
4215
8052
2504
-646
5396
9081
1069
-8138
-5424
3179
3546
-2841
-3705
1158
748
-5446
-6182
-29
2071
-1926
-2029
2919
2667
-3170
-3232
3649
6230
2229
1063
4575
4838
1100
891
4784
5801
2807
1329
2541
2196
-534
-1696
118
1419
-295
-2788
-3208
-2697
-3460
-4117
-2617
-1038
-2107
-3895
-3423
-2159
-2500
-2650
-318
2164
1395
-1278
-2102
-811
205
564
1353
1736
354
-1969
-2756
2461
16954
31332
25485
-296
-13435
6206
30193
25074
6776
8292
19938
11293
-9392
-10360
6083
9766
-3429
-9073
-1186
-1368
-17797
-28713
-18464
-2735
-2889
-14292
-18599
-13647
-11717
-15963
-16368
-8058
771
1067
-4638
-6889
-2816
672
-1047
-1688
5158
12765
9978
315
-2471
3564
6331
1604
-258
5383
7732
-461
-8892
-6766
-323
-883
-5312
-3654
1584
93
-6919
-8188
-1813
3865
6467
10029
11002
3357
-5256
-2322
7969
11474
7268
4527
4165
1010
-2701
-1761
1750
3051
2542
2282
1235
-1536
-4234
-4295
-1559
1273
1057
-1853
-4351
-5358
-5890
-5453
-3094
-1104
-1504
-2529
-2323
-2340
-2967
-1672
1516
3214
2216
1097
859
415
-312
29
1192
1227
-179
-1189
-1116
-2381
-2081
8719
27233
29915
5601
-16066
-3089
25761
28442
9040
5078
18714
16490
-4802
-12058
3557
12812
1559
-7900
-1282
3340
-10188
-25874
-21976
-5658
-218
-9638
-17121
-14413
-10975
-14565
-17936
-12256
-1735
2021
-3419
-8246
-5289
-194
-1418
-4589
569
11021
12369
2515
-3659
1520
6830
2933
-1228
3820
9747
4385
-6255
-7776
-1253
454
-4308
-4765
963
2316
-4556
-9479
-5487
543
691
-363
6100
14925
11878
-1788
-6703
3470
11269
7358
5228
9566
5559
-6477
-6786
4309
5837
-2078
-1404
5212
1955
-6391
-5813
-530
-271
-1628
-232
-638
-4404
-6797
-6165
-4227
-1884
-947
-2182
-2332
-682
-1162
-2898
-568
3616
3256
628
1520
3158
1166
-975
320
1676
347
-970
-636
-971
-3083
-1335
11109
27478
25980
1434
-15583
772
27049
25450
6221
5138
18448
13820
-6348
-10081
5441
11147
-982
-7642
514
3351
-11604
-25780
-19706
-3582
-214
-10748
-17372
-13451
-10188
-14622
-17849
-11386
-1439
471
-5190
-7789
-3405
8
-3199
-5419
1822
11901
11225
1369
-2746
3024
6560
1851
-644
5570
10127
3457
-5969
-5838
79
204
-4465
-3680
2104
2285
-5030
-9268
-5147
13
-84
-200
6727
14759
11060
-2658
-8119
1166
9363
6949
5477
9245
4758
-7129
-7289
3836
5499
-2061
-881
6296
3244
-5510
-5612
-796
-419
-1153
891
604
-3555
-6543
-6562
-4936
-2183
-444
-1588
-2381
-1016
-1078
-2720
-1348
2110
2372
1116
2375
3221
338
-1862
180
1928
356
-1112
-252
-1232
-2944
4699
22964
30902
11471
-13581
-8545
20516
30850
12939
2168
14032
19084
1454
-11184
-300
11600
3396
-7780
-2650
5247
-4968
-23269
-24763
-9563
0
-6660
-16009
-15802
-11380
-13009
-17601
-14965
-5378
309
-3225
-7786
-5480
-494
-1584
-5764
-2229
8772
13451
5625
-2286
661
7022
5072
-111
2718
9510
7313
-2644
-6500
-1324
1531
-3009
-5465
-467
3159
-1989
-8631
-7240
-1429
-129
-1892
2496
11910
12927
1049
-7895
-1664
7931
7123
4192
8267
7640
-3559
-7908
1908
6866
-309
-2130
5541
5837
-3046
-5456
-643
22
-2162
-22
2006
-1638
-6068
-6465
-4837
-3235
-1915
-1860
-2041
-958
-834
-2657
-2373
732
1860
899
2079
3570
1119
-1797
-509
1732
865
-530
-86
-309
-2687
-2356
7403
23440
27868
9209
-12102
-5610
20652
28559
11865
3268
14071
17058
919
-9004
1070
9992
2059
-6821
-1596
4691
-5205
-21973
-23910
-10378
-1200
-6636
-15353
-15484
-11602
-13316
-17758
-15058
-5563
-188
-3738
-7899
-5011
-179
-2007
-6556
-2640
8513
12837
5560
-984
1994
6385
3441
-250
4115
10372
7245
-2081
-5113
-608
1098
-3192
-4853
-119
2903
-1631
-7416
-6808
-2585
-1614
-2148
3602
13088
12120
-1889
-10010
-1219
8500
6091
3856
9106
6620
-5764
-7000
4518
6089
-2622
-710
8599
5687
-4101
-3885
591
-1521
-2712
2537
3978
-2314
-6916
-6122
-4605
-3491
-1931
-1522
-1515
-529
-1145
-3513
-2795
549
1173
513
2802
4184
632
-2321
-524
1184
0
-207
1002
-124
-3078
-3010
4481
18691
27221
15152
-7211
-9069
13855
27894
16167
4345
11052
16560
4813
-5911
395
8413
2072
-6663
-2229
5726
-811
-17640
-24254
-14575
-3768
-4675
-11816
-14272
-12577
-13830
-17415
-15817
-7841
-1850
-3724
-7865
-6032
-894
-1555
-6959
-5648
4905
12099
7746
915
1785
5318
2938
-484
3869
10787
8667
-343
-3734
439
1957
-2692
-4983
-408
3497
185
-5432
-5927
-3250
-3182
-2966
3935
12052
8504
-3838
-7443
891
5709
2631
3594
8426
4441
-4264
-2566
4537
2341
-2824
2027
8501
4594
-1551
-754
106
-2793
-1546
3784
3466
-2272
-4910
-4082
-4404
-4732
-2978
-1447
-1336
-1255
-1408
-2224
-2278
-1563
-1036
628
3431
3614
696
-569
606
197
-1073
557
2439
326
-2453
-2178
-527
4861
17883
26024
12357
-9531
-7778
15562
25265
11878
3333
11356
14248
2602
-4041
3092
6707
-1614
-6304
1564
7597
-1265
-16158
-20613
-12766
-4429
-4440
-9634
-12239
-11457
-12608
-16022
-15128
-8272
-3514
-6114
-9296
-5598
-199
-2487
-9206
-8346
1390
8131
5721
1987
3400
4563
605
-1864
3496
10021
8391
1983
447
3641
3508
-1297
-3455
377
4274
2867
-915
-2053
-1764
-3653
-5588
-2314
5039
8681
4594
-1936
-3970
-1913
-69
1517
4636
5932
1966
-2247
-747
2187
213
-2356
1035
5891
4881
786
-530
-704
-2319
-1897
1989
3716
505
-2637
-2485
-2081
-2720
-1446
1494
2197
884
1127
2273
1196
-571
623
3587
4541
3480
2869
2743
1736
649
1248
2922
3397
2116
819
681
755
61
-551
-144
474
617
1353
2757
2187
-1326
-3987
-2484
467
417
-1778
-2198
-707
-403
-1811
-2433
-1386
-502
-922
-1594
-1304
-421
-108
-604
-1077
-972
-819
-1127
-1387
-1032
-625
-959
-1673
-1895
-1595
-1511
-1964
-2446
-2325
-1745
-1512
-1897
-2208
-1987
-1813
-2045
-2016
-1366
-958
-1385
-1845
-1600
-1143
-1134
-1331
-1263
-1089
-1127
-1237
-1046
-577
-287
-464
-717
-461
172
468
270
276
873
1540
1796
1925
2232
2385
2183
2133
2722
3633
4178
4050
3508
3133
3281
3678
3778
3577
3510
3583
3306
2622
2171
2251
2286
1837
1339
1303
1384
939
39
-622
-686
-515
-659
-1116
-1400
-1400
-1595
-2118
-2320
-1846
-1419
-1711
-2180
-2053
-1719
-1969
-2461
-2292
-1606
-1358
-1729
-1950
-1667
-1388
-1473
-1540
-1215
-786
-680
-768
-602
-241
-206
-507
-439
249
723
378
-147
-93
217
203
155
509
885
791
441
277
272
234
264
557
1030
1352
1264
874
614
738
1025
1201
1393
1707
1813
1446
984
864
892
703
411
262
162
-61
-394
-700
-895
-1030
-1265
-1557
-1671
-1659
-1902
-2288
-2189
-1602
-1352
-1702
-1921
-1639
-1407
-1510
-1404
-899
-599
-805
-1001
-783
-423
-250
-222
-174
-53
147
297
243
106
154
371
496
464
451
575
752
907
1058
1220
1318
1311
1290
1367
1545
1797
2073
2231
2145
1921
1800
1817
1851
1893
1981
1984
1704
1251
912
684
388
114
131
254
9
-569
-958
-970
-972
-1158
-1277
-1220
-1219
-1350
-1376
-1228
-1208
-1458
-1630
-1369
-893
-721
-993
-1304
-1240
-895
-660
-680
-686
-485
-291
-345
-504
-487
-327
-198
-88
101
258
197
40
79
343
567
588
523
558
688
788
792
771
791
784
670
534
530
622
638
513
359
213
27
-144
-158
-50
22
31
23
-74
-276
-391
-298
-215
-293
-306
-139
-100
-333
-479
-265
12
36
-68
-70
-12
-34
-151
-315
-412
-389
-431
-707
-1003
-1061
-1048
-1175
-1268
-1162
-1104
-1298
-1515
-1472
-1181
-875
-708
-583
-326
-71
-110
-266
-31
557
949
1059
1269
1575
1608
1470
1560
1808
1862
1783
1874
2027
1961
1742
1585
1460
1253
1050
950
899
809
663
417
113
-28
44
64
-85
-187
-179
-306
-578
-682
-599
-639
-797
-769
-616
-691
-988
-1163
-1113
-1030
-987
-895
-795
-809
-879
-838
-689
-598
-600
-548
-382
-245
-232
-208
-68
33
-50
-186
-161
-26
28
6
70
209
233
73
-100
-128
-39
62
127
154
123
19
-115
-183
-105
91
229
178
56
92
274
414
481
583
649
563
509
680
881
818
632
630
711
587
323
195
201
134
26
3
-29
-248
-560
-677
-535
-437
-587
-716
-533
-277
-391
-745
-813
-552
-379
-438
-500
-438
-369
-356
-346
-300
-225
-172
-188
-176
6
218
158
-87
-150
11
103
89
203
363
246
-60
-123
162
442
515
510
534
532
497
498
545
620
712
744
642
487
363
204
45
116
367
352
-14
-238
-93
5
-145
-182
51
159
-54
-244
-156
-8
-22
-133
-181
-142
-89
-111
-200
-258
-239
-222
-234
-196
-163
-277
-491
-517
-275
-63
-143
-382
-455
-325
-205
-179
-91
53
37
-116
-69
261
475
334
141
220
423
472
432
470
486
301
82
102
274
227
-80
-293
-251
-209
-362
-504
-490
-495
-615
-649
-483
-344
-398
-471
-345
-130
-72
-171
-212
-92
61
126
146
171
127
-11
-87
30
210
249
172
151
200
164
38
6
137
231
155
89
180
235
45
-165
-13
397
580
372
145
176
315
351
375
492
536
367
162
148
213
155
-4
-67
4
30
-85
-227
-242
-183
-205
-256
-162
-5
-44
-239
-252
-27
55
-144
-264
-77
101
-26
-207
-126
43
0
-123
-52
91
6
-210
-205
27
125
-37
-187
-134
-59
-165
-310
-272
-130
-89
-127
-92
-25
-91
-239
-251
-92
37
60
81
116
38
-145
-204
-36
159
163
57
60
149
116
-62
-142
16
208
222
145
126
122
31
-44
40
192
222
145
107
131
128
62
-2
5
84
156
131
37
-2
34
47
2
-25
-5
14
30
64
48
-66
-155
-87
35
35
-42
-35
37
29
-53
-80
-18
31
28
48
97
56
-101
-201
-101
63
39
-140
-218
-145
-118
-212
-256
-168
-105
-148
-155
-73
-49
-126
-136
-9
94
78
45
65
63
33
45
83
59
8
52
118
42
-96
-79
56
55
-87
-86
127
255
127
-21
22
123
110
76
182
322
285
109
14
66
127
100
53
83
145
85
-82
-187
-148
-96
-159
-224
-156
-73
-163
-352
-376
-225
-146
-204
-199
-71
-16
-109
-149
-27
78
36
-9
106
258
235
92
55
157
227
191
145
185
234
170
67
55
104
83
-12
-24
80
109
-27
-152
-96
31
15
-76
-49
67
73
-34
-52
52
90
14
-7
85
131
31
-71
-36
22
-29
-112
-98
-46
-76
-151
-175
-167
-201
-234
-182
-105
-110
-158
-151
-115
-117
-123
-66
19
33
-4
-4
29
36
13
20
69
96
67
29
24
18
4
7
41
88
92
45
-3
1
51
84
77
78
118
141
103
58
69
113
109
82
117
170
138
42
3
43
52
5
-9
40
47
-35
-111
-100
-63
-75
-99
-71
-13
-15
-85
-125
-96
-49
-36
-32
-4
22
-2
-56
-67
-18
25
15
-8
-3
25
17
-16
-38
-24
-1
3
-5
-15
-27
-48
-56
-42
-12
-1
-16
-33
-34
-4
26
28
20
23
50
72
66
47
48
54
47
41
48
53
30
6
11
33
24
-20
-46
-17
13
8
-16
-26
-30
-54
-57
-22
13
2
-32
-44
-34
-38
-54
-43
-16
-2
-15
-26
-25
-39
-57
-47
-6
24
10
-21
-39
-30
-16
-3
9
26
37
24
4
2
22
31
27
29
51
60
36
14
21
43
40
22
21
41
34
7
0
20
28
11
1
12
27
22
14
18
21
10
3
9
22
16
6
2
1
-4
-11
-3
7
1
-12
-13
-8
-16
-26
-25
-11
-7
-17
-28
-31
-22
-20
-23
-25
-17
-14
-22
-28
-24
-14
-13
-16
-9
0
4
-2
-8
-2
5
8
2
-3
-6
-5
-6
-10
-7
2
6
0
-7
-2
4
0
-6
3
11
14
11
8
5
2
0
1
3
8
11
4
-6
-9
-4
-7
-9
0
11
11
-1
-11
-12
-6
-1
4
10
10
6
-4
-9
0
8
5
5
12
16
11
0
1
8
7
3
-1
9
14
8
1
1
9
9
2
3
8
12
5
3
5
11
6
-1
-5
-1
5
3
2
-1
1
0
-4
-3
3
6
4
-3
-4
1
3
1
0
0
1
-4
-6
-10
-10
-9
-11
-12
-7
-1
-6
-9
-6
-2
0
1
0
0
2
2
2
3
1
-1
-6
-6
0
-2
-7
-4
-4
-4
-7
-10
-8
-5
-3
-2
-5
-7
-3
0
1
1
1
0
-3
-2
1
1
-2
4
8
4
1
2
7
10
10
10
7
6
4
4
10
11
6
2
2
2
-3
-4
-6
1
3
2
0
0
-3
-4
-1
2
3
2
4
1
2
1
1
3
5
10
14
13
6
-3
-2
2
4
1
-1
-2
0
0
-1
-5
1
1
0
1
0
1
-2
-3
-1
1
-1
-3
0
4
2
-1
-2
-2
-4
-5
-4
-2
-6
-9
-7
-5
-1
-4
-7
-8
-3
4
3
-1
-4
-5
-6
-8
-5
-2
-6
-12
-8
-5
-4
-6
-6
-6
-6
-7
-9
-8
-6
-3
-4
-1
2
-3
-3
-3
7
17
16
11
14
17
16
13
22
24
23
19
19
19
21
16
9
14
17
14
6
0
-4
-6
-11
-8
-7
-8
-12
-18
-16
-16
-17
-17
-14
-15
-13
-13
-13
-9
-8
-10
-9
-1
4
5
6
3
2
5
5
6
7
6
6
4
-1
-4
-1
1
-2
0
4
7
4
-1
0
-1
1
1
4
5
5
3
3
3
1
-2
-5
-2
1
0
-3
-2
3
3
2
2
-2
-1
-1
1
4
5
1
-4
1
3
2
-3
-4
-2
1
-2
-8
-4
-3
-4
-8
-8
-8
-9
-9
-9
-8
-9
-8
-5
-4
-2
-4
-7
-7
1
4
