SAMPLES:	11430
BITSPERSAMPLE:	16
CHANNELS:	1
SAMPLERATE:	16000
NORMALIZED:	FALSE
-3
-5
-1
1
1
-1
-3
-4
-4
1
2
0
-2
-2
-4
0
-2
-2
-1
-1
0
-1
1
0
1
3
-2
-1
0
-2
-2
-1
0
1
1
2
-1
-2
-2
1
-1
-3
1
3
4
4
3
1
4
2
1
4
0
-1
-2
2
1
2
0
2
2
-1
2
3
1
-1
3
0
2
-1
-1
-3
-2
0
0
0
1
-1
-3
0
0
0
1
1
-1
0
2
2
2
2
2
0
-2
-2
-4
-2
-2
0
-1
0
3
0
-1
-2
-4
2
3
-1
2
2
1
0
-2
-6
-5
-3
-1
1
1
3
1
2
0
-2
1
1
-1
-1
0
0
1
1
0
0
0
-1
-1
-1
-1
-5
-2
0
0
2
-2
1
0
-4
-3
-1
-3
-1
0
4
0
-1
1
-3
3
5
3
3
3
3
2
2
2
4
3
-2
4
4
5
7
3
3
0
0
0
0
-1
0
-1
-4
-3
0
-1
-4
-6
-5
-4
-3
-5
-2
1
-3
-3
-1
-1
-1
-1
1
-3
0
4
1
-1
0
3
-1
1
2
2
-3
-1
3
-2
2
3
3
0
-2
-1
-1
0
-1
-1
-1
-3
-1
-3
0
0
0
4
-3
-1
-1
-2
-3
1
2
-2
4
0
1
3
1
3
2
1
3
0
1
2
1
1
-3
2
1
0
-1
0
1
0
0
3
0
0
1
0
0
0
-4
-1
0
-2
0
0
1
1
-1
2
6
3
-1
0
-1
1
1
2
0
-3
0
-2
-3
-1
-2
-5
-2
-4
-2
0
0
-1
0
1
0
-2
-4
-1
0
-3
0
2
2
2
2
0
1
0
0
3
0
2
3
1
2
1
-1
0
-1
-4
-1
-2
2
0
-3
-5
-3
0
1
1
1
2
5
5
2
2
2
1
0
1
-2
-3
-2
-5
-2
-1
-1
0
-3
-2
-2
-2
0
0
1
2
0
0
1
2
3
2
-1
2
3
3
3
3
1
-3
-4
-4
0
-3
-4
-2
-1
0
1
3
1
2
-2
-1
2
2
1
2
4
0
-1
-3
-4
-1
1
-1
0
4
3
-1
-1
0
0
4
-2
2
1
-1
-1
2
1
-2
0
-3
0
-4
0
-2
-2
-1
1
1
0
0
-1
2
0
0
-1
-2
-2
0
-2
3
1
-2
0
3
5
3
2
-3
1
2
1
2
-2
-2
0
-3
-2
-2
1
2
-3
0
0
1
3
-2
1
1
-2
-1
-2
0
-2
-3
0
2
0
2
1
0
2
1
0
0
3
2
0
-2
-4
-1
-4
-2
-2
-3
-4
-1
0
2
0
-1
0
-3
-1
1
-1
-1
2
1
1
5
4
7
5
2
3
0
-1
2
0
1
4
0
0
0
1
1
1
0
-2
-3
-2
1
-1
-1
2
0
0
-3
-3
3
0
-2
-2
-2
-1
1
-1
0
2
1
0
0
1
1
-3
-2
-2
-3
-2
-2
-3
1
0
3
6
5
5
0
-2
1
1
0
1
0
1
-3
-1
-1
0
3
-1
-3
-4
0
-2
-3
1
1
2
1
1
2
1
1
-1
0
2
3
0
-4
-9
-7
0
-2
-1
1
7
9
7
7
-1
-4
-5
-2
-8
-5
-3
-2
2
3
1
-2
2
3
3
2
0
-2
-3
-2
-1
0
-2
-2
1
4
3
2
2
-2
-2
-2
-6
-4
-2
1
4
6
5
6
9
8
3
0
2
1
-2
-2
2
3
6
5
4
-1
0
-1
-1
0
1
-1
-2
-3
-3
-1
-2
-2
-2
0
2
1
-1
4
-4
-4
-2
-2
-2
-5
0
-1
2
2
0
-3
-2
-1
-3
-3
-2
-4
-5
-2
-5
-3
-2
-1
-1
-1
1
0
2
2
0
-1
1
-1
1
0
1
0
2
2
4
2
0
2
2
0
-1
2
3
4
2
1
2
1
-1
2
2
1
2
3
4
1
-2
-4
-4
1
4
0
3
1
0
-5
-6
0
0
-2
0
0
4
2
2
3
4
3
1
-1
0
-1
0
3
3
2
-1
0
-2
-4
-3
-3
-2
-1
0
-3
-1
2
1
2
1
3
2
2
-1
-2
0
0
0
0
-2
-1
-4
-2
-2
-3
-3
-2
-3
-4
1
0
-2
0
3
0
-3
1
1
-1
-1
-3
-4
-2
-1
-3
1
1
-1
-3
-1
-1
-2
4
6
3
-1
4
5
2
-1
2
1
0
3
1
1
-1
-1
-2
-2
1
-2
-2
1
0
-2
3
2
0
4
2
0
0
0
0
0
2
5
4
3
2
0
-1
1
0
-1
-3
-2
-3
-3
-1
2
3
2
3
3
-1
-1
-1
-2
-2
-2
0
-3
-1
2
-3
-3
1
1
2
2
0
2
2
1
0
0
0
-1
-1
-2
-2
-1
0
1
-1
-4
-1
-1
0
1
0
0
-1
-3
-1
-2
-2
-1
-1
-1
-2
-1
-2
-1
0
4
2
3
4
1
0
-2
3
3
1
1
0
0
-3
-3
0
3
2
4
-2
-2
1
3
4
3
2
-2
-3
-3
-5
-5
-3
-1
-2
-4
0
0
0
3
2
2
1
2
1
-1
-1
-1
-2
-3
-1
2
2
1
1
3
-1
1
4
2
1
2
0
-1
1
0
-1
-2
-2
-1
-3
-1
0
1
1
-1
0
4
1
-1
-3
-5
-1
-1
-1
0
0
-1
2
0
-1
3
1
0
1
1
2
2
1
0
-3
0
6
1
4
3
3
1
-1
-1
-5
-5
-4
4
2
0
-2
-1
0
-3
-1
12
17
3
-9
-6
1
4
-4
-6
-2
3
5
0
-5
-3
4
3
-2
-6
-3
-2
-2
-6
-10
-6
-4
-2
-4
-6
-2
-2
-1
-1
-1
0
2
0
-4
-4
-2
0
0
1
1
3
2
1
5
1
2
2
0
2
3
3
2
1
1
2
1
2
2
4
1
0
1
4
5
3
4
3
1
1
1
-1
0
5
4
2
-2
-4
1
1
4
3
-2
-2
-1
-1
-1
2
2
1
-1
0
-3
-1
-2
-1
-1
-1
0
-1
-2
-3
-2
-1
-2
-3
-4
-2
-4
-6
-4
-4
-3
-5
-5
1
0
-1
0
2
-2
-1
2
-2
-2
0
1
1
2
2
-1
-4
-3
0
1
2
3
1
0
2
1
2
3
0
2
-1
2
1
0
4
2
-1
-1
-1
-3
1
-1
1
3
4
3
1
-1
1
4
0
2
-1
-1
-2
-2
-2
-4
-1
-2
0
2
2
-1
1
2
2
-1
-1
-2
0
1
-1
1
3
3
0
-1
0
1
0
0
-1
-1
-1
-3
-2
-3
-2
1
2
3
1
0
-1
0
0
0
5
3
2
-1
1
0
-4
0
1
-2
-1
-1
-1
-2
0
0
-2
0
-1
-1
0
-1
6
5
-1
0
1
2
2
-1
1
2
0
-1
-2
-1
-2
-6
-3
-1
-3
0
-2
0
1
2
-1
-1
0
-2
-3
-3
0
-1
0
-1
1
0
2
0
-2
1
0
-1
0
0
0
0
-2
0
0
-1
2
-1
-1
-2
-1
1
1
1
1
0
1
-3
0
-1
-3
1
-1
-1
0
3
3
3
1
-4
0
-1
5
6
5
4
3
4
1
3
2
0
2
1
3
8
0
-1
4
6
5
0
-2
2
0
-2
-1
0
1
-2
-3
0
-2
-2
-1
-1
0
0
0
-1
1
-3
-2
1
1
-1
-1
-1
0
1
-1
-2
-3
-4
-3
-1
-2
-4
-2
0
-1
-4
-6
-7
-7
1
2
-2
-1
0
2
1
2
2
-2
-2
1
-1
-4
2
3
1
-1
-1
0
-2
-2
0
-3
-1
3
-2
0
-3
0
-1
-1
5
3
5
5
3
4
2
2
2
1
1
1
2
3
0
0
-1
1
4
5
3
2
3
3
5
1
1
-1
-4
-6
-5
-3
-2
1
-1
-2
2
1
0
1
-3
-7
-5
0
-2
0
1
0
-2
0
0
3
-1
0
1
-1
4
1
2
2
2
1
2
-1
2
2
0
0
-3
-2
0
1
4
2
0
-3
-3
-1
-1
-3
-1
-3
-5
-6
-6
-3
-4
1
0
0
0
3
1
4
4
4
2
-2
-2
2
5
0
1
2
2
0
1
2
1
-2
1
-2
-1
2
-1
1
1
0
0
2
-1
-1
1
-2
-2
0
0
-1
0
0
2
-2
-2
0
-3
-4
-3
1
2
-1
1
-1
-3
-1
-3
-1
-3
-2
0
0
0
0
0
0
3
2
2
0
0
1
2
0
0
-1
-1
0
-2
0
1
3
3
0
1
1
4
2
4
3
1
6
3
0
3
4
3
3
1
0
2
2
-1
-2
-2
0
0
-1
-2
-2
-3
-1
-2
-1
0
-1
-1
-1
-1
-2
-3
0
-5
-3
-4
-4
1
-2
-2
-1
-2
0
-1
0
-1
0
-3
-1
-2
-3
-3
-2
-1
-3
-1
0
-1
1
0
1
2
0
2
2
3
1
0
3
1
1
2
-2
-2
1
1
2
2
-1
-1
3
0
-1
0
3
4
2
2
2
0
0
-1
2
0
0
0
-1
-1
0
2
-1
0
-3
-2
-1
-3
0
-1
2
-1
-1
3
0
2
-2
0
2
-1
3
1
2
2
2
2
1
2
2
1
2
1
-1
-2
-1
-2
-4
0
0
-2
1
1
-2
-2
-1
0
0
0
-1
-1
1
4
5
1
1
2
0
0
-1
-2
-4
-4
-3
-2
-2
0
-1
-3
-4
-3
-1
2
1
-1
-2
-1
-1
0
-1
2
2
1
3
0
1
-3
-2
-3
0
2
-1
3
1
1
-2
-1
2
-4
-3
1
2
1
2
1
3
1
-1
2
3
2
-2
2
0
1
5
3
0
0
-1
0
1
3
0
1
2
4
5
3
2
-1
0
2
0
0
3
-2
-1
-2
-1
-1
-3
3
0
1
-1
1
1
-1
0
1
0
-3
1
-1
-1
-1
-2
-1
-4
-1
0
1
0
-1
-1
-1
-1
-5
-6
-2
-3
-5
-6
-3
0
-2
-1
2
1
4
4
0
0
3
1
1
2
-1
2
3
-1
4
1
1
-4
6
-2
-15
7
10
-8
-7
8
0
-9
-2
7
0
-4
2
5
-1
-5
2
8
-2
-3
3
6
1
-2
1
2
-1
2
1
-2
0
0
0
0
-5
-2
1
2
1
0
4
-2
-1
-3
-4
-2
-4
3
2
0
-1
-2
-5
-4
-3
0
0
-1
3
3
5
6
4
6
3
1
1
2
1
0
5
5
6
3
2
3
0
3
-1
1
1
-1
4
6
1
3
2
-2
2
3
2
-1
-1
-4
-5
1
-3
-5
-4
-4
-3
-5
-6
-6
-5
-6
-8
-6
-5
-4
-6
-5
-2
-6
-7
-3
-2
-5
-5
0
0
-6
-3
-2
-3
-4
-4
-3
0
-1
-2
-3
1
0
1
-1
2
0
1
2
1
3
4
5
4
7
9
8
6
4
2
5
6
7
3
2
2
2
3
1
2
3
3
2
5
4
3
7
7
7
6
6
4
1
2
4
4
5
2
1
-3
-2
2
-2
-1
-2
-1
-3
-4
1
-1
1
-2
-5
-1
-2
2
1
-3
-1
-2
0
5
3
6
7
7
5
4
4
5
5
1
3
2
2
2
-3
-5
-2
-2
-8
-6
-6
-4
-1
-3
-7
-7
-7
-7
-9
-13
-11
-10
-9
-10
-13
-10
-12
-13
-12
-13
-16
-14
-11
-11
-5
-7
-7
-7
-6
-7
-6
-8
-8
-9
-7
-5
-6
-3
-6
-6
-1
2
0
3
4
7
9
8
9
13
14
13
15
16
16
12
12
14
14
16
17
15
15
13
13
13
10
11
6
9
7
8
7
7
6
6
3
2
3
3
1
-1
-4
-8
-6
-8
-8
-6
-8
-10
-4
-8
-8
-5
-2
-8
-8
-4
-2
1
2
3
10
16
17
21
31
34
44
54
63
72
90
105
111
124
132
141
158
167
172
174
168
165
166
156
141
118
96
73
47
10
-30
-68
-106
-151
-204
-252
-298
-341
-382
-451
-504
-532
-562
-585
-608
-661
-683
-675
-674
-655
-648
-662
-632
-586
-547
-491
-444
-403
-335
-265
-189
-115
-43
37
120
195
272
346
433
518
580
646
699
750
827
882
903
937
944
971
1073
1081
1054
1048
1003
1007
1048
997
940
883
804
772
736
636
546
454
354
269
173
57
-57
-170
-283
-418
-542
-656
-777
-877
-990
-1144
-1245
-1309
-1379
-1401
-1456
-1538
-1513
-1462
-1393
-1263
-1163
-1040
-847
-645
-409
-161
99
368
635
898
1156
1398
1695
1924
2072
2201
2270
2325
2425
2384
2254
2105
1892
1675
1447
1107
742
357
-39
-457
-890
-1314
-1730
-2127
-2478
-2897
-3278
-3535
-3776
-3955
-4083
-4311
-4417
-4379
-4344
-4221
-4085
-4030
-3824
-3548
-3252
-2915
-2561
-2162
-1778
-1365
-941
-503
-65
375
809
1238
1656
2062
2440
2790
3115
3405
3664
3886
4054
4184
4277
4324
4335
4292
4199
4077
3927
3742
3529
3287
2999
2746
2458
2139
1845
1550
1228
917
630
344
53
-221
-475
-716
-950
-1169
-1360
-1531
-1694
-1837
-1956
-2054
-2140
-2201
-2241
-2264
-2268
-2257
-2222
-2169
-2102
-2016
-1913
-1797
-1673
-1536
-1383
-1223
-1066
-899
-743
-590
-436
-298
-172
-56
48
143
216
280
331
377
424
464
503
541
596
670
769
879
993
1115
1258
1417
1586
1753
1909
2073
2228
2378
2506
2603
2669
2694
2677
2640
2555
2415
2229
1997
1729
1436
1095
721
323
-97
-515
-950
-1383
-1807
-2232
-2628
-3000
-3350
-3655
-3922
-4158
-4333
-4481
-4584
-4628
-4631
-4587
-4505
-4393
-4243
-4054
-3846
-3612
-3348
-3071
-2767
-2440
-2091
-1722
-1335
-922
-487
-29
445
934
1439
1955
2467
2970
3467
3938
4397
4822
5190
5505
5767
5966
6121
6204
6198
6126
5980
5776
5531
5213
4824
4400
3927
3429
2914
2363
1803
1233
662
99
-459
-996
-1516
-2007
-2458
-2880
-3264
-3601
-3899
-4153
-4354
-4505
-4610
-4676
-4692
-4665
-4591
-4469
-4316
-4131
-3917
-3668
-3395
-3093
-2780
-2457
-2114
-1769
-1407
-1041
-680
-329
20
355
684
1000
1281
1534
1765
1965
2128
2261
2348
2403
2422
2407
2356
2282
2188
2069
1944
1805
1661
1532
1425
1329
1254
1191
1136
1125
1131
1145
1175
1207
1241
1291
1332
1359
1375
1363
1334
1291
1221
1124
989
832
654
457
243
10
-242
-497
-752
-1011
-1266
-1529
-1775
-2014
-2235
-2442
-2630
-2806
-2950
-3062
-3154
-3214
-3249
-3263
-3244
-3194
-3126
-3034
-2923
-2804
-2667
-2518
-2356
-2176
-1995
-1801
-1595
-1377
-1140
-890
-624
-338
-38
282
627
982
1345
1712
2084
2456
2819
3169
3491
3785
4048
4273
4452
4582
4658
4683
4656
4574
4441
4252
4014
3733
3405
3049
2667
2253
1821
1380
925
470
23
-411
-830
-1233
-1610
-1960
-2276
-2565
-2815
-3024
-3198
-3332
-3429
-3488
-3508
-3494
-3440
-3356
-3239
-3095
-2921
-2723
-2506
-2271
-2027
-1770
-1503
-1224
-948
-664
-385
-105
172
436
687
926
1148
1343
1521
1667
1786
1871
1934
1956
1942
1904
1832
1733
1608
1463
1305
1137
963
790
627
481
346
235
142
76
36
20
24
52
95
159
240
328
422
513
600
676
744
792
824
831
816
777
723
645
546
422
275
125
-34
-199
-372
-546
-720
-891
-1050
-1200
-1340
-1468
-1585
-1692
-1778
-1847
-1909
-1963
-1998
-2023
-2039
-2042
-2039
-2028
-2011
-1990
-1958
-1917
-1870
-1812
-1734
-1646
-1539
-1415
-1265
-1093
-900
-680
-434
-171
111
412
728
1058
1386
1715
2041
2354
2646
2912
3152
3347
3503
3620
3697
3727
3709
3644
3532
3381
3194
2975
2725
2447
2143
1823
1498
1164
829
502
174
-137
-434
-715
-979
-1221
-1447
-1644
-1816
-1966
-2087
-2187
-2254
-2300
-2325
-2332
-2313
-2279
-2227
-2151
-2083
-1988
-1871
-1749
-1639
-1514
-1380
-1237
-1094
-950
-800
-640
-482
-329
-181
-28
116
250
377
493
594
674
742
792
827
839
839
821
793
760
713
655
596
546
499
458
424
405
412
431
468
522
587
669
757
862
981
1096
1204
1303
1391
1467
1524
1554
1558
1529
1473
1387
1272
1135
973
785
577
361
143
-84
-312
-541
-762
-972
-1168
-1352
-1518
-1669
-1799
-1906
-2004
-2082
-2148
-2195
-2220
-2232
-2239
-2229
-2213
-2187
-2144
-2099
-2045
-1980
-1905
-1816
-1710
-1596
-1464
-1318
-1151
-965
-758
-535
-291
-35
234
514
808
1102
1396
1685
1963
2224
2467
2692
2878
3041
3163
3240
3283
3286
3249
3175
3058
2900
2718
2516
2288
2040
1773
1499
1223
946
669
400
141
-115
-351
-579
-790
-986
-1165
-1325
-1477
-1608
-1723
-1822
-1898
-1966
-2013
-2044
-2056
-2058
-2033
-2000
-1957
-1892
-1816
-1720
-1613
-1508
-1395
-1276
-1153
-1017
-873
-734
-588
-442
-292
-138
13
162
303
436
560
673
767
851
918
968
995
1000
993
970
929
887
835
765
708
652
597
553
512
492
495
507
533
574
627
691
767
843
924
997
1058
1110
1148
1170
1169
1143
1085
1016
929
820
688
537
376
199
20
-162
-341
-521
-694
-862
-1023
-1163
-1294
-1406
-1497
-1581
-1643
-1690
-1720
-1729
-1731
-1724
-1703
-1676
-1637
-1590
-1543
-1493
-1445
-1394
-1333
-1259
-1194
-1124
-1038
-947
-838
-715
-585
-442
-282
-108
70
256
451
654
858
1063
1247
1423
1594
1745
1881
1989
2058
2116
2154
2162
2156
2107
2020
1941
1846
1726
1597
1445
1280
1133
973
812
651
491
340
195
54
-81
-213
-328
-440
-546
-641
-730
-813
-886
-946
-1014
-1072
-1124
-1164
-1185
-1215
-1241
-1252
-1261
-1246
-1211
-1188
-1153
-1106
-1049
-978
-894
-815
-726
-633
-536
-429
-327
-224
-125
-27
68
153
236
313
370
431
484
510
537
561
574
581
577
560
550
539
525
505
485
470
455
444
442
450
458
467
489
504
526
551
566
589
612
622
629
623
601
578
547
498
444
373
294
210
117
22
-79
-181
-277
-371
-467
-554
-635
-699
-754
-810
-855
-888
-912
-919
-922
-924
-916
-908
-891
-854
-822
-791
-753
-717
-674
-624
-577
-528
-482
-429
-368
-307
-244
-179
-111
-36
40
123
208
288
367
443
513
576
648
706
759
802
828
857
876
883
885
872
839
817
783
751
698
666
636
564
504
435
360
307
249
183
117
40
-21
-87
-174
-256
-305
-339
-388
-463
-515
-539
-572
-612
-654
-705
-729
-731
-733
-741
-762
-772
-761
-758
-730
-660
-623
-597
-523
-445
-380
-305
-245
-182
-77
12
65
144
223
257
318
382
398
417
459
473
483
507
534
539
541
573
580
563
567
553
515
527
465
355
410
475
412
371
343
304
294
307
331
306
266
224
158
158
180
207
314
344
215
185
160
-99
-176
-92
-221
-271
-200
-390
-552
-512
-513
-515
-659
-654
-553
-1274
-536
3586
2265
-4768
-5372
-207
2142
-313
-3393
-3436
-481
1322
-478
-2696
-1949
294
560
-1210
-747
2676
1867
-2408
-2560
297
1006
-520
-1737
-1035
931
1370
212
-704
35
1780
1969
342
-365
1029
3143
3091
-165
-1114
916
2151
1876
247
-271
804
2085
1687
11
-193
1229
1779
523
-160
498
1623
80
-1195
482
599
114
459
-873
-1080
214
297
634
-1868
-1250
439
-344
-154
-2184
-41
-170
-1777
-777
34
578
-1516
-1953
-1231
1105
667
-1610
-1686
149
800
-1010
-853
-737
109
305
58
-608
-314
638
-50
-101
508
-6
85
1325
-850
-20
936
403
1325
-581
-933
1304
1632
-577
-164
932
596
870
-298
397
189
584
767
146
804
-986
408
1186
835
-478
-830
804
426
542
92
-411
-337
85
867
64
-1583
345
338
-8
-759
-265
-649
-840
2002
-2043
-1479
860
-177
-1625
-242
-437
-220
19
-2071
-1636
1985
35
-2802
106
-849
408
117
-1372
-445
400
-1202
1150
-289
-2058
774
2541
-1230
-2858
2701
731
-575
399
-614
111
2733
942
-3404
-258
4220
1941
-2233
-2112
1600
3976
-221
-2400
314
3063
307
-1246
-891
1333
3551
-426
-3344
-951
3670
2894
-2586
-2024
3
1710
2621
-2221
-2040
1603
446
-208
-134
-1429
1215
-6
-933
713
-1372
398
1137
-3065
1225
1171
-688
-1106
-1676
2233
366
-1482
-513
528
390
-531
-601
-492
888
2198
-2681
-1586
1093
1851
221
-813
-2060
713
1583
468
-360
-1920
1762
95
-746
236
1171
487
-1336
-773
2204
-478
66
1646
-2359
896
2314
-848
-287
557
234
755
412
246
875
-16
-1086
1499
676
-629
1451
375
-1321
-678
1271
1380
-713
-1761
321
699
-33
-1270
-818
331
-506
-419
-1123
-1659
1353
-684
-2241
-326
-1181
-515
1111
-2697
-1144
1796
-2111
-3483
2414
-385
584
-649
-4194
149
2382
891
-1637
-1433
-844
2574
222
-1145
-1322
1203
1405
556
-174
-1064
727
-475
2525
1703
-1255
-796
517
2002
587
961
-485
841
729
491
193
1866
1030
-1471
192
2482
831
344
-8
-1468
1411
2710
-412
-1471
1258
185
399
896
-446
-1448
237
591
1602
324
-2141
-1515
-1447
3136
787
-1614
-931
-2361
1343
2066
-3885
-202
2371
-3185
1519
-362
-3032
1916
536
-3872
1051
3310
-3648
-562
-214
-510
1266
-296
-246
-1519
969
764
-1895
-759
2632
1964
-1445
-813
1549
680
966
1543
569
879
1464
700
1407
2297
1541
-123
421
1416
2299
2026
753
-1017
-115
969
544
855
-1363
-1076
310
-1906
-2837
55
-307
-3502
-3801
-202
-1897
-3347
-2162
-2983
-1344
-2284
-947
-3230
-4908
-107
346
-2663
4
663
-4079
-452
1553
-1145
477
1761
1168
-210
1012
2779
-1056
-615
625
2024
2911
2234
-1255
773
791
-223
1897
-348
2852
3491
-2546
331
1254
-93
1531
1121
-330
1831
-329
-3445
4113
4055
-2450
-4733
2593
6464
531
-6730
-430
7502
-161
-1442
-1741
1381
6998
-3501
-7547
6198
7655
-6379
-4043
4271
4239
-920
-7268
990
5886
-1964
-1434
-1084
-2706
2542
44
-1885
680
-3292
-1497
381
-3014
-756
2774
-2510
-4815
-1521
2201
-845
-3618
-2325
35
3431
413
239
1762
-213
-1385
2485
4367
3650
4815
1745
1380
3982
2711
2555
4309
4596
3651
3190
2024
450
1216
1969
2258
1898
-478
-2194
-1959
-1387
-2594
-3580
-3147
-2557
-3603
-5546
-5505
-5645
-4878
-4523
-4873
-5004
-4526
-3792
-5626
-4928
-4111
-2511
-1922
-1945
-2784
-1708
-1353
121
45
-803
978
3416
4627
352
836
2047
2125
5930
6234
3783
1988
1133
3128
5035
3970
2967
1758
500
2092
4870
2644
-2708
-182
2316
1465
1843
1451
-3265
-915
-371
-334
2610
-1087
-3890
-3450
1942
2454
-4060
-6636
1991
2868
-2405
-1987
-438
62
-2278
-2025
4747
6066
-6086
-5866
737
8129
3947
-6467
-5021
3573
4247
-3555
-734
3053
1888
-5798
-1794
1723
1006
-769
-3767
-3180
1659
402
-5949
-3920
-4249
-3424
992
9516
8269
32
-8569
-7985
8294
16513
7818
147
3136
6056
5574
2529
4602
9120
8606
4629
3614
5644
3917
-268
-814
3616
6335
2517
-3727
-6069
-4812
-4034
-4458
-4276
-4554
-6862
-9704
-11065
-10638
-9098
-7911
-7656
-8902
-9938
-9599
-9115
-8243
-6575
-4516
-3871
-3353
-3192
-4087
-3636
-592
2550
2775
2492
2927
3183
3013
4773
5986
6660
9194
8440
5698
7945
11197
8979
5535
4576
7511
9239
6297
2480
2344
2467
2312
2298
1952
-625
-1702
-887
-2318
-2708
-116
-2148
-6649
-4706
-2114
-2323
-6592
-5555
-2389
-5468
-5518
405
929
-6034
-3591
1964
1125
-144
1028
2931
-321
-393
4255
4328
652
1113
-592
675
6220
1464
-3267
-29
539
-608
-962
-816
-1304
-2906
-4132
-3766
-1736
-4811
-6877
-6759
3952
16307
11785
-8551
-19708
837
21225
17600
2984
-503
9359
9772
893
1831
12514
17640
9403
439
2972
10240
6291
-2718
-1611
7932
10909
-1744
-10705
-7643
-3445
-4320
-8021
-6352
-5324
-10075
-15500
-17393
-13170
-8071
-8049
-11954
-14050
-13546
-12436
-11824
-10735
-7503
-6163
-5132
-5266
-7051
-6222
-3277
563
2068
2796
4469
4153
2417
3209
7324
11184
11400
10465
10493
13917
14439
9270
6555
8915
14260
12208
7299
6035
5209
3176
2247
4625
4960
2489
-818
-2449
-3045
-3007
-1295
-3039
-4606
-4859
-6110
-8177
-7420
-4376
-5741
-7144
-5481
-4675
-4862
-3716
-1861
-930
-1055
-1544
1528
1446
-537
3325
3185
1775
1949
2664
2572
352
3245
2691
880
1980
-1743
365
261
-2781
-2502
-2340
-3050
-4738
-6223
-6540
8422
18428
8563
-12419
-19590
5617
24179
16794
1068
527
11962
8775
-2234
2664
18210
21119
5997
-2825
5330
13158
3129
-5513
1400
12755
9596
-8832
-13418
-5495
-1949
-6688
-11229
-5688
-5037
-13732
-21259
-18746
-10547
-8380
-11643
-14191
-13682
-15071
-15838
-13616
-9330
-5616
-6629
-7210
-7883
-7625
-5268
-2679
1322
2607
2954
3464
2661
2830
4911
9221
12461
12382
12662
16322
13678
7109
5756
11770
18415
14777
9374
5838
2213
2492
5980
8667
6331
1967
-872
-2834
-2423
891
487
-3324
-4161
-4583
-6508
-8225
-5947
-3566
-6546
-6722
-4468
-5533
-6570
-4469
-1302
-666
-910
-858
-1119
-732
1602
2463
1650
1873
2722
1346
254
1553
2564
1425
780
1801
-525
-2404
-680
-300
-3867
-4870
-3924
-5563
7471
22473
12993
-12096
-23398
4177
28587
19922
3124
1725
11944
7022
-3337
4791
21968
23239
3820
-6712
4381
14802
3282
-7385
1507
13249
5939
-13695
-14644
-4468
-3487
-9814
-12467
-5688
-6955
-17824
-24289
-19394
-9408
-8237
-13121
-15359
-14514
-16749
-17788
-12443
-5651
-4055
-8368
-8768
-7524
-6476
-3585
-632
3112
3518
3261
3205
2502
4475
7853
11318
12892
12849
15242
15563
9498
5733
9036
15900
16335
11073
8344
4529
281
2239
7709
8761
3959
-918
-3135
-3614
-1023
1519
-1100
-3650
-3881
-6173
-8565
-6593
-2638
-4005
-7342
-5665
-3822
-5136
-4998
-1724
209
-572
-1128
-580
103
2003
3174
1022
681
3077
3106
540
83
2513
1167
-1789
-558
567
-1192
-3368
-4252
-4782
-5235
122
17473
19405
1648
-18468
-12128
19612
27498
13219
2793
9057
12800
-1222
-1244
18885
30037
13949
-5533
-1299
12977
10226
-4510
-1625
10924
10811
-8267
-19381
-8209
-2598
-8760
-14673
-9358
-5186
-17948
-27989
-23787
-11968
-8758
-14761
-17940
-16888
-17454
-20136
-15945
-7960
-3414
-6837
-11113
-8937
-6780
-4060
-1487
2670
5956
4313
3051
2384
4505
8508
12325
14304
13814
14597
17280
12817
6418
8888
15476
17316
11423
8972
7809
833
-1045
5621
10161
5498
-1595
-4004
-4062
-2817
271
-349
-3935
-4601
-6552
-9501
-8036
-2754
-2707
-8295
-7383
-2760
-3989
-5922
-2690
1347
770
-1064
-345
867
2285
4117
2658
1257
3444
3743
888
119
2614
2188
-2319
-2527
-9
-811
-3680
-5209
-5125
2651
19709
17858
-3327
-20802
-4515
23500
22457
10483
6539
12078
6404
-5780
4613
25657
29977
8744
-7261
2013
14638
7010
-4359
4863
15172
5062
-15791
-15973
-2483
-3661
-11750
-13475
-6360
-9156
-23628
-28567
-20529
-9621
-11107
-18146
-19202
-17620
-20522
-22193
-13730
-4630
-4738
-11835
-12935
-8172
-5940
-3656
-523
4523
5823
3339
1899
2713
8047
12530
13517
13676
16158
19898
12646
4351
8161
17320
18414
11033
10508
9313
-175
-4217
5763
13231
6311
-2651
-4838
-3761
-3872
-736
962
-1681
-3989
-8212
-10989
-8155
-1780
-2556
-8650
-6976
-2761
-4939
-7216
-1555
2686
-131
-2038
631
2422
1478
2295
2902
3236
4522
3755
1387
486
2090
1375
-1651
483
1954
-2426
-4927
-1818
12609
20197
9117
-7753
-13945
7800
23273
16898
8867
9681
11290
-950
-3735
15261
28856
17873
-969
-2958
7102
9621
167
253
8579
8162
-6053
-17563
-8734
-1881
-8469
-14988
-11893
-6929
-16298
-26274
-23737
-14828
-11559
-16061
-18918
-17593
-17395
-20672
-18722
-10570
-3758
-6130
-12840
-10914
-6102
-2939
-1191
1835
6512
5533
2759
2200
7520
13828
14040
11580
15665
23169
14160
2366
5528
18961
19386
8320
10213
10153
-809
-6913
4151
13856
5484
-4382
-6676
-5489
-4653
-475
166
-2782
-5429
-9576
-11320
-7324
409
-1965
-8830
-6554
-2877
-4635
-5313
1094
3597
-1417
-2316
1986
3307
1938
3224
4439
3064
2324
2964
2321
1807
1654
-639
-1138
1374
296
-2558
219
18954
21575
2664
-13088
-5588
19435
21825
13228
11255
13868
7990
-6639
1089
24684
31368
10330
-7119
-492
10058
5106
-3081
6366
11723
-596
-17495
-17155
-3408
-4170
-12868
-16112
-11643
-11448
-22672
-26854
-20534
-12685
-14305
-19416
-18662
-16605
-19222
-22100
-15716
-7175
-3944
-8167
-11830
-8486
-5245
-1552
840
5064
9011
6103
2123
3297
12795
17051
14356
13693
21483
21357
5858
2496
14065
23147
13590
7225
12273
4896
-7439
-4556
11386
11552
-2334
-8498
-6654
-6514
-6826
-1838
-723
-3527
-9651
-14091
-11558
-4232
-59
-6472
-8687
-3803
-3639
-6568
-2813
4910
2651
-3063
-76
4986
3588
1852
4587
5588
3269
1697
2176
2893
2083
286
30
549
746
-1312
4357
22032
19608
-200
-13972
1644
24391
20234
13135
14245
14792
2836
-6448
10199
30337
26877
4557
-5587
2488
8903
2056
-17
9810
7327
-8452
-19932
-11732
-2219
-9290
-16007
-15762
-12400
-16624
-24611
-23902
-19244
-16224
-18373
-19124
-16783
-16264
-20574
-21856
-14484
-6590
-3943
-8050
-9567
-7235
-5320
-1823
1575
7955
10320
5919
2257
5854
14514
16059
13795
15535
18891
13971
8174
12546
18042
13870
6185
8644
11416
4749
-1338
1011
4638
203
-3767
-2448
-2016
-5591
-8516
-6736
-3826
-3731
-7149
-9426
-8402
-6374
-6694
-6592
-2983
-1922
-4571
-5324
-1583
1454
616
1065
2911
2401
1061
2584
4831
4519
3266
1609
1640
908
599
400
-126
-988
-1661
975
15445
21820
8635
-8813
-7960
14832
23461
18479
16350
16038
8288
-4682
2367
24687
32003
15793
-1390
-1060
6317
5457
1532
7873
9788
-1742
-16012
-15746
-4773
-5776
-14295
-17250
-14242
-13715
-21213
-24583
-21718
-18404
-18843
-19846
-16716
-13806
-17255
-22715
-19589
-10235
-3301
-4665
-7903
-6758
-5635
-4317
-1064
5798
11799
8918
3309
3677
11297
15276
13394
13964
19288
17600
7707
6836
13787
15396
7790
6635
11885
6200
-4142
-3849
3990
3159
-3377
-3506
-1962
-6016
-9775
-6406
-2834
-3284
-6186
-7887
-7853
-6922
-5222
-4743
-3194
-1476
-2683
-3572
-1003
2069
1107
481
2887
4250
2627
2177
4089
3545
1425
1534
2594
1826
-794
-1344
-1968
-1896
-468
9893
21260
14307
-3051
-12345
4757
21942
20802
16754
16085
12632
-1494
-3830
15981
31638
23755
4882
-732
3582
5179
1655
5167
10269
3502
-9645
-16191
-9205
-5581
-11916
-16407
-15356
-12555
-17017
-22745
-23278
-20934
-18999
-18831
-16467
-13590
-14253
-19924
-21539
-14479
-5309
-1920
-5009
-5526
-4459
-4469
-2783
2652
10767
11433
6536
5074
8924
12590
11331
12224
16694
16601
10606
7945
11126
11013
5716
4511
9251
7958
259
-3393
-1850
-1297
-3948
-2762
-450
-3379
-8063
-9108
-6104
-3954
-3922
-4283
-4964
-6144
-6464
-4709
-1993
-276
-1044
-1275
304
1537
1423
1633
3207
4001
3137
3540
4511
3786
1172
95
2034
2323
671
-572
-1982
-1669
-1363
8097
19297
14538
82
-10100
2070
17170
18993
17146
15835
12412
1394
-2584
10500
25005
23054
8536
178
2083
6286
2324
630
4983
4553
-4097
-14001
-11110
-5484
-10432
-17874
-17934
-11076
-10809
-18928
-24353
-21217
-17083
-18746
-18414
-11865
-8004
-16484
-22578
-14928
-5807
-3538
-4544
-3069
-2109
-3012
-2473
713
6972
10334
8252
5859
8138
11568
10588
9677
12041
13656
11338
9476
10056
8991
5419
2908
4251
5623
3967
532
-2775
-3763
-3683
-3388
-2687
-2354
-3411
-6060
-7310
-6023
-4193
-3665
-3781
-3945
-4358
-3717
-2373
-1140
-637
-194
1227
2719
3416
3169
2801
2788
3261
4115
5081
5333
3664
1325
683
1307
1472
622
-628
-666
-780
2819
11532
15138
8013
-5474
-6340
7231
17711
16941
10670
9551
7857
1197
-103
10004
21001
16744
3129
-3087
2974
7754
3148
-1903
-780
2413
-2062
-9551
-9638
-5624
-7326
-15695
-18107
-10991
-6194
-11479
-20019
-20778
-16339
-13518
-13785
-12608
-9813
-10350
-13604
-14485
-9749
-3715
-2249
-3851
-4414
-2332
-67
1170
2149
2981
3870
4937
6464
7606
8120
8518
7969
6172
5744
8333
11005
9370
4928
2417
2718
3052
2833
2614
1675
-190
-1694
-1894
-1473
-1317
-876
-297
-941
-1210
-127
-488
-2254
-2926
163
3742
1451
-1240
369
2101
1026
-797
683
5068
6134
3672
1206
-31
2591
5088
3284
1506
1512
2494
2120
-308
-1111
-594
-536
-510
-1049
-1928
-160
3774
6577
3773
-2983
-5285
-663
5737
7671
5660
3411
2373
1762
1480
2934
5252
6678
5771
3109
1957
2776
3104
1376
-725
-1174
-504
-171
-28
-890
-4320
-8296
-9401
-7214
-4589
-4279
-5932
-8468
-11032
-11913
-10598
-8050
-6204
-6291
-7659
-8612
-7995
-6232
-4850
-4378
-3984
-3175
-2609
-1946
-892
-143
-561
-1480
-607
1747
3662
3992
3358
2894
2943
3681
4807
6052
6431
5418
3605
2432
2978
4237
4738
3929
2549
1563
2071
3464
3998
2754
1086
1075
2324
3318
3154
2346
750
-404
88
1065
1534
229
-778
61
1057
351
-556
465
1325
983
-749
-791
1206
1180
-75
-1320
-1187
338
440
-1127
-2027
-1992
-2718
-3203
-2549
-1741
-2612
-4536
-3357
1156
4879
3917
-1089
-4749
-2869
2707
6676
7003
5349
3905
2752
2271
3494
5640
7163
6764
5199
4375
4558
4433
3207
1479
419
276
265
697
761
-1653
-5983
-9126
-8496
-5726
-4621
-5957
-8160
-10057
-11136
-11001
-9536
-7681
-6846
-7211
-7638
-7190
-5891
-4660
-4197
-4087
-3527
-2154
-377
1147
2038
1732
593
465
2327
4845
6139
6773
7808
8096
6383
4044
3592
4965
6266
6789
6240
4113
1642
587
843
950
401
607
1412
1074
40
-1051
-2246
-2990
-2373
164
1589
-297
-1766
-1277
-1483
-2528
-2917
-1216
1647
2463
1597
-23
-1698
-683
2053
2665
665
-184
1964
3289
1032
-1894
-2369
-738
759
1
-1548
-2060
-2209
-2682
-3989
-4615
-1679
4364
9133
7845
423
-5848
-3639
4707
10578
10140
7464
6483
5395
3379
3085
5388
7634
7310
5483
4587
4546
3506
1071
-1567
-3163
-3351
-2673
-1592
-1409
-4187
-9492
-13286
-12473
-9317
-7929
-8639
-9298
-9565
-10510
-11558
-10932
-8924
-7402
-6687
-5516
-3665
-2230
-2280
-3087
-2940
-1419
800
3113
5177
6230
5271
3091
2383
4070
6424
7999
9034
9666
9225
7224
4633
2872
2759
3938
5013
4794
3122
669
-1554
-2973
-3627
-3118
-1757
-1020
-1017
-942
-1607
-3086
-3922
-3684
-2165
-530
-746
-504
1288
353
-2408
-2757
-1513
306
1770
1512
1424
2068
1286
482
522
149
702
1714
650
-458
-257
-784
-1299
-1602
-2339
-2696
-2725
-3273
-3628
-3445
-324
7008
12712
9906
1259
-3434
816
9005
13351
13363
12639
11501
8200
4619
4062
7154
10131
9551
6318
3881
3039
2033
-643
-3861
-5827
-6398
-6371
-6055
-6615
-9172
-12926
-15477
-15719
-14856
-14080
-13125
-11800
-11247
-11850
-12530
-11741
-9972
-8244
-6763
-4457
-1562
629
919
511
882
2286
3917
5814
7964
9466
9301
8032
7212
7114
7301
7799
8835
9082
7811
6104
5481
4945
2962
23
-1818
-2053
-1646
-1471
-2169
-4190
-6412
-7002
-5808
-4429
-3524
-2730
-2158
-2199
-1958
-742
400
600
775
1437
1754
1756
2083
2229
1386
574
872
1828
2170
2058
1494
120
-1442
-1617
-1102
-1240
-1847
-2361
-3084
-3868
-4005
-3910
-4284
-5356
-5916
-4201
2417
12098
17413
12292
2956
496
6656
13225
15731
17188
19243
18578
13407
8252
7664
10489
11216
7932
4322
4151
5003
2517
-3028
-7709
-10563
-13032
-14528
-13547
-11811
-12328
-15107
-18135
-20750
-22408
-21637
-18000
-14067
-11935
-11527
-11164
-10427
-9478
-8367
-6082
-2272
1609
3538
4128
5765
8230
9090
8009
7765
9166
10613
11176
11928
12295
11273
9197
7530
5862
4097
3366
3895
3521
1309
-1234
-3211
-5408
-7565
-8142
-7313
-6661
-6558
-6268
-5944
-5758
-5177
-4091
-3308
-2518
-863
1103
2126
2593
3349
3781
3358
3046
3545
4082
4243
4388
4473
4118
3616
2806
1087
-947
-1552
-965
-1030
-2262
-3407
-4164
-5296
-6615
-7254
-7262
-7674
-7750
-4260
5183
15633
18224
10811
3350
4270
10304
13649
15430
20257
25229
23046
15021
10053
11525
13310
9950
4657
3478
5608
5147
356
-4448
-7301
-11579
-18176
-22112
-19996
-15789
-14586
-16527
-19309
-22094
-24467
-24458
-21448
-17023
-13423
-11126
-9376
-7721
-5846
-3859
-1455
632
1702
2484
5359
10318
13996
13970
12315
11268
10484
8888
8595
10308
11966
11082
8728
6656
4506
1874
-775
-2461
-3543
-4035
-4205
-4772
-6041
-7397
-8409
-9531
-10267
-9254
-6938
-4606
-2963
-1170
60
313
325
1100
2248
3159
4613
6233
7194
7018
6561
5705
4130
2836
2500
3156
3474
3350
1980
-187
-2035
-3021
-3603
-4731
-5292
-5643
-6169
-7050
-7701
-7367
-7671
-8250
-8956
-4453
6508
18023
20364
13344
8936
11113
14964
14470
16282
22761
27307
23400
16018
14556
17129
15889
8080
861
103
989
-1098
-4939
-4873
-5261
-12406
-22851
-27643
-24443
-21636
-21594
-21891
-20286
-19852
-21750
-22051
-19358
-15177
-13581
-13137
-10578
-5251
295
3601
6154
7501
6584
4892
5905
10471
13850
14943
14704
14404
12382
9274
7868
7505
6283
3037
962
762
950
-140
-2361
-4545
-6951
-8740
-9409
-9038
-8320
-7798
-6970
-6717
-6186
-5168
-3414
-2243
-1329
322
2290
4201
6027
7798
8203
7292
6975
7154
7091
6484
6480
6221
4739
3271
2116
1318
-78
-930
-2106
-3904
-5137
-5508
-5469
-6388
-6789
-7078
-7816
-8371
-8487
-7678
-7263
-6886
-7230
-5728
3052
15421
23078
19550
15539
16151
18082
16072
15335
21422
26548
24903
18294
16716
19145
17904
9886
591
-2607
-3984
-7528
-10713
-8757
-5849
-11530
-21138
-26729
-25492
-25119
-26770
-26156
-23195
-20372
-20271
-18513
-14493
-10118
-9045
-10499
-9391
-5287
-36
4063
8742
12986
13211
11101
9997
11748
12392
11653
11117
10605
9520
7642
7328
6848
4939
717
-3802
-6178
-6975
-6990
-7254
-6263
-5684
-7135
-8987
-9174
-7824
-7992
-7989
-6849
-4790
-2830
-87
3256
5073
5784
6163
6611
6797
7753
9096
9300
9154
9589
9752
8501
6883
5578
3148
45
-1656
-1963
-2080
-2586
-3000
-4317
-6136
-6955
-7108
-7541
-8264
-8234
-8215
-8227
-7125
-5840
-4868
-4611
-4316
-5092
-3986
5120
17172
24143
21014
19345
21167
22361
18751
17011
20863
23281
19544
13200
13563
17708
17068
8321
-878
-4495
-8143
-14496
-18424
-15409
-11731
-16017
-22372
-24713
-22072
-22054
-24640
-25763
-23641
-20935
-20126
-17293
-10712
-3168
-837
-2064
-1583
1106
3796
5354
8476
11846
12988
13006
13078
14620
14817
13153
9496
5528
2626
706
134
41
-137
-1984
-4581
-7018
-8535
-8402
-8475
-9417
-11604
-11466
-9303
-7208
-5054
-2527
-628
-1428
-1633
359
2906
4293
5816
7561
8328
9401
11222
12256
11240
9738
8298
5822
4848
5221
5386
3033
1005
175
-1390
-3075
-4079
-4661
-6659
-8469
-8731
-7861
-6645
-5474
-5229
-5869
-6123
-5725
-5320
-4372
-3642
-2751
-2925
-2524
-2141
731
10275
20135
24666
20985
20310
22229
21571
17250
16299
19317
18941
12997
8663
11043
14300
11356
2631
-3931
-6440
-11432
-18334
-20668
-16703
-14994
-20605
-24023
-21898
-17766
-18350
-20760
-20479
-18821
-18331
-18227
-14278
-6131
323
1555
1542
4311
7486
8113
7892
9785
10813
9553
8536
9551
12000
12428
10831
7364
3549
416
-2528
-4650
-5642
-6232
-7655
-9094
-8431
-6690
-6117
-6919
-7040
-6465
-6295
-6374
-4769
-1510
572
1160
2050
4646
6537
6768
7018
7866
8390
8040
8078
8611
9038
8945
7742
5938
4881
4667
3232
779
-977
-1683
-3248
-4776
-4773
-4542
-5251
-6533
-6738
-6464
-6061
-5487
-5229
-5077
-4516
-3934
-3124
-2202
-904
-472
-566
-762
-330
-359
-405
-779
2218
10502
18372
21257
19229
20795
22655
20130
14995
13486
14732
11943
5737
3731
6879
9586
6018
165
-3042
-5412
-11619
-18188
-19454
-17162
-18582
-22769
-22234
-17832
-14326
-14498
-14451
-13002
-13119
-14351
-14513
-10650
-5061
-1644
586
3375
7260
9406
10239
11182
11081
8737
5953
4918
5306
6066
6614
6569
4820
2291
143
-1755
-3477
-5766
-7853
-9653
-10713
-10412
-9130
-6606
-4297
-2269
-422
684
1250
1474
2223
2220
1798
2549
4373
5754
6762
8419
9774
9433
8363
7671
6590
4979
3635
2552
1802
1479
1909
1608
810
76
-1266
-3252
-5189
-5790
-6278
-6769
-6658
-5747
-4467
-3495
-2421
-1791
-1393
-1684
-2097
-2101
-1779
-1357
-1466
-867
-108
674
852
691
724
-399
-1228
-982
4541
11913
16546
16786
16801
19666
19442
16172
12947
13143
11680
5648
1428
2214
6066
5279
1633
-1099
-2582
-6266
-12722
-15684
-15734
-16077
-20175
-22432
-20231
-16442
-14045
-13303
-11022
-9767
-9867
-10705
-9422
-5832
-3240
-1406
-369
2378
5313
8330
10759
11804
11513
9505
7596
5402
4256
3894
3666
2510
507
-62
-85
-290
-2103
-3947
-5664
-7976
-10204
-10978
-8954
-7058
-6144
-5060
-1828
1899
3908
5531
7458
8509
6784
5079
5544
6820
6721
5942
6734
7760
7854
7082
6966
6613
4638
1755
-358
-603
-766
-1683
-2910
-3148
-2961
-3643
-4377
-4258
-3971
-5306
-7231
-7440
-5909
-4704
-4123
-3010
-1178
-224
-267
146
1127
1403
185
-732
-664
38
16
108
244
8
-310
-1241
-1179
-1102
2943
9064
13420
14261
13411
16776
18057
16344
12775
11965
11973
6595
1463
452
4448
4970
849
-2076
-2319
-3625
-9219
-13306
-13926
-14170
-18559
-22108
-20734
-16553
-13626
-13287
-10844
-8503
-7124
-7435
-6784
-3849
-2323
-1408
-914
1590
4774
7612
10543
12159
12416
11042
9597
7770
5649
3836
2558
763
-1898
-3188
-2920
-2235
-3485
-5090
-5970
-7144
-8983
-10706
-9754
-8300
-7723
-7306
-5068
-1166
1666
4451
7429
10431
11266
11009
11654
12261
11873
9781
8816
8484
7984
6910
6022
5949
4559
2141
-518
-1805
-2763
-4704
-6780
-7707
-7311
-7391
-7705
-7259
-5931
-5779
-6699
-6683
-5166
-3532
-3217
-2336
-499
1299
2207
2874
4441
5255
4672
3414
2904
2860
2253
1035
265
-97
-876
-1718
-3099
-3364
-4041
-5266
-6528
-6822
-1582
4547
9460
10421
11438
15468
16200
14912
12026
12596
12033
6762
2406
2104
6066
6200
3249
1402
1380
-532
-5827
-9679
-10696
-11968
-16840
-20619
-20553
-17068
-14464
-13143
-10430
-8112
-6252
-6600
-5804
-3758
-2224
-1169
-1265
334
2630
5931
9018
10601
11052
10418
9511
7438
5090
3419
2354
-19
-3282
-5116
-4687
-3717
-4395
-4882
-4855
-4866
-6301
-7652
-6861
-5731
-5410
-6009
-4682
-1717
1351
3984
6496
9337
11015
12238
13233
14431
14131
12023
9409
7161
5918
4200
2888
1539
264
-1451
-3246
-3690
-4081
-4855
-6648
-7662
-7607
-7311
-6714
-5671
-3894
-2999
-2756
-2161
-356
1199
1442
1155
1327
2119
2322
2777
3396
4179
3868
2822
2367
1991
1345
-702
-2488
-3788
-4558
-5741
-6852
-6839
-6368
-6074
-7285
-7154
-6797
-6347
-6937
-5097
2022
8635
12790
13198
17137
21576
21870
19249
16799
17825
14134
7879
3591
4991
7066
4046
677
-638
-367
-4105
-9224
-12273
-13405
-16379
-21440
-23538
-22404
-19013
-17225
-14695
-11511
-8437
-5932
-4854
-2517
-1013
798
1555
1834
2839
4653
8439
10880
11915
11910
12538
12544
10141
7186
5210
3593
-438
-4828
-6607
-5467
-5261
-6762
-7187
-6260
-5802
-7829
-8807
-7848
-6788
-7431
-8273
-6082
-2907
-244
1516
4327
7564
9194
9796
10626
12499
13263
12611
11464
11388
11318
10245
9087
8675
8606
6168
3142
956
-191
-2737
-6305
-7970
-8719
-9493
-10695
-9603
-7460
-6270
-5950
-5290
-3591
-2635
-2307
-2551
-2120
-1370
-948
-765
187
2143
3046
2853
2694
3488
3418
2248
1094
559
-128
-1716
-2814
-3024
-2522
-3056
-4110
-4673
-4508
-4766
-5568
-6047
-6614
-7228
-8353
-8512
-7758
-2369
5741
11811
13525
14786
20149
22595
21103
17545
17181
15815
9714
3767
1988
5497
5945
2827
-68
409
213
-4532
-8981
-10717
-12022
-17221
-22191
-22984
-20043
-16860
-14925
-12211
-9061
-5470
-3617
-2015
-42
1659
2289
1344
1283
2077
4886
8148
9991
10247
10405
11576
10866
8269
5708
4237
1323
-3847
-7854
-8381
-7029
-7471
-8666
-8186
-6027
-5423
-6466
-5889
-3896
-3191
-5057
-5509
-3141
85
2252
4006
7085
9909
11607
11997
13079
14352
13959
11709
9236
8499
7694
6505
5121
5176
5324
3943
1884
241
-580
-3473
-7122
-9773
-10544
-11473
-12605
-11652
-9445
-7246
-6142
-4030
-1599
149
468
225
547
850
1064
622
1093
1997
2583
2355
2405
3214
3160
2002
280
-804
-2015
-3674
-5080
-5486
-5254
-5486
-5888
-5390
-4246
-3457
-3705
-3920
-3669
-3446
-3437
-3919
-3623
-3415
-2861
-3073
-2013
2033
8366
14625
17269
19254
20785
22765
21626
18702
16313
13856
10037
3363
-189
-548
718
-1116
-4152
-5407
-6069
-7629
-11421
-13358
-14667
-16401
-19942
-21987
-20169
-16600
-12922
-10571
-6930
-3138
368
2654
4557
6699
7510
7240
5783
5692
6829
8718
9868
9853
9934
9784
9408
7518
5257
2800
-170
-4223
-8465
-10460
-10603
-10161
-10588
-10353
-8847
-7064
-5967
-5130
-3345
-2050
-2091
-2905
-2182
98
2340
4110
5950
8470
10390
11583
12368
13142
12993
11199
8517
5850
4063
2493
1020
-458
-1379
-1858
-2395
-2766
-2864
-2671
-3514
-5175
-6627
-6959
-6701
-6555
-5982
-4928
-3599
-2600
-1252
531
2090
2668
2334
2078
2095
2328
2315
2280
2326
2280
1968
1590
1711
1714
910
-650
-1991
-2732
-3506
-4347
-4893
-4840
-4762
-4748
-4158
-2951
-1813
-1627
-1726
-1472
-948
-723
-877
-587
-120
228
137
327
984
1304
984
267
631
1856
3389
4495
5645
7377
8951
10105
10529
11041
11019
10003
7903
5575
3972
2591
1109
-829
-2257
-3119
-3688
-4411
-5143
-5436
-5942
-6943
-8499
-9462
-9578
-9293
-9103
-8757
-7576
-5927
-4153
-2495
-511
1449
2759
3213
3301
3644
3954
3962
3561
3281
3153
3033
2813
2628
2532
2051
1018
-468
-1816
-2914
-3870
-4861
-5720
-6144
-6182
-5878
-5326
-4354
-3257
-2338
-1755
-1202
-417
468
1313
2003
2715
3409
4156
4902
5744
6551
7086
7176
6815
6309
5665
4867
3685
2404
1266
393
-284
-705
-604
-392
-404
-696
-729
-621
-884
-1573
-2296
-2785
-3337
-3725
-3673
-3119
-2548
-2079
-1417
-472
549
1182
1500
1568
1481
1114
678
468
339
36
-460
-653
-515
-348
-434
-647
-902
-1316
-1840
-2240
-2308
-2290
-2380
-2516
-2417
-2041
-1603
-1195
-805
-419
-216
-272
-407
-375
-289
-435
-754
-915
-841
-796
-656
129
1625
3096
4103
5052
6349
7508
8036
8183
8394
8315
7380
5984
4997
4520
3732
2401
1097
153
-883
-2227
-3401
-4153
-4914
-6109
-7323
-8030
-8228
-8289
-8245
-7896
-7282
-6565
-5725
-4597
-3313
-2105
-1066
-179
543
1127
1791
2533
3086
3305
3459
3724
3842
3650
3347
3123
2645
1670
519
-307
-893
-1641
-2498
-3081
-3327
-3566
-3800
-3673
-3131
-2608
-2353
-2068
-1456
-662
17
603
1263
1970
2564
3098
3757
4502
5066
5307
5324
5244
5073
4743
4222
3512
2661
1798
1043
382
-270
-900
-1446
-1930
-2414
-2822
-2992
-2959
-2929
-2911
-2610
-1889
-1060
-443
78
784
1533
2006
2267
2601
2939
2947
2606
2278
2104
1736
924
-49
-786
-1368
-2053
-2754
-3155
-3291
-3492
-3764
-3770
-3467
-3262
-3366
-3497
-3342
-3033
-2833
-2660
-2277
-1758
-1339
-976
-400
380
1011
1346
1583
1879
2106
2121
2020
1919
1762
1484
1176
915
652
310
-72
-445
-828
-1170
-1376
-1424
-1343
-1034
-314
743
1851
2876
3941
5002
5817
6263
6487
6545
6242
5531
4658
3906
3171
2292
1353
555
-154
-945
-1788
-2524
-3187
-3972
-4834
-5544
-6031
-6368
-6539
-6412
-5950
-5291
-4493
-3508
-2382
-1305
-394
417
1172
1770
2161
2445
2726
2940
3008
3002
2995
2913
2608
2075
1401
621
-304
-1320
-2296
-3129
-3822
-4346
-4610
-4565
-4261
-3797
-3214
-2548
-1859
-1222
-632
-65
491
1028
1569
2140
2721
3288
3825
4322
4698
4863
4793
4496
4000
3326
2550
1751
971
228
-446
-966
-1325
-1562
-1733
-1829
-1872
-1908
-1950
-1924
-1777
-1558
-1307
-979
-533
-21
490
984
1476
1877
2080
2083
1971
1773
1443
990
525
109
-301
-691
-993
-1183
-1356
-1588
-1829
-2031
-2208
-2394
-2548
-2605
-2554
-2428
-2222
-1882
-1426
-958
-553
-191
150
417
569
651
722
780
782
724
661
630
603
506
377
319
325
384
519
879
1518
2310
3113
3883
4667
5366
5775
5841
5627
5168
4394
3350
2245
1253
370
-477
-1251
-1859
-2298
-2706
-3132
-3563
-3972
-4418
-4908
-5325
-5551
-5565
-5393
-5020
-4434
-3640
-2707
-1727
-763
128
870
1418
1758
1919
1925
1784
1531
1218
872
550
268
4
-258
-534
-820
-1131
-1456
-1781
-2073
-2301
-2446
-2450
-2279
-1919
-1396
-752
-16
764
1532
2239
2840
3301
3606
3753
3779
3716
3592
3433
3250
3054
2831
2582
2298
1946
1497
959
382
-194
-761
-1274
-1665
-1918
-2025
-1999
-1836
-1562
-1235
-901
-583
-283
-25
171
304
405
489
554
590
624
657
652
573
430
237
-19
-349
-731
-1116
-1473
-1778
-2006
-2121
-2101
-1966
-1753
-1479
-1161
-835
-549
-324
-153
-25
55
103
154
232
326
423
517
601
658
664
602
487
335
143
-68
-274
-445
-582
-687
-747
-751
-697
-605
-487
-329
-150
29
200
363
515
654
775
901
1023
1154
1295
1450
1619
1794
1974
2128
2257
2351
2389
2355
2237
2036
1758
1409
997
551
99
-338
-745
-1104
-1400
-1633
-1803
-1928
-2002
-2037
-2039
-2012
-1961
-1880
-1768
-1629
-1466
-1276
-1072
-867
-672
-489
-345
-240
-176
-163
-188
-242
-321
-416
-518
-622
-726
-823
-905
-971
-1013
-1027
-1009
-942
-829
-671
-475
-243
16
286
559
818
1059
1277
1458
1605
1713
1783
1821
1820
1781
1705
1600
1458
1286
1090
883
671
457
257
92
-40
-136
-197
-225
-222
-195
-157
-107
-56
-6
32
57
68
67
48
3
-57
-133
-222
-318
-413
-506
-600
-684
-759
-817
-851
-864
-857
-828
-773
-707
-628
-539
-450
-362
-273
-186
-99
-6
79
167
251
318
373
403
403
382
340
285
216
150
101
67
59
73
115
184
276
408
566
773
1039
1354
1705
2064
2410
2720
2953
3070
3040
2850
2507
2009
1389
699
-11
-711
-1361
-1922
-2370
-2710
-2954
-3113
-3207
-3251
-3268
-3255
-3201
-3104
-2952
-2725
-2420
-2040
-1595
-1120
-638
-181
215
523
729
833
835
752
603
422
231
49
-121
-263
-378
-484
-580
-663
-723
-761
-771
-731
-623
-443
-195
114
465
838
1217
1570
1878
2133
2327
2456
2524
2550
2536
2478
2384
2257
2089
1886
1647
1382
1102
819
544
284
51
-152
-325
-472
-592
-685
-755
-816
-858
-879
-881
-870
-837
-787
-732
-678
-634
-600
-584
-574
-583
-597
-617
-633
-643
-637
-615
-589
-558
-539
-522
-515
-523
-539
-557
-570
-574
-561
-529
-479
-416
-354
-291
-235
-192
-163
-140
-127
-115
-92
-64
-15
48
126
205
283
351
414
451
473
486
492
500
504
533
570
611
667
724
784
835
882
906
901
883
835
767
682
589
491
395
309
232
182
142
116
103
93
76
53
21
-16
-53
-87
-110
-124
-125
-116
-95
-73
-53
-55
-81
-128
-203
-292
-396
-511
-618
-717
-783
-814
-850
-871
-881
-889
-873
-859
-863
-857
-839
-813
-749
-669
-589
-491
-387
-281
-176
-86
-15
35
76
106
119
134
150
163
181
195
205
216
230
228
221
220
226
230
231
252
269
311
298
349
355
379
385
359
377
351
366
348
346
329
311
305
283
264
233
202
166
152
126
119
97
92
78
74
62
45
24
4
-19
-36
-49
-49
-47
-34
-15
3
14
22
19
7
-14
-43
-77
-103
-128
-141
-144
-143
-137
-116
-94
-82
-73
-63
-64
-61
-59
-43
-13
22
81
156
226
285
329
366
364
316
257
181
86
-7
-84
-151
-193
-215
-218
-210
-181
-136
-124
-115
-103
-115
-138
-156
-182
-214
-231
-248
-246
-235
-222
-213
-205
-196
-185
-194
-212
-224
-251
-262
-262
-265
-259
-242
-215
-173
-122
-75
-29
7
48
74
93
111
123
129
136
138
141
149
152
151
151
151
148
143
136
130
121
113
113
116
120
126
133
146
168
184
200
218
231
238
243
241
230
209
185
160
135
108
85
60
38
19
-1
-18
-32
-47
-68
-84
-98
-114
-125
-131
-131
-126
-117
-107
-94
-78
-60
-46
-36
-25
-19
-17
-19
-22
-27
-37
-49
-63
-75
-86
-100
-117
-130
-134
-136
-138
-128
-117
-101
-85
-71
-58
-45
-26
-15
-6
8
22
37
64
88
111
129
160
187
188
179
170
151
108
76
35
-10
-47
-71
-99
-113
-107
-104
-96
-77
-60
-63
-59
-53
-58
-67
-72
-78
-86
-78
-73
-61
-46
-26
-12
7
24
30
30
32
31
21
13
7
-5
-11
-16
-21
-25
-16
-6
-7
3
9
16
24
27
27
34
40
42
43
53
55
54
60
66
69
67
67
63
60
61
55
47
43
40
36
31
29
21
13
11
6
-1
-8
-9
-18
-21
-23
-30
-29
-30
-30
-30
-30
-34
-35
-34
-37
-37
-31
-34
-34
-27
-25
-19
-15
-15
-14
-13
-10
-10
-7
-4
-1
-1
-3
-4
-4
-3
3
3
4
3
3
-2
1
-1
-5
-5
-8
-7
-8
0
-2
0
0
0
-1
3
5
2
3
3
2
0
3
8
8
10
10
5
4
3
2
2
4
6
6
9
10
16
18
14
14
12
10
6
3
3
-1
-4
-6
-7
-5
-6
-4
-1
0
1
-1
2
1
2
-3
-5
-6
-8
-10
-8
-3
-3
1
8
10
6
6
3
-6
-6
-8
-9
-7
-4
-3
1
6
6
10
4
2
0
-3
-5
-7
-7
-7
-7
-6
-4
-3
-1
-2
-2
-6
-9
-6
-9
-10
-8
-6
-3
0
2
9
10
11
10
9
10
8
7
4
1
2
1
-1
-2
3
2
-4
-2
-2
-6
-9
-11
-14
-14
-13
-13
-11
-8
-7
-5
-2
1
3
5
6
9
12
15
13
16
14
9
10
7
8
6
11
5
0
0
-7
-3
-3
-4
-8
-11
-11
-13
-13
-12
-11
-10
-9
-5
-1
-2
3
5
4
8
9
13
17
16
18
18
15
13
10
7
6
7
9
1
2
-1
0
-4
-7
-7
-8
-9
-8
-5
-6
-5
-4
-3
0
2
3
2
-1
-3
0
-1
-4
-4
-1
-1
-4
-6
-7
-11
-11
-12
-15
-18
-20
-18
-18
-16
-12
-9
-4
-5
-1
-4
0
3
0
2
4
7
6
7
6
11
11
11
9
9
7
8
9
10
8
6
8
2
2
1
4
2
4
7
5
10
8
7
6
8
10
11
6
4
1
3
2
-2
-2
-6
-4
-10
-11
-12
-14
-16
-22
-19
-21
-21
-13
-14
-11
-5
-1
0
0
1
-1
2
3
4
6
3
8
7
9
11
7
8
1
4
3
-1
-2
-2
-1
0
0
0
2
0
0
1
2
1
1
3
5
8
5
5
8
5
10
10
9
9
8
8
6
5
4
0
-4
-5
-5
-5
-7
-5
-7
-10
-10
-5
-6
-8
-11
-10
-6
-8
-6
-4
-5
-11
-10
-7
-4
-2
-3
-3
0
0
-2
1
2
3
2
4
6
5
4
4
4
4
7
5
6
7
6
5
5
6
5
4
7
4
1
-2
-4
-4
-5
-3
-5
-6
-3
-6
-5
0
0
0
-1
-1
2
-1
-1
-2
-1
0
0
1
2
1
5
8
3
4
3
-2
-6
-8
-12
-11
-8
-10
-11
-10
-9
-9
-8
-5
-3
-2
1
3
0
1
1
1
3
2
4
5
8
5
9
6
6
7
5
4
5
8
6
6
5
6
7
2
-2
-1
-2
-3
2
2
4
4
7
8
2
2
6
2
1
1
0
1
0
2
0
-3
-3
1
-1
-3
-2
-3
-3
-8
-8
-7
-7
-8
-12
-7
-5
-5
-4
-3
-5
-4
0
-2
0
0
0
2
3
2
3
4
1
0
1
1
2
2
-1
-2
-2
-3
1
1
3
1
3
3
4
7
5
7
7
3
2
6
7
4
1
5
5
5
8
1
0
0
-1
-2
-5
-4
-4
-7
-6
-4
-6
-9
-7
-9
-6
-6
-3
-4
-5
-7
-6
-1
-4
-2
-3
2
2
-1
2
0
-2
-5
-2
-4
-4
-2
-3
-2
-2
-3
0
1
1
0
-1
5
-2
0
4
4
6
3
9
9
12
8
7
8
8
6
3
4
4
3
-1
2
1
4
3
2
3
4
1
-1
1
0
4
2
-1
-2
-5
-7
-5
-4
-1
-3
-2
-1
-1
-4
-2
-3
-5
-2
-2
1
-2
-2
-5
-3
3
-1
1
1
-4
0
-2
0
-1
0
-1
-1
-1
3
0
-1
2
0
1
1
-1
-1
0
-1
0
1
-3
-4
-2
-2
-3
-2
-2
-1
-2
3
10
9
7
6
7
5
6
4
6
4
0
-1
0
3
-2
0
-2
-3
0
-1
-5
-5
-4
-8
-4
-5
-7
-3
-6
-7
-6
-5
-2
-4
-1
2
-1
-3
-2
-1
-3
-1
-4
-4
-3
-2
-1
-3
-1
-4
0
0
-2
-1
0
1
-2
2
5
3
5
7
6
6
9
8
5
5
5
2
3
4
3
5
2
3
1
1
1
3
1
1
0
0
0
1
2
4
7
4
3
0
2
-2
4
4
1
4
0
-1
3
1
-2
1
-3
-4
-8
-9
-10
-11
-6
-8
-9
-7
-5
-6
-5
-5
-3
-1
-1
2
4
0
1
6
4
5
6
7
6
3
3
2
-1
-6
-3
-5
-5
-8
-6
-3
-7
-7
-4
-1
-3
-4
-3
-1
1
-1
-2
0
-1
2
4
2
5
4
6
8
7
4
0
-2
1
4
5
-2
1
1
-3
0
2
-1
-5
-4
-6
-6
-6
-4
-4
-1
-1
2
3
-2
0
0
1
2
2
1
5
2
1
1
2
2
3
4
2
0
-1
-1
-5
-5
-1
1
-1
-1
-2
-1
-1
0
1
1
2
1
3
0
3
3
3
2
-1
1
-3
1
3
0
0
1
-2
-1
-1
0
1
0
0
-1
1
1
-1
0
2
-1
0
3
1
-1
1
3
3
4
4
-1
0
3
3
1
3
5
5
3
3
1
-2
0
-1
-6
-6
-7
-5
-5
-5
-4
-3
-3
-4
-2
-6
-2
1
-3
-2
-2
-2
-3
-2
0
-1
-1
0
1
2
1
2
-1
-1
1
-4
-4
-4
-1
-1
0
4
3
2
1
2
2
3
2
2
5
4
1
1
2
5
4
4
3
3
3
-2
1
0
0
-2
1
-1
-2
-5
-4
-3
-6
-6
-6
-7
-4
-4
-7
-2
-3
-6
-6
-3
-1
-4
-7
-3
-2
-2
0
0
2
2
6
7
3
4
10
8
5
8
7
6
7
9
4
3
2
0
1
2
3
3
1
-2
-1
-2
-1
1
2
1
-1
2
1
1
1
1
1
-3
-2
1
-2
-4
-5
-3
-8
-5
-2
-2
-3
0
-3
-6
-4
-2
-3
-5
-5
-4
-4
-3
-1
-2
2
1
-3
4
4
4
3
1
4
5
1
6
8
5
6
2
3
3
0
2
-2
-3
-5
1
0
0
-1
0
1
-6
-2
-1
-3
1
-1
-2
-1
0
-2
-1
-4
-3
0
-1
1
4
5
3
2
3
3
3
1
-3
-1
1
-2
-1
-5
-5
-4
-5
-3
-8
-10
-5
-6
-4
-2
-3
-2
-5
-2
-2
-1
2
2
-1
-1
1
4
3
5
8
2
1
4
1
3
4
3
4
2
3
2
0
3
0
0
2
1
2
2
3
3
1
-1
0
1
3
7
6
5
6
2
3
5
3
2
1
0
-1
-4
-4
-2
-2
-6
-7
-5
-8
-10
-7
-5
-2
-4
-4
-2
-2
-1
2
2
2
5
7
5
7
8
3
7
6
5
0
3
-1
-2
-4
-5
-4
-5
-6
-8
-6
-9
-5
-5
-7
-7
-7
-4
-3
-1
1
1
3
0
1
7
3
3
5
4
5
8
5
7
5
5
4
4
5
5
6
5
0
-2
-2
-1
-3
-5
-6
-8
-5
-4
-2
-3
-1
-2
-1
1
0
0
-4
-1
-2
-1
2
2
1
0
1
1
2
-1
0
3
1
-1
-1
-2
-2
-1
-4
-4
-7
-6
-2
-2
0
1
3
0
-1
1
1
0
2
0
2
3
4
2
3
1
3
2
0
3
3
0
-2
-1
2
3
0
4
4
1
2
1
6
1
1
1
1
2
4
2
4
6
4
2
3
2
1
4
5
2
2
2
-2
0
3
-1
-1
-3
-3
-6
-6
-6
-3
-3
-3
-5
-3
-2
-3
-2
-4
-4
-4
-4
-4
-1
-2
-3
-3
-3
-3
-5
-3
0
0
0
0
2
3
4
1
1
-2
-3
-1
-4
0
4
-2
-2
0
1
2
5
1
3
5
1
1
5
4
-1
1
-1
-3
-1
-1
0
0
0
-1
-2
0
0
0
-2
-3
-2
-4
-4
-5
-4
0
0
-1
1
1
4
4
2
2
1
-2
-3
-1
0
-1
1
5
4
2
5
3
2
2
5
6
4
0
3
3
1
0
0
0
2
2
1
0
0
2
0
-1
0
-2
0
2
2
0
-1
-1
-1
-4
-4
-4
-3
-1
-3
-4
-2
-2
-4
-2
-2
-2
-5
-3
-2
-5
-3
-3
-1
-2
-4
-1
3
3
2
4
4
1
5
2
0
5
0
4
1
0
1
-1
2
0
-1
0
2
1
-1
-1
2
-1
-3
-3
-5
-2
2
2
1
1
1
3
1
-1
1
-2
-4
3
3
0
3
3
2
3
1
4
5
1
2
3
2
1
0
-3
-3
-4
-4
-2
-1
-2
-1
-1
0
0
-2
-2
-1
-3
0
0
0
0
0
0
0
2
5
-1
2
-1
-1
-3
-3
-1
-1
-1
-1
0
-2
-1
-2
-2
-1
-7
-7
-7
-7
-5
-6
-5
-6
-4
-3
1
1
2
2
2
3
1
0
3
4
9
12
7
7
8
7
4
3
3
7
6
4
5
5
3
0
-2
-1
-6
-3
-5
-1
0
-1
-2
-6
0
-3
-5
1
3
3
6
2
2
4
-1
5
7
3
1
2
-3
-3
-4
-6
-3
0
0
-2
-1
-3
-4
-3
-6
-7
-2
-3
-1
-3
-1
-1
-2
-1
-1
0
-1
2
3
3
0
4
4
0
2
1
-2
0
1
-2
-4
-2
-3
-1
0
-2
-1
-1
-4
-2
-1
3
2
-2
-1
-3
-1
2
2
0
-5
-1
-1
-1
0
0
-2
1
-1
-3
-3
-2
0
0
2
-1
-1
5
2
-1
1
1
1
6
2
5
5
4
1
1
5
1
1
2
6
-1
0
4
2
5
5
3
0
6
4
2
-1
-1
-1
-2
-1
-5
-3
-2
-1
-1
2
2
0
0
2
0
-3
-3
-1
-1
-1
4
0
0
1
0
-3
-2
1
1
-3
-4
-5
-4
-4
-6
-3
-2
-5
-4
-4
-1
2
-1
2
0
-2
-1
1
1
2
4
2
2
3
0
-3
-3
-4
-4
-1
-1
-2
-1
-2
0
1
0
4
-1
0
3
3
2
1
3
4
2
1
3
2
3
3
2
2
4
1
3
2
4
5
4
1
-3
-2
-6
-10
-6
-6
-5
-4
-2
-3
-4
-1
-4
-4
-2
-1
0
0
-1
1
4
1
5
4
5
4
2
3
-2
-1
-3
-2
1
2
4
3
5
3
3
6
2
1
0
-2
-5
-2
-3
-3
0
-2
-1
-2
3
1
1
2
0
3
4
2
2
0
3
2
1
-1
1
3
-1
0
0
-2
-2
-3
-3
-5
-5
-7
-6
-4
-4
-3
1
2
-1
2
1
-3
0
-1
2
2
1
-1
-1
2
-2
-1
1
0
-2
0
0
-5
1
-1
-4
-2
0
2
0
-1
0
2
1
-1
1
1
2
3
3
0
-1
3
2
0
-1
3
2
1
2
1
0
1
0
0
3
4
1
1
1
0
-2
-1
-5
-2
-4
1
1
-2
1
1
2
1
4
3
0
-3
-2
3
3
2
0
0
2
3
0
1
4
1
1
0
1
-1
-1
1
-3
-5
-2
1
-3
-5
-1
0
-1
0
3
2
-1
-1
-1
-4
-2
-1
-1
-2
0
-1
-5
-3
-6
-4
2
-1
-2
2
-2
0
2
3
3
0
-2
2
0
0
3
1
1
-1
2
3
2
2
2
0
1
0
4
3
1
2
0
0
-1
1
1
-1
0
0
-3
-3
0
1
-2
-1
1
-3
-1
-3
-2
-1
2
1
2
4
7
5
3
4
0
-3
0
0
2
5
2
3
0
2
2
1
0
3
4
1
3
-1
-1
-1
2
3
1
-1
-5
-1
-4
0
0
0
-2
-7
-5
-6
-2
-2
-7
-4
-5
-7
-5
-5
-4
-2
0
3
2
1
1
-4
-3
-3
-1
-2
-3
-2
-2
0
1
-1
2
-3
2
3
2
2
2
2
-5
-1
-1
-1
1
4
2
3
3
3
1
-1
3
0
3
2
1
1
5
6
6
4
3
3
0
-1
0
3
0
3
2
0
0
-2
0
2
-2
1
2
0
-2
-1
-2
-1
0
-5
-1
1
6
1
-1
-1
-1
-1
-4
-2
1
2
1
-3
-1
-3
-2
1
-2
-2
-5
-3
-2
-1
0
0
0
0
3
2
4
5
2
-1
3
1
-1
-2
-2
-3
-4
0
3
-2
-3
-2
0
2
2
1
1
1
1
2
3
-1
-2
1
-2
2
0
0
-4
-1
-1
-2
-3
-3
-3
-3
-4
-4
-4
-4
-2
-5
-1
-2
