SAMPLES:	8334
BITSPERSAMPLE:	16
CHANNELS:	1
SAMPLERATE:	16000
NORMALIZED:	FALSE
0
2
2
0
0
0
3
4
3
4
0
-3
0
-1
2
2
-3
-3
-3
-1
-5
-1
0
-1
0
-2
-1
-2
-2
-1
0
0
-1
-4
0
4
5
2
1
1
-2
-2
1
-2
1
-4
-1
1
-6
-5
0
2
1
1
-3
1
2
1
2
2
2
3
5
3
2
3
-1
-1
2
-1
-2
-2
0
0
-3
2
1
0
1
-3
-3
-2
-4
-2
-3
-1
2
5
4
4
4
3
5
2
-2
2
0
3
4
-1
3
-3
-1
-1
0
0
-4
1
1
-2
-4
1
-1
-2
2
1
1
1
2
0
-4
-4
-1
-2
-2
3
1
-1
0
2
0
1
3
-1
-2
-3
-1
1
2
0
0
1
2
1
-1
1
0
1
0
1
1
3
0
1
2
1
0
-2
0
0
-3
-4
-2
-2
-4
-6
-4
-2
-2
-1
1
2
-1
1
2
1
-1
2
-1
-1
-2
-3
-1
-2
0
0
-3
-2
-1
-1
2
1
3
2
4
2
-1
3
3
1
1
0
3
3
3
5
2
1
2
-3
-1
2
1
6
5
1
3
3
-4
-1
0
-1
1
-1
-1
1
1
2
1
-1
-3
-1
0
3
4
-1
-1
-1
-2
-2
-7
-7
-2
-1
-5
-2
-1
0
0
-4
-2
-1
-1
-1
1
1
0
-3
-3
-4
0
1
0
0
0
-1
-3
-3
-1
-1
-1
1
3
2
2
5
4
0
1
-1
-1
2
-1
4
1
-1
0
-2
3
4
0
0
-2
-1
1
0
-4
1
2
0
0
-1
2
0
-2
1
0
2
1
-2
-1
-2
0
-1
-1
-2
-1
3
2
3
0
3
3
4
2
1
6
4
3
2
1
-3
-2
3
1
0
-1
1
4
1
0
1
2
0
2
0
-1
-2
-4
-1
-4
-4
0
-2
3
2
3
3
1
1
-1
0
-2
-5
-1
-3
-3
-5
-7
-5
-6
-7
-5
-6
-6
-5
-3
1
0
-2
-2
-3
0
2
3
2
-1
-2
1
1
2
3
2
1
1
4
-2
3
4
4
5
3
3
2
0
3
2
3
4
3
2
0
2
2
2
3
3
-2
-1
0
0
1
0
-1
-2
1
0
-4
-2
1
-3
-2
0
1
3
5
2
0
1
-1
0
-1
-3
-1
-2
-1
-2
-2
0
1
3
1
0
0
-1
0
3
1
-1
2
6
1
1
0
-2
2
-3
0
0
3
1
0
1
-1
0
-3
-4
2
-2
-3
-1
-4
-5
-3
-2
-2
1
1
1
0
-1
-2
0
3
-4
-4
0
-1
-3
-4
-1
-4
-4
-1
1
2
2
2
1
1
3
5
5
4
3
1
5
1
2
2
1
0
2
0
1
4
1
-2
0
-2
-2
-1
-1
2
-1
-1
-1
-4
-2
-2
-6
-4
0
0
0
0
0
-2
-1
3
1
2
2
4
5
2
1
2
6
3
3
5
7
2
2
0
2
0
-3
-3
-4
-5
-7
-1
-1
-2
-2
-4
-1
-1
-1
-1
0
-3
-1
-2
-2
-1
-1
2
4
0
0
1
1
-1
-2
4
3
1
2
1
-1
-1
1
-4
1
0
0
2
2
1
-1
-3
-2
3
-1
-1
-2
-3
-3
-5
-2
-2
-1
-2
-3
0
-2
-4
0
0
-2
2
-1
2
0
3
4
8
7
3
3
2
0
1
3
-2
1
0
1
3
4
1
0
-1
-1
-2
1
2
-2
-2
-1
-1
-3
-1
-1
0
1
1
0
-3
1
2
2
0
2
2
2
3
2
0
0
1
3
2
2
-2
-4
-1
-4
0
-3
-2
-1
-1
-1
-1
1
-1
-2
0
-3
-4
-2
-4
0
1
2
-1
-2
-1
-1
-2
-3
0
-2
1
0
-4
0
0
-1
-3
-1
2
-1
-2
-1
-4
1
2
-1
0
4
4
8
8
4
2
1
3
3
3
1
1
-4
-6
-5
-3
-3
-5
0
0
2
1
-1
3
1
0
0
-1
0
0
1
1
2
3
2
0
2
0
3
1
1
2
0
2
2
1
0
0
0
1
-4
-4
-3
2
2
-1
-2
-1
-2
-2
1
-2
-3
-2
1
5
1
3
3
0
3
2
0
-2
-1
-1
-2
-2
-2
-3
-4
-1
0
1
1
4
4
3
-1
0
-1
-1
0
-1
-1
-1
-4
-3
-3
-4
-2
-5
-1
0
-1
-1
-1
-2
-2
-2
-3
-2
-1
3
5
4
5
4
0
3
2
2
4
4
1
-1
-3
0
0
0
0
0
0
0
3
-2
-1
-1
1
1
-2
-2
1
3
3
2
3
3
2
-1
4
4
3
1
0
2
-3
-1
-1
-2
-3
-4
-4
-6
-5
-1
-2
-2
0
-2
1
-1
4
3
3
2
3
5
7
5
3
-1
0
-1
-1
1
-1
2
2
2
2
3
2
-2
-2
0
-2
-3
-2
-3
-1
-2
2
-3
-3
-4
-8
-5
-7
-1
-1
0
0
3
3
-4
-7
-6
-3
-4
-5
-2
-1
-4
1
2
2
3
4
3
7
4
12
5
-7
3
16
17
11
9
14
19
21
21
21
23
27
24
23
26
27
27
14
-2
3
12
-4
-12
-31
-51
-46
-24
-8
-16
-21
-19
-7
12
8
3
-4
-1
-9
-27
-33
-41
-25
0
10
14
28
43
33
-2
-37
-45
-23
8
19
7
-2
-8
-12
-17
-16
-10
10
7
-2
20
31
27
6
-47
-100
-101
-56
-30
-23
-32
-50
-39
-34
13
44
28
30
16
-9
-5
38
50
25
29
49
53
31
36
22
-25
-3
4
-23
-11
18
-12
74
50
-23
25
48
55
2
71
191
184
218
120
110
79
164
191
265
925
1655
2375
1537
569
704
690
655
708
309
-355
184
528
-214
-483
-537
-91
203
-61
-412
-716
-751
-807
-675
-828
-810
-41
-359
-849
-830
-926
-1250
-1054
-641
-955
-797
-378
-231
-188
-26
397
264
216
553
849
597
403
739
482
273
552
473
-26
284
725
716
437
826
778
11
279
403
62
-136
-229
-422
-640
-667
-634
-791
-971
-903
-1134
-1461
-1419
-1474
-1616
-1373
-965
-1175
-1501
-1281
-1388
-1603
-1303
-888
-780
-581
-393
-671
-1164
-1344
-1518
-1534
-1600
-1766
-685
-146
310
628
569
401
505
1338
1250
742
557
60
-439
604
1107
63
1036
1520
-93
448
1536
1647
1968
2488
1783
402
957
898
-894
-47
1301
1282
1717
2680
3094
1641
1849
2372
2054
2032
2669
3140
2326
3959
3906
3561
3345
3294
3089
1127
2055
1908
1733
1578
2416
3083
1692
2363
1570
531
-312
-232
-1230
-1752
-1632
-3135
-3249
-3828
-3523
-3604
-3636
-2790
-2215
-2128
-3248
-2618
-2296
-3206
-4024
-4215
-4251
-4782
-4401
-4432
-4879
-4904
-4322
-4065
-4351
-3061
-3182
-3312
-2459
-2056
-2456
-2713
-2375
-2632
-2628
-2091
-1452
-1460
-1020
27
-236
-746
200
669
-305
160
810
644
994
1733
865
330
803
498
-388
-231
115
-945
-1198
-162
749
170
542
1856
1688
1007
1532
2203
2130
2133
3353
3816
4032
4864
4709
4345
4671
5498
5325
5582
7107
7825
7627
7885
8391
8106
6719
6677
6829
5527
5403
4793
2822
2034
2223
1022
303
385
-392
-1110
-1342
-732
-908
-2125
-2267
-2285
-2575
-2959
-3478
-4466
-5378
-4429
-4215
-4362
-4016
-4091
-4352
-4509
-3933
-4114
-4423
-4486
-4110
-4619
-4983
-5257
-5727
-5509
-5404
-4982
-4764
-4614
-3998
-4023
-4322
-3495
-3064
-2568
-2238
-1550
-814
-918
-290
413
544
655
1352
1545
1159
1190
758
75
-15
769
507
754
1414
1601
1268
1032
1626
1085
959
1552
1683
1350
2037
2410
2284
2828
2882
2405
2175
2441
2450
2200
2103
1566
1203
901
920
1088
1041
1132
1342
1582
1335
1424
1764
1451
1603
2131
1694
1406
1578
1434
1021
1100
1137
906
945
1302
1178
954
1166
842
936
1334
1103
323
96
364
46
-710
-914
-774
-848
-453
-101
-379
-778
-941
-1224
-807
-74
318
181
210
215
-324
-244
-445
-1005
-1774
-1956
-1365
-1877
-2028
-1921
-2378
-3083
-2662
-1879
-2163
-1855
-781
-206
-578
-744
-786
-710
-446
-604
-1181
-1785
-1487
-845
-810
-263
385
515
324
843
1012
604
295
-82
-144
-208
-241
-529
-726
-258
609
456
159
764
1107
628
440
927
1032
957
737
1216
1561
1057
951
1082
1002
172
-187
-534
-812
-661
-402
-223
34
823
824
287
602
1256
1054
429
536
1002
1069
972
670
468
360
431
281
298
906
1135
894
587
336
594
571
647
870
848
759
284
-106
-331
-874
-1744
-1827
-1846
-1455
-1007
-1032
-630
14
525
349
144
178
-199
-551
-684
-411
-418
-446
-30
-65
-212
-83
137
92
-69
340
-90
-695
-510
-734
-726
-178
-146
-107
364
449
-77
-34
143
98
-218
-181
163
-496
-647
-696
-227
74
-11
591
668
874
963
729
-31
52
447
-230
-815
-773
483
459
340
1284
1306
789
589
943
248
-124
-201
-821
-553
182
560
349
733
1288
969
315
772
912
442
321
227
247
-215
93
41
-391
-90
209
31
-232
302
-121
-663
-562
-427
-388
-334
185
252
528
736
495
-36
-661
-1148
-1579
-1829
-1995
-1607
-1245
-1041
-624
-223
-155
-223
-60
0
-5
-190
-347
-366
-477
-707
-915
-1004
-922
-726
-997
-1062
-818
-237
-51
-133
333
17
-192
-146
-140
-200
-169
81
-181
-154
-373
-647
-662
-339
-85
-103
249
601
1253
1378
1487
1673
1364
946
645
368
90
392
373
431
492
461
581
97
217
313
166
393
590
872
993
1034
1007
880
679
585
207
-56
-183
-609
-554
-576
-507
-553
-347
-198
-490
-36
1157
2397
2779
3506
4759
5394
5703
6262
7002
6882
6368
6271
5211
4010
3267
2183
244
-1642
-2303
-3736
-5253
-5531
-5240
-5780
-6304
-5625
-4663
-4445
-4635
-4312
-4603
-4947
-5381
-5700
-6036
-6261
-6106
-6332
-6051
-5295
-4393
-4235
-3880
-2818
-2220
-2136
-1904
-1135
-1152
-1324
-1273
-1144
-909
-765
-489
-536
-326
-41
-135
-96
449
853
854
1259
1885
2450
3099
3818
4231
4208
4153
4244
3954
3778
3722
3502
3377
3208
3582
3765
3910
3767
3691
3271
2781
2940
2535
2252
1490
1124
736
172
241
-734
-1450
-2590
-3894
-5815
-4960
549
5357
9861
12673
18553
22392
23173
24622
23637
22239
15823
9867
3904
-2050
-6121
-11423
-14695
-17723
-17602
-17381
-16658
-14011
-11802
-9885
-10583
-9519
-9109
-9383
-10059
-11223
-11194
-12124
-11276
-10375
-8481
-6144
-4158
-2030
-854
1251
2520
3267
2866
2519
1819
418
-483
12
2343
2509
3417
4176
4793
3623
1413
613
-2538
-5046
-7308
-8537
-9156
-8254
-6022
-4801
-2261
1131
4204
5608
7726
9339
8509
7172
5602
4203
1783
140
-1096
-2483
-2549
-1902
-931
-162
1462
2987
3593
3982
4640
4864
4026
3339
2865
2300
1333
835
671
16
33
78
431
621
872
1495
1182
1619
1929
1975
1041
-57
-729
-3170
-5709
-6522
1698
10467
14051
15931
21681
31631
30650
28747
28883
28203
20996
8593
2801
-3837
-9391
-16226
-21857
-23799
-23780
-21144
-21737
-18537
-13170
-10013
-11501
-12512
-8838
-8771
-11099
-13765
-12988
-12341
-12943
-11213
-8743
-3996
-620
1878
3720
6072
9177
8402
6594
4547
3353
59
-4192
-6197
-6983
-6944
-7539
-6617
-4850
-1484
2017
3982
5019
6205
6337
3513
755
-76
-1590
-4993
-6577
-5660
-4819
-3745
-1038
1735
3369
5386
7082
7047
7013
7511
6164
3104
1626
1374
-222
-1973
-1870
-1296
-1566
-1238
173
1305
1693
2004
1807
1619
2243
2461
1942
1379
2020
2137
1430
1570
2011
1803
745
383
434
9
-599
-1412
-3017
-4917
-4888
3805
12641
17194
18490
23612
31888
31472
29928
28545
27812
20477
8783
1559
-5149
-10138
-16986
-22323
-24380
-23889
-21845
-21827
-18146
-12764
-9359
-10226
-10363
-7569
-7484
-9416
-11636
-11192
-11302
-11631
-10052
-7331
-2656
976
3990
5879
8230
10840
10269
8186
5605
3359
-848
-5707
-8485
-9930
-11037
-12599
-12262
-10314
-7287
-4710
-2572
687
4583
6725
6388
6993
7771
6584
3158
1242
242
-1739
-3183
-3672
-3089
-2474
-1095
-194
709
2971
4657
4714
4356
5346
5413
3748
2421
1988
1122
-614
-1807
-2160
-1947
-1728
-1852
-1618
-648
574
792
1137
2521
3758
3711
3331
3759
3809
3144
2131
1631
990
147
-855
-1842
-2748
-3859
-5110
799
10752
16820
17677
20395
30223
32192
29281
27167
27503
22954
10273
2679
-3189
-8116
-15084
-21167
-23149
-23871
-21699
-21713
-19415
-14386
-10214
-9935
-11140
-8033
-6454
-7892
-10295
-9878
-9114
-10083
-8889
-6470
-2679
484
3482
5749
7270
9926
10373
8780
6149
4021
814
-4054
-7308
-9308
-10679
-12492
-13047
-11938
-10114
-7394
-4502
-1799
709
2813
4539
5314
6576
8232
7270
5247
3977
3725
1928
-257
-275
-865
-2237
-2686
-1519
-780
-98
1470
2100
2163
3245
4671
4124
3423
3659
2732
424
-893
-891
-1984
-3170
-3270
-3019
-2878
-2091
-434
686
1869
3201
3857
3922
4334
4570
3397
2081
1297
350
-1575
-2339
-3162
-4568
-5698
81
9724
15262
17400
20809
29943
32301
30242
28635
28278
24216
12464
4231
-1854
-6882
-13877
-20774
-22898
-23324
-22035
-22303
-19875
-14668
-11078
-10579
-10959
-7894
-6452
-7749
-9628
-9395
-8658
-9627
-8931
-6643
-2966
66
2625
5322
7522
10096
10682
9743
7739
5402
2189
-2443
-5964
-8487
-10247
-12350
-13437
-12779
-11060
-9115
-6778
-3511
-708
1788
3078
4638
5498
6351
6314
4873
4584
4291
3617
1868
1541
1837
585
-379
-191
370
-37
132
677
676
1074
1989
2404
2080
2598
2766
1584
486
290
-458
-2170
-2896
-2837
-3111
-3328
-2545
-1222
-214
859
2038
3057
3814
4409
3990
3285
2800
1846
370
-1323
-2329
-3721
-4920
670
8984
14193
15553
19743
29443
31569
29919
28737
29491
24829
13273
5797
-151
-5407
-13550
-20492
-23163
-24033
-23255
-23976
-21124
-15878
-12205
-11876
-11304
-7327
-5785
-7145
-8741
-8111
-8174
-9558
-8849
-6652
-3544
-1106
1808
4599
7122
10104
11313
11066
9433
7531
4320
-118
-3604
-6604
-9253
-12084
-13706
-13769
-12819
-11011
-9011
-5568
-2300
834
3409
5472
7125
7193
7444
5915
4152
2657
1433
-147
-1714
-1376
-1620
-1779
-1138
529
1432
1918
3269
3686
3707
3863
4139
3130
2063
1896
788
-818
-1715
-1743
-2677
-3461
-3035
-2751
-2839
-2211
-766
84
849
1962
2764
2941
2912
2944
2145
1329
814
-437
-1969
-3158
-1806
4212
10731
15005
17071
22513
29942
31226
29912
29374
29471
22915
12404
5816
617
-5789
-14510
-20127
-22621
-24028
-24530
-24400
-21097
-16870
-14122
-13576
-11743
-7947
-6448
-7629
-8526
-7609
-8067
-9314
-8537
-5901
-3373
-1622
1179
4140
7039
9703
11354
11601
10326
8637
5589
1742
-1862
-5067
-7962
-10692
-12411
-12730
-11742
-9784
-7910
-5673
-2664
-231
1200
2118
3440
3679
2537
1369
754
211
-451
-539
-314
235
1077
2123
3081
4098
4943
5010
4592
4295
4073
3289
2361
1657
968
115
-575
-812
-954
-1284
-1751
-2106
-2122
-2087
-1990
-1732
-1196
-561
-287
140
559
950
945
646
391
196
-158
-911
-1133
757
6578
11950
15248
17702
23085
28864
29283
28618
28344
27756
21333
12783
7086
1741
-4680
-12863
-17933
-20689
-22496
-23775
-23982
-21042
-17778
-15752
-14827
-12400
-9112
-7963
-8348
-8356
-7556
-8048
-8601
-7742
-5664
-3507
-1654
1016
3695
6664
9391
10997
11532
10864
9603
7028
3686
520
-2687
-5822
-8942
-11002
-11764
-11484
-10635
-9407
-7347
-4898
-2520
-659
1104
2414
2627
2133
1408
1001
394
-307
-624
-514
-60
422
1430
2808
4068
4738
5048
5331
5245
4878
4091
3264
2252
1197
252
-558
-1052
-1352
-1665
-2042
-2281
-2295
-2192
-2130
-1913
-1522
-1102
-854
-391
-164
12
-79
105
-34
-370
-856
-904
-77
3455
9316
13498
16415
19423
25644
28805
28722
28442
28162
25680
17824
11503
6282
771
-6552
-13789
-17593
-20492
-22199
-23591
-22640
-19711
-17560
-16339
-14871
-11491
-9207
-8983
-9101
-8393
-8090
-9066
-8838
-7340
-5421
-3929
-1816
1263
4152
7233
9650
11415
11927
11455
10119
7575
4755
1452
-2033
-5587
-8555
-10345
-11148
-10909
-10104
-8457
-6217
-4359
-2638
-824
1116
1515
1110
906
461
-522
-1327
-1134
-1175
-1130
-289
964
2089
3523
5125
5678
5822
6254
6171
5032
4063
3555
2078
288
-564
-874
-1742
-2433
-2239
-2287
-2511
-2270
-1712
-1663
-1517
-906
-776
-927
-639
-95
-403
-639
-433
-164
-890
-1539
-1057
1535
6896
10985
13844
16307
22026
26646
26929
27141
27695
27130
20637
14079
10002
5320
-1323
-9066
-13492
-16807
-19537
-21761
-22290
-20262
-18440
-17460
-16700
-13690
-10523
-9753
-9887
-9198
-8218
-8901
-9270
-8138
-6485
-5228
-3734
-1147
1569
4746
7790
10134
11300
11742
11818
10282
7884
5237
2308
-1413
-5293
-7487
-8590
-9313
-9665
-9043
-7588
-6259
-4592
-2832
-1238
-502
-371
-527
-941
-1140
-1488
-1843
-2128
-1744
-954
-72
1432
3264
4660
5280
6044
6749
6696
6052
5370
4357
2611
1127
185
-635
-1553
-2219
-2517
-2792
-2686
-2364
-2182
-2009
-1792
-1492
-1540
-1206
-771
-777
-1035
-1005
-649
-665
-759
-836
-695
822
5523
10360
13562
15942
20561
25471
26335
26354
26529
26099
21291
14747
10190
5587
103
-6664
-11706
-14999
-17467
-19359
-20422
-19131
-17130
-16096
-15536
-13411
-10498
-9383
-9468
-9083
-8389
-8894
-9448
-8741
-7341
-6013
-4599
-2365
124
3107
6283
8829
10430
11169
11442
10449
8502
6112
3313
-57
-3795
-6704
-8407
-9172
-9630
-9468
-8480
-6874
-5158
-3180
-1218
-86
336
384
362
-236
-757
-1201
-1881
-2430
-2192
-1215
-258
1101
2737
3911
4624
5563
6480
6444
5941
5340
4158
2557
1392
663
-493
-1682
-2220
-2617
-3075
-2928
-2411
-2250
-2346
-1914
-1234
-1202
-818
-256
-51
-291
-327
104
-59
-216
-494
-799
158
4440
9270
12123
14057
18578
23837
24884
24760
25314
25898
21809
15271
10934
7049
1985
-5060
-10282
-13250
-15863
-18424
-20079
-18757
-16788
-16279
-16126
-14040
-10953
-10005
-10207
-9575
-8523
-8948
-9602
-8810
-7319
-6132
-5027
-2958
-445
2327
5156
7620
9483
10488
10804
10196
8895
6965
4428
1401
-1933
-4895
-6858
-7504
-8102
-8672
-8197
-6415
-4797
-3918
-2415
-704
-213
-923
-881
-488
-937
-1797
-2103
-1883
-1820
-1278
-16
1447
2707
3704
4380
5192
6021
6182
5485
4658
4019
2843
1344
507
130
-765
-1860
-2240
-2000
-2088
-2223
-2056
-1880
-1887
-1819
-1548
-1197
-817
-692
-918
-920
-447
-148
-368
-635
-573
-362
2734
7638
11519
13516
16177
21762
24337
24527
24635
25455
23427
17104
12292
8503
4267
-2148
-8143
-11720
-14592
-16904
-18995
-18764
-17002
-15991
-16003
-14990
-12057
-10231
-10263
-10194
-9113
-8975
-9813
-9484
-7909
-6397
-5517
-3754
-1301
1417
4250
6751
8934
9988
10461
10047
8964
7451
5107
2409
-787
-3689
-5894
-6994
-7387
-7907
-7787
-6728
-5174
-3901
-2541
-1067
-534
-796
-1032
-817
-1115
-1692
-2047
-2140
-1973
-1515
-322
985
2339
3402
4122
4895
5573
5875
5371
4732
4008
2885
1614
789
365
-431
-1226
-1649
-1629
-1672
-1680
-1608
-1628
-1699
-1720
-1437
-1216
-914
-818
-771
-813
-540
-212
-85
24
-320
-638
-384
3485
8386
11563
13011
16138
21718
23553
23590
23727
24844
22076
15631
11322
7951
3899
-2991
-8590
-11758
-14423
-16980
-19025
-18138
-16371
-15852
-16091
-14666
-11605
-10254
-10542
-10266
-9137
-9188
-9937
-9274
-7486
-6039
-5138
-3229
-714
2027
4763
7289
9238
9927
10172
9670
8553
6811
4469
1918
-1169
-4016
-6181
-7184
-7147
-7375
-7144
-6245
-4640
-3341
-2241
-402
344
-147
-885
-614
-522
-1424
-1777
-1667
-1677
-1650
-533
1052
2114
3074
3970
4563
4937
5434
5333
4511
3721
2961
1791
708
464
-33
-1058
-1769
-1718
-1825
-2226
-2042
-1767
-1955
-2092
-1759
-1267
-1065
-682
-316
-285
-15
511
581
485
492
184
-712
-471
3852
7935
10416
11839
15887
20895
21955
22831
23494
24355
20762
15220
11559
7903
3524
-3109
-8071
-11357
-14197
-16795
-18312
-17104
-15721
-15641
-15560
-13659
-11131
-10379
-10437
-9892
-9303
-9901
-10266
-9313
-7794
-6579
-5498
-3397
-1049
1786
4582
7075
8860
9469
9683
9067
8163
6434
4212
1603
-1346
-4000
-5748
-6241
-6449
-6683
-6288
-5017
-3935
-2852
-1199
437
313
-578
-563
-317
-1041
-1871
-1699
-1764
-2312
-1970
-337
993
1857
2858
3815
4277
4760
5319
5040
4389
3762
2784
1527
1015
1049
175
-881
-1021
-987
-1551
-1807
-1304
-1397
-2108
-2109
-1559
-1277
-1280
-937
-594
-513
-283
72
107
119
147
-606
-1371
-1270
2712
6985
9895
11506
14747
20332
22155
22918
23204
24547
21898
15764
11867
8739
4864
-2117
-7506
-10495
-13358
-16019
-17710
-16608
-15374
-15454
-15665
-14138
-11451
-10532
-10927
-10817
-9965
-10246
-10873
-10002
-8091
-6623
-5810
-3717
-961
1984
4720
7119
8961
9481
9667
9172
8216
6559
4294
1739
-1192
-3506
-5014
-5543
-5794
-5717
-5040
-4115
-3085
-2095
-861
-444
-895
-1654
-2131
-2539
-3056
-3173
-3294
-3237
-2728
-1464
63
1571
3083
4043
4668
5243
5718
5572
4980
4329
3212
1903
1250
1114
661
-56
-300
-396
-745
-855
-578
-555
-1124
-1525
-1676
-1754
-1745
-1454
-1388
-1319
-1278
-894
-552
-211
136
55
-507
-1136
-1215
2289
7061
10184
11542
14037
20200
22262
22672
23156
24708
22567
15904
12261
9351
5418
-1434
-7025
-10021
-12998
-15544
-17521
-16955
-15654
-15674
-16186
-15003
-12177
-11201
-11821
-11632
-10553
-10880
-11596
-10295
-8132
-6694
-5774
-3345
-462
2230
5077
7621
9500
9988
10160
9630
8513
6937
4640
1995
-842
-3090
-4764
-5501
-5730
-5704
-5559
-4714
-3628
-2849
-1818
-1119
-978
-1537
-1773
-1699
-2087
-2376
-2314
-2185
-1876
-1100
143
1300
2355
3288
3854
4347
4844
5071
4669
4210
3605
2763
2090
1804
1414
635
-81
-457
-898
-1250
-1340
-1573
-2052
-2355
-2295
-2141
-1933
-1477
-1169
-1000
-757
-428
-83
179
178
8
-495
-975
-1610
-781
4120
8279
10784
12109
17209
22761
23172
23563
24561
25137
19864
13632
10716
7059
1324
-5702
-9734
-12319
-15148
-17278
-17835
-16178
-15123
-15460
-15230
-12796
-10672
-11078
-11816
-11082
-10546
-11696
-11523
-9525
-7513
-6330
-4467
-1195
1723
4732
7585
9819
10792
10736
10341
9078
7381
5087
2422
-423
-3037
-4853
-5715
-5604
-5564
-5415
-4871
-3555
-2506
-1575
-740
-817
-1640
-2541
-2585
-3108
-3602
-3611
-3435
-3222
-2364
-420
1267
2549
3870
4806
5221
5639
6113
5748
4861
4102
3138
2037
1538
1427
697
-150
-265
-456
-969
-1097
-881
-1338
-2065
-2124
-1969
-2137
-2090
-1570
-1685
-1644
-1235
-541
-331
-207
84
-48
-429
-723
-1226
368
5327
9670
11891
13026
18774
23035
23329
22963
23904
23856
17458
11937
8611
5396
-516
-7117
-10479
-12838
-14861
-17006
-17163
-15217
-14275
-14874
-14867
-12400
-10762
-11615
-12302
-11333
-10939
-11848
-11201
-8772
-6495
-5123
-2777
438
3402
6241
8616
10390
10771
10416
9423
7789
6071
3639
1003
-1626
-3698
-5052
-5717
-5211
-4668
-4193
-3484
-2490
-1726
-1461
-1299
-1797
-2855
-3837
-4225
-4614
-4729
-4278
-3498
-2532
-1219
800
2567
4035
5159
5840
6080
5978
5781
5057
4167
3295
2292
1513
1109
1115
744
276
158
-77
-395
-715
-837
-1282
-2031
-2417
-2460
-2431
-2327
-2058
-1890
-1495
-1120
-571
-103
156
296
73
-277
-583
-1139
1498
6442
10268
12150
13936
20067
23031
23149
22934
23723
22429
15429
10486
7189
3628
-2540
-8576
-11252
-13349
-15320
-17021
-16383
-14353
-13989
-14698
-14146
-11764
-10976
-12021
-12347
-11346
-11309
-11896
-10428
-7609
-5111
-3498
-788
2491
5313
7816
9725
10994
10726
9665
8173
6290
4336
1769
-720
-2936
-4578
-5419
-5569
-4501
-3806
-3517
-3121
-2400
-1808
-2219
-2468
-3040
-4117
-5162
-5470
-5026
-4553
-3756
-2414
-1007
663
2652
4381
5500
6090
6422
6139
5453
5060
4439
3317
2327
1780
1546
1209
1245
1212
753
283
-63
-371
-937
-1364
-1965
-2595
-2933
-2838
-2731
-2519
-2022
-1504
-1187
-715
-97
363
415
271
492
-285
-778
-1617
1853
6957
10607
12423
14586
21240
23453
23483
22846
23868
21688
13945
9088
5773
2237
-4551
-10146
-12132
-13945
-15609
-16924
-15452
-13361
-13174
-13947
-13333
-11131
-10868
-12144
-12523
-11469
-11585
-11972
-10005
-6737
-3980
-2211
929
4294
6943
9123
10620
11413
10227
8578
6508
4380
2270
-376
-2491
-4497
-5670
-6281
-5800
-4395
-3503
-3148
-2823
-1936
-1487
-1500
-2041
-2710
-3843
-4683
-4784
-4341
-3292
-2458
-1425
-220
1585
3420
4613
5584
6015
5801
5163
4705
4452
3689
2890
2140
1594
1327
1344
1403
1030
593
-33
-690
-1136
-1339
-1822
-2573
-2869
-2814
-2654
-2416
-1676
-981
-615
-328
288
681
715
708
460
231
-175
-716
-1414
-1657
2697
7913
11571
12922
16340
22608
23509
22820
21904
22576
18408
10479
5927
2761
-937
-7304
-11404
-12467
-13301
-14419
-15118
-13017
-11044
-11392
-12778
-12189
-10508
-11262
-12816
-12968
-11746
-11845
-11314
-8573
-4954
-1972
227
3315
6021
8201
9598
9998
9632
7825
5707
3322
1362
-418
-2315
-3656
-4619
-5052
-5073
-4392
-3444
-2803
-2805
-2710
-2733
-2630
-2600
-2732
-3007
-3612
-3569
-3026
-2007
-1055
-7
1036
1714
2493
3443
4312
4449
4238
4174
3823
3395
3393
3650
3460
2813
2424
2349
1994
1403
742
-221
-1194
-2141
-2620
-2870
-2883
-2883
-2942
-2751
-1989
-1011
-478
69
465
846
834
660
678
574
282
-324
-450
-852
-1177
-1527
2916
8760
12269
13838
16312
22557
23013
21840
20764
20373
16615
8449
4246
1069
-2197
-7146
-10914
-11389
-12067
-12578
-13103
-11580
-9789
-10640
-12352
-12585
-11414
-12089
-13489
-13390
-11972
-11305
-10175
-6932
-3147
131
2310
4740
6763
8032
8829
8258
7284
5273
3033
1051
-457
-1279
-2413
-3002
-3494
-3786
-3769
-3151
-2846
-2870
-2907
-3089
-3602
-4180
-3704
-3721
-4002
-3833
-3014
-2073
-1260
410
1687
2311
2840
3488
3929
3965
4170
3965
3422
3302
3343
3115
3119
3380
3187
2324
1958
1859
954
-56
-614
-1318
-2292
-2722
-2473
-2341
-2409
-1923
-1524
-1277
-626
-3
290
337
553
617
391
495
806
752
200
123
331
12
-414
-510
4290
9284
12360
13391
16139
21631
21067
19266
18005
17885
13514
5762
2107
-109
-2990
-7419
-10030
-9963
-10249
-10934
-11536
-10207
-8966
-10103
-12347
-12697
-11694
-12470
-13691
-13102
-10774
-9673
-8210
-4923
-1065
1881
3413
5202
6391
6840
6687
5524
4399
2816
1112
-462
-1392
-1456
-1764
-2069
-2353
-2694
-3048
-3313
-3894
-4778
-4848
-4899
-5187
-5248
-4019
-2644
-2257
-469
1594
2689
2694
3756
4882
3992
3049
2897
2608
1532
1336
1880
1919
2025
2669
3088
3214
3719
3717
2616
1736
1348
234
-1440
-1857
-1944
-2832
-3344
-2695
-1967
-1920
-1370
-547
-322
-251
147
325
112
383
649
420
645
1065
1361
1062
1105
1207
663
-68
-830
-1326
2540
7725
11200
12044
14456
19990
20067
18406
17197
17373
13230
5664
1772
-186
-2682
-6791
-9380
-9244
-9039
-9697
-10397
-9276
-7749
-8973
-11749
-12490
-11436
-11975
-13294
-12801
-10233
-8852
-7675
-4780
-909
2152
3187
4148
5110
5494
4932
3725
2932
1942
317
-1072
-1320
-949
-933
-1329
-1723
-2168
-2865
-3514
-4337
-5293
-5939
-5948
-6180
-5723
-4115
-1610
672
1835
3740
4942
5495
5327
5006
4685
3034
1615
810
795
806
988
1669
2362
2912
3288
3714
3733
3300
2311
1045
-140
-972
-1571
-2289
-2636
-2590
-2425
-2163
-1590
-731
-390
-440
-472
-397
-325
-236
104
389
751
1067
1495
1892
2135
2130
1777
1306
281
-256
-1283
-2089
-3449
-1593
4557
9283
11934
12620
17742
20951
19421
16833
15557
14505
7869
1272
-1656
-2155
-4312
-7800
-8332
-6792
-6124
-7567
-8065
-6717
-6977
-10099
-13475
-13500
-12959
-13699
-14473
-12522
-9097
-7268
-5304
-2038
2114
3922
3769
3819
4186
3797
2223
1069
656
250
-626
-1026
-248
684
885
190
-638
-1524
-2774
-4234
-5488
-6045
-5700
-5000
-4348
-2904
-788
1090
1652
2112
3017
3083
2276
1652
1815
1569
893
1016
1818
2661
3271
3952
4476
4533
4285
3694
2854
2034
1194
-78
-1061
-1388
-1321
-1478
-1535
-1037
-711
-846
-1003
-854
-867
-1125
-1355
-1175
-787
-279
321
1062
1785
2576
2794
2792
2793
2511
1837
927
339
-402
-980
-1791
-2150
-2917
105
5887
10449
12161
12607
17122
18436
16393
13162
12333
10892
4493
-569
-2218
-1393
-3158
-5555
-5535
-4488
-4590
-6977
-7845
-7737
-8696
-12002
-15160
-14715
-13587
-13050
-12849
-10145
-6619
-4774
-3298
-890
2041
2671
1873
1054
828
513
-76
-115
138
799
1075
1381
1952
2531
2479
1055
-822
-2615
-4039
-5436
-6471
-6469
-5174
-3817
-2765
-1090
1404
3818
4346
4176
3871
3269
2270
1168
894
702
688
749
1398
2563
3744
4274
3959
3610
3108
2440
1422
764
323
-333
-914
-1145
-726
-354
-276
-503
-876
-1140
-1502
-1725
-1738
-1453
-1111
-794
-134
847
1931
2762
3202
3354
3266
2843
2396
1506
732
-202
-766
-1499
-1782
-2001
-2417
-3067
-2206
3222
8452
11768
11507
13750
16514
16142
13512
11199
10954
7496
2900
-794
-958
-880
-2059
-3779
-5074
-4753
-5571
-7324
-9128
-9826
-10472
-13121
-14792
-14425
-12488
-11149
-10223
-8340
-6463
-4427
-2971
-1383
-430
286
502
126
-50
624
1973
2594
2759
3030
3487
3512
3007
2183
1027
-711
-2580
-4405
-5056
-4684
-3799
-2943
-2062
-710
448
1286
1676
1692
1178
377
-466
-936
-754
-57
653
1116
1854
2993
3840
4242
4250
4056
3318
2302
1611
1194
1045
794
592
387
322
486
406
127
-421
-962
-1585
-1957
-1821
-1334
-748
-163
645
1431
2157
2614
2830
2659
2176
1676
1080
623
171
-135
-504
-630
-876
-1030
-1125
-1560
-2021
-2869
216
5138
10083
11281
11155
13505
14952
14953
11586
9993
8172
5642
1612
-1256
-1265
-919
-955
-3294
-4490
-4914
-5116
-6588
-9171
-10665
-11966
-13272
-14479
-14616
-12998
-10909
-8815
-7625
-6309
-4274
-1840
-350
-315
-229
105
461
341
442
1510
2656
3327
3158
2770
2898
2794
2188
425
-1315
-2543
-3323
-3761
-3768
-2356
-533
694
727
614
1068
1351
924
-252
-1342
-1902
-1642
-981
-310
588
1774
2910
3248
3289
3624
3833
3469
2339
1414
1018
1135
1421
1269
1140
1116
1356
1133
584
171
-69
-340
-910
-1114
-954
-289
470
1088
1397
1606
1890
2018
1729
1166
775
411
63
-348
-513
-491
-317
-111
-176
-490
-851
-1435
-2094
-2849
-483
4082
9153
10866
10554
11596
13254
14248
12017
9478
6751
5055
2569
416
-1223
-1433
-665
-1308
-2985
-5319
-6363
-6856
-8114
-10393
-12710
-14043
-13729
-12931
-11898
-10658
-8610
-6231
-4588
-3948
-3303
-2138
-1071
-632
-1210
-1643
-1305
60
1730
2695
3263
3835
4269
4123
3217
2155
1027
-139
-1548
-2729
-3524
-3285
-2244
-864
368
1069
1447
1646
1866
1666
824
-437
-1318
-1751
-1587
-1050
-142
788
1674
2487
2903
2939
2851
2854
2618
2089
1569
1439
1633
2037
2416
2439
2151
1758
1400
908
278
-265
-687
-997
-1146
-1009
-605
-22
693
1171
1265
989
819
717
575
261
-69
-308
-444
-468
-332
-231
-154
-347
-698
-1058
-1675
-2258
-3085
-2363
899
5841
10168
11535
11664
11523
11846
11546
10125
7591
4406
1855
426
-4
-522
-731
-757
-706
-1519
-3255
-5601
-7540
-8896
-9695
-10774
-12087
-12778
-12227
-10330
-8135
-6337
-5386
-4832
-4361
-3687
-3377
-3157
-2935
-2410
-1674
-726
481
1767
3048
4227
4867
4524
3426
2084
988
167
-354
-897
-1398
-1803
-1457
-673
374
1345
1973
2193
1720
1050
153
-630
-1384
-1762
-1793
-1376
-656
228
1223
2122
2839
3085
2826
2338
1884
1607
1610
1767
2189
2454
2732
2923
2998
2814
2282
1664
868
2
-707
-1110
-1076
-797
-314
182
590
869
937
896
639
352
-30
-410
-702
-939
-865
-631
-265
35
195
329
241
9
-348
-637
-974
-1463
-2066
-2615
-2364
-666
2651
6434
9270
10380
9823
8282
6579
5367
4560
3704
2638
1609
849
450
353
408
284
-120
-940
-2188
-4101
-6359
-8409
-9539
-9536
-8729
-7620
-6770
-6223
-5871
-5461
-4999
-4609
-4385
-4471
-4734
-4826
-4478
-3662
-2579
-1276
91
1299
2182
2576
2462
1931
1218
618
229
164
272
397
485
608
1008
1529
2112
2496
2591
2332
1789
1194
558
133
4
326
799
1284
1706
2021
2082
1854
1558
1345
1233
1191
1280
1442
1670
2022
2397
2565
2413
2195
1970
1436
734
194
35
29
69
326
587
863
1130
1254
1115
598
295
26
-102
-274
-336
-303
-369
-365
-434
-322
-280
-279
-358
-526
-703
-905
-1076
-1167
-1170
-1116
-1053
-968
-854
-829
-924
-1121
-1425
-1741
-1908
-1648
-1017
-139
839
1791
2550
2885
2817
2332
1742
1180
829
667
796
1177
1661
1994
2054
1893
1498
909
84
-731
-1409
-1857
-2179
-2351
-2428
-2429
-2475
-2542
-2600
-2664
-2807
-2992
-3229
-3476
-3679
-3672
-3430
-3029
-2517
-2005
-1484
-1114
-865
-756
-721
-718
-768
-744
-590
-251
221
732
1311
1754
2102
2285
2407
2452
2431
2469
2437
2350
2126
1960
1867
1797
1770
1777
1869
1939
1976
1912
1703
1431
1148
963
808
742
804
963
1123
1127
1027
862
641
327
-105
-467
-664
-652
-515
-364
-229
-224
-217
-340
-549
-829
-1019
-1146
-1332
-1429
-1449
-1341
-1284
-1154
-964
-795
-652
-569
-444
-454
-506
-602
-729
-795
-748
-546
-454
-399
-327
-270
-292
-358
-296
-277
-341
-394
-336
-144
107
505
900
1218
1475
1633
1663
1530
1419
1294
1147
1081
1083
1230
1358
1471
1448
1267
996
613
272
-71
-323
-563
-692
-675
-594
-493
-481
-520
-637
-819
-1083
-1360
-1556
-1682
-1787
-1814
-1698
-1505
-1352
-1290
-1274
-1281
-1305
-1367
-1367
-1208
-1009
-872
-740
-510
-290
-137
21
172
303
356
388
413
546
751
888
1004
1045
980
822
770
786
889
1009
1079
1111
1026
787
497
612
853
979
881
817
679
329
195
87
-57
-134
42
-26
-147
140
362
402
357
384
188
-112
-74
-47
-51
-131
-48
-81
-93
28
-199
-292
-331
-580
-967
-981
-762
-662
-397
-435
-524
-434
-532
-541
-493
-97
181
220
371
403
299
54
5
-49
125
585
674
625
523
432
325
267
461
572
818
950
882
848
806
631
314
257
325
359
321
218
238
260
141
42
-58
-129
-155
-118
-79
-91
-210
-413
-574
-611
-659
-556
-719
-945
-639
-416
-710
-1022
-1078
-1243
-1189
-742
-718
-1090
-1164
-923
-870
-1373
-1316
-933
-834
-1136
-1022
-1018
-959
-411
-704
-743
-331
-329
-150
177
277
241
235
340
342
283
720
1417
1006
742
587
965
1545
1245
1099
1144
1214
1312
1225
1060
1184
1151
767
840
1073
899
621
223
225
2
78
329
-46
-79
142
17
-364
-319
-156
65
6
-335
-226
-44
505
786
402
112
381
645
303
108
210
-9
61
514
140
-352
-124
9
-75
-201
-684
-824
-550
-350
-536
-649
-316
-345
-532
-559
-262
-403
-597
-446
-246
-122
-309
-343
-168
79
272
539
213
-15
87
132
119
192
337
370
218
-123
-242
-394
-177
197
121
-364
-696
-699
-986
-771
-467
-906
-827
-752
-1045
-900
-867
-1012
-1214
-1250
-786
-346
-420
-960
-387
-49
-398
-450
-564
-284
274
844
911
1024
646
341
93
147
858
1498
1314
997
974
130
477
819
809
715
853
816
92
572
525
-238
-83
598
527
-111
-267
-400
153
414
634
884
799
1050
778
48
-116
452
790
369
823
1251
766
400
350
229
36
276
-386
-417
-358
52
139
-737
-590
-113
-464
-338
172
96
-649
-757
-939
-703
-580
-779
-876
-682
118
607
-57
-566
-520
-860
-647
-135
-321
-366
186
-216
-304
-302
-760
-557
27
264
108
-194
-822
-880
-556
-472
-529
-361
206
510
25
-166
9
-779
-634
-86
-421
-241
770
437
-350
216
498
-149
77
294
362
152
164
34
-201
317
693
692
249
127
-133
317
194
-182
315
749
686
125
-205
-103
94
-7
-64
504
620
-49
-202
95
-58
-184
-207
-77
81
253
139
-111
61
195
403
263
305
293
211
284
547
512
305
195
308
-18
187
367
-171
87
874
1047
-27
-459
-130
233
213
126
-17
-306
-59
273
285
-243
-189
-188
-151
101
81
-265
-410
-452
-955
-363
409
-211
-215
-86
-415
-353
-869
-643
-182
-247
-335
217
-33
-433
-546
-466
-752
-1115
-509
-237
-275
-551
-218
-443
-50
722
-91
-485
-564
-958
-869
-429
-305
344
703
680
412
283
174
133
-59
77
213
-49
-96
423
1031
828
302
457
749
671
510
96
158
394
670
397
169
443
549
706
438
491
121
-685
74
185
-334
-159
-289
-12
154
-287
-284
-271
343
444
-289
-710
-527
-179
189
394
144
722
651
197
-419
-184
-101
-469
13
548
486
-200
-394
129
477
98
62
-142
-430
-291
150
-405
-624
147
50
-236
-50
-501
-452
3
-359
-211
-158
-10
-54
-121
-30
-188
158
454
-375
-575
45
-178
-134
286
-166
-165
-438
-597
-106
178
168
-50
-694
-685
-228
-485
-350
-562
-757
-578
-18
-316
-636
-321
294
605
19
-294
-217
-129
135
295
410
103
185
417
530
832
769
628
144
95
125
856
1103
897
1123
970
1122
1199
850
587
637
572
236
541
474
271
372
153
117
74
-106
-694
-250
-640
-1034
-518
-344
-311
-178
-534
-1034
-1224
-1104
-694
-441
-332
-361
-177
-98
-264
60
-65
-214
-46
-114
-172
-102
116
166
416
310
-247
-475
-37
-190
-196
57
-367
-325
-192
-481
-241
96
-67
-153
-518
-391
-186
-203
-188
9
309
420
455
148
177
312
198
206
492
231
59
-118
-8
601
739
374
378
593
77
-278
-169
-182
-280
268
324
-144
-246
-204
-101
-153
68
36
-212
-603
-863
-534
-124
137
-48
-202
-151
-70
-73
34
375
260
-79
6
176
232
354
374
618
634
707
586
352
335
257
252
403
526
464
212
64
-88
-160
16
52
273
221
-46
21
-90
-241
-232
-120
-113
-100
-48
-244
-389
-240
-143
-193
-58
-20
-270
-324
-144
-219
-58
-87
-24
-51
-138
-237
-524
-551
-539
-415
-373
-356
-239
-442
-391
-409
-361
-370
-327
-247
-308
78
4
12
109
238
297
323
327
205
315
287
381
384
414
500
252
195
132
166
263
214
161
102
38
-130
-109
-52
-93
46
141
70
-20
-52
9
7
31
71
-73
-72
-50
-52
12
-79
-157
-81
-76
-6
-27
-36
89
116
63
54
98
92
118
169
265
172
112
127
36
80
40
-43
18
27
37
189
283
267
160
41
-39
-72
-7
-28
5
29
60
95
107
54
-8
-35
-48
-108
-143
-190
-203
-115
-42
-12
-14
5
3
-61
-190
-229
-276
-303
-201
-22
-25
-98
-90
-108
-170
-274
-206
-100
-100
-111
-108
-140
-124
-145
-67
39
26
83
135
189
201
139
52
53
100
96
99
115
75
52
10
-32
-97
-200
-172
-128
-57
-117
-159
-75
-47
-29
12
120
112
81
106
66
54
80
57
33
84
134
188
128
44
-21
-122
-118
-51
-42
1
49
83
138
109
121
104
39
65
115
103
89
33
80
163
131
101
120
174
184
144
127
104
65
0
-24
49
62
27
31
-30
-34
-71
-87
-89
-81
-37
-91
-143
-148
-175
-191
-153
-128
-90
-51
-28
-47
-75
-82
-74
-56
-62
-40
11
67
50
40
34
30
25
-16
-19
0
0
-12
-42
-62
-39
-41
-80
-104
-58
-49
-111
-155
-139
-134
-117
-75
-46
-98
-106
-39
-20
-29
-48
-10
18
9
30
63
110
111
98
120
170
194
180
153
165
174
155
144
144
123
71
81
111
71
3
-3
24
34
10
-38
-72
-91
-77
-67
-81
-96
-75
-47
-23
-39
-49
-9
33
49
51
71
93
77
84
134
139
83
34
45
77
61
19
9
34
26
-36
-76
-69
-72
-103
-114
-110
-132
-166
-152
-96
-78
-106
-115
-82
-60
-90
-128
-112
-75
-62
-54
-18
18
32
49
82
105
84
55
70
93
88
73
91
106
74
34
36
42
12
-7
15
12
-49
-110
-121
-89
-68
-76
-77
-60
-50
-59
-73
-75
-79
-75
-34
9
20
19
33
61
68
62
73
77
65
67
92
105
82
56
51
54
53
55
47
28
7
-13
-33
-46
-47
-55
-52
-33
-13
-29
-58
-33
11
18
-3
3
24
24
18
28
30
14
22
60
73
53
42
58
54
16
-16
-31
-37
-40
-25
-8
-16
-39
-43
-27
-33
-69
-73
-47
-31
-31
-31
-20
-11
-10
6
43
64
62
48
32
17
6
8
11
18
29
30
19
6
-2
-10
-26
-33
-31
-44
-72
-78
-55
-43
-44
-40
-23
-19
-32
-32
-26
-34
-41
-38
-22
-15
-17
8
37
36
19
25
42
35
14
16
37
31
6
1
37
54
30
22
41
48
7
-36
-21
13
8
-15
-4
32
20
-24
-29
12
34
2
-13
17
42
27
17
44
76
77
50
44
62
61
37
26
35
43
18
-20
-18
5
-1
-45
-77
-67
-69
-105
-151
-149
-122
-123
-135
-118
-86
-82
-89
-70
-34
-18
-21
0
46
69
63
59
73
101
123
132
133
125
117
121
115
93
76
75
72
41
13
9
7
-8
-18
-19
-49
-89
-100
-84
-77
-93
-104
-101
-98
-103
-101
-82
-67
-53
-48
-40
-31
-26
-23
2
35
27
11
25
46
30
17
37
48
22
6
24
34
10
-7
12
20
-4
-33
-28
-12
-13
-30
-22
6
16
5
6
32
46
44
52
77
94
88
88
112
134
127
114
114
113
101
83
78
64
47
31
4
-35
-64
-79
-93
-115
-126
-122
-126
-132
-138
-135
-141
-155
-162
-142
-123
-113
-94
-63
-27
-9
-1
14
29
33
21
10
16
21
26
39
57
69
65
60
53
45
34
18
4
2
8
7
10
23
34
33
29
18
18
10
-2
-5
2
13
19
31
47
60
63
60
64
61
51
40
38
42
38
30
28
34
31
18
2
-10
-23
-43
-59
-70
-71
-78
-83
-79
-74
-69
-66
-61
-56
-51
-50
-41
-30
-18
-8
2
15
27
41
44
45
54
58
53
46
47
45
39
28
22
19
7
-9
-16
-9
-10
-17
-16
-12
-11
-25
-38
-39
-43
-49
-56
-45
-28
-19
-12
-4
7
9
-3
-9
-11
-12
-19
-15
-4
8
14
18
23
24
15
4
-3
-6
-7
-4
-1
3
6
7
7
4
2
-2
-8
-11
-5
-3
0
6
15
23
22
21
24
22
18
12
14
23
26
31
33
35
35
28
24
21
19
9
6
6
4
3
-2
-3
-5
-14
-21
-25
-29
-31
-30
-25
-21
-13
-11
-6
1
5
-1
-5
-1
1
2
7
10
12
15
12
11
11
3
-2
-7
-14
-18
-20
-24
-21
-21
-21
-16
-14
-11
-10
-11
-10
-9
-14
-17
-17
-17
-17
-15
-11
-5
4
13
16
17
18
20
17
13
7
1
-1
2
2
5
8
8
4
2
0
-10
-15
-19
-26
-29
-28
-27
-23
-16
-9
-7
-1
5
8
11
8
9
8
9
12
18
19
22
25
27
29
34
31
30
30
27
28
26
19
15
13
8
6
0
-3
-5
-8
-9
-10
-12
-15
-14
-11
-6
-5
-6
-4
2
4
5
12
17
20
16
21
23
21
20
17
13
13
9
5
0
-6
-9
-14
-21
-26
-30
-33
-36
-39
-39
-41
-41
-40
-37
-35
-37
-37
-35
-32
-27
-26
-20
-19
-18
-17
-14
-12
-13
-10
-3
-3
2
5
8
9
10
15
18
18
18
20
16
17
18
15
17
17
19
17
20
20
14
11
9
7
3
5
5
9
12
15
17
21
20
18
21
12
13
11
16
14
12
16
16
14
15
15
12
5
3
2
-3
-4
-7
-6
-6
-5
-5
-7
-7
-5
-7
-6
-6
-8
-7
-4
-3
0
0
3
-1
0
-1
-2
0
-4
-5
-5
-3
-4
-9
-9
-9
-16
-20
-24
-24
-25
-25
-27
-26
-26
-23
-21
-23
-21
-20
-20
-22
-17
-18
-13
-14
-12
-9
-9
0
5
5
2
6
7
7
10
9
8
10
9
8
7
9
10
9
11
8
10
10
9
7
9
7
10
11
9
11
14
16
17
17
17
18
20
23
23
23
24
23
22
23
20
19
21
21
22
16
13
11
9
5
-1
-1
-6
-6
-8
-10
-12
-12
-15
-20
-22
-20
-17
-19
-18
-15
-12
-12
-10
-7
-3
0
-1
1
0
-3
0
3
2
-3
-12
-6
-5
-11
-10
-11
-16
-18
-18
-22
-18
-21
-16
-15
-18
-14
-12
-16
-16
-10
-10
-5
-7
-8
-4
-4
2
5
5
5
4
7
7
8
9
12
14
12
15
16
17
13
13
14
12
13
8
9
6
6
3
2
3
2
1
5
5
-2
4
1
2
5
2
5
1
-1
2
6
6
6
4
5
4
4
3
-2
0
-3
0
2
-1
-4
-5
-4
-4
-5
-8
-9
-11
-8
-12
-10
-5
-5
0
-1
-4
-1
0
-5
-4
0
3
5
1
3
10
9
8
9
12
8
5
3
4
5
1
-1
-1
-1
-1
-2
-3
-2
-6
-8
-12
-7
-9
-13
-11
-12
-11
-10
-10
-10
-11
-7
-6
-4
-3
-2
-2
-3
-1
-2
-1
-1
-3
0
0
-1
2
-2
2
2
0
-1
-3
-2
-2
1
0
0
0
0
1
2
0
3
6
5
8
11
11
15
15
13
16
18
17
17
21
17
17
15
13
10
5
3
0
2
-2
-5
-5
-8
-9
-11
-10
-11
-8
-7
-8
-8
-8
-8
-8
-7
-6
-3
0
3
5
5
6
4
4
5
5
6
3
2
2
2
-1
-5
-5
-2
-4
-7
-8
-10
-12
-12
-12
-10
-12
-10
-12
-10
-10
-10
-9
-6
-5
-6
-5
-4
-5
-5
-1
-1
2
0
4
7
6
8
8
4
0
0
0
1
3
5
1
0
0
0
1
-2
1
-3
0
-1
-1
-1
1
-1
1
1
-4
1
1
1
2
8
12
10
9
12
15
12
13
17
15
13
15
17
11
6
8
12
10
8
11
10
7
2
4
0
-5
-6
-3
-2
-5
-1
1
-2
-3
-6
-7
-8
-10
-9
-5
-6
-6
-1
-1
-4
-6
-5
-4
-6
-8
-3
-4
-9
-12
-8
-12
-15
-14
-14
-15
-12
-12
-13
-18
-17
-17
-12
-12
-12
-3
-6
-8
-7
-2
1
-1
1
3
3
5
8
10
8
11
11
8
5
6
10
7
6
8
9
6
5
10
9
5
8
7
2
4
7
5
1
1
2
3
4
4
3
5
4
1
4
2
3
6
3
9
6
3
7
7
9
9
9
6
8
8
6
7
3
2
3
6
8
5
2
3
2
2
0
-4
-2
-2
-4
-6
-3
-4
-3
-6
-6
-8
-11
-9
-12
-12
-9
-8
-10
-9
-9
-8
-10
-6
-9
-13
-9
-12
-11
-8
-9
-11
-8
-5
-5
-5
-8
-6
-3
-4
-3
-3
-2
-1
1
-2
-2
2
3
5
3
4
2
1
6
4
1
1
5
6
5
5
5
6
8
6
4
6
6
3
4
3
4
8
5
6
5
4
4
6
5
5
4
4
6
4
6
9
6
9
7
6
10
8
6
3
4
3
-1
2
3
4
6
5
2
2
0
3
-1
-2
-2
-3
-1
-4
-3
-2
-5
-4
-5
-3
-4
-6
-4
-9
-8
-3
-7
-6
-5
-10
-10
-8
-7
-6
-8
-8
-9
-7
-5
-3
-4
-5
-4
-5
-2
-8
-8
-1
-2
-7
-4
0
0
-2
1
0
0
3
0
1
1
1
2
-2
-1
2
4
2
2
4
5
3
5
4
3
4
5
4
0
2
3
5
4
4
3
3
1
3
5
3
4
2
7
2
2
5
3
2
4
2
4
5
2
7
5
3
2
4
5
4
7
4
3
2
2
0
1
2
2
1
-1
-1
-3
