SAMPLES:	9074
BITSPERSAMPLE:	16
CHANNELS:	1
SAMPLERATE:	16000
NORMALIZED:	FALSE
2
-1
0
-1
-1
2
-2
-2
0
5
4
3
5
5
4
5
2
1
3
-1
-5
-3
-3
0
0
-3
-2
0
1
1
1
-2
2
2
1
4
-2
2
1
0
1
-1
-1
3
2
2
2
4
2
1
1
-2
0
-2
-1
-6
-7
-3
-1
-4
-8
-7
-7
-7
-6
-3
-1
-3
0
-3
-2
3
1
2
3
0
1
3
5
1
-1
-1
-1
-1
2
1
0
1
4
2
1
2
6
4
2
2
0
1
3
6
3
2
1
4
3
1
-1
0
1
-2
-3
-3
2
1
0
0
1
0
-3
0
1
1
-2
3
1
-1
0
2
3
0
-1
-2
-1
-1
-3
-1
-1
-4
-2
1
-1
1
2
-3
-3
-2
-1
-2
-6
-5
-2
-2
-1
2
-1
2
2
3
3
3
1
-1
-4
-2
-1
-5
2
0
0
0
4
-1
-4
-2
-2
-3
-2
-2
1
0
-2
0
2
-1
-4
-2
-2
-1
0
1
3
3
0
0
2
0
2
2
3
-1
1
4
2
2
6
3
-1
4
1
3
0
0
1
0
0
1
2
-1
3
3
2
-3
1
1
0
1
-6
-4
-4
-2
0
-2
1
-3
0
0
1
0
3
5
4
5
3
-1
0
0
-4
-5
-5
-2
-4
-1
-2
2
2
2
0
-3
-3
-3
2
1
3
1
0
2
1
-4
-2
-4
-1
0
-2
-2
-4
-1
1
-2
-1
-1
0
-2
-1
0
2
6
2
3
0
2
5
-1
-2
0
1
-1
0
2
-3
-1
-1
-1
1
-1
-1
-1
1
-2
-1
2
0
3
3
2
-1
2
0
-2
1
-1
0
-2
0
-1
1
1
2
1
1
3
2
1
-1
2
2
2
1
2
1
0
-2
0
-1
-2
-1
-1
3
0
-1
-1
2
1
1
-1
-2
1
0
-1
-1
2
3
0
2
0
0
1
-1
-1
3
4
0
-1
-1
-3
-3
-6
-6
-1
-2
-3
-2
-2
-4
-3
4
3
1
1
1
1
2
-1
-1
-1
-5
2
0
2
3
2
6
4
1
1
1
1
2
0
0
-4
-2
-5
-5
-1
-3
-4
-2
-1
0
-1
0
0
2
3
4
5
1
-1
2
2
0
0
-1
2
-2
-5
0
1
0
-3
-1
0
-2
-2
-1
1
-4
2
4
3
1
0
4
2
1
2
-1
0
3
0
3
3
4
2
-1
2
4
1
1
2
4
4
2
-1
0
-2
-2
-3
-4
-3
-4
-2
-2
-2
-2
-3
-1
-1
-1
-3
0
0
-2
0
-2
-2
-2
2
-2
2
2
5
3
-1
1
-4
-1
-2
0
0
1
-2
1
4
1
-1
-2
2
-2
-2
-2
-2
-1
-1
0
4
2
0
3
0
0
-1
-1
0
2
1
3
3
2
1
-1
1
-4
-2
0
-1
1
1
-2
2
1
-1
-1
1
0
-2
-2
0
-1
1
3
0
3
2
-4
-3
0
0
-4
-2
-1
-1
0
-2
2
0
4
-1
-4
-2
-4
1
2
0
3
3
0
3
2
3
2
2
3
3
1
2
-1
-1
2
0
2
-2
3
2
1
1
-1
0
0
-1
-3
-3
-1
-4
2
2
0
-1
-3
-1
-3
0
-1
-2
-4
-2
1
-1
-1
-1
3
3
5
5
2
3
5
1
-2
-1
1
0
-2
1
-2
-1
-1
1
0
-2
0
0
-2
-3
-2
-4
3
-1
1
1
2
2
0
1
-1
-1
-2
2
-2
-4
-1
2
1
3
5
-1
-2
-3
-3
0
-1
-3
-4
-6
-2
-1
-2
-1
-2
-1
2
-1
-2
0
1
2
4
5
2
1
1
2
1
2
0
-3
1
1
-3
-1
0
1
0
1
-2
1
0
0
3
3
3
0
3
1
3
4
4
4
3
2
1
0
-4
-2
-6
-5
1
3
2
2
0
1
0
-3
2
-1
1
0
1
0
1
1
0
4
-1
-2
-1
-3
0
-1
-3
-7
-5
-4
-3
-2
1
0
-3
-3
-2
-2
-3
-3
-2
2
1
1
-1
0
1
3
1
3
-4
-2
2
1
1
-1
0
1
1
2
1
2
7
1
-1
1
0
0
0
-2
-4
0
1
2
-1
-1
1
3
3
0
1
-1
-3
-1
-1
1
-1
1
0
0
1
2
0
0
-2
-1
0
1
-1
-1
2
3
-1
0
-1
0
1
1
3
0
3
3
5
2
0
1
-2
-1
1
0
0
-3
-4
-2
0
4
2
3
4
3
-2
-1
0
-2
-5
-1
-1
-2
-2
-3
-2
0
-2
-3
-3
-5
-2
0
-1
0
-1
-3
-3
0
0
2
2
0
0
0
-2
-1
-3
-2
-1
1
3
3
3
1
0
-1
-4
-1
0
0
1
3
3
2
3
5
3
3
4
4
1
2
2
-1
-1
3
3
2
2
0
3
1
1
2
-1
-2
0
-1
0
-3
-1
0
-1
-2
-1
1
-1
0
-2
-2
-3
-4
-2
-1
0
-1
0
1
0
-2
-2
2
-3
-2
-4
-4
0
0
3
0
1
1
-1
-2
0
0
0
0
-5
-6
-3
0
2
5
5
1
2
2
0
-2
-1
0
-3
-5
-5
-3
-3
-2
-3
2
1
0
3
3
3
-2
1
5
4
4
4
3
4
4
2
3
4
1
1
-1
-1
-1
-3
1
3
-1
-4
-1
0
-2
3
6
5
5
2
1
5
2
0
-1
0
0
-2
-4
-3
-1
-4
-3
-4
-3
-1
-5
-2
-2
-1
1
0
0
-1
0
-4
-5
-2
0
-1
1
-3
-2
-2
-3
-2
-3
-3
-5
-1
-2
-1
0
1
3
1
1
3
3
-2
0
1
0
-1
-1
0
2
4
2
3
1
2
3
0
-2
2
-1
-2
-2
1
-1
-3
2
0
-1
0
-2
-3
-1
-4
1
3
3
4
6
5
5
2
3
3
2
7
2
1
0
0
4
5
0
-4
-2
-1
1
0
1
1
-1
0
1
-2
-3
-4
-6
-4
-2
-2
-1
0
4
1
2
0
-1
3
2
0
-1
-2
-1
3
2
1
0
-1
1
1
-3
-2
-1
0
-2
-3
-3
-2
0
-2
-3
-3
-4
-4
-2
-4
-6
-4
-3
0
-1
-2
0
2
1
-1
3
1
2
1
1
1
-1
0
-2
-1
1
0
0
-3
-1
2
4
2
6
2
4
5
5
4
4
2
3
2
1
5
4
4
1
3
1
1
0
-1
0
0
0
0
-2
0
4
-2
-2
1
2
2
2
0
2
-1
-3
-1
1
-2
1
2
-1
1
0
-2
0
-3
-6
-4
-2
-2
0
-3
-4
-2
-3
-4
-3
-3
-2
-1
-7
-3
-5
-4
-2
-7
-6
-5
1
-3
2
2
-1
0
0
1
0
-3
-2
3
2
4
3
2
4
6
3
0
5
7
5
6
5
2
-1
1
2
3
6
4
4
4
-1
-3
-2
2
1
0
1
1
-2
-3
-2
2
1
1
1
-2
-2
-2
0
-2
-7
-6
-1
0
2
-3
-4
-1
-2
-4
-2
-1
-6
-2
1
-1
-1
2
0
-1
-2
2
4
2
-2
-1
2
5
3
-5
-5
0
3
-3
-4
0
6
8
0
0
1
3
-2
-6
-5
3
1
-5
-2
-3
3
-2
-4
-3
3
4
0
-2
0
7
4
-5
-2
1
3
2
-4
-2
5
7
0
0
2
9
7
2
-1
3
5
-2
-5
2
6
-2
-5
-5
2
2
-5
-3
2
-1
-4
-5
-7
0
0
0
-2
-2
-1
-2
-1
-5
-1
5
2
0
2
4
3
3
1
1
2
1
-6
2
3
-5
-2
4
0
-3
-5
-6
-2
-1
-5
3
4
-2
-5
-4
-2
5
6
-7
-1
12
4
-6
-5
4
6
0
4
2
-3
-1
3
0
0
-5
3
12
2
-3
1
5
3
-3
-7
-6
0
-1
-4
-6
3
4
-4
-4
-4
-4
4
6
-8
-9
5
6
-1
3
-4
-3
18
3
-19
-3
28
14
-17
-16
12
36
8
-43
-17
44
26
-38
-36
18
29
13
-14
-41
-5
56
12
-51
-21
28
27
-28
-26
18
20
-1
-15
-19
33
29
-47
-16
37
15
-16
-14
-6
11
32
12
-46
-44
66
45
-66
-39
48
19
-50
-13
38
-1
-16
-23
-34
90
42
-153
-46
150
56
-95
-114
55
176
-97
-186
156
107
-153
-38
90
52
-28
-98
-5
106
47
-67
-101
7
169
24
-180
-49
160
92
-144
-115
194
67
-211
20
186
-13
-150
-59
204
139
-249
-129
215
138
-92
-180
-31
249
48
-244
-25
175
29
-76
-65
32
113
-17
-169
63
176
-133
-134
197
53
-204
-28
172
88
-172
-145
190
164
-193
-144
107
177
-49
-255
44
307
-106
-271
118
198
-66
-180
31
207
-96
-193
163
110
-152
-60
67
78
-39
-130
97
125
-211
-79
259
45
-219
-115
111
256
-16
-366
-68
385
84
-273
-80
79
60
105
-65
-192
48
188
-24
-195
7
233
-40
-306
93
323
-126
-246
69
123
21
-29
-101
15
35
77
-21
-174
70
286
-234
-263
250
250
-187
-259
63
322
-22
-360
69
332
-117
-298
135
207
-43
-120
-59
12
161
29
-180
-95
296
80
-370
-5
405
-90
-328
75
313
7
-398
-46
388
150
-320
-185
223
212
-172
-156
136
173
-140
-143
131
127
-137
-18
114
-20
-70
-3
-3
140
-1
-126
-57
43
168
-72
-246
245
221
-368
-137
251
251
-315
-214
394
29
-385
110
149
19
-84
-156
177
85
-245
10
150
128
-154
-332
296
286
-291
-232
198
302
-164
-468
335
395
-337
-330
319
293
-299
-315
366
322
-436
-299
383
425
-500
-402
540
458
-745
-350
942
-22
-843
322
529
-370
-263
246
164
-77
-185
-63
332
123
-522
-51
702
-302
-415
259
278
-136
-167
-108
222
393
-460
-447
663
296
-574
-234
365
419
-451
-469
677
161
-610
71
354
-73
-156
-148
239
212
-483
50
459
-136
-462
38
677
5
-886
182
688
-179
-349
-46
152
273
-152
-415
354
199
-254
-19
-4
18
106
38
-20
-240
-25
265
343
-405
-555
634
344
-478
-246
308
330
-303
-420
522
160
-303
-86
-121
377
210
-450
-145
46
424
63
-352
-413
491
335
-339
-190
-154
665
-167
-462
46
296
297
-367
-359
157
533
-150
-467
76
472
-190
-482
538
169
-506
-74
298
150
-216
-59
74
-118
191
133
-451
215
129
104
-403
2
576
-289
-342
337
10
-116
145
-48
-92
-73
239
58
-309
-16
395
-221
-241
282
41
24
-218
-25
333
-336
-76
554
-360
-386
493
346
-735
174
241
-355
344
-73
-78
-27
315
-353
-94
352
-249
10
158
153
-359
43
31
288
-163
-512
520
282
-343
-416
663
2
-471
56
267
-124
131
-71
-148
364
-281
-257
322
168
-263
-5
86
128
-164
73
-52
-218
190
208
-349
249
178
-447
167
82
-133
-333
671
12
-536
97
273
37
-466
108
328
-25
-221
-35
324
68
-284
-632
532
688
-575
-171
141
262
-347
43
160
-483
425
340
-369
86
-145
77
-232
-316
1276
-235
-1300
726
653
-783
278
127
-638
546
63
-569
886
168
-681
-1103
602
1611
-535
-925
-17
476
281
-163
-568
-51
820
183
-1113
519
354
-646
525
58
-834
469
722
-713
-371
956
225
-1397
-430
2056
-22
-1925
411
1555
-198
-1768
112
1637
-97
-1063
229
51
89
361
-366
-66
147
-595
557
713
-637
-582
55
698
501
-858
-640
382
1396
-725
-1247
779
465
-245
381
-671
-779
1690
116
-1188
-44
444
-270
551
379
-638
-858
668
508
-138
223
-913
-52
1029
205
-1248
-134
1045
409
-922
-601
754
810
-912
-583
588
622
-221
-936
265
1126
-171
-770
-746
802
810
-415
-916
609
646
-838
455
-92
-1330
1318
1474
-2060
-658
1070
1245
-560
-1814
302
1647
-437
-520
368
-383
159
-164
302
90
-168
55
-436
37
746
13
-276
-632
190
213
-173
1128
-939
-348
1041
-1258
-136
1473
-405
-609
169
107
501
-511
-271
67
260
-375
826
141
-1402
723
113
-547
1130
11
-1347
402
274
360
197
-1402
392
1681
-646
-1590
432
1317
-608
-338
601
-409
-255
317
1054
-1547
-640
1558
-295
562
-284
-1523
889
1892
-2985
-299
3413
-299
-2640
-1204
3485
1229
-2728
-2126
2228
1997
-1635
-650
140
965
-458
-340
47
-136
869
-470
-484
-142
1327
233
-2020
351
1023
-584
132
1712
-2062
-1434
2451
783
-1423
-529
-56
186
1435
95
-1824
-378
1462
864
-1711
-470
1535
-1058
1007
524
-1770
-117
1386
-519
-812
1443
-504
195
17
-1892
1116
1750
-1279
-656
899
-102
-1123
1102
909
-1395
-263
266
418
516
-11
-1800
1043
1417
-2391
810
1895
-2657
547
2281
-2481
-481
2126
-823
-372
464
-850
1678
-383
-2476
1240
2575
-1240
-3051
2645
1036
-2089
784
160
-1051
1843
-429
-2151
1577
924
-118
-1117
-558
305
1052
899
-1363
-2011
1565
2720
-1600
-1533
-295
769
958
117
-231
-1688
1093
2026
-2748
-1457
3124
1512
-2875
-390
376
943
933
-2164
-13
896
1361
-1389
-2045
3049
438
-3081
1267
1764
-2638
557
2461
-1560
-1690
1264
1063
-609
-1264
442
2177
-887
-2285
163
2932
713
-4213
-498
4475
-224
-3170
685
1779
-1433
-226
1038
-643
-340
693
326
-604
422
-721
-582
1258
880
-1599
-1023
3378
-943
-3591
2482
2622
-3354
-1101
3646
764
-4624
521
3625
-1725
-1956
2871
-175
-1945
501
234
1699
-1692
-1063
1874
-292
-1039
1710
-215
-2640
2712
948
-3775
941
3734
-2744
-2428
3705
1301
-3762
-1178
4022
-3
-4039
1246
4350
-1385
-5067
972
5103
-174
-5376
953
3929
-1308
-1943
516
2202
-1748
-1838
3380
-20
-3025
1276
1458
-1068
-752
1704
-418
-1841
1184
641
138
-416
-334
-1836
2036
2088
-2923
-1321
4008
63
-5639
3584
3321
-4514
-587
4137
-1255
-2467
1265
511
1380
-1985
-1739
3814
611
-5459
1328
6178
-4104
-4533
4827
2937
-5863
-1144
6316
-508
-5333
703
4275
-701
-3169
1201
2001
-832
-1692
158
1961
-36
-2112
991
1881
-1899
-1686
2110
911
-423
-1157
-1075
1250
494
-489
973
-1025
-1075
1838
-198
-1409
1428
1467
-1865
-1012
967
992
-361
-160
-648
1180
-39
-2026
1126
1987
-857
-3759
2503
3029
-3173
-2340
3307
2580
-4828
-1421
4782
723
-3022
-816
3267
-121
-3000
275
3065
-728
-2861
1974
289
-1069
374
64
-254
497
197
-2818
1002
3215
-1310
-2155
324
1699
5
-1261
692
491
-713
98
279
432
-583
-582
901
882
-1119
-276
403
38
483
-785
41
1029
-552
-1359
570
754
-276
9
399
-999
-297
1564
-383
-1141
854
904
-523
-1025
1061
640
-1808
-147
1942
-198
-1567
160
1151
-180
-903
330
471
-946
-858
1429
999
-2251
470
939
-1858
-352
1229
603
-906
-1403
33
1825
743
-1937
-347
2195
-475
-686
761
1133
-925
-15
1354
182
-440
-1124
1183
1646
-193
-1279
-507
535
-177
716
669
-1032
-1632
21
791
1187
-513
-2261
49
1054
578
-236
194
-162
-347
-356
942
375
-352
434
-1159
719
1321
-1067
54
353
-1145
560
587
-287
-469
50
575
-726
-1510
1177
2167
-1729
-2240
2480
939
-2927
-1171
2007
1854
-1467
-2933
1008
3463
-1547
-3644
2305
2183
-2862
-1558
1225
2626
-336
-2557
723
1563
-1181
-1516
1503
556
574
296
-2223
615
2461
-1579
-2240
3167
1573
-1975
-1248
-221
1670
2103
-1586
-1902
1380
116
-1120
1549
1558
-1131
-1939
-422
1619
720
451
20
-1941
240
1595
-369
-955
-115
-205
1954
982
-2269
-599
978
-237
703
671
-1465
518
1361
-1932
-138
3131
-764
-4126
572
3991
-1912
-2038
1581
-337
-1073
656
637
-1235
-536
928
1090
380
80
-1632
-1409
2387
1296
-1118
410
-329
-1226
-254
833
753
-921
-473
578
111
237
-647
-1378
2396
-431
-2101
2988
403
-4369
1316
2624
-2623
1138
1961
-2961
-986
3073
-688
-2499
1258
543
-1484
1404
1804
-2325
-512
1974
-433
140
578
-159
-425
-17
715
408
-1685
-205
1711
-537
-842
1003
-11
-634
307
-50
-815
18
1517
-423
-574
168
-559
-344
962
513
-297
-414
-70
1531
1
-620
826
-564
-699
1395
525
-606
-541
-488
32
222
-196
-206
-261
858
409
-1643
-438
564
-508
-524
1255
639
-1884
-708
1660
535
-506
-156
-125
-113
198
-253
-564
-230
-76
-103
559
1113
-610
-1230
-116
1267
1088
-926
-796
404
625
-1055
-171
1996
-53
-2333
-153
2086
560
-823
-19
1044
93
294
710
400
-390
-860
-352
1095
1126
-1000
-1365
365
1065
-156
-405
-93
-410
303
1320
702
625
325
-1180
-346
1335
232
-1330
-801
-82
-93
-711
-1250
-756
-1013
-1395
129
1009
152
-1049
-900
584
604
-831
-290
259
-414
209
756
230
-276
-649
-909
758
1456
-79
-721
-170
401
396
-29
178
24
-724
-164
961
545
-353
-747
-286
634
-106
-231
60
25
-15
89
96
392
323
-320
-28
179
120
-180
-308
159
229
-140
-354
-173
637
579
-660
-726
-105
-183
62
232
69
-171
-277
4
550
56
-627
-250
295
784
337
-80
-251
-98
279
734
617
-19
-352
-401
334
724
551
-68
-203
152
663
922
262
-14
647
661
412
1151
1327
253
-24
655
1019
745
278
375
743
732
329
187
154
-204
-192
280
365
-186
-833
-849
-523
-485
-896
-946
-856
-1021
-1359
-1410
-1339
-1681
-1763
-1591
-1275
-1504
-1933
-1888
-1681
-1590
-1825
-1860
-1568
-1504
-1662
-1637
-1656
-1874
-1957
-1892
-1623
-1238
-1319
-1053
-628
-545
-664
-722
-406
77
425
588
630
679
679
594
814
1057
1232
1091
815
802
911
673
295
442
1000
1294
2229
7810
13174
12419
6848
3765
6992
9512
8169
7302
10553
12805
10063
6698
5441
3430
-1140
-2618
484
2703
823
-3663
-5709
-6594
-8695
-11165
-11837
-9931
-8642
-8832
-8578
-7862
-8951
-11056
-11192
-8773
-5778
-4410
-3060
-1244
-550
-832
-1063
163
1931
5352
11867
13577
7369
971
670
2050
176
746
4492
3316
-2138
-3206
-3021
-7788
-11865
-8340
-2905
-3278
-3936
-2835
-6337
-11149
-10104
-6511
-6043
-4658
83
1117
-2764
-3376
-743
-1900
-2228
2510
6303
5009
3861
5979
4576
1120
2286
5477
5092
4198
4900
5417
3182
14153
28321
20891
3123
-2778
14752
23254
11688
6808
16881
22345
11654
2573
5030
6988
-2092
-6859
2682
9470
4073
-10757
-15408
-8495
-8321
-14298
-18000
-10683
-4317
-9290
-14568
-11986
-9406
-14196
-17222
-11291
-1377
479
-4359
-4746
-3274
-2350
-4066
-4129
554
3746
5326
4676
3750
3673
1908
-905
-1624
2269
5190
7212
7979
4801
184
-4791
-3544
-1838
-2125
-1737
-453
-616
-4200
-6755
-7856
-8477
-8263
-4291
332
345
-1059
-3062
-4054
-3542
-2389
-117
753
2380
3000
1393
-107
323
960
277
1205
3468
4492
2231
327
800
-63
-689
-419
853
1022
279
135
21
-1059
5299
18624
19744
9583
525
7826
18238
13453
8209
14543
22476
17855
8016
7551
10626
5178
-1622
2106
8539
7306
-2687
-10084
-7734
-7349
-11804
-16495
-13598
-7206
-9400
-15061
-15054
-12050
-14249
-18652
-15965
-7329
-3408
-6169
-6703
-4956
-3796
-4247
-3964
210
3470
5367
6100
5583
5622
4697
3189
2696
7027
13578
12451
5339
1479
3065
469
-4632
-2778
1587
-2091
-8616
-5974
-3752
-10719
-15370
-8499
-2277
-6279
-7556
-2016
-2403
-8671
-7853
-643
74
-3042
-1108
2113
402
-835
1756
2277
1438
3377
5278
3618
2385
3914
2113
-1058
841
3984
2268
-908
1446
3262
10642
20254
18507
5898
-3636
8845
19016
12569
8908
17946
23027
11175
2198
6512
10097
3050
-7
7472
10357
4028
-7020
-9847
-7002
-8008
-10490
-11849
-7187
-5328
-11041
-15807
-14423
-12183
-14991
-15775
-9804
-2786
-3460
-7864
-8459
-7829
-6098
-4604
-1240
3152
4733
4876
2329
904
1601
2628
3407
4999
7600
8058
5889
7112
9368
4292
-2496
-2252
2738
1141
-4235
-2669
-674
-7685
-12900
-8083
-4444
-8760
-9715
-2600
-1564
-8544
-8521
-2821
-2370
-4772
-2011
1814
-868
-3545
-1341
-48
-538
1801
3646
2116
1374
3111
2373
-1040
-301
2857
1317
-294
2170
3491
255
-541
12297
21997
15741
4459
1831
10652
14718
12202
13430
19409
20073
11303
4056
5613
9383
6476
4095
7083
8544
3104
-6667
-8920
-6396
-6827
-9400
-10175
-6856
-6983
-12151
-15577
-14510
-13451
-14368
-13423
-9074
-4971
-6108
-8774
-9709
-9171
-6249
-2960
179
2014
2960
3420
1053
-659
1356
5017
5948
5995
7467
8158
4438
4358
10766
8799
1889
-1459
2115
884
-5990
-3378
739
-5315
-12209
-7824
-3761
-9248
-11780
-4004
-862
-8564
-8430
-1406
-1919
-6414
-4103
1811
-1590
-5336
-1189
1631
-290
441
3608
2169
-376
1649
3560
894
-130
2523
1304
-1255
912
3288
875
1440
15723
22431
12067
-3
2093
12779
13381
12392
17881
22550
16499
5676
2800
6460
9659
8770
8841
9148
5915
-915
-8469
-8441
-5301
-4009
-6287
-7937
-6914
-9762
-14869
-17319
-14662
-12370
-12436
-10822
-7836
-6928
-10288
-12690
-11788
-8546
-4108
-797
1187
1300
1042
-467
-2721
-1175
4101
8799
8612
7658
7181
6279
7152
7739
9258
6459
3309
2436
767
-965
-2868
-2791
-4440
-6795
-7780
-7049
-7405
-8041
-6910
-6511
-6416
-6992
-5703
-3689
-3608
-3685
-4414
-3713
-3039
-2636
-1442
563
2261
1470
802
1251
2368
2079
1641
2820
2810
1995
346
627
1502
1375
1146
6312
18598
19496
9519
-1824
1767
12570
13403
13707
19070
23349
13262
55
53
8030
11437
10256
11909
10346
2466
-6747
-9491
-5534
-2549
-577
-3029
-6221
-9288
-12865
-15253
-15940
-12059
-9169
-9264
-10159
-9668
-9798
-12699
-13865
-11313
-6025
-2559
-1652
-1466
-1850
-2218
-4124
-3472
726
6413
8258
6790
5945
8337
9601
5997
6576
7754
7228
2787
1932
4282
412
-4609
-4300
-1930
-6022
-9147
-4896
-2259
-7581
-10682
-5179
-3987
-8142
-6780
-912
-2533
-9064
-6506
-1478
-2895
-4844
232
3853
32
-1106
2445
2903
413
2351
6114
4285
1582
2807
3303
347
-63
1937
1955
698
12695
22034
14463
667
-4329
6300
9769
11744
18362
24260
17827
2515
-3496
897
8832
13550
16323
13475
5068
-3974
-10209
-8431
-2489
4683
4123
-3235
-9035
-13554
-15388
-15963
-10522
-5549
-6599
-10033
-12779
-13543
-14984
-13962
-10180
-6501
-4915
-4775
-5527
-6593
-5657
-4351
-2742
-697
3026
6520
5004
5450
8800
8368
4452
3943
10718
10758
5302
5041
6619
205
-7210
-1952
4321
-727
-5965
-592
-910
-10802
-11936
-1717
606
-7232
-5823
-425
-6252
-13195
-6684
1135
-3311
-5775
264
1174
-4855
-3349
4237
3461
-440
3125
6651
2465
529
5056
6030
1125
1686
5126
2926
-1431
188
762
5542
16080
18171
8170
-6918
-467
7894
7964
10916
20752
23251
5816
-5794
-2167
5663
9535
14873
17219
8387
-3061
-7811
-6948
-5246
3657
10207
3254
-8575
-13333
-11049
-14218
-12145
-2730
425
-7617
-15853
-14520
-13364
-14015
-10343
-4587
-4700
-8376
-9144
-8316
-8135
-6433
-1687
-290
-759
797
3064
7526
6023
5643
4396
4004
6033
4616
7654
8432
6467
-523
-3861
-1034
456
278
1621
2460
-2778
-7914
-7410
-3522
-3017
-2128
-863
-3990
-7972
-8581
-5052
-4274
-3373
182
192
-2767
-3652
-326
1627
1459
3441
5714
4295
2861
4320
5419
4883
4697
5923
4955
3232
3721
4207
2858
742
305
-545
6173
12132
12078
3730
-3188
1024
2203
4739
9511
17099
13060
737
-3789
-1109
2214
4713
11705
13241
4672
-5340
-6273
-4215
-3187
1355
5339
2628
-7085
-10708
-9879
-9657
-7482
-3205
-1425
-7206
-11527
-11554
-10950
-10414
-6901
-3440
-4760
-7384
-7130
-5025
-4978
-2831
126
1316
-572
-575
1740
1894
2321
2952
3793
1757
743
1991
3009
2367
1331
1089
-189
-1451
-1115
465
285
-715
-2069
-3148
-3675
-3211
-1646
-1401
-1430
-1938
-2573
-3039
-2382
-285
990
1398
1510
1933
2074
2462
3502
4508
4729
4520
4403
4519
4630
4450
4568
3923
4030
3746
2815
2479
2049
1904
1490
935
241
18
-333
-1330
-2104
-1439
312
878
1244
820
178
-700
-1107
621
2452
4156
3883
2901
1742
505
564
2051
3833
4457
3806
2427
821
-348
-114
648
1510
1431
263
-1318
-2982
-3458
-2948
-2354
-2494
-3082
-3756
-4895
-5750
-5682
-5092
-4607
-4607
-4937
-5127
-5273
-5078
-4682
-4141
-3622
-3133
-2241
-1858
-1661
-1631
-1422
-1254
-955
119
969
833
357
447
506
98
262
1494
1839
1196
630
777
774
478
797
1039
1014
887
875
601
347
581
1026
912
826
1455
1757
1281
849
1498
1888
1538
1730
2558
2447
1731
1719
1999
2061
1918
2364
2708
2251
1648
1539
1655
1525
1721
2003
1766
1115
676
754
648
284
426
692
239
-414
-650
-478
-331
-423
-268
-529
-767
-725
-733
-670
-390
-108
-279
-472
-193
92
55
165
285
242
-15
98
332
281
298
149
-391
-918
-969
-731
-731
-757
-768
-1310
-2124
-2496
-2266
-2054
-2015
-1711
-1704
-2244
-2674
-2428
-1988
-2017
-1932
-1425
-1219
-1355
-1419
-1323
-1177
-1096
-738
-316
-71
-32
53
-31
-329
-373
-231
168
652
968
587
8
-98
-26
-55
161
716
765
181
-243
-119
109
269
616
916
757
441
389
625
817
978
1132
1104
1182
1380
1657
1739
1785
1738
1481
1385
1484
1762
1913
1908
1848
1477
760
546
951
1296
1295
1193
1072
637
141
165
593
740
627
413
210
192
193
277
406
351
225
-57
-206
-222
-271
-425
-554
-577
-721
-994
-1138
-1147
-1239
-1333
-1475
-1391
-1390
-1428
-1340
-1314
-1278
-1316
-1324
-1311
-1176
-884
-739
-759
-942
-859
-646
-400
-155
-117
-174
-203
-30
66
74
-32
-37
-81
-311
-251
-150
-133
-372
-573
-655
-859
-1037
-811
-382
-265
-560
-898
-980
-886
-714
-389
52
217
-43
-367
-420
-169
87
417
850
997
791
582
666
780
873
958
1084
1124
1108
1110
914
687
609
839
988
963
1036
958
937
787
789
889
976
1174
1270
1199
946
822
765
836
885
1082
1238
944
425
48
50
86
138
257
270
-56
-549
-809
-830
-667
-661
-740
-853
-960
-951
-1011
-872
-721
-676
-744
-963
-923
-846
-677
-450
-265
-198
-382
-444
-290
-223
-149
21
148
100
-172
-240
-301
-496
-575
-530
-457
-557
-826
-977
-1116
-1197
-1166
-1069
-873
-827
-792
-799
-910
-943
-848
-529
-238
-126
-30
-7
80
210
275
449
609
711
640
634
838
945
857
779
802
787
729
732
854
953
909
745
557
574
776
884
866
756
730
689
613
733
875
913
758
691
651
471
330
473
625
460
171
35
52
-120
-117
-133
-192
-361
-376
-291
-492
-626
-631
-573
-717
-695
-426
-258
-285
-412
-463
-482
-402
-170
59
232
253
103
-111
-208
-208
-126
28
210
222
-62
-314
-425
-392
-469
-552
-552
-513
-701
-983
-1127
-1088
-984
-1040
-1037
-1083
-1015
-979
-967
-931
-772
-517
-425
-405
-284
-21
140
244
450
584
559
457
541
751
886
933
840
716
597
570
552
591
659
682
603
520
485
390
327
303
420
490
510
557
537
517
445
448
543
589
723
802
789
616
471
504
514
495
505
560
377
107
-45
-38
-125
-268
-274
-340
-467
-683
-669
-544
-469
-455
-588
-592
-574
-486
-429
-360
-201
-197
-234
-247
-157
-63
-23
151
300
282
98
-67
13
75
-8
-195
-295
-305
-514
-765
-858
-789
-819
-1019
-1202
-1228
-1210
-1177
-1144
-1083
-1008
-1076
-1123
-1055
-755
-412
-172
-103
-109
-68
45
298
569
847
961
1020
1006
942
934
957
1135
1285
1291
1206
1082
982
829
728
712
694
683
663
561
360
254
198
116
82
185
306
230
83
-1
-55
32
157
224
262
289
278
137
71
205
240
185
187
195
154
-10
-214
-389
4
35
-518
-515
-180
-227
-492
-366
-172
-670
-1811
-544
724
-568
-1439
11
1386
156
-881
-855
-61
311
94
66
-326
-302
181
201
-310
-436
-160
-81
-465
-878
-617
-231
-429
-866
-995
-851
-895
-911
-877
-725
-523
-482
-556
-736
-632
-415
-265
-157
94
350
456
459
482
493
530
689
981
1233
1264
1106
975
918
757
659
731
931
855
609
449
354
275
229
278
297
262
156
-46
-84
-58
-53
-105
-152
23
73
56
2
59
83
-54
-7
146
229
148
183
303
206
107
166
231
177
130
104
151
171
45
15
-35
-9
77
-79
-215
-95
-24
-223
-186
-50
-198
-233
-353
-437
-353
-370
-402
-635
-739
-602
-638
-685
-646
-332
-216
-695
-939
-864
-813
-959
-577
-345
-644
-580
-473
-519
-711
-679
-537
-443
-522
-283
72
176
243
197
10
113
349
219
239
695
1101
945
953
879
809
895
595
564
707
1125
1027
988
863
504
393
455
436
391
481
377
656
546
-173
-202
571
23
-291
253
191
-323
-108
199
-248
-183
76
215
-459
-265
71
-240
13
66
-13
-465
-238
532
174
-358
-72
493
7
-497
-103
-209
-89
258
-99
-396
-91
-381
239
7
-1519
-592
638
-537
-1126
-222
-41
-19
-1006
-1215
-568
-121
-188
-1077
-567
-85
-563
-585
-611
-1435
-588
238
97
-749
-730
192
-73
-1195
-61
601
-641
317
507
476
634
-39
-405
684
811
173
2079
1168
-1018
833
1453
-699
303
2005
821
284
224
984
251
152
189
241
753
1025
368
-499
829
-231
144
604
335
259
432
256
-389
137
118
-13
181
-27
-680
985
1311
-538
-1092
-1281
446
1333
-1383
-1071
1367
707
-1630
-127
958
-2046
-526
1062
-1328
-643
770
871
-846
-1414
-86
684
-1053
-1059
940
166
1276
-1758
-2623
1506
968
-27
-1396
-850
1973
-430
-2773
74
380
-1571
593
1232
-2080
-893
-343
-1442
1096
-1663
-195
853
-1141
-9
-272
-1447
-1149
3378
494
-2697
1184
1457
-245
-2076
3308
1357
-1340
1762
-65
-53
2818
321
-2702
2838
3066
-3119
561
4961
-2399
-1858
2024
311
515
1292
-217
-1367
1217
802
-1900
-685
3858
289
-2470
83
1061
-1397
138
1909
-590
-91
1304
-663
-1713
1167
200
-619
281
651
-582
1494
-1209
-1530
310
965
853
-1392
-559
1218
-620
-1567
323
1736
-1805
149
639
-1128
1270
-806
-201
-919
75
873
-1215
-2350
926
3570
-1149
-5841
1261
4207
-2822
-4667
3339
801
-4145
2010
-33
-4634
602
2762
-1192
-1989
-310
1077
-885
-2219
2560
63
-1410
-1194
1137
3151
-1392
-2548
1089
3744
-376
-1674
-226
2497
-18
163
686
-918
2131
597
-4
14
-234
384
1745
-493
-623
2642
-185
-1529
1630
-1233
524
3584
-1147
-2384
2576
1745
-2480
-536
3561
243
-757
2521
-1649
123
4082
-3216
-1632
4363
617
-1728
-1024
786
-1101
121
806
-1483
690
1161
-1489
-2359
1225
1171
-2275
-2080
2192
1277
-6921
-211
6498
-2647
-5343
2281
3318
-3790
-2240
-146
1897
1562
-1115
-2806
-109
2188
-1287
-1423
-1486
2086
3147
-3554
-3969
3999
1126
-2032
-2120
989
816
-1088
-266
-1706
-1276
1186
3177
-3319
-2731
4342
-654
-1973
1898
92
-850
590
3323
-1598
-3691
5166
1078
-4238
1220
5625
-2315
-1733
3836
711
-1075
-359
1311
1489
455
-191
1978
-692
-1696
2034
284
-279
1907
-391
-2421
3453
-527
-2772
3355
2026
-2878
260
1143
152
1218
-492
-366
-155
916
1630
-603
-2714
3311
1231
-3661
-1120
1818
1274
-734
-66
-1591
-1374
1428
-2190
-725
1555
-1245
-1425
488
-244
-2708
-760
1743
-228
-845
-1651
-2350
1988
2183
-2866
-1317
-830
2608
127
-4070
-1428
3775
1409
-3472
-993
1793
1830
-2983
-868
721
2107
-2140
-737
1627
-546
1615
-1470
-3312
1606
4693
-2451
-3126
1965
4398
-2173
-4973
3171
4684
-1639
-3568
2210
3445
-1396
-2938
2575
4676
-5161
-211
5572
-1457
-2120
1749
595
-652
1729
-407
577
-770
1218
1703
-2130
-501
2534
1455
-1550
-1337
2286
208
-1819
4112
-349
-3940
2215
2095
-2707
241
2542
-1865
-286
855
-181
-442
-190
-520
1080
-975
-1041
1806
-734
-238
892
-1511
-2026
1921
1336
-2432
-1377
2595
845
-2908
-1894
-284
2073
1497
-3401
-1542
3150
-379
-3394
-462
1191
-416
15
74
-891
-1077
12
-1310
1246
-888
-691
1106
-539
-868
-1175
1817
-678
-1609
-1690
4153
942
-3803
168
1684
1432
-1926
-1740
2362
4062
-3235
-2812
1968
3222
-374
-2787
726
2413
2265
-1293
-1908
-291
3384
2186
-3968
1031
968
-187
1469
-595
-1478
2073
3161
-2875
-1106
589
1751
387
52
-828
513
1146
-706
-372
-186
3629
-1407
-2559
948
1302
1176
-431
-808
547
50
-1218
1064
1027
-1538
969
-392
-937
856
-494
110
-1158
776
406
-1336
-266
984
392
-2972
-297
-710
3489
-1226
-2536
-548
1085
838
-2768
-289
426
2139
-1730
-957
-981
642
-12
-1107
-1232
1127
1062
-473
-1644
-507
335
-419
1442
-818
-1537
538
1630
-119
-2962
-328
2710
-1332
-259
1365
-146
18
-805
-315
1802
78
-212
-275
3125
-2861
-1601
4126
-1555
-979
3392
443
-2355
2040
-809
240
2702
-1624
-355
3130
-1220
-961
2974
-1560
-1214
1811
2304
-1458
-2617
2540
2925
-1702
-1463
539
-1892
3731
1617
-5180
-533
5127
-530
-3175
-1468
2589
604
-998
367
-1175
-121
1279
979
-1771
-768
388
2800
-1616
-2959
1810
3063
-802
-4497
1252
2537
-379
-1594
-2149
2147
1372
-1539
-3960
3096
923
-3902
2532
-1463
-1434
1031
-1582
702
1030
-1793
-1106
-1281
560
3392
-2311
-4149
3465
2177
-2879
-1082
-2125
3736
3280
-3154
-3276
1140
4286
-1554
-3232
1390
2606
-568
203
-1564
-76
1649
1405
-2488
128
1846
923
-204
-921
-98
-1591
5118
368
-4352
1949
3298
-1757
-1443
1291
-430
1867
2242
-2279
-379
-632
1897
2035
-2797
-1575
4294
2052
-5660
2022
-122
-548
1857
-335
-858
234
523
-203
-8
-1044
620
233
-710
1879
1183
-3604
-1072
2416
428
-690
-821
984
347
620
-1267
-2084
-340
3485
2087
-4255
-2243
2357
2561
-3359
-1785
926
2357
-1165
-1970
-929
-72
2364
-1713
-1813
-674
1735
-1010
-202
936
-2222
-1896
2519
1193
-1889
-244
-583
1522
585
-2420
-1239
1961
3736
-2013
-3256
1055
2428
-355
-1475
-14
1750
1014
-1739
-316
740
-62
950
605
-2061
405
2672
-270
-1031
367
-1137
3075
2017
-3275
-1098
3224
929
-1034
592
-474
922
2331
-1671
-2309
2523
472
-235
-76
-626
-1396
1838
531
-1447
-307
175
1780
-1147
-1025
910
-292
-904
548
692
-972
141
1660
-1531
-1878
2936
953
-4044
1152
2778
-1895
81
989
-2134
74
1467
1088
-3517
-1305
4266
-325
-3223
-370
2070
-889
-617
-172
-602
518
-1096
813
763
-2874
-381
725
1230
718
-3207
-955
3941
111
-3983
-332
2675
1928
-2600
-1879
1755
1954
297
-2751
-908
4133
338
-4030
1028
2187
-409
280
-351
-1164
830
2593
-1406
-877
1825
-854
707
752
-1516
733
1188
884
-874
-1237
469
2031
108
-1734
512
723
-634
-846
654
1693
-2276
-1059
2952
-961
-1868
1198
425
-829
1051
-2203
481
2036
-1198
-1062
1359
625
-476
-782
-744
3320
-40
-2074
372
917
-581
-299
1654
-471
-1411
1356
857
-2436
-633
2044
174
-1860
-511
1555
-313
-2253
1033
2082
-2457
-2103
1883
1283
-557
-1855
-895
665
2191
402
-3755
-10
2803
-1268
-723
1423
-439
-1422
1464
269
-1898
1436
284
-1748
611
2715
-1674
-1607
1536
-573
-1070
1796
137
-1252
1127
227
-1660
-93
1027
664
161
431
-1804
111
3282
-2154
-2794
4489
1233
-4610
3008
2701
-4362
436
2492
-270
-626
590
1013
-335
-1419
-723
2298
905
-782
-1478
66
3037
-1390
-3398
1021
4428
-1407
-3462
2133
505
-1305
2219
-875
-3495
1722
5066
-1446
-4625
-809
3888
2328
-3879
-1687
1945
2213
-1478
-2430
574
1232
-984
653
531
-3166
1231
2463
-3259
-1205
1920
328
517
-1398
-2345
78
3381
258
-4056
-226
3084
-819
-1489
483
-125
131
-491
870
-120
201
-810
-118
2011
-687
-1941
1468
1652
-395
-426
-678
-28
1529
2109
-3053
-1715
4053
1944
-3974
-1548
3058
314
114
1082
-2894
-923
4690
-25
-4576
-494
4443
1070
-3351
-1284
1861
752
-640
1152
-560
-1982
478
1903
390
-707
-1097
-1000
1744
2272
-371
-3197
48
2747
1663
-3849
-2515
5215
1758
-3275
-1757
1639
1830
-1647
-1071
2502
-1178
-1279
2148
-412
-2667
133
3730
-95
-4416
919
2788
-764
-3013
-1401
5160
47
-4934
327
3300
-1856
-1954
3046
-1598
-3499
3466
4383
-4787
-3929
3907
982
-2874
2083
1115
-1735
-532
1068
880
-2270
-1532
3922
827
-1856
-48
-659
84
1904
142
-3078
1345
2857
-1258
-573
-105
-769
1427
2937
-3744
-2326
5319
1977
-4211
-2040
3372
691
-1072
961
-317
-2106
2906
448
-2660
636
873
626
-156
-2154
337
2505
-1723
-912
2269
-555
-2049
1014
2213
-1824
-2357
2131
1411
-918
-65
402
-1021
-908
2169
1051
-3135
-808
3295
1424
-2731
-2481
1550
1647
-486
-502
-159
-1454
998
1594
-2414
-1644
1958
1695
-1567
-930
-111
676
-292
-977
1175
879
-2138
912
1553
-1911
-1869
1852
2820
-2452
-2109
1987
2462
-2886
-273
1052
-1484
798
2069
-267
-2184
-27
1389
1514
-2213
-3296
5134
3212
-5398
-1481
3505
694
-2039
640
780
-402
-649
2014
1097
-4585
-451
6261
838
-8007
804
8276
-3320
-5775
6002
1082
-7121
3149
6653
-5007
-4841
5171
2609
-4125
-2464
4498
2711
-5361
-1744
4784
1569
-4546
116
2908
-1645
-1411
2236
1580
-2680
-1116
2414
692
-2892
-646
3317
759
-3935
-878
5255
-68
-6322
335
6032
-521
-6260
1923
5415
-4448
-3401
5125
1348
-5663
-599
6969
-1230
-7745
3180
5968
-4783
-2473
3614
-419
-640
-262
-1033
2841
-819
-4811
3640
4534
-4532
-3747
4728
2876
-6336
-72
6060
-1811
-4088
2115
2227
-826
-1057
-907
2168
386
-2786
2133
1602
-1804
-804
1172
1533
-2757
666
2338
-1101
12
-867
593
1998
-1133
-2331
1767
2456
-2511
-1004
3656
-878
-4237
3263
3596
-5237
-1954
5874
104
-4413
591
3612
-1320
-4066
2713
3904
-4237
-3098
5928
477
-5050
972
3514
-2185
-2447
2837
1315
-3514
1067
2721
-3563
-878
3991
-697
-3616
2186
1668
-3216
827
4312
-4173
-4144
5760
2536
-5474
-398
4882
-2246
-3977
3739
2385
-4276
-497
2984
1368
-3563
-1749
4267
-94
-4325
1780
4261
-3252
-2864
2734
1984
-2508
-1483
1651
118
484
20
-584
488
-2305
-230
3948
-559
-2745
535
701
1193
-360
-2834
720
4405
-2963
-2898
4735
-178
-2156
-695
1385
1338
-1656
790
1293
-2497
111
1879
654
-1494
-1470
3073
612
-2997
1192
1180
-1967
824
1416
-949
-334
1212
-561
-1396
475
2452
-1934
-1475
2871
-132
-1247
107
-327
-125
1356
-1151
-742
2068
1049
-3561
-1276
3481
1236
-2827
-1162
2607
-274
-1860
1127
1146
-2939
-729
4604
-151
-5442
1914
4032
-4210
-1248
4659
-1433
-4378
4195
3278
-6529
-983
6396
-657
-6552
3892
4079
-4290
-1363
3139
293
-4069
1862
4543
-3846
-3548
5117
1046
-4666
565
3120
-1115
-2412
2272
1209
-2956
885
1133
-916
-1362
1887
2058
-3530
-842
3425
1094
-3961
250
3416
-2196
-756
2970
-1238
-2104
1785
531
-896
-340
820
960
-1616
-706
1969
36
-2976
490
3384
-2026
-162
789
-1750
1182
131
132
577
-1485
-134
1706
462
-1219
-234
1298
-883
-356
1617
-369
-313
-312
303
799
-1866
761
3223
-2597
-2853
3610
1219
-3116
-40
2365
-979
-1839
2229
1480
-2535
-2015
1950
2390
-2552
-1650
2784
640
-2861
-823
2656
407
-3625
197
3556
-1560
-3009
2112
1850
-2425
-1808
1072
1811
-686
-2178
2046
1214
-3305
-143
2634
-520
-2078
707
1483
-51
-1297
-365
1551
-153
-1192
152
1519
165
-2798
1060
3093
-2189
-2352
2582
2301
-2578
-1294
2672
730
-2034
347
1574
145
-1352
490
3037
-1440
-2716
1801
2831
-1040
-2545
1373
2650
-1010
-2990
2248
2099
-3107
-290
2370
425
-1882
-1105
2374
994
-2683
-625
2480
225
-2149
-451
1438
50
-1777
67
2035
131
-1850
-110
1353
38
-2539
-401
2338
-53
-1751
-305
1051
-174
-150
1242
542
-1962
-405
1999
964
-2078
-1014
1636
-49
-785
822
9
-1944
9
1094
-325
-1691
-705
990
58
-997
-990
-475
5
-429
142
229
-1141
-444
791
774
-686
-791
966
585
-136
360
341
-20
667
177
407
763
65
155
67
973
883
-742
606
1150
-499
366
1012
-271
-100
21
397
1036
-306
-53
262
-258
586
566
-722
-487
113
134
645
-67
-1184
-32
989
-473
-698
-50
-103
-176
-584
-57
524
-403
-769
-88
-418
-45
445
-289
-1021
-629
832
759
-565
-1238
-511
623
639
-577
-906
-103
-26
439
62
-649
24
-224
101
157
-195
262
-318
-267
589
-380
78
770
-753
-63
302
11
676
105
-459
-78
298
703
391
-357
-232
266
496
116
113
214
-181
-72
482
452
-2
-102
-360
26
667
-26
-299
332
-182
-397
365
320
-82
-238
-341
10
588
345
-690
-617
354
161
-24
265
-101
-634
-62
28
4
345
-516
-439
528
114
-782
-178
913
-152
-1177
594
814
-777
-64
407
-495
114
367
26
217
-81
-194
141
-93
388
583
-523
-28
308
-38
-19
230
105
-339
-140
342
338
-54
-474
-185
342
-299
-391
562
-10
-437
249
127
-530
-623
20
813
31
-1048
133
753
-482
-745
318
244
-190
-167
149
266
-322
-379
503
-18
-775
295
937
-41
-857
-94
876
145
-1204
-68
1392
371
-772
4
271
-284
-75
195
521
233
-404
34
485
-98
-412
147
207
84
170
-139
73
434
-179
-582
-41
393
122
-174
-133
213
194
-317
-204
-59
-270
205
484
-263
-160
65
-120
33
25
-140
14
60
13
409
23
-535
36
422
-126
-347
113
404
358
-253
-500
190
302
-116
-205
48
140
249
150
-409
-324
79
182
0
-182
117
136
-251
-156
79
-252
-294
314
166
-507
-81
424
-229
-620
-68
398
-36
-323
28
81
-145
-232
-3
-48
-35
314
151
-287
-177
136
134
-71
-56
350
355
-54
-183
-19
318
127
-130
258
480
76
-216
126
251
21
-73
195
347
71
-170
145
138
-203
-72
195
89
23
211
-128
-358
-88
73
75
109
-126
-155
51
-7
-113
-215
-184
46
214
41
-202
-223
3
144
-165
-312
77
235
-103
-206
-43
43
-78
-96
2
-82
-20
81
12
-223
-266
105
200
7
-150
-73
155
6
-104
-102
-97
172
288
32
-226
-83
197
118
-84
-143
112
257
56
-26
-27
-29
28
80
-16
-114
47
169
134
1
-109
-107
-25
53
83
-35
-75
117
193
16
-116
-114
-99
22
168
26
-40
22
102
48
-145
-41
20
1
-23
61
118
38
-41
14
72
-34
-59
65
117
-13
-45
131
180
3
-105
-32
14
68
34
-19
42
-16
0
92
53
-126
-92
-5
-80
-36
47
12
-64
-13
-14
-41
-122
-124
-94
-113
-18
45
14
-135
-111
-1
-83
-192
-132
-20
-24
-79
-54
77
26
-94
-109
-114
3
-5
-64
45
80
23
43
85
-3
-123
-64
114
122
31
54
197
47
-81
62
67
-54
26
198
113
-13
53
127
0
-62
93
148
-59
-15
170
66
-12
39
47
-9
26
112
40
-16
47
45
-28
19
63
19
61
26
-55
-44
35
27
-62
-10
29
32
-2
-24
-18
-96
-84
-27
-24
-23
38
-1
-111
-60
-12
-63
-127
-39
99
-24
-155
-13
59
-56
-79
-56
-14
21
-11
-29
-7
-44
-22
52
-10
-69
-13
64
7
-82
-9
91
8
-94
13
96
-77
-95
81
65
-45
-33
73
46
-92
17
100
-46
-35
51
19
-10
36
39
11
2
-35
36
33
-57
29
82
-14
-73
-9
42
42
-27
-39
17
14
50
10
-65
7
45
20
15
-9
40
24
-41
-30
7
74
61
-12
-31
41
31
-46
1
29
-2
-1
39
20
-9
7
-2
1
-23
-25
25
-16
-22
29
-7
-46
-2
50
-12
-82
-27
20
-27
-22
33
23
-21
-6
-23
-59
-16
-4
-27
2
10
12
0
-46
-14
1
-39
-16
-8
-12
24
25
5
-12
2
36
6
-36
-7
36
22
-21
0
80
82
-38
-50
67
45
-51
22
69
-26
-22
61
54
-39
-67
24
44
-20
-10
-15
-25
26
16
-17
-20
-27
9
34
-29
-41
1
5
-3
-5
15
53
2
-40
37
37
-31
1
34
12
11
15
16
8
-5
-8
-11
-10
-1
-26
-15
9
-25
-29
-12
-11
-44
-63
10
31
-54
-55
-3
4
-11
-27
-10
3
0
7
-12
-8
24
15
-29
-30
48
65
-38
-49
37
23
-21
7
15
-24
-20
29
40
-20
-50
-3
52
60
-18
-46
33
29
-9
43
32
-27
-3
51
48
-9
3
52
7
-2
46
34
1
-3
35
36
-22
4
43
-11
-26
14
15
-13
-17
5
-5
-33
-15
19
-3
-35
-25
-4
2
-5
-28
-34
-6
-8
-24
-4
3
-40
-37
6
-4
-28
-23
2
-7
-31
-10
7
-25
-39
-2
7
-27
-25
2
0
-2
-5
-3
12
1
-1
15
3
2
36
23
-16
13
59
8
-24
32
35
-5
18
20
-19
18
38
-8
-14
27
20
-15
10
25
-15
-2
26
-3
-21
8
14
-18
-15
21
-1
-39
1
31
-28
-41
34
21
-46
-23
36
12
-46
-13
33
-13
-37
16
20
-28
-26
18
14
-23
-19
20
27
-18
-19
26
26
-26
-21
41
27
-44
-14
66
18
-65
-2
78
-1
-56
27
59
-18
-30
31
28
-23
-15
32
16
-27
-9
21
4
-23
-12
18
1
-29
-6
13
-13
-22
11
11
-20
-16
17
3
-35
-7
15
-15
-21
3
2
-18
-13
-1
-7
-10
1
-2
-11
2
1
-18
-8
9
-9
-18
8
9
-11
-2
18
5
-11
9
23
1
-5
20
23
-1
4
33
19
-2
17
33
14
0
14
27
14
6
20
24
9
3
14
14
0
4
13
4
-4
-3
3
1
-5
-3
-3
-5
-11
-8
-2
-6
-16
-12
-7
-11
-20
-14
-6
-19
-25
-6
-5
-21
-21
-4
-4
-23
-12
-2
-16
-21
-7
-2
-15
-14
1
-3
-14
-4
12
2
-8
1
5
-7
-6
4
2
-2
0
7
4
-2
3
6
1
2
4
6
3
5
6
0
4
3
-2
0
6
2
-1
2
4
-2
-1
6
7
-8
0
13
2
-3
7
15
3
-1
11
11
-3
-1
15
7
1
10
15
3
0
10
13
5
4
13
9
3
6
9
3
6
11
10
2
2
4
-2
0
3
-1
-4
1
-2
-8
-7
-5
-6
-11
-5
0
-8
-8
-1
-5
-13
-9
-8
-11
-17
-9
-7
-13
-11
-8
-8
-8
-9
-8
-7
-5
-6
-4
-3
-6
-3
-4
-2
0
-3
-4
0
2
-2
-2
1
7
2
-1
5
6
5
5
4
4
3
1
7
4
0
-1
6
4
-3
-2
7
4
0
6
5
1
2
3
1
4
3
6
3
1
1
-1
3
4
3
4
6
5
3
6
7
2
-1
4
6
-1
0
1
2
2
0
-4
-2
-4
-3
1
5
0
-2
3
2
-5
-4
3
-4
-6
-4
5
-1
-5
2
0
-7
-2
2
2
0
-1
5
-3
-8
0
-1
-7
-6
-2
-3
-5
-5
1
-4
-7
-4
-1
-2
-7
-5
-2
-5
-5
-1
4
1
0
2
2
-2
-5
0
3
5
2
-2
4
-2
-2
-1
-2
1
3
3
0
2
0
0
2
3
0
3
3
2
0
-2
-3
-4
0
5
3
5
6
0
-3
-3
-2
2
1
1
5
6
0
2
2
4
5
1
6
7
3
2
1
0
-3
2
5
3
1
2
2
-2
-3
0
2
1
5
7
1
1
0
2
3
3
5
-2
-5
-4
-1
-6
-8
-7
-9
-9
-5
-1
-7
-4
-5
-4
-2
-5
-4
-4
-6
-6
-4
-6
0
-3
-4
2
-4
-2
2
3
2
0
-1
-1
2
4
6
4
4
6
4
3
4
-1
0
0
-5
2
2
-1
4
6
4
6
6
6
5
3
8
11
5
2
5
4
0
1
-1
-2
-4
-4
-5
-3
-2
0
2
-2
-4
-5
-2
-1
-3
-2
-1
-7
-3
-2
-3
-1
0
3
3
-2
-4
-2
-1
-3
-1
-2
-3
-2
0
-2
-3
-2
0
1
3
4
2
3
0
4
0
-1
2
0
1
-3
2
-2
-4
-4
-4
-1
-5
-1
-5
-3
0
2
0
2
4
4
4
3
6
1
2
1
1
-2
-2
2
2
2
-2
4
1
-2
3
4
2
1
6
3
3
2
5
2
-3
3
5
-3
-4
4
-2
-6
-5
-2
-3
-4
-2
1
1
1
5
4
-1
0
2
2
-3
0
3
2
-4
-4
-1
-4
-2
-2
-3
-4
-4
-4
-8
-10
-5
2
3
-1
2
0
2
4
2
5
1
1
2
4
-1
1
5
3
-1
-1
0
2
-2
-2
-1
-2
1
2
5
0
-3
0
0
0
-1
1
-2
-4
2
4
0
-6
1
0
-4
-3
-2
-5
-6
-1
2
-1
1
5
5
4
-2
0
3
1
2
2
4
3
1
5
4
1
4
4
1
-4
3
1
-3
-1
-1
-1
-5
-7
-4
-3
-3
-1
1
-3
-2
3
3
4
6
4
0
-2
4
0
-2
-2
-3
-2
-2
1
2
4
5
3
-1
2
0
-3
-1
-1
-3
-7
-5
-2
-3
-1
1
-1
-1
-4
-1
1
1
4
3
0
-1
-3
0
1
-1
-3
-3
1
-1
-1
0
1
-3
-2
0
0
-1
-1
3
3
4
6
5
7
0
3
3
4
2
1
3
-3
2
2
-2
-1
-1
1
-2
-3
-2
-1
0
0
0
-5
-3
-1
-2
2
0
0
1
2
4
2
0
6
5
5
2
-3
-2
-2
-1
-1
-3
2
-2
-1
0
-2
0
-1
0
-4
-4
0
1
1
0
2
0
-2
-3
-4
-1
-1
0
-1
-1
-4
-1
-2
-6
-6
1
-2
-5
0
4
1
0
0
3
6
1
2
-1
0
-2
1
2
1
3
1
2
0
1
0
3
-3
-1
0
3
0
5
7
4
0
2
6
0
0
-1
1
-2
1
1
1
-1
-4
-2
-2
0
-1
-1
-1
0
2
1
2
-2
0
-2
-3
-2
1
-1
-1
-5
-4
-5
-4
0
-2
-1
-1
1
5
6
2
2
2
3
3
4
4
2
1
4
1
2
4
3
4
2
0
-1
-2
-2
-4
-4
-5
-5
-6
-5
-5
-3
-1
-6
-5
2
-1
-1
-2
2
-1
-3
5
0
2
-1
-1
0
2
0
1
4
1
1
3
0
-2
-3
-2
0
-2
1
2
-2
-2
0
-3
1
2
1
-1
-2
1
2
-1
1
-2
0
2
3
2
-2
1
1
2
1
0
3
0
1
0
-1
1
1
3
5
4
4
2
-2
4
3
0
2
5
2
-1
1
1
3
-3
1
1
-1
-1
-3
-1
-1
-2
0
-1
-1
0
2
1
-1
-1
1
2
0
-3
-4
-3
-3
-3
-2
-4
-4
