SAMPLES:	6514
BITSPERSAMPLE:	16
CHANNELS:	1
SAMPLERATE:	16000
NORMALIZED:	FALSE
-3
0
-2
-4
-1
0
1
1
2
-1
0
-2
-1
-1
-2
0
-1
-2
-3
-3
1
1
0
-1
2
-1
1
1
0
2
-1
1
-2
-2
-2
-2
1
1
0
-1
-2
2
1
0
-2
-1
0
2
4
3
3
2
3
2
-1
-1
0
-4
-2
-2
-2
1
-2
1
-1
-1
-2
0
2
-1
0
1
0
1
1
2
3
2
2
2
1
3
0
0
1
1
1
0
-2
0
4
-2
-2
-6
-3
-4
-4
-3
-1
-1
-2
-3
-5
-3
-1
-2
-1
4
5
4
4
5
5
5
-1
-5
-4
-2
-3
-4
-2
-4
-4
-2
-4
-1
1
-2
0
0
1
1
-1
0
2
7
4
5
4
0
2
2
1
1
4
1
0
2
4
2
2
1
2
0
0
1
-3
-4
-3
-2
-4
-4
-6
-1
0
-1
0
2
-2
-1
-2
-3
2
2
3
2
1
-1
-3
-3
-1
-2
-1
0
0
-1
-3
-2
0
3
1
-2
-1
3
4
1
2
1
2
5
1
0
1
0
0
3
7
4
-1
2
5
1
-3
-4
-1
-3
-4
-5
-6
-2
0
-3
-7
-3
0
3
1
-1
-6
-6
-5
-3
0
1
4
-1
-1
-1
-1
-2
0
1
1
0
0
0
0
1
4
1
-1
7
3
3
1
-2
0
-3
-1
3
1
-2
1
2
1
3
6
3
-1
1
0
4
4
5
2
-1
-2
-2
-1
-1
-1
-2
-2
-4
-3
-2
-4
-2
-2
1
0
3
2
-1
1
-2
1
0
-2
0
1
2
-3
-3
2
-2
1
-1
2
4
-2
-3
-2
1
2
1
2
2
0
2
0
-3
0
1
0
1
0
3
0
0
4
3
1
1
0
1
1
-1
-3
-3
0
-1
-2
-1
-2
-7
-6
0
3
1
-1
2
7
3
5
0
-1
1
0
-1
3
4
1
-2
0
6
1
-1
-1
-1
-2
-4
0
1
-1
2
1
-2
-1
0
-2
-5
2
2
-3
-2
1
-4
-4
0
-3
-1
-4
-2
1
-1
-2
2
-3
-4
-2
-1
0
-2
-5
0
1
2
1
4
3
0
3
2
2
2
7
5
1
5
5
3
3
5
6
4
3
4
2
3
3
1
-1
1
-1
-2
-4
1
1
-1
1
3
2
-4
-4
-4
-4
-5
-2
-5
-4
-1
-2
-4
-9
-4
1
-1
-3
-3
-5
-4
-2
0
-4
-2
-2
-1
-2
-3
0
-1
-1
-3
-1
-1
-5
-4
0
-4
-7
0
-1
-4
1
4
8
5
1
1
-1
0
3
6
2
2
0
2
3
5
3
2
0
1
5
8
8
7
4
8
8
4
5
4
3
0
2
1
-2
-4
-4
-3
0
-2
1
2
-2
0
3
2
1
1
4
-2
-1
-1
-3
-2
0
3
1
2
0
2
2
2
2
3
-1
0
2
4
-2
-4
0
-7
-5
-3
0
-2
-6
-7
-8
-10
-9
-9
-18
-19
-15
-17
-18
-24
-20
-11
-12
-12
-16
-18
-15
-6
-4
-7
-12
-14
-16
-14
-6
-9
-21
-25
-19
-14
-13
-8
-4
-11
-12
-2
6
7
15
24
26
30
34
39
48
56
55
52
50
60
69
75
78
80
86
84
106
131
140
147
161
174
196
216
236
248
243
253
284
291
296
293
281
281
285
272
257
235
201
172
146
113
74
27
-29
-83
-140
-193
-249
-304
-362
-436
-481
-512
-547
-584
-618
-640
-643
-632
-630
-636
-640
-630
-609
-576
-534
-504
-485
-476
-447
-395
-348
-319
-305
-292
-267
-226
-190
-165
-162
-150
-122
-85
-40
1
2
-25
-22
61
160
185
152
123
117
124
186
289
318
243
200
266
332
307
251
227
174
78
18
-1
-88
-201
-165
14
155
192
222
234
350
934
2082
2999
2762
1894
1751
2618
3527
3760
3577
3333
2710
1794
1292
1518
1620
884
-136
-703
-1007
-1648
-2467
-2887
-2929
-3064
-3376
-3593
-3715
-3984
-4230
-3968
-3245
-2661
-2539
-2568
-2362
-1923
-1372
-717
-40
414
556
616
848
1225
1569
1758
1777
1677
1543
1393
1142
817
610
564
420
-2
-465
-715
-844
-975
-1017
-935
-909
-993
-986
-789
-539
-319
-56
263
545
755
935
1145
1362
1492
1534
1636
1832
1841
1598
1414
1382
1236
951
817
760
504
178
2
-183
-465
-587
-504
-469
-518
-616
-827
-971
-779
-434
-316
-326
-272
-297
-333
-128
147
167
90
125
132
89
161
222
94
-50
-61
-76
-188
-262
-215
-117
-155
-410
-599
-467
-263
-264
-246
-143
-297
-543
-323
182
369
295
310
314
278
495
926
1240
1341
1237
955
829
1091
1329
1195
1005
972
762
350
167
161
-73
-471
-657
-684
-845
-1132
-1381
-1541
-1594
-1548
-1506
-1549
-1629
-1677
-1635
-1406
-1054
-877
-909
-807
-499
-340
-339
-84
333
362
117
206
496
450
287
430
558
351
172
217
177
38
12
-40
-192
-183
-81
-240
-439
-325
-196
-293
-288
-80
-46
-131
12
188
155
174
346
307
132
317
713
758
576
642
709
418
241
587
837
451
-82
-250
-286
-384
-443
-574
-908
-1364
-2015
-2415
-981
2481
4863
3529
676
319
2621
4903
6113
6764
6462
4721
2816
2533
3741
4597
3775
1899
524
-73
-980
-2517
-3590
-3700
-3716
-4253
-4983
-5763
-6728
-7415
-7122
-5967
-4723
-4071
-4249
-4781
-4647
-3346
-1541
-65
866
1323
1356
1317
1703
2572
3477
3875
3655
3193
2828
2349
1567
985
983
1033
457
-519
-1363
-2074
-2619
-2703
-2399
-2178
-2250
-2499
-2709
-2442
-1479
-466
-90
95
726
1404
1666
1968
2643
3159
3264
3447
3800
3745
3132
2529
2342
2426
2400
2015
1275
363
-413
-774
-733
-698
-1051
-1699
-2262
-2456
-2223
-1811
-1566
-1517
-1439
-1277
-1073
-707
-205
142
371
773
1151
1148
1010
1077
1164
1155
1258
1304
896
348
158
108
-91
-195
-264
-704
-1265
-1337
-1102
-1108
-1245
-1267
-1313
-1318
-1003
-616
-485
-342
-31
118
176
580
1096
1207
1165
1404
1666
1661
1643
1746
1768
1711
1695
1643
1530
1393
1084
620
375
391
226
-204
-524
-701
-988
-1287
-1358
-1321
-1428
-1673
-1871
-1857
-1665
-1568
-1678
-1757
-1619
-1469
-1447
-1382
-1236
-1144
-1113
-1042
-943
-879
-857
-868
-845
-728
-609
-575
-540
-465
-445
-437
-344
-265
-233
-125
27
53
21
62
144
268
398
443
458
523
455
385
766
1214
979
565
866
1244
968
773
982
750
249
573
1185
871
172
62
55
-470
-819
-684
-1317
-3139
-2539
3975
11393
9840
285
-3535
4015
11515
9995
6298
7692
8743
3864
-756
1941
7155
6091
-286
-3575
-1378
-335
-4502
-8911
-8084
-4769
-4664
-7455
-9218
-9225
-9386
-9621
-8224
-5248
-2919
-3200
-5473
-6611
-4128
221
2503
2066
1801
2938
3378
2306
2120
4255
6179
5105
2510
1837
2738
1766
-1084
-1880
344
1408
-1159
-4291
-4781
-3888
-4014
-4258
-2627
-473
-940
-3531
-4123
-1070
2489
3476
2797
2597
2988
3334
4162
5737
6705
5987
4523
3928
4300
4349
3253
1816
1325
1482
915
-507
-1679
-2345
-2979
-3148
-2555
-2320
-3180
-4127
-4215
-3666
-2740
-1736
-1392
-1743
-1790
-1141
-299
454
1019
1193
1189
1327
1395
1278
1239
1224
1078
1117
1311
1130
582
-85
-858
-1243
-821
-610
-1390
-2070
-2099
-2557
-3203
-2549
-1630
-2675
-4113
-1851
3857
7376
5004
436
220
4824
8799
9357
8889
8577
6580
3601
3332
5972
7203
4711
1101
-509
-583
-1460
-3612
-5386
-5809
-5770
-6276
-7190
-8191
-9247
-9877
-9312
-7545
-5609
-4647
-4996
-5780
-5401
-3126
-136
1778
2303
2454
2729
2852
3177
4390
5824
6022
4969
4007
3721
3336
2220
950
519
697
144
-1488
-2872
-3251
-3484
-3937
-3650
-2657
-2510
-3479
-3799
-2564
-1043
-309
140
804
1277
1455
1981
3005
3766
3846
3737
3871
3965
3660
3130
2779
2659
2376
1699
914
336
-233
-956
-1418
-1461
-1703
-2485
-3168
-3201
-2898
-2744
-2725
-2601
-2282
-1923
-1685
-1374
-809
-381
-292
-53
420
495
239
176
62
-388
-1060
-2084
-1324
5314
14184
13207
995
-5483
3605
14244
12615
6675
7640
9436
3602
-2708
496
7820
7182
-1121
-5783
-2654
-461
-5495
-11087
-9300
-4190
-4112
-8195
-10233
-9598
-9578
-9972
-8060
-4078
-1368
-2391
-5755
-7005
-3446
1898
4020
2889
2471
3750
3706
1720
1567
4878
7394
5225
1357
932
2565
1065
-2721
-2885
842
2081
-1478
-4885
-4808
-3781
-4067
-3779
-1406
383
-1229
-3862
-2962
820
2728
1951
2158
4293
5363
4086
2695
3209
4994
5973
5460
4789
4106
1963
-375
278
2732
2728
221
-1674
-2583
-3313
-2889
-1577
-1465
-2583
-3275
-3457
-3521
-2879
-1904
-1574
-1298
-736
-725
-1117
-784
-82
166
716
1544
1321
385
164
338
448
678
965
388
-810
-1486
-1702
-1505
-1337
-1874
-3202
-4899
-5465
109
11260
16068
5521
-7325
-3411
10810
15742
10817
9377
11131
6494
-1201
211
8791
11559
4204
-3529
-2861
677
-2187
-9010
-10287
-5640
-3648
-7169
-10320
-10807
-11293
-12274
-10998
-6719
-2785
-2750
-6492
-9624
-7465
-1108
3206
3249
2424
3243
3461
1640
1340
5042
8804
7606
3192
1664
3533
3022
-997
-2499
990
3608
1306
-2709
-4889
-5959
-5719
-3049
99
618
-1931
-5106
-5869
-2536
2141
3909
3417
3570
3023
836
1100
5105
7910
7148
5850
4814
2690
1744
3077
3719
2884
2494
1837
-724
-2843
-2646
-2036
-1968
-1601
-2142
-4115
-5143
-4677
-4317
-3839
-2116
-1064
-2436
-3616
-2879
-1677
-798
200
911
651
281
713
837
557
918
1395
838
-202
-567
-815
-1771
-2805
-3576
-5142
-1436
11114
20767
11848
-7936
-11343
5967
20436
17773
10264
8445
6076
-1521
-3399
6443
15089
9865
-3244
-7464
-2033
-465
-7049
-11179
-6959
-2116
-4757
-10559
-13137
-12980
-12412
-11044
-6755
-1953
-1345
-6383
-11830
-10673
-2306
5171
5850
2851
1751
2437
1243
426
4111
9937
10220
4142
-230
1461
3292
43
-2880
149
4348
1389
-5884
-8666
-4163
-320
-2953
-6279
-3553
977
-1896
-6640
-3153
3554
2387
-443
4431
9469
4677
-1681
1835
8332
9254
7032
6298
4742
1751
647
2678
4993
4901
1541
-2542
-2988
-1417
-1572
-2692
-1915
-1709
-4065
-5430
-3788
-3177
-4390
-3686
-1358
-1032
-2803
-3070
-1911
-1124
-420
728
1284
906
-225
-583
338
1414
1304
-322
-958
-171
-341
-2257
-3577
-3372
-3733
-6421
-1504
16203
27159
10263
-17754
-16075
14455
31033
18258
5464
7879
7515
-3938
-5123
11608
21493
8721
-10000
-10928
436
1479
-9811
-14616
-6606
-201
-6037
-14412
-15625
-13615
-12765
-10978
-5626
-389
-1413
-8956
-15024
-10919
1862
9833
6499
655
875
3479
1760
262
6212
13725
11114
1109
-2716
2885
5365
-1075
-4773
1472
6640
-126
-10106
-10001
-3757
-2787
-3288
1415
3126
-5673
-12940
-5334
6042
6482
2380
3566
4405
1326
1534
7065
9370
6735
5811
6252
5205
3747
2772
1677
2341
4105
2856
-1036
-2742
-3096
-4735
-3668
249
-185
-5340
-7280
-5212
-4588
-4647
-2109
-511
-2571
-4209
-3093
-1645
-827
220
836
684
1118
976
71
7
831
945
584
867
3
-2387
-3991
-2659
-2322
-4242
-8056
-1116
20570
30396
6821
-22922
-13891
20819
32007
12995
3531
10565
7449
-7508
-4841
16972
23478
4839
-13322
-8580
4238
1179
-12271
-13524
-2598
1101
-8687
-16145
-13907
-11805
-12863
-11191
-4252
558
-3131
-12485
-16700
-8744
5260
9935
3129
-1807
1000
3413
27
-91
8899
15351
8271
-2788
-2247
6432
6075
-3328
-4350
5191
7870
-3406
-12101
-7178
-504
-2624
-4599
744
2835
-5831
-12493
-4838
5950
6432
2040
2326
3621
793
-121
4979
9500
8493
5626
3868
3417
3012
2746
3393
4605
4683
1863
-1236
-1934
-2229
-2851
-1060
1010
-1057
-5578
-6624
-4508
-3766
-3771
-2286
-1310
-2791
-4603
-4312
-2106
-340
-188
-390
124
503
-437
-1508
-301
1287
1067
-256
-693
-1620
-2803
-3318
-2924
-3620
-1324
13542
25831
14140
-14181
-17732
11540
31912
20293
5078
8071
9068
-3294
-7367
11239
23866
10361
-10432
-11388
1488
2040
-10443
-14384
-4170
1326
-7274
-16607
-14897
-11470
-12825
-12400
-5603
413
-2424
-11171
-15802
-10341
1539
9001
5986
680
502
2265
559
117
7550
15292
11269
-185
-3677
2984
5998
-593
-3955
2853
7019
-1750
-12317
-10428
-2518
-2353
-6788
-4037
2767
430
-9461
-10932
-456
7901
6149
3344
4817
3812
-620
1000
9247
13109
8977
4515
3677
2996
2499
4057
5841
4875
1731
-698
-1595
-2182
-3225
-3203
-1324
-505
-3598
-7066
-6709
-4711
-4278
-3764
-1736
-1325
-3964
-5463
-3307
-359
736
756
792
113
-501
-382
1012
1755
1001
-323
-596
-769
-1825
-3211
-3516
-3211
-349
13558
24738
13225
-14344
-17810
11465
32294
20564
4296
6377
7849
-2655
-6009
11839
23501
9944
-10258
-11313
1306
2470
-9121
-13262
-4428
320
-7257
-16050
-15327
-12528
-12847
-11318
-5238
-675
-3911
-12237
-16089
-9688
2285
8884
4829
-510
-187
2138
1355
1547
8213
14235
9944
149
-1952
3873
5631
-362
-2465
3784
6045
-2523
-11427
-9404
-3008
-2963
-5728
-3118
1101
-2188
-9510
-8657
803
6435
4685
3331
4411
2166
-1295
2904
10967
11810
6504
3949
4387
3316
2616
4956
6573
4047
614
-783
-731
-1143
-2455
-2772
-1406
-1282
-4335
-7145
-6236
-4383
-4566
-3901
-1659
-1771
-4812
-5432
-2302
319
478
106
515
555
-272
-451
751
1616
454
-859
-1004
-580
-2331
-3964
-3681
1693
16130
24076
10283
-14521
-13468
14296
29771
17073
5226
8678
6823
-4753
-4709
14023
21657
6372
-10105
-7938
2245
-246
-10981
-11570
-2024
89
-9147
-16513
-14233
-11970
-13240
-11213
-4389
-891
-5691
-13546
-15257
-7756
2856
7178
2969
-707
444
1582
-18
1746
9863
14669
8370
-955
-992
4984
5061
-762
-665
5772
5159
-5028
-11213
-6304
-1196
-3048
-4819
-1662
-1273
-6940
-9545
-3756
2911
3283
1292
1600
2296
849
877
4692
8718
8630
6025
4652
4382
3783
3784
5726
6597
4284
1069
30
-61
-904
-1124
-166
-524
-3358
-5650
-5309
-4179
-4367
-4580
-3395
-2564
-3973
-5399
-4041
-1457
-334
-786
-686
140
-142
-870
-383
1044
908
-392
-1221
-810
-1270
-2413
-1847
207
10780
22144
17607
-5304
-15807
5176
28259
23386
6845
6238
8729
-102
-6689
6945
20611
11440
-7385
-11567
-1148
1701
-7810
-13256
-5954
-394
-6647
-15580
-15142
-11453
-12524
-12729
-7034
-1375
-3749
-11119
-14709
-9297
475
6577
4375
211
526
1994
1043
1180
7574
13766
10464
1371
-1191
3765
5598
799
-1185
4249
5871
-2578
-10227
-7242
-1350
-2934
-6130
-2797
-205
-5762
-11128
-6334
1656
2242
-882
609
4393
3333
260
1546
6760
8993
7284
6227
6474
4744
1861
3375
7264
7414
3031
-310
-1038
-1415
-1354
-131
297
-1924
-4992
-6333
-5314
-4036
-3918
-4101
-3489
-3516
-4756
-5072
-2959
-925
-806
-606
586
464
-802
-724
894
1293
405
-456
-273
-381
-982
-1782
-490
12384
25076
17805
-7932
-15265
9184
29730
20861
5694
8020
9327
-1837
-7363
8738
21026
8824
-10279
-11859
-208
804
-10011
-13926
-5576
-1353
-8633
-16252
-14532
-11321
-12705
-12521
-6993
-2073
-4240
-11226
-14682
-8663
1897
7209
3185
-799
1438
3401
1005
788
8567
14802
9343
-611
-905
6059
6361
-661
-1954
5162
6126
-3900
-11006
-6716
-1273
-4221
-7585
-3868
-644
-5811
-10526
-4951
4457
6815
2982
856
738
1023
3421
8212
10445
7802
3638
1917
3350
5076
5802
5156
3899
1898
-4
115
812
-354
-1881
-1260
-823
-3224
-5925
-5782
-4789
-4925
-4691
-3519
-3543
-5164
-5971
-4428
-1746
-81
-140
-427
-116
260
4
230
1241
1490
371
-977
88
504
-535
-2770
6454
24017
25917
1717
-18604
-1466
27281
28536
9175
6254
11946
2945
-9325
1195
21768
17156
-5314
-15072
-4105
2364
-7111
-15288
-8805
-937
-6228
-16205
-17038
-12350
-12897
-14061
-9171
-2410
-3082
-10117
-15342
-11742
-1361
6600
5618
-49
27
3077
2197
-99
5070
14288
13376
2712
-2438
3484
7099
1393
-2660
3477
7859
-722
-10941
-8684
-1227
-1895
-6718
-3908
698
-4579
-12167
-8586
2005
4757
364
945
5329
3026
-1800
1988
10254
10784
5794
5128
6408
3151
1170
4808
7617
5371
1576
83
-923
-1722
-1437
-452
198
-1234
-5163
-7351
-5178
-3715
-5225
-5198
-2704
-3179
-6373
-5763
-1917
-898
-1755
-754
959
384
-678
-562
619
1269
1064
-192
-49
782
269
-2514
4605
23048
27871
5726
-17548
-4439
25095
30057
11468
5770
11843
4850
-8061
-1363
19271
18074
-3023
-14630
-5602
1984
-6413
-15423
-10704
-2332
-5606
-14923
-17364
-13423
-13379
-14757
-10446
-2982
-2009
-8891
-15505
-13043
-2233
6438
6026
201
-45
3389
2751
178
4563
13877
13712
3241
-2358
3655
8055
1920
-3378
2488
8437
827
-10474
-9754
-2056
-2165
-7841
-6059
16
-2601
-11407
-9623
4136
12629
6211
-2133
-1539
1668
2378
6005
12877
11036
1232
-3251
2003
6394
5830
4802
3262
429
-1377
265
1553
765
-761
-1722
-1886
-2305
-4501
-6849
-5895
-3681
-3890
-4898
-4109
-4436
-6630
-5920
-1553
910
301
-312
-257
-178
-33
598
1115
1313
1242
519
-101
38
-87
10179
26026
24855
-977
-16224
5607
30934
25308
6743
8342
12880
1161
-8554
5495
22015
11485
-9516
-13009
-652
1134
-11370
-16914
-7812
-1974
-9600
-17556
-15544
-12291
-15223
-15464
-8226
-1815
-4351
-11348
-14827
-9762
301
6636
4611
-357
489
3128
2295
1377
6874
13361
10030
751
-1287
5255
6660
-205
-2888
3845
6854
-1305
-8677
-6372
-2594
-4450
-5241
-992
-439
-6668
-9748
-4969
489
2145
4224
4949
543
-3513
341
6910
8481
7349
7129
5194
1591
1883
5261
7237
5885
2910
414
489
1379
-598
-2956
-1028
989
-2690
-6621
-5874
-4712
-6037
-5477
-2610
-2418
-5302
-6325
-4778
-2504
-477
98
-526
-550
6
-545
-629
1632
2666
698
-99
1564
1443
424
12591
28168
23031
-3943
-14024
9943
31721
23790
6701
8548
11030
-457
-7959
6823
20763
8375
-11845
-13565
-1239
-501
-12082
-16635
-8781
-4270
-10200
-16958
-16142
-13562
-14347
-13455
-8109
-2966
-4440
-10070
-13880
-9238
1285
7992
5031
-938
246
3783
2796
1293
7173
13832
9336
-750
-1749
5764
6581
-1057
-3238
3652
5644
-3132
-10016
-6670
-2446
-4900
-7189
-2719
152
-5096
-7941
1204
10939
5553
-3676
-901
6829
5568
3792
8975
8777
-483
-2496
6662
9459
3431
246
2009
1801
850
1925
2113
830
-1145
-3623
-3960
-1070
-2087
-7724
-8580
-3726
-3100
-6533
-6013
-4112
-5936
-6181
-1543
1159
-679
-1965
-952
-207
178
1406
1739
870
679
261
979
2421
11393
24358
25046
5055
-12203
1486
27029
29863
11111
5015
10366
5046
-5453
1225
17575
13716
-5812
-14389
-5426
171
-7815
-15542
-10751
-3777
-7440
-16197
-17498
-12940
-12574
-13450
-9342
-3100
-3652
-9565
-13179
-9552
-371
6436
6001
760
-277
2437
2572
1352
5014
11552
10139
1375
-2829
1968
5398
798
-3064
1227
4691
-1577
-9539
-7914
-2209
-2861
-6575
-4681
-701
-3594
-8910
-5859
8137
12813
2019
-5838
2169
9813
5247
5406
12773
9441
-3841
-941
10746
9165
354
719
3995
-123
-1272
2318
1871
-2084
-2664
-2728
-2641
-1586
-4043
-8815
-7382
-2255
-4134
-7631
-4758
-3068
-7750
-6852
537
2045
-2443
-3014
685
1325
399
1363
1963
1406
326
-111
680
3481
3439
9653
23368
24820
2704
-14565
4010
29727
27051
7888
6371
11024
1503
-7747
3268
19189
11637
-7980
-14327
-4662
-698
-9263
-14945
-8415
-2968
-8690
-16140
-15844
-12329
-13071
-11894
-6721
-2463
-4202
-9283
-12264
-9101
333
7506
6218
15
-741
2470
2413
807
4473
11340
9853
198
-4180
1703
5257
-303
-4332
1350
5233
-2081
-10300
-7967
-1962
-2763
-6257
-4025
-254
-2443
-4466
-163
8375
7647
465
-2160
3309
7500
6588
6674
6261
2658
-1397
2926
7385
5103
822
651
1571
140
788
2624
1664
-1979
-3206
-2144
-838
-2384
-5873
-7024
-4568
-2695
-4489
-5632
-4639
-4623
-5810
-2810
1032
6
-3138
-2854
346
762
-278
20
810
385
-800
224
2488
11991
23676
22430
3381
-10599
4334
27580
29291
12696
6911
10029
4459
-3676
3315
17362
12775
-5711
-13730
-5306
-580
-8874
-16345
-11341
-4558
-7832
-15817
-17668
-14512
-14114
-13356
-8516
-2668
-3379
-9576
-13468
-9358
578
7323
6469
1732
987
2874
2400
1837
6046
11651
9531
1018
-2721
1721
4155
-599
-4104
458
3679
-2683
-10537
-9031
-3409
-3840
-7014
-4485
-646
-3688
-9683
-4418
12287
14253
-1018
-8643
4629
13142
6926
6679
13134
6173
-6849
1379
14697
10471
-1162
-1501
1621
-9
1413
3354
170
-3165
-2695
-3575
-2886
-446
-3613
-9860
-7253
-1065
-3558
-7414
-4471
-3394
-7486
-4890
1713
1154
-3593
-3039
376
333
559
1846
1582
-246
-518
-631
620
2612
4692
15441
25779
18388
-6421
-11097
14823
32767
20986
6146
10098
9621
-2792
-5666
11278
19917
4842
-11714
-10575
-1394
-3996
-13903
-14475
-5435
-3983
-12188
-17546
-14898
-13422
-14806
-11158
-4113
-1497
-6322
-11533
-12256
-5709
3857
8216
4809
112
1111
2884
1861
2090
7573
11931
7043
-1674
-2435
3002
2648
-3205
-3149
3244
2805
-6311
-11194
-6937
-3185
-5208
-5650
-2140
-806
-5884
-4925
6596
11279
2312
-4010
4200
9062
4682
5166
10827
5515
-3455
2154
10519
6800
-423
782
2318
348
1228
3000
781
-1396
-2167
-3802
-2289
496
-3119
-9517
-6875
-1418
-3623
-6927
-4132
-2978
-6439
-4761
576
604
-3023
-2600
5
730
542
439
-698
-620
174
23
314
5078
18120
25483
15838
-5295
-8318
14755
32489
23628
7621
8383
9450
-225
-3933
10431
19474
5277
-11721
-11043
-1482
-3163
-13352
-15703
-7930
-4719
-11101
-17621
-16530
-14122
-14890
-12476
-5617
-1265
-5533
-12141
-13161
-5860
4243
8332
4937
1085
2624
3667
1513
2404
9019
12525
6398
-1263
-818
3535
1876
-3599
-3163
2656
1967
-6669
-11250
-7276
-3929
-6443
-6657
-2204
-910
-6823
-6430
6726
12850
2255
-6755
2505
11672
7480
4689
9737
7189
-2290
1065
10897
9559
1431
142
1996
1113
2156
3635
646
-2088
-1847
-2791
-3139
-1355
-3117
-8477
-7359
-2557
-3988
-7192
-4987
-3295
-6201
-5133
-43
535
-2681
-2284
169
304
367
1128
583
-475
274
71
182
1702
11433
24491
23946
4311
-12504
1959
27454
29939
11646
5852
11030
4201
-6157
1102
17740
13402
-6100
-13854
-4706
64
-9119
-17322
-12014
-3341
-5991
-14841
-17641
-13901
-13498
-13501
-8452
-1552
-1327
-8024
-13096
-10284
371
8262
7125
1655
1554
4512
2633
250
4680
11573
9720
1274
-2087
1956
2826
-2900
-5627
328
4333
-1453
-8708
-8391
-5005
-5494
-4590
-769
212
-4975
-8028
-4521
2317
6719
5475
2129
586
2627
4169
5688
7964
8036
4079
2187
4937
5934
3648
2424
3445
2622
1518
1576
440
-2691
-3532
-1688
-973
-1925
-3939
-6167
-7297
-5165
-2781
-2984
-4356
-4680
-4574
-3650
-1429
-166
-1069
-2473
-2043
-712
698
810
316
-1221
-1127
-41
6797
22336
28432
11841
-11331
-5653
21162
32495
18137
6077
8752
6516
-2471
-1378
12914
15194
-998
-13339
-8133
348
-4870
-15619
-15636
-6750
-4552
-10736
-16094
-15234
-14110
-13721
-9567
-3001
-148
-4972
-11227
-11664
-3153
6837
8896
3679
561
3754
5119
2150
2298
8676
11254
4140
-2277
571
4332
-669
-6758
-3308
3913
1346
-8061
-11294
-6695
-4584
-6771
-5368
-589
-636
-5903
-537
8609
5950
-3904
-1822
9151
9684
5538
6138
5582
-2101
-669
9137
10148
2586
-943
780
225
1405
3951
2714
-616
-1078
-2488
-3642
-1048
-865
-5986
-7290
-1612
-1378
-6772
-7473
-3529
-3358
-3796
-373
679
-2613
-3994
-1443
641
1040
1090
-300
-1365
-868
-261
-581
4208
18561
25913
13880
-6938
-6918
15486
30256
21531
8282
8995
8970
-57
-3492
8958
16433
3689
-10931
-8967
-407
-4231
-15150
-16501
-7564
-3467
-9108
-15847
-16280
-14451
-14137
-11233
-4299
549
-3374
-10958
-12530
-4823
4926
8114
4893
2195
4031
4729
1828
1481
7334
11334
6191
-698
-121
3253
-261
-6287
-4864
2732
4068
-3885
-10293
-9226
-5747
-5063
-3266
438
-105
-6038
-8455
-1924
5645
5823
1798
1089
3391
3565
3259
5519
7283
4968
2806
4992
6235
3148
619
2059
3768
3064
1999
859
-1488
-3256
-2386
-646
-757
-2715
-4956
-5363
-3762
-3122
-4141
-4405
-3223
-2557
-2567
-1459
-875
-2291
-3339
-1562
729
831
-541
-1152
-1382
-1167
-626
6758
21680
26400
9576
-10916
-3444
22171
31228
17541
8016
10532
7092
-1821
-12
12609
13500
-1203
-11392
-6607
-499
-6962
-17200
-16095
-6877
-4346
-10469
-16265
-16886
-16351
-14482
-8944
-2548
-588
-5259
-11208
-11487
-3047
6384
8262
4047
2393
5303
5312
1951
2340
8379
10869
5251
-78
1415
2982
-2547
-7680
-3246
4049
1389
-8019
-11300
-7813
-6190
-7512
-4743
-134
1896
1853
289
-2308
-3517
1393
7016
9925
9139
4929
-2168
-3966
4114
10516
9050
4097
1280
-1247
-1259
2661
5180
3251
1216
386
-2172
-3307
-2134
-2269
-4466
-3402
-1012
-2435
-5677
-6562
-5443
-4056
-952
450
-1024
-2903
-2548
-1737
-1184
531
1284
-247
-1475
-428
-953
-2304
-587
12542
26300
22087
-133
-12017
5756
27440
26578
12168
10141
12012
3734
-3729
4364
15770
9013
-5591
-8715
-1323
-1865
-12912
-19218
-12316
-3817
-5172
-12334
-16685
-17043
-17407
-14323
-7024
-570
-1477
-7993
-12304
-9244
-36
6126
5546
2831
4785
7162
3731
-175
2983
9851
9666
3749
1411
3648
1180
-6087
-7562
852
6607
157
-9270
-10573
-6655
-6327
-5828
-1344
1283
-3579
-7349
-2050
3239
1628
-1311
2008
5934
5135
3651
3755
2766
1716
5150
9049
7648
2889
501
876
2048
3639
4389
2585
-675
-2819
-2917
-1174
-628
-2818
-4794
-3095
-1051
-3238
-6156
-5367
-2831
-1997
-1270
123
-828
-3611
-4437
-1720
890
1065
-512
-1254
-1443
-1824
-2495
3994
20243
27484
12323
-9600
-5380
19148
29923
18108
8759
12250
10250
263
-1205
10321
13194
863
-8299
-3629
1379
-7302
-19163
-18252
-7595
-3102
-8349
-15259
-17684
-18141
-16937
-11358
-3953
-668
-5041
-11065
-11436
-4215
3504
5017
2805
3631
7907
7454
2025
265
5818
10266
7387
3544
4358
4019
-3137
-8426
-3595
4237
2573
-5873
-9699
-7604
-6889
-8431
-6441
-661
5474
3529
-3838
-6806
-1188
4155
3787
5970
9280
4925
-3894
-1791
6018
6771
4449
5595
5245
497
14
2754
2057
982
4084
4178
-812
-3610
-3252
-3714
-3755
-1148
-667
-2768
-4556
-5934
-6916
-4005
467
-159
-2440
-1683
-275
-2353
-3229
-158
1192
-353
-1231
-166
-985
-2397
-3216
7035
25077
27956
5346
-15797
-815
27272
29750
11612
8121
15321
8691
-3193
942
15006
11580
-3591
-8216
566
2860
-10425
-22049
-17126
-4305
-1908
-9872
-16713
-17513
-18176
-17404
-10895
-2817
-692
-6632
-12432
-11305
-2842
3719
3166
872
4267
9821
6643
-398
-205
7306
10333
5819
3697
6503
4826
-4664
-9301
-2139
6131
2597
-6594
-8765
-5805
-6798
-9932
-6837
-181
4540
2638
-2635
-5796
-3346
2353
5116
7318
8381
4706
-2644
-2309
5046
7878
5955
4784
4611
1626
705
2678
2377
1213
3431
4711
677
-2881
-3021
-3294
-4379
-2160
547
-1114
-4809
-6680
-6238
-4120
-716
102
-1623
-2039
-849
-1466
-2976
-1521
537
270
-450
-131
-319
-2412
-3352
-3565
1057
17218
30163
18292
-10383
-14782
12569
32474
21306
5336
9318
13520
3142
-4416
6315
15782
5482
-7484
-4392
5758
820
-16493
-23054
-10713
2294
-1058
-13083
-18223
-16211
-16164
-15723
-8415
-92
-1658
-10789
-14319
-7840
432
1535
-1397
-656
5828
9446
4156
-1952
-215
6301
7622
5504
7030
8758
2268
-7357
-6536
3148
7728
1677
-4937
-4935
-3724
-5985
-7605
-3524
4166
5794
-717
-6720
-5420
-1186
153
2375
6475
5590
-1701
-4117
1045
3892
2843
3843
6464
4803
1647
1995
2443
1018
2150
5699
5425
1484
-1503
-2752
-3320
-1830
871
569
-2266
-3612
-3685
-4663
-4361
-2068
-668
-1287
-1606
-1228
-2397
-3425
-1997
-242
-37
-28
28
-830
-2137
-2066
-1760
920
11324
22475
17314
-3338
-11430
6294
24969
20064
5798
6370
13196
8109
-1963
835
10301
7956
-2712
-4495
3938
5230
-7459
-19249
-15124
-1683
2395
-6317
-14482
-13478
-11620
-14594
-14247
-5948
-430
-6148
-13176
-9963
-1876
-1253
-6438
-6546
669
6361
4115
-1010
-1613
1647
2561
1158
3175
8228
8188
838
-4202
-605
5230
4662
262
-600
1684
1579
-1540
-3082
-1552
421
1471
2196
1813
-666
-3311
-3587
-1365
1519
3167
2181
-648
-1580
623
2480
1741
1325
2962
4043
3160
2294
2573
2068
1066
1628
3212
3440
2144
821
-83
-226
444
1222
882
-60
-171
175
-250
-1089
-1388
-1183
-863
-816
-818
-824
-826
-799
-862
-892
-483
326
762
439
-94
239
1019
1069
503
234
402
466
664
1560
2311
1438
-567
-1420
-232
1200
915
-477
-934
-267
85
-532
-1068
-693
-187
-295
-545
-18
839
921
135
-340
156
725
634
222
225
537
447
-369
-1297
-1541
-1106
-877
-1481
-2222
-2356
-2122
-2345
-2783
-2613
-2182
-2330
-2769
-2506
-1804
-1699
-2094
-2028
-1369
-993
-1338
-1814
-1655
-935
-566
-783
-913
-505
-104
-424
-830
-392
586
1007
660
539
1228
1995
2064
1842
2167
2856
3112
2937
3250
4005
4061
3347
2992
3548
3933
3280
2361
2089
2200
2005
1503
1033
612
110
-282
-387
-530
-958
-1338
-1310
-986
-923
-1219
-1424
-1436
-1202
-721
-214
-182
-603
-690
-331
-51
-81
-74
-134
-495
-741
-634
-630
-1063
-1453
-1400
-1256
-1384
-1509
-1398
-1345
-1657
-1884
-1549
-978
-787
-882
-577
-42
60
-236
-57
757
1225
911
705
1296
1832
1542
1087
1374
1826
1569
1071
1140
1300
853
406
706
1164
890
337
238
318
85
-140
-56
39
-14
-126
-322
-597
-725
-854
-1335
-1673
-1279
-726
-999
-1757
-2059
-1917
-1882
-1882
-1475
-1074
-1359
-2095
-2178
-1259
-430
-565
-1143
-1124
-595
-194
-42
130
299
345
456
755
1092
1119
813
560
831
1360
1447
1046
754
829
834
797
1045
1383
1279
906
968
1425
1625
1411
1323
1596
1831
1805
1799
1935
1912
1585
1321
1313
1280
978
585
289
-55
-504
-874
-1003
-1061
-1252
-1551
-1828
-1906
-1786
-1734
-1999
-2383
-2328
-1704
-1057
-929
-1209
-1373
-1243
-918
-441
172
527
297
-100
-20
419
549
460
556
640
358
103
229
191
-301
-602
-208
265
195
-193
-392
-352
-230
-17
267
445
383
293
440
749
808
473
208
527
1195
1384
811
178
161
518
662
533
367
148
-197
-421
-269
48
44
-425
-879
-788
-346
-253
-683
-1021
-842
-513
-591
-941
-1058
-918
-939
-1166
-1145
-819
-737
-1092
-1313
-989
-514
-383
-518
-533
-326
-71
129
324
559
739
854
963
1094
1272
1571
1838
1811
1595
1512
1516
1336
1134
1130
1120
864
519
270
112
64
73
-50
-219
-194
-195
-543
-865
-604
-52
96
-150
-227
21
152
-50
-178
150
565
460
28
-43
255
247
-154
-281
14
57
-411
-766
-635
-467
-639
-811
-652
-503
-736
-1013
-819
-395
-366
-687
-724
-347
-91
-235
-395
-242
16
79
9
18
107
135
115
221
481
577
290
-44
59
483
677
465
223
268
463
465
220
43
156
293
149
-69
-47
-24
-314
-599
-499
-310
-468
-790
-877
-743
-634
-647
-715
-685
-509
-391
-470
-497
-221
98
172
171
355
585
636
615
717
960
1158
1108
847
669
710
742
629
544
570
497
244
13
-84
-88
-4
125
123
-61
-212
-186
-90
-27
67
164
117
-30
4
282
506
426
185
101
238
366
249
-30
-209
-197
-174
-280
-425
-515
-606
-725
-725
-577
-482
-567
-721
-782
-714
-579
-472
-472
-538
-509
-339
-171
-115
-121
-70
57
176
160
28
-6
192
395
362
236
260
346
290
199
263
372
350
281
310
398
423
365
323
339
304
119
-75
-90
-20
-74
-237
-342
-390
-464
-520
-479
-380
-299
-305
-382
-431
-359
-177
22
125
61
-38
65
370
598
582
461
394
432
541
600
528
394
275
144
87
202
259
-21
-406
-451
-263
-262
-475
-581
-461
-311
-268
-249
-128
19
40
-3
119
388
492
365
322
495
629
569
486
481
450
362
314
275
145
-16
-101
-138
-184
-190
-207
-363
-598
-656
-478
-318
-386
-571
-612
-469
-383
-469
-499
-309
-116
-136
-244
-226
-95
-28
-81
-131
-37
136
155
-2
-69
102
289
280
160
119
193
263
220
130
147
255
278
210
196
200
81
-74
-69
22
-25
-199
-300
-259
-206
-241
-311
-300
-207
-135
-152
-209
-189
-34
157
213
130
69
111
197
334
527
585
366
138
235
505
534
286
77
64
140
168
120
-6
-194
-334
-270
-18
99
-159
-517
-457
-9
275
181
65
140
186
124
207
491
604
360
98
157
372
360
112
-82
-57
53
44
-128
-328
-412
-405
-418
-440
-407
-381
-474
-630
-633
-422
-247
-307
-444
-364
-123
-35
-154
-203
-55
93
80
2
2
36
4
-65
-39
75
104
-18
-86
31
141
72
-23
49
202
237
155
83
103
191
264
242
174
151
144
119
119
178
171
34
-83
-53
39
63
23
-27
-64
-56
1
53
82
103
113
104
140
222
234
151
108
171
223
151
36
-7
17
13
-53
-132
-201
-266
-301
-255
-181
-216
-375
-489
-434
-292
-180
-145
-164
-149
0
214
295
230
239
401
556
610
619
589
460
310
319
480
563
392
84
-57
32
84
-54
-173
-122
-127
-382
-619
-539
-307
-297
-495
-578
-447
-337
-390
-459
-371
-191
-99
-126
-144
-87
-57
-110
-124
26
177
83
-152
-200
-24
81
-26
-142
-104
-43
-105
-176
-123
-43
-87
-177
-153
-51
-24
-74
-53
44
91
31
-22
53
213
302
253
164
148
198
260
341
409
381
302
317
408
436
396
396
423
404
409
460
406
212
120
232
320
193
-1
-68
-59
-78
-135
-220
-297
-300
-254
-278
-357
-367
-335
-386
-427
-298
-129
-131
-211
-152
-33
-29
-53
52
196
219
171
163
171
109
28
60
188
219
25
-241
-285
-106
-29
-208
-380
-337
-276
-403
-533
-436
-271
-292
-418
-394
-216
-99
-151
-201
-79
125
212
166
177
304
390
333
262
318
403
383
297
275
302
250
100
-14
2
55
20
-104
-191
-205
-228
-294
-311
-229
-161
-213
-293
-269
-187
-155
-136
-24
115
118
9
-26
98
247
315
326
323
284
216
201
270
349
362
318
267
215
156
120
132
185
224
187
69
-58
-103
-67
-1
30
-2
-107
-224
-245
-183
-141
-146
-112
-51
-92
-204
-183
-9
79
0
-9
157
247
100
-52
39
209
200
90
107
173
57
-168
-219
-56
39
-79
-233
-265
-278
-388
-467
-377
-253
-301
-466
-518
-422
-356
-392
-400
-279
-145
-130
-195
-180
-60
37
75
142
274
342
269
179
243
404
472
401
327
340
354
290
208
186
177
124
63
52
33
-75
-196
-205
-129
-103
-164
-215
-180
-131
-140
-153
-95
9
59
42
46
116
194
223
221
254
314
339
296
240
259
331
339
257
180
184
191
121
48
58
84
19
-85
-94
-56
-102
-204
-237
-178
-146
-186
-217
-207
-212
-243
-242
-179
-119
-98
-107
-126
-142
-130
-73
-18
-11
-33
-47
-48
-53
-46
-16
-14
-60
-85
-25
39
-16
-156
-215
-128
-28
-39
-112
-154
-172
-210
-211
-133
-55
-74
-133
-113
-29
3
-26
-3
108
207
219
184
187
230
272
309
343
355
324
268
225
216
216
200
153
84
14
-48
-98
-140
-155
-148
-160
-229
-317
-333
-256
-177
-170
-206
-205
-160
-120
-77
-6
69
84
62
91
187
257
235
206
251
315
283
195
175
236
247
162
92
105
107
19
-71
-62
-4
-23
-114
-153
-117
-109
-175
-212
-137
-44
-69
-167
-172
-66
12
-22
-61
-8
75
83
39
42
92
100
50
27
72
101
31
-76
-105
-59
-43
-106
-169
-167
-156
-207
-264
-242
-177
-186
-263
-278
-190
-128
-177
-229
-156
-33
-17
-71
-40
77
121
73
89
210
285
217
146
216
339
337
234
199
265
295
219
156
177
203
138
41
17
46
35
-38
-96
-97
-92
-135
-192
-199
-153
-122
-156
-210
-206
-142
-96
-89
-78
-25
20
6
-11
51
161
191
137
116
173
206
150
94
135
195
156
51
0
23
17
-41
-75
-35
-28
-119
-221
-217
-137
-109
-158
-182
-146
-132
-181
-207
-123
-13
9
-43
-47
11
43
19
29
117
196
174
101
92
129
131
85
78
123
133
56
-39
-62
-38
-43
-91
-109
-91
-92
-147
-209
-193
-130
-97
-105
-98
-49
-20
-35
-45
9
94
142
139
138
163
176
163
149
175
220
225
186
132
102
88
67
52
52
49
5
-66
-115
-122
-108
-106
-117
-137
-164
-186
-194
-180
-161
-144
-124
-113
-122
-128
-106
-59
-25
-13
4
26
30
21
31
64
98
105
97
85
84
83
79
80
78
76
71
55
26
5
5
12
3
-28
-42
-37
-39
-63
-79
-58
-24
-18
-37
-36
-2
32
40
48
81
119
118
100
108
144
163
144
119
113
107
76
41
33
35
4
-50
-86
-95
-106
-137
-156
-164
-169
-176
-188
-176
-146
-125
-124
-119
-106
-80
-46
-17
10
30
43
49
45
49
76
111
119
97
80
80
78
63
59
76
83
56
16
2
11
18
7
0
7
-1
-25
-46
-43
-18
-3
-10
-23
-24
-30
-43
-43
-17
8
6
-11
-25
-25
-22
-15
-4
14
27
15
-5
-11
-5
4
17
23
23
13
-1
-15
-15
-1
8
3
-6
-12
-20
-26
-23
-13
-8
-6
-7
-7
-11
-12
-8
4
14
22
27
24
21
20
29
43
50
48
39
35
31
28
27
28
21
8
-3
-5
-6
-13
-17
-20
-18
-22
-28
-35
-31
-23
-13
-10
-13
-16
-24
-25
-20
-9
2
7
0
-15
-19
-14
-7
-4
2
8
7
-7
-22
-18
-3
8
10
9
5
-8
-21
-21
-6
11
17
9
3
1
-5
-10
-1
16
27
20
9
2
-2
-1
7
14
24
24
15
2
-3
0
2
9
14
13
4
-9
-14
-11
-8
-2
0
0
-9
-13
-17
-15
-6
-1
-1
-3
-2
-5
-3
3
9
13
14
10
8
11
16
15
16
18
14
6
1
0
0
-3
-5
-7
-12
-17
-20
-19
-19
-19
-17
-18
-17
-18
-15
-10
-9
-9
-7
-1
3
5
11
15
15
13
11
14
19
