SAMPLES:	9911
BITSPERSAMPLE:	16
CHANNELS:	1
SAMPLERATE:	16000
NORMALIZED:	FALSE
-1
-5
-2
-6
-6
-6
-6
-6
-4
-2
0
2
3
1
2
2
0
2
3
1
-1
0
0
0
2
-2
-2
-2
0
-1
-1
-2
-1
1
3
3
3
2
-2
-1
1
1
-4
-1
-3
-1
-2
-1
1
-3
-1
0
4
1
3
-1
0
2
2
3
6
6
2
3
0
2
1
-1
0
0
0
-2
1
0
-1
0
-2
2
2
-1
2
0
-2
0
4
3
2
3
1
0
-2
-5
-6
-5
-3
-2
-2
-2
-2
-2
-3
0
-1
-2
0
1
0
3
-2
-1
1
0
0
2
0
1
0
0
2
1
1
1
-1
-1
0
1
0
2
1
1
1
-3
-1
0
-3
-3
-2
-1
-3
1
3
0
2
0
-1
-1
-2
-1
-1
-4
-3
-1
1
1
0
0
1
0
-1
2
7
4
4
4
0
0
-1
1
1
3
2
0
2
2
2
1
1
-2
-2
-2
-2
4
1
-2
0
0
-1
1
2
2
1
-2
-4
-6
-4
3
1
1
0
0
0
-1
3
1
4
2
1
1
-1
-2
0
2
1
-1
-3
-1
-1
1
-1
-2
2
-2
0
-1
-1
4
-3
0
-2
0
0
-2
-1
-1
0
-3
-1
0
1
0
-1
-2
-1
0
-4
-2
-4
-3
0
1
0
0
-1
-1
0
-1
-1
3
3
3
0
1
1
0
0
2
3
-2
0
3
4
5
5
7
2
2
2
4
7
5
1
-1
-1
1
1
-1
2
0
1
3
1
1
2
5
4
4
3
1
2
-3
-2
0
-3
-4
0
-2
-4
-3
-4
0
-2
-3
-1
-3
-4
-2
-5
-7
-9
-9
-6
-7
-6
-5
-2
0
0
-2
-2
-1
3
3
3
2
0
-2
1
3
1
1
2
0
0
-4
2
3
4
2
-1
0
4
4
4
6
6
5
5
5
0
1
3
3
-2
0
4
5
4
4
2
1
2
0
2
1
-1
0
0
-2
0
2
2
-1
-3
-4
-2
0
0
1
-1
-1
-4
-2
1
3
2
0
-2
-2
0
-2
-1
0
-2
-4
-5
-4
-5
-4
-4
-3
-2
-2
-1
-3
-5
-2
-3
-3
-2
-1
-1
0
-1
0
-2
-1
-1
0
3
1
0
0
-2
3
2
1
2
1
1
2
4
5
2
4
5
4
4
2
1
0
0
-1
-1
-1
0
-1
0
1
0
1
1
0
2
0
0
1
2
3
5
2
0
5
3
4
3
1
0
-2
-1
-1
1
3
1
-2
-1
-2
-4
-1
-2
-4
-3
-1
-1
-1
1
-1
-2
-5
-3
-1
-4
-1
0
-1
2
2
-1
-3
-2
-5
-1
0
-3
0
0
2
2
-3
-3
-4
-1
3
2
0
2
2
2
3
-1
-1
0
1
-1
-3
1
2
4
1
2
2
2
1
1
2
-2
0
-1
-1
-2
-3
1
1
-2
-1
1
2
4
3
0
-1
-1
-1
0
0
2
0
-3
-2
1
0
0
1
0
4
0
0
2
1
1
-1
-1
0
1
-2
-1
1
-1
-1
-2
0
-1
0
-1
-2
0
0
-1
-3
-1
-2
-2
-1
-1
2
0
2
-1
-1
2
2
1
5
1
-1
-3
-3
3
5
5
1
4
1
-1
1
0
-3
-4
0
1
3
-1
-1
-2
-2
-1
-3
0
2
1
0
1
0
0
-2
-3
-1
-3
-1
2
2
5
4
2
1
-1
-2
0
1
1
0
1
-3
-3
-1
-1
-1
1
3
-2
-5
-3
-2
1
1
0
2
-1
1
0
-1
-2
1
-2
-2
-2
1
4
4
5
4
4
7
4
2
3
0
2
-1
0
0
0
-4
-3
0
-1
3
0
0
0
1
-2
-4
-2
-1
-4
-4
-3
2
0
-2
-3
-4
-1
1
1
3
4
2
4
6
2
2
2
2
-2
-1
-1
1
-2
-1
0
-2
-1
-3
-3
-1
-3
-3
-2
-1
0
0
0
0
3
2
2
3
0
2
3
2
1
2
0
0
1
1
1
1
1
-1
-2
-2
-3
-4
-6
-6
-3
-3
-2
-1
-1
-4
-4
-2
0
-3
-1
0
-1
1
2
3
2
3
3
4
3
5
3
1
3
0
3
1
3
1
-1
1
1
-2
-2
-2
-3
0
3
1
-1
1
-1
-1
-4
-2
-2
1
2
1
3
1
-2
2
0
-1
-2
0
1
-1
-3
0
4
1
2
2
1
0
-1
0
1
0
0
-1
-3
0
2
2
4
3
5
5
2
2
1
-2
-1
-1
1
2
1
-2
-3
-4
-1
-3
-1
1
0
0
-1
-4
0
-1
-4
-3
-4
-1
-3
-3
-2
0
-4
-3
-4
-3
-3
-1
0
0
-1
0
-1
-3
-2
-2
-2
-1
0
1
2
2
1
1
1
2
2
3
4
2
2
1
1
1
1
4
2
3
2
2
3
1
2
1
-4
-2
0
3
0
0
0
0
2
0
2
1
0
2
3
0
1
0
-3
2
-2
0
2
2
2
0
1
1
1
-2
3
1
0
-1
-5
-5
-3
-3
-4
-3
0
-2
-2
-3
-4
-4
-3
1
-1
1
0
0
3
1
4
4
1
3
3
4
1
-3
-1
1
-2
-3
0
-3
-1
-1
-3
0
1
-2
-2
-1
-3
-2
0
-2
-4
1
2
-1
-1
0
0
-1
0
1
3
3
3
3
1
4
3
4
1
0
0
-2
-1
-2
-2
-1
0
-1
0
-2
-1
0
2
4
3
3
1
-2
1
4
1
1
2
3
3
1
2
3
0
-2
-1
2
2
-1
-3
-5
-6
-5
-4
-2
0
0
0
0
-3
-4
-4
2
4
3
1
5
5
7
2
0
-2
-2
1
2
2
1
-4
-5
-6
-3
0
-4
-3
-3
-2
-2
1
0
-2
0
2
4
2
3
5
-1
-2
-3
-1
0
-3
-6
-5
0
-5
-2
1
-1
-1
-4
-3
-3
-3
-1
-1
1
3
8
7
-3
0
2
-1
-2
3
9
1
-7
0
6
3
-2
1
8
9
3
0
-1
-3
0
-1
2
9
5
1
-2
-1
-1
-5
2
5
-4
-2
6
5
0
-6
-4
2
1
-3
-4
-5
-9
-6
2
6
1
-2
4
-3
-11
-2
3
0
-5
9
17
-3
-21
-11
18
9
-17
-14
2
12
4
-8
-8
-6
-6
4
24
0
-19
15
32
-19
-48
17
43
-7
-28
9
27
0
-22
-4
12
-8
-7
31
20
-33
-32
16
33
7
-25
-18
29
26
-30
-15
29
6
-12
2
-19
-15
50
31
-62
-50
33
18
-19
34
46
-72
-75
97
104
-128
-160
107
194
-27
-172
-47
147
89
-158
-102
238
139
-375
-202
464
318
-444
-435
329
498
-123
-486
-60
396
156
-274
-193
129
194
9
-176
-105
192
152
-256
-249
249
324
-181
-375
58
416
69
-455
-209
459
292
-446
-353
368
364
-242
-313
81
201
68
-48
-124
-36
121
28
-83
55
41
-159
-42
258
114
-296
-222
390
344
-469
-432
518
488
-443
-475
261
401
-88
-267
8
194
-84
-217
145
296
-151
-286
108
211
-38
-165
-27
176
180
-288
-309
320
475
-220
-626
-75
712
402
-801
-512
758
387
-757
-20
679
-317
-641
560
663
-690
-692
728
847
-823
-1018
803
1320
-699
-1578
412
1735
-82
-1759
-125
1589
91
-1415
181
1210
-424
-997
541
687
-558
-331
606
2
-746
189
970
-306
-1183
332
1429
-329
-1573
259
1695
-137
-1700
124
1620
-130
-1566
234
1293
-184
-931
217
368
-183
126
204
-470
-231
634
194
-672
-313
770
360
-762
-462
878
479
-944
-618
1004
747
-1005
-837
867
939
-605
-854
273
767
-64
-699
-144
677
303
-847
-404
982
685
-946
-698
552
702
-211
-635
-171
627
262
-671
-230
729
378
-750
-560
532
875
-515
-1029
337
1231
-350
-1194
222
1351
-78
-1394
-259
1320
537
-1005
-732
517
864
-131
-710
-134
646
48
-362
-252
399
420
-347
-970
481
1174
-216
-1106
-186
781
565
-127
-1043
-237
1017
505
-874
-217
37
243
668
-262
-1148
266
1386
-91
-1472
-405
1734
712
-1700
-1252
1765
1402
-1537
-1387
1329
1015
-987
-449
403
115
201
-131
-838
685
1049
-1109
-909
1062
687
-789
-146
244
-226
186
543
-812
-462
1187
151
-1287
247
1286
-676
-1079
640
1170
-406
-1376
-67
1617
170
-1277
-284
954
209
-725
-198
531
177
133
-647
-1036
1504
1553
-1879
-1619
1647
1442
-994
-1308
614
857
-518
-544
502
504
-342
-370
57
-11
290
427
-588
-458
694
166
-998
-125
1106
1382
-230
-2364
-968
1742
863
-511
-318
136
402
-495
-822
607
1191
-386
-1219
150
1013
-281
-874
263
1218
-159
-1726
303
2002
-422
-2104
342
2168
-173
-2545
453
2794
-877
-2670
944
2118
-343
-1571
-426
1558
703
-1988
-744
2417
760
-2598
-573
2797
336
-2743
-77
2188
-261
-1744
810
1340
-1287
-824
1476
426
-1145
-544
523
1019
91
-1274
-342
1099
143
-811
438
356
-732
-348
1099
143
-1291
38
1158
10
-785
325
217
-552
-698
883
706
64
-701
-500
100
1061
-49
-1467
-89
1549
22
-1209
276
1017
-370
-872
148
437
200
141
-176
-779
107
762
226
-420
-328
-303
968
196
-746
-160
221
51
185
-326
-102
390
398
-366
-918
280
1274
-115
-1037
-344
418
455
472
-907
-434
845
714
-946
-823
941
764
-1102
-765
1172
900
-710
-1527
966
966
-451
-524
-97
-113
1194
137
-2036
333
1887
-297
-1490
323
355
689
-403
-758
3
905
537
-980
-859
1170
641
-1315
-19
1034
-178
-1256
548
1087
-498
-936
770
330
-595
-224
446
-153
293
37
-485
-520
1229
690
-1817
-811
1904
982
-1422
-828
259
1158
238
-1132
-996
1519
774
-895
-1190
988
1446
-1836
-714
2090
42
-1940
738
1105
-808
-761
836
566
-1081
452
297
-250
4
-152
-637
796
656
-1206
-9
1514
-383
-1684
541
959
-486
-16
187
-809
952
1095
-1958
-1242
2378
1124
-2583
-673
2401
999
-2468
-1271
2030
1359
-1871
-714
1223
1040
-568
-2021
806
1945
-1238
-1712
2152
584
-1422
-243
710
330
-851
-185
680
174
-1308
1569
1529
-2538
-2016
2436
2005
-1656
-1430
301
2041
-661
-1467
255
1415
-283
-883
-267
1050
728
-1523
-1256
1839
939
-1054
-819
133
1459
-20
-1718
-252
1887
547
-2237
-158
2127
-290
-1919
337
1467
628
-1661
-1319
2465
980
-2584
-575
2555
-506
-1274
376
883
-144
-848
-913
1706
1769
-2317
-2607
2970
2708
-3098
-2905
3280
3071
-3415
-2931
3428
2192
-2815
-1443
1820
1533
-719
-2217
96
2420
103
-2759
-139
3197
18
-3091
-89
2410
217
-1803
-282
2496
461
-3670
28
4226
-1642
-3626
2549
2539
-2698
-1343
2273
390
-1597
-782
1865
1120
-1255
-1831
1624
1181
-1665
-490
1352
-1
-1436
1115
73
-751
-42
1312
-980
-618
1616
-166
-1555
885
1481
-2213
-205
1997
-231
-2042
471
1706
-788
-1441
1390
1527
-2025
-1307
1939
1687
-1633
-1188
1233
-19
-324
472
-1339
251
1683
-1375
-496
1308
-490
-291
839
-618
-462
1231
627
-1486
-516
1290
-794
120
657
-1238
-563
2062
-103
-1612
622
245
34
329
24
-1070
1009
560
-1262
-351
1057
516
-790
-651
201
805
-172
13
-151
-1146
1080
1394
-1740
-1378
2576
-184
-1421
413
656
-92
-691
367
592
-278
-747
-86
792
675
-928
-1164
987
1371
-1088
-1500
1433
1542
-1437
-1097
1085
1198
-1779
-777
2057
734
-2045
-1046
2011
743
-1451
-966
1063
1329
-548
-2196
1088
2209
-1178
-1841
530
1387
693
-1245
-1649
673
2686
-106
-3068
-657
2769
1559
-2298
-2115
1859
2389
-1533
-2118
595
2566
-747
-2589
791
2476
-633
-2051
271
1353
755
-1987
-599
2898
279
-3693
936
2573
-1651
-966
1282
104
-687
-277
607
916
-1467
-273
1277
81
-290
-320
-704
1310
184
-1372
268
784
-1
-864
-237
619
684
-558
-705
104
992
200
-1320
-430
1720
681
-2124
-398
2054
295
-1679
-513
1334
315
-89
-593
-843
1145
326
-960
-253
786
271
-18
-1191
410
982
-237
-638
-352
686
991
-619
-1927
1387
1850
-2058
-1553
2441
735
-1378
-419
-123
898
599
-1364
-817
2110
199
-1676
-170
1611
-397
-868
783
-620
233
1158
-1222
-494
1435
-956
-29
645
-561
391
-237
-691
904
717
-1935
102
1976
-123
-1731
144
1119
257
-292
-1431
911
704
-402
-117
-438
-131
899
-298
-866
872
544
-540
-1629
1412
2082
-2762
-1457
3597
874
-4053
729
2943
-1131
-2625
1523
1806
-1777
-1050
1621
740
-1914
-152
1782
-67
-1359
1317
-164
-1477
1382
882
-1714
189
-326
395
565
-1145
587
1524
-2116
-439
2139
-884
-1472
1921
1068
-2739
454
2479
-1192
-2624
1827
1727
-1292
-1058
953
1327
-1307
-1960
1887
1483
-2349
218
1211
-602
935
-471
-1928
1190
2308
-1740
-2399
2340
2599
-2636
-1462
1961
-12
-466
616
-468
-591
1488
-79
-2172
535
2241
-988
-2557
800
2077
-346
-1933
712
1521
-87
-1515
-155
2058
927
-2304
-594
1876
330
-1617
-951
1128
508
-665
-460
117
-400
1753
452
-3205
-576
4267
979
-4720
-1777
5151
601
-5144
-504
3413
356
-1582
-833
996
2052
-767
-2702
967
4133
-657
-3449
379
3467
-436
-2806
-327
1841
555
-581
-708
-52
739
894
-1725
-1786
3022
1965
-3546
-1204
3716
412
-3605
-562
2779
374
-1523
-814
839
1407
-498
-1676
295
767
-836
-464
825
722
-733
-679
440
401
-435
-494
884
1153
-653
-45
1871
-1216
-3133
1661
3394
-1520
-2578
1180
1933
-1626
-2147
1628
2131
-1479
-1783
2398
2308
-2643
-1568
1701
288
-989
-424
1069
1483
-968
-2803
-179
2045
859
-1541
-601
1377
668
-1010
-480
1375
-512
-2565
189
3417
1473
-2175
-2326
343
1406
26
-904
-313
1431
227
-2016
-162
2953
24
-3998
-980
3788
2481
-2042
-2159
698
1266
-811
-555
1032
774
-1353
-1204
1056
1958
-163
-2231
-938
1403
1579
62
-371
-487
-491
215
1417
501
-1460
-531
665
60
553
768
-665
-1248
-384
1037
1566
475
-406
-730
-690
89
860
475
-363
-1441
-359
1742
649
-1062
-226
96
-1071
-399
1677
1848
-1263
-2801
-23
1984
-279
-1525
49
177
-1026
-249
1213
562
-1202
-2110
-856
1498
2160
-167
-1567
-107
532
-970
-674
906
204
-1354
-1120
961
1854
-687
-3069
-1231
592
86
263
623
-583
-1566
-921
285
684
-319
-996
-526
30
405
26
-988
-1482
-1163
-610
268
375
-938
-1878
-1680
-907
-939
-1310
-701
-206
-464
-112
1509
3948
5972
6476
6107
6134
6986
7681
7157
6431
6461
6602
5866
5194
4784
3171
553
-1038
-1281
-1532
-2505
-3659
-4321
-5289
-6208
-6433
-6527
-6861
-7048
-6705
-5787
-4955
-4548
-4105
-3652
-3673
-3791
-3318
-2292
-1549
-1719
-1390
-582
-681
-1025
-536
-227
-635
-633
495
685
-513
-1069
-1275
-2351
-3314
-2855
-2450
-2820
-2103
-1422
-2403
-3313
-2646
-1117
-445
-938
-661
76
-254
-496
29
514
228
215
1323
2771
3354
2874
4526
12585
24297
27237
16799
6613
10157
19034
18116
11811
13180
18209
14200
5344
4033
6379
-343
-11837
-14045
-5639
-387
-6419
-15470
-17318
-15463
-17314
-20093
-17025
-10933
-9925
-12484
-10437
-3652
-1160
-5641
-9027
-4860
3258
8064
7957
7036
7365
6282
3408
2642
5248
6403
3159
724
3323
5866
2223
-4593
-7967
-7505
-6559
-4753
-1676
-1561
-6045
-9425
-7289
-4063
-4426
-5570
-3838
-1211
-161
722
1719
522
-1690
-962
2902
6082
6072
3850
1447
139
164
222
-593
-1390
-1671
-1820
-2317
-3096
-4283
-5844
-6486
-5428
-4238
-4329
-5193
-5711
-5017
-2992
-1148
-511
-406
3978
16950
30669
29190
13053
4196
14019
24518
19397
11959
16410
21817
14197
3757
3763
5055
-5242
-17581
-15725
-3508
491
-9622
-20248
-20771
-16879
-17615
-19643
-14971
-7461
-6299
-8870
-5757
1826
3230
-3160
-6153
1267
11690
14834
10936
8055
8018
5947
1641
987
4186
3860
-1026
-2597
547
-442
-7787
-13104
-12017
-9151
-6920
-3810
-2499
-6040
-10018
-8912
-4983
-2924
-2452
-1361
382
2003
3019
2591
1170
384
1105
2832
4866
5516
2712
-1864
-4369
-3924
-2611
-1897
-2273
-3642
-5189
-5545
-5415
-6386
-7995
-8639
-7568
-4827
-1455
1008
1568
5177
17504
30855
28610
12357
5609
18326
29144
21907
13230
18592
24084
13942
1263
2322
6055
-4292
-18312
-16245
-2895
-1096
-15316
-25630
-20944
-14383
-17510
-20274
-12304
-3364
-5016
-9176
-3786
6026
6678
-553
-1326
8610
17251
15597
9701
8311
8740
5101
462
906
3633
769
-6799
-9854
-6854
-6675
-13200
-17648
-12785
-5977
-6329
-9195
-7172
-4250
-5601
-5346
1513
6685
4177
1456
4203
6726
4977
2975
3594
4328
4114
4044
3601
1901
-743
-3393
-4356
-2821
-1539
-3663
-7344
-8510
-7730
-7424
-7455
-7144
-7077
-7145
-6290
-4951
-4393
-3788
-1942
622
2900
5181
11501
24018
32679
24532
7600
5124
19527
26034
15083
7695
14623
17598
5150
-5869
-3141
-1537
-12975
-22328
-14071
-665
-3787
-19151
-24446
-15554
-9262
-12626
-12955
-3286
4175
949
-2208
4354
11643
8260
1100
3781
13981
17978
11818
5008
3740
3057
-1280
-4631
-3009
-1563
-6103
-12249
-12327
-9031
-10502
-15829
-16580
-10024
-2730
-824
-1743
-266
1951
971
623
6606
12902
10094
3696
4048
6774
3747
-439
326
1295
-1136
-2124
-699
-1900
-5529
-7142
-6172
-4462
-3020
-3737
-6983
-8599
-6688
-5128
-5424
-4683
-3140
-3340
-3914
-2329
-239
411
1404
3404
4620
8917
21263
32433
26197
7304
687
13833
23580
15065
5499
10034
14948
4845
-7739
-6151
-1226
-9966
-21812
-16176
-28
1043
-14573
-22825
-14483
-6060
-8142
-9247
-436
7141
3487
-1475
3737
11911
9893
1748
1840
10866
15614
9813
1866
-475
-898
-4211
-6888
-4920
-2946
-6984
-13340
-13963
-9908
-9036
-12608
-13731
-9033
-3688
-1887
-173
3392
4958
4590
8124
14169
14031
8470
6321
7208
4862
1512
1124
230
-3453
-5485
-5031
-5776
-7204
-7145
-7041
-6338
-3229
-1080
-3088
-5308
-4717
-4455
-4653
-2175
396
-1047
-3054
-1712
119
-231
-241
757
1006
1572
3527
4238
5775
15621
28538
26214
7833
-2079
9349
21478
14415
2559
5793
13934
6868
-7625
-8382
-395
-4999
-18718
-17834
-1440
4082
-10281
-21071
-13316
-2703
-4788
-9159
-2004
7716
5638
-1355
1451
10495
10712
2175
-221
7479
12864
7902
-55
-2166
-1576
-4309
-7798
-6766
-4129
-6511
-12371
-13785
-9569
-7139
-9674
-11421
-7570
-1982
19
2
1876
4494
6148
9155
15427
19282
13883
3374
-1078
2200
4321
1099
-2265
-3238
-5961
-9679
-9815
-7764
-8059
-9175
-6678
-1604
1080
-287
-3922
-6235
-4995
-1927
348
1514
1481
-444
-2580
-1955
264
753
-105
16
934
1838
2572
3317
8489
20502
28265
18093
963
1165
16807
20602
7469
1647
10915
13879
368
-9568
-3663
647
-10327
-20182
-10976
3631
-480
-16480
-19169
-7084
-1499
-7636
-8049
2921
8810
1995
-2692
4618
12044
7522
-398
1801
10074
11050
3173
-2887
-2579
-2355
-5972
-8433
-6263
-4838
-8886
-13749
-12737
-8254
-7208
-9486
-8931
-3644
1694
4006
4643
4752
4114
4234
7215
12003
14170
10649
3613
-1067
-828
14
-2024
-4323
-4514
-5347
-7539
-7584
-5721
-6185
-7839
-5912
-1180
1370
242
-2306
-4268
-4230
-2218
110
1469
1686
605
-1023
-1414
-418
-355
-1258
-711
1363
2444
3390
10977
24884
29360
14086
-3661
489
19074
22497
8696
3322
11760
11683
-3390
-11063
-2497
962
-11670
-19909
-8159
5198
-2665
-19784
-20329
-6734
-992
-6043
-4678
5587
8171
-485
-3994
5091
12820
8119
816
3435
10593
9795
1221
-4423
-3792
-3412
-6039
-7148
-4908
-4828
-10347
-15727
-14326
-8817
-6422
-7328
-5664
-1199
881
740
2868
6282
6259
4723
7319
12256
13127
8334
1916
-1671
-1676
-743
-1192
-2472
-3731
-6414
-9352
-8580
-5336
-4605
-5897
-4761
-1386
47
-1207
-3025
-4199
-3862
-1771
680
1999
1837
196
-1918
-2331
-700
485
529
954
1742
2604
9073
23400
31561
19025
-1603
-3068
14913
23950
13607
5273
10274
11449
-1849
-11417
-4132
2475
-8072
-20106
-12633
3140
837
-16525
-22609
-11419
-2408
-4660
-4688
4248
8507
541
-5918
1010
11822
11531
3668
2283
8387
10546
4118
-2931
-4176
-3329
-4720
-5992
-4426
-3550
-7932
-14713
-16360
-11481
-6359
-5711
-6974
-5257
-372
3150
3248
3137
5295
7228
7262
8949
12673
11134
2664
-3324
-1941
552
-601
-2338
-3314
-5956
-8705
-8254
-5947
-4362
-3963
-4021
-3227
-1084
-229
-3059
-6050
-4833
-1802
-348
695
1686
409
-2446
-3328
-1746
89
1681
2983
2908
3941
12217
25827
29616
15033
-1864
737
17169
22454
12823
7900
11912
7793
-6699
-11532
-1410
2682
-9291
-18557
-10199
1219
-3796
-17425
-19267
-9603
-4285
-5760
-2373
6303
7077
-1836
-6034
1596
10771
10981
5980
4746
7280
7288
2991
-1277
-2624
-3195
-4787
-5443
-3985
-3634
-7810
-14073
-16231
-12427
-7205
-5049
-5278
-4247
-746
2616
3164
1934
2414
5711
9074
10024
8939
6383
2318
-1415
-2073
-114
1002
-453
-2992
-5067
-6234
-6378
-5574
-4270
-3141
-2544
-2398
-2617
-3418
-4969
-6207
-5333
-2594
-222
476
-176
-1458
-2735
-2974
-1274
1666
3970
4599
6553
15181
27072
28092
13285
-275
4447
17896
19942
12705
11539
14008
5619
-9449
-11919
-1537
1138
-9987
-16768
-8706
-1104
-8362
-19314
-17685
-8931
-6917
-8510
-2148
7689
6840
-2979
-6325
1624
9843
10110
7452
8282
9692
6614
1332
-558
485
-496
-3878
-5243
-3349
-2603
-6678
-12935
-15460
-12347
-7540
-5007
-3931
-2220
-1373
-3117
-4305
-1158
3958
6650
7546
8633
7874
3845
293
274
1458
1515
1540
1822
585
-2579
-5779
-7022
-5883
-3773
-2506
-2143
-2058
-3576
-7227
-9453
-7518
-3995
-2050
-1235
-823
-1883
-3971
-4543
-2520
869
3822
5987
10869
21303
29720
24085
8271
1457
10384
19604
17935
14298
16460
14952
1994
-10633
-9198
-1199
-2855
-11974
-12902
-4707
-3344
-13767
-21403
-17224
-10739
-10181
-8724
-331
6690
3404
-4353
-5036
1946
7917
8866
8903
10877
11571
8150
3392
1131
854
50
-1458
-2077
-1614
-2277
-6271
-12131
-14825
-12030
-7858
-6409
-5980
-4297
-3754
-5748
-6001
-1755
2857
3971
3733
4911
5954
4703
2463
1585
2066
2503
2601
3080
3262
1070
-3054
-5428
-4317
-2468
-2366
-2851
-2939
-4310
-7323
-9131
-7907
-5419
-4016
-3688
-3308
-2967
-3597
-4601
-3553
178
4097
8029
15799
25961
28012
17224
5780
7103
16265
19691
17021
17214
18686
11576
-2020
-8179
-3427
-431
-6708
-12745
-9519
-4532
-8561
-17240
-19368
-15489
-13980
-14359
-9235
172
3973
-931
-6143
-4429
1462
5691
7963
10755
12889
11353
7205
4447
4189
4026
2399
555
124
486
-801
-5032
-10044
-12375
-11754
-10366
-8497
-5302
-2932
-4530
-8273
-9035
-5763
-1809
855
3017
4908
5342
4109
2571
1926
2165
2630
3329
4715
5731
4248
349
-3132
-4297
-4089
-3588
-2723
-2346
-3933
-6845
-8655
-8343
-7085
-6060
-5383
-4883
-4631
-4736
-4457
-2562
834
5167
11673
20396
25599
21321
12178
9222
14155
18304
17772
17797
19914
17099
6976
-1651
-1979
325
-2962
-9053
-9735
-6084
-6633
-12881
-17424
-16784
-15811
-16871
-15089
-8122
-1745
-1560
-5097
-6268
-3610
35
3072
6430
10132
11871
10424
7763
6327
6210
5769
4195
2574
2242
2588
1152
-3091
-7727
-10265
-11061
-11082
-9431
-5689
-3058
-4710
-8225
-8679
-5593
-2685
-1554
-164
1953
2824
2201
1806
2280
2395
1686
1705
3417
5415
5265
2591
-137
-1432
-2260
-3022
-2907
-2454
-3618
-6151
-7498
-7262
-7191
-7636
-7541
-6785
-6338
-6086
-4757
-1973
2507
9618
18110
22593
18733
11219
9616
14985
19303
18956
19002
21179
18714
9441
2151
2749
4717
326
-6487
-7346
-3959
-4817
-10983
-15325
-15059
-15351
-18089
-17475
-10909
-4709
-4765
-8199
-8925
-6301
-3470
-1230
2015
6217
8838
8505
7072
6773
7393
7194
5637
4173
4252
5317
5039
2021
-2173
-5263
-7262
-8911
-9021
-6684
-4580
-5851
-8669
-8657
-5609
-3282
-3379
-3849
-2948
-1347
93
1595
3042
3316
1967
668
1456
3837
5199
4265
2450
1245
363
-552
-948
-1067
-2243
-4432
-5613
-4997
-4359
-5179
-6624
-7189
-6859
-6504
-6177
-5260
-3696
-2098
79
5343
14150
21095
19908
12666
8396
10941
15049
16487
17741
20390
19707
12503
4399
2408
4446
3128
-2415
-5732
-4208
-3188
-6538
-10737
-12015
-12716
-15702
-17733
-14408
-7892
-4321
-5676
-8210
-8340
-6514
-4552
-2282
1286
5069
6587
5553
4378
4866
6092
5958
4218
2916
3535
4749
4154
1727
-581
-2422
-5011
-7406
-6721
-3248
-1351
-2983
-4799
-4334
-3988
-5675
-6723
-4868
-2422
-1810
-1708
-449
872
598
-790
-1288
236
2470
3210
2676
2696
2650
667
-1838
-2183
-1449
-2073
-3099
-2695
-2037
-2827
-4289
-5020
-4967
-4791
-4892
-4797
-3447
-685
3269
9150
15658
17369
11926
6090
6852
11241
13094
13637
16506
18467
14366
6961
3595
5220
5547
1220
-3020
-2395
-191
-1909
-5894
-7347
-7621
-10837
-14766
-13904
-8862
-5248
-5411
-6935
-7513
-7216
-6728
-5727
-3493
-530
1508
1941
1904
2486
3428
3827
3080
1597
1001
2160
3449
3104
2012
1369
-71
-3087
-5206
-4161
-1594
-580
-1482
-2319
-1932
-1367
-2095
-3626
-4248
-3828
-3542
-3019
-1041
1154
1046
-1015
-2228
-1433
70
1074
1604
1935
1835
1021
-94
-689
-881
-1605
-2638
-2532
-1298
-772
-1649
-2597
-2810
-2923
-3173
-2936
-2123
-1357
-937
-373
1702
6511
12408
14786
11558
6929
6163
8578
10006
10054
11501
13570
12031
6799
3455
4843
6327
3165
-1860
-3162
-1376
-1434
-3794
-4594
-3687
-5265
-9862
-12366
-9804
-5730
-4574
-5763
-6199
-5462
-5345
-5861
-5089
-2752
-999
-1096
-1582
-646
1332
2534
2005
520
-448
-274
373
840
1413
2104
1726
-302
-2361
-2533
-1199
-213
-237
-357
102
589
305
-593
-1466
-2281
-3174
-3392
-2134
-316
247
-695
-1719
-1889
-1481
-843
-8
764
985
554
-45
-246
-194
-614
-1493
-1765
-1033
-350
-482
-823
-819
-849
-1096
-1057
-616
-427
-812
-1246
-1110
-215
1849
5774
10537
12551
9675
5216
4127
6105
7216
7162
8816
11258
10252
5925
3400
4653
5457
2454
-1485
-2060
-263
-66
-1666
-2178
-1907
-4054
-8200
-9895
-7545
-4599
-4051
-5007
-5565
-5672
-5988
-6181
-5478
-4044
-2971
-2869
-3031
-2354
-803
470
358
-926
-1865
-1311
78
965
1378
2011
2152
731
-1071
-1008
682
1600
1025
800
2047
3166
2191
-275
-2054
-2599
-3073
-3444
-2373
-413
5
-1551
-2785
-2411
-1611
-1396
-1136
-166
921
1167
685
456
591
-17
-1492
-2095
-863
707
1020
541
266
52
-431
-699
-338
121
-114
-959
-1515
-1245
-404
1303
4838
9040
10150
6895
3417
3689
5950
6590
6365
7953
9949
8778
5254
3858
5499
5981
2857
-567
-642
962
642
-1107
-1614
-1625
-3929
-7686
-9047
-7059
-4836
-4803
-6011
-6596
-6466
-6504
-6612
-5948
-4587
-3660
-3682
-3752
-2783
-912
542
431
-820
-1487
-655
661
1313
1772
2647
2829
1322
-360
-138
1386
2139
1888
1749
1630
707
-568
-1075
-909
-1068
-1833
-2364
-1899
-991
-963
-1925
-2500
-2075
-1538
-1169
-160
1197
1430
526
29
422
719
422
-7
-141
115
608
885
732
387
-101
-769
-1053
-594
-176
-549
-1258
-1744
-2205
-2645
-2357
-453
3530
8260
10210
7535
3649
3072
5054
6013
6208
8304
11036
10416
6654
4395
5554
6426
3700
-170
-858
954
1129
-841
-1868
-1873
-4154
-8635
-10797
-8621
-5475
-4814
-6053
-6866
-6754
-6771
-7131
-6704
-4978
-3286
-2915
-3044
-2054
-83
1175
698
-703
-1310
-352
1164
2026
2563
3307
3143
1159
-885
-694
994
1757
1361
1570
2680
2897
1245
-959
-2183
-2615
-2992
-2844
-1527
-145
-399
-1963
-2857
-2321
-1435
-898
-80
1263
2075
1671
969
931
996
267
-754
-961
-419
-35
-67
-123
-262
-900
-1736
-1886
-1258
-825
-1242
-2025
-2465
-2549
-2442
-1478
1548
6447
10338
10000
6192
3475
4418
6638
7478
8220
10443
11691
9189
5294
4389
5922
5349
1596
-1221
-447
1107
105
-2194
-3177
-4009
-7072
-10556
-10481
-7075
-4592
-5195
-6859
-7358
-7032
-6967
-6789
-5516
-3504
-2238
-2207
-2149
-924
729
1190
141
-943
-554
1076
2467
2969
3220
3256
2039
-220
-1336
-169
1431
1371
348
136
335
-312
-589
1245
2991
1161
-2613
-3623
-1649
-399
-748
-727
-339
-897
-1719
-1318
120
1187
771
-572
-603
1248
2163
616
-854
-806
-1261
-2423
-1817
47
19
-1885
-3040
-2775
-2132
-1623
-1538
-1971
-2328
-2553
-3073
-2808
4
5032
9931
11964
9526
4882
3359
6276
8930
9002
9976
12636
12076
7145
3790
5170
6605
3736
-599
-1296
1078
1477
-1595
-4189
-4441
-5982
-10233
-12156
-8622
-4369
-4488
-7196
-8400
-7955
-7709
-7571
-6289
-3923
-2027
-1758
-2199
-1466
401
1421
776
-128
134
1605
3279
4027
3712
3158
2342
520
-1101
-234
2311
3373
2484
1704
1192
-397
-2315
-2692
-1781
-1247
-1569
-1989
-1934
-1692
-2089
-3087
-3276
-1997
-613
-53
615
1582
1396
-16
-729
-71
575
398
-96
-554
-1043
-1457
-1658
-1658
-1560
-1677
-2114
-2330
-2019
-1897
-2544
-3348
-3551
-3284
-2555
-3
5645
12290
14563
10018
3835
2992
6917
9790
10586
12938
15785
13547
6669
2785
5004
7148
4015
-560
-721
1751
1033
-2903
-5254
-5520
-7876
-12310
-13229
-8666
-4063
-4344
-7728
-9922
-9987
-9329
-8095
-5461
-2100
-133
-575
-1864
-1645
312
1944
1745
759
1103
3093
4816
4737
3662
2865
1655
-670
-1951
23
3173
3699
1474
-803
-1856
-2041
-1506
-643
-388
-1072
-2264
-3238
-3047
-1788
-1331
-2460
-3063
-1752
-180
382
734
887
-43
-1068
-552
868
1567
1056
-510
-2401
-3077
-2200
-1356
-1458
-1917
-2570
-3468
-3711
-3036
-2699
-3228
-3748
-3931
-3976
-2667
2148
10136
16413
15190
7480
2077
4768
10723
13337
14399
17426
18014
11369
3362
2871
7635
8121
2654
-1157
479
2010
-1436
-6175
-7341
-7671
-11503
-15146
-12293
-5512
-3166
-7128
-11611
-12537
-11121
-9114
-6133
-2159
759
611
-1721
-2888
-943
2247
3559
2683
2057
3292
5165
5433
3870
2328
1531
130
-1652
-955
2390
3735
452
-3683
-4507
-2978
-1687
-750
221
128
-1674
-3774
-4053
-2149
-321
-720
-1959
-1293
518
754
-177
-172
205
-337
-360
1418
3028
2235
-372
-2763
-3541
-2585
-1166
-698
-1220
-2298
-3919
-5165
-4648
-3197
-2966
-3911
-4397
-4265
-4272
-3792
-1020
5281
13452
17791
13906
6345
4484
9590
14149
14911
16328
19290
17632
9670
3396
4820
8542
6387
276
-1592
1174
656
-5433
-10035
-9689
-9979
-13832
-15262
-10349
-5092
-6268
-11611
-14303
-12425
-9283
-7005
-4281
-497
1693
304
-2093
-1565
1722
4281
4379
3657
4251
5917
6377
4458
2045
1263
1036
-326
-988
1146
3226
1383
-2365
-3473
-2513
-2927
-4128
-3337
-1532
-1728
-3613
-4521
-3793
-3047
-3204
-3166
-1553
741
1294
120
-106
1115
1388
584
1182
2811
2399
-127
-1914
-2105
-2019
-2070
-1963
-2084
-2802
-3914
-5061
-5544
-5022
-4684
-5491
-6128
-5257
-3136
1564
10813
19858
19070
8467
1165
5864
15267
19215
19432
21548
21612
13280
2763
2170
9899
12041
4346
-1982
-168
1449
-4437
-11393
-11902
-10440
-13505
-16685
-12840
-5864
-5437
-12210
-17502
-15881
-10505
-5978
-2562
628
1887
-150
-2868
-2292
1971
6508
7971
6307
4578
5123
6254
4793
1448
-94
682
734
-493
-358
830
-754
-5405
-8210
-6354
-2866
-1364
-1703
-2345
-3094
-4032
-4286
-3047
-931
368
142
-126
960
2011
1249
17
492
1955
2751
3133
3269
1923
-797
-2753
-2873
-2046
-1290
-1169
-2042
-3656
-5404
-6756
-6892
-5575
-4297
-4472
-5329
-5632
-5752
-6204
-5347
366
12331
24084
24193
11565
1481
6161
17328
21216
20437
23904
25926
16051
1869
196
9574
12122
2447
-4942
-1266
2046
-5873
-16327
-16898
-12676
-14805
-18969
-14170
-4782
-4793
-14701
-20950
-16438
-7904
-2961
-736
2114
3984
1831
-1828
-1114
4693
9766
9713
6793
5672
6917
6813
3012
-1457
-2043
334
759
-1293
-1969
-1814
-5572
-11948
-13131
-6736
178
1198
-1979
-4247
-4291
-3953
-3155
-17
4026
4646
1931
941
2927
3381
835
-440
1755
4411
4881
3752
2012
-416
-3085
-4108
-2059
1004
845
-2976
-6090
-6254
-6043
-6786
-6283
-4292
-3694
-5031
-5721
-5059
-4971
-5865
-6010
-4504
-526
8865
22967
30489
20516
2285
-1673
12881
25911
25590
23246
25779
20477
2913
-7064
3125
15177
8881
-5608
-7370
-287
-3629
-17103
-22271
-15414
-12015
-16853
-16304
-6249
-2317
-12811
-23389
-19577
-6943
1413
3350
4079
4235
1304
-2395
-1192
5578
11888
12400
8286
4666
4158
4462
2111
-2159
-3661
-861
1281
-1092
-4579
-5654
-7402
-11646
-12221
-5336
1570
780
-4058
-5572
-3799
-2342
-731
2793
5929
5182
1740
394
2516
3944
2134
896
3424
5893
4051
503
-842
-1327
-2730
-2614
316
2097
-895
-6271
-8752
-6845
-4026
-3515
-4332
-4348
-4377
-5674
-6239
-4228
-2266
-3279
-5093
-4351
-2038
1441
11053
26254
31779
16517
-2951
-389
20378
30976
23644
18353
21769
16305
-1130
-7104
7017
16256
3158
-12727
-9090
1430
-4957
-21586
-24446
-13688
-9676
-15116
-13729
-4318
-4410
-17406
-24111
-13223
2414
7363
3564
890
1168
632
-100
2867
8770
11935
9354
4486
2484
3667
3419
-1115
-5861
-4736
565
1697
-3868
-9228
-9918
-9799
-10778
-7779
-225
3050
-1956
-6709
-4259
498
2055
3575
7516
8776
4553
633
1712
4332
3963
2150
2596
4470
3575
-762
-3834
-2718
-851
-1175
-855
1341
504
-5047
-8881
-6927
-3533
-2729
-2737
-2020
-2530
-5058
-6911
-5436
-1646
778
188
-990
-998
-1763
-4330
-5498
-2235
6902
21682
32264
23927
1248
-8698
6369
24061
23765
17061
19023
18233
2383
-11699
-4121
11514
8892
-7407
-11044
138
1054
-15649
-26115
-16810
-5698
-7835
-11130
-4271
-136
-10552
-21930
-16321
329
9129
5684
753
510
670
-1503
-1572
3404
8591
8494
4605
1895
1518
341
-3601
-7314
-5579
1019
4292
-825
-8386
-10551
-8846
-7931
-5633
814
5334
1278
-5197
-2966
5329
7065
1604
799
6904
9284
4604
1115
1302
-88
-2394
-141
4918
5241
-830
-6867
-6491
-1211
1915
658
-257
153
-2465
-6240
-4947
-994
-1759
-5008
-3705
147
-70
-3791
-5491
-3417
-35
1628
1120
98
-1172
-3850
-5948
-4124
-1102
1247
10444
27210
30832
8547
-13737
-4713
22002
29170
16197
11790
18448
11709
-8196
-11379
7812
17211
735
-13976
-4717
6585
-6238
-26193
-23218
-5339
-424
-8392
-8682
-2117
-6501
-19759
-20519
-3655
10938
8840
-1043
-4314
-1401
-343
-1478
777
6399
9053
6019
1094
-1091
-1205
-3068
-6510
-5827
1411
6794
1601
-9149
-13030
-8757
-5232
-4365
-247
5817
4507
-3792
-6759
807
8421
7049
3227
5754
9970
6608
-777
-2337
1067
1872
715
2731
4240
-1162
-8904
-8815
-1347
3654
2086
-890
-1159
-1547
-4097
-4995
-1691
1035
-1206
-4173
-2572
349
-1301
-5087
-4493
200
2832
1431
-55
-144
-1253
-3925
-4625
-1962
-371
-3302
-6406
597
19531
32473
19410
-7903
-13963
10188
30720
23667
10376
12802
15704
1274
-11276
478
17419
9351
-12121
-13037
4704
6314
-15729
-28315
-14816
713
-2704
-10557
-6248
-2440
-12449
-21518
-11128
8233
12793
1344
-6847
-2902
3285
2622
-493
1425
5711
5777
2070
-105
-79
-2293
-7122
-8584
-2667
4703
3408
-6700
-13860
-10897
-4532
-2481
-2231
802
2292
-2119
-6021
-1793
6322
8401
6372
8686
12135
7627
-406
-434
5290
6091
2834
2602
2329
-2770
-8271
-7475
-1910
1681
816
-1360
-1400
-962
-3613
-5560
-1417
3558
2086
-1971
-2165
-1724
-4628
-5757
-1338
3060
2657
-449
-2246
-1878
-1123
-1341
-1496
-356
-208
-3639
-6809
-6050
-5140
-7101
-4326
11905
30468
27087
618
-16287
-311
26425
28545
13767
11855
19255
10580
-8367
-7501
10431
12852
-4883
-12168
1737
8460
-10484
-29777
-22444
-2221
2374
-6823
-8473
-3558
-8225
-18210
-14136
3651
13589
6412
-3325
-2442
3462
3476
-1429
-1668
4727
9211
6195
117
-3139
-5001
-8483
-10061
-4719
3282
3192
-6916
-15540
-13374
-6226
-3875
-4463
-1083
3273
1083
-4291
-3484
2437
4865
4144
7801
14983
15716
7057
-975
-228
5013
7447
7058
6465
2713
-5494
-10101
-5460
1167
1115
-2433
-2348
-360
-1923
-5235
-5160
-1431
1500
1484
729
236
-2273
-6592
-7114
-1067
5013
4319
-354
-2644
-2130
-1712
-1608
-296
1200
668
-2027
-4487
-5418
-5925
-7195
-7468
-5593
-362
12240
27514
24553
-663
-16675
-176
27725
29603
11583
6041
14115
10371
-5088
-5925
9051
11889
-4243
-12251
341
7904
-9084
-27413
-20016
370
4928
-5381
-9116
-5054
-7282
-13823
-9816
4488
11915
5236
-3298
-2151
3940
4383
-887
-2549
2812
7839
5710
-1143
-5817
-7045
-8034
-8746
-5374
714
1052
-7447
-15092
-12303
-4518
-2325
-4328
-1972
3629
3846
-974
-2108
2303
5109
4242
6099
12452
14642
7476
24
1823
7901
8578
5449
4433
2702
-3163
-6831
-3373
224
-2076
-5094
-3566
-1219
-2721
-5638
-5296
-1651
1363
1649
1072
976
-556
-3317
-2579
2159
4354
1213
-1550
-559
446
-728
-1537
-446
552
-69
-1616
-2671
-3176
-4391
-5917
-5763
-3954
-3613
-5881
-7788
-6571
1511
17464
27385
14920
-7427
-7682
17049
31104
18055
5243
11360
17284
5573
-5950
770
9422
270
-12847
-6923
7580
1890
-20181
-26730
-10405
3008
-1875
-9427
-6385
-3075
-7868
-10630
-2266
7938
7318
-72
-1421
4566
7369
1823
-4550
-2843
3952
6430
1605
-4669
-7414
-8262
-9456
-8657
-3948
-642
-4507
-11420
-11593
-4979
-1320
-3690
-4287
1280
6183
4587
1195
2116
4864
4950
5043
8971
12318
8922
2673
1437
4276
5129
4025
4293
3690
-557
-4542
-3928
-1579
-1871
-3119
-2201
-490
-1351
-4038
-4813
-2416
269
1274
1931
2725
1482
-1653
-2308
752
3193
2302
626
363
66
-1234
-2146
-1846
-1224
-1120
-1381
-1788
-2616
-4359
-5828
-5346
-3532
-3027
-4342
-5337
-4903
-4626
-5174
-4835
1374
16328
28369
19840
-2500
-8353
12229
29449
20491
6334
9671
16897
7142
-7282
-4484
6091
2013
-10601
-9001
4083
2564
-17100
-26925
-13441
2639
1330
-7218
-6491
-1778
-4499
-8942
-3662
6979
9550
3093
-502
3630
6711
1572
-5812
-4939
2488
5683
282
-6693
-9057
-9317
-10822
-10554
-5451
-1029
-3812
-10144
-10370
-4280
-1166
-3478
-3256
3330
8689
6741
2808
3291
5503
4901
4667
8777
12545
8842
1218
-1159
2016
3127
776
1237
4382
3250
-2486
-5130
-2741
-1401
-2436
-1013
2426
1894
-3131
-6022
-3376
805
1953
1308
1624
2226
742
-1373
-489
2221
3047
2017
1859
1806
-436
-3467
-3994
-2104
-338
-294
-1856
-3859
-5154
-5207
-4467
-3370
-2185
-1705
-2181
-3066
-3551
-3770
-3518
-2624
-1543
-1467
-579
8355
23617
26474
6802
-11534
-1003
24621
27771
9429
2356
11778
11590
-4042
-9942
1173
5938
-5741
-12385
-1431
6560
-7352
-24784
-19708
35
7244
-1834
-7417
-3088
-1290
-5892
-5800
2973
9451
5720
-805
-247
4165
2442
-5774
-9339
-2643
4997
2744
-6310
-11217
-10139
-9292
-10067
-7207
-1307
-471
-6353
-9641
-4759
613
-775
-3139
1765
9402
9767
4058
1441
3713
4901
4130
6091
9879
8438
1183
-3347
-1026
2064
400
-1516
1220
3977
824
-3714
-2449
1437
1583
959
3977
5482
1023
-3334
-1372
2307
2040
395
923
1725
237
-1965
-1790
475
1825
1107
632
1501
900
-2155
-3755
-2024
-242
-955
-2257
-2711
-3253
-3909
-3748
-2882
-1960
-1342
-1330
-1779
-2163
-2299
-2506
-2254
-1331
-834
-1399
-2233
-2718
-3153
-2176
5943
20147
24527
8566
-9207
-3230
18220
23061
8592
2058
10111
11289
-1622
-8286
-595
3578
-5012
-9786
-284
7263
-3654
-19594
-17824
-2078
5860
129
-4717
-1938
-213
-3905
-5301
169
5451
3777
-993
-1084
2216
738
-7082
-11863
-6742
1127
966
-6187
-10367
-9130
-8327
-9674
-7678
-1702
729
-3085
-5579
-1407
2877
920
-1834
2414
9690
10520
5552
2969
4377
4499
2716
3833
7561
7355
1800
-2103
-614
1438
-558
-2566
183
4203
3699
7
-1455
-188
721
1643
4539
6488
3650
-1251
-2212
357
1458
431
447
1248
370
-1622
-2228
-1557
-930
-58
1458
2245
855
-1740
-3190
-2469
-1032
-392
-624
-1263
-2512
-3827
-3879
-2869
-2225
-2141
-1507
-593
-824
-2188
-3067
-2625
-1471
-568
-559
-1294
-2171
-2748
-2681
-2079
-1504
-1567
2054
13656
23223
14688
-4693
-7885
10434
22589
12950
2191
6244
10753
1594
-7985
-3658
3441
-1459
-8956
-3999
5500
1042
-13993
-18164
-6505
4092
2395
-3081
-2897
-880
-2788
-4926
-2012
3063
3808
136
-1773
400
1144
-3967
-9867
-8162
-632
2458
-2625
-8290
-8588
-7024
-7669
-7118
-2331
1606
-462
-4089
-2225
2406
2544
-408
1208
7543
10490
7001
3168
3052
3541
2394
2732
5818
6847
2709
-1963
-2093
86
-253
-2259
-1727
888
1359
-386
-324
1247
338
-1630
1415
7494
7520
1513
-927
1688
2158
64
1025
3321
1395
-1793
-1152
607
-588
-1996
-432
2263
2623
576
-1491
-1831
-1132
-1044
-821
-55
-811
-3706
-5259
-4315
-3779
-4368
-3700
-1994
-1841
-2805
-3133
-2926
-2511
-1239
469
814
-433
-1811
-2290
-2245
-1642
-744
-428
-1214
-2230
-2238
-1009
4960
15650
19362
6773
-7209
-1378
16304
18658
5165
323
8587
10493
154
-5298
332
2902
-3738
-6066
2370
7486
-2060
-14214
-12099
-275
4838
10
-4063
-2531
-937
-2759
-4122
-2079
411
-406
-2922
-2522
171
-890
-7330
-11490
-7077
193
705
-4822
-7913
-6238
-4945
-5724
-4259
-82
1359
-1243
-2031
1684
4119
1357
-1299
1736
6936
7699
4484
2351
2330
1866
1081
2337
4634
4156
818
-994
450
1590
-236
-2122
-501
2738
3298
1175
-19
704
1406
2460
5394
7349
4908
1057
514
1763
1186
-40
282
740
-35
-1124
-2046
-2989
-3228
-2097
-147
1536
1638
-92
-1806
-1654
-586
-243
-329
-417
-1084
-2206
-3053
-3797
-4396
-4081
-2847
-1828
-1585
-1944
-2815
-3458
-2849
-1441
-460
-332
-692
-1287
-1868
-2123
-2024
-1870
-1501
-872
-643
-794
-921
-1043
-1727
804
10712
20367
15096
-910
-4803
9158
18481
10097
1984
7339
12451
4611
-4022
-1202
3339
-1956
-8058
-2444
6807
3996
-8845
-14430
-7518
194
-196
-3598
-2992
-670
-1668
-4632
-4503
-1480
-216
-2540
-3597
-9
2953
-1460
-9474
-10489
-3675
763
-2111
-5397
-4044
-2751
-5397
-6980
-3247
613
-720
-2955
74
4885
3930
-1131
-2068
2637
6395
5683
4110
4477
4417
2167
644
2210
4254
3250
750
724
2765
2684
-531
-2788
-1286
1428
1913
1057
1229
1622
486
-204
2166
4998
4241
1853
2271
3976
2565
-467
-613
1032
747
-426
135
479
-1765
-3903
-2744
-438
-280
-1387
-1460
-899
-1205
-1972
-2244
-2301
-2541
-2338
-1539
-1243
-2188
-3383
-3556
-2883
-2240
-1906
-1598
-1228
-946
-813
-891
-1076
-1119
-852
-302
291
602
267
-475
-773
-284
209
253
243
449
627
756
712
353
1860
7350
12293
9227
1191
61
7384
10587
4704
993
5878
9324
4039
-1256
1046
3582
-1041
-5846
-2561
3422
2583
-3276
-5861
-3943
-2779
-4281
-5433
-4378
-2762
-2703
-3882
-4279
-3074
-2371
-4071
-6004
-4607
-1166
-437
-2864
-3894
-1928
-837
-2560
-3750
-2113
-465
-1213
-2088
-739
843
24
-1828
-1805
-40
1124
1001
898
1503
2040
1931
1664
1832
2194
2222
2063
2333
3006
3223
2630
2053
2201
2456
2025
1377
1371
1713
1580
1082
818
686
346
151
436
686
394
84
373
815
699
325
390
773
862
673
703
897
700
104
-150
169
287
-355
-1100
-1166
-952
-1232
-1779
-1844
-1524
-1497
-1793
-1889
-1784
-1904
-2114
-1832
-1128
-721
-801
-814
-539
-368
-430
-372
-107
54
59
146
266
96
-324
-538
-292
148
371
277
64
-41
16
105
110
95
130
109
-84
-318
-386
-196
295
1034
1716
1962
1730
1381
1373
1917
2731
3228
3156
2889
2865
3006
3014
2923
2879
2707
2254
1851
1806
1712
962
-216
-1058
-1386
-1663
-2107
-2552
-2940
-3277
-3400
-3369
-3548
-4017
-4462
-4667
-4599
-4135
-3348
-2841
-3089
-3583
-3459
-2764
-2352
-2485
-2569
-2226
-1727
-1333
-978
-657
-524
-536
-377
126
709
982
980
1125
1634
2265
2704
2848
2756
2643
2776
3146
3460
3558
3531
3440
3270
3082
2907
2648
2275
1964
1869
1933
1957
1817
1567
1315
1107
960
897
873
805
692
589
498
353
84
-290
-593
-686
-757
-1044
-1374
-1459
-1404
-1509
-1740
-1934
-2161
-2462
-2607
-2414
-2117
-2051
-2205
-2298
-2219
-2123
-2114
-2114
-2006
-1740
-1327
-888
-624
-628
-732
-710
-517
-221
106
329
334
266
326
435
402
307
341
445
463
413
409
422
329
140
29
120
446
1083
1927
2484
2427
2131
2085
2277
2632
3197
3598
3356
2862
2875
3198
3080
2596
2367
2353
2062
1551
1214
929
301
-518
-1063
-1398
-1936
-2625
-3042
-3111
-3094
-3119
-3218
-3507
-3958
-4341
-4519
-4463
-4106
-3581
-3295
-3383
-3389
-2959
-2469
-2375
-2428
-2118
-1580
-1252
-1014
-502
38
182
215
643
1214
1390
1312
1488
1936
2353
2652
2845
2841
2631
2432
2438
2643
2865
2915
2773
2616
2596
2639
2517
2172
1840
1765
1836
1796
1662
1562
1364
988
719
701
568
90
-324
-310
-129
-123
-237
-352
-593
-971
-1202
-1204
-1266
-1499
-1625
-1520
-1440
-1573
-1804
-2028
-2254
-2397
-2322
-2123
-2018
-2013
-1968
-1874
-1815
-1776
-1690
-1548
-1317
-925
-494
-273
-242
-144
75
224
291
454
656
703
693
851
1050
993
758
683
810
875
773
680
666
586
428
368
409
285
-97
-426
-315
296
1165
1878
2062
1746
1396
1400
1774
2356
2859
2906
2510
2263
2485
2694
2405
1881
1587
1468
1278
1033
751
221
-547
-1135
-1339
-1523
-2030
-2663
-3025
-2992
-2712
-2422
-2418
-2832
-3403
-3695
-3564
-3207
-2844
-2620
-2563
-2455
-2071
-1654
-1667
-2040
-2229
-1995
-1576
-1135
-682
-388
-386
-368
22
573
773
612
588
997
1634
2188
2508
2560
2442
2369
2460
2577
2534
2352
2240
2317
2478
2509
2286
1830
1328
1086
1192
1325
1192
966
906
922
811
589
289
-105
-372
-233
116
166
-140
-403
-462
-549
-797
-1037
-1157
-1220
-1226
-1073
-864
-897
-1211
-1474
-1477
-1398
-1426
-1460
-1387
-1246
-1072
-881
-792
-876
-979
-912
-681
-448
-284
-172
-106
-70
-16
55
50
-62
-102
60
297
422
448
421
298
122
46
76
74
55
115
166
80
-65
-152
-225
-350
-453
-490
-551
-596
-320
479
1501
2147
2159
1804
1508
1506
1830
2359
2759
2768
2555
2491
2600
2547
2162
1680
1368
1269
1233
1033
558
-21
-438
-673
-943
-1338
-1756
-2137
-2412
-2405
-2102
-1916
-2235
-2828
-3145
-3106
-3046
-3054
-2936
-2681
-2482
-2343
-2134
-1965
-2055
-2300
-2338
-2017
-1538
-1130
-839
-566
-233
137
413
473
371
310
470
878
1396
1828
2035
2060
2088
2196
2296
2315
2301
2275
2230
2243
2353
2394
2230
2007
1859
1686
1439
1305
1335
1309
1174
1095
1048
832
494
257
127
-4
-73
-31
-57
-249
-444
-567
-771
-1066
-1241
-1228
-1211
-1274
-1293
-1219
-1205
-1335
-1461
-1475
-1475
-1525
-1521
-1352
-1129
-1011
-969
-915
-862
-845
-821
-741
-631
-519
-417
-347
-319
-300
-243
-148
-51
17
43
67
153
289
380
408
439
477
468
418
412
459
502
483
404
311
246
190
96
-5
-51
-13
146
509
1021
1431
1584
1601
1633
1672
1719
1849
2047
2200
2301
2404
2420
2233
1961
1761
1572
1283
978
763
516
122
-286
-589
-908
-1350
-1806
-2129
-2336
-2458
-2482
-2481
-2587
-2759
-2862
-2923
-3040
-3132
-3029
-2788
-2598
-2475
-2319
-2179
-2134
-2079
-1866
-1587
-1401
-1243
-958
-570
-225
53
325
594
799
946
1090
1263
1474
1722
2007
2292
2501
2554
2467
2372
2366
2371
2295
2210
2218
2238
2143
1946
1740
1539
1325
1144
1046
978
849
666
496
358
214
19
-209
-401
-490
-527
-609
-742
-860
-931
-1013
-1120
-1194
-1226
-1255
-1271
-1233
-1176
-1172
-1211
-1218
-1176
-1126
-1094
-1029
-893
-734
-616
-533
-453
-388
-366
-356
-293
-201
-145
-115
-28
105
178
156
136
207
319
396
438
465
482
507
552
564
520
491
533
590
566
494
467
465
410
317
267
261
211
129
129
221
260
199
203
390
635
763
765
728
691
689
796
971
1048
969
859
815
779
678
531
363
189
64
3
-96
-338
-628
-800
-854
-933
-1103
-1299
-1461
-1582
-1646
-1645
-1648
-1724
-1827
-1863
-1824
-1777
-1768
-1764
-1699
-1569
-1431
-1338
-1270
-1165
-988
-769
-547
-353
-207
-77
103
351
594
752
844
949
1090
1240
1362
1444
1503
1577
1654
1679
1632
1577
1553
1520
1437
1341
1254
1146
1028
957
922
836
679
543
469
405
304
192
109
52
9
-40
-117
-223
-314
-354
-361
-357
-349
-349
-368
-378
-362
-337
-331
-314
-252
-168
-111
-89
-87
-97
-99
-74
-51
-82
-140
-168
-175
-212
-286
-346
-383
-411
-424
-418
-440
-501
-537
-510
-453
-426
-415
-385
-332
-270
-225
-208
-214
-211
-156
-81
-30
-19
-20
-18
-26
-35
-32
-40
-65
-75
-41
20
57
50
27
15
25
60
101
138
166
204
265
343
419
473
489
460
436
463
521
548
520
485
459
416
350
282
221
130
24
-41
-57
-71
-123
-195
-264
-321
-377
-425
-453
-464
-467
-482
-489
-471
-451
-469
-502
-499
-445
-404
-408
-418
-385
-326
-281
-238
-188
-149
-140
-120
-49
48
113
139
164
206
257
311
361
403
433
459
487
507
512
497
465
428
397
368
345
318
294
256
186
114
65
43
14
-12
-7
19
18
-21
-53
-43
-20
-9
-10
1
27
47
46
28
11
9
9
2
-12
-25
-48
-75
-77
-44
-13
-19
-43
-48
-34
-29
-35
-33
-25
-17
-10
-2
-6
-44
-95
-122
-102
-67
-53
-66
-92
-115
-133
-136
-117
-86
-67
-74
-88
-98
-117
-144
-168
-174
-153
-129
-123
-134
-149
-159
-161
-147
-114
-87
-84
-89
-80
-56
-43
-41
-32
-4
27
40
27
-2
-25
-10
36
99
153
181
192
192
195
200
206
214
230
251
256
232
197
172
148
112
69
32
-14
-72
-104
-85
-40
-25
-56
-94
-125
-169
-195
-132
11
105
60
-49
-66
14
51
-22
-94
-47
51
52
-55
-125
-89
-39
-73
-152
-175
-143
-133
-160
-168
-120
-70
-82
-130
-149
-121
-91
-87
-89
-68
-42
-44
-63
-70
-66
-70
-77
-60
-28
-9
-14
-13
17
59
92
125
175
226
261
286
314
345
366
376
390
411
422
406
381
358
343
315
279
251
229
205
166
129
100
79
52
23
5
-8
-29
-57
-86
-109
-137
-167
-187
-190
-187
-201
-238
-276
-308
-325
-321
-304
-290
-288
-299
-312
-311
-289
-253
-216
-189
-175
-168
-159
-151
-140
-120
-92
-59
-33
-34
-58
-86
-96
-90
-80
-65
-51
-40
-31
-23
-2
25
47
67
90
121
156
184
204
224
244
254
256
248
226
195
161
130
113
98
72
43
11
-16
-42
-61
-74
-80
-81
-77
-61
-39
-19
-4
8
25
47
69
89
108
116
113
107
96
78
62
52
42
22
-4
-28
-50
-72
-94
-103
-98
-91
-91
-90
-81
-75
-73
-65
-48
-32
-24
-25
-21
-18
-17
-21
-17
-9
-7
-9
-13
-16
-20
-22
-18
-4
14
27
41
57
72
80
87
95
108
121
129
133
135
133
125
117
105
93
78
65
53
46
35
24
14
3
-5
-16
-26
-28
-36
-46
-52
-55
-58
-66
-75
-83
-87
-90
-92
-98
-100
-97
-95
-91
-83
-75
-72
-69
-69
-71
-74
-76
-77
-75
-76
-80
-84
-87
-92
-93
-95
-95
-94
-94
-92
-88
-85
-78
-66
-53
-38
-22
-4
14
34
55
76
96
115
134
148
161
169
173
176
177
174
170
162
156
147
137
126
119
110
102
93
85
81
78
74
72
68
62
59
52
46
38
31
21
10
-4
-16
-30
-43
-57
-72
-85
-96
-109
-120
-129
-138
-144
-146
-152
-153
-157
-161
-160
-162
-161
-163
-161
-162
-163
-161
-159
-154
-150
-146
-136
-127
-119
-107
-94
-77
-61
-43
-24
-4
18
37
58
77
97
117
137
154
172
188
203
218
230
241
249
254
257
259
259
256
250
242
229
214
198
180
159
140
119
97
77
59
39
21
4
-9
-23
-36
-49
-60
-71
-82
-94
-107
-118
-127
-142
-159
-173
-187
-206
-222
-235
-249
-260
-272
-280
-286
-284
-280
-272
-264
-250
-232
-212
-190
-164
-134
-106
-72
-40
-9
23
53
82
111
140
164
185
208
224
236
248
257
263
271
270
269
265
258
248
239
228
214
199
184
165
147
126
104
82
58
34
9
-14
-38
-63
-84
-107
-127
-145
-160
-177
-191
-205
-214
-220
-225
-228
-231
-229
-225
-220
-211
-202
-193
-183
-169
-156
-141
-125
-112
-97
-78
-63
-48
-33
-20
-5
8
23
38
56
72
89
107
122
141
153
168
184
196
208
219
229
234
241
243
245
245
240
235
225
211
197
184
167
147
124
103
80
57
32
8
-17
-38
-59
-79
-94
-109
-122
-129
-139
-141
-146
-145
-143
-143
-138
-135
-131
-126
-123
-120
-120
-121
-121
-124
-126
-130
-134
-137
-141
-145
-146
-151
-154
-149
-147
-145
-141
-135
-124
-114
-104
-91
-76
-62
-45
-29
-13
4
23
37
52
70
85
98
112
128
141
151
159
170
176
182
188
193
197
200
201
199
200
197
189
184
177
169
158
144
130
119
103
85
67
48
26
6
-14
-37
-54
-73
-92
-106
-122
-134
-145
-153
-161
-165
-168
-171
-167
-161
-155
-150
-140
-132
-118
-104
-96
-81
-68
-56
-44
-33
-22
-13
-2
6
13
18
26
34
41
46
50
55
58
60
62
67
68
69
66
69
66
61
59
55
53
50
44
41
37
34
30
25
21
20
17
12
8
5
2
-3
-6
-13
-15
-21
-26
-30
-38
-43
-49
-52
-54
-56
-57
-58
-59
-57
-51
-48
-45
-40
-34
-27
-20
-14
-7
1
6
12
16
21
23
24
24
22
19
16
12
8
2
-8
-14
-19
-23
-29
-34
-36
-40
-41
-42
-41
-40
-40
-35
-30
-20
-15
-8
2
11
20
32
41
53
64
74
82
92
99
103
108
114
117
118
119
117
111
106
102
94
87
75
66
54
40
33
20
5
-7
-19
-31
-39
-49
-58
-68
-76
-78
-85
-87
-88
-91
-92
-95
-98
-96
-93
-94
-92
-90
-91
-86
-80
-79
-75
-70
-65
-56
-50
-44
-36
-26
-19
-11
-4
1
10
16
23
29
33
37
39
45
48
47
47
46
45
46
45
42
41
39
36
34
30
31
28
26
26
21
21
21
21
19
16
13
13
12
13
17
16
14
11
12
10
13
13
12
12
13
14
16
16
15
14
16
15
15
13
10
6
3
0
-4
-8
-11
-14
-19
-20
-22
-28
-31
-33
-35
-37
-37
-38
-37
-39
-38
-35
-36
-34
-34
-33
-32
-31
-28
-27
-23
-21
-20
-15
-12
-9
-4
1
4
7
10
10
12
14
17
18
18
21
22
23
24
24
23
23
24
24
24
25
24
20
18
17
15
11
9
7
4
4
2
1
1
0
-3
-4
-5
-5
-4
-4
-4
-3
-4
-3
-3
-4
-4
-4
-4
-5
-5
-5
-5
-7
-7
-8
-8
-7
-8
-7
-7
-6
-6
-3
-3
-3
-2
1
2
2
3
2
5
6
6
5
6
5
4
3
4
4
1
1
0
-3
-3
-3
-4
-5
-6
-5
-6
-7
-7
-4
-3
0
2
4
5
2
4
5
7
8
9
10
11
12
12
11
13
11
12
10
9
8
5
6
3
1
-3
-5
-6
-9
-10
-10
-13
-13
-12
-14
-14
-13
-13
-12
-15
-15
-14
-14
-13
-13
-11
-12
-13
-9
-7
-5
-5
-3
0
-1
1
4
3
6
5
6
5
8
8
6
6
8
7
7
9
8
7
6
6
5
6
7
8
7
7
7
7
7
9
9
9
10
10
12
9
9
8
6
5
7
7
4
5
4
3
4
5
3
4
2
1
0
-2
-2
-3
-5
-5
-6
-8
-5
-8
-10
-12
-12
-9
-12
-13
-8
-8
-8
-10
-8
-7
-7
-7
-5
-7
-6
-6
-8
-4
-4
-3
-3
-1
2
-2
-3
-3
-2
-3
-2
0
0
2
4
6
4
4
5
6
5
7
7
8
8
7
8
8
8
8
9
7
9
7
6
4
5
4
3
5
2
2
1
2
2
-2
-1
-1
1
-1
-3
-7
-5
-5
-7
-7
-7
-4
-4
-4
-4
-5
-5
-4
-5
-3
-4
-6
-7
-5
-3
-6
-3
-5
-5
-2
0
0
1
3
4
7
7
7
7
9
10
9
12
12
11
10
10
9
8
8
7
7
5
3
3
0
0
-2
-1
-4
-5
-3
-3
-4
-5
-5
-6
-5
-6
-5
-3
-4
-5
-5
-7
-6
-5
-2
-4
-3
-4
-6
-5
-5
-3
-2
-6
-6
-4
-1
0
-2
-1
0
-1
-1
2
2
1
2
0
1
1
2
-1
1
-1
-1
0
0
-1
0
0
1
0
0
0
1
4
1
3
4
3
5
6
7
7
10
11
11
13
13
13
14
13
13
11
10
10
8
9
8
5
1
2
0
-4
-4
-6
-5
-5
-5
-7
-8
-7
-8
-9
-11
-10
-8
-7
-10
-10
-9
-10
-10
-13
-11
-8
-8
-6
-7
-5
-6
-4
-6
-6
-5
-2
-2
-2
-1
-2
2
1
0
1
3
3
4
2
3
4
5
4
7
7
4
3
2
2
4
2
2
2
3
4
5
5
5
9
7
5
3
2
5
4
2
4
4
4
4
4
4
0
0
1
0
1
-3
-3
-1
-1
-3
-4
-5
-4
-4
-4
-4
-6
-5
-4
-7
-6
-8
-4
-3
-5
-2
-1
-4
-3
-1
-3
-1
0
-1
-1
-3
-4
-3
-3
-1
-1
-2
-1
-1
-1
-1
1
3
3
5
4
4
7
5
4
6
4
2
2
2
6
4
3
4
7
5
4
7
6
5
4
3
1
2
0
2
0
-1
-3
-2
-2
-4
-4
-4
-5
