SAMPLES:	7589
BITSPERSAMPLE:	16
CHANNELS:	1
SAMPLERATE:	16000
NORMALIZED:	FALSE
4
-3
-1
2
-3
-4
-3
-3
-4
-1
-2
-3
-3
-1
3
1
-4
-2
-2
-6
-4
0
0
-4
1
0
1
-1
-4
2
-2
-2
4
2
-4
4
4
-1
-4
-3
4
-1
-6
-1
4
2
-6
-2
-1
-4
-2
-3
2
2
1
2
4
9
5
2
4
8
8
1
3
7
6
4
3
8
3
1
1
4
1
-3
0
3
1
1
5
4
0
-4
-1
3
2
-3
-2
-1
-4
-4
-8
1
-1
-7
-3
-4
-5
-7
-3
-3
-5
-2
-3
-2
0
0
-3
-2
1
5
0
3
5
-2
0
1
0
-3
0
2
3
-2
-1
2
0
0
-1
0
0
-1
0
1
-2
0
4
5
2
2
2
3
0
-1
2
0
-1
-1
-2
-3
-1
-1
0
-4
-6
-3
-4
0
0
2
2
1
1
1
2
1
2
5
3
3
5
-2
-2
-3
3
4
2
2
-2
-4
-6
-1
0
-1
5
4
2
7
4
4
5
3
3
7
5
4
2
-2
-5
-5
-2
5
1
1
2
1
6
4
3
-1
-2
-2
-2
-2
-3
-3
-5
-4
-1
-3
-3
-1
-1
-5
-9
-6
-4
-4
-4
-3
1
0
1
-2
2
4
1
1
0
-4
-3
-3
-1
4
4
1
6
2
2
3
-1
0
0
-1
3
0
-3
2
2
1
1
4
5
4
2
2
3
-4
2
-1
-1
-3
0
0
0
0
0
-1
-3
-1
-4
-5
-3
0
0
2
4
-1
-3
-2
2
3
5
3
6
7
8
7
2
2
1
-1
-1
-4
-2
0
1
2
2
-3
-5
-1
3
3
-1
-2
-2
-6
-2
-1
1
1
-2
-3
-2
-3
-4
-5
-5
-4
-4
1
0
4
6
1
-1
-4
-4
-5
-1
-4
-4
-3
-1
3
1
7
5
3
3
3
0
2
5
6
0
-3
-1
-2
2
2
1
2
0
-1
1
4
-2
-3
0
1
5
4
2
-2
-1
0
-1
-1
0
-4
-6
-5
-3
-3
-2
-4
-3
-1
-3
-2
-1
0
2
6
2
3
1
5
5
3
1
2
-1
-5
-4
-4
-4
-1
2
-2
-1
3
3
0
1
0
-2
-4
0
0
-2
-1
0
2
2
3
2
-2
-2
0
-3
-3
-1
-1
3
4
0
0
6
2
-2
1
-3
-1
1
3
1
-2
1
-2
-2
1
3
0
1
-2
-3
-1
-2
-1
0
-2
-3
-1
2
0
-1
0
1
0
-3
-2
1
4
-1
-1
5
5
1
2
3
0
-4
-5
-1
-1
-3
-2
1
-1
3
4
0
2
1
2
1
0
1
0
-3
-2
0
0
1
1
2
2
0
1
-1
-4
-7
-1
-1
0
0
-3
0
3
2
2
1
0
-1
1
3
1
1
1
-2
-3
0
-2
-2
0
0
1
0
0
-2
1
6
4
5
4
2
0
-6
-1
-4
-8
-5
-3
1
1
0
1
-2
-3
6
3
-7
-2
-1
-6
-5
0
-3
1
4
-7
-4
5
5
-1
-1
1
1
2
2
3
-1
-1
-4
-1
-1
3
-1
0
4
4
1
3
4
2
0
-1
5
1
2
4
3
0
2
2
1
-1
-2
-4
-1
-2
-4
1
3
2
2
3
2
0
-2
2
1
2
1
-2
2
3
1
-2
2
3
0
-6
-4
-1
-2
-1
-1
0
-3
-2
-5
-3
-5
-1
-1
0
-3
-3
-1
-2
-2
-4
-6
-4
-3
-2
2
1
2
4
2
0
1
1
0
0
1
1
1
4
3
1
3
0
5
3
0
0
-3
-2
-4
1
0
3
4
7
1
-9
1
4
-8
-2
5
-8
-2
10
2
1
7
6
-1
3
2
1
0
-1
-1
-3
-1
-6
-3
2
-2
1
-1
0
-1
2
4
1
-1
-3
1
4
1
-4
-1
-2
-3
0
0
4
1
-2
2
2
0
2
0
1
2
1
1
-1
-2
-2
-1
0
0
0
0
0
-3
-3
-2
0
-1
-2
2
4
-1
1
5
-1
0
-1
-1
1
-1
1
0
0
1
-3
-1
-1
-4
-6
-2
0
-5
-5
-1
-1
-3
-3
-1
3
0
3
-1
2
5
3
1
-1
1
0
1
2
2
-3
-3
0
-2
1
3
0
0
1
-1
-4
-1
4
2
-1
2
0
1
-1
-2
-1
-2
-3
5
5
0
2
2
0
1
1
2
4
1
2
4
0
4
5
4
3
-1
1
0
-1
3
2
1
2
-3
0
-1
-1
1
0
-1
0
-1
-1
0
-4
-4
2
1
0
0
-4
-1
1
0
-2
-4
1
-2
-1
-2
0
0
-3
1
-1
-1
-4
-1
4
-1
2
1
-2
-3
-3
0
-2
-4
-6
-7
-2
-5
-5
-1
-3
-10
-7
-2
0
4
1
-1
-15
8
47
22
-17
8
29
-9
-17
12
-3
-35
-21
-2
-37
-35
20
2
-16
12
5
10
39
20
24
59
58
50
45
61
76
36
39
67
26
35
44
-16
7
18
-29
-37
-101
-150
-122
-134
-69
-31
-101
-44
-59
-120
7
-21
-24
81
-198
-328
-210
-213
-35
-123
-254
0
-522
-820
-68
274
605
575
130
421
-1306
1528
10260
3622
-9977
1104
13039
124
-4382
3680
-1313
-5970
702
1719
-4382
-6788
-2577
1134
-3990
-6447
1058
470
-6326
-826
4492
-761
-1506
2904
3517
3475
2483
283
2471
3982
555
-277
1713
-217
-2721
-769
910
-1350
-2834
-618
762
-993
-1421
751
-50
-2590
-82
2614
-263
-1316
272
-436
203
1030
-1153
-631
1400
564
412
557
813
1564
-895
495
6899
3349
-2648
1641
2853
-1314
1259
3376
-862
-3464
-1206
1219
-1323
-4159
-1296
-419
-3856
-2179
768
-1695
-3579
-2290
-1672
-234
1420
770
-328
-900
-932
1804
3873
1861
354
443
1040
2431
1389
-251
812
-225
-441
2063
671
-1130
-291
-1407
-940
722
-593
-650
-452
-1936
-1921
-1092
154
620
-1324
-1002
778
-155
234
2731
2463
283
176
2152
3206
1621
11
259
-297
-811
689
-54
-2501
-1859
-1623
-2364
-441
-241
-2626
-2303
-126
55
-1413
-497
1598
-571
-1283
2219
1728
-72
785
591
1270
2204
924
979
864
7
1316
1466
571
903
-190
-725
830
315
-952
183
47
-2607
-1680
1721
-414
-3245
-343
377
-1986
-1083
-61
-173
347
-879
-1344
599
338
-329
745
275
-556
-248
742
1810
422
-1135
163
849
693
1312
538
-182
438
348
573
1109
-133
-737
739
1126
158
-317
-925
-1423
-391
1441
1303
-1154
-2018
-877
-723
358
1649
-675
-1973
-161
152
287
782
-642
-986
317
538
727
1249
392
-1332
-1443
1101
2270
62
-650
267
-1473
-1854
1769
1778
-1798
-1313
521
-460
-424
430
-612
-776
74
116
1021
1214
-1050
-1708
-48
834
1236
1042
-150
-713
-541
-195
484
503
83
8
-389
-263
282
-411
-708
186
-285
-637
922
941
-770
-695
-244
-865
213
1945
1052
-406
-20
-142
-918
616
1843
123
-498
672
300
1
645
-178
-873
-118
231
878
1635
-44
-1835
-1059
72
235
782
1297
-388
-2343
-673
1454
170
-653
154
-1004
-1310
1108
1532
66
-909
-2243
-1235
2351
2449
-253
-1024
-1059
-1257
542
2640
1285
-2010
-2191
393
1534
1215
167
-1746
-1825
109
1215
1655
986
-1997
-3131
116
2464
1172
-293
-702
-1325
-1016
953
2063
639
-1503
-1769
-41
1468
1394
312
-882
-1417
-838
479
1660
1495
-594
-2168
-866
932
832
562
495
-1012
-1870
148
1776
726
-363
-661
-1046
-266
1206
1157
22
-874
-1088
-252
990
1317
417
-725
-1014
-491
413
1296
1018
-460
-1186
-429
529
817
554
109
-373
-687
16
1218
946
-439
-834
-220
208
474
730
410
-748
-1335
-234
884
624
54
-231
-802
-926
225
1172
399
-750
-644
-108
41
480
654
-284
-1011
-542
218
542
451
-159
-954
-885
139
548
-5
-142
-230
-1057
-883
700
949
-466
-1024
-542
-380
-225
339
326
-627
-1358
-951
-9
349
-92
-785
-1108
-826
-379
-45
236
93
-521
-779
-152
551
453
179
351
315
68
506
1118
932
527
607
756
877
1289
1616
1268
694
547
658
789
1100
1338
930
218
64
411
584
568
844
1073
647
291
789
1144
654
535
979
610
-89
243
491
-348
-832
-565
-915
-1429
-1031
-842
-1589
-2045
-1670
-1389
-1349
-1007
-809
-1274
-1770
-1519
-650
23
-1
-384
-673
-803
-598
-81
255
104
-519
-1057
-685
79
-182
-1026
-857
-217
-412
-566
175
239
-1009
-1300
274
1227
315
-556
-445
-294
-309
12
440
248
-627
-1216
-518
388
-316
-1501
-1062
-24
-157
-284
395
117
-1152
-1088
411
1157
728
347
383
372
286
663
1214
1103
642
852
1416
1305
852
863
1096
1021
947
1255
1456
1000
365
313
718
691
160
40
378
147
-687
-967
-721
-1012
-1488
-1123
-644
-1176
-1763
-1552
-1437
-1447
-395
807
495
79
1169
2211
2282
2900
4272
4849
4777
5503
6117
5896
6543
7207
5526
4549
6684
7307
4049
2200
3340
2354
-572
-280
753
-2244
-4448
-2895
-3974
-7518
-6481
-3722
-6050
-9121
-7008
-4722
-6651
-7980
-6184
-5577
-6346
-4979
-3772
-5376
-6049
-3541
-2466
-4918
-5552
-2299
-1231
-4102
-4896
-2465
-1187
-2146
-3306
-3206
-1294
460
-860
-2848
-946
2107
652
-1738
1007
3986
1661
-267
2332
4126
2789
2317
3323
3245
2862
3685
4297
3769
3457
3940
4209
4172
4619
5206
5334
5472
5629
5591
6239
7324
7271
6553
6650
7169
7223
6910
6478
6042
5662
5244
4689
3800
2792
2350
2035
847
-615
-1245
-1338
-1953
-3363
-4614
-4848
-4895
-5757
-6720
-7104
-7412
-7557
-7432
-7790
-8329
-8281
-7706
-6794
-6634
-7379
-6490
-4634
-4974
-5616
-4204
-2709
-2134
-2183
-2690
-2399
-1366
-388
490
-427
-2098
-557
1712
570
-578
421
590
377
1320
1893
1190
1053
2580
2774
639
1234
5036
5305
1448
375
3874
5952
3646
1503
3517
6027
4279
1205
2162
5233
5095
2124
855
2629
4384
3690
1383
104
1120
2301
865
-1463
-1035
997
813
-1334
-2262
-1272
-147
-139
-1112
-2277
-2552
-553
3181
5623
4425
984
-1070
-252
2195
4392
5766
6238
5212
2640
248
11
1544
2570
1954
622
-298
-739
-1233
-2208
-3784
-5415
-6167
-5652
-4568
-4233
-5304
-7130
-8663
-9384
-8932
-7067
-4575
-3152
-3865
-6057
-7644
-6733
-3593
-765
-55
-320
36
227
-412
-286
1084
2177
2730
3396
3568
2935
2512
2521
2032
1279
1630
2783
3121
2955
2194
-616
-2426
184
2929
2015
609
694
42
-1030
-190
1627
1607
455
1554
3358
1985
-331
687
3599
4284
1541
-257
2713
5828
4383
1434
230
1362
4184
4331
1569
1431
3141
2378
902
652
1155
2473
2460
-126
-2316
-1766
12
-34
-2011
-2452
-1106
-1060
-1730
-1896
-2738
-3501
-3002
-2161
-381
3493
6619
4856
-897
-4476
-1960
3481
6975
7602
6517
4281
1705
186
557
2154
3297
3062
1841
441
-583
-1185
-1982
-3653
-5570
-6229
-5303
-4089
-4094
-5958
-8884
-10859
-10543
-8538
-6530
-5590
-5694
-6709
-8221
-8668
-6816
-3618
-1136
-590
-1443
-1853
-1151
-231
445
1065
1852
2951
3768
3575
3120
3061
2803
2311
2143
2691
4274
5309
3716
1122
97
706
2272
3295
2413
1390
1587
1478
696
192
827
2452
2611
1511
1892
2347
1672
1893
2009
1321
1987
3461
3729
2474
693
719
2409
3007
2672
2435
1500
498
607
838
835
1034
1169
1393
1116
-483
-2278
-2495
-1171
-3
-828
-2914
-3186
-1497
-735
-1889
-3416
-3818
-2955
-2111
-2213
-2131
-128
3466
5343
2611
-2568
-4639
-1183
4560
7890
7276
4592
2162
832
576
1198
2314
3284
3403
2323
533
-973
-1684
-2053
-2892
-4220
-5078
-4634
-3556
-3496
-5285
-8029
-9865
-9600
-7728
-5776
-4864
-5214
-6316
-7353
-7550
-6396
-4160
-1993
-1018
-1293
-1759
-1147
391
1284
857
451
1362
3099
4149
3843
3011
2487
2068
1664
2014
3442
4832
4525
2478
544
427
1912
3370
3562
2602
1641
1504
1828
1653
1188
1391
2237
2760
2404
1813
1810
1953
1766
1395
1269
1945
2846
2878
1820
666
358
926
1726
1987
1593
869
169
-126
89
450
561
365
109
-92
-307
-856
-1674
-2113
-1872
-1450
-1554
-2127
-2403
-2012
-1729
-2191
-2894
-3233
-3319
-2965
-1227
2057
4902
4414
324
-3682
-3503
897
5728
7597
6382
4026
2001
759
563
1571
3147
4021
3431
1878
524
-148
-656
-1663
-3087
-4081
-3976
-3034
-2379
-3120
-5333
-7847
-9136
-8511
-6627
-4866
-4263
-4929
-6183
-7124
-7082
-5852
-3828
-1931
-1109
-1468
-1938
-1539
-345
762
1111
1111
1633
2712
3260
2567
1438
1285
2379
3584
3785
3064
2307
2040
1994
1825
1835
2353
3031
3210
2688
1940
1270
848
1085
2048
2939
2591
1333
773
1644
2419
1583
233
543
2333
3085
1567
-157
143
1583
1950
897
155
689
1552
1365
165
-602
-150
877
1375
756
-467
-1185
-1025
-793
-1390
-2410
-2597
-1814
-1175
-1389
-2132
-2704
-2739
-2607
-2880
-3472
-2878
604
5663
7632
3368
-3710
-6266
-1325
6427
10409
8982
5348
2651
1368
1060
1882
3805
5596
5669
3860
1540
114
-326
-763
-1922
-3353
-3964
-3310
-2267
-2502
-4902
-8396
-10626
-10137
-7749
-5505
-4789
-5697
-7591
-9374
-9628
-7644
-4500
-2361
-2266
-3136
-3345
-2434
-1108
-119
592
1622
2904
3458
3066
2789
3013
2812
2228
2676
4371
5288
4091
2272
1552
1663
1933
2632
3251
2938
2524
2751
1847
-722
-1126
1937
4025
2539
590
477
358
-338
295
1643
1355
673
1862
2810
612
-1978
-657
2844
3374
1022
-326
286
1630
2441
1348
-1101
-1381
1598
3429
887
-2661
-2552
-182
-287
-2862
-3498
-1107
623
-481
-2926
-4654
-4652
-3323
-2189
-969
2985
8779
9695
2051
-7050
-7062
2616
12307
14388
10372
5677
2673
1026
1051
3321
6682
8560
7238
3603
411
-669
-674
-1453
-3047
-3972
-3524
-2638
-2835
-5163
-9294
-13019
-13603
-10744
-7249
-5884
-6928
-9297
-12088
-13876
-12730
-8639
-4283
-2327
-2955
-4575
-5577
-4979
-2814
-149
1916
3209
3966
4271
4476
5054
5498
4914
4014
4621
6692
7947
6988
4716
2725
1812
2052
3126
4278
4533
3351
1112
-863
-1163
290
1831
1923
1140
864
509
-1434
-3442
-2015
2400
4467
1272
-2585
-1358
2764
3626
741
-1057
441
2639
3022
1606
529
1324
2589
1640
-1198
-1887
1207
3344
743
-3398
-4092
-1921
-1030
-1894
-2152
-1571
-2166
-3855
-4574
-4207
-3501
-905
5267
11505
10466
771
-8082
-5402
6890
16188
15449
9977
6812
5211
2250
791
4752
10921
12172
7177
1594
76
1143
681
-2183
-4541
-4125
-2357
-2233
-4584
-8203
-12013
-14927
-15088
-11888
-8077
-7201
-9729
-13548
-16574
-17160
-14099
-8640
-4586
-4325
-6258
-7557
-7321
-5772
-2878
761
3514
4473
4248
3755
3796
5282
7906
9323
7956
5767
5725
7565
8474
7170
4940
3344
2960
3657
4569
4374
2724
734
-497
-670
324
1997
2520
535
-2325
-3174
-1732
-174
356
457
208
-878
-1703
-682
1145
1388
326
550
2436
3298
1648
92
1426
3946
3766
694
-1204
405
2463
913
-2807
-3335
258
2323
-973
-5210
-4531
-1117
-1299
-5095
-6620
-2464
5611
12872
13243
4317
-6551
-7391
3740
15380
17822
13866
10225
6879
1653
-1230
3748
12875
16039
9735
1256
-1435
644
1022
-2110
-4260
-2743
-1083
-3087
-7055
-9670
-11623
-14711
-16653
-14141
-9250
-7614
-11076
-16343
-19759
-19884
-16465
-10766
-6143
-5421
-7915
-10486
-10890
-8574
-4091
759
3673
4030
3352
3145
3834
5578
8168
10125
9988
8627
8144
8737
8695
7357
5977
5627
6020
6329
5887
4295
1921
32
-353
574
1812
2283
1171
-1373
-3665
-3833
-1932
131
776
158
-878
-1921
-2571
-1996
39
2137
2559
1463
777
1162
1529
1305
1448
2367
2764
2038
1299
1312
1262
388
-704
-1060
-653
-468
-1304
-2762
-3882
-4385
-4209
-1827
4924
13677
15758
5971
-7138
-8215
5536
19474
20786
13845
9414
7660
3009
-733
5014
16356
19028
9156
-914
-1217
2775
1444
-3710
-4580
-701
281
-5010
-10976
-12635
-12818
-15520
-17775
-14722
-9359
-9591
-16490
-22795
-23174
-19504
-15308
-11465
-8739
-9019
-12033
-14375
-13262
-8791
-2851
1897
3306
1948
861
1817
3894
6235
9140
11851
12650
11582
10157
8798
7348
7102
9032
11242
11144
8759
5649
2714
895
1442
3632
4769
3511
934
-1754
-3846
-4139
-2278
-302
-311
-1721
-2897
-3622
-4040
-3380
-1541
106
741
957
1010
415
-260
297
1917
3099
3250
2886
2013
583
-389
32
1114
1534
1190
354
-1198
-3003
-3972
-3808
-1854
4353
14245
18919
9849
-5879
-9858
3834
19509
21764
15345
12413
11733
5301
-1920
2644
16020
20555
10314
-51
1166
5585
934
-7838
-7451
866
3134
-4932
-12485
-12815
-13218
-19012
-21820
-14339
-5765
-9161
-20980
-26950
-23364
-18680
-17033
-14242
-9632
-9005
-13817
-17189
-13883
-7034
-2360
-886
124
2103
3696
3716
3649
5722
9076
10669
10271
10666
12097
11258
7690
5823
8058
10833
10465
8041
5940
4125
2287
1782
3001
3935
2866
321
-2096
-3121
-2431
-1275
-1424
-2768
-3555
-3218
-2790
-2539
-1818
-1035
-1071
-1257
-325
1287
2186
2198
1914
1536
1312
1688
2289
2235
1549
946
682
771
1282
1364
-65
-2312
-3125
-574
6188
15166
18600
9655
-4547
-6683
7898
22238
21740
13966
11866
11839
5258
-396
6886
19254
18464
5424
-1464
3620
6551
-1169
-8484
-4693
2328
-266
-9551
-13327
-11348
-14028
-21423
-21302
-11457
-6731
-15803
-26705
-26289
-19801
-18202
-19003
-14727
-9709
-12543
-19014
-17903
-9378
-3634
-3959
-3784
260
3362
2186
894
4058
9218
11069
9685
9458
11291
11349
8593
7448
10150
12368
10370
7124
6493
6661
4764
2996
4113
5456
3279
-624
-2055
-1140
-870
-1636
-1792
-1500
-2318
-4055
-4725
-3475
-1666
-1013
-1438
-1528
-840
-403
-411
493
2406
3146
1748
306
496
1205
1192
1157
1694
1954
1378
477
-422
-1369
-1755
25
5723
14384
18683
11047
-2758
-5678
8214
22704
22385
14521
12849
13605
6981
530
7518
20012
18872
5779
63
5867
7272
-2262
-8790
-3012
3757
-770
-10425
-13183
-11505
-15232
-21436
-18940
-9969
-9298
-20114
-28102
-24605
-18835
-19360
-20098
-15119
-11638
-16174
-20782
-16258
-8083
-5862
-6929
-3720
1292
1319
-1060
1261
6944
9379
8558
9369
11508
10924
8446
8633
11583
12928
11068
8669
7708
7300
6404
5733
6118
6400
4554
993
-1217
-646
247
-512
-1266
-857
-1564
-4322
-5726
-3829
-1829
-2146
-2520
-1376
-994
-2314
-2541
-322
1924
2356
1824
1185
441
113
690
1590
1987
1865
1483
1004
521
-297
-1447
-1716
382
5251
12208
16881
12216
-217
-5830
5621
21903
23912
14462
10413
12915
9744
2993
6924
18623
19435
7340
526
5641
8195
-97
-7123
-2575
4291
942
-8723
-13070
-12120
-14420
-18976
-16668
-9250
-9865
-20981
-28475
-24226
-18023
-18627
-19946
-16126
-13709
-17873
-21074
-16274
-9276
-7696
-8383
-5230
-428
396
-1631
-726
4198
8552
9577
9553
10384
10129
7937
7768
11783
14899
12451
8116
7427
8627
7561
6058
7165
7871
4721
925
718
1901
649
-1352
-824
433
-1016
-3918
-4664
-3546
-3260
-3374
-1496
847
-452
-4513
-5854
-2386
1997
3915
3629
2019
-856
-3159
-2066
2061
4841
3315
22
-748
746
845
-836
-1499
-555
1477
7323
16350
17449
4383
-8052
-1368
17344
24408
16143
10264
12715
11338
3962
4768
16052
20331
10070
1054
4920
10178
3892
-5707
-4302
3670
3515
-5365
-11188
-10915
-12560
-17159
-16167
-9389
-8626
-18179
-26511
-24340
-18098
-17156
-19129
-17758
-15428
-17198
-19890
-17235
-11324
-8798
-9208
-7136
-2906
-1666
-3158
-1806
3195
6814
7218
7616
8906
8508
7028
8346
12202
13708
11229
8463
8018
8462
8371
8480
8862
7798
4900
2433
2180
2888
2376
909
277
272
-913
-2966
-3588
-2583
-2081
-2507
-2359
-1875
-2650
-3730
-2696
-119
1174
566
-254
-557
-792
-712
252
1584
2086
1168
-254
-584
310
638
-358
-1043
-194
2211
7273
14036
14562
4319
-5278
855
17343
23551
15080
8315
11001
12257
6900
6100
14430
18388
10036
1765
4595
9553
4678
-3890
-3274
3607
3649
-4693
-11002
-11034
-11100
-13861
-13711
-9741
-10151
-18256
-25149
-22984
-16823
-15469
-18091
-18668
-17171
-17581
-18915
-16673
-11572
-8836
-9309
-8625
-5257
-2998
-3461
-2611
1875
6137
6636
5716
6439
7358
6991
7961
11517
13470
10900
7478
7369
8939
9064
8636
9098
8558
5670
3036
3070
4016
3363
1946
1574
1400
-222
-2320
-2699
-1613
-1206
-1853
-2098
-1908
-2655
-3705
-2744
-108
1130
-4
-1235
-1215
-941
-856
-158
869
863
-78
-604
-196
353
293
-138
-277
-130
26
1942
8297
15344
13092
1114
-5252
5148
20445
21768
11882
7863
12046
12090
6564
7413
15462
16660
7365
1415
5910
9375
2709
-4863
-2331
4191
2357
-6583
-11864
-11010
-10810
-13186
-13075
-10407
-11972
-19190
-24050
-21162
-15988
-15630
-18356
-18543
-16412
-16226
-17720
-16385
-11767
-8335
-7830
-7125
-4811
-3799
-4597
-2762
3146
7647
6757
4139
4416
6291
7306
9060
12172
12690
8904
5722
7067
9697
9544
8210
8255
7897
5311
2978
3297
4285
3535
2314
2221
1784
-333
-2282
-1971
-453
68
-558
-1364
-2192
-2968
-2723
-1038
714
996
43
-886
-1199
-1125
-788
-157
440
363
-469
-995
-478
190
-98
-583
-230
-61
-113
3559
12006
15666
6502
-5266
-1898
14791
23625
15994
7212
9081
12726
8917
5883
12108
17979
12249
2743
2925
8742
6791
-1818
-3969
2328
4931
-2121
-10492
-12176
-10390
-10858
-12127
-11176
-11136
-16002
-22280
-22928
-17975
-14564
-16200
-18705
-18029
-16284
-16737
-17340
-14466
-9810
-7635
-7683
-6707
-4896
-4655
-4171
131
5804
7108
4325
3173
5433
7602
8571
10450
12233
10708
7312
6800
9272
10305
8804
7913
8270
7239
4670
3461
4229
4400
3102
2216
2137
998
-1277
-2147
-725
543
-209
-1762
-2518
-2736
-2720
-1720
70
760
-332
-1422
-1185
-493
-319
-188
247
267
-478
-1220
-1196
-479
319
597
299
-274
-1094
-1289
2063
10072
15355
9083
-2958
-3966
10114
21971
17998
8193
7515
12191
10568
5916
9184
16339
14279
4865
2145
7668
8341
125
-4704
758
6092
1094
-8647
-12350
-10268
-9607
-11249
-11105
-10402
-14052
-20676
-22938
-18719
-14566
-15499
-18281
-18151
-16394
-16681
-17684
-15362
-10626
-8049
-8276
-7828
-5831
-4857
-4568
-1464
3820
6177
4318
2875
4611
6847
7741
9281
11640
11495
8360
6532
8277
10321
9868
8757
8812
8293
5856
3739
4082
5256
4803
3334
2450
1614
-171
-1680
-1158
375
465
-1003
-2239
-2600
-2696
-2484
-1372
-117
-86
-901
-1340
-1251
-985
-511
163
275
-618
-1390
-1354
-845
50
792
689
-164
-1185
-1507
-262
4657
12642
14529
4770
-5717
-1304
15264
23229
14743
5856
8061
12373
9035
5469
11185
17297
12092
3036
3030
8303
5965
-2609
-3537
4155
6507
-2039
-11457
-12528
-9305
-9281
-10780
-10170
-10608
-15767
-21996
-22176
-16830
-13718
-15717
-18267
-17699
-16177
-16974
-17690
-14527
-9606
-7436
-8087
-7929
-6111
-5187
-4370
-472
4752
6152
3474
2142
4589
7233
8231
9810
11699
10644
7167
6207
9087
11125
9946
8669
8882
8037
5143
3460
4867
6259
5128
3306
2537
1557
-610
-1806
-313
1458
743
-1351
-2423
-2464
-2615
-2395
-892
385
-280
-1578
-1685
-980
-598
-378
334
451
-891
-1982
-1600
-487
433
691
445
-332
-1671
-2442
-1178
4157
12507
14618
5028
-5825
-2522
13523
22460
15253
6461
8014
12283
9251
5132
10102
16830
13056
4235
3068
7753
6190
-1847
-3470
3555
6497
-1088
-10572
-12427
-9466
-9123
-10577
-10165
-10444
-15201
-21501
-22229
-17191
-13959
-15813
-18407
-17968
-16489
-17102
-17627
-14743
-10459
-8373
-8154
-7358
-6077
-5875
-4844
-334
4795
5821
3534
2789
5012
7197
8463
10539
12227
10824
7854
7582
10139
11384
10220
9535
9782
8440
5516
4207
5444
6316
5197
3716
2713
1108
-1003
-1605
-123
1090
248
-1656
-2964
-3345
-3172
-2403
-1185
-605
-1274
-2214
-2168
-1239
-435
21
432
260
-909
-1912
-1470
-281
136
81
383
214
-891
-1630
-1754
-1935
383
8773
16811
11535
-4264
-9695
5362
22581
21148
8662
5250
10507
9950
4097
6645
16471
17293
6786
783
5564
8450
1553
-4265
732
7712
4154
-6793
-12982
-11317
-8644
-8680
-8802
-8741
-12306
-19471
-23617
-20093
-13804
-12565
-16360
-18947
-17831
-16832
-17768
-16715
-11800
-7518
-7558
-9018
-7883
-5600
-4668
-2814
2011
6092
5434
2690
3014
6046
8261
9630
11602
12280
9706
6907
7975
11244
12112
10493
9397
8803
6692
4282
4592
6671
6686
4224
2218
1431
59
-1661
-1273
884
1342
-974
-3246
-3508
-3012
-2883
-2090
-420
33
-1601
-3034
-2244
-413
428
558
952
752
-832
-2107
-1366
111
291
30
758
994
-609
-2169
-2192
-1953
-643
6039
15186
13687
-1332
-11519
-810
18951
23428
11715
4041
7520
9598
4997
5048
14039
18340
10105
1368
3028
7396
3661
-2704
-377
7015
6481
-3791
-12717
-12870
-8623
-6774
-7531
-8666
-11462
-17441
-22879
-21743
-14961
-10860
-13900
-18916
-19535
-17260
-16868
-16846
-12943
-7593
-6755
-9532
-9569
-5960
-3613
-3117
11
5317
6795
3509
1833
4979
8646
9725
10647
12318
11400
7670
6411
9849
12959
11816
9251
8370
7423
4977
3959
6040
7453
5137
1879
920
718
-791
-1554
217
1574
-407
-3410
-3938
-2769
-2281
-1947
-550
208
-1426
-3375
-2752
-375
1001
964
960
849
-494
-2012
-1614
233
1012
153
-242
350
121
-1050
-1430
-1481
-2466
-960
7561
16096
10575
-6163
-12185
3460
22114
21400
7709
2350
7488
9009
4838
6924
15817
17000
7032
291
4296
8326
3355
-2436
974
7301
4560
-6011
-12943
-11271
-7060
-6273
-7916
-9845
-13167
-18539
-22184
-19630
-13321
-10858
-14845
-19542
-19400
-16704
-16018
-15407
-11128
-6447
-6972
-10427
-9793
-5171
-2412
-1508
2009
6262
5339
1125
1638
7382
10970
10388
10413
11640
9909
6395
7219
12040
13730
10506
7765
7621
6625
4205
4278
6926
7116
3528
581
374
159
-1177
-934
1242
1419
-1821
-4540
-3911
-2070
-1459
-1132
-99
-208
-2406
-3791
-2085
722
1704
1021
556
240
-962
-1826
-848
746
852
-336
-497
303
-328
-1743
-1559
-853
-2004
-2125
5021
14858
12032
-4132
-12783
492
20654
22711
8758
1327
6455
10149
6264
5867
14075
17623
8945
427
2801
8496
5696
-1387
-432
6248
5848
-4044
-12702
-11855
-6400
-5039
-7711
-10283
-12657
-16929
-21289
-20099
-13688
-10293
-14058
-19469
-19668
-16168
-15147
-15637
-12324
-6982
-6064
-9599
-10587
-6295
-2128
-691
1574
4908
4969
1716
1415
6475
10865
10694
9618
10105
9523
7122
7068
10830
13098
10660
7517
6929
6613
4747
4074
6218
7325
4444
804
-50
436
-78
-347
1020
1539
-1025
-3925
-3717
-1670
-807
-957
-452
-189
-1732
-3279
-2185
358
1453
1021
761
638
-542
-1917
-1311
603
1196
-54
-1282
-1029
-551
-1224
-1684
-914
-992
-3074
-2831
5108
14475
10832
-4697
-11783
1952
20665
21157
7229
934
7154
11063
6644
5687
13323
16405
7802
76
3540
9300
5351
-2414
-996
6313
5713
-4571
-12501
-10663
-5517
-5143
-8049
-9968
-11946
-16375
-20259
-18243
-12275
-10359
-14697
-18789
-17492
-14337
-14510
-15288
-11635
-6435
-6038
-9191
-9207
-5409
-2910
-1849
1812
5979
4728
67
339
6382
10346
9397
8632
9657
8440
5437
6371
11084
12456
8713
6061
7080
7170
4515
3656
6207
7122
3836
696
950
1754
544
-264
1219
1955
-531
-3255
-2738
-563
-27
-640
-379
-205
-1644
-2816
-1442
771
1057
229
339
469
-831
-1860
-759
722
280
-1141
-1601
-1390
-1363
-1116
-548
-436
-1165
-2627
-3822
-1292
7294
14311
8097
-6811
-10048
6156
21974
17869
3910
1588
9658
11152
5071
5877
14319
15033
5238
247
6092
9483
2181
-4260
747
7993
4012
-7354
-12393
-8403
-4610
-6028
-8565
-9522
-11830
-16510
-18855
-15569
-10963
-11171
-15307
-17319
-15221
-13376
-14536
-14828
-10682
-5780
-5696
-8890
-9342
-6169
-3257
-1209
2190
4971
3121
-809
62
5825
9592
8829
7747
8126
7187
5294
6612
10520
11328
8112
6167
7289
7288
4799
4031
6393
7362
4590
1796
1769
2093
850
474
2270
2826
-134
-3175
-2551
-88
515
-377
-444
-320
-1614
-2829
-1688
475
851
-188
-545
-336
-826
-1503
-1168
-442
-568
-1212
-1562
-1555
-1230
-751
-575
-661
-879
-2072
-3718
-1047
8625
15171
6492
-9134
-9470
9314
23221
15395
1449
2077
10896
10387
3586
6158
15292
14235
3690
402
7127
8821
214
-4416
2922
9238
2599
-9123
-11999
-6541
-3557
-6118
-8449
-8942
-11479
-16351
-18122
-14118
-9922
-11206
-15564
-16993
-14624
-13299
-14887
-14649
-10034
-5873
-6853
-10169
-9879
-6273
-3600
-1673
1612
3841
1758
-1485
214
5771
8725
8058
7694
8108
6801
5135
7084
11035
11386
8395
6977
7714
7048
5026
5585
8331
8186
4437
1750
2128
2706
1822
1773
3162
2590
-891
-3353
-2160
192
391
-650
-702
-762
-2132
-3070
-1847
24
89
-809
-489
-58
-1128
-2101
-1222
299
102
-1295
-1728
-1658
-1725
-900
308
386
-689
-1855
-2889
-3379
1230
11459
14294
1682
-11666
-5529
14833
22270
9456
-658
5240
12508
7644
1411
7767
16258
11472
1594
1804
8133
6274
-2380
-2624
6121
8452
-776
-10281
-10213
-4925
-3624
-5966
-7499
-8944
-12458
-16540
-16672
-12347
-9534
-11724
-15641
-16555
-14363
-13532
-14778
-13610
-9306
-6489
-7879
-10188
-9293
-6545
-4310
-1196
2635
3464
211
-2257
687
6139
8736
8606
8112
7092
5357
5402
8786
11859
10888
8321
7727
7922
6612
5430
7026
9124
7731
4219
2562
2788
2452
1741
2627
3784
1948
-1716
-3008
-1389
-26
-394
-730
-305
-1003
-2947
-3521
-1919
-201
63
-317
-303
-888
-2160
-1998
-204
872
-90
-1618
-1760
-1449
-1608
-787
438
113
-1034
-1519
-1993
-3540
-1815
7947
15399
6746
-9512
-10471
8179
21979
13824
694
2546
11083
9307
1555
4496
14848
14369
3976
484
6467
8061
179
-3752
3732
9654
3098
-8293
-11510
-6144
-2609
-4852
-7506
-8541
-10832
-15088
-17215
-13967
-9859
-10753
-14807
-16438
-14493
-13429
-15241
-14861
-9891
-6013
-7656
-11044
-10127
-6090
-4127
-3094
495
3621
1844
-1886
-612
5260
8559
7816
7609
8416
7169
5101
6870
11485
12497
9226
7309
8088
7797
5924
6295
9005
8915
5041
2415
2944
3325
2158
2070
3585
2896
-871
-3131
-1698
143
-185
-935
-358
-488
-2773
-4188
-2363
290
600
-887
-1480
-1053
-1381
-1753
-689
526
-38
-1777
-2286
-1432
-1312
-1392
-315
314
-774
-1866
-1713
-2303
-3549
1047
11641
13598
-226
-12829
-4602
15596
20800
7680
-555
5921
11335
5500
1236
9096
16276
10166
1051
2356
7843
4672
-2838
-1019
7579
7947
-2549
-11181
-9580
-3999
-3146
-5939
-7748
-9167
-12582
-16253
-15944
-11881
-9481
-11610
-15001
-15401
-13645
-13743
-15110
-12897
-7169
-4508
-8152
-11992
-9680
-4154
-1461
-1014
773
2376
780
-866
2188
7161
8237
6556
7074
8948
8000
5832
7279
11005
11629
9183
7917
8038
6705
5221
6942
9668
8320
3819
1632
2722
3221
2133
2136
3069
1715
-1659
-3003
-1326
-57
-817
-1373
-747
-1091
-3028
-3783
-1904
86
-108
-1225
-1426
-1320
-1830
-1829
-308
993
121
-1760
-2322
-1724
-1549
-1370
65
1184
-78
-1859
-1709
-1539
-3124
-1460
7746
14428
5831
-9622
-9926
7916
20539
12989
726
2002
9573
8000
1589
4639
13619
13069
3801
388
5134
6024
-464
-2941
3732
8299
1788
-8564
-11208
-6295
-2815
-4418
-7029
-8342
-10463
-14107
-15831
-12966
-9020
-9230
-12840
-14811
-13494
-12431
-13479
-12870
-8512
-4961
-6328
-9680
-9548
-5989
-2974
-1171
1020
2324
1016
-542
1280
5290
7248
6981
7439
8390
7499
5821
6737
9868
11138
9555
8040
7638
6717
5480
6234
8453
8365
5123
2344
2169
2649
2184
2053
2758
2062
-775
-2816
-2061
-523
-556
-1322
-1291
-1278
-2319
-3165
-2336
-791
-345
-889
-1266
-1347
-1489
-1337
-400
535
147
-1186
-1934
-1614
-1095
-888
-221
735
225
-1395
-1618
-736
-1655
-2945
2094
12017
12191
-2392
-13405
-3245
16640
19980
5620
-2589
4400
10171
4751
812
8208
14469
8044
-473
1474
6692
3019
-3919
-950
7627
6507
-4768
-11899
-8349
-2748
-3124
-6082
-6859
-8037
-12176
-15476
-13446
-8762
-7826
-11121
-13524
-12711
-11633
-12700
-13136
-9665
-5217
-4983
-8290
-9579
-6809
-3775
-2602
-694
2568
3275
287
-1281
2291
7100
8191
7162
7452
7849
6317
5460
8161
11387
10744
7852
6850
7326
6568
5524
6725
8404
6915
3361
1741
2420
2619
1854
1958
2398
789
-2084
-2916
-1385
-425
-1173
-1676
-1234
-1698
-3248
-3447
-1598
-120
-534
-1302
-1105
-1055
-1676
-1385
247
1283
398
-1092
-1473
-1128
-1016
-942
-505
69
-3
-955
-1560
-1053
-958
-2602
-3058
2635
10717
8819
-4129
-11406
-811
15119
15684
3522
-1472
5019
8435
3245
1564
8957
12845
5892
-471
2763
6806
2262
-3218
937
7995
5012
-5262
-9677
-5413
-1698
-3318
-5393
-5413
-7279
-11809
-13803
-10717
-7428
-8523
-11468
-11976
-10835
-11258
-12747
-11823
-8224
-5833
-6586
-7915
-7260
-5752
-4965
-3380
173
2863
1854
-429
293
3621
5815
6248
7199
8276
7116
5047
5839
9007
10161
8390
7247
7858
7337
5077
4488
6611
7719
5539
2859
2354
2523
1557
922
1911
2393
366
-2144
-2268
-863
-501
-1178
-1278
-1030
-1754
-2777
-2322
-764
-105
-619
-847
-577
-915
-1580
-1034
520
1060
93
-788
-906
-1218
-1723
-1328
-412
-486
-1293
-1413
-1070
-1337
-1626
-1560
-2360
-2793
1452
8432
7540
-3507
-10148
-655
13731
14073
2954
-1322
4911
8008
3521
2776
9555
11922
4794
-127
4220
7857
2678
-2524
1667
7764
4289
-4851
-7783
-3765
-1537
-3751
-5293
-4986
-7097
-11487
-12692
-9417
-7077
-8967
-11632
-11514
-10286
-10746
-11789
-10744
-8036
-6408
-6623
-7049
-6669
-5830
-4602
-2336
422
1763
1068
156
888
2973
5022
6439
7210
6921
5646
4940
6092
8088
8840
8050
7142
6619
5788
4898
5192
6413
6550
4855
3022
2406
2251
1788
1756
2405
2182
268
-1533
-1415
-332
-92
-540
-628
-722
-1576
-2316
-1730
-498
-130
-510
-569
-402
-823
-1457
-1135
19
616
37
-843
-1161
-1138
-1344
-1561
-1354
-1148
-1632
-2346
-2233
-1584
-1488
-1769
-1598
-1933
-3241
-2273
3506
8040
3220
-6057
-5862
5735
13650
8465
565
1985
7574
6906
3180
5433
10486
8865
2989
2588
6600
5703
99
-606
4717
6137
-155
-5825
-4877
-2133
-3049
-5190
-5044
-5252
-8548
-11584
-10566
-7933
-8154
-10388
-10806
-9510
-9649
-11318
-11366
-8786
-6361
-6179
-6736
-6216
-5309
-4996
-4137
-1399
1544
2005
609
341
2006
3774
4729
5823
6990
6711
5275
4964
6411
7675
7498
6956
6856
6296
5014
4422
5168
5849
5185
3855
2972
2337
1588
1347
1985
2388
1370
-362
-1120
-711
-350
-478
-422
-129
-510
-1588
-2038
-1307
-468
-338
-376
-178
-399
-1220
-1559
-877
-117
-77
-381
-657
-1162
-1736
-1708
-1258
-1249
-1739
-2074
-2118
-2033
-1702
-1337
-1411
-1509
-1268
-1869
-2981
-702
6033
8886
1214
-7730
-3806
9502
14429
6326
-189
3422
7632
5006
3060
7632
10475
5321
832
4317
7656
2714
-2992
259
6430
4242
-3519
-6219
-3546
-3031
-5273
-4985
-3189
-5734
-11027
-11843
-8038
-6533
-9162
-10543
-8695
-7957
-10063
-10991
-8717
-6424
-6231
-6019
-4639
-4272
-5378
-4877
-1558
1306
1282
414
1154
2455
2641
2872
4679
6636
6568
5178
4702
5401
5933
6120
6680
7072
6110
4351
3669
4432
5109
4739
3922
3260
2537
1722
1390
1659
1803
1379
793
363
-104
-649
-779
-245
265
-22
-873
-1389
-1200
-794
-614
-522
-395
-539
-1050
-1352
-1036
-512
-353
-500
-685
-1043
-1555
-1645
-1044
-505
-749
-1416
-1728
-1712
-1843
-1965
-1590
-887
-570
-805
-1066
-1044
-984
-822
46
1893
3500
3250
1466
400
1770
4514
6213
6043
5055
4288
3979
4187
5012
5840
5706
4755
3921
3433
2661
1520
943
1289
1447
317
-1700
-3341
-4015
-4159
-4346
-4754
-5509
-6620
-7747
-8361
-8307
-8055
-8108
-8311
-8296
-8143
-8111
-7977
-7284
-6337
-5777
-5306
-4204
-2912
-2665
-3029
-2168
139
1947
2060
1601
1857
2651
3511
4600
5583
5539
4601
4159
4829
5611
5655
5319
5021
4547
3919
3734
3986
3849
3121
2611
2590
2313
1495
975
1287
1574
1040
257
82
228
23
-264
-52
278
-23
-690
-842
-425
-186
-334
-378
-215
-296
-722
-908
-547
-153
-240
-565
-640
-557
-683
-905
-811
-495
-450
-744
-984
-976
-892
-802
-646
-612
-811
-852
-467
-114
-224
-341
55
498
487
706
1661
2107
1261
753
2162
3907
3545
2029
2055
3447
3825
3027
2858
3412
3056
1952
1904
2682
2284
709
26
614
547
-874
-2017
-1986
-1971
-2797
-3669
-3948
-4277
-5071
-5562
-5320
-5238
-5920
-6504
-6148
-5562
-5732
-6110
-5632
-4688
-4358
-4451
-3885
-2914
-2631
-2680
-1789
-211
399
-136
-199
888
1920
2111
2222
2777
3047
2672
2557
3212
3791
3544
3029
3021
3231
3063
2715
2631
2665
2479
2188
2059
1953
1648
1387
1439
1563
1408
1089
955
1002
991
932
973
1028
908
700
672
833
908
790
688
701
656
463
330
412
485
326
73
-29
-45
-157
-280
-248
-237
-455
-698
-642
-451
-549
-881
-934
-620
-454
-694
-950
-848
-581
-489
-526
-479
-418
-414
-314
-21
188
67
-91
185
760
987
666
347
569
1129
1375
1134
879
967
1138
1017
818
883
976
736
365
316
412
60
-491
-531
-234
-439
-1201
-1613
-1408
-1413
-1938
-2249
-2061
-2060
-2582
-2979
-2781
-2542
-2746
-2937
-2736
-2598
-2826
-2905
-2448
-2018
-2124
-2318
-2036
-1559
-1427
-1430
-1145
-801
-748
-703
-311
101
95
-35
288
859
1020
804
825
1217
1512
1544
1620
1803
1849
1765
1877
2245
2434
2245
2072
2217
2450
2483
2351
2295
2353
2308
2201
2191
2173
2021
1832
1762
1789
1670
1346
1101
1063
1020
813
556
410
303
89
-144
-231
-238
-364
-581
-707
-723
-776
-876
-906
-881
-899
-980
-992
-896
-839
-886
-893
-809
-738
-716
-682
-611
-577
-594
-550
-432
-385
-440
-456
-351
-262
-297
-358
-319
-240
-245
-283
-248
-189
-217
-305
-314
-219
-156
-191
-250
-247
-210
-198
-207
-202
-149
-122
-156
-195
-191
-147
-135
-164
-180
-160
-150
-200
-255
-240
-196
-224
-311
-345
-322
-323
-391
-439
-415
-396
-451
-514
-498
-451
-464
-498
-468
-399
-371
-397
-384
-284
-180
-137
-111
-44
51
118
177
275
385
454
479
540
654
733
742
758
824
893
910
879
872
888
883
859
846
811
760
710
666
628
589
526
464
409
345
302
264
202
147
115
78
23
-42
-69
-65
-95
-145
-189
-184
-174
-212
-246
-242
-219
-214
-231
-256
-246
-220
-218
-219
-212
-193
-185
-209
-208
-179
-158
-173
-194
-185
-161
-178
-209
-208
-173
-179
-218
-211
-210
-209
-231
-254
-211
-204
-243
-267
-251
-221
-219
-241
-224
-193
-192
-192
-178
-135
-116
-115
-95
-63
-26
-22
-8
20
43
52
56
75
81
83
71
70
79
90
91
56
28
37
57
41
9
3
13
5
-2
13
27
26
19
27
67
86
72
63
87
128
139
133
134
147
147
151
165
174
163
139
123
135
143
125
103
89
78
63
51
34
22
8
-10
-15
-21
-33
-56
-70
-60
-41
-40
-47
-59
-65
-54
-27
-11
-10
-17
-15
0
19
39
40
29
31
52
51
50
55
47
26
21
34
41
25
7
-9
-9
0
-14
-29
-35
-49
-64
-61
-55
-62
-77
-94
-98
-75
-56
-67
-89
-98
-78
-57
-49
-51
-61
-68
-53
-42
-44
-46
-42
-42
-36
-20
-12
-21
-36
-32
-21
-13
-13
-23
-28
-15
-2
2
0
-7
-17
-10
19
42
35
21
18
20
37
56
60
50
49
58
59
52
54
53
59
72
75
63
45
40
44
54
61
39
11
0
7
20
20
2
-20
-24
-15
-20
-35
-38
-40
-38
-34
-43
-59
-62
-47
-39
-39
-42
-50
-49
-34
-21
-23
-28
-27
-23
-11
0
0
-1
2
5
7
8
16
21
13
9
12
19
22
11
4
10
18
21
17
10
0
-4
-2
9
17
13
-1
-9
-3
2
2
-3
-7
-6
-6
-7
-11
-14
-16
-9
1
-6
-26
-22
-10
-4
-16
-29
-22
-8
-4
-17
-36
-35
-16
2
6
-7
-18
-19
3
13
7
-2
-3
14
31
29
21
17
21
41
47
42
38
32
37
44
51
52
42
33
31
29
28
26
16
12
15
4
-12
-11
-13
-21
-27
-21
-13
-19
-39
-54
-56
-38
-16
-29
-51
-65
-52
-32
-29
-34
-46
-53
-40
-23
-22
-31
-33
-25
-16
-16
-17
-19
-28
-19
-3
4
4
-6
-8
3
13
19
13
13
19
17
15
17
16
17
11
13
22
27
26
18
12
16
24
25
24
17
6
8
20
27
17
3
-1
6
12
16
4
-5
-1
-2
-7
-11
-13
-14
-9
-6
-10
-20
-23
-16
-12
-9
-10
-15
-14
-10
-4
2
4
1
1
3
17
27
28
21
15
23
33
41
38
27
25
33
43
42
29
18
23
25
19
11
5
-3
-6
-5
-3
-11
-29
-24
-17
-12
-15
-31
-46
-42
-34
-30
-42
-50
-51
-50
-40
-33
-46
-57
-53
-36
-23
-28
-38
-38
-32
-22
-16
-13
-16
-22
-16
-3
9
4
-6
-1
12
21
21
13
8
14
20
20
29
26
21
17
20
34
41
33
25
23
29
39
41
35
25
26
29
35
28
19
13
21
28
20
9
-1
-6
0
10
7
-2
-7
-11
-11
-5
-7
-17
-15
-7
-14
-22
-23
-23
-20
-15
-16
-15
-18
-27
-22
-11
6
9
2
-2
-3
2
9
15
19
10
2
12
20
22
13
16
18
22
24
10
1
1
3
11
12
0
-17
-27
-16
-9
-11
-24
-35
-33
-25
-21
-22
-28
-37
-32
-21
-17
-24
-36
-26
-14
-5
-5
-9
-9
-3
6
8
8
4
4
7
11
11
9
13
10
10
10
11
11
8
10
13
17
13
12
8
6
11
6
4
0
0
-1
4
7
9
6
1
6
11
13
11
5
5
6
7
8
13
16
14
7
8
9
9
10
7
5
5
2
-1
-5
-4
-3
-9
-10
-11
-6
-3
-3
-5
-11
-15
-12
-4
-1
-12
-10
-8
-4
-1
-7
-11
-11
-3
0
0
-5
-7
-4
0
6
3
-1
-5
-3
6
6
-2
-4
-6
-5
4
1
-4
-6
-3
0
-1
2
-1
-2
2
2
1
0
2
2
8
9
10
6
3
5
-1
1
3
4
3
-1
-1
-6
-8
-8
-3
-1
-5
-10
-18
-11
-7
-3
-6
-16
-15
-10
-6
-1
-1
-8
-11
-5
-2
-1
-2
-3
2
7
18
15
8
8
6
9
17
17
10
8
8
14
15
12
12
9
12
8
5
5
0
-1
-1
4
6
2
0
-8
-4
-3
-5
-3
-6
-6
-3
-5
-9
-11
-12
-13
-6
-9
-14
-14
-12
-10
-7
-8
-11
-8
-7
-8
-6
-6
-8
-10
-3
2
1
-5
-7
-2
0
1
2
5
7
5
4
8
9
6
10
14
14
10
11
10
9
7
6
7
3
4
3
6
6
3
4
-4
-2
-2
-1
-3
-12
-13
-11
-8
-7
-9
-10
-6
-12
-16
-13
-10
-3
-4
-6
-5
-5
-4
-2
-4
1
1
1
5
3
7
6
6
5
1
3
8
8
5
1
9
8
9
9
7
5
1
2
-2
-3
1
0
-3
1
-2
-1
-1
-7
-5
-6
-2
-2
-5
-7
-11
-11
-10
-1
-4
-8
-8
-14
-12
-10
-10
-5
-6
-7
-7
-6
-4
-3
-2
0
-1
1
1
-1
7
8
10
10
8
8
9
8
13
11
10
10
15
14
9
10
7
9
0
3
3
-1
-2
-5
-6
-4
-6
-7
-1
-3
-2
0
-2
-4
-4
-1
4
1
-3
-4
-5
-4
-5
-6
-5
-7
-7
-8
-7
-3
0
0
-2
-4
-7
-4
-4
-1
-2
-10
-7
-3
-2
2
-1
-1
-2
-2
-1
1
4
5
6
6
4
-2
4
4
10
4
3
4
7
8
1
-1
0
2
0
-2
-4
-3
-11
-9
-8
-10
-1
-10
-10
-15
-11
-7
-11
-11
-6
-5
-6
-6
-11
1
2
-1
1
2
5
9
6
6
9
12
9
10
12
16
19
14
20
13
11
9
8
9
9
6
3
1
1
0
1
-1
-4
-5
-5
-4
-3
-5
-11
-7
-8
-8
-12
-9
-9
-14
-11
-10
-13
-12
-13
-9
-4
-2
-3
-4
-2
-2
-2
-1
-4
-1
5
1
1
2
3
3
1
2
4
9
5
3
3
6
9
8
10
10
9
6
6
4
1
1
1
2
0
2
2
1
