SAMPLES:	8094
BITSPERSAMPLE:	16
CHANNELS:	1
SAMPLERATE:	16000
NORMALIZED:	FALSE
5
2
0
1
4
-3
3
7
6
3
5
7
1
4
2
-2
-1
4
2
3
1
0
3
5
-1
-4
-6
-2
-1
5
2
1
2
-1
2
3
4
2
1
-1
1
0
-1
-3
-4
1
-4
-4
-4
-2
2
-7
-8
-4
-3
-4
-5
-3
8
4
2
5
-2
-5
-1
2
-6
-4
-3
-1
-3
-3
-7
-4
2
3
3
-1
-2
8
6
-1
-3
-4
0
0
-1
4
5
-4
-2
5
4
-3
-1
1
1
1
1
-5
-6
-2
-1
-1
-1
5
-1
2
6
7
8
9
4
5
10
1
-1
7
4
0
5
4
1
0
-3
3
3
-3
1
-1
-4
0
0
-2
-3
3
6
-1
-4
-3
-1
-2
-2
-8
-9
-1
-1
-8
-2
3
1
-3
-2
-2
0
5
5
-1
-7
-6
-6
-9
-8
-2
1
1
3
8
-6
-2
3
1
-10
-1
-2
-3
3
1
-1
-1
3
1
5
3
8
7
10
4
-6
-5
-3
0
-3
3
6
7
2
-2
-2
-3
-1
2
3
-4
0
5
0
2
1
-1
-4
-1
2
2
4
-1
4
7
-1
-6
-5
-4
-4
-2
-3
5
7
6
7
2
-6
-1
4
6
8
2
-5
-6
-3
-3
-8
-6
1
-2
1
-2
-1
0
-2
1
8
-3
-6
8
-2
0
0
-4
4
10
11
0
4
-1
-11
-3
0
-6
-5
0
-5
-3
4
-1
-4
-5
-3
-2
-4
0
-3
2
4
4
6
4
2
-2
6
9
4
1
-3
-1
1
-4
0
1
2
3
-5
-1
2
-6
-4
-8
-11
-4
3
-6
-5
6
-2
-3
2
-1
-7
-9
-3
-1
-2
11
7
5
6
0
7
7
7
-4
0
0
-4
2
4
3
3
4
1
-6
0
4
2
4
5
11
6
1
-2
-4
-4
-5
-8
-9
-4
4
5
8
9
-2
-1
7
-2
-11
-12
-4
-2
-3
-2
3
5
7
3
-5
-1
1
0
4
13
8
7
7
12
5
-8
-19
-12
-2
-7
-2
-1
-8
-2
-4
-4
-5
-2
8
2
5
-1
-5
-9
-2
-8
-10
-3
4
4
13
4
-11
-8
-2
9
10
1
-7
2
10
5
15
4
-8
-3
5
6
-3
-12
-13
1
6
-5
-5
-3
2
-8
-5
-3
3
2
-6
-4
-1
8
11
1
-1
-12
-10
-6
-1
3
3
9
-1
-3
1
1
7
11
-1
18
15
-7
7
9
-4
6
-8
-1
17
11
6
16
8
-13
-9
-9
-5
2
-5
-17
-10
6
15
12
4
0
3
4
-2
1
-4
-13
-11
11
25
-3
-19
-8
5
-13
-15
-2
-15
-7
5
3
-18
0
-11
-9
10
12
8
-4
-3
4
4
-8
1
14
-3
-18
-5
-2
-15
-18
-9
-12
-1
4
-2
6
2
-6
14
26
17
0
6
2
2
4
-1
7
17
2
-12
18
12
-18
-7
-11
-17
-2
10
10
2
5
2
-2
1
0
2
6
-2
-4
5
16
-9
-21
2
1
-13
1
5
-6
-15
5
19
29
11
-27
-13
-2
-6
7
-1
-14
-21
-7
-1
3
22
4
-8
10
12
-10
2
0
-6
-1
24
9
0
31
3
-17
3
3
-3
-16
15
1
-30
14
23
5
-17
15
-10
0
17
-14
-32
1
36
0
-17
7
-5
-10
32
-4
-13
8
14
25
-9
-20
0
-18
-44
-18
17
0
-9
-1
-8
-14
11
12
-37
-15
31
-9
-5
-25
-45
-4
60
20
-45
-24
9
13
15
30
-3
-8
26
21
-23
6
34
-5
-40
0
35
8
-24
7
-24
-36
30
33
-12
15
27
-8
0
23
-44
-47
44
71
-48
-36
66
0
-16
39
12
-73
-17
26
-32
-13
82
20
-56
28
78
-28
-58
24
0
-27
74
76
-53
-57
23
9
-60
-1
8
-46
15
76
0
-76
-3
18
-53
-3
65
20
-19
8
-5
-51
32
34
-74
-15
53
59
-14
-48
-11
-41
-65
10
43
17
2
2
-18
-13
38
26
-43
-55
-12
46
30
-30
-56
1
-72
-42
65
-22
-19
103
129
60
-32
-18
54
56
27
-71
-53
-31
-10
47
-12
-130
-154
-245
-117
116
6
-40
92
65
104
142
18
-60
35
117
97
139
109
9
135
223
83
6
-20
-180
-194
-75
-24
-70
-75
56
142
63
104
372
278
-92
-185
-122
-168
-7
87
-187
-93
184
-53
-280
-173
-286
-497
-444
-440
-449
-217
-17
-169
-194
-55
-43
58
60
-144
-79
225
314
563
742
288
3
325
531
514
322
-99
528
1693
1449
1024
1237
654
-309
-536
-1151
-1975
-1670
-1231
-1156
-397
364
63
-148
340
334
-349
-643
-355
-191
-246
-51
223
255
340
460
246
87
212
256
308
594
610
253
155
359
269
-350
-816
-849
-981
-1163
-1038
-1001
-955
-418
86
115
334
690
451
278
617
498
-78
-15
348
160
0
128
75
-151
-282
-250
-71
-1
-40
108
152
92
166
-30
-439
-385
-194
-210
-31
161
52
105
284
263
208
111
24
358
785
608
327
378
367
329
327
213
149
298
403
434
410
107
-185
-16
142
-69
-71
189
177
-12
-34
-91
-282
-380
-285
-166
-143
-20
181
140
6
96
5
-374
-340
-119
-314
-389
-21
-18
-332
-233
-104
-313
-268
-89
-199
-183
2
-14
-82
-57
-35
-85
-171
-115
-22
-212
-488
-500
-395
-274
-37
166
205
414
618
472
304
167
-147
-292
-159
-105
-140
-29
14
-33
31
44
-111
-145
-191
-547
-558
-228
-120
-303
-354
-182
-18
-11
-37
23
-43
-183
36
311
166
-32
-68
-38
76
125
-91
-278
-227
-175
-100
129
244
202
339
612
846
941
728
369
171
108
23
-112
-276
-263
-17
200
411
673
709
509
543
627
390
80
-221
-619
-702
-479
-412
-366
-195
-111
-33
170
202
63
-25
-91
-49
123
199
163
267
397
254
83
79
94
107
285
467
391
247
183
118
156
301
355
415
656
757
434
3
-222
-362
-466
-504
-684
-1059
-1341
-1279
-937
-532
-290
-299
-442
-397
-67
246
384
389
151
-235
-344
-257
-394
-733
-1136
-1534
-1669
-1336
-837
-588
-442
-179
96
311
533
536
166
-178
-274
-275
-187
-18
-58
-316
-287
65
364
585
759
652
319
176
376
763
1162
1300
1023
631
417
291
136
81
57
-127
-331
-240
84
428
745
876
744
572
525
399
193
182
183
-77
-301
-234
-88
-86
-157
-232
-292
-175
93
272
351
449
418
214
137
263
195
-220
-652
-885
-911
-777
-605
-529
-455
-256
-36
157
442
631
453
167
194
458
597
484
142
-305
-531
-409
-220
-100
-27
-130
-371
-279
282
814
909
731
542
443
480
458
156
-341
-790
-1119
-1252
-914
-318
-22
4
180
602
990
1135
1016
718
350
-121
-721
-1121
-1121
-1052
-1188
-1257
-1009
-636
-391
-268
-142
61
212
78
-95
107
494
517
196
40
81
-22
-333
-660
-850
-919
-1089
-1325
-1164
-416
301
513
648
1119
1624
1710
1413
1049
828
572
-8
-604
-571
-119
-71
-317
-209
117
107
-101
-128
-65
-66
-136
-382
-499
52
725
647
324
679
1107
791
531
954
1053
295
-302
-253
-242
-481
-691
-1018
-1372
-1211
-801
-711
-501
181
474
8
6
802
1007
266
-178
-8
-14
-190
-54
66
-144
-300
-395
-637
-540
-36
-71
-721
-671
196
601
490
708
990
738
471
618
703
617
541
131
-468
-376
244
354
63
196
436
276
265
671
867
688
531
286
-16
114
417
139
-378
-419
-329
-486
-404
32
215
100
123
180
95
183
290
-108
-645
-693
-558
-671
-612
-238
-166
-457
-561
-506
-601
-649
-590
-765
-1045
-897
-593
-682
-797
-571
-535
-981
-1306
-1229
-1248
-1467
-1557
-1502
-1416
-1247
-1111
-1083
-857
-385
-62
-70
-19
297
521
409
319
696
1195
1089
498
187
119
-242
-713
-1000
-1497
-2209
-2555
-2560
-2588
-2430
-2266
-2807
-3357
-2819
-1840
-890
1575
5835
9756
12804
16668
21283
24867
26588
25756
21845
16498
11359
5201
-2245
-8160
-11760
-15255
-18175
-18068
-15961
-14238
-12417
-9991
-8190
-6577
-4031
-1987
-1507
-750
604
754
787
2614
4110
3188
1951
1719
707
-1102
-2292
-3747
-6122
-7524
-7671
-8314
-8677
-7458
-6464
-6832
-6492
-4870
-3948
-3629
-2437
-1137
-679
69
1442
2225
2566
3061
2924
1959
1428
1431
738
-202
-369
-381
-778
-786
-216
38
18
199
324
359
684
1170
1374
2054
2834
2264
1544
2639
4710
4716
3097
2827
3479
3410
2522
1988
1432
-225
-2492
-5505
-8938
-13253
-14882
-11023
-243
14869
25101
27769
28471
31411
32138
25584
15782
7674
-362
-10047
-18825
-22219
-20482
-17216
-15314
-14837
-12273
-7328
-3856
-3649
-4231
-3845
-4524
-6215
-5727
-2059
2197
4598
5531
6762
8876
9791
7418
2554
-2440
-6930
-11916
-16047
-17003
-15036
-12589
-11160
-8901
-5061
-1322
1195
1996
1982
1888
1560
869
951
5504
12263
14176
12306
11869
12251
8302
845
-4726
-9087
-12993
-14324
-13477
-10623
-5459
-273
1828
2344
5255
7822
6216
4049
3883
3284
1406
307
1030
1758
1701
1116
-506
-1002
636
1215
-254
-932
393
986
70
676
2419
2518
1427
473
-330
-855
-1147
-2089
-3765
-4240
-3069
-2404
-1952
-63
1811
1916
662
-748
-2763
-6852
-8972
-616
16829
29125
28150
24318
28762
32577
24130
9532
225
-5398
-15230
-25795
-28807
-24098
-17237
-13923
-13248
-9447
-2232
2258
713
-1599
-955
-1648
-4695
-4771
366
6798
10180
10624
10518
11244
11321
6851
-2014
-9937
-14827
-19277
-23274
-22895
-17597
-12097
-8654
-5107
-191
4553
6702
6166
4729
3563
2641
1190
743
3369
7097
8400
7359
8869
13356
13586
7424
105
-4741
-8807
-13191
-14547
-12531
-9329
-5622
-2729
-47
4000
7618
7575
4570
3404
4375
3723
2511
3237
4478
4146
2204
539
61
-104
-1094
-3682
-5534
-4454
-2762
-2313
-1828
-69
1410
943
461
1424
2291
1763
210
-1184
-1386
-733
-599
-831
-330
657
708
-517
-1129
-1768
-3990
-7695
-11759
-8575
7077
25342
31435
25881
25354
31928
28885
14026
619
-4755
-10493
-21900
-29106
-26012
-16938
-10545
-10661
-9743
-3576
1892
959
-2787
-2478
-1105
-3384
-4685
350
9273
15569
16182
13776
11831
10019
5179
-4089
-13405
-18959
-22842
-25773
-24933
-18680
-10431
-4946
-1612
1756
5380
7458
6339
4093
3066
2860
2046
1696
4374
9036
11547
10071
7186
4861
2090
-2841
-7949
-9038
-7567
-6575
-5978
-3497
934
3213
2956
1833
1156
1604
1178
-40
-351
1295
3169
2863
2590
4038
5145
3872
1502
264
-51
-592
-1627
-2077
-1632
-988
-1416
-2715
-2565
-1521
-1374
-2331
-2726
-1357
-242
273
1033
2098
3197
3069
2000
1249
992
279
-1492
-3410
-4428
-5412
-7418
-9825
-11064
-4132
13632
29583
31430
23852
23948
29330
22629
6028
-6433
-9037
-12041
-21299
-25769
-19990
-9423
-5116
-8592
-8240
-2461
256
-3981
-7705
-4390
-600
-952
154
7767
17815
21870
17853
11569
7622
3515
-4197
-13917
-20291
-22351
-23610
-23271
-18885
-10820
-3238
187
1481
2960
4839
5279
3405
2359
3584
5507
6248
6879
9546
12132
11189
6291
468
-3946
-7710
-11806
-14757
-13430
-8108
-2268
2008
5911
9668
10215
7048
2938
567
-390
-1647
-2587
-2219
42
2489
2877
2364
2355
2333
647
-1527
-1428
214
1296
1281
1395
1989
1948
399
-2251
-4125
-4843
-5255
-5700
-4857
-1972
596
2005
3084
4385
5285
4582
3006
1425
-73
-1996
-3974
-5363
-5698
-5807
-6986
-8113
-8422
-1212
16024
30511
31268
21862
20059
24791
18131
2534
-9090
-9739
-9937
-17892
-22075
-16619
-6106
-2869
-8928
-10286
-5011
-2441
-7141
-10059
-3583
3700
4620
4706
11698
21590
23810
15863
6233
1602
-2585
-10414
-18665
-21330
-19387
-19076
-18646
-14066
-5930
382
1035
147
965
2985
3680
2577
3557
7193
10420
10806
9954
10333
9777
6002
-664
-7181
-10822
-13031
-14770
-14816
-11379
-5937
-2023
3993
12891
18152
17024
11894
7578
3420
-963
-3384
-5936
-6713
-4779
-3486
-3229
-1949
1038
1451
-834
-803
1235
2831
4383
5935
6426
6048
4279
721
-3185
-5386
-6701
-9585
-10746
-8151
-4285
-625
2151
4992
6689
6549
5444
3483
2374
1322
-1095
-4161
-5404
-4916
-5363
-6391
-6957
-6456
-6741
-1501
14636
29575
31469
21759
18446
23508
18694
3864
-8991
-9401
-7002
-14328
-20748
-17472
-6746
-2916
-10089
-12803
-7746
-4063
-8019
-10854
-2799
7579
10023
7902
11961
21459
24112
14993
3544
-1451
-4997
-12327
-19704
-20484
-16467
-15678
-16537
-13707
-6511
-503
-818
-2461
-1150
2275
4295
3980
6437
11301
14483
13640
10305
8106
5496
865
-5491
-10851
-12745
-13232
-13350
-11943
-7159
-1402
2726
7390
12403
15286
13804
9912
5840
1722
-979
-3382
-5230
-5053
-3533
-2991
-4080
-3315
-1264
-577
-591
435
2683
4806
6667
7451
7084
6065
3351
-1128
-5369
-7336
-8581
-9931
-9285
-6425
-2635
670
3087
5045
5957
5709
4350
2424
1213
8
-1972
-3843
-4468
-4728
-5334
-6133
-6450
-6034
-6083
1567
18406
31166
29931
19077
18024
22402
14872
-681
-11476
-8612
-6471
-14199
-19185
-14294
-3688
-3415
-12443
-13995
-7703
-4863
-10231
-10837
1001
12688
13527
9980
14190
22772
22142
9769
-1631
-5021
-8238
-15682
-21103
-17628
-11506
-11839
-14337
-12142
-5080
-1206
-3892
-5404
-2201
3078
5377
6151
10749
15991
17331
13465
8394
5279
1217
-4522
-10117
-12547
-11665
-10492
-10125
-8256
-3502
759
1383
1465
7891
14961
14609
10634
7784
6678
2034
-3525
-5696
-7115
-6259
-6217
-7652
-6246
-1853
1814
1045
1697
5845
7341
6213
6316
7260
6094
2847
-1943
-6465
-8302
-8428
-9405
-9993
-6250
-1680
110
1976
4795
6475
5472
3470
1963
770
523
-812
-3313
-3631
-3457
-4589
-6750
-7129
-5989
-5347
5083
22618
32077
26930
16438
17994
20456
10739
-4475
-12223
-6001
-4151
-12542
-17085
-10029
-495
-6077
-17099
-16222
-8111
-7080
-13358
-10123
5459
17491
15582
10350
15164
22453
17616
2534
-5786
-4935
-7538
-15332
-18285
-10928
-5109
-9292
-15125
-13945
-7335
-5949
-9660
-8704
-1557
5785
7680
9337
14986
18816
16363
9228
4200
2189
-1331
-6526
-9779
-8405
-5789
-5455
-6876
-6599
-4136
-3006
-4029
-4088
3775
13616
15476
13056
11495
11231
5185
-3294
-6557
-8017
-7565
-7183
-7027
-4431
-132
2856
988
662
4248
5084
2926
3241
6336
6653
4091
218
-3935
-6361
-7647
-9162
-9981
-6412
-2007
-1000
334
3637
5924
4460
2324
1460
755
664
-68
-1531
-2018
-2327
-4048
-5988
-6252
-5150
-6061
-1465
15133
30047
31173
19500
14159
19256
15307
897
-11619
-8538
-512
-5935
-14307
-12334
-2201
-2401
-15784
-21155
-13106
-6178
-10727
-13707
-1070
16387
20086
11891
10309
17223
17295
4751
-5830
-3941
-1532
-7723
-14776
-11121
-2424
-4324
-14218
-19073
-14311
-9522
-11478
-11448
-3903
5936
9548
8637
11743
16394
15515
8379
2429
2280
2526
-525
-4127
-3758
-1369
-1881
-5631
-9128
-9096
-8501
-8716
-8362
-1389
12142
17723
14772
11203
10492
7067
-2509
-6855
-6751
-5410
-2929
-2203
-997
701
1960
-1204
-4900
-1711
2152
1618
1399
5613
8372
6751
3514
-1194
-5200
-7204
-7997
-8837
-6482
-1059
189
-856
626
3201
2831
585
182
325
1184
2283
1355
-86
-408
-2034
-5156
-6710
-5314
-4910
-4899
6605
24588
32767
25258
12528
12695
14621
5591
-8218
-11879
-1196
2005
-6688
-11426
-4977
454
-10219
-22809
-20382
-9459
-6938
-12578
-8045
9068
20614
15173
6575
8799
13202
7025
-4259
-4347
3262
3098
-5676
-9892
-3570
-968
-10014
-20131
-20284
-13543
-11457
-11947
-6496
3683
9501
7046
5329
8726
11088
7627
2361
2857
6944
7718
4279
1661
1756
370
-4343
-9857
-11448
-10156
-9094
-8164
-3758
8418
16171
12489
6070
3548
3640
-1257
-4252
-2012
73
2650
2700
1409
634
299
-2681
-7732
-5579
981
3379
2706
4784
6839
4920
1967
-1693
-4911
-6161
-5652
-5628
-4520
198
1729
-1347
-2582
-847
-43
-770
-315
856
1565
2857
2960
1065
-111
-1820
-4494
-6366
-5273
-4115
-758
14020
29446
30790
17856
7994
10222
8467
-1358
-10309
-6318
4923
4193
-4834
-7981
-2119
-3755
-17988
-25019
-16489
-5828
-7012
-10177
-1383
13227
17043
7342
1271
5098
7650
1023
-3933
3601
11248
6742
-3962
-6551
-2332
-5338
-15231
-20912
-16565
-10323
-9697
-8773
-2548
4451
3966
-1158
-1573
3072
6115
4703
4678
9044
12971
11445
6328
3182
2041
-231
-3635
-4786
-2875
-2021
-4514
-6847
-5348
-2264
-2147
-4056
-3526
-245
2584
3313
3600
4882
5773
4726
2674
2500
3892
3450
890
-479
405
730
-723
-2427
-2827
-2405
-2254
-2504
-2392
-1113
-539
-1696
-2594
-1583
-362
-773
-1265
-608
794
1527
1086
251
-34
-172
-697
-1583
-1758
-1014
-1682
-2336
-2787
3880
19595
29418
24444
9349
4664
9761
7002
-1731
-6237
1374
6845
-115
-8264
-8276
-3649
-10108
-22428
-21635
-7747
106
-6024
-8871
409
10044
6938
-795
393
6559
6977
358
1049
10699
13474
3274
-7946
-6817
-2859
-7349
-13890
-13238
-7097
-6042
-9403
-8776
-3427
-689
-4795
-8113
-4069
3099
5509
4545
6531
10529
11307
7288
4279
4559
5132
4459
2679
2788
2848
-452
-5820
-9324
-7733
-5776
-6243
-5794
-2915
68
324
-71
1060
2765
3760
3775
4044
5799
7213
5563
2792
1754
1600
92
-1898
-2225
-2165
-2470
-2689
-3118
-3093
-2653
-2580
-3137
-2777
-849
54
-301
-393
-79
-50
-52
394
399
-319
-935
-920
-1107
-422
217
166
-549
1494
13464
25548
25306
11935
1740
6335
9785
4750
-1722
1347
8488
3652
-7168
-11206
-6326
-7298
-18674
-22652
-10897
1742
-1007
-8944
-7104
975
1835
-3676
-1802
6725
10834
4684
111
6743
12641
7078
-4277
-6410
-1308
-2019
-7148
-8245
-4323
-4256
-9675
-12187
-8271
-3636
-4831
-8194
-6923
-1433
1446
443
1201
4520
6841
5930
5471
7874
9914
9389
5981
3234
3501
4069
2235
-1298
-2868
-3383
-5775
-7633
-6383
-4380
-4302
-4570
-3000
-299
1674
2373
1915
2097
4106
5293
5086
5332
5664
3976
1070
95
298
-383
-1563
-2758
-3631
-3364
-2730
-2988
-3280
-2162
-1214
-1725
-1611
-661
-478
-1275
-1639
-1342
-1006
-699
-425
-914
-1250
-314
59
408
824
7519
20087
25249
17340
3594
2610
10250
10338
4395
2333
8778
8942
-1592
-9967
-8481
-5288
-12703
-20945
-15690
-2078
491
-8789
-12973
-7625
-2835
-5819
-5593
2952
10262
7937
462
2014
9039
8974
1324
-2152
3332
5814
919
-3553
-2898
-3034
-8077
-11990
-9521
-3831
-3032
-6827
-9153
-7145
-4827
-6023
-5991
-2468
1822
3481
3838
6142
8393
8322
6154
4978
6215
7811
7492
6005
5530
4759
1659
-2861
-5008
-4656
-4678
-5276
-5133
-3621
-2762
-3073
-3299
-2583
-727
842
1865
2959
4324
4729
3629
2673
2719
2880
2136
1383
743
-152
-1297
-2338
-2453
-2080
-1452
-1171
-1267
-1363
-1752
-2522
-3103
-2967
-2430
-2003
-1884
-1827
-1990
-1593
-1598
-1581
-1062
-437
393
2608
12605
22767
21080
8411
-104
6522
13248
11104
6387
8092
11464
4727
-5501
-7831
-2977
-4951
-14628
-16883
-6720
775
-6530
-15476
-14524
-8355
-7643
-9231
-3048
4928
5300
-2005
-4508
2750
8310
5430
1107
4592
9640
7301
1375
29
1278
-1589
-5388
-4642
82
957
-4424
-9796
-10752
-8376
-7929
-8244
-6106
-2614
-1416
-2447
-1888
1130
4401
4428
4180
6477
9882
9966
6336
5188
5625
4781
2556
1579
1712
212
-2082
-3931
-3878
-2758
-2106
-2986
-3017
-1363
-1160
-2003
-1995
-307
356
301
1223
1949
1974
1125
232
-269
629
1625
1229
878
1437
1730
786
471
868
336
-758
-1115
-1197
-1934
-2782
-3547
-4323
-3535
-2577
-2928
-3614
-3519
-2408
-2159
4985
16822
19107
8395
-2537
2903
13513
14678
9593
8851
12905
9716
260
-3769
1763
2941
-6089
-12154
-5109
3298
-3822
-15254
-16648
-10394
-8342
-10641
-7188
-1752
-2324
-9188
-11596
-4434
3237
2738
-1196
1502
6681
6337
1964
2002
4970
3773
1555
2638
6033
5335
193
-4152
-4946
-2967
-2375
-3510
-4497
-4277
-4916
-6120
-5343
-2942
-691
-778
-988
-474
785
1898
1669
2192
3297
4027
3369
2890
3266
2919
1882
1604
2623
2823
2191
1156
572
388
20
60
14
-25
-732
-1659
-1745
-1450
-1488
-1676
-1304
-910
-1006
-1363
-1177
-669
-468
-180
374
1305
1690
965
712
1184
1376
425
-737
-982
-789
-765
-1338
-1279
-1216
-1326
-2167
1020
10798
15368
7692
-4337
-3067
8864
13410
8789
5819
8977
7860
139
-3742
2092
6746
727
-6816
-4632
3255
313
-10323
-13309
-7281
-3251
-6308
-6748
-3214
-3662
-9948
-13047
-7253
264
828
-3852
-4306
-668
924
-909
-675
3094
4058
2090
1536
3649
4174
1635
-509
-68
2011
2757
1235
-1458
-2417
-1874
-1716
-1706
-691
445
-664
-2432
-2708
-1583
-867
-573
23
308
169
-476
-906
-698
352
1438
1971
2386
2336
1508
457
780
1902
2533
2752
2661
2003
663
-36
0
177
198
1
-316
-679
-699
-1024
-1416
-1437
-1146
-1350
-1641
-1281
-1070
-865
-796
-276
-201
-738
-1100
-1168
-1030
-1106
-979
-719
-119
1037
6613
13083
11423
1604
-4325
3803
13656
12953
7044
6476
8612
4348
-1711
223
7175
6179
-1893
-5269
-133
1861
-6249
-12011
-8096
-2042
-3695
-8151
-7044
-5311
-9044
-13343
-9637
-1782
220
-5097
-8297
-5179
-2255
-2739
-2887
1170
4308
2375
169
1655
4166
3399
1667
2735
5460
5572
2598
-45
-622
763
1666
1892
1832
541
-1801
-4006
-3407
-1049
-218
-1405
-2213
-1841
-1801
-2384
-2517
-1469
-848
-647
-246
334
837
450
281
1120
2474
2865
2093
1559
1838
2108
2128
2587
2643
1874
652
95
371
534
416
12
-326
-602
-943
-1337
-1265
-1168
-1397
-1491
-1480
-1429
-1930
-2283
-1903
-1229
-1006
-1261
-1521
-1466
-1186
539
6215
11070
8266
-24
-2084
6404
13296
10928
6402
7254
8361
4054
275
3922
8983
5789
-1317
-2297
2545
1974
-5783
-9247
-4716
-1028
-4359
-7928
-6550
-5813
-9840
-12396
-8119
-2735
-3632
-8838
-9985
-6483
-4175
-4653
-4065
-923
230
-1772
-2605
109
2806
2775
2176
3473
5408
5106
3332
2153
2552
3538
4464
5386
5001
2431
-864
-1595
332
2071
1388
-808
-2476
-3101
-2771
-1989
-1063
-1006
-2057
-3057
-2747
-1594
-1113
-1086
-630
350
761
503
357
520
863
1339
2271
3110
2848
1350
184
637
1946
2642
2220
1394
322
-766
-939
-32
1017
826
-406
-1302
-1474
-1371
-1538
-1783
-1809
-1668
-1693
-1860
-1904
-1946
-2111
-1921
1371
6734
7767
1925
-3498
175
8343
10845
7663
6250
7330
5378
1511
2629
8488
9769
3940
-745
1370
4282
780
-4038
-2953
768
-534
-5284
-6362
-4572
-5826
-9232
-8540
-4268
-3065
-7291
-11143
-9989
-6952
-5901
-5839
-4156
-2660
-4136
-6264
-5111
-1663
350
414
600
1784
2384
1869
1644
2672
4243
4791
4437
4199
3921
3330
3472
4380
4682
3752
2364
1325
573
602
1194
1086
238
-608
-1521
-2347
-2248
-1476
-1138
-1312
-1203
-1337
-2089
-2105
-1125
-282
25
183
166
-210
-510
-337
135
901
1595
1395
751
551
587
536
777
1378
1522
829
193
109
247
470
385
-96
-634
-1110
-1425
-1323
-864
-853
-1606
-2233
-2215
-1878
166
4261
5905
1768
-3324
-1522
5440
8595
6102
4202
5208
4683
1618
1643
6526
9072
4884
49
1112
4523
3119
-953
-954
1882
1294
-2573
-3946
-2259
-2663
-5818
-6553
-3637
-2243
-5456
-9191
-8859
-6479
-5819
-6162
-5213
-4187
-5535
-7552
-6746
-3709
-1777
-1826
-2085
-1521
-945
-854
-383
890
2269
2759
2421
2413
2924
3121
2965
3211
3834
4009
3587
3122
2778
3056
4563
5490
3851
1117
76
825
1726
2483
2607
804
-1793
-2493
-1353
-193
409
292
-981
-2524
-2491
-1320
-737
-716
-761
-1105
-1481
-1227
-762
-762
-871
-599
-187
211
573
405
-138
-262
165
696
1088
1166
618
-197
-515
-154
349
359
-357
-1286
-1490
-1125
-920
-940
-985
-866
441
3228
4354
1298
-2276
-796
4122
6282
4891
3917
3943
2261
95
1684
6372
8241
4772
710
635
2499
2192
917
1941
3368
1323
-2444
-3105
-1257
-1301
-3453
-4112
-2775
-2712
-5017
-6938
-6498
-5356
-5464
-5845
-5045
-4328
-5485
-7012
-6340
-4055
-2687
-2759
-2945
-2801
-2737
-2551
-1525
142
1299
1172
305
55
891
1999
2609
3029
3498
3338
2581
2932
5080
6371
4924
2873
2749
3550
3511
3478
3871
3137
1149
122
729
1354
1014
139
-688
-1134
-986
-800
-985
-1181
-1389
-1868
-2113
-1528
-933
-1288
-2015
-2008
-1382
-914
-691
-458
-235
-325
-524
-265
354
617
270
-111
-160
-21
158
344
315
-2
-341
-550
-604
-546
-539
-745
-964
-589
979
3274
3974
1373
-1967
-1362
2816
5281
4353
3616
4076
2527
-347
583
5384
7617
4573
1104
980
1911
1315
977
2621
3651
1258
-2341
-2939
-1012
-531
-2201
-3018
-2298
-2694
-4757
-5771
-4762
-4096
-4970
-5569
-4779
-4160
-4990
-5927
-5334
-3880
-3155
-3208
-3111
-2875
-2994
-3029
-2199
-819
93
103
-332
-552
-283
457
1484
2433
2897
2783
2336
2064
2871
5077
6687
5450
2730
1764
2833
3897
4656
5330
4227
1109
-823
145
1806
2308
2062
1163
-674
-1996
-1393
35
571
-56
-1326
-2532
-2798
-2028
-1186
-924
-1033
-1376
-1881
-1981
-1462
-947
-952
-1189
-1086
-651
-313
-222
-173
-143
-315
-493
-271
46
-121
-454
-399
-224
-233
-120
31
-308
-288
1506
3619
2932
-72
-1116
1444
4051
3984
3374
4175
3997
1148
-542
2454
6414
5856
2456
1372
2283
1465
-178
1016
3648
3043
-632
-2736
-1720
-682
-1499
-2288
-1743
-1748
-3705
-5540
-4942
-3319
-3344
-4492
-4591
-3961
-4370
-5342
-5002
-3602
-2989
-3388
-3518
-3080
-2889
-3073
-2868
-2054
-1264
-993
-1047
-959
-586
-178
199
776
1490
1915
1990
2029
2147
2632
4144
5918
5728
3473
1857
2399
3641
4456
5195
5084
3004
549
271
1822
3054
3111
2224
525
-1124
-1400
-423
550
725
-49
-1538
-2788
-2765
-1826
-1237
-1436
-1898
-2312
-2640
-2564
-1856
-1042
-939
-1431
-1644
-1291
-898
-720
-475
-182
-175
-314
-236
-61
10
35
-34
-201
-103
279
280
35
909
2818
3313
1285
-618
364
2794
3573
3021
3496
4262
2654
-53
425
3965
5571
3541
1667
1909
1623
-144
-223
2338
3641
1342
-1612
-2039
-1092
-1144
-1684
-1191
-639
-1952
-4278
-4915
-3545
-2563
-3075
-3648
-3453
-3624
-4606
-4970
-3985
-3016
-3241
-3887
-3809
-3278
-3110
-3163
-2797
-2141
-1804
-1792
-1569
-973
-417
-162
160
1086
2364
2900
2279
1702
2242
3241
3722
4040
4529
4268
3012
2318
3074
4050
4107
3647
3089
2207
1356
1368
1981
2121
1516
690
-19
-536
-693
-551
-556
-938
-1465
-1815
-1878
-1728
-1570
-1567
-1668
-1723
-1678
-1539
-1276
-978
-867
-966
-964
-658
-289
-156
-186
-184
-163
-160
-85
41
36
-137
-299
-324
-231
-152
-124
328
1576
2573
1746
-251
-701
1095
2654
2639
2738
3590
2971
406
-686
1601
4169
3920
2340
1900
1729
352
-537
1033
3184
2805
390
-1148
-1077
-975
-1271
-880
-7
-366
-2252
-3767
-3587
-2705
-2559
-2962
-3095
-3192
-3874
-4585
-4324
-3448
-3181
-3650
-3883
-3560
-3289
-3245
-2963
-2384
-1984
-1876
-1665
-1131
-483
-14
187
352
834
1606
2192
2385
2488
2653
2725
2809
3257
3858
3969
3541
3140
3043
3050
3063
3096
2957
2491
1932
1579
1387
1191
952
637
199
-236
-468
-569
-756
-1003
-1151
-1225
-1315
-1348
-1265
-1223
-1319
-1352
-1174
-924
-774
-661
-504
-392
-397
-413
-372
-340
-351
-336
-268
-208
-197
-215
-234
-238
-250
-335
-459
-514
-532
-553
-124
1149
2250
1610
-323
-1083
209
1554
1687
1962
3019
2829
574
-836
815
3233
3427
2348
2222
2275
876
-503
491
2684
3050
1387
5
-267
-603
-1282
-1200
-317
-175
-1457
-2866
-3091
-2597
-2580
-3073
-3281
-3157
-3382
-3921
-3950
-3361
-3038
-3388
-3699
-3394
-2856
-2576
-2401
-2080
-1774
-1603
-1365
-911
-392
59
435
677
836
1163
1714
2173
2362
2472
2599
2603
2577
2825
3176
3178
2874
2680
2608
2413
2234
2285
2245
1782
1249
1068
1013
747
450
346
196
-170
-464
-485
-472
-618
-746
-704
-633
-671
-705
-602
-478
-507
-638
-680
-586
-480
-425
-343
-227
-197
-297
-414
-422
-331
-240
-215
-264
-345
-423
-442
-376
-309
-369
-546
-740
-979
-1213
-900
335
1512
1182
-311
-950
-22
924
1056
1548
2765
2877
1127
-168
856
2575
2773
2149
2301
2519
1435
92
428
1844
2190
1152
264
95
-248
-1017
-1322
-875
-688
-1488
-2527
-2753
-2378
-2362
-2866
-3177
-3076
-3106
-3392
-3312
-2726
-2392
-2711
-3066
-2894
-2443
-2075
-1717
-1340
-1162
-1171
-1111
-910
-523
253
1135
1317
805
628
1198
1738
1878
2201
2713
2617
1995
1876
2381
2593
2276
2068
2084
1905
1661
1700
1756
1453
1018
769
633
554
610
588
266
-63
-70
-4
-141
-251
-196
-289
-566
-587
-265
-47
-128
-215
-194
-280
-455
-474
-319
-171
-115
-131
-230
-359
-424
-455
-529
-596
-628
-717
-855
-882
-782
-706
-671
-634
-703
-898
-957
-823
-784
-675
118
1261
1424
330
-446
112
922
1027
1363
2627
3308
2079
475
665
2010
2417
1923
2046
2580
1984
480
-17
839
1347
635
-189
-226
-205
-843
-1496
-1383
-1031
-1408
-2281
-2607
-2216
-1968
-2287
-2626
-2598
-2614
-2917
-2986
-2479
-1965
-2029
-2362
-2384
-2117
-1840
-1506
-1049
-750
-764
-753
-455
-68
198
443
721
891
960
1119
1330
1429
1484
1634
1754
1747
1772
1881
1818
1573
1506
1669
1684
1474
1367
1399
1281
1035
945
958
812
585
545
638
634
503
381
284
185
139
158
196
194
111
-36
-156
-160
-140
-226
-375
-451
-491
-600
-717
-723
-677
-719
-808
-821
-775
-776
-832
-854
-818
-759
-689
-653
-674
-677
-553
-362
-288
-340
-331
-230
-196
-186
149
837
1284
1045
547
480
781
965
1108
1636
2239
2121
1322
812
1054
1433
1428
1352
1509
1487
921
279
195
484
445
-43
-450
-537
-651
-1009
-1302
-1313
-1364
-1756
-2197
-2249
-2022
-1955
-2126
-2267
-2277
-2323
-2414
-2308
-1940
-1594
-1544
-1680
-1722
-1573
-1327
-1014
-629
-329
-272
-354
-288
3
369
669
854
886
819
843
1071
1366
1532
1578
1570
1492
1398
1448
1637
1736
1638
1513
1490
1474
1397
1342
1323
1220
1010
841
794
784
718
601
466
312
154
26
-60
-104
-136
-198
-290
-361
-396
-436
-499
-537
-541
-554
-590
-596
-551
-511
-500
-487
-482
-524
-561
-511
-392
-296
-271
-291
-349
-420
-426
-335
-244
-232
-236
-174
-120
-159
-189
-107
-33
-106
-122
192
635
737
506
429
619
686
562
720
1259
1549
1243
881
961
1131
939
687
830
1077
873
382
176
257
140
-263
-530
-539
-626
-949
-1210
-1211
-1192
-1393
-1693
-1844
-1852
-1860
-1878
-1842
-1769
-1745
-1780
-1805
-1739
-1564
-1356
-1239
-1195
-1066
-795
-546
-445
-355
-163
23
114
272
606
895
925
845
931
1142
1273
1341
1465
1572
1533
1417
1401
1463
1451
1346
1261
1232
1186
1079
957
842
698
532
419
400
410
357
242
129
40
-47
-111
-98
-38
-4
-19
-63
-126
-198
-239
-213
-147
-112
-132
-198
-288
-352
-339
-262
-215
-241
-296
-329
-332
-320
-282
-236
-231
-277
-300
-250
-186
-191
-232
-249
-244
-257
-276
-259
-207
-165
-151
-139
-111
-86
-83
-91
-59
63
245
370
370
312
317
365
390
429
576
754
756
577
445
486
535
459
381
417
418
217
-46
-129
-87
-182
-422
-573
-573
-635
-843
-995
-975
-963
-1099
-1226
-1167
-1056
-1084
-1171
-1118
-961
-874
-863
-788
-636
-536
-504
-410
-232
-92
-57
-37
49
164
240
292
361
408
404
390
427
487
512
496
491
504
515
516
526
532
507
479
491
534
565
555
531
520
517
514
526
553
552
512
465
460
480
491
483
468
432
375
332
323
334
326
296
258
220
170
120
83
48
14
-14
-41
-73
-103
-148
-204
-238
-240
-222
-218
-245
-286
-308
-318
-333
-331
-312
-312
-357
-401
-398
-375
-378
-400
-406
-405
-420
-434
-407
-345
-322
-345
-360
-330
-278
-247
-211
-152
-113
-121
-131
-90
-8
43
49
61
94
121
124
144
193
233
224
197
202
228
238
219
209
211
190
132
85
79
84
59
4
-51
-96
-145
-205
-229
-217
-217
-276
-358
-411
-412
-402
-409
-402
-391
-415
-470
-474
-416
-337
-307
-310
-294
-251
-217
-184
-114
-29
12
19
47
125
218
262
291
334
383
416
448
509
577
605
600
610
655
694
692
688
701
701
668
638
639
636
601
545
500
475
434
381
336
307
259
196
142
104
69
20
-34
-84
-121
-152
-193
-226
-255
-278
-312
-352
-371
-379
-388
-411
-425
-432
-446
-458
-471
-473
-471
-475
-484
-495
-497
-502
-505
-504
-494
-482
-488
-488
-466
-437
-413
-383
-346
-302
-268
-230
-172
-101
-38
15
70
132
194
246
301
359
414
454
482
515
555
576
561
544
542
535
512
473
441
403
353
286
226
171
114
41
-36
-92
-134
-204
-276
-323
-359
-415
-476
-495
-487
-492
-509
-508
-491
-466
-454
-439
-409
-356
-316
-290
-237
-156
-102
-88
-52
4
54
81
127
192
231
249
266
293
328
369
395
420
463
484
470
445
464
490
474
447
467
480
424
375
377
360
298
253
240
227
204
175
146
134
102
44
-11
5
28
-21
-62
-59
-84
-152
-193
-198
-173
-117
-99
-205
-286
-300
-428
-688
-698
-401
-311
-363
-199
-24
-248
-612
-706
-757
-822
-662
-372
-214
-55
138
9
-321
-365
-217
-317
-373
-7
344
304
222
350
376
210
180
318
362
390
495
480
353
371
462
353
238
337
404
257
132
180
158
-7
-83
-32
-37
-100
-116
-147
-222
-257
-254
-305
-331
-243
-188
-255
-265
-158
-110
-186
-215
-118
-55
-99
-87
12
13
-27
0
50
25
46
106
67
25
77
106
38
38
125
146
89
102
158
116
74
119
138
107
133
224
124
84
202
180
60
133
195
53
30
144
91
-1
90
107
-18
-23
40
-4
-97
-73
-23
-80
-97
-26
-60
-164
-146
-117
-175
-179
-89
-102
-167
-148
-127
-176
-192
-168
-176
-175
-133
-89
-81
-89
-87
-95
-102
-85
-23
34
42
63
94
79
57
105
132
133
170
210
215
210
205
162
121
121
133
144
163
179
163
95
47
24
-6
-15
3
-9
-26
-5
-18
-77
-88
-81
-105
-119
-101
-98
-123
-140
-129
-128
-134
-123
-111
-103
-99
-89
-97
-104
-75
-50
-35
-9
9
7
22
16
5
4
10
28
44
56
62
49
33
15
-11
-10
9
15
37
39
33
56
49
28
20
44
58
61
75
81
79
87
94
89
68
66
76
70
48
36
38
37
26
17
12
-12
-34
-33
-32
-60
-84
-87
-78
-73
-61
-64
-95
-107
-82
-79
-96
-74
-62
-62
-28
7
3
-14
-28
-4
26
20
25
29
41
66
86
79
56
41
50
67
66
50
36
39
53
60
55
31
21
45
48
22
-26
-41
-17
26
50
32
-2
-30
-35
-27
-33
-57
-53
-30
9
20
-37
-93
-108
-84
-49
-26
-44
-73
-70
-49
-36
-29
-27
-49
-36
0
3
-9
-17
-35
-26
18
33
0
-4
4
3
6
-5
5
24
54
51
33
7
1
10
27
51
38
16
23
44
45
26
13
5
27
50
50
43
35
31
26
36
33
30
26
14
-1
-13
-2
20
31
-9
-44
-32
-16
-19
-36
-15
-9
-35
-58
-29
2
2
-22
-35
-10
24
-6
-40
-21
-8
-12
-6
-2
14
28
-3
-30
3
15
-1
-7
10
22
13
-9
-17
3
-5
-26
-21
14
31
6
-7
-2
4
-10
-22
-18
-10
5
-4
-4
19
16
-5
-23
-8
3
6
21
14
10
25
14
-32
-26
2
-2
-11
11
30
0
-11
17
11
-20
-15
-6
2
33
43
1
-40
-22
21
-21
-37
2
22
11
12
60
41
1
16
17
-21
-1
44
20
18
41
24
-19
-17
8
-22
-16
-17
-28
-36
17
-6
-81
-67
-25
-35
-16
23
-36
-98
-70
-6
22
12
-12
-20
8
24
-3
36
80
41
-8
-18
-19
-22
-16
19
64
43
17
21
9
-35
-13
67
63
51
331
686
398
21
-7
-114
-235
-30
115
24
-24
-94
-195
-223
-306
-444
-353
-107
-28
-51
-3
11
-90
-160
-111
-31
41
73
70
13
-53
-19
81
115
121
136
81
35
51
35
-53
-108
-75
-29
-2
27
29
-16
-45
-27
-20
-26
8
31
37
76
88
47
60
84
9
-20
62
49
15
67
69
52
91
71
22
48
9
-36
-5
22
-15
-88
-84
13
46
-14
-16
20
0
-19
0
21
12
-1
0
3
9
-15
-54
-55
-30
-50
-67
-54
-51
-18
34
34
-13
-20
39
53
-12
-30
9
-20
-46
45
65
-20
-51
-30
-29
-19
36
31
-39
-15
24
-8
26
77
43
-3
7
19
-2
36
86
47
-3
43
51
-45
-59
-5
6
14
33
-12
-81
-84
-73
-63
-26
-11
-56
-45
1
2
-14
-15
-3
12
14
-2
-15
-14
14
48
49
24
6
18
38
7
-7
23
37
45
31
12
-28
-51
-28
16
29
8
18
-10
-87
-108
-63
-61
-46
22
29
-5
16
10
-44
-19
18
0
42
99
64
47
78
42
15
69
81
25
-5
-10
-7
16
-4
-39
-27
-14
-34
-9
-16
-66
-51
-26
-74
-69
-10
17
66
83
14
-11
0
-29
-25
9
-17
-24
44
78
37
1
-8
-39
-71
-59
-43
-18
-1
-25
-4
10
-28
-45
-36
-52
-80
-40
42
68
39
21
34
40
36
43
48
36
28
76
95
-4
-76
11
57
12
30
20
-93
-113
-31
-40
-67
-55
-67
-36
0
-49
-59
41
68
-40
-108
-54
11
75
78
-27
-51
64
144
117
51
-19
-57
-46
6
81
160
146
42
19
66
65
41
12
-40
-27
87
176
155
55
-48
-89
-6
60
-42
-85
47
113
31
-45
-66
-37
-13
13
42
54
32
28
52
43
-31
-111
-40
86
37
-76
-111
-170
-266
-206
-70
-119
-178
-92
-99
-213
-188
-92
-79
-94
-84
-8
81
83
66
106
108
26
-16
76
135
41
29
168
220
77
-87
-74
-32
-48
-9
81
73
-45
-104
-62
-45
-125
-156
-54
47
39
2
-4
-17
-69
-102
0
54
-20
1
104
54
-44
-12
14
-46
-46
63
112
70
26
-52
-56
72
120
33
45
104
-11
-58
95
133
91
170
150
28
54
119
30
42
176
168
135
147
86
15
-18
-47
-1
29
-65
-50
88
52
-31
0
-61
-82
71
61
-21
105
105
-105
-58
120
57
-44
-48
-160
-265
-160
-88
-206
-300
-235
-137
-87
-89
-99
-151
-297
-309
-71
65
-34
-45
8
-85
-147
-59
42
70
36
-47
-54
-1
-33
-43
61
108
87
93
73
-4
-26
-12
-48
4
172
197
80
68
140
144
34
-37
47
180
164
11
-65
-32
-63
-118
-64
-13
-16
84
123
-85
-240
-127
17
110
194
154
43
45
126
127
19
-118
-86
157
262
117
38
120
119
24
-27
-40
-31
-23
48
140
48
-111
-46
107
69
-23
-32
-120
-161
2
76
16
77
81
-27
2
91
86
78
65
76
179
98
-135
-190
-205
-215
9
92
-133
-229
-374
-636
-545
-332
-280
-40
148
-41
28
174
-214
-300
216
260
-60
112
406
367
249
127
40
194
292
149
195
448
394
115
101
219
108
-105
-16
260
247
-5
-91
-107
-182
-61
100
97
187
262
3
-113
67
-38
-205
-76
79
178
188
-150
-387
-224
-322
-528
-219
40
-126
-17
222
-16
-400
-587
-685
-580
-244
36
98
-192
-518
-442
-369
-613
-599
-292
-271
-231
7
-27
-219
-187
-40
117
281
164
-69
10
117
70
265
498
387
339
410
44
-319
-84
150
144
261
378
423
484
331
88
98
139
123
337
442
327
409
458
331
383
297
-47
-23
62
-125
19
276
143
257
429
-4
-149
219
76
-196
37
125
75
347
439
274
325
305
100
45
-66
-193
26
215
140
206
195
-152
-342
-272
-223
-179
-138
-141
-72
-185
-418
-251
18
-165
-323
-216
-397
-708
-694
-638
-611
-328
-149
-336
-427
-426
-577
-562
-440
-507
-530
-351
-310
-322
-241
-324
-330
-85
-105
-374
-359
-305
-410
-270
107
310
241
158
232
299
141
8
84
113
170
464
693
664
609
627
583
440
285
150
93
257
661
974
901
603
309
131
84
80
178
331
225
51
154
176
9
148
360
134
-109
-182
-406
-453
-87
229
330
341
164
-117
-316
-355
-215
-36
51
208
344
202
46
56
-33
-157
-119
-90
-72
57
126
64
55
-53
-329
-412
-290
-270
-210
26
157
44
-154
-353
-532
-548
-380
-222
-113
-8
-21
-188
-295
-320
-393
-337
-153
-93
-21
103
-24
-188
-32
20
-93
90
229
38
-38
-12
-149
-130
62
114
143
183
77
-12
36
10
-77
-41
15
11
17
84
146
140
169
229
172
9
-42
-17
-22
34
184
260
306
362
300
163
54
-87
-178
-70
51
104
284
458
326
185
171
-8
-211
-155
-72
-98
-23
102
152
221
204
67
-11
-141
-339
-252
-40
-53
9
197
132
-55
-46
-6
-66
-60
37
63
-65
-190
-176
-148
-92
90
246
130
-154
-343
-437
-431
-275
-68
25
-12
-45
-22
-30
-129
-156
-118
-134
-83
61
79
-37
-50
-3
-12
-3
31
19
1
2
1
-45
-121
-156
-113
-35
36
97
112
53
-8
-16
-50
-86
-69
-53
-28
88
180
149
117
83
1
-46
-91
-110
-49
36
131
225
224
144
83
34
36
129
175
52
-6
137
249
254
224
164
32
-61
8
143
164
96
80
76
-28
-125
-96
-24
46
88
62
-38
-121
-56
39
11
-29
14
29
-35
-65
-42
-17
21
30
-5
-19
-7
-39
-90
-71
-26
-47
-122
-128
-76
-96
-155
-141
-82
-47
-4
8
-87
-143
-88
-93
-233
-280
-100
28
-50
-83
39
117
54
-6
-9
-76
-205
-239
-166
-86
4
110
157
125
67
10
-101
-205
-141
5
25
8
105
192
113
-30
-43
26
34
4
17
24
-19
-31
23
94
127
103
77
63
49
26
-1
-23
-21
-19
-19
26
112
158
153
128
79
16
-22
-3
40
75
99
72
-9
-49
-12
13
38
141
241
208
100
56
40
-39
-123
-94
-51
-62
-23
101
210
219
169
124
37
-80
-123
-82
-45
-48
-19
21
8
0
67
107
44
-40
-86
-143
-236
-238
-95
14
23
70
120
22
-149
-189
-191
-257
-258
-118
0
-20
-20
31
1
-97
-85
-14
-36
-100
-117
-134
-178
-161
-68
19
64
100
116
70
-6
-51
-67
-83
-73
-22
30
61
76
84
59
22
-7
-17
-1
31
57
44
9
-15
-42
-42
-15
36
65
47
20
13
2
-12
7
34
48
51
61
65
67
68
58
35
27
28
25
16
24
45
55
55
61
68
59
26
-9
-21
-15
9
46
69
88
87
40
8
6
13
37
69
80
75
59
18
-7
-18
-33
-36
-24
-15
-17
-13
-9
3
11
1
-22
-53
-87
-125
-142
-127
-81
-29
21
32
10
-33
-81
-110
-115
-102
-75
-49
-42
-42
-52
-51
-42
-33
-29
-30
-41
-56
-66
-52
-24
-9
4
13
2
-26
-52
-74
-82
-63
-28
6
32
52
55
41
11
-18
-43
-57
-51
-30
6
40
81
111
113
96
64
27
-8
-22
-8
24
57
80
96
106
96
72
51
38
31
37
40
40
43
50
50
40
36
42
44
49
49
42
23
0
-9
-13
-14
-10
2
16
21
25
19
9
-3
-18
-28
-38
-50
-44
-38
-30
-23
-18
-13
-9
-8
-8
-6
-12
-20
-38
-57
-72
-73
-55
-30
-12
7
22
17
-3
-30
-55
-79
-82
-63
-34
-13
1
10
6
-4
-18
-24
-26
-31
-36
-29
-14
-6
9
24
32
31
20
10
-3
-12
-14
-5
12
33
42
40
38
30
23
21
13
8
11
8
15
26
33
34
28
19
6
-4
-8
-9
-2
6
11
9
10
3
-6
-15
-17
-17
-15
-7
-1
3
9
10
7
2
-1
-4
-7
-9
-7
2
6
8
8
8
5
4
4
4
6
6
2
1
-2
1
-1
-3
5
8
10
6
0
1
1
-4
-11
-13
-8
-4
0
2
0
2
-1
-8
-10
-10
-9
-5
-3
-3
0
0
-2
-4
-13
-13
-11
-7
-3
-3
2
-1
-4
-9
-13
-14
-14
-8
-5
-5
0
-1
0
4
3
-2
-1
2
3
3
3
7
14
10
5
4
3
-1
2
3
2
6
5
1
-1
-2
-6
-4
-1
0
5
10
8
6
6
6
0
-3
1
3
6
7
11
9
6
4
0
-5
-2
2
-1
-2
0
3
1
0
1
1
-2
-4
-6
-3
-7
-11
-5
-4
2
3
0
0
-4
-4
-3
-4
-6
-6
-3
0
2
1
0
3
1
-3
-1
0
0
-2
-1
2
4
1
0
2
2
4
2
3
0
-3
-1
-2
-2
-2
-5
-3
-4
-2
-3
-4
-3
-6
-5
-2
-4
-3
-3
-2
2
2
3
5
4
1
1
-2
-1
-4
-7
-5
-3
-1
0
1
3
1
1
2
2
2
0
-2
-1
1
-2
-2
2
3
2
3
3
4
4
2
1
0
1
1
4
7
8
6
5
5
4
1
0
2
-1
2
1
-2
-1
-1
-2
-2
-2
-4
-2
-3
-3
-3
-6
-4
-4
-3
-3
-3
0
-1
-1
-4
-2
-1
-1
-2
-2
-1
-2
1
-1
1
2
-2
-1
-2
-2
0
-2
-1
-1
-2
-2
1
0
0
1
-1
2
3
3
3
3
1
2
1
2
5
2
5
3
0
1
1
0
1
1
2
1
0
-1
0
2
-1
-1
-1
1
2
0
-1
-2
-3
-5
-5
-6
-6
-6
-6
-5
-5
-6
-6
-2
-1
-1
-1
-2
-1
1
0
-3
-1
1
4
1
4
5
4
6
6
7
4
4
4
5
7
2
3
0
-1
1
3
3
2
-1
-4
-4
-3
-2
-3
-1
-3
-2
-1
-3
-4
-3
-4
-4
-4
-5
-8
-4
-2
-3
-3
-2
