SAMPLES:	11182
BITSPERSAMPLE:	16
CHANNELS:	1
SAMPLERATE:	16000
NORMALIZED:	FALSE
0
2
-1
-1
3
1
0
0
1
1
-1
-2
-3
-2
-3
-3
-1
0
-2
-1
0
0
-2
-2
-2
-1
1
0
1
-1
1
0
2
0
3
0
0
1
3
1
-1
-1
-1
0
-1
0
-1
1
0
1
2
0
3
4
1
-2
-2
4
4
3
3
-2
1
0
0
2
3
1
-3
-1
-3
-2
-1
1
0
-1
-2
-1
0
0
3
1
0
-3
-2
2
-1
-3
-3
-4
-3
-1
1
-1
0
-2
-2
4
1
0
0
-2
-1
-3
-1
-4
-3
-1
-1
-3
-4
0
-1
-1
2
-2
2
3
1
2
5
2
4
4
2
3
4
6
5
1
1
0
0
3
-2
1
2
0
1
0
0
0
-2
-3
-2
-2
0
1
-3
0
-1
-4
1
-2
-3
0
-2
-3
-3
0
0
1
-1
-2
-1
1
5
0
2
2
0
-2
0
0
-2
-3
-1
4
1
-3
-3
-2
-4
-4
-1
-3
-1
-1
-1
0
-1
1
1
3
6
6
5
3
4
4
3
2
-1
3
1
1
2
2
-1
-2
-2
-3
-3
-3
1
-1
-2
-2
-3
-2
-1
1
1
2
-1
0
-1
-1
1
4
1
1
0
1
3
-2
2
0
-5
-7
-4
-1
2
-2
-5
-1
3
1
1
3
4
3
6
3
3
8
4
5
0
-3
-4
-6
-5
-7
-9
-8
-7
-6
-4
-4
-2
-1
-1
-2
0
2
6
5
4
3
4
4
7
3
0
4
-1
0
3
2
3
-2
1
1
-4
-7
-7
-7
-6
-5
-5
-3
-4
-1
-1
-5
-2
-2
1
3
4
8
10
11
8
8
5
5
4
0
2
1
-1
-2
-3
-4
-2
1
1
2
-1
-2
-4
-4
-1
1
1
-3
0
0
-1
4
-2
-3
0
-2
-7
-7
-2
1
3
0
-4
-1
0
2
2
1
3
0
3
2
5
0
-3
-1
1
-1
-1
4
3
3
0
-1
0
0
2
3
4
3
-1
0
-5
-2
-1
-1
-2
-1
-4
-2
4
2
3
1
2
1
3
1
1
0
-2
-1
-3
-3
0
-1
-2
-2
-5
-6
-4
-3
-2
1
0
0
0
0
-2
-1
0
-1
-2
-2
1
-1
5
1
3
5
4
1
1
3
2
2
0
1
3
3
2
3
1
2
-1
2
2
0
0
-1
1
-3
0
0
-5
-1
-3
-4
-3
1
2
-1
-5
-4
1
0
0
-1
1
-1
1
1
1
4
1
0
-4
0
-2
-3
-2
-2
-1
0
0
2
5
0
0
3
4
0
0
-1
3
0
2
3
0
-1
2
2
2
6
3
1
-1
1
-1
-1
0
-1
-2
-2
-1
0
-2
-3
-3
-3
-3
-2
-2
-2
-4
-3
0
1
0
-2
-4
-3
-4
-3
-2
0
-1
2
2
-1
0
-1
-1
1
2
2
0
1
4
0
1
1
1
6
1
3
5
4
3
1
1
3
4
0
0
0
1
0
1
1
0
3
3
3
3
0
0
-1
3
2
-2
-1
-3
-2
-5
-5
-2
0
-3
-4
0
-1
1
0
0
0
3
1
-4
-3
-1
0
3
-1
-2
5
0
-2
-3
1
-3
-2
-1
0
2
1
0
-1
-4
-1
-2
0
0
-1
-2
-4
-2
-1
1
-3
1
5
5
5
4
2
4
2
-3
-1
2
-1
0
1
-1
-1
-1
0
-2
1
3
1
-2
1
3
0
-1
1
3
4
-1
0
3
-2
-1
-1
-4
-3
-2
-2
-1
-5
-6
-4
-7
-3
1
1
1
1
1
2
5
3
1
2
0
1
0
3
1
0
0
-1
1
0
2
2
0
2
3
-1
2
-1
-3
0
3
0
6
3
1
6
0
-3
-1
-2
-2
0
-4
-1
-3
-4
1
1
2
5
4
4
3
1
1
2
2
-1
1
-1
-2
-2
-5
0
-1
-3
-4
-2
-5
0
-2
-6
0
-1
-2
-1
-3
-3
-2
-6
-3
3
-1
2
3
-2
-2
2
-2
-3
2
-2
-3
0
-2
0
3
-1
-2
4
1
3
9
3
2
4
-1
4
6
-1
3
6
0
0
0
-2
-1
2
1
3
4
1
4
2
-2
-5
-3
-4
-1
1
-2
-2
-2
0
-5
1
2
-1
1
-1
-6
-3
3
1
2
6
-3
-2
5
-4
-2
4
-3
-1
2
-6
1
2
-3
-2
-2
-2
-3
-1
1
-4
-2
1
-7
-2
7
-8
-2
1
-10
4
7
-3
3
4
-8
2
4
-3
2
0
-3
-1
1
0
5
5
4
2
1
2
1
-1
5
1
-3
5
1
1
7
4
3
0
1
3
-1
0
0
-5
2
5
-6
3
5
-8
3
6
-6
-1
3
-3
0
1
-6
-3
3
0
-7
-2
-1
-4
-2
3
-7
-4
3
-3
-2
5
-2
-6
5
-7
-8
5
-4
-3
7
0
-5
5
5
0
3
3
-2
-3
-1
-4
-6
3
0
-3
3
2
-1
0
3
-1
0
1
0
2
1
0
-1
3
2
4
4
1
5
0
1
1
-2
1
5
-1
-3
2
0
-6
3
1
-1
1
2
-2
0
7
-3
0
8
-7
-9
7
-3
-11
3
0
-13
3
7
-8
-4
12
-3
-7
11
1
-11
7
3
-13
4
12
-4
1
14
0
-1
7
0
-5
3
4
-4
-1
-2
-5
-5
0
-1
-4
1
5
-1
0
6
1
-4
3
2
-9
0
0
-6
0
0
-5
-8
-3
-1
-4
-2
-1
2
0
1
6
3
-4
0
4
-5
3
4
-2
8
5
-5
5
5
-4
6
2
-5
4
4
-4
6
4
-5
7
0
-2
4
-7
-8
0
-3
-3
3
-5
-2
-3
-6
3
0
-4
7
2
-3
7
2
-3
9
1
-7
4
0
-8
3
2
-3
6
4
-3
3
-2
-7
5
4
-3
1
1
-4
-2
-1
-4
-3
-1
2
-2
-4
-1
1
-3
0
3
2
1
4
-2
0
6
-1
-2
2
-3
3
2
-4
3
1
0
7
3
2
6
2
-6
0
4
-6
1
-1
-6
1
0
-4
-2
2
1
-1
-1
-1
-5
-6
1
0
-1
1
1
-5
-1
2
-4
-2
2
-4
-3
8
-2
-1
5
2
-1
5
7
-1
6
3
-4
-1
2
-6
1
6
0
2
4
-4
-2
8
-2
-6
9
-5
-10
14
-4
-17
12
2
-20
14
7
-19
15
14
-22
11
18
-24
8
21
-26
4
23
-19
-1
22
-23
-8
24
-12
-11
22
-13
-15
22
-14
-13
19
-14
-18
27
-8
-24
32
-1
-28
31
12
-39
14
19
-37
0
35
-31
-19
40
-13
-34
43
7
-51
28
22
-46
11
33
-26
-6
23
-1
-13
0
20
-1
-30
28
26
-49
23
52
-57
5
70
-55
-18
68
-37
-26
58
-28
-18
49
-27
-13
42
-39
-8
51
-39
-15
59
-39
-34
66
-22
-55
59
-2
-65
49
20
-69
31
37
-63
11
42
-54
2
46
-45
-2
43
-39
2
39
-42
0
37
-39
7
37
-43
6
38
-39
5
43
-37
-5
39
-24
-11
38
-13
-25
30
3
-29
15
13
-28
8
19
-21
1
18
-12
3
16
-13
5
8
-19
7
14
-22
4
20
-26
-4
30
-22
-18
32
-10
-29
26
4
-32
8
18
-21
-8
21
-7
-24
14
19
-36
-4
42
-28
-29
57
-17
-54
61
2
-72
56
24
-79
47
40
-70
35
48
-60
16
50
-44
4
42
-29
-1
24
-14
2
7
-7
12
-5
-10
21
-6
-14
28
3
-17
22
4
-20
13
8
-28
3
20
-23
-3
28
-31
-13
42
-34
-20
59
-41
-30
70
-42
-37
81
-45
-47
83
-38
-49
75
-28
-46
59
-12
-43
33
5
-36
4
28
-23
-19
45
-14
-34
54
-17
-46
66
-17
-52
69
-18
-57
60
-14
-57
53
10
-46
29
26
-33
-2
41
-13
-29
45
12
-45
36
28
-49
17
28
-34
11
22
-18
7
10
-5
-2
-6
10
-1
-9
19
-8
-11
29
-12
-10
34
-23
-13
38
-25
-17
36
-19
-26
31
-17
-31
27
-3
-34
19
12
-40
3
25
-32
-8
36
-28
-17
38
-16
-23
30
5
-25
14
21
-19
-7
30
-8
-29
34
7
-41
32
29
-48
17
40
-49
1
56
-40
-20
60
-27
-27
59
-18
-34
52
-4
-36
42
5
-33
27
4
-25
11
4
-10
2
2
1
-3
-2
11
-5
-11
14
6
-19
8
21
-26
-6
40
-31
-29
54
-27
-54
69
-11
-78
72
14
-100
62
43
-117
38
85
-110
0
114
-89
-52
125
-43
-98
107
12
-115
60
69
-98
-3
89
-46
-57
78
14
-82
35
63
-66
-22
83
-18
-64
57
38
-71
-2
71
-33
-59
73
31
-95
31
89
-92
-24
117
-61
-75
115
-8
-94
82
37
-92
36
57
-58
-4
46
-15
-22
15
14
-3
-23
27
31
-53
9
62
-62
-16
85
-56
-41
89
-37
-59
79
-21
-63
56
-12
-47
30
-4
-23
19
-12
2
25
-25
12
31
-33
0
32
-20
-9
22
-5
-18
1
15
-1
-27
16
25
-41
0
47
-42
-16
56
-34
-35
47
-18
-35
35
-9
-27
28
-5
-19
23
-6
-9
24
-5
-13
24
-4
-14
17
2
-8
6
2
2
-5
-6
15
-9
-18
27
-7
-33
28
4
-37
22
18
-34
14
14
-33
7
15
-23
9
10
-20
12
9
-13
21
14
-21
21
16
-26
9
23
-25
0
29
-14
-9
24
-6
-22
19
11
-22
9
23
-20
-4
34
-23
-20
48
-20
-46
61
2
-73
59
28
-93
49
64
-99
10
82
-81
-27
80
-51
-52
68
-14
-59
50
11
-53
29
22
-50
25
32
-52
20
41
-66
22
60
-79
7
83
-84
-15
102
-75
-41
109
-59
-64
106
-34
-73
98
-15
-82
78
7
-79
69
29
-74
50
37
-68
30
47
-60
5
50
-41
-15
48
-23
-33
52
-9
-50
47
3
-66
59
15
-96
67
51
-123
57
89
-146
22
129
-139
-24
158
-102
-73
145
-43
-84
106
-1
-64
45
13
-9
-7
-16
56
-23
-79
112
5
-145
128
61
-192
111
120
-209
64
152
-194
15
165
-152
-15
153
-119
-35
137
-99
-47
132
-94
-62
143
-83
-82
164
-66
-105
180
-48
-143
183
-21
-170
175
12
-175
150
36
-162
114
44
-135
78
39
-93
51
24
-52
39
1
-32
37
-16
-26
42
-14
-32
48
-2
-53
41
34
-69
12
67
-70
-23
90
-54
-54
98
-31
-76
91
-6
-82
78
7
-83
61
18
-80
53
27
-77
38
30
-71
24
49
-58
-1
50
-36
-19
48
-7
-33
36
25
-45
6
55
-40
-34
77
-14
-71
80
23
-103
59
68
-118
28
103
-118
-13
132
-101
-58
145
-69
-84
142
-40
-113
127
-1
-121
95
30
-112
58
49
-90
16
46
-56
7
30
-27
5
0
-30
20
-15
-46
51
-4
-52
77
19
-69
74
26
-84
63
29
-86
62
31
-80
70
23
-89
78
15
-102
91
25
-120
98
37
-133
89
54
-124
71
60
-120
49
55
-91
36
47
-66
19
22
-44
20
4
-23
13
-22
-15
18
-36
3
30
-52
10
46
-55
12
60
-62
-6
70
-54
-25
74
-31
-43
72
-8
-62
52
15
-65
37
44
-59
9
46
-42
-7
39
-16
-14
13
2
3
-19
11
22
-50
10
40
-55
4
55
-41
-16
44
-8
-39
9
32
-37
-39
87
-16
-92
121
14
-139
128
43
-169
117
65
-175
88
77
-156
58
79
-112
28
69
-75
2
60
-48
-8
51
-35
-10
43
-53
-1
52
-67
17
71
-91
29
87
-104
37
93
-118
38
97
-116
44
68
-112
50
46
-107
54
22
-95
71
12
-95
66
27
-80
51
37
-80
8
76
-36
-47
52
-13
-66
71
27
-101
23
51
-60
25
43
-64
-12
40
0
11
1
-17
17
-6
-13
50
-22
-39
74
-20
-57
91
-4
-79
60
-16
-63
84
9
-64
35
-9
-15
57
-11
-31
21
-26
-2
50
-26
-42
22
-9
-31
35
17
-57
-3
55
-33
-27
76
-8
-70
52
16
-62
52
45
-97
-9
80
-29
-27
67
-39
-83
85
62
-96
3
58
-79
-1
108
-66
-101
88
25
-102
47
64
-110
18
131
-81
-61
123
-11
-84
88
40
-94
40
82
-78
-43
84
-29
-75
77
17
-102
32
71
-52
-12
33
-54
-27
39
0
-36
-18
14
13
-27
0
29
-22
12
72
-5
4
91
25
-15
56
10
-24
15
-21
-38
-7
-26
-29
-42
-37
12
-33
-42
43
-14
-14
93
-8
-30
123
7
-68
92
1
-72
76
-7
-86
54
6
-83
-13
-29
-37
-14
-59
-16
-11
-32
59
1
-65
104
65
-49
93
41
-85
91
46
-135
9
-2
-135
19
4
-107
55
28
-69
95
42
-62
99
36
-63
107
23
-92
86
22
-96
66
10
-106
74
71
-88
10
65
-17
5
49
0
-40
51
88
-59
-42
108
-27
-92
93
-16
-122
94
41
-129
54
80
-66
31
18
-90
55
76
-75
-19
12
-49
53
10
-122
19
70
-76
6
35
-115
9
95
-85
-48
77
-22
-37
43
-27
-38
48
0
-67
-16
26
22
-5
-15
14
8
-3
32
-34
-49
87
15
-89
34
-12
-117
66
38
-170
24
135
-53
19
86
-77
30
149
-70
-67
69
-58
-2
123
-52
-46
68
-59
-1
109
-109
-117
60
-49
-54
95
-31
-68
127
33
-79
97
101
-30
58
79
-41
-15
27
-14
39
46
-9
85
86
-52
-32
-8
-97
-76
-16
-86
-123
-79
-15
56
32
-66
-59
-3
-28
-25
-27
-88
-65
92
102
-3
60
106
-9
39
124
-61
-155
7
28
-19
95
118
25
1
9
3
-24
-78
-15
35
-11
55
68
-81
0
106
-109
-35
87
-136
-14
208
-126
-143
132
-143
-221
164
99
-60
108
66
-41
38
65
21
-79
-187
-27
40
-88
19
157
-59
56
236
-139
-89
242
-110
-263
213
10
-310
156
178
-68
227
122
-202
-11
-159
-328
-99
94
79
332
308
-97
-59
-28
-149
-18
37
-204
-154
175
40
-90
364
-58
-400
25
172
-245
3
340
-98
-44
206
-64
238
171
-401
-131
3
-250
-2
341
-213
-258
61
-119
82
244
58
251
264
-115
-69
25
-351
-121
295
8
-159
238
184
-55
74
-75
-272
-36
99
-146
95
165
12
-65
-28
78
-161
115
10
-239
39
201
-173
27
579
-54
16
206
-300
-158
157
-187
-222
273
42
-363
-165
-133
-154
59
-10
-175
270
170
-116
370
-215
-264
332
-269
-92
386
-13
-14
278
23
-215
-217
-86
137
290
88
55
-243
60
-158
370
-64
-249
5
-151
21
115
0
-459
146
-18
-136
172
176
-98
-371
479
113
-459
251
159
113
-86
-108
4
1
-206
237
-12
-310
-73
189
434
50
-203
418
-125
-237
560
-232
-626
330
351
-243
-159
479
3
-221
39
58
-181
50
199
-350
-40
75
-117
-268
364
-64
-47
245
-181
82
-150
23
182
138
-98
-226
383
-178
-477
-135
266
158
-241
281
-167
-171
56
-328
-253
-15
-161
-320
527
628
520
-221
-768
-253
363
131
-149
33
45
594
294
-8
-10
183
72
-179
181
277
-225
-526
-328
-306
80
642
166
201
103
-508
38
-340
270
483
-613
-292
398
69
-105
472
-21
-288
335
491
74
21
53
-327
-97
237
472
242
-369
-461
-631
-218
248
62
-242
172
-61
-9
-200
-423
-69
-168
-643
-26
-245
-348
3251
1578
317
1681
783
-5
-470
-1247
-1561
-1575
-1469
-1009
-813
-861
-1311
-1511
-626
-575
-940
405
1174
963
945
351
-35
665
871
351
215
538
80
9
479
358
190
721
880
406
575
1062
112
-656
-341
-190
-449
-462
-17
-328
-745
-647
-105
-49
285
-8
313
1017
1008
630
161
220
90
42
207
-188
-641
-242
180
92
-454
-703
-691
-803
-514
-398
149
413
200
234
94
135
421
204
-475
-518
-667
-907
-280
-126
-356
-49
144
225
585
573
529
1005
924
718
690
663
236
150
-200
-393
-374
-296
72
-194
-79
695
626
242
126
17
129
-383
-925
-504
-372
-551
-688
-547
-509
-950
-886
-312
-127
-130
-9
-295
-245
295
305
-130
-332
-845
-995
-362
-62
-265
-452
-168
-85
65
128
-163
-105
-500
-273
87
-295
-360
133
572
720
1210
1106
1062
1110
697
635
609
360
297
393
469
360
43
-155
-72
96
150
229
349
240
453
1083
992
693
861
509
-168
-312
-106
-267
-521
-748
-722
-545
-339
-568
-729
-452
-629
-822
-211
141
-321
-411
-544
-752
-755
-698
-759
-837
-656
-475
-43
570
678
638
853
872
695
310
507
1158
271
-451
-312
-355
-282
206
149
-291
-148
260
93
-129
217
64
-255
367
610
213
610
550
-447
-556
-235
-701
-801
-171
-416
-970
-688
-437
-433
-351
-341
-458
-391
-399
-355
-74
-229
-340
-2
171
389
582
532
560
624
505
373
426
354
223
252
306
233
367
542
371
183
326
425
84
-330
-335
-295
-532
-171
226
144
107
18
-172
-204
-131
-35
69
-9
-43
158
424
655
1092
1194
640
403
539
145
-405
-551
-882
-1131
-919
-874
-652
0
244
383
543
502
561
614
533
222
-15
-58
-136
-207
-106
-14
-165
-416
-658
-699
-746
-807
-725
-793
-672
-215
35
109
158
13
-94
-44
-135
-172
-113
-333
-500
-455
-472
-245
64
-123
-375
-399
-584
-611
-353
-281
-281
-74
100
43
90
430
602
457
136
-221
-223
75
319
388
404
652
1014
1269
1523
1411
869
554
145
-569
-980
-1068
-1054
-1092
-808
-359
108
750
1089
1329
1343
1085
756
552
757
974
1101
878
468
373
503
472
165
119
73
-108
-161
-120
156
566
680
377
388
463
77
-182
-405
-776
-1012
-1187
-1453
-1362
-768
-572
-582
-332
-211
-377
-727
-869
-775
-610
-535
-641
-529
-100
111
-206
-467
-643
-1057
-1309
-1420
-1417
-992
-452
-372
-157
335
344
130
-26
-39
80
224
230
247
334
91
-181
-441
-756
-853
-1050
-1487
-1548
-1073
-1001
-994
-531
-386
-509
-126
762
898
745
1380
1493
511
104
647
686
307
625
1018
758
811
950
162
-676
-833
-1100
-1872
-2473
-2582
-2647
-2638
-2248
-1933
-1992
-2336
-1352
2989
9760
17087
22442
25999
28351
26892
22639
17014
10304
2356
-6174
-12695
-17430
-19592
-19050
-17988
-16304
-13748
-10944
-8923
-7110
-4669
-2715
-2114
-1878
-520
1122
2651
4385
5492
5552
4923
3985
1925
-969
-3374
-5795
-8284
-9634
-8799
-7185
-5730
-3100
-385
935
1147
569
-739
-2324
-3587
-4578
-5113
-4465
-2920
-1324
68
1250
2400
2982
2653
2456
2361
1857
1396
1110
763
356
60
-510
-1508
-2266
-2804
-3520
-3629
-2812
-1597
-414
786
2269
3550
4644
5593
5697
5122
4370
3267
2270
965
-414
-2010
-3532
-4328
-5722
-6724
-8451
-9674
-11232
-9504
4232
22705
32048
28500
25930
31168
29030
16381
4117
-1195
-6200
-17002
-24076
-22888
-16156
-10493
-10016
-9674
-6643
-3018
-3635
-5785
-3764
-1465
-3202
-5733
-2358
5462
11766
14592
14300
12630
9619
5253
-996
-7744
-12229
-16401
-20709
-22441
-18887
-12651
-8532
-5413
-2109
861
1943
1302
1416
2341
3009
2434
2258
4290
7707
10369
10510
9425
7812
4822
465
-3485
-5869
-5569
-3364
-2754
-2348
-393
1873
1302
-1155
-1500
-2109
-3392
-3391
-2039
85
2135
3898
4202
4209
5213
5125
3289
2139
2417
1706
-69
-807
-490
-798
-2046
-3000
-3704
-3883
-3441
-3178
-2799
-1893
-710
-381
-339
780
1848
1687
1154
1303
1407
893
-107
-1219
-2322
-3143
-4334
-6341
-8580
-6146
8206
25734
32767
27415
23633
28696
25248
10270
-3783
-8246
-10484
-19951
-26033
-22213
-12661
-6467
-7685
-7378
-3470
-845
-3831
-7364
-4058
2
-639
-1908
3626
13537
18900
18149
14484
10706
5283
-2735
-10968
-16988
-19745
-22186
-23721
-21375
-14750
-7206
-2913
-105
2719
4715
4532
2681
2358
3763
5264
5403
5618
8122
10738
11023
8380
4560
648
-4231
-9157
-12549
-11196
-6272
-3138
-1691
536
4836
6739
4834
3373
2336
1020
-779
-1630
-939
487
1897
1325
224
917
1806
827
-144
1078
2212
1660
832
1218
1983
1470
-184
-2524
-3984
-4247
-4567
-4745
-3798
-2063
-1339
-1124
261
2178
3150
2756
2147
1702
786
-677
-2069
-3253
-3839
-5142
-6862
-7730
-4441
10265
26699
32767
26199
20188
24286
20591
6365
-7127
-10548
-10077
-17703
-23047
-19127
-8745
-2178
-5632
-7068
-3602
-1122
-5194
-9442
-4002
2761
3478
1859
7039
17482
21387
17235
10234
5043
-876
-10391
-18204
-20994
-19905
-20031
-20274
-15938
-8138
-1361
876
1941
3668
4256
3233
1572
2554
5398
7706
8342
8098
9113
9067
6485
1826
-3266
-7500
-11646
-14571
-15120
-12507
-7892
-3673
3249
12519
18313
17877
13663
10120
4628
-2269
-6498
-8530
-8678
-7607
-5450
-3534
-1242
2022
2857
2048
2559
3972
4322
4590
6260
6723
4934
2092
-1209
-4534
-7019
-8498
-9834
-9482
-6775
-3747
-1047
2121
5127
5892
5262
4770
3957
1976
-41
-1798
-3459
-4573
-5438
-6642
-7233
-6984
-2111
12802
27540
31416
23029
18629
23701
19105
3771
-9302
-9263
-6459
-14154
-20516
-16678
-5211
-983
-8549
-11417
-6646
-2912
-8419
-12585
-3296
7220
8311
4833
10065
21677
23534
14366
4275
625
-3361
-13676
-21841
-21327
-16346
-16107
-17900
-13491
-4797
263
-1072
-1775
1363
4009
3167
1814
5222
10564
12460
10523
8654
8569
6073
359
-5686
-9524
-11660
-14038
-14805
-12623
-7397
-1944
1276
3495
8551
16553
18861
15676
11752
9135
4932
-2461
-6277
-8026
-9736
-10823
-10667
-7821
-4288
6
2536
3861
7322
9318
8668
7274
7637
6829
2406
-1851
-5339
-7972
-9687
-10332
-9840
-8190
-4873
-2232
297
4128
7200
7192
5237
4245
3145
981
-1375
-3801
-5449
-6188
-6597
-8099
-8616
-8163
-2249
14403
29188
32090
22283
19108
25479
19411
2890
-9991
-7879
-4878
-14314
-20909
-16494
-4260
-2579
-12724
-14361
-7276
-2943
-10272
-13186
219
12663
12629
7057
12698
24833
23801
10926
-42
-1509
-4999
-16924
-24331
-20206
-12746
-14056
-17816
-12657
-2817
804
-3110
-3631
2061
6231
4707
3333
8748
15105
14991
10019
7264
6762
1877
-6217
-12003
-12987
-12820
-14297
-14074
-9842
-2692
2340
3792
5017
7511
9770
12662
17370
18488
14591
8173
2473
-3255
-9770
-13489
-15985
-16093
-12406
-7012
-1755
2761
8193
11015
10735
10447
8919
6236
3667
2605
608
-3204
-6129
-9034
-11156
-11087
-9430
-7613
-5390
-1390
2354
5448
8314
9148
7099
4120
2014
-477
-3355
-5438
-6852
-8315
-8423
-7724
-7034
-6840
-663
16469
30458
31865
21523
17734
23497
17842
1642
-10867
-7708
-3345
-12591
-20040
-15638
-3917
-3874
-14982
-16125
-7701
-2877
-9608
-11391
3293
17036
16601
9567
13720
24107
20995
6333
-3946
-4026
-7172
-19013
-24659
-18178
-9926
-11686
-16569
-11930
-2370
308
-4447
-4278
3103
8482
6697
5749
11751
17132
14642
7520
3810
2468
-3464
-11630
-15540
-13391
-10816
-11355
-10374
-5259
1645
4920
4712
5294
7329
8493
10655
17973
21160
16025
6944
-797
-6372
-13600
-17203
-18060
-16402
-10421
-4163
1676
6245
11126
13038
10265
9006
7500
4495
1818
1367
885
-2519
-5862
-9448
-12232
-11770
-9199
-6792
-4171
356
3907
5943
8270
9025
6216
2000
-733
-3303
-5634
-6499
-7252
-7910
-7015
-5588
-5515
-5104
7732
26134
32767
26585
15991
19175
20820
8450
-7190
-11537
-2984
-5381
-16975
-18952
-9264
-1577
-10536
-18330
-12243
-3491
-4553
-10898
-2220
15974
22738
15152
10274
18295
21833
9938
-4336
-7612
-6470
-14153
-23379
-21045
-10480
-7285
-13671
-15380
-7444
-605
-3236
-5898
355
9167
11110
8171
10887
17253
16965
8946
1468
-547
-3956
-11373
-16336
-14599
-9551
-8183
-8725
-6184
-582
3408
3236
2849
5039
7495
12152
19075
21642
18597
9525
-11
-8774
-15717
-17868
-19181
-16501
-10072
-2984
2945
6661
10654
11093
9249
8319
6568
4682
3198
3168
1959
-1027
-4444
-9238
-12920
-13156
-10647
-7437
-3402
1109
3974
5901
8015
8375
5436
1899
-907
-3378
-4851
-5432
-5508
-6264
-5941
-5216
-4934
-5373
-494
16632
30795
31856
20444
15369
21587
16223
562
-11074
-7250
-1872
-11265
-19193
-15530
-4884
-5353
-16875
-17367
-7570
-1927
-7761
-8208
8328
23045
21098
11571
12689
19903
14779
-99
-8397
-6246
-8202
-18242
-22401
-13981
-5804
-10000
-16661
-13794
-5343
-3456
-7058
-3751
6344
13004
11281
10086
15427
17893
11444
1814
-1835
-2405
-7519
-13567
-13948
-8838
-5592
-6998
-7353
-4258
-355
40
-89
2552
11376
23363
22136
16229
11078
5746
-3309
-14954
-15343
-14513
-13645
-9831
-5271
1000
3422
5478
5134
4965
8682
8411
6155
5714
7803
5950
153
-3887
-8557
-12962
-14498
-12544
-9270
-4471
671
2522
4126
6885
7437
3971
1232
782
-1021
-2649
-3140
-3184
-3815
-4081
-4233
-5013
-4929
886
16279
28769
29605
18724
13054
17528
12731
-908
-10150
-5109
263
-7698
-14666
-11997
-4148
-6342
-17153
-17684
-8684
-3495
-8392
-7426
8744
22547
20436
11343
11236
15587
10103
-2312
-7655
-4156
-5367
-14199
-17940
-10456
-4576
-10361
-17758
-16047
-8850
-6881
-8274
-3090
7278
13687
11876
10303
13826
14513
8115
178
-1483
-739
-4364
-9026
-9247
-5457
-3931
-6778
-8882
-7765
-5255
-4289
-2488
2296
11463
23903
23720
16689
10130
3641
-4091
-14035
-13349
-10793
-9640
-5827
-2562
935
843
1189
616
361
5475
8080
7703
7851
9422
7158
938
-3445
-8162
-12868
-14099
-11244
-7941
-3828
1031
2465
3002
4391
5118
3048
1114
927
-595
-1349
-1294
-1893
-3422
-3545
-3192
-4327
-3888
7769
24475
30835
23618
11590
12267
14320
4654
-7736
-8857
2054
2266
-8281
-12053
-6563
-3463
-13878
-21804
-15279
-5287
-5180
-10112
-1402
16540
22696
13662
6966
10791
11609
1896
-6445
-2937
2033
-3588
-13050
-12711
-5396
-7167
-16950
-20926
-14762
-8515
-9033
-6813
2755
11723
12040
7507
8324
11347
8643
1935
-348
3363
4156
-543
-4376
-3776
-2950
-6265
-10177
-9558
-4706
-1021
801
3834
7416
8076
4247
1561
1983
2523
1305
-493
-2
669
-326
-2166
-2589
-1015
-311
-341
635
2865
4294
3953
3532
3284
2277
-187
-2634
-3618
-3594
-3693
-4336
-4126
-3422
-3158
-2943
-1760
377
1640
2374
2828
2920
2469
846
-938
-2367
-3406
-4075
-4390
-3680
-2405
-162
12493
28260
31709
20100
7290
9305
9621
26
-8509
-5290
5344
3150
-6819
-10222
-5886
-6503
-19042
-24042
-13853
-3012
-4239
-7297
3505
17923
18265
7719
3999
8664
8072
-174
-3145
4038
6676
-2021
-11366
-10535
-6637
-12158
-20178
-20151
-12495
-7668
-8176
-4073
4557
9400
5931
2080
5147
8261
6198
2996
4895
8741
7357
2280
-1276
-2369
-3670
-5962
-7083
-5398
-3051
-2077
-2387
-1256
1395
1315
-471
-418
2022
3263
2387
2578
2972
2220
749
96
489
913
1345
1299
1510
2309
2168
750
-44
203
-176
-1248
-1595
-1579
-2433
-3287
-3428
-3413
-3253
-2832
-2295
-1579
-248
1221
2198
2653
2611
1521
73
-877
-2019
-2824
-3257
-2329
-1147
6900
22667
30060
23067
8562
5276
8207
2742
-4615
-4894
4597
7109
-1975
-8789
-7979
-6355
-15243
-22840
-15824
-3453
-1248
-6816
-2945
8866
12756
5175
652
5511
8745
4572
856
6385
11170
4495
-7023
-11343
-7858
-9443
-15914
-17550
-12205
-7382
-8774
-8377
-2683
2062
594
-2656
514
6230
7787
6059
6847
10112
9818
5281
1031
26
933
773
-949
-1970
-2485
-4211
-7123
-7434
-4160
-2054
-2310
-1791
588
1975
1680
1843
2472
2801
2754
2453
2238
2713
3010
2085
1514
2203
2193
394
-989
-873
-1048
-1677
-1941
-1807
-1945
-2202
-2386
-2677
-2516
-2421
-2774
-2796
-1714
-264
654
1454
1650
1415
943
343
-241
-501
229
713
2041
12776
25321
26002
13518
2489
5311
6739
1172
-3266
1410
9076
4262
-6169
-10267
-7303
-9315
-19045
-19362
-7223
2020
-2193
-7315
-1593
5548
3295
-2324
798
7975
8715
3667
3626
9707
9309
169
-7726
-6410
-3632
-7619
-12098
-11144
-7786
-9405
-12742
-10268
-4592
-2401
-4478
-3750
1044
4311
3808
3477
6294
8492
7949
6201
6631
7317
7002
4504
449
-1324
-3285
-5144
-7204
-6212
-3902
-4788
-5115
-3831
-2158
-2205
-1169
1913
3461
4163
4409
4159
3230
3010
2858
2374
3199
3566
1881
-458
-438
-722
-2586
-2842
-1756
-1433
-2581
-2702
-2152
-2428
-2618
-2655
-2194
-1340
-754
-673
-555
65
-435
-1501
-1657
-157
1240
2141
2953
8385
20579
26649
19647
6047
2638
7508
6257
1686
1584
7728
7601
-2088
-9683
-9553
-7467
-13146
-18199
-11816
-902
-429
-8467
-9292
-2761
47
-3032
-1333
6630
10401
6312
1731
4501
7771
3971
-2586
-3077
1766
1457
-3830
-6885
-6239
-7944
-13024
-13820
-8991
-4467
-4967
-6506
-4670
-2076
-1873
-2666
-370
3725
6424
7812
8850
10047
8977
6102
4271
4242
5086
3039
-445
-2548
-3697
-5077
-6754
-6619
-5738
-5326
-4623
-2794
-716
425
955
1472
2736
4052
4812
4722
4324
3698
2289
1357
1344
1451
425
-888
-1162
-1312
-2007
-2752
-2769
-2580
-2627
-2244
-1586
-1207
-1709
-2530
-2672
-1879
-1032
-1282
-1728
-1753
-731
-93
616
1643
7690
20218
25816
18728
5735
4308
11066
10509
5801
5166
10401
7890
-3475
-10434
-8450
-5925
-12179
-16724
-9897
-410
-3335
-13284
-14112
-7214
-4088
-6062
-1833
7016
9515
3710
-819
3128
6846
4194
-16
2004
6947
4838
-1422
-4177
-3312
-5694
-10235
-9658
-4771
-2596
-5827
-8736
-8347
-6944
-7130
-6899
-3520
492
3086
3170
3680
5344
5785
5361
5399
8120
9928
8919
6134
3334
691
-2162
-2948
-2243
-1480
-2519
-4454
-5664
-5693
-4858
-4194
-2344
246
2175
2442
2383
2701
2011
1259
1491
2997
3937
3387
1887
129
-853
-1593
-1694
-985
-100
-297
-1296
-1471
-1521
-2137
-2908
-2598
-1990
-1893
-2042
-2288
-2502
-2928
-2659
-1606
158
2126
9274
19233
20652
10787
964
5532
13962
13821
9688
10614
13408
6321
-4682
-7678
-3166
-3049
-9889
-11545
-4527
-1087
-9540
-17459
-14846
-8478
-7838
-7850
-1155
4355
1283
-5539
-5160
1432
4920
3741
3437
7103
7914
3015
-1427
-807
649
-1553
-2809
-284
1786
-1476
-6561
-8637
-8115
-7435
-6916
-5098
-3044
-1972
-3396
-4771
-3309
-569
1381
2429
5306
8132
7165
4543
3412
3958
4084
4024
4729
4431
2038
-1017
-2870
-2812
-1838
-1613
-1585
-995
-500
-1391
-2620
-1843
-566
-173
133
1306
2080
982
-413
-700
-45
570
715
594
585
227
-597
-994
-179
787
518
-204
-133
-247
-1432
-2660
-2634
-2025
-1560
-975
-254
-195
2062
9547
14775
10856
2022
1143
8810
12887
10634
9166
11247
9288
1372
-3284
37
3381
-840
-6290
-4966
-1335
-5333
-12616
-12903
-7947
-6537
-8687
-6625
-2327
-3195
-8157
-9087
-3945
478
683
51
2060
3613
1438
-1162
284
3451
3145
1044
1500
3166
1545
-1919
-3010
-1955
-1565
-2337
-2632
-2779
-3792
-4097
-3428
-3106
-3110
-2388
-736
407
702
419
-401
-528
1237
3160
3796
3906
3604
2156
698
1281
2469
2269
1680
1628
1370
872
731
347
-298
-392
-234
-707
-770
-204
-706
-1846
-1612
-523
-656
-1342
-1429
-1397
-1601
-1296
-765
-183
672
815
120
-581
-74
-141
-858
-666
158
551
582
867
2386
7500
12662
11362
3359
-35
5618
11015
10080
7761
8959
8175
2369
-2009
438
4394
2155
-3219
-4051
-1065
-2858
-8959
-10731
-6615
-4500
-7045
-7541
-4718
-4491
-8528
-9975
-5694
-1034
-765
-2547
-1958
-473
-1139
-2452
-588
2895
3348
1203
614
1926
1660
53
-287
1104
1517
300
-974
-1163
-992
-1754
-2629
-2210
-526
-191
-1340
-2225
-2056
-2165
-2451
-1216
611
893
-376
-860
-45
864
1265
1780
2519
2716
2307
1774
2097
2658
2581
1973
1863
2177
1517
198
-464
-258
-230
-543
-753
-832
-1296
-1934
-2243
-2168
-1576
-1269
-1295
-1031
-779
-755
-1229
-1367
-1014
-619
-366
-227
-177
-87
546
1224
5194
10374
11902
6916
1543
4073
9498
11489
9687
9311
9108
5198
389
335
4136
4479
388
-2850
-1555
-1482
-5742
-8965
-7320
-4421
-5838
-7780
-6945
-5987
-8206
-10349
-8027
-3676
-2170
-4043
-4886
-3800
-2845
-3109
-2033
1191
2793
1451
-283
451
1490
1187
1174
2539
3678
2613
1326
639
397
-11
-63
851
1261
482
-1427
-2536
-2539
-2057
-1949
-1563
-1210
-1983
-2938
-2865
-1449
-614
-356
102
633
648
309
749
1857
2868
3059
2976
3120
3108
2367
1481
1557
2041
1886
1130
780
492
-367
-1363
-1677
-1531
-1762
-2335
-2533
-1936
-1480
-1518
-1941
-1935
-1782
-1816
-2056
-1792
-1094
-381
194
1498
6002
10098
9366
3630
977
5734
11322
12293
10528
10121
8533
4022
1194
4226
8308
6779
1484
-1328
-573
-2072
-5716
-6570
-4018
-3474
-6782
-8401
-7230
-7437
-10301
-10915
-7459
-4387
-5038
-7098
-7166
-6148
-5534
-4729
-1892
1066
1022
-1196
-1981
-199
1305
1903
2877
4006
3679
2187
1952
2429
2400
2050
2251
2857
2686
1455
-111
-875
-678
-445
-1011
-1205
-1291
-2311
-3504
-3268
-1866
-1501
-1879
-1697
-1203
-1170
-921
-87
731
1075
1072
1204
1668
2511
2849
2645
2718
2868
2253
1413
1486
1824
1522
1036
907
351
-814
-1646
-1803
-1398
-1187
-1315
-1775
-2380
-2898
-3344
-2893
-1993
-1472
-2003
-1713
-553
2244
5753
7036
5369
2303
3329
6828
9372
9982
9893
9050
6299
4090
4723
7258
7579
5282
2439
1188
459
-1246
-2026
-1731
-1721
-3932
-6069
-6351
-6617
-8104
-9318
-8303
-6724
-6509
-7472
-7931
-7902
-7886
-7386
-5742
-3265
-2351
-2884
-3386
-2469
-1002
-56
1066
2103
2449
1771
1507
2224
3214
3479
3138
2891
2764
2585
2322
2611
3138
3037
1994
902
141
-277
-333
-164
-195
-1004
-1957
-2786
-2993
-2305
-1277
-765
-896
-1012
-1093
-1043
-545
471
1132
1436
1673
1596
1337
1131
1295
1291
1254
1359
1298
1004
599
223
-11
162
363
43
-588
-1007
-1345
-1635
-1536
-1297
-1532
-2312
-2794
-2543
-2161
-1377
-425
2315
5358
5691
2781
329
2735
6662
8436
8512
8875
8089
4884
2757
4655
8002
8113
5385
2713
1773
757
-806
-747
713
852
-2109
-4819
-4990
-4791
-6177
-7241
-6336
-5478
-6436
-8008
-8240
-7854
-7728
-7463
-6283
-4674
-4302
-5070
-5460
-4310
-2633
-1441
-421
558
705
-156
-425
546
2016
2948
3337
3589
3543
3189
2391
2173
3156
4560
4447
2983
1893
1375
758
529
1436
1679
123
-1668
-2049
-1719
-1450
-786
-268
-678
-1566
-1745
-1176
-295
475
613
233
124
360
350
447
1034
1256
668
242
532
670
437
473
725
633
297
81
-191
-409
-513
-590
-572
-458
-796
-1529
-1916
-1719
-1482
-1672
-1278
-638
1116
3845
4966
2933
-56
865
4549
6849
7082
7325
6972
4386
1788
2758
6498
8034
6034
3058
1733
1321
234
55
1542
2450
149
-3216
-4145
-3500
-4061
-5253
-4970
-4302
-5275
-7227
-7771
-7116
-6798
-6979
-6674
-5577
-4981
-5390
-5837
-5137
-3814
-3022
-2597
-1806
-1086
-1243
-1469
-897
347
1391
1862
2082
1961
1918
2165
2576
3102
3674
3840
3347
2841
2753
2861
2894
3911
4806
3132
295
-646
590
1256
1290
1961
1382
-1254
-2705
-1345
362
762
668
393
-829
-1503
-738
1
291
379
-215
-1346
-1524
-718
-616
-1103
-726
-333
-742
-843
-392
-438
-901
-733
-158
111
237
198
-497
-1025
-814
-498
-439
-247
-177
-810
-1299
-364
2477
5330
5397
1912
-1171
465
4462
6306
6324
6952
6228
2221
-629
2036
6699
7475
4872
2696
1822
483
-758
246
2680
2999
-214
-3386
-3454
-2486
-3354
-4470
-3627
-2946
-4753
-6723
-6223
-5109
-5704
-6624
-6044
-5017
-5041
-5605
-5592
-5039
-4592
-4374
-3741
-2482
-1624
-2025
-2553
-1860
-601
212
793
1534
1779
1408
1361
2189
3148
3659
3777
3510
3148
2992
4184
5706
5333
3220
1609
1814
2370
2771
3423
3076
950
-705
-441
584
1121
1251
844
-757
-1760
-1252
-636
-611
-793
-1142
-2055
-2509
-1868
-1292
-1445
-1592
-1636
-1721
-1367
-521
57
-120
-412
-461
-204
376
833
721
346
202
144
89
199
330
-11
-533
-817
-803
-540
679
2937
4132
2642
-231
-818
1703
4320
5090
5247
5427
3768
625
-3
3283
6172
5621
3672
2677
1799
173
-55
1827
3298
2063
-711
-2252
-2208
-2111
-2632
-2712
-2294
-2893
-4800
-5941
-5349
-4904
-5628
-6158
-5514
-5081
-5599
-5932
-5415
-4897
-4920
-4679
-3828
-2851
-2477
-2592
-2509
-1911
-973
-271
380
1079
1452
1400
1348
1854
2701
3290
3503
3558
3515
3483
3606
4807
6266
5740
3559
2030
2443
3090
3305
3938
3695
1497
-652
-737
237
607
505
151
-1246
-2468
-2216
-1412
-990
-1036
-1361
-2176
-2616
-1904
-1181
-1213
-1257
-1057
-1044
-942
-326
352
186
-319
-421
-100
357
529
513
400
219
-122
-310
-110
55
-306
-751
-825
-913
-1016
-612
1138
3128
3243
975
-1172
-233
2432
3837
4010
4764
4946
2656
285
1525
4841
5912
4555
3364
2858
1552
260
944
2786
3159
1196
-1049
-1819
-1697
-2033
-2592
-2484
-2359
-3506
-5178
-5474
-4781
-4852
-5705
-5903
-5376
-5267
-5540
-5382
-4849
-4662
-4822
-4616
-3767
-2734
-2125
-1926
-1752
-1423
-1003
-476
293
1076
1521
1575
1550
1742
2280
2971
3454
3762
3853
3726
3463
4093
5634
5842
4123
2448
2424
2696
2421
2806
3168
1627
-622
-990
1
459
357
429
-297
-1541
-1642
-871
-362
-356
-491
-1074
-1729
-1534
-924
-947
-1249
-1236
-1281
-1310
-986
-403
-316
-755
-969
-784
-325
63
177
148
-47
-425
-630
-415
-79
-157
-540
-734
-885
-1087
-1062
-763
366
2331
3484
2243
-33
47
2103
3192
3330
4364
5320
3753
1092
945
3111
4380
3956
3293
2982
2134
621
66
1043
2133
1549
-263
-1182
-1086
-1512
-2529
-2714
-2262
-2737
-4059
-4590
-4201
-4189
-4768
-5206
-5052
-4748
-4584
-4406
-4134
-3809
-3838
-4035
-3799
-3069
-2345
-1965
-1734
-1561
-1513
-1323
-732
19
787
1337
1516
1584
1980
2783
3173
3119
3360
3852
3938
3502
3241
3266
3100
2840
2888
2959
2628
2027
1597
1419
1242
1228
1353
1316
958
414
-21
-342
-548
-613
-670
-832
-1034
-1231
-1359
-1366
-1286
-1189
-1168
-1031
-778
-613
-535
-465
-373
-305
-270
-204
-123
-101
-64
-89
-148
-146
-150
-138
-207
-285
-268
-269
-356
-464
-499
-535
-771
-493
1022
2457
2104
341
-411
546
1350
1532
2345
3708
3668
1744
456
1394
2841
3022
2602
2787
2902
1727
430
657
1632
1489
208
-536
-421
-644
-1438
-1889
-1808
-2070
-2995
-3688
-3512
-3135
-3331
-3924
-4233
-4210
-4299
-4393
-4055
-3490
-3396
-3729
-3810
-3385
-2857
-2393
-1876
-1508
-1402
-1336
-1034
-518
106
746
1246
1500
1658
1903
2331
2921
3221
3113
2999
3174
3352
3333
3447
3564
3216
2635
2406
2402
2248
2028
1860
1493
1016
845
781
472
67
-142
-313
-565
-621
-510
-578
-849
-1002
-986
-916
-818
-690
-648
-669
-601
-481
-402
-336
-247
-235
-285
-248
-175
-210
-316
-275
-121
-90
-266
-466
-488
-458
-579
-731
-708
-670
-859
-1084
-1092
-1097
-1159
-475
1096
2073
1255
-147
-96
985
1420
1425
2363
3573
3068
1348
941
2217
2981
2394
2005
2521
2549
1468
741
1216
1675
919
-289
-685
-491
-663
-1245
-1565
-1638
-2141
-3076
-3567
-3248
-2891
-3215
-3862
-4130
-4104
-4138
-3994
-3435
-2945
-3020
-3311
-3252
-2839
-2333
-1794
-1339
-1111
-956
-595
-76
379
783
1202
1542
1788
2152
2635
2877
2768
2652
2734
2859
2946
3057
3031
2708
2308
2078
1930
1793
1753
1694
1382
974
789
749
600
400
273
116
-137
-301
-271
-205
-249
-385
-534
-637
-615
-484
-377
-378
-405
-378
-345
-332
-299
-270
-351
-470
-458
-375
-372
-396
-384
-427
-543
-587
-507
-422
-423
-492
-605
-709
-749
-729
-699
-697
-698
-733
-921
-1133
-781
402
1513
1427
528
232
761
1099
1099
1683
2732
2867
1847
1198
1772
2497
2393
2058
2198
2236
1547
796
832
1195
881
-50
-722
-867
-992
-1328
-1556
-1628
-1981
-2730
-3320
-3304
-2973
-2860
-3045
-3254
-3373
-3458
-3404
-3061
-2588
-2355
-2362
-2288
-2000
-1599
-1146
-688
-358
-171
51
386
777
1232
1695
1916
1814
1678
1752
1962
2160
2303
2295
2075
1811
1734
1800
1800
1692
1550
1350
1085
919
941
948
751
474
306
207
96
37
79
107
24
-142
-265
-246
-144
-91
-106
-88
-23
15
56
149
184
68
-82
-131
-83
-19
-7
-94
-218
-278
-306
-358
-388
-399
-473
-595
-705
-788
-805
-721
-648
-718
-825
-821
-784
-786
-748
-649
-585
-578
-578
-491
-104
578
1109
1154
1026
1112
1237
1200
1333
1851
2262
2104
1715
1600
1655
1577
1458
1489
1483
1208
765
428
272
173
-10
-319
-646
-896
-1108
-1365
-1594
-1712
-1853
-2141
-2425
-2507
-2441
-2386
-2367
-2350
-2321
-2267
-2197
-2132
-1977
-1705
-1495
-1420
-1223
-821
-555
-536
-399
40
399
501
672
1011
1142
984
937
1109
1198
1171
1259
1352
1246
1116
1112
1099
1053
1111
1140
991
894
967
932
745
699
754
656
530
570
577
459
448
522
428
288
356
452
388
315
329
293
186
125
70
-15
-53
-80
-207
-363
-437
-511
-606
-603
-530
-535
-593
-594
-562
-536
-483
-405
-360
-353
-370
-374
-311
-204
-127
-90
-51
-33
-46
-38
-8
-10
-19
16
38
2
21
219
542
852
1011
901
615
462
608
857
1011
1110
1148
968
624
427
484
596
605
519
365
161
-23
-175
-319
-419
-493
-658
-914
-1086
-1117
-1168
-1323
-1452
-1465
-1470
-1555
-1627
-1609
-1564
-1567
-1568
-1491
-1334
-1162
-1067
-1043
-928
-691
-527
-485
-364
-165
-124
-158
20
310
396
332
383
535
617
617
624
692
819
911
919
962
1066
1066
943
886
953
1028
1079
1110
1036
866
732
612
444
361
456
561
530
436
345
253
232
277
226
92
50
111
140
150
190
174
88
20
-28
-81
-68
21
69
39
6
-14
-55
-107
-150
-184
-155
-26
83
43
-87
-159
-131
-71
-6
59
62
-20
-107
-133
-137
-158
-160
-144
-159
-229
-308
-358
-382
-387
-361
-307
-283
-303
-287
-255
-326
-459
-482
-392
-324
-307
-259
-178
-132
-144
-165
-147
-103
-99
-106
-44
39
43
-16
-51
-78
-128
-160
-140
-108
-111
-136
-187
-253
-274
-239
-233
-270
-289
-288
-316
-315
-247
-203
-212
-201
-166
-154
-84
67
175
198
255
303
242
191
240
276
227
197
212
197
177
186
177
163
178
148
86
133
256
288
250
250
245
203
237
305
295
309
399
410
343
359
415
379
333
371
420
457
458
357
236
258
305
281
322
412
349
197
175
204
134
58
22
-50
-79
-14
-11
-103
-107
-91
-191
-267
-236
-226
-236
-173
-159
-220
-221
-220
-329
-409
-345
-299
-368
-433
-430
-432
-433
-408
-406
-408
-439
-498
-504
-417
-349
-390
-447
-433
-386
-370
-341
-328
-320
-277
-252
-270
-267
-200
-154
-90
-2
50
44
64
149
193
215
253
305
368
476
507
417
374
437
492
459
420
370
312
281
304
316
308
331
320
262
196
108
-2
-63
-97
-55
34
9
-109
-201
-222
-192
-129
-116
-180
-258
-171
-10
-50
-122
-51
26
5
-36
-6
68
10
-69
26
136
147
137
191
193
104
85
153
152
123
165
202
155
99
125
89
-10
-16
83
193
197
118
52
52
87
75
19
-21
-94
-117
33
129
25
-116
-137
-125
-139
-105
-37
-16
-50
-110
-180
-225
-223
-227
-244
-178
-114
-160
-263
-332
-304
-219
-181
-247
-327
-364
-451
-522
-439
-302
-195
-196
-243
-167
-135
-198
-141
9
105
138
179
244
225
162
221
324
340
346
357
398
504
529
454
419
448
464
436
339
322
404
332
271
288
275
292
240
108
-40
-119
-182
-253
-275
-264
-238
-229
-343
-418
-397
-441
-431
-396
-449
-454
-372
-182
-94
-144
-218
-202
24
95
-13
-159
-177
-67
-85
-56
134
195
99
174
263
116
128
235
218
188
168
-29
-100
185
113
110
355
289
195
138
83
-12
153
152
-50
66
73
189
266
268
155
22
94
16
84
7
-10
-54
-166
-176
-326
-336
-311
-253
-171
-40
-211
-593
-448
-380
-336
-205
-212
-188
-53
-104
-415
-199
-130
-222
-162
-272
-274
-230
-93
106
103
164
103
331
360
100
320
147
229
540
471
603
579
500
432
602
746
581
500
546
306
131
200
16
196
56
-112
-29
-162
-68
-174
-170
-75
-234
-428
-415
-434
-535
-499
-566
-478
-652
-504
-377
-450
-371
-360
-290
-354
-313
-238
-224
-91
-16
190
195
59
-107
23
144
-3
-62
106
327
269
201
266
255
255
214
182
68
151
264
295
334
287
247
174
312
396
248
79
119
182
122
196
98
4
236
147
-70
124
5
-267
-89
-58
-204
-186
-159
-297
-180
19
-156
-113
-33
-364
-290
-208
-380
-165
-113
-134
-147
-196
-268
-257
-253
-288
-247
-280
-388
-287
-187
-141
67
137
-34
-9
43
144
306
294
410
383
337
400
224
143
188
245
283
310
338
243
85
157
103
32
177
129
101
358
425
-84
-229
16
-44
-218
6
-194
-480
-276
-344
-325
-108
-98
-246
-66
206
-70
-111
-155
-119
-221
-70
75
28
59
10
168
-281
-141
-225
-461
-288
2
4
-139
480
500
286
116
178
-129
-36
337
188
129
207
227
-101
-14
-80
-399
-229
37
-3
38
-54
-22
16
-88
17
-185
-144
85
52
159
276
130
-3
-179
-64
-5
-25
117
111
101
109
-94
-240
-105
-225
-210
-81
-156
-22
-232
-261
-162
-202
-269
6
113
-220
-53
-43
4
72
297
103
-134
172
326
344
114
94
156
367
276
184
312
22
191
266
304
281
356
259
71
165
43
25
29
67
-53
23
108
-150
61
-62
-292
-249
-104
-186
-146
-73
-142
-192
-194
-238
-356
-247
-64
-172
-307
-273
-250
-364
-329
-96
-190
-114
107
7
-87
83
-35
-132
174
101
-173
-75
249
113
108
124
-117
-155
92
65
-71
72
130
37
3
53
136
167
-46
-25
149
224
160
196
233
252
306
144
320
365
70
-85
-67
-98
-52
5
33
117
-96
-34
89
-94
-251
-314
-318
-156
-128
14
138
9
-51
7
49
-37
-131
-162
-106
-61
56
169
96
-23
-27
-169
-112
157
95
-29
257
270
-35
-12
128
212
261
187
53
280
278
-28
-86
78
213
68
-40
1
77
-23
-113
-140
-2
-86
-131
11
-159
-252
-196
-60
-47
-124
-95
-172
-349
-247
-175
-170
118
129
140
144
-7
-174
47
154
-207
-12
86
35
-112
-172
-112
-68
-125
-31
-58
-278
64
148
-87
-71
-39
-142
-227
-8
-33
-96
197
353
251
196
129
-97
-55
231
330
122
248
191
-173
171
110
-228
-94
256
220
189
311
165
41
-44
50
-118
-175
9
135
68
-35
-191
-305
-134
-74
207
345
-7
-256
-153
73
24
-88
-131
-156
-76
215
100
-421
-381
-247
-162
130
286
26
88
305
234
250
49
-236
-158
91
153
78
41
106
305
477
373
311
205
-145
-282
72
42
-341
-214
63
-134
-263
-237
-478
-582
-450
-378
-213
-76
-209
-338
-21
262
220
293
127
-200
-153
-62
-60
11
196
228
142
-143
-136
-14
-55
-36
-158
12
525
623
172
-325
-286
-78
-118
-174
115
74
-162
137
737
721
389
402
139
225
549
110
-124
162
48
-29
82
-144
-230
-93
-294
-397
-61
-580
-827
-257
-301
-858
-716
-637
-940
-449
73
-10
-107
-100
-402
-301
-43
31
67
292
627
358
863
893
90
-42
286
359
409
839
362
350
619
392
141
378
539
440
20
237
530
-130
167
378
79
-52
-66
-19
109
326
377
-195
-188
-9
-363
-519
-116
-201
-463
53
-198
-868
-570
143
-539
-885
-287
-93
-375
-491
-384
-450
-58
-54
-41
-62
-292
-246
-261
-77
158
129
-20
223
3
-442
-109
-182
-398
119
141
-294
242
167
-398
7
157
-98
-66
60
33
-135
6
489
707
347
116
436
566
586
637
415
132
307
343
36
140
378
123
-140
-165
-494
-268
463
80
-162
440
137
-298
-194
-355
-505
-234
184
192
-85
5
-174
-714
-436
-61
-6
145
91
38
-63
-307
-236
58
-149
-19
751
460
-37
348
118
-234
-50
-173
-179
353
545
37
161
372
-529
-502
359
143
212
844
746
411
63
88
521
360
158
-151
-467
-31
86
-498
-856
-789
-783
-504
-166
-537
-759
-389
-241
-569
-527
-330
-566
-475
-244
-109
304
707
274
-298
-147
-260
-379
120
491
233
8
371
343
204
-40
-574
-50
411
316
436
534
472
324
342
413
169
93
272
473
289
-79
315
466
429
472
305
159
300
372
181
-284
-714
-510
-419
-235
181
84
-231
34
69
-263
-474
-633
-533
-162
258
245
129
-116
-425
-498
-364
-246
-186
-265
-308
-93
362
469
-196
-221
-45
44
144
189
305
226
-134
-365
71
85
-43
-33
41
157
175
24
-225
-4
151
-17
257
605
274
-167
-99
-213
-535
-163
111
-12
4
200
26
51
-165
-619
-244
247
249
181
423
393
360
508
360
92
63
-125
58
214
323
497
210
-11
46
53
-284
-303
-371
-547
-394
-115
-169
-304
-352
-477
-337
-461
-369
0
60
283
339
229
217
-10
-213
-166
-20
22
-2
-152
-212
-189
-166
47
86
-58
-57
251
232
380
380
-48
-15
-30
23
282
77
-4
212
433
452
-191
-429
-203
-100
-141
71
80
-106
3
-69
-319
-589
-427
-268
233
630
561
620
215
-90
31
-118
-305
-240
-333
-221
252
254
86
350
221
-129
96
108
-155
-65
208
274
233
421
263
-40
62
228
-11
-20
372
373
81
43
149
158
290
221
-185
-494
-544
-709
-894
-746
-579
-537
-186
274
176
-198
-435
-475
-492
-494
-230
34
135
181
-15
-113
-11
-11
41
243
276
104
464
859
482
316
240
-279
-392
8
270
-18
-270
125
223
-141
1
102
-237
-204
59
194
242
137
50
-138
-113
135
72
115
291
220
343
393
-129
-233
-30
-67
206
433
264
-71
-168
13
92
69
-92
-115
30
357
663
362
-28
-228
-460
-603
-569
-297
-42
63
58
-157
-333
-374
-407
-207
2
-133
-205
-91
-123
-107
67
57
105
274
-63
-290
-90
-345
-474
-32
236
349
530
483
349
301
-65
-202
-78
-257
-179
199
312
284
194
-26
-37
40
-14
16
63
119
228
252
247
238
156
139
309
351
-10
-151
100
77
-153
-198
-129
-152
-214
-179
-129
-154
-260
-196
-54
-375
-696
-419
-225
-304
-62
138
-71
-96
51
-95
-282
-257
-178
-83
92
244
222
77
95
154
-51
-61
263
307
99
7
59
112
114
202
289
198
182
238
82
8
193
192
-5
114
220
-141
-350
-131
-45
-134
-118
-30
72
29
-239
-379
-220
-90
-20
179
393
454
276
-80
-320
-275
-23
157
134
185
246
82
67
212
-4
-245
-115
11
-33
-72
51
232
51
-142
144
274
53
57
153
77
-91
-275
-156
113
-63
-273
95
283
-68
-187
-258
-457
-261
-78
-189
-26
256
224
143
118
-23
-90
-240
-488
-391
-290
-302
-42
210
263
240
142
-87
-430
-481
-249
-197
-269
-209
118
471
472
371
226
-42
-111
-124
-167
41
285
460
550
346
15
-211
-195
-236
-401
-322
-221
-28
266
260
164
-25
-222
-90
64
52
88
212
143
44
243
221
58
129
9
-79
140
294
217
86
58
-53
-175
-201
-196
80
310
306
289
135
84
-37
-367
-377
-223
-73
54
31
55
95
111
72
-8
38
26
-3
4
-94
-122
-60
34
82
130
237
114
-97
-115
-210
-356
-269
-59
88
158
156
63
-32
8
-74
-244
-36
236
151
-58
-218
-290
-220
-143
-209
-214
15
172
131
-39
-273
-319
-265
-325
-352
-218
-43
27
66
150
144
-68
-294
-323
-291
-233
27
346
474
500
389
227
187
-6
-248
-237
-149
12
228
286
292
330
313
222
54
-100
-91
50
135
94
71
77
-37
-156
-77
62
112
71
31
67
-41
-264
-271
-136
-3
104
89
77
87
-49
-254
-305
-179
-130
-211
-85
297
574
496
131
-129
-88
-65
-161
-23
258
304
203
167
133
31
-47
5
133
239
230
38
-138
-100
16
7
-12
91
132
-17
-220
-300
-262
-334
-447
-238
91
129
-36
-158
-142
-105
-204
-359
-305
-95
-10
2
83
164
102
-124
-234
-90
-5
-57
-38
81
164
139
39
-34
-128
-294
-320
-209
-156
-90
65
158
150
138
161
130
12
-18
4
-68
-68
86
209
204
173
142
137
197
191
68
-79
-157
-181
-213
-182
6
210
268
264
337
370
196
-40
-116
-77
-67
-3
192
380
433
358
200
17
-132
-200
-163
-107
-43
61
92
-11
-72
-29
-32
-109
-185
-194
-109
-40
-76
-90
-29
-20
-84
-109
2
161
208
127
79
48
-115
-254
-234
-197
-225
-197
-86
-14
14
50
-25
-223
-311
-244
-228
-203
-2
179
157
124
190
171
-44
-204
-150
-50
7
72
146
178
108
-21
-86
-40
34
52
32
3
-96
-243
-280
-180
-66
30
184
319
233
-22
-210
-278
-283
-200
-13
211
358
366
292
171
-9
-145
-121
-11
21
24
104
184
151
117
176
244
242
166
77
36
46
71
92
153
248
273
217
174
156
81
-36
-114
-129
-132
-135
-106
-77
-72
-64
-70
-120
-183
-222
-237
-196
-87
16
57
68
68
32
-53
-157
-229
-238
-188
-133
-101
-72
-24
28
0
-113
-232
-282
-257
-197
-132
-50
63
143
108
19
-12
5
0
-10
35
92
124
141
125
75
34
26
2
-62
-99
-82
-69
-75
-60
-32
-32
-10
74
155
136
37
-18
-28
-74
-114
-54
85
171
163
125
93
35
-37
-32
70
193
263
265
203
107
15
-42
-44
19
116
200
223
188
152
118
68
4
-17
11
11
-51
-105
-92
-55
-49
-57
-40
-15
-20
-39
-34
6
70
100
69
5
-53
-107
-145
-143
-96
-14
53
78
66
34
-20
-107
-184
-200
-166
-137
-139
-121
-79
-80
-133
-168
-149
-131
-154
-171
-132
-65
-40
-24
42
123
109
9
-74
-106
-138
-170
-124
9
127
155
132
118
83
7
-57
-62
-28
-4
14
47
100
144
156
141
111
74
20
-34
-47
4
97
177
223
233
200
109
-16
-109
-122
-90
-33
52
143
198
189
148
95
28
-49
-94
-81
-28
31
89
134
145
122
71
-2
-72
-117
-126
-103
-56
26
112
167
160
96
7
-103
-204
-259
-237
-154
-54
35
102
120
74
-16
-104
-164
-190
-187
-146
-75
-6
34
41
30
5
-37
-86
-119
-120
-103
-77
-46
-5
29
40
24
8
-7
-23
-35
-46
-56
-67
-72
-67
-50
-20
22
64
88
86
64
36
1
-22
-30
-14
17
41
59
64
65
58
43
34
32
36
33
23
23
30
34
29
22
24
22
7
-12
-16
-7
-4
-5
5
24
35
28
10
-6
-26
-44
-47
-25
16
56
72
70
51
18
-16
-40
-41
-20
13
38
57
68
65
43
16
-2
-15
-20
-25
-29
-19
-10
-2
7
17
23
18
1
-15
-24
-25
-19
-5
11
18
15
7
-8
-21
-23
-20
-10
0
6
4
-4
-14
-16
-11
-4
1
-4
-17
-40
-57
-70
-63
-40
-13
4
9
4
-24
-52
-74
-81
-70
-46
-18
5
16
19
8
-3
-15
-21
-19
-18
-11
1
12
27
45
59
68
67
60
47
27
7
-3
1
13
33
48
61
61
48
27
5
-12
-19
-18
-12
0
7
15
11
6
-2
-7
-12
-12
-13
-12
-9
-11
-8
-10
-11
-9
-9
-7
-9
-11
-12
-18
-16
-16
-8
1
4
7
3
0
-8
-12
-11
-8
0
8
12
13
8
-1
-7
-10
-10
-6
1
7
14
18
18
20
18
16
10
2
-5
-10
-8
-2
7
16
23
23
19
7
-5
-13
-19
-18
-14
-7
-1
0
3
0
-4
-6
-8
-10
-9
-10
-17
-17
-18
-17
-10
-6
-2
-1
-3
-4
-7
-8
-8
-6
-5
-2
0
1
-2
-1
0
5
6
5
5
6
6
5
7
8
9
12
12
10
12
10
7
9
8
10
8
5
7
8
8
7
9
8
4
2
1
0
-2
0
2
3
3
6
6
0
-1
-2
-8
-8
-5
-5
-4
-5
-4
-6
-9
-6
-5
-5
-5
-7
-10
-13
-15
-15
-12
-9
-5
-3
1
1
2
0
-3
-6
-8
-8
-6
-3
2
5
5
3
2
3
6
2
1
4
2
5
3
6
7
7
7
10
10
5
6
7
7
5
5
3
2
2
3
1
-3
-1
-5
-3
-2
-2
-5
-6
-8
-5
-3
-1
3
2
1
-1
-2
-1
2
4
3
2
1
3
2
3
2
0
2
1
3
3
2
2
2
2
4
3
4
3
-1
1
-2
-3
-3
0
1
2
-1
0
0
-2
-4
-3
-2
-2
-3
-1
-1
-2
-3
-5
-4
-5
-3
-4
-5
-4
-6
-4
-6
-4
-5
-5
-2
-4
-2
-2
-2
-1
-4
-3
-2
0
5
4
5
5
4
3
2
1
5
6
4
5
6
5
5
4
4
5
1
4
4
5
3
3
3
4
1
2
3
0
1
0
-2
-3
0
1
1
2
2
2
1
-2
-4
-2
-1
-2
-1
1
2
1
0
0
-1
-3
-2
1
-1
-3
-3
-3
-2
-5
-3
-1
-5
-4
-1
0
-3
-2
-4
-2
-2
-2
1
1
0
-2
1
1
-1
-1
-1
1
-1
2
-1
-2
2
2
0
0
1
0
1
0
5
4
2
3
1
2
0
0
1
0
-3
-1
-1
-1
0
1
1
1
0
-1
0
-3
-2
-1
1
-1
-2
-2
-3
-2
-1
1
1
1
3
4
4
2
1
3
4
2
4
4
1
0
2
2
-1
2
0
-3
-2
-3
0
-3
-1
0
1
2
0
2
1
1
0
2
2
2
0
2
2
1
0
2
1
0
-1
-1
0
-2
1
-1
-2
-1
-3
-3
-3
-4
-1
1
-2
-1
-2
-2
-1
-3
-2
-1
1
1
0
1
2
1
1
1
1
0
1
1
0
0
0
0
4
2
0
2
0
-1
2
4
1
0
0
0
-1
-4
-3
-3
-2
-1
-3
-3
1
-3
-5
-2
-2
-3
-3
-1
-1
-1
-1
-2
0
3
1
0
2
3
2
1
1
2
5
4
4
4
3
2
2
2
4
0
1
3
0
1
2
4
2
-1
0
-2
-3
1
-1
-2
0
0
1
-1
0
0
-2
-1
-2
1
3
1
0
0
-1
-1
-1
-3
-3
-3
-4
-3
-3
-1
0
1
1
-1
-1
-2
-2
-2
-2
-1
1
1
0
0
2
0
1
0
3
-2
-1
-2
-2
1
1
2
1
5
4
2
1
2
1
1
0
-2
-2
-1
0
-2
-2
1
-1
1
4
3
2
0
0
0
-1
0
0
-2
-2
-6
-2
-1
-3
-1
-1
1
0
0
1
-1
0
0
2
3
3
6
5
3
2
4
3
1
-1
0
0
1
-1
-3
-2
-3
-2
-3
-6
-5
-4
-4
-3
-4
-1
-2
0
2
2
3
2
1
4
1
2
3
1
4
6
5
5
2
0
1
-1
-2
-3
-4
-2
-1
0
0
0
0
-1
-1
-1
-3
0
1
-1
-2
-3
-2
0
-2
-5
-1
0
-2
0
3
3
2
3
2
2
3
1
1
1
0
-1
0
-1
1
-2
-3
-3
-1
-1
-2
-1
0
1
0
-3
0
1
-2
-1
0
-1
-4
-3
-4
-1
1
2
4
4
4
3
3
2
2
1
1
1
2
4
4
5
3
0
-2
-2
-2
2
0
0
-1
-2
0
-2
-2
1
0
2
-1
-1
1
-1
0
1
3
1
3
2
1
0
-2
0
0
-2
-2
-2
-3
-3
-4
-3
-3
-3
-1
0
1
0
-3
-1
-1
0
1
-2
2
2
-2
-2
0
1
-2
1
-1
1
-1
1
0
-1
-1
-2
-2
-2
0
-2
0
1
2
3
3
2
3
4
4
4
4
2
0
-1
3
2
1
1
0
-1
0
2
1
4
2
2
0
1
1
1
0
-1
-4
-5
-3
-4
-4
-4
-4
-6
-4
-4
-5
0
-2
-3
1
2
4
4
1
3
2
3
1
3
1
0
3
2
3
0
1
0
0
2
1
-3
-4
0
-1
-1
1
2
2
1
-2
1
1
3
2
-3
-1
-1
-1
1
3
1
1
-2
-1
0
-3
-4
-3
-3
0
-2
-4
-3
-2
-2
-2
-2
1
0
0
2
0
1
1
-1
2
2
2
-2
-1
0
-2
1
2
1
0
1
2
3
1
-2
1
0
1
1
3
-2
-1
1
1
2
-1
0
1
0
-1
-1
2
3
1
3
3
2
0
0
1
2
1
-2
-1
-2
-4
-3
-2
-3
-2
-3
-2
-3
-3
-3
-2
0
0
1
2
3
4
0
1
0
2
4
2
0
1
1
0
2
4
1
-1
-1
2
1
0
-1
-2
0
-3
1
0
1
1
2
2
-1
-1
1
2
-1
-2
-2
-3
-3
-3
-1
1
-2
0
0
-2
-2
0
2
2
2
-1
-2
0
-2
-3
-3
-3
-2
0
2
3
1
2
-1
-1
-1
-4
0
-1
-1
1
0
2
2
3
0
0
-2
1
2
2
2
3
2
1
2
-1
0
2
2
-2
-2
-3
-1
-2
0
-1
2
2
0
1
-3
-2
1
-3
0
0
1
0
1
1
-1
-3
-1
-2
-3
2
0
1
0
1
2
3
2
0
1
-2
-1
1
-1
2
-1
-2
-2
1
0
-1
2
3
0
1
3
2
5
2
-1
0
0
1
1
1
-1
-1
-1
0
1
1
1
-1
0
-1
1
1
0
-2
-2
-4
-4
-4
-4
-3
-3
-3
-3
-1
0
2
0
1
0
2
3
0
0
-2
-2
0
0
1
1
-1
1
2
4
3
0
0
-1
0
-1
1
0
-1
0
2
4
0
2
2
2
-1
-1
-3
0
1
2
4
2
2
2
3
2
5
5
3
1
-3
-1
1
1
0
-1
-2
1
-1
-2
-2
-2
-3
-2
-3
-5
-2
-1
1
-2
0
-1
-4
-1
1
-1
-1
-2
-4
-3
2
2
-1
0
-2
-1
-1
-2
-2
-3
-2
-5
-2
1
3
1
0
0
-1
2
0
2
1
1
2
4
4
3
2
-1
3
1
0
-2
-2
1
-1
-1
-1
-2
0
2
1
-1
1
2
1
4
3
3
2
0
0
-1
0
-2
-1
1
1
-1
