SAMPLES:	9860
BITSPERSAMPLE:	16
CHANNELS:	1
SAMPLERATE:	16000
NORMALIZED:	FALSE
2
-1
-6
-5
1
0
-3
-3
-3
-1
-3
-5
-6
-4
-4
-6
-4
-2
-4
-2
-3
-2
-5
-2
0
-2
-4
-1
-1
-2
1
-2
0
0
5
7
1
4
8
6
4
7
9
9
6
7
7
6
6
5
5
4
0
0
-1
-2
-3
-2
-5
-1
1
1
0
-2
-1
1
2
0
1
2
-1
1
3
3
-1
-3
-2
-2
-3
-1
1
-3
-4
-4
0
-1
2
0
-5
-3
1
0
0
-2
-2
-1
2
3
2
0
-4
-5
-2
-1
2
1
-4
-3
-3
-2
-2
-4
-7
-7
-7
-4
2
-1
-4
-3
0
1
5
3
2
3
6
8
6
3
1
5
2
1
-2
1
1
-5
0
1
2
0
1
0
-4
-7
-4
-4
-4
-7
-6
-3
0
2
1
2
1
5
5
8
3
2
5
4
7
2
2
4
1
1
5
3
2
-2
-2
-2
1
3
2
2
3
1
2
3
5
4
0
-1
2
5
1
-4
-9
-4
-1
-3
-5
-6
-3
-8
-10
-4
-5
-8
-6
-4
-7
-4
3
3
3
-1
1
4
6
1
-4
-3
-2
-1
0
2
-2
-3
2
0
2
1
4
4
4
8
1
-2
-1
-3
1
2
1
1
2
2
2
0
-2
2
2
3
0
0
3
5
0
-1
0
-1
2
4
1
-2
-3
-2
-2
-1
-2
-7
-4
-1
-6
-5
-4
-5
-1
-3
-3
-3
-1
-1
-1
1
-2
2
1
1
3
4
6
7
3
2
4
5
3
3
-1
-1
4
-2
-2
-5
-2
-1
2
1
-2
3
3
5
5
3
-1
0
1
1
2
0
-4
-2
1
3
-2
-3
-3
-3
-3
-3
-3
-4
-3
-3
-3
-5
-4
0
0
-3
-1
2
2
1
0
1
2
0
0
3
0
2
-1
2
3
4
3
-2
-1
0
0
1
3
-2
-1
-1
-4
-2
-2
-4
-2
-1
2
2
2
0
-1
2
3
1
0
2
2
2
2
2
3
7
3
1
-1
-2
2
1
-1
-2
0
-1
1
2
1
2
-2
-1
1
-1
-1
-4
-3
-1
1
-1
-2
2
3
2
2
-1
2
-1
-2
-1
-3
1
-1
1
4
2
0
-3
-5
0
5
1
-3
-1
3
2
-2
-1
1
1
1
-1
1
-2
-1
2
-3
-4
-3
-3
-3
-5
-2
-1
-2
-2
1
4
3
0
-1
0
-2
0
0
-2
-2
3
4
2
-2
-2
0
0
0
-2
-3
0
2
8
1
-5
-2
2
6
1
3
5
8
7
5
4
3
-1
-2
-4
-1
-1
-2
-2
-1
2
1
-1
0
3
3
2
3
2
-3
-1
-1
-1
-2
-1
1
-2
-1
1
0
0
0
-1
0
0
0
3
3
0
1
1
1
1
-2
-3
-4
1
1
-4
-2
4
3
-1
3
3
3
-2
-3
-2
-4
-2
-6
-6
-8
-6
-3
-1
0
-3
2
3
1
5
1
0
0
2
3
0
0
-1
1
0
0
2
-1
-1
1
3
0
1
1
-4
-4
-2
0
-1
-3
-2
3
-3
-1
2
2
0
1
2
-1
3
1
1
-1
-1
0
1
1
0
1
0
0
1
2
-3
-3
2
3
4
0
0
4
7
2
2
-1
-2
2
1
4
2
0
3
7
9
2
1
4
5
2
0
-2
-3
-1
-1
-2
-5
-3
-2
0
1
-2
-2
0
-2
-1
-3
-3
-1
-4
-4
-3
-3
-2
-3
-4
-2
-2
-4
-1
-4
-2
-2
2
0
0
3
4
3
0
-4
-1
1
2
0
0
1
2
3
-2
-1
0
0
-1
0
-4
-6
-2
-2
-1
-2
-3
-3
-5
-5
-3
-2
-2
-1
0
4
8
4
2
1
5
6
3
0
0
3
4
5
1
-2
0
2
3
4
1
-1
4
7
6
-1
-2
2
3
5
6
6
3
2
-1
2
3
1
1
-1
3
1
-2
0
1
2
0
1
-3
-5
-3
-3
-3
-3
-3
-5
-4
-3
0
-2
-1
-2
2
4
1
0
0
2
0
-3
-5
-2
0
-2
-3
-7
-8
-5
-6
-7
-6
-6
-2
-2
-4
-3
-3
-1
3
5
1
1
0
1
3
2
-1
3
2
3
2
1
1
0
1
6
5
2
1
3
7
2
-1
-3
-2
-2
0
0
-2
-1
0
3
4
3
-3
-3
-1
1
4
1
4
2
2
4
7
3
1
4
7
4
-4
3
4
4
3
0
1
1
2
2
2
-1
0
-2
-4
-2
-2
-2
-3
0
2
1
-2
-2
-2
1
0
2
3
1
0
0
0
-2
-3
-1
-5
-2
-2
-5
-6
-3
-1
-1
-5
-8
-8
-7
-2
0
-4
-7
-6
-3
-3
-1
3
2
2
2
-3
1
-1
0
5
2
-2
-2
3
-1
4
3
0
1
0
3
3
2
1
5
2
1
0
0
1
1
0
2
1
-1
-1
-2
-1
5
6
-1
1
2
4
3
2
2
-1
-6
-3
3
3
2
0
1
2
2
2
4
0
0
0
-1
1
1
2
0
2
-3
0
1
2
1
1
-2
-1
-1
-1
-2
-2
-1
0
0
-2
-5
-4
-4
2
2
0
2
-2
-4
-5
2
1
-1
-4
-4
0
2
-3
3
0
-4
-3
-6
1
1
-1
-3
-1
-1
-4
-1
2
0
-1
0
3
3
1
4
2
2
1
-2
-1
-1
1
2
2
2
0
-1
-4
-3
-1
-3
-3
-2
-4
1
1
2
0
0
2
5
0
2
3
-6
-4
-5
-2
0
4
3
1
2
0
2
6
5
4
2
1
3
-1
0
3
0
-2
-1
5
3
-1
-3
2
4
1
6
6
3
2
4
7
7
7
6
6
6
0
0
4
1
0
-9
-8
-7
-3
-1
-3
-5
-3
-4
-4
-5
-6
-5
-7
-6
-1
-1
3
3
-7
-6
3
1
-9
-6
-1
-3
-2
-1
1
-5
-4
0
-5
-7
-8
-10
-10
-9
-7
-6
-7
-9
-12
-15
-14
-8
-9
-10
-14
-13
-15
-20
-15
-8
-4
-12
-19
-23
-26
-18
-5
-2
-4
-13
-18
-17
-12
2
13
18
11
-1
0
4
17
30
35
26
20
20
22
34
43
46
40
36
37
44
51
56
64
69
67
68
79
95
125
157
178
202
217
229
260
289
319
356
374
385
391
369
353
350
346
347
340
289
219
164
119
97
68
21
-35
-103
-163
-209
-255
-315
-366
-401
-437
-499
-560
-617
-669
-692
-697
-721
-738
-759
-806
-859
-893
-880
-814
-761
-756
-779
-804
-810
-753
-629
-524
-472
-452
-419
-389
-346
-227
-63
24
10
-23
-52
-59
-9
70
112
50
-47
-123
-157
-133
-105
-98
-151
-281
-426
-458
-372
-232
-273
-397
-477
-507
-528
131
2345
5140
6434
5145
3284
3093
4293
5787
7415
8583
8027
5528
2985
2325
3106
3661
3331
2444
953
-1225
-3367
-4386
-4428
-4399
-4687
-5085
-5593
-6481
-7542
-8096
-7742
-6696
-5472
-4491
-4008
-4051
-4298
-4175
-3244
-1548
314
1584
1897
1527
1117
1178
1802
2730
3520
3761
3254
2236
1258
715
584
632
667
489
-99
-1047
-1961
-2451
-2459
-2153
-1699
-1338
-1352
-1707
-1968
-1756
-1123
-296
653
1462
1698
1696
2447
3822
4487
4266
4328
4746
4498
3906
3931
3932
2937
1864
1629
1324
311
-527
-885
-1512
-2230
-2339
-2231
-2558
-2945
-3031
-3029
-2876
-2406
-2086
-2168
-2088
-1630
-1257
-981
-448
40
104
189
716
1155
1040
802
860
914
733
650
720
481
-125
-546
-605
-661
-842
-978
-1136
-1430
-1679
-1688
-1537
-1343
-1252
-1441
-1718
-1522
-520
1084
2652
3356
2958
2431
2959
4361
5588
6246
6621
6571
5834
4849
4352
4478
4540
3934
2796
1662
602
-718
-2055
-2854
-3207
-3740
-4489
-5168
-5756
-6387
-6947
-7054
-6610
-5950
-5467
-5245
-5018
-4666
-4203
-3336
-2086
-902
-158
243
683
1415
2548
3428
3088
2177
2394
3467
3630
2740
2267
1973
824
-15
555
1036
38
-1219
-1534
-1457
-1352
-838
-592
-1198
-1803
-1912
-1522
-782
-46
-62
-773
-688
-66
220
491
1117
1300
578
190
645
902
685
602
676
339
-370
-560
-559
-777
-1465
-1814
-1549
-1864
-2453
-2867
-3348
-4626
-5422
-6415
-6529
-567
13975
23312
11194
-6900
-7470
9784
19112
15003
15571
20836
15651
-1343
-7043
6698
19127
13327
1296
-205
2600
-3659
-14043
-11585
-2003
-1059
-8998
-13358
-10044
-10803
-16399
-18337
-12083
-4303
-3052
-6065
-8015
-7658
-7512
-6586
-2423
4324
8456
6948
2405
-1161
314
4121
6710
7255
7738
7869
3859
-1778
-3468
-107
2429
1134
-887
-1253
-2361
-6491
-9419
-7769
-3403
-1965
-3315
-3575
-3194
-4164
-5902
-4232
488
3781
3964
3049
3211
2956
2793
5003
9801
11484
8179
5168
4581
5959
5988
7203
7189
4199
896
-833
-330
-371
-659
-2026
-3582
-4268
-4104
-4603
-4910
-3772
-3812
-4191
-3817
-1679
-1112
-2340
-2126
-1236
-278
51
1065
1636
879
-103
-106
813
1383
1419
812
321
-468
-848
-673
-623
-858
-1890
-2305
-2661
-2771
-2945
-3466
-3843
-4150
-4242
-4672
-3812
-633
3419
4765
3876
3704
5291
7858
9696
11411
11953
11219
10107
9204
9104
8982
8656
7393
5324
3078
1269
-336
-2068
-3826
-5405
-6273
-7510
-9002
-10363
-10888
-11023
-11554
-11143
-9862
-8549
-8243
-8126
-7031
-5521
-3990
-2583
-708
1051
1909
2024
2525
3852
4843
5074
5042
5334
4972
3923
3466
4438
5590
3810
581
-1606
-1259
-496
-1214
-1542
-1984
-3247
-5316
-5555
-3466
-1546
-1483
-2259
-2300
-2064
-1401
-587
1048
1990
1505
925
996
1952
2119
2283
2631
2373
1425
765
1191
1192
248
-723
-1066
-1236
-1551
-2027
-2623
-2911
-3309
-3778
-3677
-3258
-3494
-4335
-5144
-5398
-6113
-7585
-9278
-5064
10594
29300
25443
1411
-11441
3255
24059
24706
20787
25844
26087
7878
-9530
-738
20989
24015
7465
-2631
315
-1733
-15117
-19725
-7828
95
-7285
-18070
-17277
-13638
-18150
-23597
-19363
-7478
-1632
-5184
-9795
-9831
-7958
-7109
-3711
4311
12116
12350
5769
-889
-777
4942
9019
9793
9814
10189
5807
-2701
-6874
-3050
2237
1479
-2279
-3696
-4299
-8780
-13498
-11574
-4459
-1150
-4203
-5590
-3542
-2257
-3953
-3568
1199
5162
6081
6530
8416
8016
4760
3683
7242
11188
10558
7727
5542
3255
-63
-835
2172
3956
1304
-3261
-5190
-5306
-5544
-5298
-3423
-1841
-3261
-5826
-6130
-4105
-2988
-2991
-1878
-229
-243
-1546
-1304
67
788
486
829
1877
1714
165
-996
-1731
-2796
-4544
-5622
-7194
-8375
-326
21263
32431
11991
-14373
-12698
14407
26521
18528
18380
25449
16265
-8270
-13075
10613
27834
15754
-2743
-3422
1714
-7592
-20327
-13370
1173
498
-13070
-18762
-12875
-13119
-20238
-21617
-11163
-893
-1685
-8055
-10800
-8769
-7337
-5630
215
9107
12974
7786
-675
-3846
1524
7767
9624
8938
9172
7233
-728
-7450
-5352
1743
3504
-664
-3458
-3485
-5508
-9677
-8833
-2300
2643
-997
-6690
-4880
-1344
-1146
-1257
3806
7369
3158
126
4081
7164
3969
2374
6234
8601
4902
2036
2932
2927
880
-792
762
2197
180
-4073
-6076
-4267
-3370
-4845
-4914
-2981
-3684
-6911
-7363
-4264
-2222
-2898
-2615
-1319
-1362
-3007
-2685
-1022
-1181
-3122
-4809
-5231
-4824
3261
22254
32696
14973
-8727
-8272
15086
26929
19451
18156
23360
14954
-6975
-12275
8460
23718
12575
-4626
-5589
-934
-9109
-20626
-14542
-1149
-1532
-13172
-17990
-12152
-11958
-18350
-19041
-9159
659
-143
-5914
-7966
-6055
-4684
-3383
1952
9964
13309
8224
328
-2753
1761
6955
8139
7503
7290
5194
-2346
-8305
-6144
176
2126
-1238
-3793
-4355
-6274
-9274
-8715
-4555
-1659
-2453
-2682
-1442
-2266
-4488
-3201
2518
5882
5088
4952
6455
5120
2035
2898
7186
9177
6247
3425
2468
1308
-774
-1071
1338
2372
-317
-3977
-4854
-3838
-3752
-4197
-2886
-1442
-2760
-5214
-5421
-3332
-2288
-2391
-1905
-1172
-1273
-1728
-1571
-1081
-1342
-2480
-3313
-3645
-3592
-4030
53
15586
31998
22391
-3104
-11640
8723
28700
23910
17332
21732
20073
220
-13269
1986
23262
19069
-1550
-8916
-2876
-5307
-18449
-18929
-4768
148
-10635
-20472
-16019
-11619
-16821
-20594
-13083
-831
1082
-5606
-9587
-7214
-4286
-3157
1105
9058
13871
9285
975
-2851
1287
7259
8692
7713
6967
5345
-1302
-7986
-6987
-681
1849
-2312
-5012
-3180
-2696
-9088
-12702
-6759
-647
-974
-3137
112
720
-4693
-5450
2806
8956
6521
4017
5386
4868
1127
2065
7511
9628
6338
2091
1325
1133
3
-597
1052
2551
-131
-4455
-5329
-3325
-3507
-4948
-3881
-1729
-3129
-6298
-5913
-3448
-2818
-3871
-2889
-672
-708
-2276
-3176
-2965
-3474
-4457
-3742
-2547
472
12121
29738
27020
2669
-11646
3849
28475
28318
18505
20293
21707
5179
-12386
-2215
21652
22849
1662
-9976
-4952
-4481
-16954
-20670
-6950
286
-9501
-21244
-18192
-11775
-16003
-20820
-14794
-2207
1352
-4798
-9175
-7147
-4095
-2969
670
8431
14390
10710
1851
-2904
743
7456
9175
7929
6963
5451
-928
-8384
-7816
-953
2156
-2207
-5943
-4868
-5158
-9929
-10099
-2675
491
-4802
-6893
-555
2521
-2186
-2952
3771
6847
3334
2837
6590
6569
2154
1497
5904
8394
6144
2522
1664
1868
408
-943
788
2765
-44
-4683
-5154
-2945
-3323
-4765
-3777
-2632
-4368
-6093
-4884
-2945
-2840
-3389
-2783
-1548
-1293
-1911
-2296
-2762
-3622
-3996
-3088
-2764
770
14821
31966
25465
-36
-10751
7897
29917
26983
18625
21724
20522
1638
-12916
1308
23438
19955
-1640
-10144
-4431
-6436
-18800
-19242
-4973
-889
-12659
-22415
-17104
-11308
-16504
-20208
-12496
-822
425
-6159
-8673
-5314
-2528
-1868
2151
9828
14295
9458
1122
-1811
2584
8252
8759
7380
6456
3861
-3169
-9076
-6447
42
1090
-4274
-7012
-4646
-3415
-8063
-11628
-7319
-2316
-1233
-1562
1497
1462
-4829
-6160
2076
9477
7712
3784
3368
2594
-490
958
7011
9447
5729
375
-741
305
702
568
938
1752
-401
-4081
-4958
-3039
-2850
-4757
-4715
-2618
-2479
-4567
-5066
-4270
-3996
-3752
-1711
309
-965
-4126
-5622
-4454
-2978
-3398
-1671
9268
27806
29866
7134
-10695
-854
24089
29608
20093
19316
21092
8012
-10369
-5472
17623
23840
5234
-9581
-6944
-4117
-13817
-20315
-9297
324
-6715
-19462
-19945
-12305
-13557
-18602
-14709
-2931
2480
-3435
-9378
-7767
-3025
-928
1419
7537
13398
10646
1559
-3003
1030
8149
9391
6871
5519
4035
-1540
-8404
-7597
-927
1733
-2837
-6724
-5723
-4406
-6250
-8136
-6755
-4612
-2967
-1551
244
-251
-2948
-2860
1137
5624
7220
5780
3629
1871
864
2475
5902
7667
5272
1080
-431
218
507
619
1326
1218
-1429
-4068
-3588
-2188
-2534
-3602
-3731
-3235
-3683
-4351
-3959
-3346
-3142
-3166
-2198
-1038
-1133
-2681
-3997
-3955
-2741
-2096
-2181
3805
20799
32038
15926
-7600
-7340
17196
30943
21315
16174
20424
13820
-6139
-10502
10897
25147
11041
-8436
-9335
-3267
-9451
-19843
-13588
-838
-3496
-16610
-21145
-13286
-11484
-17617
-16952
-6144
2610
-747
-7998
-8820
-4416
-1278
939
6196
12421
12099
3731
-2677
-745
6734
10484
8268
5880
4083
40
-6459
-8009
-2380
1876
-1078
-5971
-6022
-4590
-6921
-9574
-6577
-2200
-1847
-3021
-1237
566
-2523
-4260
805
7063
6842
3315
3010
3560
1908
1685
5654
8438
5806
1363
218
1131
685
-2
593
1384
-309
-3601
-4695
-3451
-2945
-4322
-4730
-3362
-3140
-5011
-5823
-4493
-3061
-2405
-1551
-955
-1796
-3578
-4063
-3123
-1501
-690
-979
3955
19188
30266
17218
-4308
-5284
16494
30345
22780
16916
19256
13269
-4000
-8092
10605
23664
11099
-7808
-10037
-4389
-8795
-17783
-13328
-2729
-4997
-16600
-20828
-13954
-11616
-16726
-16455
-6917
1408
-945
-7562
-8600
-4422
-913
1678
6697
12188
11472
3573
-2058
565
7783
11031
8405
5569
3557
-268
-5709
-6623
-1638
1304
-2182
-6738
-6625
-4579
-4602
-6789
-7793
-6059
-3780
-1383
871
1177
-2608
-6269
-3564
3462
6984
5210
3091
1445
-681
-324
4742
8959
6951
2365
119
529
1132
1411
1590
989
-685
-3070
-4278
-3658
-3117
-4493
-5766
-5100
-4701
-5813
-6229
-4456
-3249
-3727
-4372
-4174
-3780
-3775
-3617
-3269
1456
16492
32017
24374
924
-7381
10701
30716
28381
20062
20747
17712
1690
-8277
6424
24369
17326
-3857
-11280
-5374
-6211
-15908
-16174
-5590
-4032
-14632
-21993
-16868
-11879
-16325
-18792
-11048
-572
-88
-6978
-9480
-5468
-1027
1238
5159
10999
12593
6243
-699
38
6858
11622
9586
6244
4491
1539
-3937
-6643
-2396
2052
-110
-5787
-8320
-7541
-6934
-6305
-5090
-4742
-5364
-5535
-3028
-932
-1608
-2469
-1211
1743
3327
3033
2733
2672
2117
2379
4332
6499
5877
2888
1004
1073
2207
2785
2382
1185
-944
-2852
-3590
-3092
-2540
-3066
-4182
-5093
-5858
-6416
-5909
-4546
-3416
-3253
-3601
-4253
-4929
-4879
-3532
-2272
-1495
4243
19890
30800
17885
-3524
-4424
17410
32215
25641
18810
19773
13652
-2405
-5782
12687
25135
11742
-8173
-11073
-4739
-7923
-16489
-13159
-3578
-5921
-17518
-21709
-14800
-12115
-17376
-17197
-7268
1155
-1898
-9238
-9879
-4407
436
3180
7386
11748
10122
2320
-2069
2459
10479
12698
8152
4237
2484
-382
-4465
-4530
372
2084
-2699
-6905
-5414
-4625
-9448
-11281
-4413
1324
-1230
-5480
-4697
-2997
-4759
-3297
3428
6870
3119
-1682
-1224
1698
3095
4273
6040
6300
3584
178
-28
2413
3548
2524
1406
903
-976
-3745
-4096
-2721
-2354
-3272
-4252
-5243
-6686
-7090
-5403
-3462
-2920
-3679
-4789
-5602
-5750
-4760
-3232
-302
8634
23656
27404
10731
-5634
782
23107
32241
24318
19221
18438
9443
-3646
-112
18088
22970
6034
-9558
-8693
-4391
-10165
-16481
-10698
-3675
-8801
-19157
-20425
-14381
-14479
-18429
-14747
-4196
865
-4782
-10899
-9211
-2828
2036
5205
9170
11338
7421
535
-636
5587
12137
11939
7167
3850
1757
-1499
-4622
-3079
1221
1265
-3468
-6828
-6207
-6242
-9371
-9888
-3864
159
-2570
-5238
-3548
-2150
-4390
-2996
3644
6577
2853
-712
-35
1539
2261
4221
6590
5686
2449
-3
143
2086
2972
2400
1242
232
-1753
-4123
-3982
-2353
-2470
-4021
-4681
-5015
-6491
-7230
-5318
-3246
-3140
-4215
-5259
-5941
-5929
-4869
-2236
5164
20200
29391
16114
-4039
-4283
16651
31780
26111
18070
17478
12719
14
-2708
13162
23920
11272
-7453
-9961
-3281
-5947
-15093
-13746
-4912
-5550
-15416
-20179
-15307
-12964
-17345
-16933
-7177
1356
-1570
-9657
-11074
-5246
966
4708
8263
11013
8819
2040
-1381
3127
10639
12943
8488
4029
2164
38
-3463
-4341
-403
1750
-1845
-6128
-6457
-6202
-7642
-6822
-3231
-1582
-3676
-4896
-3713
-3209
-3484
-1910
1476
3124
2136
538
212
1051
2102
3495
5166
5843
3831
942
428
1984
2641
1949
1612
741
-1642
-3819
-3722
-2580
-2604
-3742
-4976
-5603
-5922
-5692
-4726
-3540
-3552
-4960
-5925
-5422
-4103
-3753
-1900
7898
23698
26555
8611
-7133
1417
24374
32012
22348
17198
17439
9446
-2869
1405
19290
22007
3644
-10845
-7385
-1997
-8854
-16607
-11472
-4052
-8532
-18242
-19268
-13573
-14309
-18642
-14570
-3467
1611
-4738
-11446
-9575
-2531
2893
5883
9162
10819
6985
735
9
6244
12351
11603
6572
3450
2059
-639
-3895
-3444
153
564
-2929
-4730
-3878
-6664
-12934
-11783
-2569
2410
-1709
-6343
-5495
-4889
-5373
-774
6022
6270
282
-2543
809
3810
3819
4158
5493
5306
2544
452
1602
3033
1974
244
897
1986
-705
-4688
-5110
-3187
-3054
-4635
-4920
-4622
-5717
-6723
-5685
-3793
-3678
-5141
-6102
-5311
-4075
-3020
2494
17572
29885
18391
-3537
-6265
14597
31867
26026
15814
15437
13369
2102
-2888
10911
22598
11469
-7874
-10947
-2231
-3157
-14173
-15958
-6570
-4219
-12960
-19066
-14932
-11788
-16208
-16798
-7450
2070
-3
-9001
-11423
-5394
1726
5182
7315
9608
8489
3016
-511
2967
9612
11704
7341
3152
2465
1532
-2181
-4824
-2296
697
-1621
-5984
-6139
-3693
-5788
-8690
-4656
-693
-2960
-5969
-3532
246
-1854
-4050
-470
2976
2020
144
1300
2969
2158
1415
3215
5405
5158
2116
361
1986
2976
1486
161
1003
376
-3205
-4526
-2584
-2148
-4601
-6183
-5096
-4082
-4411
-4730
-4460
-4499
-4953
-5559
-4887
-3474
-2093
2496
14692
25472
17410
-1467
-4983
13746
30546
26445
16515
15039
12684
2738
-1342
10952
21391
11126
-7297
-10882
-2917
-3193
-13270
-15855
-7891
-5373
-12854
-18356
-15167
-12523
-16248
-16548
-7628
1462
-119
-8464
-11126
-5355
1905
5624
7595
9236
8007
3223
329
3610
9586
11414
7196
2861
2143
1689
-1464
-4469
-2665
799
269
-4206
-7423
-6791
-5861
-6872
-6122
-1961
-580
-3991
-6357
-3970
-1319
-1905
-595
3397
3845
55
-1391
1805
4092
3808
4048
5085
4192
1655
309
1478
3135
2726
766
-372
-362
-1796
-4202
-3870
-1937
-2542
-5255
-5953
-4426
-4189
-4962
-4476
-3608
-4281
-5507
-5413
-4144
-2934
334
10810
23711
21377
3573
-6601
6972
27289
28862
18475
14990
14383
5433
-2388
6510
20154
15383
-3156
-11283
-4631
-1926
-10945
-16582
-10110
-4778
-10182
-17452
-16090
-12613
-15583
-17606
-10235
260
1387
-6357
-11164
-7354
123
5008
7297
8941
8707
4849
919
2319
7932
11195
8354
3817
2362
2333
-145
-3761
-3573
-451
363
-1592
-3696
-6615
-10568
-10981
-5194
1072
772
-4033
-7378
-7386
-4844
-785
3251
4352
1650
-1573
-1608
1666
4474
4441
3736
4179
4022
2196
960
1536
1873
1269
1622
2272
608
-3038
-5248
-4545
-3009
-2701
-3612
-4630
-5193
-5627
-5516
-4899
-4482
-5090
-5601
-4976
-3589
487
11756
24520
20188
1394
-6508
9832
30093
29028
17094
14028
14360
6442
-735
8550
21279
14210
-5649
-12086
-2654
89
-11148
-17865
-10739
-5353
-11317
-18117
-15791
-12288
-16199
-18544
-10342
529
846
-7848
-11907
-6504
1465
5547
6852
8125
7889
4720
2104
4218
9177
11085
7215
2700
2410
3418
725
-3530
-3065
-25
-765
-3572
-4360
-5726
-9815
-10821
-4795
462
-1845
-6332
-6497
-4381
-3287
-1599
1843
3394
1297
-994
-157
2963
4353
3290
2994
4538
4717
2175
475
1745
2657
1467
955
1581
370
-2816
-4439
-3527
-2702
-3489
-4769
-5192
-4941
-4820
-4727
-4760
-4751
-5530
-6061
-5106
-2762
2722
14808
25110
17320
-1621
-5860
13300
31542
27623
15887
13743
13146
4343
-707
10584
21250
11269
-7625
-10962
-1824
-2067
-13653
-17304
-8643
-4800
-12191
-18487
-15815
-13293
-16829
-16625
-7004
1923
-712
-9655
-11744
-4875
2999
6422
7394
8050
6822
3345
1761
5195
10169
10871
6229
2115
2204
2602
-698
-4287
-2298
1567
-620
-5682
-5741
-3342
-6717
-11070
-6307
1253
-253
-6560
-6669
-2854
-3264
-3979
973
5342
2454
-2417
-1785
2368
4036
3189
3483
4724
4147
1083
-468
1658
3442
1695
-429
448
767
-2585
-5281
-4050
-2760
-3988
-4588
-3308
-3272
-5470
-7035
-6340
-4938
-3962
-4066
-2780
5264
20329
24805
8935
-7010
-17
22999
32291
21860
14005
14920
10746
478
2359
17687
20667
2425
-12454
-6972
1479
-5924
-17817
-14881
-5347
-6844
-15934
-18133
-13483
-14501
-19075
-14428
-1833
3464
-4642
-13004
-10226
-978
5096
6637
7718
8150
5385
1549
2211
7524
11590
9571
4167
2073
2902
1456
-2654
-3323
288
531
-3890
-6051
-4755
-6304
-9823
-7457
-1077
-264
-4992
-6551
-3793
-2634
-3091
-417
3559
3446
194
-1056
1171
3204
2986
2789
4231
4977
2401
-590
-23
2139
1977
669
709
259
-2543
-4644
-3619
-2384
-3365
-4629
-4333
-3711
-4342
-5230
-5150
-4441
-4471
-4696
-3968
-1154
6588
19413
23653
10384
-4485
543
22083
31970
22049
13445
14035
11212
2110
2873
15683
17876
1553
-11629
-6608
1034
-6219
-18209
-16550
-7199
-6722
-14274
-17066
-13929
-15270
-18975
-13773
-1689
3306
-3882
-11469
-9298
-1048
5070
7011
7698
7960
6014
2932
2854
6438
9578
8233
4311
2855
3248
1047
-4176
-5957
-1493
2125
-1035
-6381
-7345
-7190
-8818
-7041
-690
1660
-3704
-7919
-5061
-1245
-1231
-642
2620
3833
1213
-662
1116
3155
2949
2365
3789
5328
3474
-398
-1674
436
1878
980
177
-239
-2539
-5322
-5100
-3093
-3079
-4506
-4490
-3543
-3849
-5166
-5527
-4988
-4630
-4115
-2760
1234
11233
23325
21250
4043
-5730
7402
28558
30760
17987
12250
13591
8725
958
6187
18060
13970
-4232
-11890
-3343
517
-10794
-20046
-13791
-5382
-8286
-15981
-16695
-13708
-16193
-18026
-10085
1333
2503
-6686
-12059
-6698
2103
6301
6637
7143
7751
5758
2899
3319
6792
8926
6430
3107
3144
3492
-456
-5922
-5195
-7
362
-4371
-6413
-5275
-7009
-9726
-6036
417
-334
-5460
-5547
-1731
-1053
-2344
28
3761
3656
1251
855
2206
2557
2020
2749
4783
5080
2149
-996
-886
813
829
34
-5
-955
-3847
-5428
-4251
-3417
-4330
-4487
-3267
-3067
-4443
-5562
-5021
-4256
-3955
-3625
-2820
1037
11981
24983
22126
3478
-6426
7995
29500
30170
16844
12335
14338
8214
-396
5683
17783
12599
-5735
-11493
-1808
660
-12475
-21690
-14048
-4722
-7472
-15256
-16076
-13701
-16750
-18076
-9120
2634
3160
-6364
-11440
-6003
2407
6053
6149
6897
8110
6545
3439
2924
5527
7438
5341
2964
3705
3868
-1038
-7337
-6393
-130
780
-3990
-5693
-4665
-7271
-10255
-5580
1365
-222
-5605
-4916
-893
-1187
-3049
-329
3623
3660
1701
1448
2169
1948
1252
2292
5029
5823
2593
-1244
-1146
697
548
-282
96
-639
-3893
-5793
-4818
-3994
-4411
-4051
-2927
-3082
-4563
-5557
-5419
-4862
-4032
-3441
-1315
7029
21318
25662
10248
-5821
-58
22544
32741
21999
12648
13776
12014
2447
1314
13204
16584
1605
-10791
-5335
2194
-6206
-20302
-19130
-7389
-3857
-10929
-16179
-14612
-15158
-18290
-14019
-1977
4884
-1194
-10043
-9276
-1024
4690
5185
5210
7555
8672
5748
2614
2980
5540
5667
3548
3887
5732
3354
-4260
-9238
-5915
-513
-85
-2414
-4023
-6506
-10015
-9224
-2975
581
-1957
-4296
-2755
-1087
-2140
-2242
667
3195
3526
3127
2925
2017
473
592
3266
5915
5477
1963
-937
-1019
-273
-21
341
331
-1503
-4121
-4829
-4091
-4236
-4732
-3983
-2717
-2702
-4083
-5155
-5594
-5136
-4047
-3262
-895
7412
21443
24792
8690
-6784
587
23681
31997
19921
11467
14182
12643
2593
1162
12443
15361
987
-9751
-3377
3637
-6107
-21407
-19986
-6704
-2167
-9788
-15884
-14450
-14839
-18381
-14583
-2454
4493
-1560
-10302
-9001
-523
4010
2966
2781
6724
9586
6873
2980
2596
4403
4247
3116
5082
7508
3965
-4159
-7353
-2989
185
-2015
-3211
-1877
-3912
-8675
-8546
-3318
-1724
-4242
-3760
-626
-749
-3804
-4145
-1034
1900
3161
3237
2360
1357
605
468
2314
5122
5348
2117
-176
686
957
-558
-861
74
-586
-2544
-3248
-3303
-4235
-4806
-3857
-2699
-2386
-3113
-4630
-5682
-5418
-4390
-4248
-2104
8232
22879
23412
5234
-8934
1220
24428
30098
17175
10507
15465
14468
3106
452
11518
14982
1781
-7536
11
7025
-4996
-22736
-21058
-4881
1387
-8092
-16341
-14198
-13267
-18284
-17064
-4886
3716
-2454
-12012
-9686
-144
2226
-2197
-2097
5520
10928
7745
2755
2256
3729
2820
2382
6650
10653
6921
-1844
-5637
-1884
1565
-410
-2416
-1058
-1413
-5650
-8045
-5108
-2786
-4644
-5011
-1316
248
-3382
-6473
-4298
-35
1895
2110
1870
1198
398
64
1083
3326
4737
3475
1265
1357
2576
1208
-1268
-873
1308
1463
-595
-2296
-3321
-4231
-3898
-2177
-1072
-1679
-3100
-4183
-4423
-3941
-3266
-3837
-4172
1146
13950
22630
13499
-4622
-8172
9956
26451
21321
8489
8493
15554
11699
994
1523
11453
11662
340
-3776
4955
8027
-6607
-21314
-15546
1151
4417
-7986
-16191
-12354
-9522
-14304
-15606
-7126
-281
-4887
-12191
-9337
-1172
-707
-7006
-7842
817
8400
6740
1312
-42
1741
2034
2019
5455
9379
7680
1854
-1152
953
3838
4022
2218
107
-1042
-880
-631
-2198
-4705
-5226
-3358
-1997
-2493
-3487
-4254
-4860
-4682
-2811
-380
644
-18
-990
-880
439
1440
909
230
1252
2983
2939
1246
348
721
977
1079
2028
2717
1592
46
476
1970
1977
980
383
1635
2299
1028
459
546
65
115
153
-1143
-695
2892
5944
5044
925
-2806
-1487
4050
6556
3589
528
1548
4263
4541
2391
924
1224
1703
1556
1615
2360
2385
454
-1790
-2090
-723
84
-894
-2417
-3015
-2811
-2615
-2811
-3391
-4021
-4262
-3827
-3186
-2936
-3018
-3162
-3129
-2947
-2672
-2230
-1685
-1308
-1214
-1221
-1047
-669
-379
-383
-439
-321
-170
-132
-132
-88
-169
-457
-691
-522
-102
51
-162
-414
-463
-343
-104
189
418
514
440
437
677
1013
1257
1343
1451
1626
1780
2007
2291
2308
1958
1776
2163
2540
2191
1414
1031
1150
1191
1022
895
613
34
-532
-650
-351
-249
-673
-1173
-1319
-1251
-1245
-1336
-1312
-1146
-997
-899
-794
-689
-640
-475
-81
294
411
318
238
301
498
868
1204
1074
623
367
500
730
606
195
39
378
727
573
66
-222
-80
193
403
642
996
1190
1036
868
949
1057
884
633
759
1168
1309
1027
532
85
-173
-302
-262
-220
-473
-903
-1230
-1392
-1626
-1990
-2139
-1974
-1777
-1849
-2162
-2368
-2435
-2478
-2404
-2230
-2032
-1903
-1903
-1907
-1807
-1601
-1375
-1168
-933
-605
-146
258
320
214
403
978
1450
1467
1342
1441
1678
1818
1903
2028
2021
1761
1518
1595
1820
1781
1382
993
898
931
858
641
418
285
181
109
180
312
246
-32
-163
-3
131
28
-176
-278
-237
-172
-172
-303
-565
-769
-788
-780
-908
-1048
-1032
-968
-994
-1048
-1010
-935
-916
-781
-409
-53
22
-85
13
457
867
905
772
929
1337
1531
1454
1426
1540
1590
1527
1623
1892
1879
1455
1060
1039
1177
1081
754
446
302
234
37
-289
-512
-563
-671
-984
-1274
-1302
-1274
-1461
-1683
-1607
-1401
-1457
-1668
-1687
-1509
-1363
-1345
-1290
-1100
-978
-1079
-1252
-1269
-1108
-947
-874
-819
-761
-787
-876
-848
-658
-479
-426
-409
-331
-234
-158
-58
64
166
303
530
770
977
1182
1319
1330
1324
1477
1745
1901
1811
1633
1582
1630
1577
1370
1160
1027
880
643
400
266
222
114
-118
-342
-458
-518
-563
-520
-421
-415
-545
-664
-597
-359
-162
-171
-289
-324
-218
-52
59
67
1
-71
-73
37
176
180
56
-29
-15
28
57
37
-64
-177
-158
-10
75
4
-67
-43
-34
-70
-41
53
107
99
76
100
215
361
429
436
484
553
565
528
508
518
517
465
388
347
335
246
25
-208
-289
-238
-249
-427
-651
-769
-805
-877
-982
-1021
-984
-979
-1055
-1124
-1075
-909
-754
-715
-739
-717
-671
-682
-703
-636
-526
-471
-454
-419
-402
-439
-479
-456
-378
-266
-140
-56
-47
-71
-32
110
286
438
584
728
825
853
883
995
1175
1315
1320
1256
1279
1363
1354
1266
1205
1140
1001
881
852
795
584
339
223
212
171
65
-69
-214
-342
-384
-339
-308
-340
-396
-444
-492
-512
-465
-394
-367
-364
-341
-309
-292
-277
-240
-155
-38
40
29
-8
0
-1
-79
-165
-148
-45
14
-53
-206
-328
-360
-352
-339
-280
-200
-210
-301
-318
-229
-170
-162
-78
86
186
157
131
205
305
317
281
304
375
373
267
170
154
126
16
-101
-135
-138
-224
-374
-471
-464
-430
-487
-642
-772
-771
-674
-583
-521
-456
-408
-434
-463
-364
-167
-29
-22
-27
63
214
289
256
219
263
334
348
349
380
344
180
54
124
278
312
210
112
100
141
181
203
235
266
254
206
192
246
300
322
351
422
498
507
453
412
444
517
547
514
450
376
300
249
228
226
216
180
93
-26
-112
-152
-195
-278
-335
-322
-301
-336
-405
-466
-511
-502
-404
-291
-276
-348
-374
-298
-204
-161
-140
-74
20
66
36
-17
-36
-34
-55
-80
-79
-87
-165
-296
-393
-391
-338
-335
-408
-474
-471
-435
-423
-402
-316
-218
-179
-165
-90
16
53
37
91
245
373
386
350
358
391
402
415
463
491
438
332
247
195
155
128
105
53
-12
-38
-38
-80
-159
-187
-133
-68
-55
-93
-127
-115
-64
-5
40
84
113
94
45
37
80
103
82
77
106
92
15
-39
-12
32
41
15
-8
-10
10
40
43
45
75
124
153
158
136
123
172
263
306
261
216
242
297
294
224
160
177
253
276
168
14
-61
-49
-60
-130
-188
-204
-261
-395
-503
-486
-423
-459
-575
-610
-526
-457
-484
-533
-500
-412
-347
-301
-229
-149
-119
-126
-91
2
78
91
81
121
194
217
167
116
127
160
154
116
109
131
124
72
44
98
171
170
118
119
203
262
247
249
316
355
298
250
306
391
369
274
222
229
208
146
105
93
37
-82
-169
-162
-127
-173
-290
-361
-339
-311
-350
-389
-358
-300
-298
-310
-243
-132
-88
-101
-63
33
92
106
160
258
305
275
255
296
339
334
309
292
268
235
209
180
125
38
-30
-64
-98
-166
-247
-296
-319
-333
-352
-366
-374
-367
-348
-326
-299
-245
-161
-82
-42
-20
13
52
82
123
182
213
187
153
156
162
115
40
12
29
14
-61
-139
-166
-156
-156
-176
-186
-168
-146
-141
-132
-87
-29
2
25
79
150
177
165
183
256
306
291
259
264
274
249
216
204
193
159
126
116
91
24
-29
-19
17
12
-24
-56
-80
-100
-89
-45
-18
-34
-41
-6
23
10
-4
35
86
101
100
124
130
92
64
99
146
115
26
-29
-23
-35
-87
-138
-161
-193
-252
-303
-324
-334
-366
-404
-404
-363
-311
-285
-294
-303
-275
-199
-124
-80
-36
29
86
93
80
116
192
238
230
221
245
256
213
160
151
169
163
117
74
60
46
15
-3
13
27
5
-31
-24
28
62
46
14
17
53
71
48
20
31
55
41
-15
-52
-37
-22
-53
-95
-106
-91
-88
-106
-114
-101
-86
-81
-79
-61
-23
15
29
32
48
84
118
141
167
195
215
231
257
276
269
253
255
274
279
254
226
203
160
103
60
44
26
-27
-99
-164
-215
-247
-269
-291
-330
-371
-389
-385
-386
-401
-389
-333
-282
-275
-275
-240
-177
-123
-85
-44
7
48
79
106
121
125
140
187
224
213
167
135
133
144
149
131
105
82
72
73
59
39
32
44
69
93
94
72
48
45
72
98
100
86
72
54
21
-3
7
23
2
-54
-101
-106
-107
-149
-198
-206
-182
-191
-249
-285
-265
-229
-227
-237
-217
-173
-143
-126
-89
-40
-10
12
63
131
171
168
168
206
250
260
244
251
282
285
243
195
191
218
219
174
118
87
71
49
26
8
-2
-20
-46
-68
-82
-90
-88
-76
-61
-49
-43
-35
-34
-36
-26
7
42
59
54
43
30
21
29
48
48
20
-6
-15
-27
-59
-93
-96
-72
-65
-90
-126
-138
-129
-120
-119
-118
-102
-81
-76
-91
-107
-94
-61
-34
-27
-35
-39
-33
-21
-8
-5
-6
-1
10
22
12
-7
-9
4
10
1
-4
5
9
-6
-20
-16
-5
-7
-9
3
16
9
-9
-5
10
17
16
27
48
56
42
29
32
46
52
54
58
62
51
36
30
36
37
30
19
11
10
10
1
-15
-28
-27
-14
0
3
-12
-19
-10
7
26
38
48
57
67
80
88
92
98
106
116
125
123
120
108
86
76
79
88
78
48
23
9
-3
-19
-33
-42
-51
-65
-84
-101
-112
-120
-130
-132
-128
-123
-122
-133
-143
-138
-124
-111
-99
-88
-77
-74
-72
-66
-51
-34
-24
-19
-12
-6
-6
-7
-3
8
14
17
15
12
9
9
16
21
22
20
20
21
25
24
25
28
31
32
35
32
32
32
33
39
40
38
35
36
32
29
29
35
37
30
19
11
9
4
0
-2
-3
-8
-15
-22
-25
-24
-23
-23
-17
-7
1
0
-1
3
15
27
35
41
46
51
51
46
46
50
54
52
47
39
30
21
17
11
9
7
3
1
-6
-14
-19
-19
-16
-13
-17
-24
-31
-35
-35
-36
-35
-33
-36
-36
-34
-36
-35
-31
-29
-27
-25
-24
-23
-22
-23
-22
-18
-16
-14
-12
-11
-12
-13
-12
-9
-9
-10
-8
-6
-5
-6
-7
-4
-5
-7
-7
-7
-3
-2
-2
0
-1
0
5
7
8
8
11
12
13
12
13
17
17
17
18
18
18
16
15
16
17
16
17
17
19
18
16
15
16
18
22
22
19
19
18
19
20
18
17
15
11
7
5
1
-1
-3
-6
-8
-10
-17
-18
-17
-17
-17
-18
-18
-20
-18
-19
-16
-16
-18
-15
-14
-12
-13
-15
-11
-10
-10
-9
-7
-4
-2
-3
0
1
1
1
4
6
7
7
6
4
4
2
5
4
0
-2
0
-1
-4
-4
-5
-3
-3
-2
-1
0
-1
-3
-2
-1
-1
-1
0
1
0
-1
-3
-3
-3
-4
-3
-2
-3
-2
0
0
1
2
4
5
6
9
8
6
7
10
10
11
10
11
12
9
9
8
8
10
7
4
4
7
5
3
1
2
2
0
-1
-1
-2
-4
-4
-6
-6
-5
-4
-5
-6
-5
-4
-3
-3
-4
-4
0
-3
-5
-4
-5
-3
-3
-5
-5
-6
-4
-3
-2
-4
-6
-5
-3
-3
-3
-1
-1
1
3
1
0
0
0
1
1
-1
-4
-3
-2
1
0
-2
-3
-1
-1
1
-1
-1
3
0
-1
1
1
0
2
-1
0
1
-1
0
2
4
5
5
0
0
3
3
3
1
2
5
6
8
5
6
8
6
9
9
8
7
7
9
8
7
3
2
0
0
1
-2
-3
-2
0
-1
-3
-5
-8
-7
-6
-6
-5
-6
-6
-4
-3
-6
-7
-8
-4
-3
-5
-7
-6
-3
-1
-1
-3
-1
1
-1
-1
-2
0
0
1
1
3
2
1
1
-1
0
1
-1
-3
-2
-2
-3
-4
-4
-2
-3
-3
-3
-3
-1
0
2
1
1
1
-2
0
0
-1
0
0
-1
1
3
3
1
5
5
2
3
2
3
4
4
4
5
5
4
6
9
6
4
3
6
9
7
3
4
5
3
4
5
3
2
1
3
3
0
-2
-2
0
-4
-5
-3
-4
-5
-4
-2
-2
-1
-2
-1
-1
-3
-5
-3
-2
-3
-5
-6
-4
-6
-7
-9
-7
-6
-6
-6
-5
-6
-3
-2
1
2
1
2
3
2
3
3
2
2
2
1
0
0
0
-3
-2
-1
-3
-2
-1
-2
-1
0
1
0
0
0
0
3
1
0
0
1
3
-2
-2
-1
1
0
0
2
2
1
-1
0
3
3
3
3
2
4
2
1
4
2
5
5
4
4
3
5
4
4
4
2
5
5
3
2
4
5
3
2
2
1
2
1
2
2
2
2
0
-2
-3
-1
-1
-2
-1
-4
-4
-3
-3
-5
-2
-2
-3
-5
-5
-3
-4
-5
-5
-5
-3
-4
-6
-5
-5
-3
-5
-3
-2
-5
-6
-4
-1
-1
-2
-1
-1
-1
0
-1
-1
1
2
1
0
-2
-2
0
1
-2
0
-1
-1
1
1
-1
-2
1
3
3
2
1
1
5
5
2
0
0
2
2
-1
-1
1
2
4
3
3
3
3
5
4
4
3
2
4
4
5
1
3
3
3
4
5
3
3
4
4
4
6
5
1
0
1
3
2
1
2
2
0
0
0
-2
-2
-3
-4
-3
-5
-6
-5
-4
-3
-3
-3
-3
-2
1
-1
0
0
-2
-2
-2
-5
-5
-7
-6
-4
-4
-7
-7
-4
-5
-4
-5
-6
-5
-6
-5
-2
-3
-3
-3
-2
-2
0
-1
1
2
0
3
4
3
2
3
5
5
7
5
3
2
2
0
2
3
1
3
1
0
4
0
1
2
2
0
1
4
4
2
2
4
3
4
2
3
5
4
2
4
3
-1
-2
0
1
-1
-2
-1
2
1
-1
-2
0
1
2
1
0
1
-4
-4
-1
0
-3
-4
-4
-1
0
-1
0
2
4
2
1
3
5
4
7
6
2
3
2
2
2
0
-1
-1
0
0
-2
-2
-3
-4
-4
-2
-5
-5
-5
-5
-2
-5
-5
-4
-3
-3
-6
-4
-5
-3
-3
-2
0
-1
-2
0
1
1
-1
-3
-3
-2
-2
-1
-2
-3
-3
-1
0
-1
0
-1
0
1
2
2
1
3
4
5
3
2
1
3
4
4
6
4
1
5
8
7
3
4
4
4
1
0
2
0
1
1
3
3
0
1
2
2
2
1
-1
1
3
1
1
2
1
2
2
3
1
-1
-2
-2
0
0
-2
1
0
-2
1
1
-2
-5
-3
-1
-2
-4
-3
-4
-4
-1
-3
-4
-1
0
-3
-4
-2
-3
-4
-7
-5
-5
-4
-1
-2
-3
-2
-2
-2
0
0
1
0
1
1
0
-1
-3
-7
-4
1
-3
-11
-13
-13
-16
-8
0
-2
-7
-11
-13
-11
2
14
18
21
10
4
15
34
55
91
94
47
28
48
54
70
108
95
33
12
15
3
26
56
22
-31
-46
-56
-63
-38
-27
-60
-88
-104
-126
-120
-90
-92
-103
-103
-126
-141
-112
-95
-100
-95
-93
-112
-109
-81
-64
-55
-41
-32
-32
-20
-2
21
47
65
70
82
90
93
112
141
149
139
141
136
126
134
144
142
136
121
101
91
83
74
75
64
36
15
10
-4
-18
1
6
-21
-34
-29
-48
-49
-21
-14
-25
-18
-21
-45
-33
2
12
11
17
5
-14
-9
8
19
30
27
9
-3
-3
0
6
22
20
7
-2
-8
-9
-3
7
3
-6
-17
-31
-36
-33
-26
-27
-34
-47
-59
-67
-67
-61
-58
-65
-79
-91
-95
-93
-86
-83
-84
-86
-90
-88
-88
-80
-72
-71
-75
-74
-69
-61
-52
-43
-39
-42
-36
-28
-16
-4
2
6
10
18
29
44
59
65
65
66
72
82
94
107
113
109
112
119
132
148
159
160
155
148
143
148
152
154
154
150
142
135
130
127
120
112
105
93
78
64
49
42
37
27
14
4
-8
-26
-42
-52
-59
-71
-81
-97
-120
-138
-148
-148
-153
-165
-179
-191
-202
-204
-195
-190
-190
-193
-195
-190
-180
-167
-145
-132
-125
-127
-116
-91
-67
-44
-24
-13
-17
-18
-7
12
32
52
59
57
55
55
65
85
97
99
95
82
71
70
75
82
92
88
75
58
45
45
52
58
54
41
22
6
0
6
23
31
22
8
-7
-15
-10
5
24
36
20
3
-2
3
14
31
41
33
15
8
5
19
32
35
24
11
-2
-13
-6
2
2
-8
-20
-34
-37
-33
-27
-24
-29
-38
-44
-42
-31
-26
-25
-30
-39
-42
-34
-22
-12
-12
-19
-31
-33
-30
-19
-10
-12
-21
-25
-37
-51
-37
-12
-20
-33
-17
-9
-11
-2
34
50
40
41
44
31
53
102
88
36
45
96
92
77
111
108
53
21
31
62
81
61
41
76
106
82
93
130
101
54
63
56
18
29
66
62
39
24
6
14
37
2
-48
-52
-81
-117
-94
-67
-97
-120
-107
-119
-149
-175
-204
-202
-180
-206
-249
-219
-194
-210
-145
-32
-50
-176
-208
-158
-165
-201
-171
-122
-92
-50
-33
-61
-49
4
-12
-109
-149
-91
-64
-38
103
231
169
95
147
147
127
199
165
63
174
281
190
191
280
233
224
327
260
230
253
564
2340
4483
2848
-2033
-4248
-1896
1360
2076
-306
-3185
-2950
30
1740
310
-1707
-1561
327
1547
694
-1119
-1753
-658
733
852
-77
-634
-162
643
975
366
-476
-572
336
1363
1304
170
-761
-603
409
2082
3382
2345
-541
-1327
120
462
-347
-1144
-1996
-2185
-1247
-826
-1550
-2026
-1393
-504
-296
-1126
-2031
-1214
227
508
139
-12
30
681
1188
612
-122
362
1591
1392
521
800
1251
179
-1029
-701
268
929
342
-721
-699
463
747
36
-320
-273
-170
854
1117
-672
-548
1401
1043
-759
-1402
675
3277
888
-2877
-435
2773
1268
-2443
-2680
1551
3714
544
-3160
-1492
2298
1100
-3022
-2380
2132
3466
356
-2052
-396
981
210
-518
-474
467
1503
982
-832
-1243
-476
353
-284
-867
-386
1134
969
-1543
-2156
-629
538
296
-347
-677
635
1219
-78
-2367
-2656
109
1997
660
-1701
-269
3153
1798
-3605
-3480
1351
2745
-129
-2210
11
2322
1479
-1631
-3566
-878
2932
1557
-1152
-622
898
1408
-991
-3014
-1227
1748
2264
203
-1279
-134
924
-551
-1945
-557
1743
1931
739
-598
-508
442
480
-766
-1297
784
3250
1438
-2076
-1545
1487
1421
-964
-1900
-320
2222
1830
-1312
-1435
1314
1523
-952
-1697
145
1839
1048
-1259
-1567
967
1921
-407
-1910
-431
1254
1176
-350
-1240
-436
1068
754
-1060
-670
1480
1206
-1261
-1558
-233
865
708
-15
94
431
109
50
-657
-1593
-330
1383
684
-1573
-1244
1118
623
-1298
-1402
42
909
-150
-1299
173
1047
-171
-450
-72
-540
-541
729
666
-415
-315
306
408
-161
-328
30
525
737
122
-1265
-321
1549
166
-1363
-49
1488
637
-1139
-1205
427
929
209
-89
-35
719
893
-604
-979
438
863
-383
-681
684
1059
-375
-1163
-654
511
1225
-183
-1204
-100
756
0
-905
-478
627
637
-514
-904
62
702
-222
-978
365
1204
174
-521
-46
48
-77
-244
-458
143
1003
549
-616
-664
129
465
118
-212
135
536
457
-116
-281
192
252
-31
381
560
203
-212
-789
-299
280
-201
-335
87
-69
133
159
-728
-1095
-490
450
430
-357
-163
314
-325
-782
-254
487
695
-370
-486
542
251
-873
-573
497
852
57
-111
317
20
-161
-49
-1
160
436
598
175
-476
-55
472
231
-253
-236
293
560
17
-578
-491
343
444
-58
-92
257
317
-88
-618
-332
392
353
-50
84
461
322
-290
-738
-446
99
373
78
-232
105
384
-109
-516
-485
-227
252
421
-48
-279
116
139
-207
-172
19
-9
-138
-226
-67
216
259
148
70
31
33
77
-17
-26
139
67
-71
-88
-195
-138
115
96
-128
-206
-37
102
-77
-303
-69
260
124
-53
136
232
-15
-293
-169
135
219
112
41
32
14
-154
-440
-372
39
243
92
-28
-76
-56
-198
-432
-297
153
339
25
-202
126
266
-171
-357
21
364
328
46
-96
54
218
-30
-258
6
156
11
9
19
177
453
174
-436
-288
281
67
-406
-70
272
119
-53
-216
-137
198
294
154
23
10
117
1
-102
67
243
225
139
47
-8
-27
-22
-126
-204
-76
162
162
-188
-313
46
68
-361
-357
-64
-28
-124
-191
-197
-74
-112
-187
-113
-47
28
11
-73
81
166
-20
-166
-266
-88
263
150
-9
302
384
31
-66
65
40
1
175
344
250
72
101
194
111
33
60
131
245
271
204
69
-214
-161
231
2
-488
-206
173
-120
-428
-359
-332
-460
-532
-443
-281
-281
-422
-533
-554
-440
-384
-527
-510
-317
-291
-258
-91
-113
-263
-116
159
84
-92
24
286
389
207
-3
69
173
65
36
252
414
305
166
288
494
386
144
220
449
480
339
116
-61
87
427
546
598
831
1066
1105
829
522
578
549
-3
-602
-873
-1077
-1322
-1421
-1362
-1273
-1153
-1074
-1121
-1038
-648
-336
-382
-371
-43
181
125
198
723
1434
1703
1635
1965
2555
2733
2512
2263
2184
2081
1554
717
69
-355
-842
-1409
-1787
-1771
-1611
-1629
-1762
-1868
-1936
-2107
-2483
-2732
-2611
-2607
-3012
-3394
-3558
-3719
-3762
-3489
-3147
-2735
-1849
-673
211
900
1826
2931
3868
4426
4678
4870
4970
4706
4157
3748
3516
3157
2676
2280
1869
1352
955
818
794
897
1291
1878
2505
3148
3651
3848
3864
3679
3104
2345
1672
905
20
-713
-1389
-2098
-2677
-3233
-3792
-4040
-4046
-4229
-4530
-4594
-4484
-4407
-4368
-4278
-4033
-3674
-3561
-3772
-3843
-3601
-3368
-3282
-3138
-2796
-2393
-2188
-2105
-1870
-1535
-1281
-1009
-596
-121
351
808
1171
1374
1493
1725
2026
2188
2261
2403
2566
2645
2650
2659
2734
2766
2649
2586
2711
2763
2620
2528
2538
2506
2456
2416
2350
2400
2627
2728
2562
2339
2172
1993
1802
1590
1361
1234
1223
1109
839
620
452
166
-202
-471
-621
-719
-849
-1019
-1067
-952
-954
-1187
-1395
-1419
-1381
-1406
-1489
-1539
-1477
-1406
-1486
-1617
-1616
-1514
-1450
-1473
-1533
-1552
-1510
-1505
-1579
-1600
-1482
-1312
-1231
-1247
-1234
-1144
-1094
-1143
-1147
-1024
-881
-800
-748
-699
-644
-547
-453
-415
-344
-158
20
68
51
94
198
277
327
410
527
613
664
748
848
879
847
871
969
1033
1024
1012
1031
1070
1109
1102
1039
988
1001
1027
1035
1033
1027
1033
1054
1054
971
802
626
530
506
497
512
557
580
557
491
345
130
-18
-58
-55
-59
-54
-30
-5
-13
-71
-164
-262
-319
-317
-310
-351
-374
-312
-225
-222
-329
-426
-419
-375
-425
-513
-487
-363
-277
-295
-353
-362
-345
-374
-433
-451
-412
-331
-255
-265
-338
-385
-381
-384
-405
-370
-270
-185
-180
-235
-300
-334
-308
-234
-164
-103
-30
12
-19
-105
-161
-132
-44
52
93
82
94
125
111
37
4
73
157
158
121
139
198
212
174
161
200
238
233
225
255
295
292
250
233
255
263
236
220
255
291
280
251
235
241
240
229
216
222
254
278
262
214
182
177
173
152
138
144
148
138
102
56
33
40
38
-5
-52
-72
-92
-146
-197
-184
-144
-141
-170
-177
-187
-248
-330
-372
-377
-391
-430
-465
-472
-485
-533
-561
-534
-470
-418
-402
-386
-364
-349
-347
-336
-282
-206
-143
-119
-122
-136
-141
-128
-108
-72
-16
38
54
33
14
24
46
75
125
196
242
241
216
197
183
174
182
213
270
316
325
303
284
273
260
239
227
249
283
290
259
228
215
199
153
109
99
122
140
130
118
110
102
77
50
38
33
31
23
-5
-45
-76
-92
-107
-123
-127
-106
-87
-94
-105
-100
-86
-91
-109
-113
-98
-94
-121
-143
-131
-112
-114
-129
-118
-88
-69
-80
-89
-65
-30
-15
-19
-19
-3
4
-14
-44
-57
-47
-43
-62
-83
-82
-74
-84
-110
-129
-128
-124
-130
-145
-139
-119
-104
-104
-107
-91
-72
-69
-75
-66
-41
-15
-11
-14
-3
20
32
16
4
30
54
53
51
68
95
97
71
50
49
62
53
35
42
69
80
63
47
46
59
55
39
31
42
44
33
15
7
13
18
18
11
11
16
22
18
12
10
20
25
12
-10
-25
-26
-35
-49
-58
-42
-25
-26
-35
-33
-14
-18
-40
-54
-44
-34
-48
-72
-68
-54
-58
-77
-79
-61
-45
-54
-69
-66
-47
-40
-46
-43
-12
14
17
19
30
52
62
57
55
71
84
81
65
55
58
51
29
13
15
23
16
0
-9
-6
-6
-23
-45
-54
-48
-54
-64
-75
-70
-61
-65
-72
-69
-54
-41
-36
-34
-25
-12
-11
-14
-20
-18
-19
-32
-44
-49
-45
-47
-52
-53
-40
-22
-20
-25
-16
3
19
13
5
15
29
29
13
6
19
28
28
22
25
44
58
54
52
50
57
56
53
48
41
41
40
39
32
26
25
31
35
27
18
20
31
32
21
13
14
18
9
-10
-14
-12
-19
-34
-45
-44
-43
-60
-71
-70
-63
-67
-84
-82
-59
-50
-64
-71
-58
-38
-38
-53
-54
-31
-16
-19
-26
-14
6
13
8
2
12
20
19
14
20
23
14
6
13
25
19
-1
-3
19
31
9
-10
5
30
33
11
1
21
39
30
10
10
31
42
28
15
22
35
29
12
7
16
13
-1
-9
-1
7
-4
-17
-11
1
-4
-21
-27
-14
-5
-14
-23
-15
-3
1
-12
-18
-4
7
-1
-16
-9
4
5
-10
-14
-5
2
-5
-13
-11
-2
1
-11
-14
-9
-2
-4
-13
-11
-4
-5
-16
-18
-7
4
-3
-8
-1
7
9
-1
0
3
8
2
-2
2
5
3
-7
-9
-2
-1
-9
-19
-15
-7
-7
-13
-14
-3
4
0
-8
-2
9
10
3
-1
4
10
9
0
3
9
9
4
-1
4
8
3
-5
-4
-1
-4
-8
-9
-8
-7
-4
-3
-7
-2
3
0
1
5
6
5
5
5
8
8
4
3
10
11
8
2
4
8
3
-2
-4
1
2
-2
-2
-3
-1
0
-2
-4
-3
0
1
-3
-7
-4
0
-1
-4
-6
-1
4
2
-3
-1
2
3
0
-1
-3
-4
-3
-2
-3
-3
-6
-8
-3
0
-5
-7
-4
-4
-1
0
-3
-3
1
2
2
-4
-1
4
3
-2
-5
-1
2
2
0
0
2
-2
-3
-2
-3
-2
-2
-4
0
2
3
2
1
1
4
4
0
0
0
5
3
2
1
2
2
-1
-4
-3
0
-1
-2
-2
0
-1
1
1
0
-3
-2
-1
-1
-2
-2
0
3
4
4
2
6
6
4
3
0
-1
-1
0
-2
-4
-3
0
2
0
-4
-2
-1
0
-2
-3
-3
-2
0
-2
-5
-4
-2
1
0
-4
-2
0
3
2
-1
-1
-2
-2
0
-1
-2
-3
1
3
-2
-2
-5
-4
-1
-3
-6
-5
-3
-2
-3
-4
-5
-3
-2
-3
-3
-2
-4
-3
-4
-6
-4
-3
-4
-4
-3
-4
-2
-2
-2
1
5
0
-2
0
1
5
4
4
1
3
2
5
4
4
3
1
4
5
7
3
3
1
4
3
1
0
3
4
4
5
4
2
2
1
2
0
2
3
4
3
4
0
-1
0
3
-1
0
0
-3
0
-1
-3
-4
-3
0
-2
-1
-1
-2
-1
-2
-3
-1
-1
-5
-6
-8
-4
-6
-7
-7
-6
-5
-7
-7
-11
-9
-4
-6
-11
-10
-7
-7
-2
-5
-8
-10
-8
-6
-5
-6
-10
-8
-6
-1
0
-2
-2
1
-1
-2
2
1
3
4
5
8
7
10
7
12
16
14
14
10
10
14
14
12
9
9
9
8
7
5
4
5
5
4
5
0
-2
-1
0
-1
-5
-10
-8
-6
-7
-8
-11
-9
-11
-16
-16
-17
-13
-11
-12
-14
-14
-9
-6
-13
-13
-9
-8
-8
-9
-3
0
7
7
8
9
13
16
19
19
18
19
22
25
26
26
27
27
30
30
26
26
24
22
20
14
10
12
15
12
2
-3
-3
-3
-5
-11
-15
-19
-21
-19
-18
-22
-27
-28
-26
-29
-30
-36
-40
-38
-36
-40
-45
-47
-45
-38
-41
-42
-38
-38
-33
-33
-33
-30
-24
-22
-17
-16
-14
-7
-3
4
6
7
12
21
30
33
31
34
37
45
49
45
43
46
49
49
52
49
51
52
54
58
62
65
71
74
79
90
95
99
102
106
111
123
131
131
138
137
142
157
157
160
164
164
173
183
182
184
183
181
184
182
171
158
144
123
106
79
46
9
-35
-80
-134
-189
-247
-310
-369
-443
-530
-595
-653
-712
-759
-830
-898
-917
-930
-936
-922
-940
-926
-870
-817
-753
-683
-630
-552
-454
-367
-271
-184
-97
-4
87
167
245
319
386
447
499
546
589
627
656
676
695
714
728
739
742
746
751
757
757
757
754
746
737
727
716
695
679
656
630
603
567
527
492
451
410
363
315
271
226
179
132
88
40
-3
-48
-84
-125
-165
-199
-231
-257
-287
-315
-340
-364
-385
-403
-422
-440
-450
-467
-484
-497
-506
-511
-518
-524
-530
-532
-530
-530
-531
-528
-521
-511
-502
-490
-473
-453
-436
-413
-389
-360
-328
-298
-264
-230
-192
-155
-119
-86
-54
-21
13
42
66
89
111
131
156
174
189
205
219
236
251
260
271
285
297
311
318
323
333
339
343
350
350
349
350
349
346
339
330
317
305
291
275
255
232
213
191
168
144
123
99
80
54
34
14
-3
-19
-36
-47
-58
-65
-73
-76
-80
-85
-84
-84
-85
-85
-87
-87
-88
-92
-97
-102
-106
-111
-113
-122
-128
-130
-133
-138
-142
-147
-151
-149
-144
-144
-143
-140
-134
-124
-119
-111
-107
-97
-93
-89
-85
-77
-72
-68
-63
-61
-56
-50
-47
-46
-40
-32
-25
-18
-12
-9
2
10
15
21
30
35
41
45
47
52
56
56
61
61
62
62
61
61
59
54
53
53
48
42
39
36
36
32
27
22
24
24
27
28
27
31
33
37
38
43
46
45
43
44
43
44
36
31
28
23
14
7
4
-3
-8
-13
-20
-26
-27
-33
-39
-41
-42
-44
-46
-45
-42
-41
-40
-35
-33
-30
-32
-31
-25
-24
-24
-22
-18
-17
-12
-9
-10
