SAMPLES:	10629
BITSPERSAMPLE:	16
CHANNELS:	1
SAMPLERATE:	16000
NORMALIZED:	FALSE
2
3
0
-2
-2
-2
2
0
-1
3
1
0
2
5
2
2
5
1
-1
3
2
-1
-4
-4
-4
-3
-2
-5
-4
0
-7
-5
-4
-5
-2
-1
-1
-1
0
4
5
4
2
-2
-1
-1
-2
-3
-3
1
3
1
2
2
4
7
7
5
2
4
5
7
6
2
0
3
0
0
2
1
0
0
-2
-5
-2
0
1
-1
-2
-4
-3
-4
-2
-2
-1
-3
-4
-6
-5
-5
-5
-7
-9
-6
-2
-1
-2
-1
1
1
5
4
2
1
2
2
0
-2
0
-1
0
1
3
5
2
7
7
5
7
2
1
2
2
2
0
0
0
-4
-3
0
-2
0
2
1
0
3
5
2
-1
-6
-7
-6
-5
-9
-1
3
1
-1
2
1
-5
-2
-3
8
22
-6
-26
-16
-8
-11
1
7
3
10
17
13
14
12
2
5
0
-7
-4
-10
-19
-8
3
-2
3
10
18
28
25
16
3
-11
-19
-26
-38
-20
-5
-5
3
18
16
16
15
7
6
-5
-14
-14
-18
-20
-10
-6
0
9
12
13
9
2
-2
-2
-10
-9
-4
0
4
5
5
6
0
-6
-1
-9
-7
-5
-7
-7
-4
1
2
6
7
10
7
3
6
1
-5
-4
-4
-4
-4
-5
0
3
0
4
4
6
6
1
0
1
-2
0
-1
0
3
1
5
5
3
5
4
1
2
-2
-5
-1
-2
-2
2
1
0
3
2
0
2
2
0
0
-3
2
1
1
4
5
4
3
3
1
-3
-2
2
-2
-2
0
-3
0
-2
-4
-2
0
-6
-3
-2
-5
-6
-7
-4
-3
-4
-4
-2
0
1
-3
-3
0
1
-1
-2
-4
-1
-2
-3
2
1
2
3
-2
-1
1
3
1
3
2
-1
3
1
2
2
2
1
0
4
1
0
3
0
3
-1
0
-1
0
0
-2
2
-1
0
-2
-5
2
4
0
3
-2
1
2
-2
3
1
3
5
2
1
0
1
2
0
-1
0
-1
-3
-1
-1
-1
-5
-2
2
2
3
2
3
3
3
5
0
3
5
3
0
-1
-1
0
-3
-1
0
-3
-3
-4
-5
-3
-1
-3
-3
1
0
-3
-3
-2
-4
-5
-4
-2
-3
-1
-3
-3
-3
-1
2
-1
0
0
-1
-1
-4
-2
2
0
1
-2
-3
-1
-1
-1
-1
0
0
3
3
4
1
3
2
1
4
4
5
5
6
6
5
5
3
0
-1
0
0
-2
-2
0
-1
-1
-2
0
0
0
2
1
1
-2
1
3
2
3
0
1
0
1
2
-3
-1
0
2
-3
0
-1
-1
0
-3
0
-3
-5
-5
-5
-4
-4
-6
-3
-2
-3
-5
-5
-3
-1
-1
0
0
2
4
0
1
-1
-1
2
2
1
0
-1
1
3
4
4
3
3
4
0
2
0
-2
1
-2
-2
0
0
-2
1
0
0
2
1
-1
1
1
-2
2
-1
-2
-1
0
2
2
5
2
1
2
2
1
5
5
0
1
1
1
2
0
-4
-3
-2
0
-1
-2
0
1
-2
-1
0
1
0
-2
-1
-4
-3
-3
-3
-1
1
1
0
2
2
-2
-1
0
0
-1
2
-3
0
2
-1
2
2
3
4
5
1
1
0
-3
-1
2
4
3
7
2
4
4
3
3
2
0
-3
1
-3
-5
-1
-3
-5
-4
-6
-5
-4
-3
-1
1
-1
1
-1
0
0
0
-1
-4
-2
1
-1
-1
-1
-2
-2
-4
-4
-6
-3
-3
-1
3
-1
1
2
1
-1
1
3
0
5
4
3
1
2
5
4
5
5
2
1
4
1
2
3
2
-1
-4
-1
1
2
0
4
2
0
1
4
1
2
0
-1
2
0
1
0
3
1
0
-2
-2
1
0
1
-3
-5
-3
-3
-4
-2
-4
-3
0
-1
-3
-3
-1
0
-1
-2
3
5
4
1
2
2
-2
-7
-1
0
-1
-2
0
-2
-2
0
-3
-2
0
-1
-2
0
-2
0
-2
0
1
-1
2
3
2
0
3
3
-1
0
0
2
2
-1
0
1
-1
-1
2
3
2
4
3
1
-1
-2
0
0
2
2
2
1
3
1
0
0
1
-1
-1
-2
-6
-1
-2
-3
-1
-1
-1
-4
0
-2
-1
3
0
-1
-1
-1
0
-2
-3
-4
-3
-2
-1
-1
0
0
-2
0
3
1
2
1
0
2
2
1
4
3
-4
-1
1
0
1
-1
0
0
0
0
-1
1
1
0
1
0
-3
-2
-3
-2
2
3
2
3
-1
1
3
1
1
3
0
-2
2
-1
1
1
4
2
0
5
1
1
0
-1
-2
-3
-1
0
2
2
4
-2
-1
-2
-1
-2
-6
-2
-2
-4
-6
-5
-1
-3
-3
0
-3
-1
-2
-4
-3
-2
0
-1
1
0
1
2
5
1
3
1
0
-2
3
4
2
2
2
3
-1
2
4
4
5
3
-1
3
1
-1
1
-1
-1
-3
0
1
-3
-3
-1
-2
0
-1
-1
2
3
1
5
0
-4
-5
-4
-4
-4
-4
-5
-5
-3
-4
-4
-5
-4
-2
-2
0
-3
-1
0
1
-1
2
0
-1
0
0
1
-1
-1
-3
-2
2
4
1
1
2
2
6
4
1
4
6
6
1
0
4
4
3
1
2
4
0
-1
2
0
2
2
5
3
1
2
0
2
0
1
2
0
-1
0
1
-2
-2
1
0
1
-3
-1
-1
-3
-2
-3
-5
-3
-4
-3
-2
-2
-1
-1
1
-2
-1
-2
-7
-5
-4
-4
0
0
4
2
1
0
-1
1
-2
0
2
0
0
1
0
-1
2
1
4
5
3
2
1
0
-3
0
0
-1
1
0
-2
-2
-3
-3
-2
-1
-1
1
-2
-1
1
-1
-1
1
1
2
3
0
2
2
0
-3
-1
-1
2
0
1
2
-2
-1
-2
1
-1
-3
-3
0
-4
-6
0
0
0
-2
-2
1
1
1
1
2
3
-1
-1
3
2
3
-1
2
-3
-4
-4
-1
1
-4
-1
-1
-3
-1
2
0
-3
-1
1
-4
0
4
6
2
-2
4
0
0
1
-2
-2
-2
4
3
-2
1
7
2
-2
-2
0
2
3
3
8
6
3
2
-2
0
-3
2
3
3
4
3
3
1
0
3
5
4
6
3
0
3
3
5
4
4
3
1
-1
0
-1
-1
1
-3
-2
-5
-6
-6
-7
-3
-8
-6
-3
-5
0
1
0
0
-2
2
-2
-2
2
3
1
-3
-4
-9
-7
-7
-11
-13
-9
-9
-10
-12
-13
-10
-3
-2
-8
-5
-3
-13
-7
1
3
1
-3
3
7
4
6
5
3
6
7
11
11
9
3
6
10
8
10
9
11
13
3
4
5
5
5
6
9
5
2
5
9
7
3
-1
5
4
-2
1
6
2
0
2
-2
-8
1
4
-2
-3
0
-1
-11
-16
-2
5
-2
-3
0
1
-4
-7
-12
-11
-1
-3
-8
-9
-10
-8
-3
-2
-3
-3
-5
-6
-1
4
-3
-6
-9
-10
-6
-2
-1
-3
0
7
2
-13
-7
11
7
-4
8
8
-4
6
14
-1
-4
6
6
1
6
3
5
8
4
-2
1
5
1
5
2
-2
-2
2
1
5
6
-1
0
12
10
-5
-1
9
1
-14
3
16
3
-5
0
-6
-15
3
8
-3
0
16
-17
-46
-3
25
-14
-11
24
-8
-49
-20
9
27
34
-26
-46
27
12
-64
15
112
11
-125
-32
105
3
-63
53
79
-4
-147
-50
200
38
-202
74
229
-160
-224
136
186
-112
-125
179
43
-261
5
292
34
-172
-53
54
6
-48
83
147
-108
-233
73
231
-96
-111
257
-10
-402
78
369
-91
-159
116
32
-114
-125
35
311
137
-427
-255
361
103
-235
188
236
-415
-353
319
284
-18
70
-294
-448
424
403
-492
146
662
-822
-864
1160
908
-1250
-499
1209
-335
-1146
996
994
-1112
-686
770
226
-471
298
404
-672
-323
569
0
37
415
-690
-525
970
191
-782
369
557
-840
-526
1076
540
-937
-322
492
-27
-40
210
-86
-74
-92
-306
236
687
-143
-894
48
819
-270
-421
652
-149
-749
504
348
-414
180
65
-491
89
528
-2
-400
-135
247
202
-105
-256
123
444
-416
-597
852
566
-1100
-338
1046
73
-812
100
612
-179
-403
175
111
-80
215
-133
-456
453
486
-778
-386
1022
240
-1093
-135
985
158
-824
-223
822
288
-983
-236
1153
178
-1179
-160
1109
158
-915
-95
735
20
-556
18
422
189
-384
-516
387
638
-374
-436
254
150
-59
-265
-124
668
132
-1121
96
1289
-503
-1133
666
778
-636
-531
542
519
-508
-734
383
990
-280
-1162
458
1087
-823
-808
836
623
-577
-648
461
717
-501
-756
516
697
-293
-642
174
677
-317
-686
430
850
-439
-891
557
742
-679
-541
805
364
-708
-322
711
320
-1033
-92
1132
-29
-1020
106
1039
-454
-1137
773
1179
-832
-926
608
693
-571
-743
906
671
-873
-693
551
836
-546
-822
740
694
-923
-470
856
310
-732
-291
829
106
-811
130
564
-200
-389
206
375
-323
-307
434
198
-353
-194
172
393
-89
-605
373
423
-600
-181
886
-140
-858
549
175
-319
4
531
136
-1162
268
947
-570
-191
506
-76
-332
-549
639
834
-926
-523
721
639
-1219
-561
1861
-77
-1681
471
1200
-593
-1192
775
1394
-1142
-1068
1065
610
-809
-448
873
206
-928
101
835
-395
-411
227
-60
420
48
-890
377
722
-652
-144
408
22
-364
-41
569
-130
-396
-133
168
626
-245
-823
464
556
-501
-235
386
86
-296
49
-122
511
251
-1604
647
1661
-1277
-821
1163
162
-1083
163
1124
26
-1350
-162
1476
-172
-1131
566
621
-839
-97
841
-218
-652
147
576
-81
-344
399
-155
-722
372
897
55
-960
-216
899
-426
-635
1334
458
-1673
-429
1586
-1
-1346
957
970
-1518
-762
1611
565
-1634
-33
1741
-489
-1841
740
1732
-781
-1687
1309
1392
-2246
-401
2458
-669
-1834
1222
1076
-1554
-342
1608
-525
-1363
1293
870
-1687
-438
1647
35
-1564
614
1414
-1403
-1128
1741
695
-1491
-601
1389
601
-1786
-73
1825
-622
-1330
1110
752
-1354
-341
1131
409
-948
-338
1058
-467
-869
1253
508
-1550
-98
1602
-656
-1107
1299
227
-1089
153
658
-17
-495
37
305
-224
-120
396
12
-299
6
-167
55
617
-12
-864
82
688
-422
129
308
-661
152
283
-189
185
223
-561
-178
695
-135
-311
161
3
177
11
-931
601
1431
-1572
-990
1841
276
-1674
508
1420
-1270
-922
1128
901
-495
-1270
320
1053
-145
-359
-294
-29
798
-46
-1228
510
1582
-1094
-1584
1288
1207
-996
-874
868
568
-969
-291
864
126
-363
-80
-535
359
1142
-727
-1076
861
669
-1030
-194
1224
-36
-1261
-15
1095
223
-906
-509
1064
494
-1227
-356
1110
613
-1266
-665
1419
130
-739
44
-134
458
364
-907
-280
1067
181
-857
-108
357
350
-180
-632
591
327
-945
404
454
-462
294
-354
-382
755
323
-718
-556
872
620
-842
-786
694
1019
-708
-1125
800
1183
-1281
-863
1535
186
-1163
78
646
-175
-349
385
260
-1008
235
1008
-873
113
247
-563
711
-240
-635
1026
-381
-854
1303
0
-1194
548
378
-14
-179
-424
725
179
-1017
13
1496
-320
-1653
1001
1066
-1324
-234
1450
-232
-1155
429
472
-37
-11
-216
90
516
-507
-497
867
557
-1008
-541
1784
-314
-1741
1213
1104
-1146
-773
1161
437
-1195
380
683
-305
-436
-177
761
185
-1111
232
958
-599
-156
66
-525
815
-112
-934
901
-48
-1023
798
579
-1262
-387
1366
-195
-1279
720
673
-1025
-13
514
-532
190
38
-83
258
-766
300
761
-649
-503
167
962
-270
-1347
1183
363
-1563
823
1651
-1816
-1373
2113
908
-1830
-556
2183
-553
-1980
1023
1650
-638
-1925
1565
1356
-2903
-186
3438
-114
-3443
348
2738
-624
-2157
1855
1184
-2378
-391
1330
807
-470
-465
-428
468
66
-247
843
-138
-352
-790
298
995
164
-1165
746
415
-1701
153
2321
-86
-2193
-117
1407
438
-811
-68
188
-10
-340
332
651
-665
-600
242
700
442
-1256
-61
915
-169
-685
-114
1376
-408
-1424
864
889
-1270
-371
1766
-434
-1425
-159
1745
589
-2045
-331
1370
310
-1062
54
1038
-539
-1315
903
1882
-1860
-1553
2848
-568
-1578
1359
33
-253
-168
-889
1152
1263
-2461
210
2230
-1438
-1657
2367
681
-2562
119
2650
-808
-2691
1600
1806
-1518
-873
1383
-310
-1017
651
972
-124
-1284
322
169
-413
1184
264
-1512
317
-87
-7
1806
-965
-1856
799
1901
-1238
-1059
1722
393
-2679
1030
2244
-2599
-99
2714
-1793
-818
1141
-547
1106
-1050
-871
2060
-529
-1333
1694
-317
-2047
1469
1963
-2348
-1218
3112
-278
-2234
-80
2731
-1179
-2493
2837
1227
-2958
-206
3169
-2536
-1287
3064
34
-2063
273
912
283
-740
-327
352
-320
637
280
-564
179
-248
-323
814
-152
-798
347
768
-289
-208
411
-1404
494
1792
-1709
-714
2021
-230
-1835
1713
398
-2925
1817
1760
-2228
-528
2595
-1189
-1977
2187
520
-1403
-719
1147
811
-797
-10
-175
-668
876
69
75
472
-1623
557
1236
-1429
603
705
-1529
270
1343
-393
-1430
1634
-227
-1679
1670
267
-1425
815
1015
-2018
681
965
-867
-863
2262
-482
-2778
2303
881
-1448
619
-1011
-300
1975
64
-1477
-588
1151
363
-241
-572
16
756
-513
181
-485
140
1255
-802
-1173
585
489
463
254
-1647
-838
2652
152
-1790
736
-558
-767
2455
-382
-2287
1151
1589
-1068
-2239
1670
2639
-2298
-2365
2621
1190
-2475
916
571
-390
-406
-435
66
1278
1192
-1504
-3178
2451
2710
-2390
158
-444
-422
533
1527
-842
-1380
849
1086
-797
-2008
1303
2601
-241
-3622
-379
2737
1266
-1440
-753
-702
125
2611
-1523
-400
890
-1498
66
1634
210
-1359
-673
554
1279
918
-2143
-2563
3729
1566
-3372
386
1734
-2073
435
2667
-2735
-1342
3161
-106
-1952
1761
-1815
-1049
4462
-1408
-3751
3810
-232
-3204
2716
1192
-1622
-1101
-101
2854
-1646
-1430
2679
-226
-2764
800
2671
-2347
904
78
-2251
2711
1511
-3780
-289
2476
-492
387
-49
-1894
314
2599
-1337
-1291
1607
-878
-101
667
184
-1073
714
736
-2017
1555
220
-502
-1954
936
4588
-2196
-4878
-20
5660
3057
-6640
-4242
6306
2850
-2507
-2596
-1703
3301
4900
-3763
-6471
1186
10357
-1127
-9748
-1924
9446
3108
-6409
-4079
1636
6079
847
-4754
-3648
2547
5692
-457
-8144
3112
4007
-2279
868
-1459
-2195
3834
1237
-3839
-1950
5459
1413
-4895
-2352
4847
1631
-3849
-456
694
3832
-2126
-3630
1114
5080
-1814
-4102
-148
2408
4775
-3191
-5077
989
5944
-406
-5157
-796
4084
2089
-1726
-5139
1696
6590
-2315
-5755
-330
6224
3166
-7088
-2805
4808
2799
-2007
-4625
2069
4832
-2477
-3484
1940
1261
1767
-2828
-3892
4352
5248
-6036
-4200
8044
-1943
-3507
3140
-1142
-631
3900
-2335
-6078
6606
4554
-7653
-2659
6392
966
-2931
-2038
1178
4565
-1167
-7737
2183
10218
-5086
-7900
5890
3621
-3601
-352
-2177
1589
7120
-5991
-7318
7852
5206
-5391
-3566
491
3743
1835
-1987
-3495
-1419
7798
1918
-10477
-1961
10451
2708
-8455
-4093
6680
5174
-6256
-4652
6148
1035
-2590
1618
-3776
1076
6439
-3213
-7814
4776
6854
-4639
-4220
1833
2999
2694
-4141
-7531
8115
7349
-8330
-7518
9292
4440
-5615
-4281
831
6701
1435
-7023
-3712
7003
5081
-4953
-10047
8493
8836
-8541
-6691
5359
6269
-2203
-4773
-2416
3945
5008
-669
-8816
-714
11098
308
-9547
-3176
10039
5722
-12508
-4079
10835
2890
-6338
-5548
5423
5902
-4067
-4970
1704
3998
-850
-434
-1657
-2905
5925
3326
-7620
-3579
7275
3076
-5178
-3110
3988
2799
-2006
-4121
358
5108
994
-4901
-1655
3627
2357
-3677
439
204
-1596
3847
-1729
-2123
4141
-2200
-2354
3477
-2110
148
4093
-4606
-1973
6747
-4265
-1057
3938
-2996
654
441
-1558
1025
3367
-2013
-4423
2371
1628
903
-1295
-73
-2368
2499
2971
-5317
696
3205
-3186
949
3332
-4854
9
4514
-407
-4902
-546
5678
1936
-7028
-2003
7470
1870
-6538
-2565
5371
1796
-3396
327
542
-1262
1304
2005
-4162
-386
4984
-1625
-2604
610
608
1385
972
-3649
-1854
4264
2620
-3622
-1937
457
3453
101
-4039
393
3300
322
-3257
-1502
3622
3341
-5258
-1379
2173
1011
729
-1176
-648
-599
538
2281
-1053
-1749
-712
2765
2049
-5081
-1149
5040
1571
-3440
-4155
2434
6289
-2666
-5425
2789
2419
-2406
904
1356
-2886
986
269
261
1171
-1706
-252
2083
-1951
-2548
4782
1080
-4262
438
1920
-2281
1723
970
-754
-1267
-945
812
2903
56
-3516
196
814
780
-101
-669
968
436
-2469
216
1316
2264
-1850
-4024
2956
3347
-1981
-2375
1321
886
-1512
-245
1843
774
-1684
-821
1011
-954
1018
1546
-1749
-2312
2355
2443
-3265
224
1835
-1137
-2369
1564
3671
-1345
-3781
445
3447
-286
-2195
114
1620
-469
-1784
1107
1777
-188
-2406
-1240
2696
1832
-2299
-734
1541
-595
-2454
2894
2424
-3349
-1933
2149
1545
-1660
-501
1368
87
-1733
-63
2313
775
-2616
-1062
937
1841
442
-2521
-28
2111
-1188
-1885
1984
2620
-2458
-3037
2897
2299
-2170
-1909
1678
1172
-2309
135
2770
-1473
-1092
1277
-1016
-1340
3576
842
-4156
229
2197
-908
-537
1059
-489
-44
-325
-858
1379
2364
-1803
-2701
938
2590
-71
-1760
138
188
164
-238
120
811
-809
-1216
1671
637
-914
-83
-146
-614
674
990
-1245
-1038
1194
867
-1286
649
819
-1850
-255
1872
716
-958
-1548
527
666
-169
810
-708
-771
511
22
787
1127
-918
-1651
104
1078
533
-77
-789
-341
-515
371
1302
-212
-1180
-957
1005
1090
-404
-7
-154
-948
-38
1416
832
-1477
-398
254
-164
1109
742
-1425
-443
958
-654
38
1033
-456
-1318
-562
826
1677
-385
-1371
-644
114
1293
435
-819
590
235
-1382
238
2168
-28
-2412
-920
1983
1130
-1070
194
54
-651
-134
-215
1249
574
-1652
-137
1494
70
-1175
588
510
-1888
-340
1833
232
-1145
326
-139
-1494
562
1072
-463
-663
1091
64
-893
1079
807
-912
-880
-67
1100
798
-272
-549
-480
-667
-406
1168
391
-1317
97
1321
-1515
-693
2163
411
-2379
-682
2387
1523
-1673
-1075
1541
-35
-2599
884
2574
-339
-1689
-797
1338
245
-1384
-94
1962
-407
-2724
98
2350
244
-3452
-815
2085
242
-1556
-302
1896
-1449
-2549
1867
2859
-1728
-2226
1155
1072
-1082
-400
812
280
-449
-847
320
782
-482
-1392
338
477
-916
-364
279
-438
-1554
-742
90
-587
-846
-681
-422
-346
-487
-362
537
657
-29
1290
3196
3397
3118
4174
5589
5629
5970
7126
7395
6524
6830
7132
6221
5084
3908
2771
1815
1135
-16
-1422
-2701
-3677
-4853
-6097
-6534
-6910
-7721
-8067
-7834
-7822
-8299
-8291
-8144
-8247
-7547
-6645
-6306
-6156
-5845
-4881
-4155
-4646
-3807
-1956
-2141
-2281
72
1534
-1006
-1664
411
1193
766
1650
2257
1113
1014
762
276
171
170
-770
-839
829
871
-1519
-2015
-93
89
-816
75
2228
9453
19876
25138
17194
5218
8917
20268
23224
18172
17880
22858
22514
16131
11607
11170
7393
975
-727
3819
8175
2299
-9518
-17101
-16703
-14670
-17735
-19378
-17059
-15142
-16992
-19848
-20610
-20258
-20033
-19631
-15943
-9474
-4335
-4187
-7920
-7929
-4185
-719
974
3286
8436
11558
11056
9308
9411
9271
8990
10039
12089
12819
8467
4051
1903
-51
-3129
-5823
-5758
-5034
-6577
-9236
-10063
-10631
-12227
-11780
-8328
-4710
-4865
-5481
-4589
-4469
-4659
-4349
-2107
-32
248
723
2481
3515
2629
1558
2082
3991
4968
4207
3285
2373
648
-928
-999
330
141
-1567
-2465
1943
21180
32660
20601
-1695
-5254
18050
29150
17847
10588
20602
27618
17028
6157
9217
12252
2383
-4632
3078
13967
11791
-7451
-19849
-16908
-10475
-11404
-18085
-15679
-9314
-10439
-18188
-21792
-19202
-16935
-17583
-16552
-8900
-1800
-2219
-8767
-13600
-7601
-1022
-853
-1170
3806
11010
9312
3107
1714
5959
7084
4492
6995
14983
15946
4549
-2931
-694
2
-5680
-7060
563
-4
-10639
-13624
-7766
-8749
-15244
-11049
-1315
-1079
-6183
-3698
-892
-5483
-7304
-1847
2867
1693
985
2249
345
-1193
412
1377
1504
3752
5185
1548
-1426
-488
-549
-4293
-3618
1310
1483
-1109
3142
23681
32680
17734
-2431
-2082
21877
31144
19456
12519
22018
27972
16040
4742
8769
13148
3506
-3599
4395
13442
7846
-12018
-21122
-16362
-10744
-12057
-17679
-14639
-9832
-12603
-20123
-22421
-18153
-14583
-14369
-13064
-5975
-526
-2450
-8089
-10897
-4275
1885
2745
2868
6370
11274
8012
1104
6
4505
6373
5239
6352
9796
8743
1199
-1265
971
8
-4652
-6097
-1615
-2230
-8480
-10899
-8903
-8994
-10642
-7725
-2692
-2527
-5619
-4368
-1612
-1946
-1889
-140
2321
2236
816
629
446
622
349
-395
329
1994
1763
-370
-1949
-2446
-4081
-6014
-4665
-1204
-1775
-3232
-3155
7054
27441
30321
13504
-4537
4028
28371
30464
17378
15844
27512
28155
14204
7005
12758
12918
2559
-258
7590
13731
3465
-16585
-21587
-15159
-10232
-14849
-19058
-13441
-10722
-16775
-23725
-22711
-17436
-14340
-13991
-10938
-4194
-1191
-3693
-9115
-8678
-36
4731
5106
5794
9890
11778
6200
1035
2186
6359
6875
5280
5381
7453
5067
4520
6932
1816
-7221
-11435
-4591
-486
-6284
-9486
-8390
-10883
-14098
-10412
-5565
-6723
-8869
-4253
696
-1231
-1362
-266
-1046
-335
2156
3898
1338
790
2596
488
-2072
529
2746
-315
-2245
-781
-1410
-6061
-8355
-4642
-2966
-3753
-3060
213
18924
32569
21946
-141
-6120
17800
32611
22806
14951
23894
30551
19293
5933
7538
14587
9419
1880
4375
11532
10088
-9308
-22902
-18672
-10528
-9995
-16668
-14892
-10095
-14012
-22676
-25150
-19769
-13403
-10969
-10933
-6773
-2255
-2825
-7616
-10649
-3074
5289
6995
6675
7939
10702
7412
1445
537
5214
8803
7923
5807
5809
5323
-985
-5722
-482
6986
3734
-5647
-7511
-4713
-9093
-14214
-9065
-2774
-6310
-10461
-5775
-2408
-7978
-10250
-2737
2702
1392
1691
4770
2915
-1779
-1907
1019
1922
3000
4039
1481
-1597
-2185
-2462
-4035
-3654
-1435
-3426
-7511
-7447
-4808
-5138
-6396
-3252
14092
31750
26174
5294
-7044
10817
30426
25679
16504
22348
32355
24259
7589
5366
13449
12121
3947
4061
10719
11115
-4810
-20966
-20666
-13111
-9712
-15053
-15729
-10824
-12989
-21778
-26828
-22311
-14458
-10305
-9713
-7324
-3487
-3129
-6785
-10214
-4624
5285
9170
8615
8088
10345
8672
2806
905
5037
10417
10444
6738
5411
4969
330
-5945
-4117
4947
5714
-3700
-8880
-6550
-8121
-14019
-11802
-3857
-4443
-10056
-7816
-3126
-6705
-10551
-4782
2522
2201
1058
4350
3998
-647
-1624
2002
4363
4672
4915
3473
278
-1722
-2711
-4384
-3987
-1953
-2777
-6308
-8437
-7469
-6988
-7926
-6158
5161
24365
29012
12188
-6302
497
23864
29012
19652
19783
30587
29218
12874
4549
11145
16202
10222
5291
9028
12419
2755
-15408
-21513
-14589
-8282
-11517
-15906
-12768
-12360
-19813
-27457
-25712
-17087
-10568
-9545
-9868
-7353
-5286
-7506
-10994
-7639
2955
9349
8644
6839
8240
8944
4568
1588
5051
11422
13084
8692
4616
3593
1638
-3364
-4490
-819
4891
8708
1548
-8257
-15132
-14437
-9656
-7607
-3159
-915
-6133
-12455
-10741
-6393
-5973
-5141
1362
6553
2911
742
2351
116
-1578
1534
7857
7748
3565
2591
131
-4901
-5704
-1573
-199
-1036
-2830
-4994
-8561
-10872
-8292
-6729
-6119
3373
22704
30190
14113
-6618
-4673
18196
29594
23822
21594
29394
29438
12230
1028
9020
18493
14391
6800
8998
12195
2312
-15425
-21656
-14686
-7657
-8760
-13516
-12865
-13657
-21355
-29072
-27488
-16769
-8617
-8198
-10157
-9616
-8589
-10156
-11529
-6880
3541
10111
9276
6228
5894
6846
4250
2727
7042
13524
14931
9453
4246
2939
1268
-2260
-2810
4739
11954
7121
-4795
-11938
-11923
-12001
-10511
-3821
676
-4844
-12400
-11836
-9017
-9302
-7611
3
4711
1705
-277
1262
394
-2134
352
6297
7803
5009
2669
834
-2189
-3775
-2382
-165
748
-480
-3489
-7237
-9485
-9420
-8343
-6877
-4576
-27
14953
27503
18762
-2390
-10037
10819
30056
27762
21933
25637
27355
14190
2018
7572
20351
20577
11255
6970
7833
4336
-9070
-18059
-13220
-5393
-4702
-11757
-15078
-15160
-20107
-26513
-26145
-17214
-8476
-7107
-11749
-14532
-13010
-11136
-10040
-6929
1881
8937
7232
2584
1402
4509
5731
5050
8026
13214
14380
9107
3312
1793
2979
2242
1299
3843
5889
6015
2038
-5096
-10727
-13380
-9702
-4579
-2449
-3030
-7104
-12368
-13931
-10107
-4985
-1737
-105
1460
322
-2082
-823
1399
2322
3417
5164
5203
2266
631
1111
38
-1357
-566
767
101
-1878
-3837
-5632
-7332
-8211
-6996
-6056
-4966
-3771
4463
21401
24961
8914
-8684
-1689
22359
30055
23565
21714
26085
20315
6018
4087
15909
23089
15999
7673
5801
5372
-1426
-12112
-13496
-7592
-3614
-7925
-14837
-16115
-17739
-22297
-25364
-20761
-11964
-8197
-11307
-16363
-16316
-12569
-9809
-8224
-3506
4401
6504
1932
-1331
1620
6129
6531
7483
11339
13927
10569
4409
2594
4480
6369
5453
4642
4895
4173
4684
1821
-4932
-10648
-10782
-5260
-3072
-3798
-4963
-8935
-14141
-13876
-7256
-2380
-1888
-1826
-521
-1928
-3116
210
2620
2530
2905
4412
3481
359
1003
2524
1065
-19
1658
1953
-1114
-2106
-1458
-3023
-5382
-6075
-5273
-5783
-6753
-5660
-4545
5572
22524
23437
5776
-9988
-85
21266
26080
22496
23790
25604
15284
1500
3588
17631
24341
17326
8759
5133
3027
-3952
-10756
-8270
-2393
-1319
-8560
-15540
-16324
-17550
-20738
-22622
-17873
-10292
-8824
-13718
-18448
-17131
-13310
-11350
-8978
-2492
3710
2243
-3362
-4730
744
5648
6403
8147
10870
11612
7565
3059
3833
7728
9593
7666
5980
9290
12724
4310
-6709
-8481
-3825
-2213
-4625
-288
-301
-12074
-19152
-11840
-3515
-5568
-6018
347
-502
-8999
-7316
2019
2711
-1008
1827
5836
881
-3575
1412
3629
698
1451
5601
4607
-380
-1107
-538
-2078
-1974
901
-160
-4300
-5543
-5493
-7895
-8805
-5187
5948
21146
22560
7140
-11821
-8259
13911
24382
23590
23427
24193
13053
-2918
-512
15928
25958
21921
12730
5188
-343
-4216
-5742
-2841
1796
3701
-4122
-15282
-17400
-14808
-13965
-16808
-15168
-9573
-10106
-15398
-19424
-17301
-12651
-10613
-9626
-6493
-2064
-2106
-6598
-8457
-2832
3688
4845
5097
6886
8052
4877
1602
4079
8771
10996
9337
6819
10847
13565
5487
-3487
-4513
1291
593
-1853
3078
586
-12035
-17679
-8033
-1272
-6029
-5432
1116
-3667
-13172
-7564
3425
1566
-4590
-43
4106
-3131
-5142
2484
4410
-773
-597
5601
4413
-16
2049
3307
-181
-943
3417
3577
-858
-1725
-402
-3541
-6566
-4326
-3114
-5522
-5733
9074
22106
14494
-2810
-12952
7
15682
20007
21191
20715
17446
3294
-5883
3800
20108
26730
19022
8200
319
-3620
-4031
-94
5252
7641
4232
-8108
-17027
-16076
-9451
-6306
-10251
-9900
-9121
-13246
-18619
-18647
-11565
-8469
-10643
-11873
-9694
-7128
-7670
-8786
-7114
-3167
-656
-36
325
2311
4358
2376
491
2553
7084
9535
7163
11661
16415
8600
-1497
-2827
6285
6794
2115
6855
5711
-6711
-14663
-4819
3950
-3523
-6348
1223
-1304
-12276
-9137
3405
2115
-8080
-4541
2733
-3631
-7730
87
4316
-2895
-5206
3545
4221
-1253
1577
6215
2733
-1818
3376
7085
2203
490
4157
3199
-1956
-1105
2911
821
-3869
-2110
-964
-4577
-8077
-2729
12292
17246
9397
-5806
-11059
1168
11045
16062
17211
17378
10878
-4151
-6620
5011
18765
22222
15183
5714
-3059
-5722
-1670
4738
9034
10175
3161
-9377
-15239
-10169
-1681
-2312
-5365
-5905
-9570
-15183
-17909
-12063
-6553
-7751
-10696
-13123
-12338
-10579
-8894
-7446
-6789
-5199
-4862
-5852
-4416
33
2067
259
-1598
1596
6464
7093
8784
8946
6162
1711
1165
7828
9093
5886
3312
1986
-291
-3087
1032
4435
649
-3849
-2904
-570
-2224
-2440
531
-813
-6280
-6167
-1606
-495
-2537
-2144
-803
-3249
-3296
1243
3633
1972
1100
3241
2822
1580
4198
6367
4478
1939
3386
4849
2938
2282
3688
3187
497
-18
1794
1580
-239
-275
149
-1089
-1862
-1216
-1589
-2634
-210
5014
6224
2157
-1114
-854
947
3058
6248
8640
6891
2782
333
674
2562
5397
7810
6806
2890
-384
-1199
-577
732
2895
3056
-279
-3915
-5083
-4554
-4287
-3660
-3067
-4543
-7094
-7953
-7061
-6646
-6900
-6610
-6248
-6636
-6673
-5870
-5267
-5274
-5023
-4232
-3845
-3466
-2561
-1588
-1035
-572
59
150
63
565
1408
1746
1696
2080
2302
1850
1311
1057
944
889
1317
2012
1952
1403
874
273
90
679
1829
2260
1641
976
411
167
632
1592
2155
1948
1632
1518
1356
1386
1915
2460
2502
2164
2045
1999
1883
1787
1946
2307
2213
1935
1812
1831
1788
1574
1605
1728
1560
1339
1238
1123
966
677
394
109
18
214
95
-321
-726
-946
-1232
-1773
-1894
-1366
-904
-1018
-1413
-1581
-1486
-1521
-1407
-864
-360
-180
-514
-791
-639
-345
2
136
346
479
168
-83
39
537
740
415
76
-231
-433
-543
-569
-553
-750
-1090
-1438
-1687
-1731
-1891
-2349
-2598
-2322
-1956
-2235
-2675
-2416
-2099
-2322
-2779
-2611
-1997
-1661
-1331
-1104
-1067
-1195
-1240
-949
-582
-59
426
469
115
-127
79
624
1005
1123
1157
984
913
928
1140
1402
1462
1541
1337
1143
1359
1832
2120
1993
1890
1869
1741
1786
2173
2402
2279
2071
1940
1797
1702
2044
2238
1828
1244
872
809
864
1207
1458
958
68
-478
-469
-211
176
417
161
-454
-862
-893
-728
-342
-61
-189
-497
-425
-211
-330
-389
-146
50
-131
-225
-41
-69
-287
-443
-635
-933
-917
-564
-491
-799
-964
-1034
-1523
-1969
-1688
-1157
-1178
-1636
-1870
-1916
-2101
-2014
-1554
-1210
-1221
-1435
-1510
-1471
-1244
-685
-240
-73
-56
-115
-213
-288
34
613
822
587
264
175
293
394
625
762
464
-32
-228
132
415
372
257
103
-12
-30
228
503
579
648
651
543
574
893
1210
1273
1285
1386
1177
865
1091
1612
1654
993
516
652
887
862
635
462
311
39
-259
-238
87
205
-212
-749
-738
-419
-261
-296
-314
-254
-327
-361
-163
243
626
643
391
285
519
714
625
666
967
1009
525
106
240
448
313
18
-211
-429
-713
-887
-1009
-1153
-1198
-1277
-1572
-1868
-1734
-1350
-1291
-1520
-1647
-1667
-1705
-1535
-978
-419
-237
-266
-255
-257
-248
-26
401
763
836
801
713
539
446
569
868
896
606
365
300
337
292
143
-127
-446
-464
-195
11
-4
-184
-409
-535
-343
142
470
495
492
467
306
266
631
1117
1190
956
807
738
686
723
855
874
698
510
358
153
-78
-245
-333
-316
-203
-152
-291
-529
-651
-678
-659
-485
-197
38
95
43
-12
-57
-10
150
353
554
667
621
484
431
462
376
201
164
259
257
51
-273
-584
-771
-778
-709
-725
-832
-1015
-1255
-1434
-1408
-1260
-1162
-1065
-955
-931
-960
-836
-541
-354
-308
-144
182
480
597
595
565
537
598
780
1030
1172
1059
785
573
504
508
568
663
632
383
58
-160
-277
-281
-122
60
56
-131
-281
-298
-219
-56
93
93
4
26
173
269
272
269
281
321
416
512
488
354
274
283
271
231
221
181
7
-228
-319
-207
-16
49
-71
-227
-267
-229
-231
-198
3
206
177
42
73
173
75
-61
100
435
526
284
0
-116
-105
-81
-117
-139
-71
-77
-372
-814
-977
-787
-614
-690
-884
-995
-1021
-1045
-1050
-975
-837
-752
-744
-670
-489
-343
-290
-197
8
188
232
266
446
693
796
742
740
873
939
827
720
783
885
843
683
509
397
388
423
358
243
236
232
48
-104
50
219
40
-195
-117
46
-19
-109
-49
-51
-160
-125
29
34
-79
-116
-100
-110
-45
95
136
64
16
-6
-37
41
236
324
219
104
97
96
78
137
266
348
308
164
7
-20
101
179
110
22
-12
-110
-288
-361
-258
-180
-302
-496
-549
-473
-463
-580
-651
-571
-522
-645
-771
-706
-551
-525
-612
-631
-517
-370
-303
-336
-360
-287
-172
-107
-28
131
250
204
102
120
224
302
367
431
426
348
284
254
252
307
397
423
356
287
256
237
270
397
566
637
523
318
248
409
607
646
587
558
474
270
144
237
359
295
81
-114
-200
-185
-191
-319
-447
-425
-373
-462
-555
-441
-300
-376
-483
-332
-82
-35
-120
-72
114
248
303
365
417
379
309
391
615
715
546
311
231
242
204
173
179
72
-194
-397
-426
-438
-543
-670
-747
-799
-843
-885
-926
-928
-874
-859
-889
-802
-618
-553
-634
-594
-341
-129
-124
-165
-78
66
154
216
298
366
351
280
286
400
464
353
195
189
298
349
322
295
241
106
24
157
396
486
392
302
326
377
392
456
602
705
678
623
616
607
529
457
463
504
523
457
277
72
-31
-22
-30
-94
-139
-184
-324
-482
-490
-371
-320
-395
-467
-449
-387
-344
-301
-229
-151
-132
-156
-151
-86
2
62
87
91
74
40
12
11
39
57
17
-74
-156
-211
-254
-303
-348
-380
-409
-454
-526
-595
-622
-595
-556
-533
-511
-476
-458
-455
-405
-284
-163
-104
-73
-6
83
130
147
208
309
361
329
312
355
377
338
305
324
326
253
186
205
265
271
195
118
114
175
231
251
279
309
285
234
272
408
492
468
405
370
343
313
306
333
351
306
171
7
-79
-78
-47
-13
6
-61
-235
-386
-382
-261
-126
-24
11
-72
-224
-282
-167
40
212
268
199
72
-8
13
105
221
301
268
97
-83
-131
-57
13
-12
-102
-202
-306
-413
-476
-440
-370
-391
-529
-651
-659
-616
-631
-657
-605
-525
-525
-594
-614
-521
-395
-334
-311
-253
-168
-128
-129
-83
51
161
141
81
137
274
318
238
191
233
259
235
265
362
376
245
124
169
329
439
425
360
339
375
420
470
556
653
653
555
513
603
687
646
558
528
546
513
412
307
241
198
133
44
-22
-65
-152
-293
-397
-375
-309
-333
-436
-504
-501
-486
-495
-475
-396
-310
-295
-349
-365
-304
-233
-196
-143
-35
45
4
-97
-104
6
112
134
116
106
75
4
-36
9
72
46
-72
-181
-216
-211
-222
-241
-267
-329
-442
-537
-527
-437
-371
-375
-426
-473
-497
-488
-406
-265
-130
-85
-118
-143
-109
-25
77
191
282
313
287
250
259
303
351
386
408
425
415
377
344
335
337
337
339
365
401
394
338
281
258
284
321
353
372
364
314
250
228
253
290
287
267
253
241
206
158
127
112
111
109
111
100
57
-13
-89
-129
-126
-113
-124
-170
-229
-283
-331
-365
-383
-392
-412
-444
-469
-474
-457
-448
-458
-468
-469
-452
-414
-355
-288
-252
-253
-262
-246
-207
-144
-61
-10
-16
-61
-92
-82
-46
5
51
53
-18
-142
-225
-195
-90
0
17
-34
-128
-214
-229
-147
-5
99
114
49
-36
-71
10
177
301
322
287
268
271
299
346
385
400
414
416
392
344
308
289
278
277
294
304
280
226
171
149
162
194
198
179
189
194
146
67
42
69
96
129
189
222
157
66
46
80
82
73
106
122
48
-43
-34
7
-30
-101
-106
-112
-181
-234
-251
-267
-296
-277
-308
-410
-493
-436
-352
-332
-365
-387
-400
-373
-326
-318
-309
-304
-234
-335
-380
-452
-272
-344
-149
-222
-490
-377
1608
3517
2314
-455
-1971
-1648
-1973
-1992
-1608
-302
472
891
387
-248
-714
-909
-888
-611
223
967
1400
1033
609
90
-98
-194
204
607
875
828
675
382
13
-92
-191
-90
-87
-86
49
1017
2156
2057
1340
616
397
-250
-630
-551
-146
-125
123
2205
3058
1418
-557
773
1452
150
-1019
-484
-432
-1186
-982
-805
-1135
-1665
-985
-718
-771
-901
-351
-370
-669
-656
177
492
20
32
1294
1719
217
-744
-449
-245
-855
-104
573
119
-972
-907
-650
-1212
-1694
-919
709
226
-889
-434
643
-1291
-2292
353
1704
-218
-404
1993
1545
-1044
-1446
170
385
-90
312
1280
710
-650
-987
-457
140
63
556
836
-10
-751
-63
45
-505
294
1382
845
160
199
211
540
562
320
826
1301
496
271
219
17
373
-41
-248
570
810
-588
-365
346
-417
-532
-610
590
888
-712
467
287
-1534
-81
807
387
553
141
-677
434
-400
-648
1652
314
-1354
1538
1234
-1570
-829
969
287
-1568
584
1165
-32
-1340
-873
40
-559
-1627
-60
2538
188
-1554
-1878
-1224
98
-360
-447
939
1448
-720
-1909
-469
-1174
-490
168
607
375
278
-1752
-1324
3002
-1462
-2674
2085
2178
-1768
-1251
1078
1344
-1468
-1237
1416
657
-1019
-1041
1488
2485
-1836
-4143
2439
2970
-2481
-657
3455
1213
-2010
-2262
1927
2256
-2947
920
6085
-1414
-3402
1069
1587
-707
-538
139
1610
1221
-1271
213
-166
-1023
509
1025
-72
573
1508
-1014
-1678
1571
1970
-1691
-505
2973
288
-2574
692
1594
-627
220
1281
-138
-1481
578
1544
-360
-999
1468
292
-2934
1615
1175
-2946
588
1088
-588
-1720
-848
-11
218
-1300
331
310
-160
-931
-2754
24
2198
-1191
-1333
1787
-1023
-1494
-3
-1429
-951
626
1700
-237
-1248
-524
99
-2301
968
1763
-1587
-59
-23
1101
128
-1947
-158
2040
-269
361
539
302
355
1
-308
-60
274
1727
237
-677
852
-318
553
204
-178
-543
3202
-1300
-2651
2817
1646
-2148
-840
2366
228
-2280
1003
2469
-1989
361
1449
-1317
-615
2248
-1603
-96
3010
-1019
-2033
-507
530
742
1335
52
-1432
-545
2170
-496
-2428
2039
169
-1327
-80
2476
864
-3576
-4
2641
-1861
-2069
4153
23
-4135
2218
1311
-1664
801
661
-1007
-1510
583
3062
-1155
-2841
1077
2071
-1655
-1895
1659
1189
-1346
-3185
742
1882
-1045
-896
-993
1731
-912
-3525
1569
2935
-3291
-2121
2990
1174
-2421
-927
2294
1509
-3565
-1472
4842
1845
-4241
-624
3832
-1651
-1805
525
1448
889
146
-1106
-462
1443
-1308
-1614
2601
2063
-2664
97
879
-640
152
-1738
185
3770
-1894
-2128
2902
912
-2681
-1739
3686
2678
-3452
117
3392
-1303
-1964
2579
474
-1805
1655
1524
-379
-256
-1082
572
1503
-626
429
-651
-1178
1596
-1415
-390
1206
-831
-749
593
221
-1059
-1271
1127
554
-1888
-10
2914
-2005
-2277
2107
580
-1942
1420
1273
-2045
566
-541
-683
1726
403
-2265
-257
1601
719
-1677
-811
2603
-680
-2635
1903
2501
-3130
-2324
2841
504
-773
482
-677
-843
1723
-36
-1884
485
648
-522
-110
617
-158
-1039
539
913
-391
-481
242
1090
261
-1271
-1237
818
1470
-838
-1009
1678
-1197
-361
2672
-2002
-318
522
431
863
-998
-969
1461
-5
-1727
1120
638
-577
2403
170
-1517
522
147
-93
-621
1502
962
-2047
1056
626
-192
-969
-617
1653
291
-916
1175
-2401
-600
2802
-2472
-1314
1398
1321
-1303
-654
-488
-1575
2677
495
-3470
524
651
575
-256
-1000
-160
1215
-1491
588
1047
-824
1750
-2189
-1204
2386
913
-1691
513
400
-37
-825
961
1478
-1791
92
2131
-904
-2124
1836
2253
-1181
-2225
3049
357
-2193
1762
865
-2646
1017
1580
-357
-319
-304
-950
1038
590
-902
-21
-28
-508
56
972
-219
-1842
-432
2537
-1979
-218
2014
-1561
-783
1769
-1486
-37
1273
-1453
484
298
-689
1471
-1326
-659
307
696
548
-876
217
1630
-2510
-1442
3738
1121
-5020
517
4179
-2043
-1546
751
1884
-1946
-956
779
2028
360
-3252
-361
2249
71
-489
-849
479
697
80
-760
136
254
-98
207
594
824
-1426
-800
1536
1227
-3116
284
3156
-287
-2493
10
1307
240
-1272
262
631
-220
-401
-802
2313
-1001
-1961
592
1528
-916
373
324
-675
241
-775
821
-171
722
8
-1133
857
611
-1171
-866
2241
268
-1362
-317
723
700
-1263
218
97
-20
952
-6
-2347
1643
1525
-2210
-507
1379
1255
-1884
10
659
-1058
1163
766
-1768
465
816
-1007
-488
1216
284
-983
83
38
220
422
-685
-671
1009
7
-1397
1874
966
-2580
-929
2619
375
-2032
689
932
-1072
139
1438
-1786
-694
1703
514
-2093
1360
1002
-2087
494
381
-76
-655
1418
-374
-1534
1967
24
-2267
520
1555
170
-641
-1482
1033
1805
-1476
-1312
1200
1150
-1617
-81
1667
676
-3058
232
2372
44
-2093
-210
1490
703
451
-2540
-1483
3212
862
-2835
-344
1926
48
-1107
705
-979
-1517
2349
854
-2041
749
204
-906
410
1858
-1460
-1667
277
3257
1475
-4266
-1212
2577
2296
-2459
-2395
2895
2316
-2479
-1683
1308
1686
-1510
-1713
1448
3212
-2297
-3365
4214
306
-3899
2281
1334
-2472
2066
64
-873
-932
893
529
-703
1612
-1819
-1018
3410
-1306
-1752
891
-335
160
1345
983
-3399
-1024
3631
324
-3231
440
1352
420
-10
-285
-1545
-455
1016
505
1037
-647
-1351
121
1443
-806
-2138
2527
405
-1698
1288
245
-1957
1509
226
-1799
814
1649
-606
-2009
2499
1236
-3306
-1555
3351
544
-250
-225
-1952
602
2392
-1366
-2267
2276
1114
-2085
-514
3455
-596
-4037
1089
3392
-1333
-2648
1664
2862
-1598
-2573
147
2355
335
-3107
1218
1981
242
-2377
-706
2374
-523
-1540
245
1554
1555
-1300
-3968
1974
4119
-3118
-3021
3438
1613
-999
-1795
-564
1883
460
-1748
-538
2715
-505
-1149
658
-192
-1589
937
1094
-157
698
-993
-2226
1846
2655
-3048
-876
1616
686
-210
-1201
1183
-312
-2392
2244
939
-1641
869
-139
153
-217
-904
2
1283
945
-1864
-1045
2825
529
-4845
1421
4926
-3943
-1395
2499
922
-1165
-1347
331
1931
-1648
-678
3344
-2785
-979
2495
-1321
-45
1464
-1609
-1032
2932
38
-2945
2243
-224
-1586
872
1791
-1833
-1918
3839
-47
-3109
83
2438
-1005
163
737
-800
-599
-302
1341
1374
-2600
-1241
2048
2501
-2075
-2717
874
2564
-546
-640
-125
-372
1385
-1595
1010
220
-1857
7
2251
-402
-580
-59
-1224
2393
189
-3460
828
2396
899
-1323
-1901
-431
2221
1038
-1446
-1303
213
1231
-179
1902
-2245
-1305
1065
765
2007
-2180
-2042
1633
2341
-1679
-2207
1986
499
-1572
1241
418
-702
187
-1515
1402
495
-891
1191
-1367
-714
2434
-106
-2711
285
2480
-842
-1782
1823
-817
969
-441
-841
461
-327
-148
681
1074
-1005
-1619
232
2581
-454
-1736
-260
220
1930
106
-1358
-1299
1559
948
-988
63
-585
938
-293
550
259
-1322
167
477
347
506
-495
-1218
1346
932
-1973
29
440
840
1086
-1825
-1651
1543
1800
-801
-1850
465
435
783
692
-1339
-1849
1822
749
-1187
1269
-515
-1336
786
1704
-1353
-2655
1842
3115
-1760
-1662
201
-438
2239
1187
-3495
-1419
3514
-358
114
940
-3168
-420
2741
978
-1701
-2375
2496
1609
-1476
-1532
58
2189
-851
-247
-73
-1
-408
1569
-988
-1149
1554
-608
-787
1550
1909
-3914
-138
1399
1123
477
-3193
813
1524
1945
-3348
-1052
2694
-901
-168
116
1182
-1586
293
1064
-671
-1592
660
2608
-1656
-1071
1512
-701
-688
1297
940
-1831
-1137
524
2439
1936
-4391
-2424
4282
1430
-1950
-952
230
966
252
-1274
1424
58
-2574
2377
263
-1360
752
506
-959
66
478
93
-708
-574
2061
174
-2190
-450
1248
2057
-1481
-2725
1210
2102
-465
-1513
-239
1437
-647
-1241
740
1461
-1592
-990
971
561
993
-3263
-325
3154
439
-2655
-1457
2926
1217
-2559
-1059
2176
-634
-290
1311
-1464
394
-85
-334
1658
-86
-2143
-474
3163
624
-1822
-2400
3040
964
-2414
1955
-177
-1287
503
1398
242
-1040
-817
1584
749
-595
492
-1331
1300
124
294
673
-1341
-276
1076
2836
-2313
-1953
465
2511
1658
-3010
-1101
1651
396
-534
546
456
-2388
-1130
4297
-716
-2495
-863
1247
722
-1846
-592
2200
-1777
-1936
1641
112
-1160
-1772
278
836
1070
-2534
-2083
1584
1569
-1858
-1451
605
-838
1561
157
-1560
-134
-666
773
1142
715
-1266
-2418
2883
2229
-632
-1625
-1058
3085
237
1251
617
-2454
845
2541
-82
-147
1029
177
-129
1626
725
-1269
530
2136
-364
-1810
2671
5
-679
1418
-795
-449
1216
-1078
637
1822
-2334
-1890
2152
1354
-1218
-2281
683
1326
-1658
-1042
1981
-1171
-3330
2706
991
-2913
-589
793
-452
-95
-1071
-111
259
-370
-123
-1304
-503
1104
263
-830
-856
-767
930
984
-2000
-1078
1782
386
-2419
1134
236
-2178
1909
-349
-1472
61
956
39
-609
-823
-269
1919
-1316
-721
2453
-1477
-928
2642
-394
-1228
247
2091
1550
-1966
-201
1464
1497
778
-856
-478
2207
1900
241
-1533
326
2946
946
-972
-504
2281
490
-182
1352
-1077
789
-66
506
956
-779
-1098
602
1136
-1071
-1297
285
217
-1561
32
551
-1844
-1703
474
1115
-1916
-2614
-21
1016
262
-2512
-1971
323
1616
-1189
-3161
1397
865
-1785
-333
-1152
1092
1397
-3721
272
2309
-220
-1402
-1360
2781
807
-3580
114
4444
322
-4472
831
3662
-127
-1668
-143
2238
1647
-1223
-1329
2863
1953
-2107
-1827
3909
3272
-3766
-339
3793
-846
-38
1070
-962
558
2883
-577
-2444
1988
2091
-2315
-513
2854
-1174
-1459
1821
-796
-446
1768
-1525
-2154
2222
1006
-2206
-1098
269
210
398
-1090
-2235
1537
1753
-3459
-1165
2223
-2087
-1215
1321
-121
-1349
-41
-1270
331
780
-1673
-1213
-162
1364
21
-1839
-527
996
19
-1548
500
317
-56
-866
115
1911
-478
-2136
-196
2322
2212
-1669
-2772
2186
2723
-772
-1071
826
554
1265
1025
186
-283
-828
1995
2289
-1616
-31
1969
727
1214
-652
-240
480
951
1103
441
-994
-127
1422
-349
758
285
-2813
204
3381
-1801
-1370
1128
-1995
-570
836
96
-599
-2395
-472
1545
-2047
-207
344
-2908
868
2390
-2191
-2587
891
263
-864
317
-576
-1254
800
761
-740
-362
520
-1235
-720
1618
287
-1627
141
493
-217
-45
-1071
551
874
-849
-259
289
269
-852
722
936
-951
0
410
1477
558
-567
-112
61
1439
1849
-602
-1043
898
1894
1183
-340
-492
-934
1604
3023
-539
-1994
235
1555
824
-297
-1120
1063
57
-1083
1424
-441
-219
390
-1897
-156
2034
-96
-2463
-1043
2193
30
-2256
629
-747
-1009
1687
-966
-2165
1430
-112
-2069
1200
437
-1715
-935
613
620
-561
-188
-1213
103
1715
-827
-1699
1261
589
-1515
938
1170
-956
-334
55
718
678
154
-1372
708
2474
-2272
-393
2827
-870
-2018
1924
1190
-905
40
-455
-141
1193
543
-1218
-639
1029
616
-323
16
-1280
717
1126
-1486
-61
1908
-53
-3101
1354
2706
-1351
-1803
511
901
846
144
-1279
-70
1397
-814
-640
2212
-424
-2256
783
2177
-406
-805
-1335
-51
2592
-50
-2384
-268
2237
-1274
-906
1685
-473
-1644
-415
1559
1317
-1790
-1752
655
562
362
404
-850
-2068
223
2327
741
-2444
-1574
1484
441
851
-890
-1077
143
403
990
-1598
775
1234
-2246
-751
3064
689
-2805
383
333
524
1197
-1162
126
259
-841
1101
370
787
-947
-1962
1364
2650
-457
-1858
-638
552
1748
151
-410
-1586
-258
1842
341
-462
-928
-263
-76
1073
1526
-2355
-740
1317
-625
870
7
-833
399
435
-574
-22
768
854
-1613
-1390
3225
370
-1515
245
-97
77
481
456
302
-1047
-861
2007
678
-1866
47
455
-458
102
705
-86
-895
-1030
99
2054
-511
-1978
-192
188
582
1157
-1610
-1622
1052
313
-198
211
-1058
353
400
-1257
213
735
1360
-2396
-1903
3073
1322
-2062
-323
689
-781
484
442
1142
-489
-2368
361
2885
210
-904
-1075
-1395
2133
2323
-887
-1758
-534
702
1681
416
-1157
-906
609
376
369
-35
-202
871
-1715
-758
2577
389
-1503
-354
-305
244
1512
167
-1643
-635
201
1714
794
-2605
-284
2256
-779
-1318
1080
903
-115
-1695
-1133
2524
1772
-1791
-1897
226
1757
672
-361
-1517
-463
1751
329
-1306
398
1245
-1124
-1485
1444
1595
-949
-882
-671
-216
2978
289
-3165
-752
2124
758
-830
-227
-883
883
-87
-324
306
-159
341
-817
-1132
1799
969
-1468
-502
-341
810
376
273
-356
-1495
1053
1253
-1213
241
697
-1109
-576
1678
-47
-1140
1655
-600
-1925
587
3103
-419
-3924
717
1596
1319
397
-3656
-388
3443
-113
-2192
-380
1292
591
-415
-2115
992
2366
-931
-2702
-296
2847
1004
-2117
-1730
1980
1176
-1217
-1128
718
1316
-578
-1014
70
2035
376
-2193
-1289
2231
1855
-1469
-1170
36
1388
1282
-1397
-1929
1236
1851
-468
-1424
-205
1763
589
-2017
-1294
2488
1155
-1567
-1886
1227
2135
-951
-1285
-488
1161
670
-877
-404
863
450
-1290
-797
1079
1502
-519
-2409
560
1765
141
-774
-1240
176
939
423
-435
-521
-380
1022
459
-2023
405
1287
-180
-1195
495
746
-534
-185
-8
-168
-372
1212
31
-1345
770
173
-744
694
252
-1032
62
464
-278
1521
-1044
-1594
1223
462
-391
152
-118
-383
463
534
-543
-396
622
-454
100
220
187
324
398
-1291
-926
2541
492
-2411
-151
1368
870
-425
-1233
36
1226
519
-2270
-529
3103
-176
-1504
-439
49
1443
102
-1262
-744
1344
199
-812
185
977
-613
-955
529
-4
80
118
688
-900
-1049
1516
656
-1598
-319
1023
335
-554
-725
628
568
-216
-288
-605
-67
752
466
-55
-1004
-173
1250
-475
-1086
674
919
-264
-443
-565
198
728
531
-295
-2179
1055
1832
-390
-1474
-218
1645
-92
-1208
-201
809
743
-484
-361
-438
21
1398
-405
-1662
1063
956
-741
102
-600
132
784
-474
-192
-35
341
843
-679
-1439
542
1871
-346
-2095
145
1761
412
-1143
-794
734
480
106
-910
-743
1235
1242
-804
-1686
104
2265
-239
-2179
339
1203
297
-329
-998
-270
1464
647
-1522
-1020
798
1059
118
-226
-969
-417
1274
180
-406
-786
206
721
798
-1263
-1158
2054
568
-1865
-802
1624
562
2
-752
-1189
794
1240
20
-1132
-758
820
1232
-366
-1230
-448
1728
422
-2170
389
1287
438
-1165
-961
704
955
-94
-784
-283
382
775
17
-670
-815
50
1581
-28
-901
-649
453
1227
-230
-919
-897
1336
954
-1046
-1077
422
1447
203
-1791
-63
1077
117
-47
-317
-901
442
1282
-387
-968
-95
509
1083
-58
-1992
-366
1983
1137
-1681
-1506
866
1699
266
-1556
-1318
1341
1698
-1210
-1773
1253
1376
-1064
-309
135
-412
702
380
-551
-319
-617
1125
540
-510
-698
-150
1467
-617
-896
455
137
192
207
-138
-830
471
1131
-917
-535
-67
341
731
-348
-412
-69
642
-22
-354
-202
-381
471
-27
336
497
-922
-521
1135
57
-884
387
34
-344
468
-24
-468
693
251
-835
-503
768
652
-645
-523
256
720
280
-906
-839
963
988
-295
-1024
-492
1200
592
-1447
234
1140
-680
-557
165
423
599
-204
-1574
-78
2306
268
-2747
448
1698
-128
-948
-470
618
898
-579
-1622
1427
1640
-1748
-1369
1107
1388
-234
-1504
-480
1534
875
-1398
-1036
827
1350
-539
-1109
-210
1129
601
-1243
-620
1133
843
-1434
-820
1635
705
-1671
-422
1284
-9
-407
68
-455
-2
1121
88
-1737
-193
1754
872
-1856
-1455
1973
1326
-1212
-1346
424
1479
-1
-1334
-349
1234
653
-989
-957
488
1554
-35
-1876
-460
2155
813
-2375
-919
2192
1259
-2053
-1115
1464
898
-421
-1114
-412
1025
1102
-445
-1806
273
1783
30
-1514
-828
1277
1547
-706
-2057
287
2054
248
-2024
-936
1748
1785
-1488
-2095
1144
2220
-607
-2470
-434
2536
1989
-2930
-2479
2772
2375
-1719
-2518
384
2208
1024
-1673
-1965
1500
2035
-916
-2046
-131
2034
882
-1573
-1243
733
2085
-251
-2709
-380
2460
1503
-2286
-1747
1607
1866
-461
-2352
-569
2270
1225
-1714
-1257
932
1389
-157
-1665
-544
1222
1382
-790
-1600
543
1253
358
-1414
-1116
1080
1482
-134
-1896
1
1789
363
-1561
-1285
1045
1765
249
-2351
-746
2420
920
-1409
-1875
284
1942
990
-1145
-2165
1002
2465
-601
-2453
-448
1890
1632
-997
-2446
633
2706
-211
-2440
-644
1496
1514
-414
-1695
-367
1633
921
-1290
-1422
417
1386
604
-820
-1129
297
1249
403
-1414
-1041
902
1365
-201
-1069
-151
525
560
-121
-1054
-455
994
1016
-473
-1088
61
763
657
-861
-1064
227
1180
560
-709
-795
-127
979
493
-1019
-904
608
1212
-72
-810
-66
-15
392
66
-590
-120
278
429
108
37
-478
-391
601
289
-519
-488
193
761
327
-480
-574
120
501
324
-755
-837
1189
517
-707
-101
299
-33
-151
209
-267
-125
365
-182
-62
413
-260
-263
361
97
-248
-24
22
120
-107
-51
214
-126
-140
75
131
118
-37
-264
57
367
74
-773
-164
698
-114
-198
516
55
-437
70
187
-253
-466
40
185
221
595
-166
-467
158
19
-31
-386
-259
368
222
238
-112
-238
74
-68
156
176
-425
-107
352
23
-284
-56
157
-185
286
664
-291
-596
-4
402
-195
-740
187
462
448
395
-510
-346
187
244
-342
-745
190
414
423
424
-732
-418
816
64
-601
55
-51
-33
450
-144
-440
150
293
-179
20
608
-131
-531
-64
154
-112
-348
338
48
-293
831
516
-703
-500
23
220
186
-332
-507
289
705
131
-226
-255
-210
248
439
-262
-645
168
597
-157
-598
21
791
157
-793
-5
746
94
-431
-338
-208
59
388
224
-511
-319
931
662
-682
-734
73
446
-48
-622
-8
579
131
221
134
-615
-128
489
-35
-468
-359
220
806
209
-785
-303
561
279
-254
-517
-115
871
398
-845
-395
421
128
-152
-150
-193
302
875
147
-944
-382
519
-29
-584
-67
235
160
622
431
-577
-490
156
-53
-288
-78
-145
203
1003
245
-935
-201
527
-120
-443
-185
51
578
558
-412
-533
307
147
-490
-22
379
-75
-70
504
287
-580
-569
173
315
-188
-274
315
591
127
-343
-236
122
-93
-576
-128
623
213
-362
188
580
-42
-506
-311
-40
124
189
-133
-341
349
797
-124
-761
-52
406
-14
-357
-155
353
362
-218
-257
265
217
-332
-441
83
444
98
-283
-13
326
82
-186
-133
-174
-139
167
150
-77
128
265
-74
-225
37
100
-253
-408
80
579
239
-410
-256
415
415
-341
-698
-54
630
243
-561
-352
571
637
-220
-648
-150
489
334
-490
-663
259
785
118
-508
-182
349
275
-211
-479
-181
355
409
-107
-392
83
618
148
-762
-437
574
331
-510
-300
416
541
73
-448
-221
439
150
-637
-435
311
407
-3
-189
117
427
107
-435
-336
133
93
-289
-203
283
382
36
-86
53
52
-55
-162
-233
-105
40
-34
68
336
169
-108
40
112
-114
-220
-273
-246
135
322
-13
-48
362
319
-148
-290
-130
-48
-84
-163
-122
203
443
136
-231
-20
266
20
-351
-334
-39
186
116
-103
-50
269
368
21
-311
-156
92
-75
-248
-127
-7
179
355
76
-147
161
186
-195
-212
-138
-214
61
182
-172
11
492
179
-204
-5
31
-64
-54
-298
-317
190
332
-29
-157
91
390
276
-202
-366
-140
64
64
-262
-365
169
483
215
6
-69
7
190
-104
-468
-255
7
81
128
1
91
407
203
-158
-115
-90
-114
-87
-232
-184
135
195
118
120
83
111
102
-40
-107
-195
-253
-26
44
-134
18
184
95
221
259
-87
-144
52
-75
-240
-190
-140
-11
167
134
45
158
257
64
-149
-67
-56
-252
-166
5
-87
14
216
58
66
282
54
-176
7
-7
-230
-149
-54
-99
45
170
56
71
231
132
-50
-38
-67
-157
-112
-90
-123
1
144
99
50
124
157
30
-78
-56
-72
-102
-51
-90
-108
75
117
-9
40
105
61
49
-29
-119
-31
6
-87
-84
-31
21
94
53
-11
58
94
12
-19
-33
-99
-44
41
-87
-126
83
92
-28
82
81
-61
78
98
-164
-83
86
-78
-72
64
-57
-30
152
19
-77
77
48
-42
25
-27
-84
34
26
-82
-2
46
-10
35
36
-48
30
72
-68
-42
58
-47
-54
69
-23
-57
86
11
-67
89
35
-110
37
66
-94
0
61
-79
7
104
-65
-46
110
-10
-70
62
1
-69
50
8
-88
33
53
-53
3
45
-23
6
29
-37
-15
29
-21
-18
11
-22
-5
26
-9
-7
14
-12
3
29
-14
-26
21
11
-12
-3
-16
-9
19
-1
-21
2
21
20
-5
-23
11
21
-22
-19
5
-3
14
7
-31
7
44
-12
-33
12
18
1
-1
-11
-2
30
16
-32
-11
30
2
-23
-3
-5
-1
27
-8
-20
31
5
-24
16
3
-11
22
-3
-7
34
1
-21
16
4
-12
1
-14
-6
14
-6
-8
8
-1
8
4
-16
5
8
-19
-7
8
-18
-11
15
-5
-16
9
1
-15
12
4
-34
7
28
-32
-1
33
-20
-1
29
-22
-8
28
-21
-14
19
-9
-8
5
-8
4
6
-7
6
-5
-5
18
-6
-11
14
-1
-2
8
-10
2
14
-1
-5
-7
7
18
-19
-9
19
-6
5
18
-20
3
34
-16
-4
31
-3
-6
12
-9
-3
10
-5
-5
1
0
2
-8
-3
9
-8
-9
4
-1
-7
1
0
-7
-1
8
-4
-12
10
7
-19
7
17
-17
7
20
-22
4
27
-16
-9
25
-10
-9
22
-14
-14
19
-12
-17
14
-1
-6
6
-11
-3
11
-10
-3
4
-12
4
2
-19
4
7
-15
3
1
-13
13
7
-16
8
10
-13
2
6
-6
-1
8
4
-7
5
8
-11
3
14
-15
-5
21
-14
-11
21
-6
-10
14
-8
-8
21
-1
-11
16
9
-9
3
3
-1
11
6
-11
-2
22
1
-18
5
11
-7
7
5
-16
14
22
-19
-9
18
-8
-11
7
-11
-2
20
-4
-14
10
5
-6
-2
0
3
3
-5
-5
-4
-7
0
0
-13
-3
14
-12
-16
20
-8
-30
24
5
-36
28
18
-50
21
37
-58
4
48
-50
-4
49
-46
-13
57
-29
-25
50
-15
-29
34
-4
-20
29
3
-25
11
6
-13
6
5
-4
7
-6
0
20
-7
1
27
-8
-5
31
-19
-21
38
-10
-27
38
-7
-33
37
7
-38
27
19
-37
19
24
-32
8
28
-26
-2
27
-20
-12
21
-10
-11
17
-5
-10
14
-2
-7
9
-5
-11
6
-6
-12
7
-7
-17
10
-3
-23
9
4
-27
9
14
-26
2
22
-19
-10
36
-4
-28
29
12
-41
18
33
-46
2
50
-40
-17
54
-30
-30
53
-13
-36
42
4
-32
23
6
-19
8
8
-5
-3
-2
5
-6
-7
18
-8
-14
19
-10
-13
26
-11
-11
32
-12
-13
35
-13
-17
44
-12
-23
42
-9
-28
34
-2
-31
27
5
-29
13
11
-18
6
11
-8
0
0
2
2
-11
5
6
-19
6
17
-19
-1
22
-17
-8
22
-10
-13
13
3
-14
1
10
-6
-14
13
9
-22
6
19
-25
-1
27
-25
-11
31
-15
-22
25
-6
-28
26
13
-29
11
22
-23
-5
28
-16
-19
22
-8
-27
22
7
-24
13
4
-22
7
4
-8
5
0
0
7
-6
4
11
-14
4
10
-14
3
7
-12
7
10
-7
5
3
-2
6
1
4
12
2
1
8
-2
0
10
1
-4
4
6
-5
3
11
-3
-8
13
1
-16
16
11
-24
7
12
-26
3
21
-25
-2
25
-23
-6
25
-19
-9
23
-19
-15
20
-13
-14
21
-8
-24
22
0
-29
21
12
-36
9
24
-38
0
39
-38
-18
45
-28
-32
51
-14
-50
47
6
-62
35
30
-61
18
48
-56
1
63
-43
-21
64
-25
-38
59
-4
-41
50
11
-46
35
21
-40
23
24
-36
18
27
-32
8
26
-26
1
27
-24
0
26
-20
-2
29
-13
-9
22
-8
-9
21
-6
-12
15
-3
-7
10
-6
-6
10
-5
0
7
-9
-2
2
-14
-1
7
-15
-2
11
-18
-3
16
-11
-8
13
-6
-10
11
-1
-14
9
7
-13
6
11
-15
3
16
-15
-3
21
-16
-9
21
-13
-11
19
-14
-14
23
-8
-12
22
-9
-16
18
-6
-14
17
-3
-16
16
-1
-14
9
-1
-11
7
0
-6
7
-5
-1
7
-9
-1
15
-11
-5
19
-10
-5
24
-3
-16
21
1
-17
20
2
-19
10
11
-14
5
16
-2
2
8
0
-7
2
7
-3
0
10
-1
-5
7
0
-3
5
1
-3
-2
-4
6
-4
-10
15
-4
-16
17
0
-20
17
0
-24
17
-1
-26
11
4
-18
10
3
-10
6
-2
-5
1
-3
4
5
-10
7
4
-15
8
5
-15
-2
5
-10
-2
5
-3
-8
0
7
-11
-1
17
-6
-11
16
-1
-12
14
4
-8
9
8
-8
3
7
-3
0
6
5
-1
1
9
0
-7
10
-1
-14
10
3
-20
10
7
