SAMPLES:	6686
BITSPERSAMPLE:	16
CHANNELS:	1
SAMPLERATE:	16000
NORMALIZED:	FALSE
-5
-2
-1
0
4
2
5
0
0
1
2
0
4
3
2
3
2
5
1
4
0
4
2
1
3
4
0
-1
3
-1
0
-2
-6
-6
-5
-3
-5
-4
-5
-4
0
-2
-2
-2
-2
-1
-1
-3
-3
-2
-3
-3
1
2
-1
2
2
1
2
4
10
7
1
2
1
-1
2
3
6
4
0
-1
0
3
1
3
3
5
4
1
2
1
2
2
-4
-3
-2
-2
-2
-6
-7
-7
-8
1
6
5
6
4
2
1
-1
0
-2
-1
-3
-7
-3
-1
1
-1
-10
-9
-2
-5
-13
-16
-6
-7
-8
0
5
-1
-7
-1
4
2
1
4
5
-1
0
4
0
0
6
10
6
10
3
6
6
3
1
-9
-12
-5
8
18
25
32
25
7
16
36
34
16
10
3
-20
-27
-10
-2
-21
-26
-15
-5
-4
-27
-29
-18
-22
-43
-46
-26
-4
1
-16
-33
-8
34
33
17
17
22
9
11
12
-8
-20
-15
-6
9
22
31
62
69
-6
-60
-32
-12
-36
-32
-34
-47
-9
39
-6
-57
-27
5
-1
9
14
-8
6
22
-15
-21
28
33
4
8
23
11
6
18
34
28
4
-19
-3
34
39
-6
-25
-11
16
-26
-1
34
-34
-113
-63
-23
-50
-62
-17
-52
-79
-34
-31
-107
-88
-13
-1
-45
59
68
41
17
-68
-166
-83
-135
-154
-47
23
-123
87
70
28
21
256
-232
2487
7030
4871
-2217
-3379
1879
1463
-3315
-2342
70
-1969
-2889
280
590
-2840
-2170
1078
705
-1484
-1209
173
-704
-1887
-558
1197
628
-347
654
765
-333
-245
3865
6154
3841
-787
-1489
739
459
-1660
-2177
-2663
-4160
-3379
-373
-397
-2162
-547
1651
796
-1812
-74
-378
-2411
421
3886
3021
38
2748
2270
-1327
283
3512
225
-1795
842
2340
-327
-707
1067
-137
-1589
466
1842
-280
-1680
1178
3562
949
712
2030
1361
1080
2054
4
-3237
-2529
-651
-1579
-1992
-1977
-3125
-3242
-817
-406
-2277
-2002
-768
-1389
-2208
-316
595
-249
323
1832
615
-472
1503
1542
-42
140
2310
2094
965
1454
1685
-526
364
1738
292
-1068
-490
1261
-897
-1198
584
731
-671
-1643
-293
-191
-1236
-420
208
-265
914
2005
-272
-1871
991
2256
126
274
-145
-1115
-389
2036
1
-995
418
575
-258
984
438
-2744
-2361
1189
1992
420
277
969
-228
-2100
-761
1723
463
-930
2532
3595
851
-1219
825
227
-2221
600
1223
-176
-1054
295
-1159
-3280
-1229
635
58
-460
1207
201
-2529
-3637
-2041
-1115
616
1408
304
-284
716
1276
-618
-1095
-338
-381
1403
3165
1995
-885
-1043
-77
-585
-1364
-68
407
-1388
-1173
651
1557
-588
-1261
-395
-774
-967
2369
3030
-1248
-3584
-311
2483
772
97
453
-450
-1455
-63
1930
2239
-180
-1434
-1760
357
2511
2435
-643
-936
1182
1160
189
1420
1496
-2512
-3424
-111
1802
1924
1843
-931
-3146
-1649
1254
540
-456
42
-1305
-3145
18
2941
150
-924
217
-1428
-2818
522
1384
-4824
-2650
2769
1600
-1205
556
-776
-5665
-3521
1542
2321
718
329
-2233
-2451
-14
1226
868
1432
1814
-1002
-2026
-71
2154
930
154
473
861
337
1619
1899
-899
-2160
271
2852
2081
3019
2221
-274
-1497
432
2121
2519
2469
1370
316
1052
2481
2199
1180
-318
-431
1696
3284
2939
1608
-194
-2978
-2025
1136
3226
1557
44
341
610
199
-531
-1028
-636
-954
-1383
-1171
55
-768
-3271
-4415
-3182
-2009
-2002
-1514
-1864
-4148
-4348
-3110
-4386
-5782
-4930
-3110
-3803
-2856
-1588
-3255
-4117
-697
1450
-37
647
1941
817
-22
2044
2040
-357
130
2549
2102
967
153
-426
-426
1104
2669
3066
2011
350
143
1502
2190
2202
2949
2332
2194
2978
4139
2419
1123
1469
2267
3437
4385
3850
1724
-37
-375
236
1448
2539
2516
1841
-589
-1383
-1589
-1443
-1808
-1888
-1219
-1075
-825
-902
-1551
-2021
-1524
-909
-192
240
-134
-786
-1123
-1278
-784
379
1310
-246
-1027
396
1570
1175
1573
2371
1662
548
957
1393
884
1122
1032
533
3
143
-887
-2669
-2196
-882
-1926
-3501
-2801
-2058
-3380
-3170
-1504
-1830
-2174
-1154
-1629
-3560
-2924
-2157
-3248
-3339
-1575
-1612
-3068
-2967
-2509
-3149
-2789
-1785
-1337
-217
2953
5266
4879
4510
4716
3873
2499
2191
1642
-692
-2768
-3372
-3579
-3294
-1800
-906
-1506
-1470
-812
-1085
-1550
-152
-320
-897
-132
1292
1861
2536
2805
994
630
2408
5068
6862
8195
7388
7113
8491
9164
8136
7105
5705
3381
2397
2356
2303
1731
1544
485
-372
300
729
178
-932
-682
-156
-246
-1023
-709
404
589
-747
-1667
-1184
-1161
-2381
-3165
-2829
-2797
-3019
-2777
-2212
-2637
-3330
-3369
-3555
-3786
-3510
-3360
-4100
-4336
-3360
-3181
-4247
-4313
-4104
-4876
-4983
-3708
-3170
-3598
-3369
-2886
-2890
-3341
-3516
-3252
-2704
-2813
-1853
110
558
-1476
-1778
292
1385
678
834
2003
2398
2104
2344
2809
3075
3099
3139
3377
3888
4099
2992
1706
2250
4198
4629
3161
2418
3255
3381
2457
2371
2875
3351
3046
3475
3181
1754
-229
54
851
-79
-59
2130
2157
-1497
-2749
-1689
-1668
-1400
1350
2242
1128
1149
1965
1086
911
1893
2132
1772
2568
3091
2455
1882
1637
456
-351
996
1905
239
-932
255
18
-2193
-2219
-628
-984
-2788
-3170
-2952
-2657
-2503
-3130
-4370
-4207
-3123
-3108
-3890
-3911
-3462
-3186
-2541
-886
1343
3351
4111
2991
1457
1345
2168
2523
2974
3820
3650
2268
1173
598
-422
-1448
-1656
-1591
-1972
-2376
-2584
-3354
-4852
-5923
-5795
-5222
-5016
-5044
-5174
-5519
-5561
-4729
-3703
-3495
-3515
-2786
-1867
-1887
-1898
-630
973
1325
1023
1767
3156
3960
3978
4306
4812
4612
3526
2703
2692
2796
2930
3208
2982
1523
232
574
1227
1394
1371
1890
1637
1694
2148
2328
1086
761
1825
2627
2007
1172
1125
681
96
-50
1461
2239
1644
491
942
1351
968
746
1086
832
269
612
727
313
364
928
92
-1603
-1863
-612
155
-352
-823
-864
-734
-943
-1362
-2273
-2875
-2525
-2010
-2491
-3668
-4283
-4253
-3934
-3801
-2538
1647
7764
10476
6737
770
-741
2680
5934
6662
7513
9628
9703
6062
2057
892
1577
1729
1292
1190
1280
464
-1681
-4849
-7957
-9463
-8779
-7476
-7114
-7466
-7868
-8901
-10405
-10901
-9673
-8069
-7045
-6254
-5388
-4998
-4944
-4469
-3552
-2879
-2138
-630
1199
2164
2219
2107
1917
1508
1570
2668
4024
4698
4749
4506
3893
3197
3004
3435
4007
4350
4443
4314
3813
3343
3924
5646
6445
4665
1530
-215
-102
593
1115
1618
1243
-72
-481
704
1017
-425
-811
629
1460
727
599
1163
1036
-355
-1708
-2080
-1367
-508
-542
-1454
-2283
-1663
4
1140
591
-161
138
866
652
-122
103
1270
1700
344
-548
250
1233
147
-1477
-1889
-1330
-963
-440
-157
-1121
-2711
-3470
-3624
-4220
-4650
-4243
-3884
-3913
-2001
3991
11179
12972
6750
-1038
-2243
3116
8118
9884
11194
12833
11225
5678
878
397
2653
4200
3994
2888
1846
440
-2504
-6992
-10504
-10786
-8978
-7976
-8427
-9032
-10023
-12432
-14770
-14352
-11620
-9312
-8220
-7236
-6295
-6230
-6386
-5591
-4078
-2828
-1468
544
2594
3545
3565
3288
2884
2616
3435
5376
7070
7504
7024
6115
5021
4378
4673
5395
5901
6187
6726
7576
7856
5873
1772
-1712
-2228
-486
1500
2478
1660
-818
-3156
-3396
-1919
-821
-306
835
2570
2643
1004
-850
-1515
-994
46
-69
-1170
-867
151
-745
-3064
-3089
-1721
-571
329
1024
-568
-2008
-621
1054
-176
-1325
472
2047
818
-1046
-1329
-1170
-1313
-1242
-1094
-1210
-1412
-1476
-2216
-3233
-3857
-3824
-4006
-4204
-4036
-2415
2687
11812
19022
16036
4537
-2728
1719
10458
13939
14006
16221
17746
12462
3500
-503
2521
6437
6722
4563
2804
1528
-1276
-6664
-12178
-13758
-11242
-9275
-10612
-12626
-13036
-14211
-17638
-19631
-17052
-12904
-11228
-11107
-9748
-8029
-7951
-8334
-6910
-4242
-1948
166
2634
4527
4954
4368
3596
3278
4197
6369
8424
9052
8473
7461
6080
4664
4249
5077
5869
5878
5612
5213
3958
1977
553
153
156
51
-63
-429
-1278
-2237
-2556
-2158
-1442
-646
213
697
364
-344
-455
163
1011
1658
1567
746
322
543
255
-715
-1254
-1010
-304
619
814
-122
-1150
-1057
-261
178
57
505
1185
510
-898
-504
514
-178
-1153
-475
-335
-1297
-1581
-1521
-2958
-4276
-4122
-3603
-3881
-2773
3257
14896
23832
19322
4086
-4551
2378
13901
17078
15660
18483
21456
14684
1966
-3382
2188
8810
8519
3837
1124
738
-2429
-10282
-16933
-16189
-10856
-9333
-13483
-16902
-16424
-17093
-21690
-24152
-19761
-13660
-12408
-14034
-13148
-10402
-9786
-10769
-9351
-4982
-744
1689
3260
4533
5079
4710
4079
4448
6883
10317
12122
11355
9713
8529
7299
6012
6018
7525
8505
7700
5966
4277
2554
1062
303
-88
-743
-1212
-1237
-1766
-3237
-4273
-3871
-2866
-2053
-1024
272
875
632
480
1004
1667
2016
2091
1960
1490
898
468
274
170
34
-247
-703
-1124
-1355
-1223
-793
-471
-518
-464
-482
-1183
-1714
-461
1261
911
-1104
-2291
-2202
-1805
-1800
-1871
-1705
-1364
-1990
-3582
-4872
-2777
6209
20923
29125
19932
2047
-3017
8759
19909
19410
17526
22560
24627
13340
-1189
-2940
6693
12261
7559
756
-300
300
-5466
-16311
-21549
-16546
-10243
-12614
-19647
-21276
-18502
-20689
-27265
-27572
-19355
-13260
-15088
-17647
-14573
-10517
-11027
-12682
-9473
-2810
1797
2986
3758
5519
6623
5747
4704
6388
10767
13994
13442
11100
10053
9572
7863
6461
7697
9907
9955
7909
5618
3312
1089
192
514
144
-1043
-1570
-2019
-4122
-6406
-6110
-4117
-3159
-2852
-1571
-399
-854
-1484
-581
943
1858
2582
3276
2994
1840
1119
1152
950
314
-18
-83
-690
-1406
-969
267
505
-426
-1103
-1347
-2020
-2362
-1118
409
33
-1702
-2411
-1847
-1489
-1814
-1629
-979
-804
-1677
-2848
-3664
-360
11283
27298
32141
18077
-63
-427
14451
23834
20879
20060
26432
25656
10013
-4125
-1335
10462
13126
5144
-1197
-413
-1181
-10604
-22249
-23673
-15052
-9955
-16198
-24147
-23546
-20413
-25232
-32183
-28380
-16997
-13099
-18617
-20883
-15053
-10685
-12985
-14221
-8008
262
3285
2431
3209
6151
7605
6327
5729
9023
14190
15901
13073
10226
10217
10137
7987
6888
9375
12738
13759
12154
8048
1909
-2667
-2622
-456
47
-404
-795
-3532
-8547
-10648
-7811
-4587
-3715
-2639
-572
-357
-1833
-1747
115
1261
1874
3305
4142
2730
815
423
706
557
925
2156
2512
1292
69
114
317
-200
-694
-104
487
-197
-1460
-1543
-1088
-1909
-3382
-3282
-2068
-1916
-2462
-2151
-1452
-1966
-3223
-3985
-470
11386
27839
32139
16393
-2069
97
17165
25369
20222
19827
27590
25783
8256
-4763
1005
13267
13644
4511
-631
915
-1089
-11923
-22968
-22381
-12590
-8550
-16727
-25058
-23522
-20424
-26239
-32768
-26836
-14495
-12397
-19988
-22158
-15386
-11274
-14154
-14609
-6922
1556
3390
1311
1680
4819
6695
6069
6321
10395
15645
16399
12113
8744
9602
10765
9219
8339
10694
13101
12916
11234
7578
998
-4098
-3111
208
231
-1263
-1680
-4352
-9831
-11325
-6784
-3213
-3624
-3190
-770
-939
-3073
-2198
959
1937
1598
3003
4190
2357
81
360
1492
1362
1532
2929
3394
1815
470
843
1376
724
114
542
829
-230
-1427
-1546
-1439
-2354
-3076
-2474
-1808
-2542
-3178
-2576
-2019
-2914
-3813
-3563
485
11788
27178
30779
14619
-3683
-310
18478
27061
20883
19549
27047
24613
6673
-5066
2891
15565
14445
4305
-373
1450
-1324
-12688
-22806
-20574
-10140
-7130
-16945
-26069
-24024
-20696
-26873
-32768
-25445
-12635
-12386
-22037
-24132
-16135
-11794
-15141
-15162
-6464
2005
2588
-584
-163
3774
6365
6141
6824
11344
16431
16252
11168
8062
10044
12159
10882
9936
11938
13102
11680
10893
9964
4159
-3164
-3845
235
536
-2120
-2432
-3609
-9360
-12374
-7541
-2851
-4285
-5224
-1925
-842
-3624
-3108
1149
2221
302
1391
3926
2539
-427
127
2081
1718
1211
3008
4056
2265
661
1551
2437
1522
725
1492
1844
469
-877
-899
-1181
-2691
-3283
-2071
-1443
-2834
-3471
-2445
-2161
-3842
-4438
-3203
830
10713
24916
28359
12923
-4277
309
19320
26947
19658
18061
25532
23052
5981
-3901
5015
16550
13909
3765
105
2146
-1176
-12564
-21585
-18339
-8074
-6358
-17143
-26234
-23921
-20785
-27188
-32599
-24048
-11828
-13607
-24314
-25517
-16459
-12171
-15719
-15181
-6050
1736
1185
-2432
-1417
3437
6676
6631
7488
11933
16351
15075
9880
8006
11539
14078
12222
10591
12359
12668
9248
8006
11112
10449
2488
-3653
-2081
329
-1689
-3358
-2918
-5397
-9699
-8808
-4587
-4410
-6325
-4218
-1281
-2498
-3389
-31
2021
-401
-1152
2192
3427
659
-336
1688
2003
430
1099
3305
3157
1475
1486
2486
1968
719
502
940
787
500
167
-724
-2384
-3139
-2617
-1854
-2394
-3123
-3087
-2680
-3224
-3931
-4084
-2816
3973
17947
28726
20792
889
-5325
11315
26832
23654
15975
21138
26487
15092
-1151
241
14127
18224
8248
548
2385
3253
-6375
-18920
-20434
-9968
-3294
-11223
-24002
-26013
-21079
-23682
-31471
-28255
-14912
-10844
-21377
-28635
-21805
-13136
-14217
-17109
-10893
-704
1806
-2760
-4613
294
6043
7452
6979
9929
15049
15668
10538
6976
10198
14892
14485
11238
12086
16490
17544
11791
4140
1009
2472
3579
2018
361
-873
-4367
-9333
-10322
-6694
-4147
-5120
-6188
-5574
-5125
-4654
-2954
-1256
-824
-8
1437
1271
-302
-485
856
1623
2180
3542
4074
2426
821
1279
2641
3341
3690
3711
2570
719
-199
153
557
243
-466
-1357
-2232
-2988
-3239
-3543
-3525
-3188
-2767
-2961
-3542
-4023
-4373
942
14574
27887
22570
2696
-6172
9310
26369
24004
14745
18906
26763
18225
1397
207
13411
19015
9537
1124
3014
5159
-4150
-17956
-20365
-9465
-1971
-10130
-23816
-26430
-21137
-22883
-30538
-28255
-15790
-11595
-21839
-29672
-23280
-13894
-14152
-17584
-12412
-2092
1026
-3807
-6487
-1328
5636
7837
7088
9344
14079
14727
9938
7029
11002
16101
15384
11436
10846
12305
10328
5615
4829
9586
13373
9806
1049
-4652
-4230
-2120
-2184
-1991
-909
-2824
-7893
-9973
-6999
-4102
-3481
-2294
-435
-553
-1704
-1274
-461
-234
1244
3772
3879
1546
245
289
-180
-125
1980
3669
2562
762
463
654
5
-298
121
538
419
117
-872
-2095
-2521
-2039
-1820
-2031
-1880
-2119
-2731
-3595
-3012
-2412
-2188
-3814
-2213
8342
24337
27209
9006
-7716
1074
23498
27863
15501
13011
23961
23162
5717
-2974
8642
19806
13676
1914
1168
5700
526
-14051
-20949
-11919
-244
-3993
-19588
-27565
-22688
-20056
-26483
-28359
-17805
-9980
-17760
-29129
-26797
-15651
-12038
-15891
-14186
-4433
1271
-3004
-8147
-4656
4074
8514
7684
8186
12189
13549
9135
5486
9060
15579
16555
12228
9784
10820
10149
5962
4510
9447
14487
11039
1350
-4313
-2998
-1181
-2224
-1780
200
-2001
-7959
-9998
-6740
-4243
-3868
-2123
28
-512
-1851
-1280
-588
-367
1728
4614
4305
1612
375
321
-348
-127
1992
3239
1989
461
257
343
293
267
-44
-711
-435
451
54
-1687
-2840
-2496
-2235
-2148
-2005
-1736
-2608
-3080
-3191
-2602
-2827
-2597
-3596
-1390
9257
24774
25649
6222
-8484
3649
25837
27205
14145
13478
24209
21414
4602
-1047
10863
19305
11915
1904
2234
5356
-1454
-15173
-19525
-9323
494
-5907
-21736
-27864
-21974
-19577
-25534
-26535
-17039
-11533
-19643
-28879
-25121
-14641
-11797
-15144
-13040
-4180
396
-3948
-8376
-4190
5067
9888
8787
8082
10595
11590
8351
6157
10199
16279
16691
11560
8426
9292
9283
5913
4139
6055
8455
9314
8731
4331
-4304
-8225
-3385
2249
872
-1847
-2691
-6166
-10530
-7489
-39
802
-2446
-1400
1114
-943
-2429
1024
3257
2246
3089
5304
2704
-1763
-1634
766
1004
1219
2791
1749
-1644
-2243
-218
221
-795
-580
-229
-1207
-1691
-1116
-1301
-2300
-2360
-1878
-1811
-1615
-1110
-2294
-3620
-3192
-1449
-1590
-2716
-3240
-3338
2689
16599
27783
17059
-3708
-5733
16287
29984
20185
10091
17359
24533
13611
126
3823
15762
16252
5964
820
3485
2721
-8083
-18327
-15217
-3152
-581
-13745
-26735
-25578
-18856
-20596
-26077
-22101
-12773
-13511
-24009
-27924
-19389
-11157
-12216
-14489
-8918
-879
-842
-6624
-7338
482
8411
9601
7388
7999
10623
10193
7204
7572
12725
16354
13491
8521
7412
8969
7779
4949
4939
8223
10454
8857
3684
-2544
-5022
-2523
1134
1576
156
-2127
-5988
-8769
-6312
-1197
179
-1185
-867
50
-1012
-1565
462
2171
2433
3423
4179
1951
-1134
-1271
366
1073
1527
2014
790
-1571
-2170
-802
283
545
224
-869
-2081
-1941
-1020
-942
-1441
-1599
-1503
-1887
-2000
-2150
-2262
-2822
-2276
-1506
-1319
-2315
-3386
-3790
-3816
3049
17017
27244
16090
-3925
-5589
15549
28684
19264
9619
16690
24063
13842
253
2734
14115
15745
6703
1540
3416
2358
-8166
-17946
-14604
-2587
-44
-12997
-25885
-24946
-18222
-19480
-24733
-21293
-12342
-12624
-22606
-27072
-19480
-11399
-11796
-13683
-8377
-856
-1272
-7434
-8446
-285
8403
10002
7084
6829
9356
9244
6124
6249
11960
16454
13791
8016
6517
8315
7577
4508
4961
8147
8827
6491
5270
3256
-1781
-4362
-182
4151
2011
-1880
-3281
-4712
-6295
-3512
1025
866
-1626
-1099
82
-1359
-1422
1685
3261
2136
2090
2565
271
-2283
-1294
927
1261
784
431
-1304
-3175
-2522
-350
673
393
-237
-1689
-2820
-2139
-544
-212
-683
-682
-988
-1957
-2424
-1946
-1565
-1647
-1121
-605
-1295
-2576
-3386
-3389
-3843
2017
15231
25938
16387
-3417
-6879
12590
27052
19323
9044
14272
22113
13857
474
1442
12209
15163
7204
1658
2922
2424
-6822
-16292
-13495
-1898
1145
-11166
-23982
-23374
-16596
-17265
-22474
-19943
-11885
-11877
-21137
-25764
-19011
-11148
-11217
-13177
-8641
-1678
-2096
-8028
-8888
-946
7343
8478
5463
5134
7756
8039
5655
6035
11281
15215
12540
7214
5868
8139
8012
5467
5327
8347
8144
3446
1623
5424
6974
1453
-2192
1301
4069
-204
-3859
-1835
-620
-2881
-2449
1083
442
-3126
-2712
315
580
40
1850
2413
418
-216
955
229
-1158
-90
986
-524
-1953
-1530
-1732
-2586
-1416
750
606
-1141
-2052
-2203
-2182
-1189
200
419
-330
-1011
-1706
-2175
-1325
-126
-326
-1363
-1507
-964
-2180
-3297
-3255
-1521
-2357
-731
8542
20931
18926
830
-8623
5404
24519
22235
9052
8437
18299
16933
4068
16
9081
15635
9943
2119
1605
3268
-2000
-11463
-12695
-3753
2107
-6157
-19720
-22980
-16481
-13776
-18389
-19864
-14118
-11121
-17262
-23647
-20480
-12344
-9767
-12071
-10905
-5238
-3083
-6863
-9122
-3828
4483
7672
5122
2859
4519
6839
6602
6027
8818
12863
12652
8310
5676
7334
9042
7434
6001
7333
8374
5000
691
-205
2243
5841
8514
7107
143
-4880
-3268
742
1318
1611
2621
-21
-4356
-3631
401
226
-1408
881
3135
824
-1636
-632
-6
-330
1264
2827
563
-2459
-2836
-2779
-3286
-1654
733
-146
-2690
-2849
-1841
-2259
-2546
-1272
-177
-168
-353
-876
-1854
-1905
-664
128
144
314
-123
-1666
-3056
-1964
-1024
-1346
-2452
-1969
-2514
-3184
3068
15870
20583
5984
-8077
-342
19862
22656
9508
5578
15795
18990
7583
69
6266
14231
11521
3929
2142
4309
1318
-7968
-12132
-5180
2778
-1978
-15413
-21306
-15812
-11576
-15815
-19385
-14779
-10014
-14467
-22154
-21267
-13409
-9594
-12001
-12183
-7029
-3775
-6881
-10165
-6268
2000
6456
4719
2232
3295
5706
5912
5269
7736
12112
12957
9160
5830
6810
8649
7922
6361
7407
8528
6412
4036
5296
6816
3620
238
1909
4435
1670
-2049
-1538
-255
-1708
-2127
-39
4
-2290
-2385
-403
37
-243
744
1069
63
160
1091
221
-1171
-496
377
-553
-1470
-1028
-1083
-1889
-1516
-470
-553
-1447
-1595
-1337
-1186
-934
-669
-697
-736
-689
-1030
-1393
-1270
-1040
-1335
-1399
-1187
-1073
-1911
-2350
-2439
-2237
-2501
-2684
-2940
-3049
1991
12144
18397
8769
-4996
-2900
14372
22005
12693
6183
12818
17945
9885
1446
4842
12672
12529
6039
3042
3942
2040
-5212
-9761
-5435
1581
-513
-11713
-19121
-16328
-11574
-13557
-17553
-15565
-10917
-12651
-19573
-21417
-15449
-10123
-10787
-12073
-8686
-4919
-6364
-9751
-7547
162
5736
4964
1912
2174
4902
5983
5281
6695
10607
12253
9339
5852
6149
8173
8109
6498
6796
8173
6676
2389
82
1578
3481
4673
6629
7158
2216
-3637
-2868
2324
3853
2138
1682
875
-2247
-3097
-35
1532
191
377
1703
405
-1446
-464
792
290
774
2122
484
-2952
-3700
-2240
-1750
-1616
-982
-1567
-3323
-3796
-2898
-2468
-2090
-1272
-1179
-2008
-1982
-1263
-1293
-1503
-633
89
-456
-1119
-1097
-1241
-1854
-1506
-902
-726
-1806
-2543
-3082
-2813
-2964
-1879
4532
14334
16033
3187
-7113
1152
18102
19696
8793
6044
14177
15792
6352
1386
7530
13983
11105
4798
3336
4371
913
-6156
-7518
-1028
3642
-2632
-13802
-17501
-12884
-10063
-13486
-15899
-12755
-10120
-14279
-20053
-19004
-12815
-9835
-11335
-11046
-7324
-5791
-8537
-9854
-5076
1904
4573
2442
557
1981
4401
5047
5037
7273
10499
10590
7181
4866
6225
8092
7467
6333
7097
7894
5410
1545
416
2621
3992
3667
4719
6933
5020
-1087
-3071
1491
5083
3289
1649
1944
-29
-2981
-1250
2497
1873
-306
628
1534
-702
-1623
392
1057
-90
212
586
-1748
-3659
-2768
-1889
-2552
-2545
-2223
-3579
-4664
-3588
-2432
-2810
-2800
-2009
-2259
-2829
-2031
-798
-974
-1285
-780
-412
-913
-949
-600
-584
-902
-552
-480
-968
-1498
-1578
-1758
-2047
-1893
-1536
2349
10105
14961
7411
-3669
-1627
12732
19006
11025
5443
11079
15719
9407
2525
5359
11964
11703
5975
3380
4444
3033
-3182
-6926
-3275
2114
-534
-10042
-15638
-12943
-9474
-11823
-15325
-13692
-10167
-12024
-17579
-18691
-13847
-9888
-10418
-10978
-8197
-5691
-7166
-9247
-6584
-313
3589
2729
761
1310
3458
4330
4291
5837
8848
9838
7525
5088
5409
6978
6978
5990
6211
7030
5666
2439
846
2183
3701
3260
2074
1639
2615
4521
5438
3040
40
910
4095
4372
2307
1922
1858
197
-159
2276
2707
-29
-1086
360
229
-1221
-726
86
-995
-1799
-1159
-1991
-4205
-4474
-3187
-3255
-4119
-4007
-4102
-4936
-4691
-3295
-2733
-2960
-2608
-2194
-2156
-1647
-647
-446
-589
45
771
405
-186
-132
89
-30
196
540
217
-616
-1282
-1401
-1365
-1119
-1347
713
7120
13462
9856
-1040
-3410
8183
17977
13486
5617
7615
13532
10978
3927
3877
9639
11251
6436
2761
3291
3243
-1379
-5912
-4312
775
424
-7538
-14384
-13521
-9464
-9975
-13486
-13471
-10287
-10558
-15175
-17230
-13433
-9191
-9294
-10464
-8437
-5513
-5970
-7912
-6358
-1180
2693
2495
700
711
2498
3717
3997
5045
7231
8139
6460
4398
4591
6148
6522
5703
5633
6181
5212
2658
1303
2441
3964
3758
2661
2162
1808
764
747
4086
8354
7905
2559
-441
2115
4764
3731
2847
3724
2470
-653
-910
755
-226
-1976
-739
535
-1376
-3253
-2762
-2711
-3550
-2800
-1789
-3410
-5555
-5520
-4916
-5126
-4597
-3614
-3947
-4463
-3498
-2738
-3318
-3120
-1308
-154
-313
-226
356
481
563
1013
1306
1396
1727
1641
832
462
915
797
4
-184
219
-153
-1022
-1478
-971
2174
8421
11983
6455
-2051
-755
9650
14572
9185
5031
8735
11721
7228
2236
4052
8520
8403
4685
2824
3092
1388
-3146
-5643
-2919
642
-1592
-8635
-12777
-10901
-8361
-9773
-12077
-10915
-8579
-9902
-13648
-14300
-10953
-8276
-8451
-8470
-6338
-4764
-5875
-6985
-4689
-266
2117
1335
116
768
2301
2883
2954
4096
5890
6207
4758
3683
4214
5087
4965
4601
5032
5446
4345
2424
1895
3107
4082
3667
2892
2766
2725
2235
2158
4304
8064
9441
5567
802
1207
4862
5467
3488
3165
2662
-840
-3134
-1111
239
-2017
-3141
-1735
-2239
-4673
-4786
-3643
-4123
-4200
-2675
-3148
-5959
-6703
-4988
-4272
-4368
-3371
-2805
-3734
-3828
-2343
-1418
-1178
-156
891
851
839
1458
1532
1201
1749
2568
2304
1569
1251
814
113
93
582
407
-238
-600
-952
-1601
-1653
-1097
-538
1487
6254
9493
5740
-721
196
8441
12867
9246
5890
8128
10159
7116
3697
4945
7955
7548
4408
2492
2277
857
-2552
-4593
-3036
-973
-3095
-8424
-11382
-9985
-8308
-9533
-11166
-10213
-8583
-9701
-12224
-12111
-9197
-7159
-7342
-7175
-5364
-4187
-5016
-5500
-3299
19
1502
864
198
641
1409
1761
2125
3226
4354
4351
3220
2513
2941
3600
3665
3582
4027
4242
3462
2268
2246
3250
3976
3871
3577
3527
3430
3394
3637
5993
10015
11225
5879
318
2092
6901
6235
2649
2652
2103
-2347
-4359
-894
-115
-3942
-4634
-2168
-3185
-6108
-4985
-3229
-4305
-4294
-2142
-3176
-6509
-6053
-3263
-2901
-3344
-1965
-1612
-2972
-2445
-224
272
-144
842
1672
1111
1087
1818
1472
876
1536
1926
729
-173
-81
-576
-1476
-1070
-227
-803
-1862
-1960
-1630
-1728
-1587
-1164
-1114
-1213
-464
1743
4938
7285
6394
3580
3344
7134
10402
9870
8157
8411
9180
7965
5906
5320
5920
5709
4245
2654
1423
-292
-2765
-4530
-4325
-3407
-4258
-7104
-9564
-10070
-9619
-9633
-9816
-9382
-8845
-9139
-9843
-9670
-8399
-7027
-6206
-5508
-4570
-3839
-3672
-3491
-2440
-656
861
1330
1031
786
1054
1570
2074
2647
3253
3363
2796
2162
2128
2587
3045
3398
3669
3627
3160
2664
2625
3091
3848
4349
4342
4057
3952
3763
4593
7860
10993
8574
2313
664
4681
6344
3353
1716
1768
-887
-3773
-2378
-836
-3231
-4742
-2834
-2472
-4642
-4426
-2693
-3502
-4302
-2177
-1283
-3947
-5112
-2910
-1650
-2424
-2266
-1446
-1821
-1843
-581
-57
-623
-267
553
271
-29
636
817
-43
-327
132
-13
-563
-774
-1044
-1518
-1299
-906
-1284
-1624
-908
-314
-857
-1219
-550
77
104
443
1088
1097
1075
2593
5739
8623
9119
6701
3785
4259
8121
10713
8958
6098
5675
6061
4389
2250
2314
3156
2113
-53
-1177
-1781
-3469
-5404
-5626
-4451
-4331
-6239
-8516
-9159
-8386
-7659
-7517
-7376
-6980
-6778
-6971
-7053
-6452
-5349
-4399
-3804
-3185
-2551
-2384
-2530
-2065
-741
477
723
315
-11
66
404
909
1437
1847
1975
1844
1661
1803
2346
2857
3144
4283
6626
7769
5560
2883
3793
6683
7148
5763
5425
5096
3258
2254
3227
3299
1785
1303
1590
448
-836
-423
-209
-1318
-1581
-878
-1770
-3667
-3802
-2787
-2754
-3063
-2696
-2631
-3109
-2932
-2209
-1879
-1581
-1011
-838
-908
-449
29
-123
-106
484
726
411
213
-1
-468
-465
82
89
-498
-643
-411
-520
-605
-193
77
-252
-519
-317
-74
-88
-165
-149
42
347
524
382
225
408
931
1416
1649
1892
2560
3628
4972
6178
5723
2876
840
3138
6922
6387
2517
1044
2218
1803
108
297
1080
-236
-1796
-1357
-1066
-2676
-3999
-3562
-3106
-3598
-4049
-4491
-5546
-6119
-5221
-4214
-4485
-5086
-4915
-4641
-4809
-4662
-3950
-3585
-3743
-3498
-2768
-2463
-2625
-2370
-1586
-956
-605
-250
-90
-231
-56
752
1533
1810
2024
2492
2867
3016
3280
3720
4036
4236
4526
4734
4615
4332
4224
4336
4489
4457
4197
3802
3412
3178
3200
3289
3137
2748
2351
1915
1327
748
314
-86
-458
-743
-1137
-1725
-2185
-2286
-2212
-2156
-2068
-1981
-1983
-1951
-1811
-1767
-1873
-1876
-1736
-1712
-1918
-2180
-2331
-2340
-2250
-2129
-2036
-1985
-1889
-1736
-1585
-1457
-1301
-1063
-772
-536
-473
-513
-454
-263
-100
10
191
379
396
302
320
509
768
966
1003
923
899
999
1065
1052
1088
1221
1269
1138
968
941
1070
1261
1368
1355
1354
1433
1438
1353
1518
2025
2371
2167
1800
1776
2009
2202
2291
2214
1814
1295
1029
926
633
202
-86
-328
-713
-1102
-1359
-1697
-2136
-2362
-2402
-2599
-2949
-3127
-3133
-3170
-3201
-3142
-3114
-3142
-3031
-2771
-2597
-2537
-2350
-2007
-1715
-1548
-1359
-1104
-875
-634
-338
-119
-42
60
255
412
505
659
864
984
1017
1007
972
1032
1223
1359
1336
1291
1317
1325
1317
1370
1438
1438
1393
1317
1231
1189
1208
1193
1128
1048
892
670
540
538
505
340
122
-4
-60
-184
-415
-556
-469
-338
-388
-524
-521
-395
-294
-220
-77
112
232
272
294
375
526
692
820
875
860
854
943
1068
1114
1087
1059
994
865
752
660
560
480
388
226
68
35
38
-77
-248
-327
-327
-336
-398
-511
-595
-586
-540
-560
-609
-597
-594
-663
-701
-612
-533
-608
-735
-801
-832
-849
-784
-733
-845
-977
-898
-730
-726
-818
-813
-775
-753
-602
-412
-464
-661
-628
-411
-329
-351
-327
-382
-491
-400
-171
-130
-277
-348
-336
-381
-422
-385
-368
-417
-452
-481
-556
-627
-630
-585
-485
-348
-290
-320
-276
-125
-1
107
330
549
569
523
638
824
880
848
881
988
1086
1125
1087
1017
996
1040
1095
1097
1062
1044
1021
941
825
777
806
813
758
725
709
624
504
474
529
552
511
420
312
246
274
301
257
238
303
313
201
143
239
333
302
235
207
182
110
35
-9
-16
-35
-141
-291
-345
-334
-424
-560
-575
-531
-607
-751
-800
-772
-772
-781
-781
-804
-840
-854
-884
-912
-836
-704
-683
-762
-766
-679
-624
-607
-535
-410
-294
-237
-253
-297
-298
-240
-178
-112
-18
21
-72
-201
-182
-44
53
55
52
90
85
12
-48
-4
101
127
49
-2
19
20
-34
-57
0
49
47
45
70
63
8
-18
18
80
135
169
156
103
73
103
163
249
352
419
384
296
285
376
490
544
499
392
293
294
347
312
192
99
94
86
39
-28
-84
-128
-125
-101
-126
-187
-189
-122
-86
-87
-55
-10
-5
32
157
291
351
379
398
414
471
561
621
651
685
679
645
663
705
645
549
600
701
637
462
375
376
324
204
96
31
-15
-115
-266
-378
-400
-420
-513
-608
-634
-629
-640
-665
-709
-755
-762
-730
-707
-711
-713
-698
-673
-644
-621
-613
-585
-514
-445
-407
-386
-386
-422
-428
-322
-209
-228
-292
-258
-186
-185
-203
-167
-121
-89
-35
-2
-48
-63
28
94
63
76
190
239
172
166
280
360
319
275
341
437
463
436
406
379
364
410
513
578
535
416
322
336
427
489
459
395
350
293
209
176
206
213
140
64
28
-28
-127
-191
-160
-101
-120
-226
-306
-299
-252
-244
-257
-241
-206
-193
-210
-220
-172
-72
-20
-41
-46
19
69
50
69
167
218
162
111
125
125
94
103
131
106
36
-25
-58
-62
-34
-1
-8
-32
-60
-102
-125
-89
-3
49
33
-3
-32
-56
-54
-16
33
38
4
-36
-72
-105
-123
-119
-89
-61
-80
-146
-201
-204
-184
-162
-136
-124
-156
-205
-192
-140
-112
-104
-92
-89
-106
-122
-107
-79
-52
-29
-39
-67
-75
-58
-34
-4
32
58
42
9
-5
16
59
107
146
148
117
98
115
158
192
205
211
217
218
213
205
204
206
217
234
222
188
154
135
121
111
111
98
49
-5
-26
-29
-34
-57
-77
-85
-98
-115
-113
-105
-98
-93
-86
-69
-52
-53
-60
-50
-11
25
32
21
7
1
5
16
36
46
32
-3
-38
-59
-59
-69
-89
-101
-109
-129
-158
-185
-194
-181
-157
-133
-113
-105
-107
-100
-80
-39
17
69
101
120
138
166
200
246
301
351
374
390
404
412
424
440
470
482
453
402
338
279
223
154
71
-39
-185
-349
-528
-682
-827
-973
-1110
-1237
-1343
-1445
-1571
-1654
-1670
-1654
-1617
-1575
-1555
-1524
-1488
-1438
-1335
-1204
-1067
-939
-814
-680
-515
-336
-129
126
405
684
938
1183
1431
1673
1921
2157
2367
2528
2621
2650
2636
2600
2532
2423
2280
2118
1928
1709
1473
1248
1044
860
687
529
384
236
99
-20
-116
-184
-236
-275
-306
-322
-321
-302
-270
-212
-144
-71
-6
61
125
182
235
272
294
289
260
209
142
68
-19
-128
-260
-404
-558
-710
-859
-1001
-1138
-1276
-1420
-1560
-1674
-1771
-1855
-1919
-1947
-1960
-1957
-1938
-1899
-1829
-1735
-1627
-1506
-1387
-1274
-1187
-1114
-1056
-998
-945
-905
-879
-873
-881
-901
-911
-895
-850
-776
-697
-617
-543
-462
-360
-231
-80
79
241
380
506
626
755
902
1064
1230
1387
1528
1657
1779
1903
2034
2167
2291
2389
2456
2491
2505
2506
2494
2464
2415
2343
2243
2133
2015
1894
1774
1658
1539
1412
1282
1147
1020
893
772
649
520
390
253
115
-23
-155
-280
-407
-532
-651
-767
-877
-982
-1076
-1168
-1254
-1328
-1403
-1463
-1515
-1563
-1603
-1633
-1651
-1651
-1643
-1626
-1596
-1557
-1508
-1458
-1400
-1333
-1269
-1201
-1136
-1073
-1009
-953
-899
-844
-785
-730
-679
-624
-571
-514
-459
-405
-349
-296
-247
-203
-158
-118
-80
-48
-15
25
64
108
145
184
232
286
340
397
455
513
567
618
670
720
763
790
811
829
837
833
830
824
811
784
751
716
683
644
599
550
500
452
393
339
287
239
199
167
138
117
104
99
103
107
121
139
159
183
200
217
227
233
237
235
229
214
204
181
154
128
101
72
46
25
-3
-31
-51
-75
-92
-107
-126
-145
-165
-179
-192
-204
-217
-231
-235
-245
-255
-262
-265
-265
-268
-268
-270
-274
-275
-276
-280
-280
-281
-280
-282
-281
-279
-283
-285
-282
-278
-275
-268
-266
-259
-250
-242
-232
-219
-203
-188
-172
-152
-134
-114
-92
-68
-42
-21
2
31
56
83
115
148
175
203
225
241
264
284
301
309
312
314
316
316
311
305
297
284
266
251
240
230
219
201
190
174
157
143
121
107
91
69
45
18
-3
-26
-52
-82
-111
-138
-161
-186
-212
-236
-256
-273
-285
-296
-305
-312
-317
-317
-305
-291
-276
-259
-237
-209
-173
-138
-102
-63
-21
14
48
87
125
158
188
211
229
242
253
261
268
270
268
259
247
236
219
205
193
171
152
132
109
90
69
50
35
22
9
-4
-16
-21
-26
-24
-26
-28
-25
-23
-18
-10
0
5
10
14
20
25
25
21
15
9
-3
-17
-31
-47
-63
-85
-107
-130
-148
-165
-181
-192
-205
-211
-215
-215
-209
-200
-191
-173
-156
-134
-109
-91
-68
-45
-16
4
19
43
59
77
94
103
108
110
109
114
112
112
113
109
109
105
102
95
95
92
87
89
89
88
78
70
71
61
53
44
32
21
10
3
-9
-19
-29
-38
-48
-59
-60
-67
-70
-66
-61
-57
-52
-42
-31
-16
-1
14
32
48
63
73
84
92
102
106
102
98
91
82
71
55
44
25
9
-8
-28
-46
-64
-76
-89
-99
-109
-121
-130
-136
-146
-150
-151
-160
-165
-170
-173
-173
-172
-169
-166
-161
-150
-142
-133
-123
-117
-106
-98
-83
-70
-55
-48
-45
-36
-28
-19
-13
-6
2
12
18
24
32
44
52
62
69
79
91
106
118
136
149
157
167
188
196
206
212
207
214
215
215
214
204
188
180
169
151
133
114
93
74
58
42
22
6
-9
-23
-32
-44
-56
-60
-67
-73
-78
-86
-90
-90
-96
-100
-108
-112
-110
-106
-106
-106
-102
-100
-91
-87
-80
-77
-67
-60
-52
-41
-33
-27
-15
-3
7
15
28
39
49
55
58
67
71
68
71
72
68
65
62
60
53
45
41
32
23
14
8
4
-1
-8
-11
-18
-21
-21
-23
-25
-30
-37
-41
-43
-48
-52
-58
-61
-68
-75
-80
-86
-87
-89
-92
-96
-102
-108
-113
-111
-106
-100
-98
-94
-90
-83
-77
-71
-62
-53
-43
-32
-21
-11
0
9
23
35
47
60
71
79
91
98
102
108
120
122
126
128
134
136
132
136
136
132
127
127
125
118
108
98
91
81
74
65
54
44
33
23
10
7
-3
-13
-18
-22
-31
-38
-43
-47
-50
-54
-56
-55
-53
-57
-56
-58
-58
-58
-55
-53
-55
-53
-60
-57
-55
-55
-53
-51
-46
-49
-45
-52
-48
-45
-44
-44
-45
-40
-39
-36
-33
-27
-23
-16
-11
-9
-6
-3
2
5
8
11
12
14
17
20
22
29
25
23
26
20
22
23
22
21
18
14
11
9
4
1
1
6
1
-1
-3
-7
-6
-8
-7
-4
-5
-5
-4
-3
-1
0
3
1
4
3
5
6
8
11
13
15
18
15
16
20
19
20
22
21
21
20
25
24
21
14
11
9
9
9
3
2
-1
-4
-7
-8
-10
-13
-17
-19
-20
-21
-21
-19
-26
-29
-28
-31
-27
-26
-25
-22
-22
-20
-18
-18
-15
-9
-11
-12
-11
-10
-10
-12
-13
-11
-12
-10
-10
-9
-5
-8
-7
-4
-3
-4
-4
2
1
0
2
4
7
11
16
18
17
13
15
15
16
17
19
19
22
22
24
24
19
15
15
18
19
17
16
14
10
10
8
10
12
10
7
3
2
1
-1
0
-3
-4
-7
-12
-14
-16
-16
-18
-19
-24
-26
-26
-23
-28
-31
-28
-29
-30
-29
-27
-29
-30
-27
-25
-26
-23
-22
-19
-14
-12
-16
-11
-6
-7
-2
-1
2
6
7
10
10
11
15
12
13
13
15
17
16
15
15
14
19
17
14
15
15
15
13
11
13
12
14
10
8
9
7
9
6
7
8
7
7
4
2
0
-2
-3
-7
-8
-8
-10
-14
-18
-19
-14
-18
-20
-17
-17
-21
-21
-19
-22
-19
-18
-17
-15
-11
-12
-9
-9
-6
-4
-4
-3
-5
-5
-5
-1
-5
-6
-3
-4
-1
-1
0
-4
1
5
5
6
8
10
9
9
11
18
17
15
14
11
13
14
13
18
18
17
18
19
17
11
10
8
5
3
4
3
-1
1
1
-2
0
0
-4
-4
-5
-5
-5
-9
-4
-6
-5
-8
-7
-7
-7
-4
-6
-6
-4
-5
-8
-8
-12
-8
-7
-6
-6
-5
-7
-6
-2
-5
-5
-3
-5
-7
-5
-7
-8
-5
-7
-5
-7
-7
-5
-5
-5
-5
-3
-5
-4
-3
-4
-3
-1
1
-1
-5
-4
-4
-5
-2
2
3
3
3
-1
3
1
3
4
4
3
2
3
2
3
4
6
6
5
2
0
0
2
4
2
5
5
2
1
0
-1
-1
4
5
2
6
6
4
2
0
0
-1
1
-3
-4
1
4
7
5
2
6
3
2
1
4
5
7
3
0
4
3
5
4
2
3
2
1
3
2
-4
-6
-7
-3
-1
-3
2
1
-3
-3
2
0
-3
-1
1
-3
-4
-3
-8
-4
-4
-6
-8
-6
-5
-8
-8
-7
-4
-3
-1
-2
-1
-1
-2
-1
2
1
-2
3
0
3
3
3
3
-2
0
1
4
5
2
2
2
0
-4
-5
-5
-2
-1
-1
-1
-3
-1
0
-3
-4
1
-1
2
1
3
4
5
3
4
3
3
0
1
3
4
4
2
7
4
1
5
4
2
3
3
4
2
2
2
2
3
0
3
5
0
1
2
1
-1
0
-2
-1
-1
0
0
1
-3
-7
-4
-6
-6
-7
-6
-7
-6
-6
-2
-2
-1
-2
2
-1
0
-3
-2
-2
-1
4
0
3
4
6
6
3
0
2
3
4
4
3
3
0
-2
-2
0
1
4
2
5
4
1
6
4
3
2
2
5
5
5
4
4
4
3
4
5
6
5
3
3
2
3
-2
-2
-1
-2
-4
-5
-4
-6
-8
-8
-12
-11
-10
-9
-11
-10
-9
-8
-7
-13
-11
-6
0
-4
-3
0
-2
-2
-3
-1
3
4
5
5
