SAMPLES:	8476
BITSPERSAMPLE:	16
CHANNELS:	1
SAMPLERATE:	16000
NORMALIZED:	FALSE
2
3
3
1
0
2
2
4
3
0
-1
-1
0
1
1
0
0
-4
1
0
-2
-3
-3
-1
-1
-3
-4
-3
-3
-4
-4
-5
-5
-3
-2
-3
-4
-2
0
4
2
2
2
5
-2
-1
1
0
4
2
0
1
-2
-2
0
3
5
4
2
3
3
4
5
2
3
2
0
0
-1
-2
-3
0
3
0
1
0
-1
2
-1
-2
-1
-1
-2
1
1
1
2
1
2
0
-2
0
-2
0
0
-3
-1
-1
-2
-3
0
0
-1
0
0
2
0
1
5
1
0
0
0
0
-2
1
0
-1
-1
2
1
-3
-1
-2
-2
-2
0
2
-1
-1
-2
-6
-7
-6
-1
1
0
0
1
0
0
-2
-3
1
-2
0
4
4
0
3
1
0
5
3
4
4
5
3
1
3
6
0
1
1
0
2
0
1
0
2
3
0
0
1
-1
0
-3
-3
-4
-1
2
2
-1
-4
-3
-3
-2
0
0
-2
-2
-2
2
-1
-4
-1
-2
-4
-1
-4
-3
-3
0
-2
-4
-2
1
2
1
1
3
1
0
2
1
3
6
6
1
1
2
1
1
0
0
4
4
5
3
-1
-1
-3
-6
-4
0
-3
-1
-1
-2
-2
-3
1
1
-2
-3
-3
-2
-2
1
3
2
2
0
3
4
6
1
-1
3
1
3
6
1
2
3
0
0
0
2
0
-2
-1
-2
0
1
-4
-3
1
-2
-2
0
0
2
1
3
4
3
3
0
-2
-4
-5
2
0
-1
-2
-3
-5
-1
0
0
-3
-1
0
-1
1
0
0
1
4
2
2
-3
-5
-2
0
-2
-5
-3
-3
-5
1
0
1
1
-1
0
-3
2
-1
0
2
3
1
1
2
-1
-1
-1
-1
0
1
4
6
7
4
1
1
1
3
-1
1
2
-1
-2
-3
0
0
-3
0
-1
-2
-5
-4
0
-2
-1
0
2
3
-2
1
3
4
3
6
6
0
5
2
0
-1
-2
0
-2
-3
-3
0
-4
0
2
-3
-4
-2
1
-3
2
-1
1
7
0
1
-2
-4
-4
-3
1
1
1
2
0
-1
0
1
-2
0
-1
-2
-2
3
1
-3
1
-1
0
1
3
1
2
3
3
2
1
1
-4
-1
0
-1
1
-3
2
-5
-4
-1
-5
-2
0
-3
-5
-2
-1
-1
3
2
-2
0
2
2
0
2
-1
0
2
5
2
0
3
1
1
1
0
1
1
2
2
1
2
-2
-2
-3
-5
-1
-3
-3
-3
0
3
2
0
-2
-2
2
1
1
3
-1
1
1
0
0
-2
-6
-4
-3
2
2
6
7
-2
1
4
2
-2
0
1
-1
-1
-4
-2
-4
-4
0
-1
0
1
-2
1
0
-1
-2
-1
-2
-1
1
0
-1
0
1
4
2
1
0
2
4
1
0
0
-2
-2
-3
-4
2
-2
-2
1
-2
1
-1
-2
1
3
4
0
0
1
4
3
2
3
3
3
0
-2
3
1
1
3
2
-1
1
0
1
3
3
2
4
0
2
2
-3
0
-3
-5
-5
-3
-3
-4
-3
0
-2
1
0
-4
-2
-2
-1
-7
-8
-6
-2
-3
-5
-4
-1
1
3
2
-1
1
-1
2
2
-1
1
1
-2
-1
0
-1
1
3
2
2
-3
-2
-2
-2
1
-1
1
2
1
2
1
-1
3
1
0
2
8
8
7
4
3
4
3
5
2
2
2
0
1
3
-1
0
1
-2
-1
0
1
2
2
-2
-6
-2
0
-2
2
0
1
1
2
-1
-3
-5
-2
-5
-4
-1
0
0
-6
-4
-5
-6
-5
-4
-2
-4
-4
-1
-3
-2
0
0
0
2
2
0
0
-2
-2
-1
-1
-3
1
1
3
4
1
1
-1
-1
2
1
1
2
3
3
4
5
5
4
5
4
-3
-2
-1
-3
-2
0
-2
-4
-1
-2
0
2
4
2
2
4
4
2
0
-3
-1
0
4
2
2
0
0
2
2
2
-1
0
-3
-1
-2
-4
-3
-1
-3
0
1
2
1
-1
-2
-3
-2
0
-1
3
6
2
1
0
-2
0
-2
4
-1
-2
2
-2
-4
-5
-7
-6
-2
-3
-1
-2
-4
2
3
1
2
-1
2
4
3
3
0
-2
0
0
-1
4
1
-1
0
3
2
-1
1
1
1
2
4
2
5
1
0
4
0
0
-3
-2
-2
-2
-2
-1
1
-3
-4
-4
-2
1
1
2
2
2
-1
5
2
4
3
-2
-3
-1
0
-4
0
-4
-3
-2
-3
-4
-4
0
0
0
0
3
-1
1
2
2
1
-1
0
4
2
2
4
2
3
4
7
3
3
4
5
4
-1
-3
-3
-1
-3
0
-3
-3
-3
-1
-4
-4
-2
-4
-2
1
2
-2
1
-2
-2
-1
-3
-5
-1
-2
-3
-2
1
1
0
-1
-1
1
1
-1
-1
2
-1
-1
-4
-5
-1
-1
-4
-3
0
2
2
1
2
3
6
5
1
6
5
4
2
3
6
5
3
3
2
-1
2
0
-3
-3
-1
-1
-2
-3
-1
0
-1
-3
0
0
-4
-1
1
2
1
1
4
2
0
-1
0
-1
-2
-2
-2
-2
-2
-1
-2
-1
1
2
-2
-1
3
1
0
0
0
-2
2
2
-3
-1
0
0
-2
1
2
1
3
1
0
1
1
-3
-2
-1
-3
-2
1
0
2
-3
0
2
0
-4
-7
-3
-3
-1
0
1
1
1
1
0
2
0
0
3
2
1
0
-1
2
0
-4
-4
-1
9
9
0
4
11
11
16
6
2
3
6
18
4
3
4
-20
-17
-16
-20
-9
-19
-25
-14
-21
-16
-11
-25
2
25
21
50
41
66
115
21
1
45
10
25
53
10
-27
-14
-44
-7
81
26
21
18
-47
-26
-29
-30
-15
-3
-42
-13
387
372
127
474
308
-65
107
25
-193
-123
-94
-187
-210
-218
82
342
-110
-241
53
179
1006
1539
645
242
832
888
489
79
-209
-290
-233
3
-140
-667
-818
-686
-724
-839
-748
-723
-827
-705
-522
-525
-550
-360
-215
-232
-131
182
232
2
323
646
516
678
802
678
689
697
520
480
672
621
451
339
276
217
50
-202
-227
8
51
203
182
-164
-219
-106
-94
-181
-225
-277
-305
-378
-623
-705
-805
-962
-738
-455
-461
-454
-341
-430
-614
-745
-801
-801
-591
-55
-155
-399
-10
146
85
46
78
119
53
78
-215
-599
-380
-251
-285
-97
-222
-187
-93
-431
-570
-518
-485
-726
-866
-423
80
109
60
326
444
337
421
599
530
348
243
381
192
-392
-865
-1160
-617
317
953
1735
2282
2175
2004
1533
918
258
221
636
646
1140
1859
2691
2914
2876
3058
2736
1569
455
47
-202
-8
9
174
-174
-380
-20
-276
-466
-621
-401
-1233
-1485
-503
-728
-952
-786
-1109
-1807
-1925
-2098
-2165
-1485
-758
-683
-830
-132
-438
-1149
-889
-1058
-1365
-1819
-1793
-1552
-2021
-1693
-930
-841
-180
1166
1414
1398
1698
1439
1099
690
138
-69
819
1238
1563
2186
1785
2111
2134
1785
1654
1189
922
800
810
301
-225
-600
-806
-317
-158
-638
-819
-631
-756
-1118
-1371
-1893
-2840
-3251
-2985
-4066
-5131
-4715
-4653
-4881
-4536
-4177
-4680
-4450
-3691
-3786
-3486
-2818
-1963
-1441
-1010
239
1090
1753
2196
2525
2426
2519
3319
2927
2197
2788
3364
3057
3237
3657
3706
4190
5496
5817
5615
5667
5961
5883
5147
5441
6044
5534
4476
4272
4320
3850
3228
2813
2013
1236
943
385
-635
-865
-515
-1609
-1812
-1637
-2641
-3526
-3469
-4080
-5483
-5102
-4412
-3246
-1250
-393
-2710
-5118
-5686
-6908
-7773
-8462
-8450
-8307
-8474
-8293
-8224
-7569
-7446
-7239
-6209
-4844
-3407
-1448
570
1532
2752
4282
5346
6174
6782
7335
7453
7419
7490
7563
7484
7015
6823
7058
7354
7437
7523
7739
7796
7683
7219
5769
4661
3845
2590
1396
379
-284
-386
-356
-1082
-1722
-2526
-3323
-3507
-4294
-4634
-4412
-4567
-5287
-5752
-5927
-6734
-7175
-7649
-7816
-7679
-7420
-6992
-6779
-6469
-6460
-6010
-5738
-5018
-4195
-4238
-4019
-3221
-2939
-3576
-3619
-2771
-1999
-1674
-875
67
882
1779
2736
3461
4018
4585
5101
5589
6306
7211
7638
8197
8394
8671
9337
9246
8984
8693
8109
7391
6776
6231
5706
5804
5477
5326
4879
4259
4420
3775
2989
1831
278
-718
-1886
-3230
-3922
-4219
-4955
-5675
-5846
-6741
-7639
-7481
-7850
-8376
-8407
-8865
-9510
-9543
-9321
-8717
-7540
-6094
-5591
-4715
-3154
-2165
-1234
-590
215
1222
2150
2774
3291
3499
3886
4626
4814
5110
6065
6445
5846
5599
5786
5525
4935
4840
4874
4264
3731
3509
3246
3489
3383
2358
1444
1463
1781
1516
1531
1793
1640
884
237
-125
-1015
-2290
-3427
-4149
-4719
-4812
-5269
-6097
-6094
-5382
-5270
-5756
-5507
-5673
-6165
-6405
-6029
-5402
-4857
-3719
-2745
-1990
-1697
-1701
-2065
-2202
-1734
-1399
-749
-490
134
1028
1511
2038
2802
3509
3990
5028
5598
5904
6140
6324
5925
5723
5960
5530
5465
5135
5105
4903
4340
4205
4042
3558
2916
2770
2029
1396
1037
733
432
-115
64
258
434
611
1048
1216
949
783
56
-1028
-1872
-2529
-3709
-4593
-4982
-5516
-5694
-5683
-5893
-6044
-5966
-5913
-6169
-6053
-5647
-5759
-5785
-5372
-5062
-4960
-4481
-3864
-2955
-1883
-1008
-141
758
1786
2063
2433
3066
3528
4126
4496
4829
4992
5145
4623
3974
3742
3379
3012
2627
2627
2233
2374
3033
3174
3427
3510
3713
3389
3166
2700
1836
1613
1118
991
571
159
12
-163
-229
-658
-881
-1470
-1191
-1125
-1562
-1371
-1244
-1081
-1305
-475
-315
-358
17
-604
-1120
-1405
-1090
-1526
-1722
-1214
-811
-726
-979
-593
-755
-897
-902
-897
-673
-576
-48
-23
-117
71
281
32
-401
-304
-562
-778
-1034
-768
-816
-1256
-1120
-1015
-437
-282
279
330
190
421
-36
-520
-1357
-1134
-1230
-1475
-1458
-1215
-717
-882
-269
-140
167
697
1093
1375
1468
2039
2024
2190
2268
2404
2121
1367
1103
937
846
364
316
558
707
1074
1342
1526
1734
1881
1453
1060
1083
838
148
-626
-781
-1038
-1435
-1479
-1656
-1800
-2041
-1914
-1829
-1871
-1809
-2032
-2317
-2564
-2512
-2788
-3079
-3185
-3109
-3103
-3260
-3058
-3081
-3300
-3331
-2967
-2736
-2439
-1729
-873
-212
707
2025
2728
3221
3977
4522
4444
4460
4830
4783
4409
4073
3755
3570
3628
3821
3572
3411
3451
3315
3065
2723
2594
2071
1695
1525
1402
1117
1020
1161
977
671
11
-553
-1486
-2020
-2549
-3178
-3317
-3306
-3256
-3625
-3272
-2898
-3064
-3354
-2965
-2581
-2916
-3137
-3031
-2691
-3165
-3275
-3140
-2959
-2740
-2556
-1459
-30
1826
3488
5183
7069
8881
9913
10574
11167
11043
10573
8917
7546
5682
3667
1645
-917
-2591
-4077
-4800
-6079
-6548
-6213
-5900
-6175
-6289
-5238
-5443
-5707
-6133
-5852
-6155
-6776
-6547
-6778
-6444
-6011
-5394
-5199
-4505
-3197
-2660
-2656
-2136
-1071
-966
-952
-521
60
64
-367
-319
-519
-735
-905
-1193
-1414
-1499
-1327
-1259
-769
450
1582
1996
2579
3407
3925
4434
4883
5077
4580
4517
4545
4140
3793
3522
3355
2883
2772
3242
3009
2679
2580
2480
2274
1335
438
-728
-2226
-4443
-7142
-7128
1914
11989
15808
16792
22109
31552
30772
28985
29081
28602
21744
9283
3742
-2817
-8611
-15472
-20542
-22888
-23532
-20855
-20883
-17970
-13365
-9093
-10356
-12161
-8986
-8893
-11385
-15253
-14435
-14090
-15644
-13780
-10735
-6007
-2722
1496
4674
6999
10257
11558
10463
7805
6909
4006
-681
-3931
-4008
-3072
-4336
-3555
-1809
-262
115
-510
-225
-1642
-3166
-5330
-7471
-7710
-7147
-6257
-5762
-3327
290
3132
5048
7575
9895
9707
8602
7009
5643
3308
830
-1047
-2950
-3060
-2672
-1888
-757
1313
3342
3295
3304
3977
4197
2856
1558
976
324
-818
-1558
-1325
-1220
-486
10
464
1008
1764
2266
1752
1588
431
-1733
-5462
-1985
8385
15141
17168
17281
26730
32566
31484
29686
29042
29430
18265
7679
-8
-5390
-11154
-20314
-24640
-27009
-25097
-24536
-23649
-18934
-13076
-9483
-11211
-9703
-7014
-6202
-9073
-11391
-10091
-10939
-10855
-10059
-6244
-1524
1885
5872
7866
11026
13295
13289
11086
7793
5413
427
-4943
-8728
-10077
-11648
-13414
-11626
-8729
-5468
-3644
-863
1496
1859
2264
850
-209
-1830
-2673
-4120
-5764
-4522
-2943
-1495
-281
3054
5717
6423
7240
8215
8333
6329
4890
3093
993
-634
-1680
-2213
-2819
-1741
-818
-580
249
1588
2558
2007
1944
2154
1665
269
-339
-505
-825
-1183
-1409
-1059
-1157
-471
-531
-1067
-385
7142
15625
19822
20542
23875
31439
32042
29997
27002
26740
21914
10818
3057
-3401
-7257
-14383
-20610
-23274
-23819
-22496
-23322
-21241
-17077
-12972
-12425
-12805
-10145
-8070
-7775
-9224
-8271
-7128
-7008
-5782
-3470
570
3405
6320
8880
10242
11876
12143
11282
8394
4951
1490
-3118
-7394
-10700
-12471
-14034
-14900
-14449
-11779
-8352
-5671
-2585
1114
4271
4438
4112
4514
3701
988
-1432
-2645
-4136
-4990
-4464
-3314
-2297
-43
2266
3361
4873
6999
7605
6109
5337
4907
2763
167
-1005
-1914
-3496
-4414
-4214
-4021
-3599
-2204
-1119
-566
464
1848
2028
1534
1906
2051
799
-570
-805
-1567
-3114
-2007
6242
13999
17772
19088
23859
31212
32403
30918
28181
27746
22218
11510
3111
-2999
-6931
-14705
-20980
-23342
-22986
-22053
-22490
-19406
-14859
-11216
-10838
-10353
-7630
-5949
-6175
-7698
-7274
-6815
-6704
-5535
-3248
446
3165
6065
8659
10495
12282
12735
12164
9350
5662
2004
-2360
-6682
-10456
-12565
-14287
-15532
-14830
-12186
-9062
-6212
-2994
63
2178
3487
4508
4270
3064
1752
63
-1896
-3061
-2828
-2687
-2746
-1551
381
1709
2861
4543
5566
5286
4692
4163
3032
1568
500
-866
-2420
-3306
-3574
-3943
-4122
-3430
-2759
-2376
-1730
-590
4
57
483
802
627
89
-276
-626
-663
1259
7085
12772
17256
19943
24535
30311
31480
31145
28780
27556
21964
12728
5236
-1241
-6091
-13858
-19680
-22440
-23147
-23137
-23331
-20326
-16513
-13290
-12216
-10552
-7613
-5662
-5284
-6173
-5570
-5232
-5094
-4382
-2614
508
2689
5092
7417
9638
11751
12483
12300
10182
7341
4069
108
-4080
-7898
-10543
-12969
-14756
-15205
-13436
-10926
-8590
-6235
-3557
-512
1074
1851
2341
2582
1795
-62
-1025
-1327
-1587
-1851
-1511
-453
657
1931
3083
3986
4715
4921
4192
3045
2487
1729
140
-1506
-2193
-2704
-3622
-3998
-3743
-3348
-3258
-2880
-2220
-1689
-1145
-758
-810
-690
-499
-577
-368
808
5946
11446
15515
18301
21744
28020
29752
29578
28255
27497
24437
15988
9537
3861
-583
-7391
-14215
-17460
-19370
-20122
-21630
-20580
-17724
-15230
-14371
-13678
-10836
-8543
-7704
-8183
-7362
-6089
-5792
-4920
-3384
-418
1936
4006
6376
8357
10778
12040
12369
11255
9216
7099
3667
-126
-3982
-6856
-9532
-12201
-13416
-12858
-11231
-10122
-8507
-6130
-3539
-2042
-1044
428
1222
1003
-154
-556
-670
-944
-1209
-1266
-508
330
1349
2156
3261
4358
4562
3988
3311
3098
2252
799
-580
-1486
-2414
-3532
-4143
-4313
-4137
-4227
-4080
-3688
-3159
-2615
-2407
-1942
-1505
-1189
-1085
-648
1054
5965
11093
15308
18086
22480
28644
30345
30891
30076
30203
26175
18156
12157
6122
812
-7380
-14008
-17972
-20604
-22100
-23813
-22468
-19771
-17199
-16241
-14684
-11163
-8494
-7662
-7925
-6685
-5732
-5652
-5116
-3434
-635
1259
3458
5952
8688
11644
13335
14161
13384
12096
10059
6514
2542
-1419
-4767
-8501
-11923
-13602
-13633
-13112
-12363
-10468
-7952
-5675
-3798
-1610
167
639
621
147
-260
-802
-1014
-1174
-1620
-1071
-183
688
1545
3055
4274
4168
3944
4023
3716
2383
1262
182
-1410
-3004
-3859
-4419
-5236
-5475
-5140
-4849
-4732
-3817
-3064
-2831
-2498
-1491
-666
-337
1155
5835
10761
14526
17370
21320
26994
28914
29747
29101
29158
26402
19440
13836
8281
3711
-3906
-10896
-14962
-17818
-19917
-22465
-21913
-19914
-18135
-17458
-16009
-12750
-10184
-9065
-8853
-7326
-5930
-5346
-4649
-3141
-472
1320
3182
5370
7896
10544
11991
12940
12633
11651
10097
7204
3836
127
-3061
-6597
-10249
-12081
-12429
-12508
-12787
-11576
-8916
-6909
-5521
-3191
-695
298
227
581
1051
376
-156
-304
-465
-612
-276
466
879
1921
3103
3312
3106
3559
3855
2677
1418
929
-142
-2252
-3644
-3928
-4787
-5992
-6036
-5545
-5498
-5445
-4464
-3604
-3076
-1923
-669
307
2448
7968
12590
15609
18020
23219
27775
27996
28580
28543
28463
23311
17251
12713
7653
2495
-5091
-10411
-14362
-16992
-19659
-21861
-20776
-19114
-18227
-18195
-15835
-12560
-10944
-10377
-9264
-7285
-6619
-5954
-4529
-2364
-106
1624
3904
6110
8854
11347
12652
13291
12973
12271
10133
7192
4169
770
-2888
-6784
-9506
-11017
-11769
-12406
-12386
-11032
-9159
-7503
-6071
-3753
-1765
-1036
-914
-270
572
214
-277
-200
241
338
445
1229
2201
2959
3275
3404
3614
3806
3323
2225
1239
541
-682
-2380
-3522
-4005
-4874
-6063
-6303
-6045
-5902
-6092
-5554
-4728
-3962
-3285
-1978
-453
3208
8523
12731
16325
19100
25188
28194
28938
29234
29072
28250
21736
16883
12116
7439
1161
-6113
-10169
-14074
-16554
-19530
-20574
-19613
-18614
-18262
-17962
-15257
-12687
-11522
-11354
-9845
-7970
-7435
-6546
-4887
-2244
-348
1432
4009
6510
9511
11572
12936
13483
13259
12671
10281
7595
4613
1436
-2323
-6038
-8102
-9575
-10809
-11942
-11604
-10523
-9498
-8393
-6677
-4656
-3824
-3139
-2468
-1516
-1136
-1029
-556
-333
315
846
1564
2290
3163
3880
3783
3816
4066
3972
2892
1961
1402
257
-1215
-2297
-2850
-3899
-5105
-5246
-5203
-5546
-5768
-5593
-5059
-5105
-4577
-3665
-2477
-404
4309
9085
13158
16229
20942
26474
28057
29368
29089
29523
25853
19859
15528
10356
5470
-2179
-7720
-11596
-14749
-17323
-19670
-19180
-18233
-17592
-17539
-15911
-13231
-11817
-11561
-11061
-9381
-8640
-8225
-7049
-4872
-2492
-892
1603
4495
7629
10379
12107
13644
14002
13738
12292
9944
7365
3978
349
-3725
-6916
-8901
-10286
-11382
-11854
-10840
-9659
-8550
-7139
-4693
-3076
-2556
-1991
-1194
-803
-1428
-1220
-1240
-1393
-1412
-701
238
903
2216
3025
3394
3900
4748
4678
3733
3299
2687
1043
-692
-1424
-2449
-4214
-5300
-5449
-5679
-6424
-6091
-5391
-5195
-4959
-4081
-3073
-2219
-922
2947
7647
11269
14785
17805
23583
26175
27526
28039
28069
27401
21438
17262
12832
8534
1999
-5061
-8664
-12442
-15550
-18653
-19144
-18427
-18326
-18282
-17293
-14765
-12991
-12111
-11645
-10095
-8691
-8273
-7333
-5568
-3060
-1597
41
2918
5775
8497
10304
12215
13258
13039
12473
10858
8812
5740
2465
-1047
-4522
-7039
-8564
-9596
-10510
-10451
-9635
-8148
-7055
-5358
-3773
-2955
-2591
-2542
-1832
-1980
-2105
-2257
-2197
-1845
-1401
-201
894
2044
3051
3777
4426
4907
5099
4638
3676
2687
1485
90
-1198
-2200
-3304
-4308
-5047
-5151
-5097
-5200
-5043
-4864
-4613
-4400
-4065
-3422
-2259
-793
3558
7564
11871
14923
18980
24763
26341
28191
27695
28447
25541
19730
15857
10726
6156
-1382
-6801
-10636
-14119
-16786
-19101
-18789
-18170
-17470
-17201
-15664
-13269
-11757
-11249
-10809
-9194
-8493
-8121
-7112
-5188
-2945
-1588
879
3745
6653
9386
11247
13058
13402
13301
12273
10276
7890
4620
1288
-2499
-5538
-7839
-9558
-10746
-11182
-10319
-8982
-7381
-5951
-3895
-2149
-1431
-1264
-1012
-633
-1627
-2506
-2639
-2521
-2787
-2699
-1212
78
1030
2199
3695
4721
5222
5514
5239
4426
3423
2167
335
-1153
-2265
-3792
-5237
-5774
-5554
-5783
-5943
-5221
-4636
-4237
-3976
-2767
-2545
-1960
-876
2219
6623
9561
13668
16456
22084
24943
26305
27677
27593
27370
21621
17640
13406
8543
2187
-4833
-8536
-12848
-16171
-18862
-19419
-18868
-18629
-17911
-16750
-14292
-12459
-11310
-10716
-9488
-8187
-7994
-7131
-5652
-3470
-1979
-342
2652
5400
8259
10429
12416
13538
13401
13150
11468
9495
6660
3480
-236
-3692
-5618
-7885
-9550
-10595
-10089
-10001
-9799
-8037
-6419
-5439
-5285
-3874
-3121
-3156
-2810
-2156
-1842
-2098
-1164
-247
511
1530
2841
3504
3666
4594
4972
4385
3945
3918
3037
1256
513
245
-1151
-2686
-3265
-3339
-4308
-4854
-4649
-4714
-5022
-5088
-4741
-4468
-4388
-3204
-2165
1070
5980
9900
13852
16776
23062
25988
27085
28082
27980
27055
20943
16879
12178
7039
846
-5638
-9539
-13489
-15828
-18096
-18742
-17983
-17048
-16632
-16074
-13787
-12067
-11563
-11644
-10467
-9379
-9348
-8357
-6581
-4173
-2278
114
3377
6185
9462
11937
13607
14298
14216
13737
11459
9084
6372
3127
-637
-3898
-5862
-7872
-9271
-9996
-9756
-9543
-8693
-7225
-6109
-5139
-4594
-3847
-3784
-3567
-3074
-2973
-2795
-2427
-1435
-744
251
1758
2916
3603
4084
4941
5069
4649
4287
3801
2716
1361
456
-421
-1542
-2711
-3401
-4018
-4491
-4630
-4801
-4903
-4771
-4563
-4571
-4429
-4190
-3260
-2622
326
5257
9082
13093
15832
21976
25409
26726
27968
27716
27538
21812
17402
12794
7850
2000
-5094
-9087
-12847
-15435
-17868
-18629
-17642
-16939
-16655
-15862
-13604
-11871
-11360
-11380
-10463
-9539
-9457
-8591
-7075
-4715
-2689
-529
2749
5703
9116
11534
13360
14439
14381
13909
11874
9440
6540
3197
-406
-3978
-6419
-7884
-8943
-9598
-9642
-8617
-7217
-6306
-5274
-4053
-3358
-3643
-3975
-3475
-3400
-4030
-4024
-3374
-2664
-2067
-556
1385
2602
3708
4803
5533
5784
5762
5320
4100
2896
1855
294
-1141
-1860
-2633
-3955
-4734
-4264
-4275
-4741
-4574
-3713
-3723
-4212
-3916
-3315
-3611
-3544
-2336
1022
5425
9035
13247
16485
22456
25586
27146
28104
28030
27125
20844
16453
11813
6709
-27
-6694
-10215
-14130
-16745
-18619
-18549
-17716
-16912
-16087
-15088
-13052
-11364
-10728
-10938
-10235
-9313
-9177
-8444
-6739
-4215
-2235
151
3647
6835
10102
12479
14307
14899
14546
13815
11449
8523
5322
2055
-1601
-4993
-6824
-7754
-8920
-9456
-9047
-7924
-7178
-6514
-5089
-4308
-4260
-4550
-4187
-3793
-4050
-4033
-3485
-2724
-1838
-586
1081
2584
3739
4782
5242
5633
5781
5307
4264
3129
2279
881
-521
-1243
-1808
-2910
-3853
-3915
-3840
-4349
-4354
-3962
-3774
-4177
-4181
-3943
-3777
-3870
-3619
-2572
-299
4776
8298
12309
15644
21115
25444
25826
27776
27617
27134
21650
16414
12692
7088
1339
-5621
-9504
-12941
-15810
-17774
-18400
-17113
-16304
-16001
-15360
-13178
-11425
-11233
-11323
-10487
-9433
-9553
-8780
-6791
-4411
-2172
22
3550
6729
9864
12423
13935
14848
14468
13578
11269
8433
5477
2005
-1490
-4913
-6753
-7972
-8668
-9097
-8881
-7751
-7046
-6002
-5170
-4069
-4006
-4459
-4329
-4089
-3915
-4227
-3544
-2683
-1780
-571
1179
3048
4182
5193
5849
6139
6064
5546
4590
3247
2054
723
-678
-1592
-2134
-2875
-3809
-3963
-3889
-4051
-4291
-3822
-3613
-4017
-4169
-3915
-3831
-4067
-4120
-3433
-2497
578
5756
9501
13512
16821
22847
25931
26670
28028
27553
26131
19691
14926
10415
5068
-1001
-7496
-10918
-13975
-16215
-17884
-17797
-16269
-15597
-15553
-14598
-12459
-11211
-11352
-11398
-10422
-9705
-9598
-8238
-5997
-3267
-967
1668
5323
8435
11622
13543
14757
15043
14093
12555
9714
6847
3562
20
-3349
-5983
-7430
-8567
-9126
-8974
-8389
-7841
-7136
-5889
-4977
-4813
-4837
-4543
-4435
-4510
-4132
-3386
-2675
-1888
-365
1263
2787
4285
5485
6083
6084
6266
5867
4805
3684
2568
1200
-364
-1150
-1635
-2496
-3317
-3505
-3571
-3844
-3893
-3801
-3672
-3968
-3973
-3948
-3860
-3855
-3760
-3740
-3418
-2269
210
5323
9249
12977
16114
21274
25781
26030
26849
26750
25942
20201
14229
10899
6262
182
-6592
-9954
-12325
-15177
-17087
-17163
-15867
-15385
-15599
-14964
-13041
-11613
-11710
-12013
-11109
-9787
-9503
-8436
-5881
-2862
-473
1734
5328
8640
11339
13230
14310
14542
13337
11708
9225
6216
2950
-497
-3738
-6615
-8169
-8814
-9067
-9380
-8833
-7566
-6403
-5558
-4447
-2797
-2865
-3438
-3362
-2438
-2579
-3371
-2342
-1361
-920
-219
2021
3873
4247
5140
6184
6265
5700
5482
4688
2867
1519
504
-1064
-2395
-2618
-3306
-4741
-4887
-4027
-4252
-5067
-4171
-3308
-3644
-3978
-2795
-2164
-2957
-2752
-1724
-1690
-2036
-802
3457
8065
11066
14407
17708
23220
25396
25607
25841
25491
23295
16177
11599
8222
3514
-3302
-8946
-11044
-13629
-16250
-17319
-16447
-15454
-15335
-15131
-13926
-12069
-10901
-10933
-10976
-9758
-8458
-7923
-6384
-3594
-604
1273
3667
7176
9882
11928
13029
13614
12592
10923
9210
6369
3100
-132
-3007
-5964
-8166
-8175
-8543
-8724
-8407
-7082
-6026
-5997
-4231
-3635
-3626
-4427
-4003
-3539
-4042
-3313
-2464
-1517
-894
991
2914
4119
5356
6436
6561
6015
5959
5311
3605
2091
1119
-214
-1879
-2198
-2100
-2898
-3512
-3339
-2804
-3343
-3377
-3124
-3165
-3499
-3518
-3112
-3190
-2885
-2549
-2247
-1804
-1037
-687
-72
2603
8102
11576
13588
16218
21145
24650
23711
23723
23745
22545
16731
10957
8073
4542
-884
-7261
-10425
-11769
-13878
-16224
-16544
-14851
-14220
-15203
-14891
-12474
-10782
-11159
-11245
-9733
-8043
-7451
-6134
-3431
-639
1569
3441
6175
8735
10776
11717
11601
10982
9632
7800
5202
2507
-136
-2926
-5588
-7461
-8275
-8257
-8262
-7985
-7287
-5751
-4149
-3464
-2838
-2263
-1786
-2584
-2962
-2306
-1945
-2381
-2314
-725
479
1113
2482
4350
4990
4791
5192
5566
4815
3625
2686
1415
-132
-1193
-1987
-2801
-3268
-3441
-3968
-4140
-3302
-2844
-3261
-3261
-2282
-1999
-2439
-1804
-853
-950
-1328
-769
186
-49
-316
256
1867
6007
9647
12407
14372
18559
23125
22961
22647
22864
22794
17728
11388
8474
5061
-110
-6367
-9750
-11469
-13545
-15313
-15945
-14606
-13249
-13388
-13787
-12119
-9776
-9649
-10535
-9704
-7617
-7199
-6797
-4424
-1345
824
2296
4904
7404
9262
10400
10417
9727
8383
6781
4202
1478
-648
-2915
-5448
-7322
-7246
-7125
-7060
-6678
-5287
-3984
-3894
-3056
-2525
-2004
-2861
-3386
-3152
-3189
-2958
-2784
-1550
-548
463
1677
3051
4261
4756
4850
4589
4247
3527
2377
1124
271
-445
-1628
-2279
-2113
-1853
-2220
-2499
-1768
-1526
-1880
-2058
-1792
-1812
-2248
-2114
-1544
-1276
-1095
-626
-37
444
651
1118
984
1006
1196
4432
8740
11253
12846
15135
20698
22006
21161
20967
21564
19211
11987
8031
5770
2047
-4312
-9220
-10490
-12065
-14206
-15419
-14243
-12529
-12540
-13153
-12258
-9832
-9076
-9911
-10028
-8355
-7234
-7322
-5677
-2824
-154
1079
2979
5752
7722
9039
9262
9060
7880
6208
4307
1962
-63
-2192
-4357
-6294
-7132
-7040
-6678
-6232
-5438
-4126
-3496
-2820
-2197
-1036
-626
-1519
-1784
-1798
-1473
-1998
-1825
-885
-623
-395
253
1755
2502
2604
2815
2886
2746
2458
2183
1726
1177
539
-273
-805
-677
-700
-1557
-2053
-1876
-1812
-2313
-2206
-1411
-1509
-1797
-1235
-84
372
312
820
1237
1138
860
936
922
147
-473
-339
3931
8136
10949
12559
15966
21573
21699
21432
21330
21721
17613
10324
6895
3815
-213
-6124
-9877
-11059
-12411
-13694
-14284
-12745
-11056
-11380
-12513
-11807
-9865
-9995
-11259
-11245
-9563
-9059
-8549
-5918
-2600
366
2036
4634
6946
8711
9930
9630
8698
6872
4992
2630
180
-1505
-3070
-4719
-6086
-6353
-5511
-4645
-4273
-4022
-3307
-2563
-2856
-3139
-2868
-2865
-3987
-4797
-3990
-3099
-2869
-2108
-438
685
1141
2191
3614
4081
3812
3638
3359
2966
2633
2210
1691
1416
1372
756
368
743
688
-399
-1129
-855
-1140
-2045
-2227
-1643
-1817
-2239
-1652
-651
-100
164
801
952
1057
1070
836
667
419
80
-955
-732
4344
8958
11562
12905
16880
22499
22092
21485
20996
20974
16223
8461
4641
1845
-1653
-7583
-11406
-11808
-12131
-13487
-14232
-12202
-10214
-11228
-13181
-12475
-10617
-11042
-12431
-12283
-10116
-8980
-7722
-4580
-640
3023
4651
6675
8768
10274
10552
9045
7563
5451
2941
335
-1643
-2834
-4099
-5368
-6223
-6293
-5718
-4942
-5171
-5442
-5358
-4803
-5098
-5427
-4414
-3746
-3769
-3877
-1901
-42
881
2122
3832
4920
4539
4692
5123
4628
3611
2523
1951
1402
1342
1428
1361
1725
1900
1554
1075
1363
1043
-380
-1651
-1879
-2390
-3460
-3440
-2775
-2474
-2623
-1669
-258
533
1102
1633
2192
2229
2055
1861
1589
1319
880
185
-350
-432
787
5613
9970
12695
13731
17123
21519
20323
18599
17143
16394
10725
3351
554
-1258
-4255
-9029
-10877
-10274
-10278
-11186
-11422
-9765
-8901
-10586
-12864
-12317
-10682
-11205
-12215
-11112
-7921
-6327
-4699
-1092
2857
5437
5862
6874
7682
7675
6541
4428
2611
586
-1364
-3116
-3786
-3678
-4006
-4597
-4897
-4588
-4125
-4196
-4672
-5645
-5654
-5587
-5738
-5195
-3711
-1917
-1707
-570
1539
3254
3664
4077
4918
4550
3725
3445
3670
3237
2709
2487
2413
2572
2836
2927
2638
2429
1942
750
-37
-310
-853
-2175
-2805
-2385
-2253
-2194
-1500
-418
-67
-37
554
1282
1369
1483
1517
1491
1566
1511
1601
1439
1631
1299
802
116
-369
-1176
427
5542
8689
10281
10641
15631
18359
16691
15411
14767
14180
7692
2452
521
-590
-3638
-8030
-9067
-8259
-8265
-9932
-10282
-8470
-8154
-10690
-12921
-11483
-10246
-11195
-12044
-10296
-7222
-6269
-4520
-1552
1980
3688
3576
4101
4618
4867
3520
1936
984
47
-1228
-2267
-2137
-1806
-2060
-2762
-3334
-3510
-3819
-3969
-4878
-4917
-4141
-3666
-2947
-2086
498
992
1277
2293
3508
3536
2574
3289
3158
2189
1472
2060
2190
1989
2388
2772
2792
2842
3258
2699
2008
2034
1261
-14
-649
-312
-840
-1793
-1162
-371
-392
-573
398
1001
709
598
945
992
567
540
591
530
567
588
270
83
56
-385
-1025
-1384
-1886
-2781
-3102
1826
6813
9806
10698
13308
18801
18339
16889
15045
15286
11844
4477
795
-390
-825
-4809
-7789
-7227
-6382
-7503
-9889
-9395
-8323
-10213
-14148
-15515
-13618
-13131
-13817
-13384
-9734
-6654
-5108
-2800
750
4145
4257
3543
3397
3973
3438
1704
1001
903
825
152
298
1422
1956
1440
-36
-1132
-2116
-3220
-4327
-5469
-5019
-4376
-3755
-3164
-1271
1212
1662
1548
1969
2918
2166
1080
1274
1526
865
377
1423
2621
3275
3761
4304
4539
4429
4220
3414
2624
2033
1036
-167
-674
-101
-247
-757
-598
-11
-195
-778
-521
-382
-856
-1538
-1465
-1233
-1225
-1035
-586
-114
69
468
419
687
617
306
-282
-697
-972
-1562
-2350
445
6349
10134
12050
12185
17158
18837
16766
14031
12661
12150
5268
-164
-2342
-1640
-3170
-7248
-7905
-6847
-6480
-9210
-11157
-10119
-10388
-13415
-16866
-15752
-13238
-12497
-12483
-9837
-5279
-3020
-1643
362
3864
5018
3867
2769
2857
3626
2801
2275
2506
3344
3409
2644
2918
3154
2639
494
-1914
-3652
-4873
-5301
-5737
-5777
-5375
-3867
-2190
-636
720
2032
2277
1360
923
898
1105
544
661
1401
2018
2911
4102
5467
5784
5494
5009
4055
2942
1991
1298
200
-656
-798
-687
-540
-169
368
199
-483
-938
-1224
-1661
-2102
-2244
-2346
-2334
-1849
-1034
-251
355
1007
1325
1260
1214
1028
659
86
-131
-656
-930
-1444
-1467
-1978
-1075
4442
9016
12083
11045
13483
16717
15453
12555
9265
9862
6234
817
-2675
-2354
-1023
-3603
-5977
-6559
-5289
-6528
-9978
-11294
-10930
-11383
-14915
-16248
-13743
-10580
-9410
-8727
-5296
-1858
-25
341
1903
3726
3932
2772
1718
2432
3376
3781
3631
3900
4640
4494
3685
2719
1988
501
-1794
-4129
-5576
-5845
-5292
-4550
-4055
-2573
-1094
244
257
679
1260
476
-617
-1388
-521
34
597
1535
2585
3632
4337
4989
4891
4644
4124
2970
1623
919
1238
998
552
554
973
924
348
113
-393
-1231
-2455
-3125
-3503
-3544
-3008
-2430
-1758
-1081
-118
609
873
1032
1164
1034
530
336
246
201
251
340
253
149
-63
-370
-1443
-1190
3367
7823
10494
9160
10711
13937
14197
11504
8052
8686
6786
2674
-2100
-2419
-536
-1535
-4274
-6481
-5237
-5013
-7587
-10245
-10605
-9689
-11400
-13550
-12885
-9527
-7024
-6449
-5236
-2770
-334
359
745
1514
2514
2486
1846
1714
2530
3750
4324
4426
4187
3926
3340
2374
927
-822
-2468
-3953
-5317
-6284
-5927
-4463
-2788
-1801
-938
89
787
1036
468
-128
-988
-1368
-1205
-613
517
1913
3405
4065
4403
4743
5047
4496
3261
2169
1404
840
484
506
674
787
741
416
-234
-911
-1460
-2184
-3079
-3728
-3781
-3321
-2641
-1706
-779
165
834
1294
1415
1355
1159
901
532
112
165
427
700
728
821
864
626
98
-921
-1828
-3055
-862
3609
8344
10010
9256
11241
13119
13750
10346
7964
6740
5263
1946
-1371
-1371
-325
378
-1641
-3501
-4207
-4576
-5915
-8309
-9955
-10764
-11642
-12023
-11384
-9427
-7319
-5224
-3459
-2423
-1958
-1371
-165
373
-33
-657
-402
733
1738
2569
3479
4329
4673
3781
2473
1363
532
-761
-2600
-4119
-4849
-4652
-3718
-2141
-672
251
929
1113
716
-263
-852
-1124
-1601
-1860
-1388
-155
1104
2373
3390
3751
3461
3210
2948
2251
1419
980
850
652
643
1107
1439
1370
1066
525
-396
-1468
-2061
-2493
-2903
-3064
-2556
-1849
-1112
-183
758
1366
1497
1572
1379
934
609
564
579
661
960
1410
1486
1344
1181
876
115
-805
-1675
-2610
-3482
-3922
-1176
3709
9310
11586
11345
11358
12029
12446
10186
7465
4757
3179
1478
549
306
662
1187
1000
22
-2099
-4869
-7294
-9006
-10143
-11280
-12606
-12762
-11677
-9367
-7424
-5787
-4597
-3648
-3234
-3331
-3221
-2999
-2334
-1474
-339
909
2032
3335
4632
5530
5544
4492
2946
1269
-89
-1179
-1853
-2216
-2300
-2122
-1628
-671
443
1229
1354
546
-557
-1754
-2412
-2558
-2389
-1901
-1376
-450
422
1359
1915
2268
2184
1854
1391
887
720
901
1467
2085
2467
2608
2453
2110
1647
1031
323
-517
-1159
-1519
-1394
-989
-370
261
786
1179
1341
1324
1116
724
353
102
6
-79
-101
77
356
648
869
1087
1045
686
155
-380
-756
-965
-1143
-1373
-1755
-1385
694
4351
8416
10749
11133
9976
8346
6795
5397
4495
3554
2694
1905
1556
1455
1287
958
236
-901
-2554
-4656
-6965
-9156
-10496
-10798
-10062
-8661
-7243
-6230
-5824
-5466
-5018
-4533
-4322
-4319
-4402
-4383
-3952
-3040
-1626
-44
1432
2483
2980
2950
2486
1695
807
106
-233
-225
33
334
763
1209
1633
1927
2053
1952
1355
431
-625
-1547
-2281
-2558
-2320
-1587
-732
165
835
1206
1253
1096
929
861
967
1131
1367
1715
2251
2698
3122
3311
3315
2905
2327
1742
1143
715
438
351
331
564
984
1346
1585
1632
1321
923
662
263
-253
-561
-282
-38
-10
349
635
706
501
400
286
123
120
55
-225
-550
-619
-492
-467
-456
-550
-929
-1428
-1872
-1892
-1276
66
1688
3162
4080
4374
3858
2754
1498
461
-136
-279
126
887
1798
2395
2409
1867
946
-197
-1339
-2368
-3109
-3665
-4002
-4153
-4103
-3881
-3657
-3550
-3704
-3916
-4154
-4391
-4658
-4857
-4878
-4641
-4136
-3364
-2414
-1445
-585
38
359
418
308
142
-49
-87
146
584
1132
1700
2204
2460
2516
2579
2732
2895
3002
2989
2802
2394
1897
1337
787
343
209
360
633
959
1305
1542
1407
1094
865
815
838
967
1268
1562
1714
1711
1517
1168
791
547
375
226
280
484
708
881
995
936
545
125
-116
-289
-566
-768
-689
-476
-393
-500
-629
-785
-943
-1035
-995
-890
-815
-730
-681
-621
-569
-563
-614
-695
-738
-800
-938
-1035
-1089
-1146
-1305
-1487
-1548
-1450
-1172
-832
-279
444
1248
1850
2108
2063
1785
1388
913
545
434
631
1026
1476
1943
2267
2268
1918
1305
605
-161
-809
-1292
-1509
-1494
-1308
-1067
-989
-1076
-1353
-1752
-2222
-2677
-3000
-3210
-3254
-3101
-2756
-2306
-1895
-1501
-1178
-958
-906
-950
-1022
-1063
-1009
-812
-453
-6
482
957
1376
1701
1944
2126
2269
2356
2429
2484
2532
2473
2320
2125
1964
1813
1617
1466
1411
1390
1308
1179
1078
964
810
650
535
478
376
270
85
-55
-197
-298
-432
-539
-522
-448
-332
-321
-331
-427
-525
-646
-787
-867
-899
-877
-829
-690
-517
-459
-502
-611
-681
-742
-778
-827
-928
-996
-1048
-1008
-907
-711
-579
-573
-557
-482
-389
-414
-415
-376
-356
-394
-381
-249
-112
-2
90
177
278
427
710
1039
1352
1624
1829
1965
1965
1934
1875
1829
1740
1640
1597
1604
1641
1560
1345
979
551
144
-237
-570
-880
-1129
-1329
-1453
-1494
-1504
-1509
-1547
-1566
-1587
-1586
-1588
-1571
-1540
-1470
-1354
-1200
-1042
-884
-749
-685
-681
-689
-643
-540
-348
-167
-174
-309
-342
-138
158
402
675
952
1081
960
667
270
-65
-237
-138
157
469
741
931
1038
1043
1124
1018
732
559
535
505
279
105
158
227
139
304
471
289
177
240
376
267
-27
-130
-153
-161
-61
13
15
110
179
28
-237
-420
-447
-455
-557
-530
-351
-237
-139
-106
-211
-269
-164
-82
0
62
194
435
410
357
383
285
191
214
260
316
282
146
-17
-287
-422
-297
-130
-55
-57
-133
-209
-181
-106
81
403
710
936
1015
917
821
732
578
539
643
830
962
977
953
836
643
399
99
-145
-291
-359
-390
-463
-538
-581
-683
-823
-910
-1055
-1261
-1380
-1514
-1715
-1777
-1659
-1610
-1708
-1679
-1332
-1029
-1205
-1206
-973
-1290
-1297
-713
-456
-438
-409
-140
-26
-389
-193
271
73
167
822
1007
728
546
412
349
562
1001
1193
1113
1208
1068
806
722
707
653
601
955
1136
899
1086
1084
658
563
604
423
170
344
544
341
271
517
755
552
226
338
315
129
344
261
60
463
585
143
-35
151
190
-95
-214
22
-46
-235
-179
-381
-727
-586
-387
-407
-292
-277
-415
-324
-226
-247
-441
-612
-385
-309
-453
-355
-215
-308
-360
-323
-227
-128
-24
-6
21
47
-76
-158
-1
222
317
378
441
324
155
86
-20
15
44
64
105
47
-14
-70
-168
-243
-393
-531
-532
-402
-443
-693
-905
-1102
-1067
-696
-604
-767
-801
-813
-832
-854
-651
-634
-824
-740
-465
-186
81
-151
-142
140
503
477
312
558
403
122
471
703
613
694
517
593
934
962
611
664
617
-250
-310
393
256
385
763
488
704
1116
735
435
622
546
303
954
996
494
353
654
527
468
472
429
612
570
275
209
361
-245
-270
-104
62
395
464
-237
-630
-618
-400
-392
-703
-495
-195
-283
-236
-277
-572
-395
-208
-398
-551
-444
-341
-494
-550
-414
-573
-535
-294
-386
-375
-34
-165
-612
-555
-302
-347
-388
-576
-899
-657
-103
-84
-160
7
117
-89
-39
5
-298
-223
172
143
-29
221
311
280
411
120
-4
337
342
-29
-77
100
158
355
424
529
381
219
234
291
12
-81
124
246
443
158
-164
-235
-97
-133
-263
-192
76
69
208
-64
-499
-436
-593
-580
-419
-630
-265
662
253
-35
408
-122
-173
92
-85
23
427
773
1068
689
178
392
3
-320
655
895
-150
384
427
181
458
392
105
-17
30
-32
429
130
-17
272
-52
-151
-143
-12
84
123
469
324
39
-47
100
-344
-424
-180
-256
175
112
7
95
-277
-418
594
229
-424
-364
-611
-776
-676
-546
-486
190
107
-57
-185
-303
-337
-592
-696
-781
-670
-147
129
-146
-297
-291
-335
-205
-308
-350
-674
-509
-75
-166
-41
255
131
-12
-15
124
491
279
309
117
76
390
904
935
440
500
543
495
588
613
2
-159
647
44
144
379
28
-80
-399
-149
-163
-441
331
529
-689
-447
-124
-269
353
567
447
577
-330
-583
368
328
235
201
313
189
-292
427
427
185
-6
-702
-566
-153
-324
-655
89
-71
-116
109
-582
-590
-1182
-500
705
-339
-538
-235
-346
-298
260
599
527
497
-10
-212
185
85
307
1197
540
-166
102
-157
-57
465
540
380
-84
-708
-386
165
-87
450
313
-220
-439
-778
-725
-763
-612
-87
19
-406
-410
-533
137
530
559
-48
-545
-536
-914
5
527
204
546
430
84
132
901
140
-137
116
-426
-369
512
1508
512
383
797
359
-324
-281
372
185
-549
-72
208
-199
-364
556
818
678
498
-635
-870
-560
-440
-132
479
205
-201
-140
-95
220
-217
-324
17
-334
-461
-557
-314
45
420
-76
-602
186
-142
-1040
-559
-345
-223
-54
-43
55
-123
-287
-243
-555
-658
-327
-37
298
-17
-95
-13
73
139
68
-68
137
484
537
784
1172
774
-210
-10
456
400
515
326
607
625
491
657
362
126
-41
-42
239
307
-50
222
534
419
60
-236
-206
-418
-81
37
-73
-410
-629
-831
-523
-122
-485
329
-13
-1122
-655
-528
-675
-264
255
-436
-791
-352
-894
-915
-145
133
318
451
228
-385
-486
654
345
-433
91
-161
-210
469
697
692
512
429
-7
162
-184
143
474
140
-97
96
479
325
-25
-29
675
156
-48
-321
121
339
115
579
301
-185
104
190
199
408
325
471
114
-11
-261
-120
-85
-346
129
-262
-213
89
-188
-696
-537
-315
-181
51
-276
-616
-673
-273
-148
13
-186
-286
210
-172
-467
-230
133
23
4
-61
-205
470
186
-305
248
222
-240
21
81
142
107
405
366
154
312
372
319
16
-250
-287
-231
182
341
32
-196
-513
97
183
-50
71
-395
-750
-98
299
-122
-138
27
290
356
107
-45
-179
56
46
140
156
-12
81
51
367
135
-3
282
-77
-221
-195
-99
31
34
-161
-200
-26
98
335
191
-99
-116
-100
38
85
292
-40
-155
197
221
162
400
416
-100
329
555
-59
-153
312
267
417
535
209
-46
-213
-421
-63
-104
-629
-178
42
-230
-329
-248
-246
-75
-252
-631
-689
-476
-483
-238
-52
20
149
60
200
-215
-383
-7
77
-58
28
46
-30
-211
110
385
36
-69
-224
-127
-310
-224
389
244
-50
261
189
-335
-252
-108
3
171
336
189
-151
47
13
-375
-180
274
168
120
199
-269
-319
150
246
333
405
182
-81
86
106
-1
335
481
310
468
77
-142
-24
59
309
469
299
-78
-159
-226
-107
61
252
141
53
-125
-282
-323
-127
47
61
153
60
-85
-138
-188
-221
-41
256
249
23
-121
-86
28
-58
91
293
222
-151
-280
-309
-74
57
-49
407
394
-39
-141
-260
-333
-123
-219
-185
227
-51
-385
-322
-141
-102
64
99
-321
-312
-317
-398
-403
-167
114
268
156
-222
-347
-309
-158
-180
80
207
92
54
-110
-287
-403
186
605
387
276
184
-82
-207
160
202
-152
264
473
-21
72
-164
-283
138
328
292
185
-5
-97
-74
-156
38
245
232
352
148
-173
-34
64
95
318
359
344
412
-4
-242
-116
-157
-199
351
417
93
167
-5
-228
-213
66
74
169
201
12
-194
-332
-96
20
79
273
279
82
-131
-277
-338
-177
85
-68
-183
95
-145
-309
-137
-360
-336
-80
-93
-271
-169
-29
-126
-149
-163
-150
14
78
-7
155
147
-113
-44
-12
-18
104
154
206
179
24
-45
-113
-109
12
-43
-66
-220
-224
-10
-221
-249
-201
-250
-14
160
-60
-150
2
-73
-123
127
282
146
108
93
57
52
115
166
149
313
377
113
-84
0
168
114
155
244
81
-46
148
200
-87
-16
148
89
114
175
48
-12
43
-17
-32
121
88
-26
90
86
-2
-14
-69
-31
3
77
158
42
-7
-78
-133
29
180
17
-22
29
-103
-21
3
-96
-113
-101
-42
-53
-154
-144
-98
-118
-83
-65
-29
-35
-131
-245
-160
-62
-207
-88
30
-50
-41
-34
-57
-126
-136
-120
-218
-103
151
10
-189
-97
-47
-133
-17
126
-32
-45
21
-57
-63
11
50
57
162
138
18
22
24
40
93
188
188
91
88
46
-34
111
163
27
63
98
50
90
67
-25
-11
-30
-38
46
86
60
63
83
-5
-94
-28
22
19
97
104
61
76
48
-1
8
-49
-49
89
133
62
10
-30
-72
-19
41
31
-9
-87
-88
-43
-90
-103
-49
-4
43
41
3
-25
-88
-109
-29
-64
-115
6
68
80
123
54
-9
19
-19
-68
-39
-48
-43
61
82
18
6
5
1
-5
-9
11
-29
-51
53
71
-26
-33
-6
-45
-38
19
29
-20
-81
-86
-69
-67
-11
4
-65
-73
-82
-130
-98
-70
-92
-33
19
-48
-104
-101
-116
-94
-12
31
23
21
18
11
10
3
18
45
55
46
58
61
38
63
109
94
53
65
63
30
53
77
35
6
43
70
61
66
87
81
66
61
50
30
27
29
45
55
44
56
60
24
11
12
-28
-51
-10
-4
-39
-31
-10
-36
-57
-54
-70
-95
-77
-39
-36
-43
-54
-62
-63
-57
-47
-40
-38
-41
-28
-19
-15
-14
-18
-10
16
23
7
9
8
-6
1
33
49
47
42
33
10
-5
1
12
19
30
34
14
-2
-13
-20
-21
-10
-2
-4
-7
-12
-11
-18
-22
-13
-8
-12
-2
12
8
7
11
-5
-10
6
12
13
13
5
-1
-3
-12
-15
-12
-17
-17
-12
-23
-36
-31
-30
-25
-19
-13
-11
-2
9
15
19
21
22
19
21
33
47
52
59
61
57
51
48
41
35
37
34
26
21
20
10
2
-4
-22
-42
-48
-50
-53
-49
-41
-40
-37
-34
-33
-35
-38
-41
-42
-36
-23
-9
4
11
12
7
5
9
11
19
21
21
20
20
18
18
21
20
21
16
4
-2
-8
-14
-16
-19
-20
-19
-17
-16
-12
-13
-12
-6
-8
-11
-7
-1
1
10
18
18
17
18
20
20
27
27
21
17
13
9
12
14
11
8
6
-1
-6
-3
-9
-5
-7
-7
-8
-10
-8
-5
-5
-5
-5
-8
-7
-4
-1
5
8
6
6
-1
0
-1
2
5
3
2
-2
-6
-5
-4
-4
-4
-8
-12
-16
-18
-19
-19
-21
-23
-20
-12
-10
-12
-14
-13
-12
-8
-3
1
4
8
14
14
13
13
12
14
17
18
19
20
16
10
7
7
7
5
5
4
2
-2
-7
-8
-8
-4
-1
4
3
2
1
0
0
5
3
5
9
6
8
8
5
3
3
3
4
5
4
3
3
-3
-3
-2
-1
1
1
-1
0
-3
-5
-5
-4
-4
-2
1
1
0
1
-3
-6
-7
-5
0
-2
1
3
3
1
3
2
3
5
3
6
2
-1
-2
-2
-2
-4
-5
-7
-5
-8
-9
-10
-11
-12
-11
-11
-10
-11
-12
-12
-13
-15
-13
-10
-10
-6
-3
-1
2
5
7
7
10
10
10
14
14
14
13
14
17
12
12
11
7
7
6
4
3
1
0
-1
3
2
2
0
3
1
-1
-1
-1
1
2
2
0
1
1
1
-3
-3
-5
-4
-6
-5
-4
-5
-3
1
2
0
2
4
0
2
1
0
1
1
-1
-3
-4
-5
-3
-1
1
-3
-5
0
1
-1
-3
1
1
0
-1
-1
3
2
4
4
5
1
2
3
2
2
1
2
2
3
0
-1
-2
-2
-5
-3
-6
-7
-7
-7
-5
-10
-8
-6
-5
-3
-3
-1
-2
-4
1
1
2
5
3
4
3
3
5
3
4
4
3
4
5
2
-1
-1
-2
-2
-1
-4
-5
-4
-2
-4
-3
-3
-2
2
1
0
0
0
3
5
5
2
5
3
2
2
1
3
4
6
4
2
3
3
3
3
1
2
3
1
1
3
3
5
2
1
1
-2
0
0
1
1
-1
1
1
0
2
0
-1
-3
-3
-6
-6
-3
-3
-4
0
0
-2
-3
-2
-3
-4
-3
-1
-3
-6
-5
-6
-7
-5
-3
-2
-2
-3
-1
0
2
0
0
-3
-3
-1
-1
2
6
5
4
4
3
5
6
7
4
3
6
5
2
6
4
3
6
2
1
-1
0
0
-2
-3
-5
-6
-3
-4
-3
-3
-6
-5
-4
-6
-6
-5
-1
-2
-1
-1
0
-1
3
3
2
5
4
2
2
1
1
1
1
-1
1
3
1
1
2
2
1
3
3
2
2
3
3
4
7
5
4
1
-1
1
1
-1
-3
-1
-3
-2
-1
3
4
4
1
1
3
-2
-3
-1
1
0
-1
-3
-1
-4
-4
-6
-5
-3
-4
-2
-3
-5
-5
-5
-7
-5
-1
-3
-1
-4
-5
-2
-1
1
2
3
0
3
4
4
2
1
3
1
2
4
4
3
2
2
5
1
1
0
0
-1
1
1
-1
2
0
1
1
-2
-3
0
2
0
0
0
0
0
1
2
0
-2
-1
1
2
1
1
-1
0
0
-1
-3
-3
-1
-2
2
4
5
7
0
-2
-2
-2
0
-1
-2
-2
-2
0
2
1
2
3
4
5
5
5
3
3
5
6
4
3
1
5
4
2
1
0
1
-3
-3
-5
-6
-4
-4
-6
-7
-10
-10
-9
-7
-4
-5
-3
-4
-2
-3
-1
0
0
-3
-3
0
0
1
-2
2
2
2
3
1
-1
1
2
0
2
2
3
3
1
-1
1
3
0
-2
-2
-1
1
2
1
0
3
7
5
4
4
4
4
3
2
1
4
1
1
4
4
5
2
0
2
0
-1
-1
2
-2
-2
-1
-3
-5
-5
-2
-3
-3
-2
1
0
1
1
3
2
3
4
2
7
2
0
1
0
-2
-2
0
0
2
0
-1
-1
-3
-2
-3
-3
-4
-5
-2
-5
-4
-3
-5
-5
-1
-1
-2
-1
0
1
-1
0
0
1
0
2
2
0
2
2
1
1
-1
1
1
-2
-1
0
1
3
4
3
0
