SAMPLES:	5648
BITSPERSAMPLE:	16
CHANNELS:	1
SAMPLERATE:	16000
NORMALIZED:	FALSE
1
-1
0
2
4
4
6
1
1
1
-2
2
-3
-1
-2
1
10
12
13
14
14
9
7
6
7
10
8
6
5
2
0
-1
-4
-3
-2
-3
-5
-3
2
1
-1
1
2
4
2
3
3
0
0
2
3
1
1
-2
-4
-4
-5
-7
-9
-8
-4
0
7
5
4
5
1
-1
-3
-1
0
-5
-10
-6
-1
0
0
1
0
1
0
1
0
0
0
-2
1
1
0
1
4
-1
0
-1
-3
-2
-5
-1
0
0
-4
-9
-5
-4
-1
-3
-3
1
1
0
2
4
4
5
4
6
4
2
6
1
-2
1
1
0
-1
0
-1
-3
-3
-7
-3
-1
-2
-1
-3
-2
-2
-3
1
2
-1
1
2
5
8
5
3
0
-4
-1
0
1
6
2
1
1
0
1
2
2
1
-1
-1
0
0
-2
-4
-5
-7
-7
-5
4
6
4
7
8
7
4
5
2
1
-2
-2
-1
-2
-1
2
3
2
6
2
0
0
1
1
2
5
4
7
7
1
0
1
0
-2
-2
-1
-5
-3
-2
-5
-3
-3
0
0
-1
0
1
2
1
-1
1
4
3
3
0
-2
-4
-6
-6
-4
-5
-3
-10
-11
-7
-3
-1
2
1
-1
-1
-1
0
-2
-1
-2
-6
-5
-2
-3
1
0
0
1
2
4
-1
-2
5
8
2
5
6
6
5
6
4
0
0
0
1
0
0
-3
-3
-2
0
6
6
4
7
3
1
4
5
6
5
1
0
-1
0
2
2
2
1
2
4
2
-3
-3
-3
-3
-3
-3
-2
-3
-8
-13
-9
-8
-3
0
0
3
5
4
0
-5
-6
-10
-4
-2
5
11
12
12
9
6
5
6
6
6
4
3
7
8
2
-4
-10
-10
-9
-9
-1
0
5
4
2
2
0
-2
-8
-4
-7
-7
-4
-3
-3
-1
-1
1
-1
0
3
5
4
1
2
2
5
10
13
13
6
1
0
-4
-1
3
1
1
-1
10
14
13
9
-3
-8
-12
-8
-4
1
7
4
-2
-5
-2
1
6
5
0
0
-2
3
13
17
16
3
-8
-26
-36
-20
-19
-8
2
-4
-2
-11
-17
-13
-5
4
10
9
-2
-3
-6
2
9
4
4
-8
-22
-23
-21
-5
4
3
11
9
7
11
14
20
14
0
-8
-9
-6
-12
-10
-3
-4
-5
3
6
11
19
22
17
15
13
19
28
24
27
18
-2
-13
-36
-34
-25
-15
5
2
1
11
15
27
46
51
68
68
64
70
72
78
76
72
60
61
57
57
56
34
36
53
64
96
111
100
-2
-142
-229
-216
-138
-3
116
238
261
20
-203
-288
-301
-210
58
307
494
435
249
80
-387
-680
-657
-531
-326
-212
21
137
-95
-512
-859
-1121
-915
-403
-15
153
101
-53
-311
-209
-317
-18
775
249
509
505
-547
31
179
437
1049
747
464
392
-315
91
447
331
618
73
-7
-98
-198
-46
380
175
9
-230
-418
-416
-52
318
273
256
-153
-164
-399
-123
283
594
613
409
119
-66
142
-28
23
131
202
217
88
197
284
44
-106
-246
-438
-355
-33
239
331
449
102
-81
-202
-310
-255
-324
264
294
-18
-59
-266
-188
-327
-182
-85
-353
-305
-479
-319
-104
-59
-79
-259
-302
-272
-233
-306
66
26
104
-193
-488
-204
-403
-166
-149
-349
-216
-296
-193
-148
-231
-82
-114
-326
-488
-179
-89
114
315
40
161
-55
8
119
-133
129
101
-51
87
200
376
561
382
103
256
126
337
609
665
795
760
951
857
856
940
846
909
998
1057
1340
1497
1642
1725
1349
789
372
149
102
98
-85
-55
-86
-390
-888
-1412
-1651
-1829
-2103
-2343
-2455
-2118
-1553
-1056
-675
-502
-387
-457
-560
-562
-360
67
349
569
714
877
989
1054
1039
860
587
277
12
-310
-252
-125
-25
-122
-464
-705
-993
-1156
-1192
-1332
-1267
-1377
-1403
-1182
-1114
-780
-470
-247
-115
-265
-299
-159
139
255
303
303
400
352
246
589
605
472
377
250
170
88
30
-120
-150
-234
-285
-162
34
201
289
320
320
245
305
582
953
1234
1507
1799
1978
2247
2363
2563
2762
2803
2990
2916
2405
1803
1292
1210
921
461
-134
-353
-511
-1160
-2124
-2871
-3089
-3135
-3371
-3861
-4161
-3797
-3192
-2645
-2023
-1568
-1100
-874
-922
-760
-219
325
746
929
1234
1698
2067
2440
2698
2779
2620
2160
1723
1453
1433
1466
1318
1129
781
384
49
-358
-529
-1108
-1725
-2150
-2597
-2480
-2325
-2158
-1933
-1936
-1935
-1903
-1815
-1541
-1137
-690
-305
-211
-83
426
856
1150
1272
1154
997
842
667
487
318
127
-133
-482
-759
-865
-916
-786
-678
-697
-703
-636
-515
-401
-346
-204
9
298
636
1070
1559
1936
2154
2306
2601
2913
3107
3401
3665
3971
4321
4680
4640
3581
2844
1888
1731
880
-83
-773
-886
-1084
-2147
-3436
-4141
-3827
-4101
-4844
-5868
-6189
-5540
-4930
-4393
-3541
-2537
-1528
-1235
-1196
-588
153
571
447
223
481
1107
1797
2499
3260
3654
3713
3208
2936
2758
2620
2130
1558
987
593
461
520
631
247
-89
-946
-1627
-2501
-2991
-3210
-3188
-3327
-3458
-3009
-2539
-1808
-1467
-959
-596
-548
-401
-396
87
685
911
1169
1399
1880
2351
2380
2007
1374
869
426
41
-311
-522
-432
-468
-534
-589
-391
-267
-414
-635
-768
-750
-687
-424
-104
361
845
1255
1964
2726
3338
3730
3912
4153
4067
4396
4664
5308
5080
3854
3067
2190
2258
1041
110
-599
-589
-1452
-3003
-4438
-4594
-4082
-4958
-6142
-7014
-6268
-5384
-5128
-4937
-4072
-3081
-2593
-2696
-2309
-939
0
219
-92
131
1004
1553
1614
1858
2366
2864
2906
2743
3102
3407
3309
2805
2120
1972
1695
1353
1327
1099
735
35
-441
-705
-858
-1274
-1625
-2014
-2339
-2659
-2835
-2857
-2775
-2515
-2118
-1549
-1417
-1183
-875
-399
-93
-108
54
373
760
872
820
634
508
382
361
253
-7
-135
-19
111
141
102
234
371
266
254
394
647
864
964
958
965
1143
1539
2225
2805
3167
3430
3874
4260
4555
4812
5229
4850
3487
2854
2183
2512
1346
126
-549
-495
-1173
-2690
-3973
-4056
-3622
-5013
-6180
-6886
-5952
-5300
-5577
-5469
-4469
-3409
-3150
-3323
-2626
-1078
-428
-680
-1008
-379
645
844
800
1184
1982
2348
2268
2408
3246
3827
3455
2813
2615
2679
2450
1832
1487
1519
1279
727
131
60
8
-480
-1256
-1796
-1932
-1977
-2300
-2731
-2606
-2414
-2209
-2134
-1805
-1182
-956
-810
-591
-41
582
799
928
1109
1180
853
594
596
682
463
-155
-417
-164
121
241
251
285
363
329
303
432
589
736
653
412
517
935
1655
2298
2693
3129
3505
3887
4254
4783
5245
5488
4201
3618
2899
2848
2373
766
247
-245
-588
-2396
-3454
-3801
-3237
-4337
-6025
-6833
-6480
-5828
-6450
-6531
-5485
-4606
-4343
-4279
-3260
-1677
-974
-1042
-1259
-606
193
394
446
886
1612
1965
2087
2453
3525
4153
4096
3615
3485
3785
3485
3002
2288
2113
1756
1115
736
497
615
-98
-819
-1562
-1862
-2122
-2563
-2933
-3181
-3261
-3376
-3141
-2838
-2216
-1898
-1646
-1078
-532
78
478
919
1392
1270
951
740
918
978
563
198
-84
-187
-197
27
490
589
580
382
431
821
834
566
533
653
527
561
857
1583
2215
2792
2981
3527
4261
4976
5291
5545
4837
4424
4060
3343
3320
1571
1123
496
89
-1312
-2766
-3160
-2904
-3826
-5422
-5863
-5858
-5614
-6409
-6600
-5644
-5284
-5236
-5254
-4027
-2484
-2230
-2022
-1662
-678
-299
-358
-132
610
1136
1217
1404
2068
3275
3729
3705
3623
3777
4095
3687
3244
3028
2902
2413
1421
1089
1181
923
-23
-1059
-1136
-1483
-2103
-2980
-3189
-2866
-3349
-3927
-3892
-3047
-2603
-2691
-2609
-1432
-466
-172
210
1034
2115
2063
1639
1714
1979
2065
1342
969
943
809
536
231
536
890
810
468
276
710
1015
661
103
-8
198
290
-102
163
1001
1813
2223
2384
3233
4478
4934
5257
4378
4210
4214
3377
3137
1182
1188
747
134
-1515
-2761
-2633
-2679
-3775
-5270
-5036
-4923
-5088
-6193
-6055
-4835
-5025
-5190
-5234
-3829
-2591
-2849
-2543
-2144
-824
-497
-437
-41
726
1149
1068
1195
1752
2697
2887
2866
2896
3408
3950
3794
3624
3351
3240
2753
1847
1455
1362
1118
314
-766
-1041
-1079
-1562
-1985
-2463
-2299
-2514
-3166
-3150
-2843
-2370
-2429
-2609
-1865
-1044
-414
42
651
1617
1913
1700
1721
1940
2021
1473
755
488
319
157
-93
-75
466
673
543
388
587
1064
873
270
-45
163
434
386
244
899
1560
2105
2340
2944
4288
4920
5156
3809
4233
3882
3840
2340
801
1190
393
-413
-2679
-2609
-2414
-2591
-4332
-4928
-4150
-4227
-4497
-5500
-4367
-3761
-4441
-4504
-4421
-2621
-2426
-2658
-2412
-1937
-1223
-1092
-754
33
707
705
961
1109
1847
2348
2427
2471
2155
2520
2773
2830
2835
2643
2703
2204
1776
1644
1681
1405
671
-218
-470
-843
-1327
-1519
-1885
-1702
-2197
-2450
-2271
-2153
-1892
-2089
-1916
-1458
-1197
-783
-170
502
977
992
1107
1393
1395
1374
1011
708
424
185
200
-14
99
370
706
664
648
1027
1491
1464
888
731
895
1050
877
608
1160
1625
2007
2123
2924
3898
4738
3759
3294
3484
3219
2958
346
529
90
-368
-2279
-3597
-2913
-2679
-3751
-5189
-4599
-4041
-3842
-4781
-4257
-2782
-3042
-3495
-3905
-2676
-1614
-2183
-2150
-2008
-1371
-1351
-1279
-670
232
525
764
837
1285
1947
2159
2395
2075
2069
2296
2282
2417
2221
2375
2264
1781
1641
1700
1785
1442
663
382
23
-417
-753
-1173
-1071
-1483
-1862
-2018
-1973
-1863
-1963
-2093
-1903
-1724
-1429
-933
-362
153
365
554
707
774
892
967
768
342
107
291
390
303
384
786
1168
1063
1045
1472
1907
1910
1412
1256
1463
1559
1099
1145
1335
2064
2095
2269
3044
3881
3665
3110
3044
2894
2702
413
183
-454
-622
-2499
-3929
-3751
-3494
-4069
-5327
-4807
-4200
-3614
-4373
-3959
-2606
-2225
-2341
-2863
-2136
-1360
-1546
-1621
-1608
-1019
-1029
-858
-736
75
354
835
1037
1276
1897
2120
2631
2244
2189
2237
2256
2127
1754
1909
2013
1759
1382
1352
1384
1409
877
515
210
-380
-464
-1092
-1093
-1388
-1597
-1668
-2095
-2092
-2122
-1973
-1855
-1964
-1589
-1123
-650
-264
22
481
612
429
387
496
620
364
-28
153
356
505
480
738
1280
1486
1547
1765
2121
2397
2022
1731
1661
1707
1535
1235
1349
1687
1961
2269
2638
3445
3073
3493
2883
3158
2361
939
715
-645
-1103
-3200
-3684
-4176
-4250
-5354
-5512
-5061
-4595
-4006
-4150
-2848
-2246
-1976
-1712
-1684
-890
-1245
-1450
-1558
-1491
-1443
-1654
-1410
-1065
-462
-390
461
771
1554
1825
2160
2750
2449
2707
2401
2427
2275
1730
1986
1720
1707
1450
1364
1427
1322
1066
878
644
203
104
-452
-475
-828
-1083
-1269
-1945
-1891
-1957
-1788
-1806
-2123
-1625
-1410
-1016
-964
-668
-156
19
-61
-149
105
259
170
-207
-69
231
325
288
468
1034
1478
1538
1808
2263
2663
2542
2222
2194
2167
2002
1676
1647
1762
2057
2238
2626
2794
2570
3042
2424
2780
1308
931
354
-604
-1708
-3552
-3688
-4351
-4594
-5964
-5564
-5365
-4729
-4406
-4020
-2384
-1997
-1431
-1184
-730
-47
-517
-619
-938
-931
-1156
-1236
-1149
-911
-667
-439
289
531
1273
1433
2033
2215
2069
2302
2134
2264
1778
1478
1650
1505
1604
1212
1363
1334
1155
1011
797
781
298
136
-221
-208
-573
-658
-764
-1130
-1298
-1567
-1099
-1244
-1347
-1357
-1078
-638
-958
-822
-701
-347
-510
-819
-633
-508
-365
-613
-538
-209
138
311
534
924
1459
1789
1966
2270
2425
2610
2519
2393
2314
2160
2139
2181
2157
2429
2594
3077
2786
2720
2803
2558
2361
835
881
25
-658
-2619
-3725
-4177
-4720
-5683
-6661
-6074
-5942
-5158
-5102
-3851
-2515
-1970
-1248
-838
151
498
107
15
-245
-297
-776
-893
-817
-521
-614
-178
374
941
1497
1600
2388
2245
2355
2270
2096
2093
1267
1120
834
713
624
551
681
701
802
944
1175
821
907
608
583
225
-81
30
-395
-651
-1020
-1027
-885
-1110
-992
-874
-577
-460
-451
-321
-332
-277
-525
-571
-708
-682
-812
-889
-853
-592
-370
-169
85
391
817
1058
1394
1800
1971
2233
2162
2253
2250
2083
2319
2201
2360
2310
2517
2872
2861
2454
2716
2360
2506
1291
669
481
-364
-1422
-3113
-3497
-4004
-4661
-6171
-6129
-6059
-5597
-5538
-5190
-3622
-2981
-2241
-1645
-884
214
93
275
99
34
-79
-390
-428
-502
-391
-173
427
562
1307
1563
2283
2407
2254
2546
2520
2545
1902
1608
1560
1442
956
685
772
782
647
338
596
564
342
105
-9
204
-200
-292
-452
-554
-713
-1046
-832
-842
-859
-1021
-785
-614
-437
-560
-516
-259
-404
-263
-501
-205
-180
-248
-195
-145
199
242
316
481
734
926
1076
1301
1497
1769
1570
1768
1693
1785
2002
1846
2198
1983
2528
2599
2920
2379
2252
2252
1790
1562
145
436
-404
-927
-2365
-3059
-3172
-3824
-4641
-5663
-5244
-5431
-5144
-5327
-4489
-3366
-3004
-2306
-1846
-772
-213
-122
9
25
123
-65
-94
-242
-5
-3
438
646
1006
1559
1916
2331
2241
2414
2681
2620
2269
1926
1957
1941
1457
1021
1039
1203
961
662
540
735
423
64
-119
-78
-257
-699
-926
-966
-1064
-1295
-1306
-1185
-1089
-1152
-1015
-692
-447
-434
-340
-250
-102
-100
-97
100
98
127
177
302
528
491
586
647
735
863
966
1212
1343
1506
1365
1447
1324
1573
1543
1490
1490
1325
1595
1726
1970
2180
1725
1758
1534
1315
1131
171
244
-472
-924
-1975
-2555
-2943
-3358
-4173
-4884
-4842
-5061
-4699
-4911
-4181
-3393
-2974
-2312
-1983
-1037
-431
-297
-57
-91
203
21
-90
-155
27
107
142
326
677
1425
1664
2141
2325
2759
3087
2789
2805
2679
2739
2364
1648
1516
1481
1386
857
509
501
477
4
-292
-207
-272
-431
-1057
-1024
-969
-1191
-1320
-1666
-1464
-1495
-1504
-1308
-1095
-736
-536
-472
-225
66
358
611
568
766
910
1024
1059
987
1121
1081
945
814
818
932
949
902
902
923
856
902
876
1124
1004
1120
1104
1181
1460
1471
1719
1396
1151
1144
910
854
81
-67
-301
-621
-1440
-2113
-2316
-2634
-3189
-4209
-4057
-4338
-4119
-4463
-4125
-3325
-3087
-2710
-2473
-1618
-919
-759
-598
-350
-50
3
-105
9
312
276
310
426
749
1286
1430
1890
2097
2434
2664
2841
2983
2996
2991
2762
2515
2122
2096
1788
1383
849
518
483
-83
-304
-639
-639
-915
-1414
-1331
-1342
-1374
-1710
-1806
-1624
-1493
-1574
-1395
-1041
-759
-535
-502
2
319
593
716
770
1086
1151
1208
1140
1208
1187
1109
827
841
834
820
731
566
744
632
638
542
556
713
548
664
635
811
921
1032
1241
1237
1093
938
976
805
671
51
101
-143
-492
-1197
-1733
-1941
-2407
-3177
-3776
-3878
-4082
-4176
-4295
-3775
-3347
-3106
-2779
-2200
-1495
-1044
-773
-479
-167
-19
119
187
268
367
313
463
528
893
1260
1548
1867
2132
2566
2896
3104
3219
3228
3176
2977
2663
2400
2116
1696
1120
596
300
58
-449
-749
-999
-1015
-1292
-1536
-1382
-1377
-1473
-1816
-1701
-1403
-1400
-1415
-1258
-820
-581
-477
-165
384
706
775
887
1100
1402
1284
1214
1131
1181
1029
705
575
551
543
247
27
84
241
225
75
117
320
442
373
389
597
672
720
680
925
1105
900
748
745
825
875
336
330
252
90
-562
-1291
-1448
-1752
-2397
-3414
-3549
-3691
-3666
-4079
-3976
-3406
-3120
-2791
-2473
-1714
-1118
-822
-567
-189
113
253
254
325
380
321
424
559
817
1146
1380
1859
2178
2641
2997
3272
3424
3427
3400
3256
3026
2567
2215
1595
1137
559
130
-175
-688
-919
-1109
-1196
-1266
-1443
-1297
-1309
-1499
-1635
-1561
-1384
-1432
-1597
-1329
-998
-813
-609
-263
351
526
655
951
1352
1485
1279
1177
1186
1074
657
388
246
152
-138
-452
-403
-238
-110
-216
-165
81
295
393
301
462
614
570
490
428
796
881
944
692
823
1160
1179
1191
753
957
798
494
-284
-704
-1052
-1605
-2418
-3171
-3138
-3517
-3716
-4098
-3775
-3244
-3027
-2677
-2279
-1595
-1060
-811
-476
-140
90
117
36
23
276
262
383
466
750
1269
1528
2057
2437
2916
3226
3342
3487
3587
3493
3230
2764
2324
2005
1450
942
384
44
-220
-678
-870
-948
-971
-1185
-1418
-1426
-1410
-1621
-1870
-1864
-1839
-1816
-1942
-1685
-1260
-869
-548
-279
241
659
1034
1171
1213
1245
1184
1025
702
437
185
-75
-368
-587
-560
-507
-358
-310
-84
132
349
576
560
708
591
638
444
371
350
304
395
406
772
940
1086
1376
1574
1788
1605
1364
1453
1085
573
-390
-841
-1390
-2001
-2898
-3394
-3540
-3851
-3915
-3922
-3249
-2837
-2528
-2185
-1574
-862
-513
-417
-231
-98
-33
-208
-181
-66
74
44
274
692
1219
1667
1993
2529
2826
3192
3343
3545
3487
3317
3004
2677
2238
1813
1418
906
462
32
-157
-353
-596
-727
-868
-1043
-1307
-1458
-1444
-1628
-1935
-2125
-2019
-1894
-1853
-1735
-1328
-887
-630
-326
114
609
764
686
683
766
691
365
10
-151
-271
-560
-705
-686
-471
-391
-330
-108
249
555
628
717
742
731
613
421
424
282
249
172
301
586
876
1201
1473
1615
1850
2088
2041
2004
1434
1421
898
357
-461
-1046
-1472
-2095
-2826
-3267
-3264
-3434
-3385
-3493
-2984
-2607
-2296
-1932
-1543
-1072
-835
-714
-455
-284
-112
-122
-10
141
358
551
909
1221
1498
1846
2153
2621
2684
2861
2978
3053
2946
2614
2526
2434
2084
1641
1254
1073
808
318
-35
-234
-484
-815
-1159
-1313
-1402
-1635
-1768
-1936
-1926
-1882
-1797
-1615
-1481
-1189
-920
-676
-432
-202
17
47
-31
-64
-77
-210
-374
-573
-635
-705
-754
-656
-609
-411
-334
-148
34
203
423
460
475
462
473
491
381
316
299
347
422
579
826
1071
1307
1617
1908
2224
2134
2258
2301
2169
1945
1302
1267
754
275
-653
-1084
-1482
-1943
-2586
-3100
-3024
-3326
-3318
-3462
-2998
-2657
-2549
-2270
-1840
-1225
-900
-702
-376
-70
146
213
461
685
879
813
967
1211
1438
1689
1775
2106
2205
2412
2561
2758
2833
2799
2690
2479
2231
1893
1628
1146
625
97
-274
-578
-1040
-1251
-1433
-1443
-1607
-1625
-1426
-1264
-1193
-1198
-1014
-878
-879
-986
-945
-926
-997
-1230
-1318
-1281
-1280
-1319
-1313
-1184
-1018
-875
-718
-522
-294
-119
-52
6
25
114
127
64
70
51
140
170
241
381
535
682
792
931
1103
1300
1423
1595
1691
1775
1886
1996
2092
2136
1921
2107
1845
1836
1391
1136
1086
549
117
-717
-914
-1486
-1918
-2725
-2871
-3120
-3326
-3468
-3415
-2799
-2622
-2263
-1921
-1293
-703
-417
-112
213
451
465
414
428
616
615
471
581
657
1136
1249
1578
1946
2277
2599
2655
2849
2895
2838
2489
2106
1632
1233
693
157
-242
-651
-858
-1176
-1223
-1111
-1028
-938
-980
-752
-653
-664
-816
-928
-1014
-1285
-1648
-1835
-1909
-2015
-2158
-2251
-2025
-1833
-1588
-1345
-1083
-738
-528
-302
-92
40
144
38
-14
-30
-40
-81
-140
-78
52
123
302
568
855
1085
1201
1407
1603
1681
1732
1738
1770
1781
1697
1727
1807
1988
2036
2102
1923
2260
2120
2120
1684
1281
1198
495
25
-927
-1199
-1882
-2347
-3111
-3198
-3259
-3364
-3324
-3248
-2551
-2284
-1907
-1613
-1107
-666
-526
-385
-275
-68
-75
-129
-102
57
312
368
711
871
1417
1670
2010
2307
2443
2710
2622
2606
2350
2179
1854
1455
1007
675
369
43
-192
-412
-400
-495
-515
-497
-489
-438
-569
-621
-779
-977
-1244
-1492
-1731
-1987
-2216
-2333
-2374
-2371
-2265
-2137
-1896
-1716
-1475
-1199
-931
-735
-610
-522
-370
-285
-242
-232
-210
-130
-105
-61
62
245
470
655
831
1134
1422
1713
1863
1998
2155
2241
2244
2152
2148
2107
2070
1951
1931
1912
1925
1906
1910
1849
1613
1660
1336
1328
664
444
171
-264
-832
-1557
-1719
-2147
-2522
-3229
-3124
-3266
-3223
-3402
-3196
-2619
-2413
-2129
-1860
-1289
-820
-626
-356
-48
266
343
479
661
853
934
932
1191
1233
1499
1511
1825
1911
1997
2086
2172
2255
2032
1924
1678
1495
1078
759
460
166
-180
-481
-573
-706
-769
-838
-861
-841
-883
-843
-895
-1042
-1203
-1337
-1499
-1761
-2040
-2128
-2222
-2380
-2507
-2474
-2251
-2093
-1979
-1713
-1374
-1051
-782
-554
-175
57
208
289
427
633
704
723
829
1023
1253
1397
1617
1936
2225
2409
2567
2734
2865
2770
2576
2384
2186
1890
1504
1177
978
732
546
400
509
586
619
496
683
796
789
535
140
197
-277
-695
-1518
-1787
-2225
-2714
-3385
-3520
-3404
-3484
-3401
-3217
-2424
-1941
-1534
-1038
-350
209
424
514
814
994
923
649
587
635
633
501
532
744
1017
1191
1358
1675
1962
2149
2115
2069
2018
1842
1526
1074
670
352
-48
-401
-756
-852
-858
-949
-990
-898
-695
-619
-736
-745
-704
-883
-1260
-1627
-1763
-1983
-2451
-2735
-2778
-2678
-2708
-2664
-2285
-1864
-1510
-1180
-701
-189
177
396
717
989
1182
1281
1337
1495
1583
1693
1829
1919
2116
2269
2388
2529
2540
2583
2476
2257
2048
1713
1348
940
501
152
-194
-455
-614
-715
-681
-588
-391
-196
86
338
619
715
653
748
572
536
-56
-336
-616
-932
-1353
-1881
-1860
-1978
-1980
-2286
-1945
-1710
-1456
-1384
-1134
-594
-450
-346
-272
51
128
26
-11
90
129
-24
-11
114
308
298
443
715
917
1078
1120
1375
1424
1383
1265
1215
1086
791
566
398
255
-31
-206
-240
-253
-354
-470
-384
-368
-425
-582
-623
-661
-868
-1074
-1283
-1438
-1619
-1829
-1901
-1933
-1949
-1849
-1709
-1429
-1162
-878
-505
-168
183
511
813
1063
1247
1404
1561
1677
1670
1724
1727
1736
1685
1658
1658
1619
1477
1366
1265
1079
873
577
369
100
-211
-482
-693
-848
-985
-1153
-1172
-1102
-1000
-907
-726
-482
-232
-8
219
477
645
812
908
1005
831
949
789
880
566
434
462
313
187
-206
-128
-351
-449
-977
-941
-1059
-1270
-1513
-1662
-1421
-1511
-1594
-1536
-1227
-988
-899
-751
-433
-108
-20
84
222
444
532
431
497
471
609
482
475
486
526
607
548
586
661
770
781
701
610
682
612
386
147
11
-8
-298
-580
-602
-578
-568
-764
-676
-414
-314
-303
-274
-6
113
63
32
146
227
150
41
69
122
87
33
34
150
186
222
275
371
465
497
509
507
496
396
290
127
-2
-153
-360
-505
-626
-680
-763
-771
-737
-617
-546
-451
-258
-111
43
86
196
287
345
293
318
362
356
375
395
581
651
773
905
1197
1266
1234
1352
1347
1419
868
738
490
240
-359
-895
-1038
-1353
-1707
-2190
-2007
-2014
-2008
-2079
-1777
-1343
-1215
-1030
-742
-380
-277
-251
-100
-3
-25
-183
-140
-125
-152
-201
-99
91
161
326
512
852
924
1059
1233
1405
1389
1262
1299
1301
1141
876
820
811
676
463
440
536
465
341
331
409
352
130
105
39
-116
-388
-542
-562
-726
-923
-1000
-928
-924
-920
-894
-698
-571
-519
-393
-262
-157
-126
-93
-36
-10
-59
-45
-32
-17
-31
-28
42
107
151
195
285
346
337
296
300
279
158
7
-95
-180
-305
-467
-501
-522
-506
-531
-486
-316
-219
-56
27
253
418
555
660
793
926
965
991
995
1060
944
873
771
723
559
304
186
38
-183
-523
-715
-872
-1077
-1391
-1492
-1471
-1608
-1670
-1629
-1364
-1279
-1264
-1023
-712
-515
-456
-244
43
222
199
310
549
694
698
717
907
1048
1057
1053
1174
1275
1238
1136
1102
1080
1001
790
623
527
384
240
58
-19
-77
-182
-226
-251
-231
-188
-188
-169
-129
-66
-10
-25
-51
-5
-10
-18
-59
-56
-11
-75
-96
-110
-98
-109
-186
-224
-230
-265
-288
-342
-341
-323
-342
-377
-371
-342
-343
-388
-427
-413
-453
-497
-553
-571
-597
-648
-690
-688
-677
-668
-654
-608
-512
-450
-340
-226
-101
-12
87
216
315
400
453
542
605
649
713
806
893
941
1005
1093
1183
1198
1228
1240
1252
1133
1039
932
789
595
324
182
-60
-259
-539
-684
-852
-1040
-1189
-1273
-1275
-1343
-1349
-1298
-1172
-1122
-1022
-861
-680
-562
-483
-332
-188
-115
-88
-39
32
55
32
66
136
215
266
345
501
637
750
880
1048
1186
1258
1329
1398
1418
1385
1359
1298
1211
1081
981
896
786
687
582
519
411
323
229
139
-2
-139
-300
-472
-660
-852
-991
-1178
-1311
-1415
-1494
-1506
-1517
-1464
-1394
-1300
-1194
-1091
-999
-897
-823
-789
-766
-754
-742
-754
-753
-736
-675
-622
-532
-415
-250
-104
56
226
391
541
650
752
805
848
868
862
836
809
816
777
742
739
751
755
743
753
757
737
694
664
585
503
401
290
170
39
-50
-135
-226
-291
-321
-345
-357
-359
-350
-345
-371
-385
-428
-478
-564
-638
-736
-848
-930
-993
-1013
-1049
-997
-892
-734
-594
-380
-90
172
401
630
909
1134
1241
1336
1443
1495
1451
1365
1342
1288
1190
1063
992
955
889
785
735
716
664
580
483
413
295
145
-21
-182
-347
-527
-683
-855
-976
-1111
-1165
-1257
-1286
-1301
-1275
-1225
-1198
-1103
-1030
-911
-842
-731
-607
-483
-363
-261
-121
-15
101
178
269
338
375
401
394
395
351
289
205
145
69
-9
-66
-87
-100
-114
-82
-9
62
108
168
265
303
302
293
295
257
138
56
-34
-110
-229
-307
-374
-402
-447
-475
-480
-495
-495
-532
-550
-592
-624
-665
-707
-741
-739
-713
-662
-581
-424
-258
-55
166
441
704
957
1204
1431
1607
1734
1827
1856
1840
1745
1647
1504
1333
1135
947
785
616
461
339
282
202
138
84
67
17
-76
-163
-248
-357
-533
-685
-811
-934
-1089
-1201
-1241
-1244
-1254
-1223
-1108
-979
-859
-749
-583
-425
-315
-228
-135
-47
-6
22
47
86
121
146
179
239
306
361
412
478
558
597
612
629
628
598
524
455
388
289
187
97
35
-20
-88
-116
-120
-117
-120
-110
-92
-85
-108
-136
-165
-225
-309
-406
-491
-598
-696
-784
-839
-897
-933
-944
-934
-916
-881
-830
-781
-738
-686
-645
-600
-553
-502
-439
-383
-304
-209
-91
33
172
308
461
602
744
883
990
1095
1175
1235
1272
1296
1307
1299
1282
1255
1231
1204
1156
1124
1053
1010
932
856
757
652
559
413
275
123
11
-153
-308
-438
-550
-677
-811
-883
-933
-1012
-1074
-1097
-1083
-1093
-1095
-1051
-984
-939
-879
-787
-674
-586
-504
-383
-271
-192
-111
-15
71
119
170
243
290
315
352
395
425
440
454
474
473
463
455
440
417
387
365
341
322
304
298
291
284
299
293
295
294
285
262
216
178
113
31
-69
-159
-259
-370
-466
-540
-599
-655
-680
-690
-677
-662
-642
-607
-580
-557
-513
-489
-451
-415
-380
-335
-278
-210
-133
-33
75
195
315
451
563
654
737
808
837
828
806
758
688
596
496
399
305
216
134
63
7
-37
-84
-134
-178
-220
-271
-337
-405
-472
-534
-605
-661
-690
-700
-692
-658
-587
-491
-382
-262
-135
-8
107
198
271
325
360
362
352
333
313
291
280
286
302
320
348
391
433
458
467
464
431
373
291
201
106
-6
-111
-203
-274
-320
-339
-334
-312
-269
-216
-148
-85
-35
6
30
41
29
0
-25
-54
-85
-114
-120
-99
-73
-36
19
85
149
201
239
264
270
259
216
161
94
23
-36
-104
-140
-151
-144
-108
-49
31
111
198
280
342
393
409
401
367
319
262
181
109
51
1
-33
-47
-47
-31
-15
11
31
44
37
12
-24
-80
-146
-223
-302
-382
-456
-528
-580
-608
-630
-634
-624
-600
-579
-561
-540
-517
-503
-503
-499
-498
-499
-499
-485
-464
-424
-373
-317
-246
-155
-61
31
133
226
328
410
476
536
576
606
622
632
642
643
633
629
623
608
586
557
525
475
410
330
240
136
37
-71
-178
-272
-356
-428
-473
-493
-479
-444
-392
-315
-229
-135
-41
47
128
197
250
296
331
351
364
373
376
380
384
390
398
410
417
418
414
407
380
345
301
249
192
129
56
-15
-82
-142
-198
-242
-269
-288
-297
-298
-284
-256
-232
-213
-188
-161
-134
-121
-113
-110
-118
-135
-162
-186
-208
-236
-259
-269
-278
-276
-273
-262
-243
-224
-205
-180
-157
-138
-119
-97
-74
-73
-66
-59
-60
-56
-59
-55
-48
-48
-46
-47
-48
-48
-56
-63
-70
-88
-107
-129
-142
-161
-174
-183
-187
-185
-176
-164
-155
-135
-116
-101
-78
-60
-35
-7
22
54
77
104
142
176
217
257
291
325
353
380
397
415
424
427
422
398
381
348
321
299
274
260
250
250
250
255
268
286
297
315
325
330
328
318
299
274
240
197
152
97
38
-6
-54
-97
-130
-163
-188
-217
-245
-273
-308
-347
-388
-441
-494
-549
-603
-641
-672
-691
-692
-671
-634
-581
-516
-439
-358
-278
-200
-124
-56
2
48
85
115
137
156
173
190
214
235
258
285
312
336
356
366
361
357
332
292
250
197
131
67
12
-35
-76
-104
-117
-118
-116
-103
-74
-50
-27
-15
-9
-14
-19
-39
-65
-86
-116
-138
-153
-158
-153
-138
-111
-76
-38
3
42
71
92
104
102
96
80
60
48
29
27
40
60
93
135
180
234
286
333
377
402
408
393
370
333
279
223
159
100
41
-9
-54
-83
-108
-126
-136
-142
-140
-139
-144
-146
-152
-160
-167
-180
-187
-200
-202
-203
-198
-185
-170
-146
-123
-90
-61
-31
-4
16
37
46
45
40
20
-9
-30
-65
-92
-118
-145
-158
-168
-171
-169
-167
-165
-158
-152
-147
-138
-137
-142
-145
-151
-154
-161
-167
-170
-171
-165
-160
-145
-123
-105
-83
-67
-47
-27
-13
16
46
78
118
154
193
234
277
318
355
389
420
439
454
466
465
464
453
442
431
416
392
361
329
289
247
200
152
98
43
-13
-66
-110
-151
-187
-213
-237
-261
-277
-288
-291
-292
-285
-269
-250
-233
-211
-188
-166
-147
-125
-101
-80
-57
-42
-26
-19
-8
-2
1
2
-1
-1
-11
-21
-29
-39
-46
-46
-53
-59
-57
-53
-49
-44
-31
-17
-4
18
38
53
73
97
114
128
150
157
159
155
142
129
103
72
36
0
-40
-76
-112
-145
-177
-201
-220
-238
-249
-255
-261
-264
-264
-262
-258
-255
-247
-237
-216
-192
-162
-125
-83
-41
6
60
107
149
182
211
231
248
256
258
262
267
269
270
264
259
257
250
244
236
224
205
184
162
140
111
85
62
38
24
8
0
-6
-11
-11
-8
0
8
8
10
9
3
-9
-18
-30
-47
-58
-72
-82
-91
-95
-102
-109
-109
-108
-110
-105
-103
-103
-97
-96
-102
-106
-112
-114
-111
-101
-89
-68
-49
-27
-5
15
36
50
65
75
82
86
82
79
74
62
54
43
33
21
15
5
2
-5
-18
-29
-45
-61
-74
-89
-106
-116
-129
-139
-143
-145
-138
-128
-117
-99
-80
-61
-38
-15
9
25
47
67
81
100
119
138
155
177
193
210
223
237
247
253
259
261
260
251
240
222
201
179
160
134
99
66
39
5
-30
-65
-103
-140
-175
-204
-231
-257
-277
-298
-318
-326
-328
-325
-316
-301
-284
-262
-231
-202
-167
-133
-91
-54
-17
21
50
83
106
125
141
152
164
165
159
153
137
121
112
100
91
82
64
43
27
5
-15
-35
-55
-73
-90
-102
-109
-121
-122
-120
-113
-106
-93
-77
-55
-35
-18
7
24
45
63
87
108
122
137
145
149
156
154
153
155
147
133
117
101
88
66
47
27
3
-16
-38
-59
-80
-98
-114
-126
-132
-132
-128
-122
-106
-96
-85
-69
-56
-29
-5
17
38
56
75
93
107
122
137
143
146
151
151
149
141
127
115
101
