SAMPLES:	7054
BITSPERSAMPLE:	16
CHANNELS:	1
SAMPLERATE:	16000
NORMALIZED:	FALSE
-2
1
-2
-1
-3
-3
0
3
0
1
3
2
1
-1
1
-3
-5
-2
0
-1
2
2
1
-1
0
3
0
-1
-2
-5
-1
4
1
0
2
-2
1
2
3
3
6
5
-1
4
5
2
-1
2
2
1
-3
0
4
3
3
4
3
-3
1
-3
-1
-1
1
3
0
-3
-1
1
-2
-2
0
-2
-1
-1
-2
1
1
0
-1
2
5
4
-1
2
0
-2
-1
-3
-6
-5
-1
-3
-4
-2
-3
-4
-2
-2
-2
-2
0
0
-3
-6
-3
-1
0
-2
1
2
1
2
-1
-1
0
0
-3
1
-4
-5
-3
0
1
0
2
-2
-4
-4
0
2
2
5
5
0
-1
3
4
3
0
1
3
9
6
6
6
4
4
3
7
6
4
3
5
2
-1
-3
0
2
0
-2
3
-1
-2
-1
-1
-6
-5
-4
-3
1
3
0
-1
-3
0
-2
-2
0
1
3
-3
-2
-4
-2
-5
-7
-4
0
-6
-5
0
-4
-3
-4
-2
0
0
-1
1
-1
-1
1
2
-2
4
7
4
5
3
2
1
1
3
3
0
1
8
8
4
1
-4
0
1
2
-1
-2
0
-3
-3
-6
-6
-6
-3
-2
1
3
2
-2
-1
0
-2
-3
-1
3
1
3
2
0
-2
2
-1
0
0
-3
-3
-1
-1
-4
-3
-3
-1
0
0
5
1
-1
3
5
1
0
-3
-2
-2
2
0
-1
3
-1
-1
1
2
2
0
2
0
-2
2
0
-2
-2
3
2
3
4
2
1
4
3
2
3
6
4
6
6
6
4
-2
-1
1
4
2
-2
0
3
1
3
0
-4
-5
-3
-3
-5
-3
-2
-1
-3
-2
-6
-8
-3
-8
-13
-8
-2
-3
-1
4
-3
-4
-4
-1
-1
-3
0
1
4
0
-2
0
3
1
1
4
3
1
2
2
6
5
4
3
2
1
2
-2
0
4
6
5
2
2
-1
1
-1
-1
2
4
3
1
4
4
1
0
1
-1
0
-2
-2
1
-3
-3
0
8
-7
-16
5
6
-13
-3
6
-9
-4
10
-1
-2
4
4
-1
4
8
1
3
4
-3
-4
-3
-2
-5
-5
-6
-10
-5
-2
-2
-3
-2
-1
0
0
3
3
2
3
5
4
2
2
4
3
3
3
2
4
0
-1
3
4
4
2
1
2
3
2
-1
2
-3
-3
-2
2
1
0
2
1
2
-2
-4
3
-2
-1
3
1
-1
-1
2
3
-3
-2
-1
-1
-4
-6
1
-2
-2
-2
1
0
0
1
0
2
2
2
1
2
3
3
0
4
0
-2
2
2
0
-2
2
-2
-5
-7
-6
-3
-4
-3
-4
-4
1
3
4
4
-2
5
6
-6
-6
3
1
-5
-2
-2
-7
-3
-2
-3
-6
-4
-3
-2
3
-2
3
3
3
4
0
7
5
4
5
5
2
4
8
5
1
0
3
-1
5
4
3
2
1
2
0
2
5
3
2
0
-2
-2
-2
-6
-7
-3
0
-1
0
0
-1
-4
-5
-7
-4
-6
2
4
-11
-4
4
-4
-5
2
3
-8
-3
7
0
1
10
7
-1
1
0
-4
-4
0
-2
-6
0
2
1
2
4
3
5
4
1
1
5
4
-2
0
-3
-7
-3
0
-4
-6
-2
-2
0
-2
-5
0
-1
0
5
6
5
2
2
5
2
1
0
2
2
-1
-1
-2
-3
-5
3
1
2
2
-1
2
3
1
-1
-2
-1
1
2
3
2
-2
1
1
-3
-5
-2
0
1
1
0
2
-5
-8
4
3
-4
-3
-1
1
-4
-1
3
0
1
0
4
0
-2
-2
0
1
0
0
-4
-3
-2
-4
-2
-3
-3
-2
-1
-1
0
1
0
3
2
3
4
2
5
1
0
-1
4
6
-1
1
2
4
5
3
1
-1
-2
-2
-2
-4
-3
-4
-5
-5
-3
-3
-3
-2
-4
-4
-2
0
-1
-1
-1
-2
2
1
1
0
5
3
1
2
2
4
5
2
0
-1
1
2
1
0
1
0
-2
-1
-4
-5
-1
1
1
0
4
0
1
1
1
-2
-1
1
-2
4
2
8
5
0
10
10
-1
-2
-2
-12
10
26
11
-5
-11
7
-4
-37
-20
3
5
29
43
35
41
41
13
-23
-11
45
70
-9
-49
81
106
-62
-87
-26
-75
-92
-74
-80
-17
45
18
-30
-136
-188
-116
-291
-312
-29
-222
-263
179
-128
-436
97
-122
-475
170
205
626
730
-740
-120
567
2112
5320
2097
-269
3383
1955
-1280
-1640
-1557
-854
-2574
-2637
-613
-3111
-3897
-109
-598
-3008
-148
1567
-1015
-1439
174
547
-254
316
2610
1194
471
6148
6556
-576
-3204
-534
601
248
427
-351
-2510
-3479
-1002
-127
-2740
-1272
782
-1203
-146
1493
-327
-1319
-416
64
12
3538
7742
3673
-3266
-2027
1495
368
1425
2535
-1411
-2412
475
211
-2477
-1682
840
-457
-731
1474
442
-2091
-1563
143
-622
76
2719
1039
-1185
-253
-233
-512
229
478
391
187
375
1643
1369
-51
-744
-1145
483
1434
102
-576
-1413
-1607
-801
-88
217
292
1045
618
-208
-185
-635
-631
73
766
575
-469
-500
-101
-772
-729
491
725
171
227
557
-709
-2161
-997
13
-273
262
-236
-936
-590
-361
196
-285
-414
694
251
8
458
-979
-1232
471
407
129
703
230
-456
-328
610
1210
167
90
1575
1818
1348
1662
397
-1231
-182
918
584
-373
-1472
-1967
-1643
-1181
-1203
-816
-549
-963
-983
-291
89
-858
-992
179
703
637
1406
1368
-137
87
866
856
1330
2066
1956
638
582
1039
327
923
1650
626
255
1125
925
-463
-195
584
-530
87
1608
-209
-1477
52
-112
-1380
-58
511
-1128
-881
110
-865
-1247
-332
-311
-984
-293
381
-1112
-1162
161
-745
-1039
235
230
-68
-62
-386
-832
129
1025
-650
-653
1133
-414
-1577
404
319
-1769
-739
1824
-235
-1931
639
-54
-1832
523
1057
-1024
-195
1144
-438
-998
1155
1055
-1520
45
2384
-728
-897
2447
-258
-2474
1436
1300
-1698
614
1788
-1276
-1709
916
827
-1437
134
1554
-1796
-812
2460
-832
-1681
1507
146
-1273
719
1490
-100
-974
610
657
-614
1111
2194
68
-122
976
-141
810
2676
506
111
1714
275
516
1895
709
-363
256
1942
1047
-623
1261
250
-2279
-14
864
-150
-187
-1016
-699
-1197
-1895
616
480
-1954
-1206
-79
-907
-506
1558
-638
-3515
375
1830
-1160
815
2253
-2133
-3913
1245
3001
-1786
-883
1437
-2636
-2115
2216
711
-2178
-1689
-650
-1458
-790
846
-1764
-3551
-1675
-1637
-1914
-614
-684
-2318
-2711
-1262
-1258
-1067
496
-1110
-2783
-1095
-640
-1104
-281
-953
-3367
-3428
-846
-690
-2727
-2333
-1872
-3850
-3310
-883
-2384
-3865
-1050
-294
-2283
-376
1943
90
352
4153
4351
2720
5414
7325
4884
5748
9160
7535
6571
10125
9728
7500
9615
9257
6176
7533
8333
5472
5729
7587
5130
2258
3455
4263
2660
3427
4517
1378
-776
636
979
395
-25
-1234
-1347
-269
148
-588
-2521
-4444
-4845
-4020
-4103
-5230
-5710
-6574
-8571
-9382
-8226
-7644
-8392
-8052
-7135
-8411
-9691
-8316
-8018
-10217
-10678
-9097
-8669
-8882
-8221
-8417
-10750
-12074
-9355
-5843
-5717
-6905
-6230
-4768
-4465
-4222
-1488
935
-645
-964
2962
4105
1460
1802
4903
5434
4160
5679
7880
6276
4203
5409
7195
7255
6480
6871
8869
9023
6777
7181
10617
11839
10526
11216
13230
11535
8866
11667
15253
12644
9291
11052
12591
10248
9355
11117
9787
6193
6432
7925
5111
985
-619
-1088
-1315
-1484
-2868
-4563
-4908
-5787
-7575
-7138
-5917
-7198
-7742
-6102
-7787
-11835
-11622
-8774
-8492
-9239
-9067
-10060
-11301
-10061
-8711
-9758
-10426
-9073
-7831
-6992
-6086
-6922
-8965
-8504
-5411
-3566
-3692
-3113
-2090
-2931
-3964
-2240
371
913
1279
3051
2659
-186
-225
2928
4549
4030
3729
3859
4273
4838
4224
3054
3647
4765
4486
5149
6626
4470
702
1679
4814
4423
3708
5040
3577
-293
-327
2015
1617
982
2355
2144
165
302
1484
804
703
2458
2959
2739
3604
2808
428
512
1974
2090
2473
3181
1787
-540
-1185
-1126
-1222
216
2022
1000
-834
-145
766
-319
-1058
-20
630
-95
-54
475
-1857
-4988
-3555
-393
-310
-120
875
-1344
-3732
-1984
86
-660
-387
1568
233
-2081
-109
1192
-924
-1306
-637
-412
1586
2191
-482
-2264
-1866
-1720
-871
1961
1875
-1311
-1145
-255
-1813
-270
1883
-627
-2407
-424
351
-2025
-3159
-2288
-3282
-3158
-1044
-1445
-1089
-135
-1987
-1724
1029
1671
461
582
2644
1603
-827
975
2079
1360
1179
-419
1079
4757
3113
725
2142
2965
1789
2380
4575
2184
-1204
1813
3040
-439
529
1794
-2037
-3122
851
2402
-2049
-4814
-1593
-514
-2518
-1847
-1735
-3757
-2931
230
-540
-5185
-4269
1349
446
-3844
-2755
-828
-1365
-1566
-2223
-432
3394
1307
-3742
-953
5977
3145
-4325
-139
7965
4332
-1964
-586
1842
1623
1811
2235
1851
1635
1498
-216
-998
2664
3624
-1120
-1025
3176
2174
179
1738
2285
286
-461
1886
3788
2101
-828
-900
1060
430
-1031
1619
3321
124
-2318
-729
2447
1900
-2028
-512
4324
469
-6488
-2978
3605
-292
-6298
-3013
1007
-911
-2744
-2582
-2092
-713
-333
-2505
-3049
734
2988
-660
-4585
-3653
-116
1501
-1025
-4218
-2927
650
-94
-4301
-3872
852
1301
-2465
-2843
677
1846
-608
-1735
110
1314
581
172
1064
1525
671
450
1282
1040
632
1921
2152
566
711
1846
878
635
2592
1755
-1005
603
3529
1609
-1195
-175
1656
1741
567
-1013
-797
764
1401
419
-1399
-1246
1034
1765
-725
-2735
371
3356
-194
-3058
91
2125
-36
-1660
-329
644
-157
-436
-283
239
333
-940
-826
785
819
-566
-1058
674
1060
-1048
-792
1112
447
-964
-208
444
-1052
-1298
1291
766
-2818
-1845
2062
1232
-3310
-3674
1057
2902
-1071
-4056
-1650
1835
1181
-2173
-2766
-53
1606
118
-2042
-1387
1265
1483
-1010
-1570
524
1854
1255
246
-311
185
1969
2637
921
201
2440
3517
1174
127
2743
4247
2325
707
2088
3818
2575
457
1109
2985
2435
231
-88
1515
1589
-627
-1916
-835
456
-113
-2087
-3018
-2029
-1265
-2049
-2901
-3087
-3068
-2736
-1890
-2098
-4207
-3936
-1265
-1759
-4610
-3351
1080
273
-4902
-4807
699
2195
-1687
-4234
-683
4064
1036
-4732
-2618
3825
3903
-2300
-3876
1740
4440
1459
-2270
-3294
858
4261
778
-3288
-654
4311
1834
-5086
-3242
3617
3432
-535
-2839
-901
2846
1782
-1804
-2830
535
5180
2165
-4599
-1916
6018
5411
-3332
-5346
3583
7749
1015
-3360
-92
3839
4025
42
-3774
-188
7018
4749
-4888
-5189
4315
6733
-989
-4750
-320
3308
2131
-733
-2018
-228
2298
1771
159
2276
6120
5587
1507
-8
2527
5482
5965
4611
4017
4560
4092
2619
2244
2810
2623
1275
54
275
1059
494
-1520
-3548
-4211
-3522
-3615
-4676
-4719
-4364
-5403
-7247
-7539
-5455
-4330
-6425
-7995
-7214
-6717
-6804
-6590
-5224
-3463
-4753
-6974
-4500
-1526
-3153
-4067
-3097
-2176
-480
-229
-2266
-2565
874
1803
-3657
-5693
2256
5740
-585
-3133
-1643
1274
4959
1522
-4494
746
8677
2691
-4655
1407
9909
6009
-1929
351
5592
6656
6008
4075
3527
5041
3866
2770
6364
6438
4248
6263
5657
2964
4052
4536
2390
2993
4926
2366
-873
1981
5738
1843
-3422
-1742
1610
464
-3192
-3663
-697
-1356
-5600
-3416
6185
12374
7603
-3113
-6811
-411
5925
6314
5821
7765
7290
1633
-2878
-466
4407
4754
919
-1851
-926
742
-322
-3694
-6838
-8049
-7639
-6852
-6010
-5582
-7437
-11611
-14492
-13604
-10663
-8378
-7659
-8645
-11124
-12631
-9585
-4319
-3608
-5908
-5116
-2866
-2625
-2003
1235
3543
1635
-767
1359
4781
4932
3723
2658
2103
3126
3910
3112
3088
4148
3319
-429
-1877
2869
5614
2563
446
-732
-749
3047
3860
-446
-677
3235
2771
465
2532
5023
3581
1527
3044
4152
3213
4964
6555
3189
-387
1725
6426
6618
3730
3163
3070
1981
1675
1681
1963
2798
2517
-653
-3283
-447
3003
459
-3859
-4070
-2889
-3565
-4511
-4909
-3901
1598
9707
11820
4196
-4194
-3398
3029
6968
8522
10727
11922
8437
2177
-362
2670
6202
5659
2543
1087
2072
2162
-969
-5162
-7072
-6805
-6760
-7106
-6598
-6882
-10424
-15376
-16984
-14291
-11097
-10014
-10761
-12391
-13967
-14258
-12344
-9050
-6199
-4081
-2465
-2317
-3289
-3497
-2099
347
2896
4956
5812
5436
5029
4550
3048
2249
4492
7421
6987
4595
3433
2343
965
1412
2446
2001
1543
2043
843
-2318
-1935
1085
2
-1229
2226
3947
488
-1726
1986
5469
2714
853
5057
7964
5232
1057
453
4631
8008
5512
2628
5589
8548
4194
-1704
27
5392
4604
-43
-753
1031
737
-1013
-2434
-2787
-1875
-1811
-4499
-8059
-8057
-1033
10349
16404
9792
-3841
-8919
-204
10192
12884
12207
13039
11247
4165
-747
3117
9938
9944
3834
268
2694
5394
2347
-4297
-8115
-7429
-6157
-6529
-6435
-6125
-9897
-17627
-21783
-17991
-11766
-10044
-12779
-16013
-17902
-18250
-16333
-12335
-8203
-5878
-5388
-5536
-5328
-4357
-2740
-719
1514
3976
6257
6993
5806
4475
4422
5091
6287
8499
9878
8109
4667
2525
1895
2205
3862
5225
3810
749
-1443
-2610
-2505
-497
914
-48
-468
969
702
-1998
-3198
-1375
1993
5594
6804
4105
2099
3651
3841
656
1176
8045
11828
7051
2172
3921
5757
2265
-461
2656
6047
3725
-554
-1201
-24
-989
-2693
-2922
-4166
-7128
-4115
9809
22101
15807
-4226
-13432
-1464
14057
16999
13615
14235
13202
3652
-4123
1959
14539
16529
6287
-1925
204
5163
2778
-4610
-7918
-5999
-5508
-8187
-8478
-6798
-10811
-20647
-25189
-18760
-10543
-9802
-14628
-19110
-22017
-23047
-19681
-13153
-8103
-6804
-7893
-9684
-10419
-7683
-2905
248
1734
4011
6312
6133
5240
5704
6238
6276
7992
11283
12043
9348
5903
3368
2367
3882
7082
7851
4706
567
-1900
-2473
-1874
-377
864
656
-1399
-3856
-3467
-904
71
-824
-229
1794
1962
1703
2875
3076
1992
2981
5569
6250
6787
7893
5697
1659
1728
5972
7382
5029
3172
1731
42
-1131
-361
292
-1612
-5129
-4612
8382
24357
22213
-150
-15851
-4058
16051
20787
14997
14611
15524
5037
-5405
463
16004
19432
7061
-2529
-257
5630
2913
-5567
-8830
-6146
-4472
-7889
-9630
-8218
-12085
-22211
-27136
-18950
-9387
-10238
-17489
-22358
-23775
-24423
-20862
-13435
-8663
-9413
-11925
-12047
-10680
-7729
-3469
-371
969
2464
4805
5098
4023
4737
6833
8249
9462
11663
11689
8215
5131
5013
6102
6870
8145
7948
4092
-479
-1619
-119
675
609
373
-851
-2910
-3990
-3322
-2080
-1110
-439
-73
-22
-101
-26
637
1637
2650
4017
5350
5508
4304
3387
3335
4071
5832
6903
5910
3531
2093
1363
462
1106
1379
-1013
-2591
6416
23120
26407
8120
-11935
-7732
13901
25267
20332
14686
15656
10328
-1480
-1453
13783
23619
13147
-1156
-1422
5836
4655
-5064
-8866
-4934
-2618
-6736
-10834
-10409
-13171
-21864
-27268
-20310
-9772
-10557
-20359
-26926
-26015
-24314
-22413
-16247
-10186
-11262
-17384
-18112
-12004
-6305
-4429
-3804
-1554
604
2029
3222
4318
5242
5986
7801
10369
12328
11559
8143
5517
6000
8600
10148
9877
8031
4408
639
-272
2303
4019
2203
-865
-2458
-2809
-3256
-2871
-1846
-1651
-2285
-2502
-1621
-819
-253
-96
-401
424
2528
3953
2741
1417
2712
4493
5286
5413
5509
4294
2171
1721
1733
2054
2303
687
-1845
2619
19601
30911
17632
-7280
-11171
11543
28846
24638
15469
15910
14887
3572
-429
12616
25271
17848
1228
-1612
6558
8024
-2343
-9304
-5159
-480
-3620
-10234
-11801
-13517
-21139
-26670
-20450
-8861
-9313
-21609
-30842
-29379
-23806
-20656
-16934
-13378
-14512
-20057
-21901
-15235
-7110
-4416
-5902
-4790
-668
998
13
863
4946
7327
7372
9281
12078
10702
5834
4983
8961
11552
10465
8784
7503
4568
2034
2881
5439
5603
2799
-319
-2307
-2679
-2159
-1622
-1474
-1525
-1835
-2970
-3437
-2534
-1456
-1185
-775
936
1659
645
-164
936
3040
3792
4178
4122
3323
2326
2034
2887
2519
2420
2423
138
-2169
4113
21827
30541
15041
-7966
-7711
16254
30872
23842
14003
15556
15687
5731
3131
15725
25492
15230
42
1016
10092
8460
-4286
-9360
-2975
1481
-3110
-10349
-12659
-15863
-22131
-23951
-16045
-7925
-13224
-25920
-31703
-26555
-20809
-19590
-17550
-15111
-16478
-21075
-19654
-11671
-6856
-7895
-8471
-3540
298
-604
-1496
1153
4659
5416
7202
10519
10997
6941
3848
6623
10637
11388
9221
7413
5891
3741
3314
4897
6235
4252
756
-1026
-919
-501
-1156
-1426
-1302
-1395
-2048
-2594
-2231
-2019
-1503
-465
909
1151
-89
-697
-98
1630
3153
4120
3825
1940
774
1048
1989
1752
1500
1626
-65
-197
7884
22000
24267
7204
-8632
-924
21644
30075
19963
11672
14089
14618
7976
8336
18906
23104
12096
1748
5826
12450
6832
-4776
-5912
1969
4043
-3464
-11274
-13516
-15481
-18885
-17899
-11816
-10242
-19250
-29178
-29331
-22634
-19111
-19801
-18994
-17623
-19561
-22103
-18769
-11879
-9072
-9998
-8488
-3986
-2491
-4210
-3226
1766
5844
6630
7258
8229
7054
4996
6726
11701
13569
10448
7024
6556
6786
6031
6082
7174
6644
3537
859
418
480
-534
-1374
-530
536
-332
-2866
-4471
-3768
-1908
-412
235
150
-1047
-2532
-2347
-21
2423
2967
2114
1035
454
593
1046
1008
574
890
740
-41
3568
14578
22610
13699
-3731
-5375
13623
28779
22922
10744
10501
15986
13494
8846
13893
21287
17099
6420
5267
12066
11074
378
-4929
1975
8341
2854
-8423
-13825
-12940
-12610
-13433
-11917
-10594
-15702
-24991
-28429
-23209
-18012
-19407
-22271
-20428
-17742
-19733
-22221
-18504
-12209
-10614
-11260
-8113
-4331
-5865
-8076
-3312
4392
6278
4060
4654
6761
5936
5380
9425
13551
12008
8134
7626
9000
8487
7421
8116
8559
6493
3643
2422
2240
1580
695
490
643
-144
-2097
-3482
-2853
-1258
-691
-1168
-1566
-2068
-2887
-2564
-468
1189
787
-180
-139
237
485
1087
1210
-6
-866
46
591
1069
6696
16757
18696
6070
-5526
1639
19801
25902
16248
9025
12758
15992
11481
8980
14999
19426
13874
6802
8063
11218
6166
-1904
-1138
6459
7723
-1034
-10236
-12498
-10922
-10502
-10693
-10179
-11742
-17658
-23782
-24135
-19779
-17514
-19617
-20939
-18662
-17242
-19631
-20981
-17237
-12395
-10899
-10316
-7935
-6899
-8534
-7493
-1281
3988
3653
1895
3090
4889
5077
6383
9864
11520
9641
7842
8294
8652
7762
7899
9520
9630
6800
3640
2626
3090
3321
3041
2549
1301
-901
-2602
-2226
-593
70
-701
-1617
-2173
-2774
-2850
-1688
-421
-439
-997
-822
-544
-818
-593
311
250
-759
-742
-212
-621
1810
10937
18897
12845
-2138
-4917
10838
25102
21197
9998
9116
15105
14461
9284
11180
17954
17498
10056
7274
10652
9596
1825
-1719
4283
9663
4553
-6173
-11522
-9849
-7930
-8957
-10017
-10175
-13051
-19287
-23112
-20771
-16895
-17273
-19826
-19435
-17569
-18737
-20998
-18864
-13517
-10957
-11732
-11438
-9612
-9148
-8655
-4593
786
2156
270
247
2637
4194
4981
7224
9539
9179
7677
8034
9123
8496
7591
8711
10072
8790
5953
4516
4575
4576
4389
4282
3229
820
-1060
-840
421
794
24
-1033
-2032
-2777
-2629
-1560
-758
-1031
-1581
-1560
-1508
-1943
-1863
-620
202
-537
-1290
-1035
-1737
-3165
768
12089
19231
10504
-4715
-5090
11704
24258
19173
9220
9791
15519
14126
8963
10816
17167
17209
11275
8854
10688
8482
1624
-340
5949
10608
5038
-5769
-11104
-8951
-6153
-7101
-9322
-10272
-12251
-17280
-21561
-20490
-16628
-16135
-18730
-18935
-17011
-18729
-22950
-21029
-12119
-6952
-10819
-15272
-13228
-9181
-7684
-5020
287
1878
-1917
-3129
1727
5607
4620
4463
8109
10074
7625
5795
7442
9096
9029
9691
10799
8992
5143
3943
6116
7685
6589
4575
2990
1456
259
454
1588
1829
544
-1012
-1749
-2056
-2400
-2127
-861
7
-956
-2715
-3141
-2267
-1623
-1223
-279
168
-1053
-2310
-1724
-1198
-2193
-110
8888
16888
11732
-2332
-6149
7462
21819
20387
10201
7770
13190
14310
9593
9094
14891
17659
13345
8898
8627
7691
3195
860
5118
9914
6498
-3895
-11254
-9850
-4862
-4102
-7831
-10933
-12284
-15256
-19441
-19895
-16229
-14374
-16697
-18458
-17370
-17796
-21170
-21099
-14334
-7860
-8465
-12820
-14136
-12025
-9068
-4869
180
1724
-1549
-3851
-988
3237
4484
5061
7750
9391
6993
4180
5442
8844
10271
10046
10069
9004
5706
3450
5247
8371
8331
5456
3120
2103
1147
635
1549
2525
1641
-352
-1539
-1803
-1905
-1557
-504
111
-689
-2140
-2985
-2803
-1934
-875
-248
-454
-1263
-1921
-1769
-1310
-1849
-2370
1517
10506
15314
7308
-5188
-4395
11220
22590
17583
7699
7681
13407
13074
8542
9923
16231
17350
11692
7502
7799
7047
3472
3039
7823
10041
3352
-6792
-10280
-6046
-2237
-4167
-8571
-10888
-12242
-15626
-19097
-18380
-14632
-13451
-16239
-18706
-18837
-19472
-20919
-18679
-12202
-8361
-11192
-15327
-14752
-11025
-7765
-4398
-751
-297
-3323
-4269
-530
3447
4552
5515
7657
7759
5266
4559
7291
9846
10218
10275
10282
8219
5218
4997
7567
9037
7778
5736
4116
2433
1265
1828
3071
2735
894
-478
-907
-1494
-2063
-1312
192
261
-1356
-2598
-2532
-2264
-2176
-1393
-354
-524
-1565
-1804
-1156
-845
-1263
-1878
-1211
3298
10614
12660
4130
-5346
-1055
14199
21600
13787
5079
7622
13891
12683
8175
10033
15466
15121
9643
7015
8094
7015
3517
3612
7743
8182
1005
-7104
-8149
-3752
-1882
-5400
-9698
-11156
-12060
-15025
-17470
-16099
-13405
-14183
-17615
-18864
-17544
-17592
-18984
-17183
-12341
-10444
-13103
-14819
-12458
-9472
-7969
-5483
-2110
-1693
-3775
-3166
765
3292
3481
4945
7422
6993
4638
5199
8539
10071
9141
8946
9401
7898
5608
6056
8490
8860
6485
4411
4002
3636
2612
2246
2811
2695
1185
-368
-861
-827
-739
-176
515
62
-1460
-2392
-2074
-1522
-1233
-807
-578
-1076
-1493
-974
-331
-432
-816
-1141
-862
2371
8676
11284
4475
-4149
-1086
12332
19426
12588
4341
6654
13285
12853
7942
8428
13690
14865
10312
6777
6915
6626
4468
4289
6983
7153
1458
-5447
-7028
-3755
-1880
-4716
-9058
-10923
-11242
-13157
-16064
-16451
-14264
-13555
-15881
-18004
-17881
-17732
-18486
-16955
-12559
-10355
-12944
-15366
-13136
-9158
-7343
-6063
-3365
-1895
-3147
-3361
-203
2997
3753
4519
6543
6930
5129
5035
7920
9941
9173
8316
8678
8038
6142
5923
7807
8456
6438
4289
3747
3499
2639
2312
2916
2880
1450
-64
-554
-489
-362
175
818
453
-875
-1633
-1217
-696
-673
-537
-344
-843
-1428
-755
509
561
-246
-487
-593
-467
2843
9065
10485
2753
-4323
1115
13657
17107
9042
3622
8194
13360
10858
6637
8664
13327
13033
8840
6796
7239
6151
3772
4039
6622
6056
232
-5634
-6115
-3070
-2524
-6052
-9619
-10460
-10844
-13303
-15991
-15787
-13775
-13789
-16143
-17491
-16933
-17099
-18023
-16197
-12046
-10930
-13736
-14356
-10537
-7870
-8474
-7148
-2519
-569
-2877
-3123
828
3547
3251
4349
7147
7038
4603
5255
8753
9759
7942
7534
8573
7712
5692
5948
7711
7482
5329
4011
3856
3259
2364
2464
3111
2705
1209
66
-58
185
251
398
765
731
-25
-675
-489
-55
-118
-239
59
51
-574
-599
437
1026
462
123
185
-696
-601
4299
10803
9319
-588
-5287
3703
15443
15057
6076
3406
9440
12708
8421
5172
8851
13322
11927
7664
6006
5957
4424
2995
4498
6531
4233
-1998
-6417
-5521
-2681
-3375
-7575
-10387
-10044
-10520
-14132
-16804
-15034
-12395
-13608
-16668
-17229
-16320
-16885
-17057
-13943
-10513
-11083
-13547
-12936
-9609
-7500
-6703
-4600
-1979
-1645
-2649
-1682
1181
3250
4211
5588
6616
5582
4166
5337
8239
9483
8493
7451
6929
6007
5422
6454
7696
6858
4716
3682
3744
3258
2505
2787
3443
2885
1446
625
560
579
829
1484
1687
937
117
35
345
582
870
1047
571
-345
-813
-361
606
1191
949
405
127
-549
-1787
-546
5570
11216
7542
-2854
-5627
4976
15813
13420
4237
3119
9770
11758
6394
3960
9003
13380
10837
6082
4792
4874
3099
1998
4407
6624
3377
-3587
-7559
-5979
-3257
-4059
-7395
-9484
-9881
-11474
-14754
-16272
-14303
-12098
-12873
-15091
-16008
-16162
-16734
-15855
-12240
-9233
-10006
-12144
-11598
-8960
-7072
-5603
-3070
-1099
-1623
-2603
-1182
1546
3062
3873
5353
6070
4667
3453
5015
7758
8470
7329
6619
6531
5840
5143
5858
7116
6837
5180
4045
3804
3407
3027
3618
4388
3670
1891
1022
1392
1814
2021
2403
2343
1342
528
875
1450
1318
1178
1392
899
-388
-962
-313
354
469
542
372
-402
-1242
-1902
-2071
665
7370
11152
4272
-6510
-5390
8703
17523
10517
1015
3631
11409
10131
3011
3332
10795
13312
7964
3538
3884
3866
1553
1738
5393
5934
-47
-6745
-7517
-3898
-2412
-5258
-8651
-9451
-9450
-11608
-14705
-15003
-12375
-10851
-12512
-14960
-15799
-15628
-15103
-13029
-9989
-9202
-11187
-12018
-9734
-7367
-6725
-5186
-1828
-609
-2926
-3918
-714
2817
3402
3485
4923
5018
3041
3061
6490
8918
7774
6178
6536
6823
5811
5792
7517
8308
6788
5029
4672
4707
4376
4476
5088
4878
3429
2088
1869
2311
2626
2711
2549
1849
901
635
1213
1568
1161
858
998
456
-962
-1531
-563
211
-136
-416
-251
-773
-1612
-1639
-1822
-1989
1710
8898
9505
-1192
-9663
-1671
13950
16319
4737
-1343
5504
11308
6690
1557
5571
11882
10625
4927
2786
3462
2467
1366
3699
6331
3453
-3470
-7392
-5488
-2249
-2678
-6112
-8548
-8731
-9395
-12226
-14502
-13176
-10214
-10148
-13154
-15353
-15087
-14295
-13656
-11600
-9005
-9208
-11892
-12399
-8993
-5460
-4738
-4929
-3791
-2520
-2287
-1642
380
2342
3203
3939
4777
4509
3682
4707
7613
9308
8339
6884
6847
7245
7120
7463
8537
8635
7009
5486
5429
5719
5246
4792
4994
4809
3465
2022
1750
2318
2687
2514
1890
935
55
-133
447
1094
1155
616
-161
-887
-1356
-1316
-860
-664
-1054
-1293
-939
-932
-1734
-2005
-1505
-2189
-3170
594
8354
8877
-2346
-10814
-2134
14048
16022
3411
-3093
4517
11363
6931
1351
5186
11499
9960
4219
2841
4342
3207
1334
3420
6447
3832
-3127
-6939
-4661
-1241
-1913
-5744
-8432
-8648
-9014
-11198
-13079
-12301
-10438
-10655
-12838
-14501
-14784
-14488
-13299
-10769
-9051
-10224
-12254
-11418
-8142
-5955
-5501
-4568
-2862
-2192
-2306
-1135
1204
2835
3697
4983
5922
5205
4407
5974
8906
10035
8933
7843
7722
7690
7666
8396
9175
8513
6790
5744
5686
5458
4876
4758
4892
4158
2633
1587
1452
1604
1717
1826
1422
231
-801
-759
-160
38
-80
-160
-498
-1185
-1674
-1729
-1697
-1640
-1403
-1356
-1649
-1852
-1891
-1896
-1451
-1085
-2329
-3658
89
7920
8496
-2324
-10079
-1235
14056
14919
2388
-2970
5270
11661
6762
1348
5326
11216
9299
3995
3186
4488
2872
1175
3749
6271
2490
-4262
-6321
-3254
-1271
-3488
-6775
-8039
-8241
-9468
-11539
-12574
-11732
-10645
-11160
-12794
-13993
-14244
-13964
-12613
-9966
-8477
-9854
-11560
-10209
-6901
-5100
-4479
-2683
-942
-1367
-1916
224
3413
4547
4650
6037
7156
6192
5421
7215
9710
10022
8990
8696
8528
7570
7186
8263
9068
7960
6078
5266
5091
4430
3719
3786
4029
3132
1318
168
177
414
369
372
272
-614
-1813
-1981
-1164
-827
-1165
-1070
-800
-1327
-2053
-1895
-1409
-1685
-2013
-1446
-1288
-2072
-1988
-931
-704
-1341
-1571
-1884
-3041
-971
6706
9965
731
-9548
-4232
11750
15973
4070
-3105
4544
11995
7201
266
3845
11045
9715
4076
3368
4933
2693
-292
2226
6334
3645
-3333
-6214
-3951
-2145
-3905
-6331
-6925
-7440
-9194
-11078
-11819
-11182
-10409
-10449
-10955
-11901
-12971
-13213
-11977
-9370
-7420
-7686
-8818
-8830
-7098
-4653
-2964
-1957
-870
289
1094
1206
1526
3322
5876
7511
7401
6205
5623
6524
8339
9647
9298
7987
7242
7155
7032
6816
6906
6963
6040
4491
3531
3181
2794
2450
2507
2439
1253
-588
-1512
-999
-61
83
-677
-1488
-1901
-2031
-1977
-1689
-1148
-873
-1113
-1375
-1544
-1650
-1467
-1106
-826
-1003
-1458
-1620
-1750
-1431
-411
-45
-666
-978
-922
-1953
-3006
1134
9062
8740
-2500
-9189
266
13800
12272
610
-1309
7517
10637
3698
-13
5711
10165
6748
3245
4318
4050
107
-829
4065
6478
1000
-5263
-5249
-2025
-1836
-4628
-6192
-6000
-6610
-8415
-9998
-10561
-10098
-9146
-8540
-9107
-10809
-12124
-11725
-9594
-7041
-6112
-7087
-7860
-6833
-4941
-3727
-2719
-1036
358
590
700
1586
2600
3451
4946
6640
6668
5189
4720
6181
7681
7796
7278
6906
6301
5492
5299
5799
6000
5360
4378
3607
2936
2152
1643
1829
2215
1717
256
-925
-1026
-656
-602
-772
-948
-1262
-1639
-1722
-1592
-1522
-1359
-1067
-1062
-1302
-1268
-1031
-1069
-1088
-657
-509
-1184
-1729
-1360
-881
-780
-444
-39
-341
-727
-758
-1718
-2637
1083
8305
8408
-1863
-8604
-265
12473
11858
1501
-966
6353
9173
3443
844
6159
9673
6057
2832
4358
4390
325
-740
4202
6827
1573
-4652
-4550
-1399
-1525
-3955
-4599
-4291
-5859
-8149
-8638
-8167
-8500
-8739
-7810
-7405
-9193
-11184
-10632
-8174
-6409
-6286
-6781
-7013
-6583
-5310
-3744
-2742
-2138
-1109
51
357
163
809
2425
3902
4652
4791
4370
3807
4192
5760
6945
6490
5324
4932
5168
5103
4847
4984
5078
4395
3366
2836
2665
2269
1858
1891
1879
1063
-152
-675
-368
-101
-313
-640
-893
-1324
-1777
-1637
-929
-516
-857
-1375
-1462
-1229
-980
-730
-531
-538
-677
-749
-812
-900
-880
-771
-633
-275
164
23
-468
-178
212
-990
-1792
2161
8105
6474
-2842
-6486
2542
12143
9204
533
307
6613
7418
2555
2114
6871
8018
4219
2849
4758
3571
-306
214
4949
5466
-189
-4232
-2738
-804
-2233
-3926
-3456
-3617
-6145
-8050
-7413
-6765
-7823
-8477
-7417
-7025
-8892
-10521
-9548
-7476
-6661
-6808
-6574
-6289
-6520
-6247
-4566
-2530
-1730
-1900
-1696
-761
180
741
1448
2583
3587
3837
3553
3502
4037
4859
5497
5717
5460
4944
4572
4567
4845
5031
4834
4235
3518
3044
2808
2555
2249
2030
1764
1172
404
-41
-56
-48
-250
-496
-656
-849
-1129
-1254
-994
-586
-476
-671
-750
-555
-382
-345
-190
110
247
211
260
293
52
-208
-104
212
484
661
573
253
233
363
-424
-1291
875
5586
6205
-39
-4976
-657
7532
8419
2632
347
3757
5346
2709
1925
4935
6141
3625
2441
3998
3375
-94
-630
3137
4699
733
-3282
-2872
-1204
-2073
-3661
-3509
-3482
-5401
-7151
-6864
-6472
-7604
-8397
-7385
-6660
-8102
-9832
-9388
-7650
-6773
-6810
-6685
-6403
-6316
-5752
-4275
-2835
-2395
-2333
-1591
-367
436
796
1496
2646
3426
3513
3528
3944
4523
4979
5340
5476
5186
4784
4787
4997
4881
4513
4315
4173
3700
3045
2631
2451
2289
2111
1809
1200
507
271
455
443
106
-95
-36
-148
-516
-591
-173
190
106
-83
24
253
241
126
312
680
739
407
191
406
635
392
-34
-90
65
-124
-501
-418
43
201
-45
-429
-1150
-1744
-387
3068
4552
993
-3321
-1849
3964
6339
3216
797
2492
4122
2712
1682
3491
4867
3461
2232
3106
2964
351
-820
1578
3356
973
-2436
-2833
-1772
-2393
-3743
-3656
-3385
-4865
-6616
-6607
-6150
-7094
-8034
-7160
-6083
-7068
-8811
-8684
-7117
-6254
-6242
-5899
-5346
-5195
-4839
-3736
-2602
-2004
-1381
-463
87
307
1153
2403
2858
2724
3242
4298
4569
4104
4242
5023
5276
4865
4721
4922
4678
4080
4077
4566
4428
3507
2812
2813
2886
2591
2307
2165
1772
1205
989
1073
894
514
503
730
468
-173
-340
59
287
118
65
198
1
-407
-307
338
672
291
-151
-111
93
41
-79
43
212
32
-432
-746
-773
-702
-615
-470
-337
-428
-836
-1371
-1647
-1098
445
1767
1300
-693
-1775
-305
2114
2927
2024
1263
1468
1714
1552
1713
2394
2754
2399
1901
1524
912
247
387
1164
1169
-137
-1624
-2199
-2202
-2346
-2589
-2819
-3436
-4493
-5259
-5346
-5282
-5533
-5707
-5496
-5451
-5971
-6463
-6165
-5300
-4622
-4288
-3978
-3716
-3671
-3351
-2240
-929
-406
-451
11
979
1477
1490
2004
3126
3785
3601
3405
3725
4074
4153
4346
4691
4636
4060
3655
3752
3866
3668
3417
3280
2961
2390
2011
2017
2020
1751
1470
1322
1058
639
480
697
799
521
211
195
263
160
60
161
297
238
47
-60
-35
36
70
48
-43
-163
-241
-317
-460
-626
-644
-540
-595
-957
-1340
-1418
-1313
-1296
-1370
-1433
-1561
-1676
-1489
-1189
-1370
-1781
-1345
-62
454
-448
-1006
-54
1102
1163
931
1507
2099
1773
1481
2036
2542
2266
2057
2565
2724
1812
1034
1344
1743
1258
527
289
12
-821
-1457
-1454
-1578
-2223
-2775
-2944
-3362
-4138
-4462
-4171
-4071
-4447
-4704
-4671
-4715
-4742
-4339
-3828
-3726
-3599
-2969
-2425
-2487
-2375
-1410
-421
-211
-110
512
1043
1072
1370
2302
2895
2657
2503
3016
3450
3263
3124
3543
3837
3440
2964
3045
3260
3052
2735
2739
2701
2193
1683
1739
1997
1810
1322
1082
1027
782
508
554
727
552
128
-61
-17
-95
-281
-257
-76
-165
-563
-794
-653
-489
-583
-719
-657
-614
-812
-1011
-907
-697
-724
-896
-906
-798
-802
-909
-981
-973
-884
-714
-648
-824
-987
-853
-587
-491
-477
-383
-342
-299
146
747
619
-28
154
1479
2262
1503
763
1399
2380
2260
1762
2112
2532
1998
1475
2017
2454
1513
470
920
1694
888
-600
-813
-273
-698
-1756
-1965
-1759
-2445
-3442
-3406
-2948
-3435
-4313
-4223
-3592
-3747
-4365
-4255
-3627
-3407
-3406
-2931
-2410
-2503
-2533
-1713
-702
-458
-593
-226
439
767
932
1382
1841
1911
1897
2191
2472
2374
2262
2506
2743
2534
2153
2066
2146
2045
1855
1783
1642
1269
979
1037
1119
865
544
516
589
429
194
234
413
387
217
204
294
269
239
395
545
442
281
361
533
494
346
388
517
429
216
176
254
204
84
79
77
-98
-264
-196
-61
-149
-369
-443
-331
-259
-344
-451
-449
-400
-391
-364
-317
-354
-440
-377
-149
-35
-185
-326
-177
126
245
122
23
79
206
354
459
427
271
201
350
526
473
284
200
243
274
208
97
-28
-141
-187
-181
-255
-469
-682
-757
-752
-810
-955
-1119
-1254
-1342
-1374
-1385
-1455
-1573
-1651
-1648
-1625
-1639
-1661
-1643
-1613
-1581
-1527
-1471
-1418
-1363
-1258
-1131
-1039
-963
-869
-741
-605
-463
-319
-171
-27
100
241
388
556
730
863
984
1107
1248
1385
1508
1621
1713
1786
1860
1948
2022
2041
2034
2056
2098
2093
2032
1956
1913
1875
1795
1702
1601
1469
1332
1239
1152
1016
841
706
604
496
372
237
123
23
-71
-165
-240
-309
-389
-466
-509
-537
-596
-652
-674
-663
-676
-725
-757
-753
-746
-734
-732
-753
-766
-750
-729
-712
-712
-735
-745
-704
-651
-654
-695
-701
-656
-611
-597
-595
-594
-589
-549
-488
-449
-443
-438
-392
-322
-262
-230
-215
-171
-102
-47
-22
-4
31
59
85
117
128
106
83
91
95
68
25
-24
-71
-112
-140
-186
-262
-326
-369
-395
-430
-481
-524
-544
-549
-561
-552
-525
-508
-487
-447
-381
-308
-246
-186
-102
-7
74
150
241
336
417
506
580
647
711
766
826
870
884
896
912
922
927
907
874
857
830
789
754
708
641
590
536
489
450
381
302
253
207
154
115
67
11
-32
-68
-100
-134
-158
-180
-196
-203
-216
-231
-219
-214
-229
-226
-210
-201
-188
-184
-184
-179
-165
-159
-176
-174
-161
-178
-189
-177
-193
-221
-206
-203
-238
-260
-263
-283
-299
-294
-310
-333
-333
-318
-326
-324
-307
-319
-323
-288
-266
-267
-249
-221
-211
-188
-142
-115
-118
-101
-55
-26
-19
-5
12
25
66
89
71
72
100
124
120
121
134
137
133
144
158
167
179
168
150
170
197
191
178
176
175
175
187
197
187
166
165
170
159
156
145
121
109
117
115
87
63
57
43
22
7
-3
-23
-43
-52
-63
-82
-95
-102
-121
-129
-111
-111
-135
-130
-110
-102
-97
-84
-74
-72
-49
-23
-25
-19
15
42
40
43
57
75
80
87
104
92
75
86
93
92
82
61
51
60
51
28
3
-2
11
0
-23
-28
-29
-43
-53
-53
-63
-73
-67
-62
-70
-75
-75
-78
-74
-70
-83
-79
-66
-68
-73
-79
-68
-71
-84
-58
-37
-56
-77
-50
-35
-32
-16
-24
-52
-48
1
18
1
-8
-2
14
44
67
43
27
43
70
85
79
90
88
77
92
109
91
79
87
78
75
83
66
47
49
52
41
20
6
-2
-3
-5
-16
-36
-54
-43
-30
-45
-61
-54
-49
-54
-40
-32
-62
-65
-27
-11
-32
-45
-34
-20
-4
16
-6
-29
-5
23
21
11
-2
-15
0
30
52
28
-5
5
28
39
42
30
12
-19
26
84
16
-19
-5
10
44
22
-3
-9
-24
17
27
-6
-15
-14
-16
-1
-7
-29
-32
-16
-3
-18
-44
-37
-16
-14
-20
-25
-33
-43
-25
-4
-12
-52
-55
-5
1
-21
-21
-8
-21
-12
17
2
-23
-4
15
1
4
27
21
8
31
49
33
18
32
51
39
29
41
36
27
42
34
11
21
39
29
3
-3
4
10
8
2
-1
-14
-26
-15
0
-1
-13
-22
-13
-16
-26
-20
-24
-34
-33
-22
-20
-29
-27
-26
-21
-7
-6
-21
-20
-5
-4
-12
-8
-5
-5
2
3
2
2
7
9
13
14
11
17
33
30
4
-3
23
39
24
0
-3
15
28
16
-10
-2
19
28
10
-2
3
5
10
5
-7
-18
-13
-4
-7
-15
-11
-7
-15
-17
-16
-27
-28
-13
-13
-27
-28
-25
-33
-19
-9
-25
-37
-19
-2
-4
-13
-21
-9
6
8
2
-4
-1
10
17
11
16
23
12
16
40
48
28
19
27
32
43
36
16
14
34
51
42
18
7
20
31
26
10
-4
0
10
11
6
-8
-25
-20
-2
4
-16
-32
-23
-2
-4
-30
-46
-35
-18
-9
-14
-33
-41
-38
-23
-5
-14
-36
-32
-6
4
-12
-23
-19
-5
8
9
-6
-18
-19
-2
8
7
-3
-18
-9
8
13
6
4
3
4
4
10
11
8
9
8
13
11
12
19
19
18
16
15
17
20
17
15
15
17
17
14
16
10
2
0
7
8
-2
-7
-7
-3
-5
-10
-13
-19
-12
-7
-11
-12
-14
-16
-12
-1
-6
-18
-11
-2
-3
-8
3
13
4
-3
8
15
15
18
16
7
11
22
15
4
12
20
16
9
10
5
-4
-1
4
0
-5
-5
-9
-5
6
1
-18
-19
-8
-5
-12
-12
-9
-16
-15
-6
-7
-13
-4
-5
-10
-9
-8
-10
-11
-11
-7
-5
-3
-3
-10
-12
-10
-6
-4
-9
-12
-10
-8
-5
-10
-9
-5
-5
-2
1
3
0
1
6
14
13
7
2
6
15
22
22
15
15
12
15
19
17
15
16
18
22
17
10
5
7
11
5
2
5
1
-2
-1
2
0
-11
-11
-4
-8
-14
-6
-1
-6
-5
-8
-3
0
-7
-4
0
6
5
-2
-4
-3
2
12
10
6
6
5
7
9
9
2
-4
-5
0
3
1
2
4
-2
-9
-14
-7
-3
-2
0
-3
-7
-3
-8
-12
-5
-6
-3
-3
-9
-11
-14
-12
-10
-16
-16
-8
-7
-8
-12
-10
-10
-11
-13
-9
-2
-6
-7
-4
3
2
1
5
0
-2
6
9
8
9
12
10
12
9
5
12
11
9
9
12
16
14
9
8
6
13
17
15
8
-2
2
11
18
10
-3
-4
6
10
10
8
0
-5
-7
-3
-2
-5
-7
-9
-5
-5
-7
-9
-7
-5
0
0
-2
-10
-14
-7
1
1
-7
-8
-3
-3
5
8
-5
-10
-2
7
6
-3
-6
-5
1
13
10
2
-6
-3
2
7
6
-2
-1
-6
-3
0
-1
-2
-10
-4
-3
-1
-4
-7
-1
-3
-3
-3
-7
-5
3
3
1
-5
-5
-6
-3
1
-6
-6
-2
3
2
3
-5
-7
-6
-5
-2
-1
-2
3
5
2
-4
-3
-1
0
-2
-1
3
3
2
-3
2
6
4
5
9
8
11
9
10
13
15
11
7
7
4
7
7
0
-5
3
6
7
-1
-2
2
3
4
1
-4
-6
-8
-8
-5
-9
-8
-6
-4
-2
-2
-6
-8
-1
-2
-5
-4
-2
0
3
1
-3
-5
-2
4
6
3
-3
-2
1
1
1
2
3
0
-1
1
4
2
1
-1
-4
-1
-3
-10
-10
-6
-1
-5
-7
-10
-7
-3
0
-1
-3
-3
-9
-3
-1
-2
-4
-5
-7
-6
-3
2
1
3
3
5
9
8
10
9
5
7
3
7
9
5
3
1
1
-1
-2
2
0
-3
-4
-4
-2
-2
-3
-5
-2
-2
-5
-4
1
3
1
4
3
7
15
14
9
3
4
10
10
8
3
-1
2
0
0
1
0
-3
-3
-5
-7
-10
-12
-6
-4
-6
-6
-8
-9
-5
-6
-11
-12
-10
-14
-10
-8
-3
-1
0
5
0
4
4
5
5
6
6
3
1
4
4
6
9
11
6
5
7
9
8
8
5
3
4
2
2
2
0
2
0
-5
3
2
-2
-3
0
-6
-2
-3
-3
-5
-13
-10
-12
-15
-16
-17
-14
-11
-12
-6
-4
-2
0
-2
0
-5
0
3
2
0
-3
1
1
2
8
9
7
8
8
12
