SAMPLES:	6299
BITSPERSAMPLE:	16
CHANNELS:	1
SAMPLERATE:	16000
NORMALIZED:	FALSE
-12
-13
-4
1
12
13
16
17
22
25
26
26
27
26
24
27
28
24
18
20
16
17
11
11
15
17
19
25
24
23
24
29
32
33
31
35
38
38
42
43
43
40
36
33
28
24
18
13
8
0
-2
-10
-17
-21
-26
-31
-36
-37
-36
-39
-46
-45
-43
-46
-50
-52
-51
-52
-53
-52
-52
-49
-51
-47
-44
-44
-39
-39
-38
-33
-26
-24
-17
-10
-8
-4
0
7
15
19
27
33
38
40
43
51
55
62
61
63
64
62
63
56
56
52
54
51
46
43
38
33
30
27
21
16
12
13
6
-1
-5
-3
-7
-11
-14
-17
-22
-26
-28
-28
-30
-30
-30
-29
-29
-29
-32
-27
-25
-25
-25
-22
-24
-21
-19
-20
-19
-19
-14
-13
-12
-16
-16
-10
-10
-11
-11
-11
-10
-7
-8
-9
-5
-2
-4
-3
-1
-2
-3
-1
1
4
4
3
3
2
6
6
6
7
8
7
9
13
17
19
20
27
28
29
31
35
38
43
48
43
42
44
41
39
38
31
27
26
19
16
7
0
-4
-6
-10
-17
-22
-25
-26
-29
-30
-35
-38
-38
-42
-44
-48
-47
-45
-42
-42
-43
-42
-46
-45
-47
-43
-43
-41
-37
-36
-37
-31
-32
-1
112
42
-108
-116
-5
78
67
-18
-15
76
81
11
-63
-44
43
100
53
-26
-30
43
90
71
21
1
24
63
68
45
16
21
62
55
35
17
27
42
45
34
27
8
-3
16
23
16
2
-3
-1
-1
-16
-17
-24
-16
-15
-18
-26
-41
-48
-34
-31
-52
-36
-14
-48
-69
-36
-19
-15
-39
-62
-29
14
-24
-32
-16
-13
6
-10
-33
-15
13
10
-22
1
5
3
22
6
-10
12
29
11
-4
14
18
21
34
10
19
34
22
30
17
-2
59
39
-12
36
17
20
37
7
22
12
33
4
3
4
25
10
-6
28
-10
-15
-16
20
19
-14
-54
-15
17
-14
-41
12
-38
-100
-11
114
-74
-187
48
90
-130
-42
-5
-90
61
-73
-63
-11
-104
66
3
-74
-70
-46
31
51
-18
-84
29
-20
58
49
-83
-26
131
86
-78
-38
10
144
104
-20
-121
80
114
92
100
-198
30
191
96
-47
-34
80
42
46
55
12
-35
73
-40
86
134
-98
-83
19
130
-45
19
-52
10
28
-90
3
35
18
-93
-48
-47
78
-62
35
-132
-150
82
103
-114
-142
41
-107
27
-35
23
-11
-130
-103
9
133
17
-138
-169
-10
235
-16
-106
-148
67
116
44
-94
-25
62
20
-8
17
89
-10
50
-30
8
67
111
-22
-34
-8
106
110
-38
-45
8
87
96
-10
-32
73
-45
38
71
-13
32
-32
-16
9
53
-18
-10
-17
-20
14
-65
10
6
-71
-32
-31
13
-60
-87
51
-18
-70
-36
-141
101
85
-147
-116
61
19
-136
121
-30
-97
50
45
-86
-22
103
3
-43
-7
68
-69
45
134
-95
-98
132
79
43
3
-142
47
144
90
-28
-129
41
174
67
-69
-77
75
31
85
-23
-49
49
-31
79
-15
-68
162
-56
-162
43
98
72
-41
-150
6
46
31
38
-164
-40
99
58
-140
-51
53
-124
42
32
-159
94
18
-210
104
166
-193
-146
160
-3
-136
141
96
-195
-54
5
197
10
-118
38
-195
90
285
41
-423
121
99
127
66
-277
210
-147
123
255
-269
-38
53
230
84
-381
213
193
-217
-85
220
78
76
-239
-337
509
83
83
-220
-571
651
558
-661
-631
710
233
-139
-394
-351
568
391
-703
-255
626
-456
442
-235
-470
495
-83
108
-359
-24
410
-189
-207
241
-161
29
215
-345
85
68
400
-492
-43
274
-732
983
259
-739
-415
389
268
240
-183
-285
120
-433
667
-77
-140
970
-1510
-662
1720
521
-672
-763
-149
458
913
-233
-724
-141
146
554
-372
158
421
-559
-587
-57
1736
-403
-1048
-23
96
626
248
-831
207
126
-488
440
297
-155
-521
274
-123
136
238
-51
-428
44
76
732
-1137
303
757
-708
358
-736
542
248
-204
-224
449
-453
-236
642
-225
124
407
-914
-69
658
-123
419
187
-1557
371
1186
-246
-210
-174
-269
334
315
-483
148
745
-831
-436
664
22
793
-1443
122
965
-578
296
-192
-196
-367
1318
70
-1801
277
1115
147
-232
-956
-53
1166
-467
-513
746
128
-425
-914
333
1171
338
-832
-1409
725
1356
-324
-788
-181
119
843
-368
-624
770
-439
-186
768
-720
374
-68
-189
122
-543
966
567
-1639
-1090
2475
492
-1674
-378
619
-493
574
1436
-2066
-493
955
187
200
-1083
566
1281
-1235
-1711
1643
1891
-1643
-1291
1114
317
-282
879
-1124
-897
1485
903
-1019
-1283
1424
-370
682
370
-2458
1781
944
-1498
-40
506
991
-318
-1697
-696
2656
1485
-2840
-528
219
686
1018
34
-1167
-270
-164
707
128
146
1111
-1295
-1978
722
2734
34
-2141
461
-534
-1081
3255
-93
-2333
645
233
-1494
1567
1422
-740
-1883
-127
449
1201
1541
-2033
-1551
495
1381
750
-628
-885
-318
810
242
-435
849
53
-1394
-401
1661
972
-581
-1356
-462
1422
1130
-418
-878
-297
301
801
604
-463
-479
-78
-199
491
1262
-154
-1611
-692
690
1386
478
-1587
-1243
318
503
856
-260
-1505
-376
101
105
649
-79
-1420
-865
356
719
952
-1648
-1934
1399
714
-260
332
-922
-1461
1393
1892
-900
-764
-121
589
1080
303
336
-948
-20
1632
850
326
-700
-220
698
1999
-521
-764
1916
-398
-829
1117
1528
-249
-1085
-28
1047
675
-354
-268
286
334
-389
-408
464
-176
512
254
-1611
-792
1463
571
-1642
-605
-68
46
128
-753
-532
-822
-450
-58
-93
68
-506
-897
-882
-165
674
963
473
-465
-728
313
1294
1224
637
735
1201
780
318
902
1404
1480
1085
663
559
759
844
196
-94
509
622
-388
-1146
-1094
-965
-1102
-1449
-1601
-1631
-2045
-2549
-2894
-2736
-2043
-1985
-2740
-2771
-2532
-2333
-2265
-2283
-1751
-1108
-898
-908
-896
-741
-251
451
893
1365
1706
1630
1589
1686
1842
2910
3749
3294
2994
2649
2427
2854
3490
2961
2253
2572
2203
2122
2159
366
-512
961
1811
955
-664
-2304
-2227
-586
-2
-894
-2398
-3381
-2663
-1405
-1101
-1177
-2645
-3456
-1710
-540
-56
-59
-2320
-2247
1785
1585
-976
283
335
-168
2612
2546
265
409
-990
-1004
3069
2556
-750
-599
-1360
-2310
-732
-761
-839
-139
-3028
-4161
-552
746
-1419
-4492
-5647
32
7552
6021
-2924
-7984
-2768
6794
9704
5246
1763
1992
2230
1591
3690
8548
9427
4057
-139
1664
5259
5034
1354
-65
2639
3641
220
-3041
-3510
-2631
-2209
-2844
-3336
-3449
-5038
-7836
-8761
-6706
-4083
-3664
-5954
-8506
-8572
-6470
-4692
-4358
-4444
-4265
-4146
-4218
-3801
-2277
-603
-145
-445
-66
973
1541
1541
2077
3626
4927
4935
4187
3833
4125
4904
6285
7451
6792
4583
3093
3841
5639
6262
5193
3432
2073
1753
2219
2597
2095
761
-555
-973
-651
-695
-1548
-2625
-3012
-2668
-2380
-2731
-3343
-3889
-3827
-2542
-1444
-2054
-3120
-2951
-1767
-339
223
-372
-653
-220
362
1068
1356
985
950
1059
758
846
1306
913
78
-120
-204
-812
-1223
-260
974
273
-1769
-2268
-1773
-2320
-1305
4659
9313
3165
-8070
-7886
5743
15015
8963
-236
1351
7164
5215
465
4478
12661
11374
1805
-1731
4247
7709
2240
-2587
1060
6048
2810
-5501
-8477
-5096
-2765
-4347
-5990
-5848
-7224
-11246
-13610
-11346
-7183
-6053
-8981
-12263
-12681
-10536
-8321
-7442
-7352
-6804
-5995
-5847
-5911
-4887
-2569
-713
-294
-30
1127
2190
2104
2405
4696
7475
8020
6550
5727
6387
7821
9520
11237
11177
8115
5087
5412
8671
10724
9244
6010
3288
2408
2953
3952
4128
2671
142
-2117
-2470
-1575
-1281
-2395
-3676
-3944
-4290
-4845
-4877
-4154
-3811
-4328
-4246
-3511
-2869
-2729
-2428
-1578
-1044
-756
-637
-264
249
754
1304
1146
941
812
828
543
-182
14
290
371
276
376
189
-1247
-1200
-603
-1636
-2628
2477
12128
10790
-4032
-13870
-2203
17284
18699
5946
-204
5277
6635
370
2619
14588
18843
6187
-5598
-877
8842
7442
-1494
-1228
5885
4661
-5786
-11722
-6194
-1451
-4210
-8062
-7756
-7451
-12684
-16687
-13960
-8126
-6307
-9923
-13517
-15059
-14118
-11625
-8338
-6050
-6692
-7989
-8664
-7804
-5998
-3384
-175
852
244
-231
907
2788
4077
5961
7694
8467
7947
7366
7880
9164
11286
12078
10650
8427
7806
9000
9321
8855
8139
6929
4938
3276
3429
3875
3287
1521
-389
-1442
-1563
-1424
-2415
-3576
-3897
-3859
-4390
-5163
-4939
-4636
-4685
-4531
-3742
-2814
-2663
-3094
-3369
-2479
-819
172
-135
-108
648
487
-179
-238
733
880
44
27
-72
-240
103
805
473
-322
-86
-990
-3516
-1084
11123
17525
4578
-13220
-10183
13069
23370
11547
1673
6311
10531
907
-3028
12258
25107
14190
-6143
-6676
8067
11729
224
-3794
5078
6732
-5367
-15045
-8061
589
-4113
-11821
-11642
-6954
-10489
-18632
-18128
-11209
-7282
-10417
-14479
-15471
-15368
-14505
-11217
-6662
-5737
-7699
-9962
-9783
-7050
-3852
263
1701
415
-527
61
2618
4613
6448
8350
8931
8601
8364
8656
9057
10318
11809
12567
11397
9074
8101
7791
8646
9437
8542
6516
3809
2508
2368
2643
2920
1680
-766
-2723
-3053
-2928
-2996
-3167
-3376
-4097
-5619
-5749
-4791
-3928
-3361
-3556
-3235
-2744
-2827
-2606
-2176
-880
466
-115
-527
-111
-9
-550
-1465
-308
1038
23
-955
-14
743
-70
-386
-209
-1052
-3339
3137
16161
13952
-3548
-14994
200
22580
19742
6118
4019
11206
7170
-4620
4181
25027
25829
2707
-10933
1057
14236
7648
-3354
3251
9633
-644
-15731
-13826
2137
1604
-11066
-15589
-9957
-7610
-17819
-21536
-13078
-6820
-10669
-17920
-17612
-14381
-14466
-15237
-10174
-4944
-6264
-10340
-12630
-8282
-3723
-815
1938
1404
1126
31
266
3755
7838
11259
10317
7478
7092
8712
9464
10594
13263
13880
10833
6249
6765
9717
9787
8822
7162
6194
3928
1206
1343
2541
3322
1529
-2121
-4111
-3411
-2816
-3689
-4014
-3359
-3400
-5898
-7039
-4696
-2811
-2788
-3583
-3142
-1787
-2172
-3073
-1705
663
2073
856
-1267
-409
195
-222
213
1073
2314
1514
-234
-319
775
998
-439
-2839
2276
15289
15264
-787
-14284
-3787
19728
20718
8388
5273
10042
6677
-6077
1259
24591
28565
6081
-12216
-3148
12622
9254
-1553
3799
10595
-841
-17889
-16240
2969
5142
-10260
-17106
-11860
-8282
-18064
-22783
-12739
-6046
-11522
-20673
-19667
-13662
-14304
-17183
-12298
-4607
-5540
-12033
-14416
-7944
-2118
-1396
259
2088
3077
521
-1054
4113
10408
12481
9231
7140
9199
10019
8412
9619
14411
14839
9335
5215
7580
10188
7931
6449
7241
6920
2874
-715
715
2854
2249
-771
-2819
-2587
-3022
-4801
-5571
-3311
-1800
-3948
-6623
-6091
-3435
-3524
-4218
-2468
-987
-1392
-3269
-2725
119
953
568
-459
-520
658
752
729
1963
3463
2232
718
1017
1946
509
418
12421
19241
7000
-9921
-8337
15010
23265
11312
6120
10949
10247
-4562
-4768
18912
30681
12151
-10643
-6721
8920
8693
-2012
1735
11392
847
-17914
-19774
-1139
6317
-8631
-17464
-13534
-9656
-17344
-23199
-13377
-6061
-11749
-21088
-20210
-13260
-13248
-16535
-13432
-5886
-5662
-10728
-12432
-7667
-2321
-2265
-442
3075
4767
2860
130
3938
9474
11466
10245
10097
12112
10687
7222
7844
13586
15609
11054
6828
6656
7472
4832
4548
7716
7600
2176
-3725
-2837
506
635
-1122
-2371
-2955
-5768
-8073
-6208
-2213
-1055
-4144
-6653
-5885
-4036
-3379
-2793
-1000
186
-1306
-2816
-1520
727
1249
63
514
1751
1137
341
2090
4132
3102
2015
1997
1892
-40
5452
19018
17853
300
-11958
1757
23540
20711
9197
9545
13880
4114
-8750
5780
29777
26310
-624
-12702
676
9631
1731
-2246
9027
8294
-12342
-25007
-12817
5313
-1409
-16724
-17184
-11755
-15037
-24787
-19971
-7459
-8814
-19786
-23514
-15483
-11594
-16383
-17247
-9148
-4051
-8452
-12034
-8897
-2603
-2095
-2932
2206
6944
7068
2312
1415
7464
11807
12571
12223
13730
13293
7842
5563
11747
18059
15058
8197
6114
7366
5068
2732
6904
9350
3882
-3995
-5149
-863
-634
-2928
-3347
-3482
-6039
-9415
-8680
-4752
-2910
-5222
-7154
-6353
-4628
-4135
-5025
-2235
460
-688
-1874
-1581
1407
1041
-1217
921
3288
3483
2178
2534
3534
3322
2676
2618
2338
3703
15211
20569
8404
-7059
-5602
17011
25331
15390
11691
13694
9225
-5752
-2343
22821
31802
12270
-9112
-6015
5532
3906
-1539
6588
12595
-4052
-22832
-21099
-1700
3351
-10946
-16293
-13690
-13935
-22390
-23889
-10777
-6811
-15270
-22689
-18723
-11627
-14000
-17022
-12332
-5268
-5939
-9584
-8751
-3980
-1757
-4019
-368
5856
8716
5738
1092
4731
9010
10435
11209
13390
15638
9799
3690
6697
14148
15360
9770
7183
7572
4459
-166
2858
8500
6490
-848
-5096
-2573
-2021
-3920
-3199
-2164
-3276
-7508
-9032
-6231
-3818
-4213
-5445
-4712
-3886
-4012
-5173
-3011
156
-590
-961
-806
1197
710
-1867
352
2475
2639
1855
2940
4020
2488
834
1037
2247
2688
12885
20123
9966
-6109
-9080
12212
24101
16000
12257
13154
9555
-5940
-5746
20044
32735
16482
-6064
-6360
4035
3024
-2039
6336
14751
-167
-20140
-21757
-4155
2749
-10066
-14230
-11416
-11994
-20802
-24952
-12881
-7527
-13272
-19481
-17696
-11123
-13300
-17518
-14557
-6656
-3403
-5381
-6881
-5293
-2712
-3947
-1458
3827
10425
13852
5202
-751
2218
10485
15127
13026
16592
15051
2987
-2343
7821
19058
14039
5110
5286
4305
-3703
-3185
7270
8994
-113
-7719
-5137
-3296
-5775
-3986
-2888
-3652
-6200
-8242
-6631
-4737
-3709
-5240
-6174
-2145
1011
-2506
-4306
-831
868
-15
5
4886
4719
-1981
-2162
2032
4760
4265
4009
4724
2840
-318
-344
1745
5833
17169
19194
6315
-7552
-5964
14339
21622
15741
14528
13515
6606
-7648
-2366
21806
28738
12084
-4864
-2411
4075
-570
-3717
6947
11981
-3328
-18665
-17386
-3644
-3629
-14382
-14007
-10345
-11301
-20297
-22873
-14002
-12492
-16332
-17841
-12903
-8600
-13548
-17982
-14814
-7689
-3848
-3270
-3345
-2225
-3011
-5403
-1570
5149
11298
10501
4596
4626
6538
8072
8951
12172
16925
12242
4012
3973
9384
9887
5270
5326
8488
4314
-3323
-2137
2468
1157
-3447
-3559
-6
-2902
-7431
-6860
-4383
-3244
-4840
-4404
-3095
-4223
-5930
-6104
-2739
249
381
-863
-502
840
-63
351
2821
5057
3506
542
1689
2616
2174
1298
3553
5051
1548
617
1069
1842
-521
4038
18414
17356
1622
-10286
687
18556
15684
11080
15029
15918
1701
-10719
4679
24586
21483
3224
-2664
3577
1859
-4998
-2435
9656
6307
-9499
-16696
-10817
-3424
-10479
-15336
-12012
-10512
-13545
-19538
-17081
-13936
-15536
-16714
-15095
-9953
-8863
-11684
-14571
-12715
-7321
-3326
-1342
-1577
65
-806
-2582
-181
5488
12159
10390
6186
6267
7739
8482
7910
12127
14986
9679
3938
5329
8824
5717
1961
4019
6202
1131
-3618
-1020
123
-3521
-6516
-3391
-330
-3757
-6518
-6256
-5001
-5080
-5182
-2825
-1510
-2542
-4861
-4793
-1963
498
1045
687
2505
2750
1062
825
2588
4955
3348
2346
3337
2909
1690
1007
3317
3101
1537
1895
1582
145
564
12243
20149
10049
-5168
-5314
12204
18829
13018
13545
17646
11008
-5931
-4065
16551
24925
11626
-1956
1351
4284
-2286
-6248
1940
7953
-3466
-15308
-14783
-6478
-7499
-16734
-17256
-13237
-12118
-16952
-19022
-15483
-15594
-18197
-18812
-13371
-7894
-8106
-11759
-13785
-10049
-5649
-2490
-578
1776
3360
441
-945
2540
9193
11916
8998
8004
9694
10158
7622
8024
12195
12144
6905
4563
8248
8108
2046
-728
2392
3330
-1234
-2650
-297
-1810
-6969
-8080
-3808
-1766
-3694
-5453
-5354
-5285
-5604
-4490
-2487
-702
-877
-2513
-2654
-675
1317
1116
1225
3481
4488
3015
1970
3096
3598
2123
1870
3344
3563
1700
994
2025
1567
469
743
1651
431
677
9475
17640
11833
-3217
-6364
8436
19272
15541
11330
15924
14856
290
-6402
8645
25246
18503
491
-2817
5354
4833
-5900
-6622
3860
4675
-9370
-19085
-10975
-2602
-10913
-23441
-20982
-9376
-9385
-19155
-21074
-13636
-12724
-21008
-21608
-10085
-1580
-6978
-15094
-12412
-4757
-2613
-4450
-996
6119
6651
822
-971
5650
11600
10113
6706
8248
11884
11026
7935
7967
10134
9267
5461
4500
7090
8138
4468
-376
-1589
-138
268
-1114
-1917
-2018
-3589
-6256
-6841
-4293
-2171
-2976
-5001
-5412
-4054
-2906
-2584
-2256
-1307
-477
-579
-794
275
2125
2541
1582
1785
3766
4852
3360
1624
1694
2444
2207
1528
1651
2077
1862
773
-342
-382
394
198
-828
2180
10579
15347
7874
-4349
-4864
7521
17053
15323
11298
12225
11395
3639
-1548
5461
16660
16758
5750
-1958
1023
5553
1952
-5220
-6152
-2068
-2451
-8319
-11107
-8367
-8328
-15130
-20939
-18355
-11478
-8839
-11877
-16050
-18188
-17988
-15895
-12536
-9018
-6558
-6145
-7864
-9485
-7964
-3310
879
2008
1426
1935
4236
6484
6846
5871
5844
7582
9282
9868
10504
11210
9583
5618
3551
5600
8369
8190
5941
3542
931
-1251
-1345
-158
-265
-1692
-2575
-2920
-3649
-4022
-3561
-3681
-4624
-4309
-2237
-563
-318
-519
-1007
-1830
-1382
988
2809
2332
1577
2278
2959
2606
2592
3133
2475
972
1009
2094
1672
120
-181
502
355
-234
-58
329
-267
-1559
-2318
-681
4945
11739
12529
4744
-3677
-3328
5012
13095
15837
13834
9249
4422
2234
3839
7139
9066
8284
5631
3273
2484
1851
-476
-3440
-4753
-4917
-5651
-6276
-5666
-6029
-9834
-14930
-17065
-15429
-12457
-10180
-9621
-11351
-14154
-15371
-13895
-11188
-9045
-7884
-7214
-6255
-4566
-2881
-2358
-2562
-2062
-562
1286
3416
5680
6853
6166
4820
4336
4901
6283
8178
9437
8894
7341
6343
5821
4890
3969
3864
4005
3614
2970
2223
706
-1395
-2595
-2162
-914
106
311
-593
-1922
-2237
-1365
-562
-199
531
1172
509
-473
214
1649
1328
-379
-697
759
1618
1195
992
1529
1631
1008
538
335
151
236
533
156
-977
-1644
-1322
-746
-476
-612
-1187
-1824
-2103
-2208
-1591
1500
6926
10330
7406
475
-3281
-141
6687
11915
12796
9738
5278
2757
3751
6280
7113
5430
3419
3268
4473
4508
2041
-1463
-3700
-4461
-5017
-5656
-5701
-5694
-6977
-9441
-11638
-12834
-13293
-12988
-11825
-10662
-10475
-10848
-10717
-9981
-9456
-9381
-8928
-7105
-4192
-1671
-714
-955
-1163
-718
377
2086
4107
5535
5925
6008
6471
6962
6995
6873
6957
7020
7060
7416
7855
7479
5966
4009
2476
1817
1858
1874
1077
-361
-1487
-1880
-1887
-1781
-1704
-2024
-2644
-2598
-1383
-45
337
111
33
-62
-418
-484
7
493
742
1175
1635
1349
319
-383
-57
725
1166
1414
1825
1899
978
-681
-1872
-1826
-1200
-1407
-2253
-2285
-1278
-644
-1220
-2257
-3026
-3743
-3653
-208
6693
12226
11056
4351
-1084
-188
5645
11519
14066
13016
10058
7254
6148
6661
7190
6291
4408
3227
3393
3602
2512
297
-2060
-4498
-7439
-10156
-10987
-9710
-8282
-8752
-11191
-14045
-15975
-16516
-15746
-14087
-12338
-11091
-10276
-9442
-8617
-8002
-7284
-5753
-3445
-1295
158
1439
3174
4985
5982
5952
5577
5634
6480
7973
9519
10308
9945
8722
7226
5893
5133
5197
5714
5653
4455
2633
1052
-39
-962
-1919
-2842
-3581
-4042
-4057
-3627
-3019
-2677
-2857
-3270
-3176
-2202
-845
159
843
1655
2431
2561
2163
1987
2106
1927
1410
1285
1671
1870
1491
1185
1416
1579
967
-273
-1322
-1961
-2414
-2609
-2243
-1656
-1729
-2624
-3616
-4005
-4078
-4043
-3537
-2751
-2454
-1990
1304
8018
13968
13765
7728
2204
2547
7939
13787
16930
17015
14847
11498
8725
7798
7938
7188
5101
3152
2310
1645
310
-1288
-2900
-5875
-10834
-15528
-16861
-14889
-12724
-12579
-14020
-15773
-17615
-19254
-19480
-17548
-14422
-11702
-9852
-8349
-7050
-5995
-4714
-2676
-564
615
1288
3006
6133
9023
10253
10099
9558
8887
8150
7928
8557
9441
9741
9252
8145
6424
4414
2814
1926
1130
-85
-1284
-1794
-1745
-1815
-2282
-3094
-4312
-5839
-6902
-6446
-4450
-2093
-576
-153
-256
-383
-261
223
1118
2149
2995
3687
4366
4759
4330
3207
2163
1653
1386
1026
886
1255
1749
1581
479
-1078
-2592
-3809
-4526
-4421
-3678
-3137
-3347
-3876
-4076
-4121
-4554
-5170
-5478
-5452
-4739
-1166
6725
15924
20089
16389
9408
5860
7813
12090
15700
17833
18307
16799
14421
13201
12833
10636
5597
495
-1765
-2082
-2826
-3963
-4042
-4279
-7853
-14814
-21074
-23147
-21889
-19916
-18402
-17410
-17458
-18465
-18677
-16830
-14307
-13311
-13582
-12622
-9441
-5316
-1456
2309
5705
7122
6020
4393
4723
7028
9734
11839
13191
13430
12330
10882
10173
9674
8012
5175
2800
1885
1943
2071
1936
1201
-672
-3449
-5845
-6619
-5891
-4652
-3740
-3432
-3585
-3873
-3741
-2897
-1700
-893
-726
-439
807
2850
4593
5354
5361
5111
4756
4317
3993
3780
3441
2924
2392
1832
1010
26
-725
-1197
-1843
-2926
-3889
-4079
-3648
-3524
-4039
-4582
-4643
-4534
-4701
-4863
-4636
-4192
-3896
-3776
-3809
-3582
-1063
5782
15125
21373
20602
15593
12082
12607
15075
16997
17753
17431
16316
15150
14857
14514
12382
8113
2989
-2034
-6932
-10388
-10540
-8152
-7347
-11058
-17147
-21510
-22735
-22704
-22871
-23148
-23298
-23247
-22249
-19356
-15187
-11539
-9386
-8506
-8307
-8265
-6815
-2604
3318
7904
9297
9071
9640
11427
12921
13204
12516
11163
9549
8554
8962
9988
10003
8412
5730
2564
-770
-3175
-3791
-3398
-3827
-5509
-6805
-6528
-5266
-4255
-3775
-3661
-3987
-4371
-3973
-2366
-438
1095
2355
3509
4350
4946
5934
7036
7285
6390
5397
5207
5577
5920
5727
4744
3049
1336
246
-676
-2070
-3794
-4920
-5201
-5170
-5163
-4969
-4575
-4658
-5517
-6319
-6078
-5144
-4632
-4542
-4096
-3135
-2257
-1900
-1947
-2114
-1236
3084
11145
19358
22821
21142
18425
17794
18632
18479
17335
16021
14960
13545
12126
11784
11973
10942
6679
-147
-7373
-12590
-14722
-14867
-14901
-16652
-19462
-21585
-21905
-21202
-20999
-21512
-22487
-23353
-23728
-22368
-18213
-12217
-6709
-3772
-2611
-1484
655
3351
5671
7555
8659
9359
10220
12044
14544
16375
16480
14388
11033
7683
5597
4867
4126
2503
45
-2045
-3360
-4070
-4437
-4906
-5939
-7965
-9782
-9968
-8229
-5929
-4248
-2875
-1481
189
1846
3458
4463
4452
4007
4048
5066
6434
7912
9184
9794
9343
8228
7455
6847
5694
3520
1068
-698
-1680
-2088
-2466
-2997
-4123
-5755
-7106
-7475
-6898
-6511
-6665
-7013
-6742
-5660
-4153
-2450
-1354
-994
-1145
-945
-358
-134
-27
-1
-26
-538
680
6869
16583
23999
24112
20405
18521
19481
19039
15377
12257
11204
10423
7218
4736
6263
9427
8398
877
-7605
-12715
-14561
-16618
-19403
-20895
-21381
-21730
-22355
-20978
-17764
-15268
-15505
-18047
-19793
-19445
-16423
-11998
-7433
-3675
-972
1948
5111
8349
10570
11686
11644
9997
7876
7051
8983
11749
12627
11082
8818
7416
5942
3805
1113
-1400
-4033
-7255
-9849
-10338
-8352
-5998
-5124
-5688
-6243
-5643
-4458
-3419
-2768
-1814
-404
1043
2878
5685
9203
11330
11089
9633
8728
8605
8306
7544
6376
5324
4762
4948
5319
5115
4134
2126
-731
-3542
-5087
-5682
-6697
-8287
-9386
-9098
-7835
-6181
-4696
-3872
-3655
-3826
-3932
-3725
-2753
-1292
-236
229
618
1703
3012
3843
3642
2338
983
-101
-1101
-2373
-1410
4430
12708
17912
17492
16374
17749
19134
16294
10854
8241
7676
5321
362
-852
3822
8050
5739
-1014
-4551
-5310
-8155
-14441
-18849
-18650
-18624
-20991
-22660
-18763
-12630
-10108
-11451
-12627
-11090
-10200
-10663
-10594
-7952
-4484
-2553
-404
3258
8327
11774
12801
12129
10254
8323
6606
6038
5290
4138
3189
2910
3158
2649
2310
1687
-95
-3932
-8145
-9922
-9810
-9326
-9649
-8994
-6788
-3920
-883
2225
5600
7237
6955
5812
5641
6617
7344
7687
7615
8274
9232
10108
10470
9934
8564
5765
2841
666
-146
-607
-1545
-2426
-3099
-3064
-3162
-3476
-4448
-5897
-7283
-8468
-8761
-8236
-6790
-5373
-4304
-3080
-1136
1297
3046
3588
3073
2141
1243
953
1221
1745
1329
333
-281
84
618
-367
-1397
-2572
-3486
-5324
-4785
904
8251
12705
11731
12647
15832
18177
15688
11741
11734
10430
6079
-416
387
5956
7750
3824
-1300
-87
-461
-4655
-11020
-13123
-12674
-17334
-22312
-23695
-17497
-13136
-13075
-13226
-11326
-7469
-8198
-8433
-7368
-4529
-3698
-5205
-3159
701
6209
8487
9942
11035
10844
10666
8941
8516
6442
4113
1520
-818
-1315
-1460
391
579
-694
-3030
-4550
-4363
-5624
-6819
-8079
-7607
-7117
-6798
-4079
-38
4320
5447
5777
6977
8525
9424
8359
8149
7748
7448
6963
7213
8815
9108
8442
6270
4729
3487
1783
-10
-2444
-3774
-5153
-5607
-5348
-4592
-3689
-4215
-4610
-5245
-5084
-5077
-5505
-5680
-5992
-4991
-3930
-2143
-305
1524
3035
2748
2429
1743
1982
1594
708
-1
-1308
-1609
-2224
-1572
-1982
-2949
-3475
-4156
-4179
-5186
-1831
4170
9862
11208
10687
14640
18190
18830
14482
13222
13765
10286
4069
312
5044
7533
4548
-798
-1181
1446
-1921
-7084
-10656
-9841
-13067
-19847
-22479
-19575
-14561
-15300
-15578
-13085
-8763
-6851
-7420
-5016
-2836
-1803
-3588
-3273
-17
2983
5399
6234
8226
8994
9468
9876
9674
8733
5846
3663
1125
-1052
-2454
-2412
-1805
-3274
-4872
-5180
-3972
-4007
-5490
-6034
-5757
-6089
-7447
-6707
-3136
311
1603
2572
5520
8811
10028
10103
11051
12064
11023
8758
8181
9065
8926
6851
5008
4707
4323
2939
1192
331
-681
-2819
-4911
-5689
-5262
-5744
-6999
-7638
-6993
-6006
-5741
-5176
-4293
-3798
-4300
-4637
-3450
-1977
-1340
-1360
-408
1501
2603
2796
2685
3009
2794
1722
914
171
-629
-2111
-3039
-3298
-3888
-4048
-4180
-3753
-4170
-2806
2120
7587
10486
10051
12515
16187
17313
14537
12461
13786
11620
5992
1278
3681
7055
4534
107
-1002
1965
-14
-5183
-7937
-7217
-8609
-15590
-19425
-18021
-14491
-15166
-16755
-13994
-9963
-7610
-8095
-5824
-2330
-997
-2216
-3234
-963
1031
2440
3166
4888
6791
7660
8762
9070
9106
7760
6142
3803
664
-1367
-2149
-2363
-4417
-6076
-5562
-3977
-3880
-5170
-4635
-3545
-3989
-5948
-5618
-2884
-1657
-2265
-1921
1573
4426
5416
6733
9639
12048
11786
12501
14765
16549
15126
12738
11941
10419
7599
3795
1696
-739
-4243
-7164
-8290
-7528
-8018
-8769
-9258
-8273
-7187
-7323
-7079
-6427
-5396
-6238
-6890
-5728
-3801
-2974
-3487
-2297
-362
1259
1860
2993
4732
5323
4987
4112
4171
3789
2660
1147
221
-109
-1644
-3304
-4400
-4263
-5202
-7001
-7447
-6653
-5859
-6320
-3691
1896
6935
8358
9257
14070
18203
18363
15467
15772
16856
13233
7393
5203
8250
7810
3306
190
1677
2822
-1199
-4899
-5831
-6129
-10979
-16927
-18460
-17420
-17518
-19967
-19538
-16521
-13587
-11856
-9612
-5732
-3289
-2176
-1631
-143
1358
2401
3688
4500
5326
6354
8639
10573
10938
10622
10572
10219
7694
4702
2996
1898
-1111
-5101
-6659
-5954
-5855
-7330
-7374
-5515
-4507
-5570
-5777
-3364
-1436
-2409
-4024
-2601
256
1252
1150
3392
7247
8713
8329
10235
14968
17008
14748
12465
12887
12417
8354
4467
3126
1510
-3322
-7482
-7462
-6034
-7109
-9510
-9440
-7951
-7679
-8501
-7919
-6165
-5988
-7346
-7553
-4992
-2523
-2383
-2778
-1072
1545
2166
1989
3465
5621
5257
3295
3304
5161
5378
2877
813
669
598
-871
-2152
-2128
-2615
-4655
-6551
-6497
-6079
-6859
-7814
-7718
-7085
-5953
-2245
3403
7628
9282
11813
16507
19707
19478
18458
18772
17075
11670
6829
6479
7498
4648
-100
-1618
-227
-917
-4167
-5846
-5853
-8446
-14297
-18212
-17993
-17405
-19209
-20790
-19253
-16225
-13672
-10706
-6186
-1993
-43
878
2630
4866
6192
6827
7256
7130
6697
7412
9457
10803
10555
10025
9906
8817
6473
4650
3597
1080
-3561
-7358
-8329
-8359
-9572
-10710
-9902
-8399
-8053
-7700
-5311
-2301
-1604
-2738
-2540
-272
1609
1961
2459
4208
5897
6548
7569
10154
12704
12871
11429
11135
12388
12471
10143
7459
5762
3549
-83
-2820
-3564
-4807
-8237
-11152
-11025
-9771
-9852
-10303
-9296
-7852
-7319
-6540
-4183
-1567
-767
-1145
-575
1344
2807
2783
2433
2809
3173
2724
2603
3756
4736
3833
2180
1980
2748
2287
289
-1535
-2580
-3723
-5034
-5488
-5159
-5483
-6666
-7220
-6427
-5465
-5184
-4972
-4434
-3808
-2322
1166
5674
8804
10644
13257
16697
18731
18835
18693
18126
15178
10295
6834
5814
4359
720
-2799
-3951
-4182
-5489
-6906
-7049
-7504
-10177
-13489
-14758
-14412
-14840
-16150
-16494
-15314
-13542
-11301
-7928
-4017
-1008
922
2891
5286
7366
8644
9262
9163
8304
7532
7710
8230
7924
6920
6178
5601
4554
3349
2623
1607
-866
-4092
-6334
-7354
-8434
-9929
-10811
-10644
-10136
-9479
-7781
-4994
-2597
-1522
-743
844
2622
3565
3964
4547
5035
5107
5527
6993
8660
9296
9115
9108
9298
8918
7901
6760
5299
3084
843
-95
-38
-519
-1797
-2642
-2622
-2806
-3456
-3910
-4239
-5399
-7065
-7692
-6970
-6033
-5607
-5010
-3627
-1727
150
1874
3366
4135
3907
3183
2781
2543
1661
103
-1232
-1815
-2016
-2029
-1693
-1226
-1203
-1515
-1498
-1125
-1146
-1987
-3084
-3747
-3960
-4101
-4192
-4008
-3731
-3637
-3477
-2691
-1476
-664
-441
60
1625
3814
5888
7804
9925
11951
13276
14106
14967
15423
14358
11841
9163
6996
4781
2129
-393
-2394
-4160
-5810
-6815
-6992
-7086
-7815
-8946
-9789
-10230
-10589
-10975
-11214
-11266
-11082
-10337
-8776
-6608
-4301
-2066
75
2102
4032
5853
7268
7845
7618
7045
6429
5688
4769
3859
3000
2059
1098
515
398
222
-480
-1507
-2421
-3255
-4246
-5279
-6055
-6645
-7178
-7329
-6639
-5216
-3638
-2122
-446
1454
3230
4616
5705
6538
6888
6684
6371
6298
6246
5934
5545
5431
5442
5219
4781
4343
3741
2629
1184
-87
-1136
-2278
-3403
-3959
-3832
-3574
-3380
-2884
-2019
-1442
-1418
-1480
-1459
-1809
-2611
-3197
-3268
-3188
-3127
-2713
-1801
-710
299
1247
2129
2717
2806
2440
1881
1226
294
-882
-1948
-2631
-3066
-3324
-3229
-2773
-2244
-1786
-1260
-676
-288
-247
-448
-748
-1048
-1315
-1524
-1652
-1686
-1581
-1322
-889
-357
141
521
804
1125
1647
2409
3236
4024
4899
5995
7172
8278
9212
9822
9854
9295
8385
7231
5747
3888
1831
-180
-1975
-3457
-4559
-5333
-5933
-6451
-6844
-7029
-7082
-7190
-7397
-7622
-7801
-7838
-7580
-6957
-6101
-5113
-3938
-2516
-921
717
2267
3601
4630
5334
5770
5991
5961
5621
5002
4232
3437
2658
1906
1199
522
-166
-817
-1357
-1839
-2351
-2909
-3475
-4018
-4487
-4807
-4921
-4829
-4537
-4004
-3190
-2139
-963
225
1351
2372
3213
3828
4242
4474
4505
4372
4215
4113
4023
3872
3667
3438
3145
2760
2272
1722
1136
527
-4
-334
-386
-316
-263
-197
-56
-12
-199
-554
-1038
-1700
-2488
-3117
-3459
-3574
-3488
-3101
-2438
-1587
-621
318
1064
1531
1699
1525
1085
500
-217
-1058
-1851
-2391
-2688
-2774
-2629
-2284
-1863
-1448
-1034
-676
-465
-444
-580
-798
-1018
-1201
-1334
-1368
-1277
-1069
-783
-418
-10
352
623
821
988
1139
1314
1552
1918
2433
3091
3872
4764
5703
6575
7263
7709
7881
7710
7159
6286
5149
3804
2318
802
-634
-1938
-3080
-4047
-4812
-5378
-5787
-6089
-6304
-6444
-6534
-6581
-6568
-6465
-6252
-5896
-5380
-4692
-3818
-2773
-1597
-372
854
2027
3068
3906
4504
4841
4888
4678
4255
3670
2992
2254
1498
766
91
-507
-1044
-1541
-1987
-2392
-2774
-3122
-3408
-3608
-3724
-3725
-3577
-3267
-2784
-2146
-1371
-492
465
1436
2374
3238
3974
4537
4895
5054
5019
4807
4450
3998
3490
2967
2464
1991
1556
1136
699
232
-285
-847
-1435
-2012
-2511
-2858
-2987
-2839
-2392
-1602
-574
520
1554
2491
3198
3456
3277
2751
1889
718
-500
-1555
-2415
-3021
-3234
-3073
-2651
-2019
-1295
-688
-313
-168
-317
-800
-1485
-2251
-3055
-3773
-4209
-4259
-4012
-3465
-2611
-1588
-520
534
1446
2100
2471
2566
2393
1996
1516
988
468
39
-229
-339
-307
-147
74
306
511
654
709
684
593
453
316
271
360
587
999
1580
2250
3000
3807
4540
5118
5477
5568
5420
4998
4342
3501
2510
1456
427
-531
-1357
-2032
-2556
-2950
-3242
-3450
-3632
-3809
-3969
-4169
-4421
-4645
-4812
-4893
-4799
-4565
-4171
-3588
-2839
-1961
-1012
-77
796
1544
2120
2513
2688
2670
2486
2181
1802
1398
1025
712
464
298
204
152
121
81
-2
-143
-335
-552
-796
-1036
-1228
-1353
-1372
-1240
-1005
-668
-247
232
718
1153
1530
1808
1958
1993
1907
1735
1541
1323
1114
930
791
706
661
629
598
543
435
299
117
-107
-357
-616
-842
-1028
-1158
-1223
-1226
-1156
-1031
-884
-715
-539
-380
-255
-155
-84
-35
-13
-3
-5
-3
15
37
74
125
173
206
228
233
210
143
30
-101
-247
-401
-553
-672
-746
-781
-767
-696
-579
-413
-225
-33
175
390
605
804
1003
1214
1440
1671
1896
2076
2250
2407
2491
2505
2439
2226
1963
1634
1233
786
296
-192
-653
-1088
-1462
-1802
-2038
-2181
-2322
-2412
-2461
-2483
-2406
-2313
-2261
-2159
-2031
-1875
-1634
-1382
-1131
-826
-515
-193
129
427
685
886
1039
1125
1119
1087
1010
901
777
632
479
357
254
159
78
11
-39
-85
-123
-140
-156
-152
-136
-100
-44
27
108
179
263
347
422
485
522
528
543
547
530
516
482
427
388
340
281
217
141
70
2
-65
-124
-175
-199
-208
-215
-208
-190
-165
-126
-101
-80
-61
-55
-51
-46
-49
-57
-65
-69
-71
-74
-75
-80
-88
-97
-119
-144
-173
-209
-250
-289
-309
-321
-327
-311
-285
-243
-176
-105
-34
39
105
160
200
233
249
257
260
249
233
226
224
226
230
236
239
259
301
309
300
268
251
207
123
57
-15
-85
-167
-225
-262
-286
-293
-286
-255
-216
-169
-140
-100
-48
-23
-6
0
7
0
-7
-22
-31
-39
-42
-51
-53
-44
-46
-53
-59
-58
-68
-82
-89
-97
-109
-106
-102
-99
-92
-79
-68
-60
-35
-19
-1
20
44
63
85
106
117
132
142
143
131
118
106
87
66
48
35
17
7
-1
0
5
8
16
20
25
25
28
29
32
30
26
35
44
52
59
69
75
76
78
78
74
69
59
44
32
20
4
-9
-15
-25
-34
-44
-53
-56
-62
-70
-79
-83
-90
-93
-94
-96
-96
-94
-90
-82
-69
-57
-49
-36
-21
-12
1
12
23
31
34
36
36
35
35
32
27
22
10
1
-8
-19
-24
-27
-31
-41
-43
-28
-31
-35
-31
-32
-20
-18
-2
9
18
28
32
48
56
66
71
74
81
80
80
82
77
69
59
50
32
20
0
-17
-31
-41
-46
-58
-69
-74
-75
-81
-78
-82
-80
-74
-73
-60
-51
-40
-28
-13
-4
8
20
26
31
31
29
25
26
27
26
27
27
27
22
22
21
17
10
7
8
7
6
7
8
9
9
11
18
22
21
18
15
16
20
20
24
23
24
23
23
21
20
13
5
4
2
-2
-8
-8
-13
-8
-13
-16
-21
-26
-30
-32
-35
-39
-39
-37
-37
-33
-28
-29
-23
-22
-20
-16
-15
-13
-13
-13
-9
-9
-5
-2
-1
1
2
2
6
9
7
6
3
5
9
8
7
5
5
2
-1
0
1
0
0
2
-3
2
5
7
8
8
12
14
18
18
24
24
23
25
21
19
24
26
23
17
16
15
15
13
9
7
10
9
5
9
5
2
-6
-17
-22
-26
-28
-35
-40
-38
-32
-31
-31
-23
-18
-15
-17
-23
-27
-25
-25
-22
-19
-16
-9
-2
3
4
8
9
10
10
13
17
14
15
19
21
20
17
19
16
12
9
6
-1
-4
-4
-7
-7
-4
-2
2
3
3
7
7
8
8
6
4
12
12
13
10
8
9
8
10
10
12
15
16
18
17
19
12
5
1
-8
-10
-23
-30
-35
-36
-40
-38
-37
-37
-36
-40
-40
-27
-33
-34
-36
-37
-30
-26
-14
-2
13
19
27
38
42
45
42
41
40
36
31
29
26
27
26
24
17
13
12
13
8
2
-6
-11
-15
-17
-18
-16
-16
-16
-13
-6
-1
3
8
14
18
18
22
24
27
27
22
20
18
14
10
5
1
-3
-8
-10
-10
-14
-19
-19
-21
-24
-27
-28
-30
-31
-28
-28
-25
-23
-22
-20
-19
-15
-9
-5
-2
-1
0
-3
0
0
-1
-2
0
2
0
-3
2
5
8
11
16
20
20
20
20
17
13
11
15
18
12
13
17
13
15
12
15
16
11
10
6
6
6
6
10
9
5
2
0
0
-2
-4
-7
-7
-9
-10
-6
-5
-7
-8
-10
-12
-10
-9
-12
-12
-14
-17
-19
-18
-18
-22
-21
-21
-19
-17
-14
-8
-1
4
5
11
15
14
16
18
19
16
19
20
17
13
17
15
15
18
15
16
17
14
13
9
8
6
8
5
1
-1
-5
-3
-6
-9
-9
-10
-9
-2
-3
0
3
2
3
3
3
0
0
3
2
0
3
0
3
0
-3
-5
-11
-17
-21
-24
-20
-21
-19
-17
-14
-11
-10
-4
-5
-6
-11
-11
-12
-13
-14
-17
-12
-8
-4
-2
3
5
8
10
13
16
19
22
21
19
17
17
16
17
17
19
20
20
19
21
21
20
19
12
5
2
-7
-7
-12
-16
-15
-18
-18
-17
-17
-9
-5
-8
-7
-10
-9
-7
-6
-4
-3
-1
1
0
-1
-2
-2
0
-4
-8
-5
-9
-8
-3
-6
-7
-5
-4
-6
-7
-7
-7
-11
-11
-10
