SAMPLES:	6806
BITSPERSAMPLE:	16
CHANNELS:	1
SAMPLERATE:	16000
NORMALIZED:	FALSE
-7
17
-8
-10
14
-9
-12
15
-5
-14
8
4
-9
1
11
-4
-8
20
5
-30
12
14
-41
8
32
-44
4
54
-41
-11
66
-34
-27
69
-27
-44
64
-5
-51
57
13
-48
30
17
-39
5
17
-24
-9
3
-13
-30
-26
-7
-24
-40
-17
-22
-48
-19
9
-31
-26
35
-9
-38
61
24
-48
75
51
-63
66
57
-77
53
66
-83
31
78
-78
18
86
-63
9
95
-46
-6
98
-35
-28
87
-31
-54
56
-42
-88
-3
-71
-141
-85
-107
-174
-176
-145
-194
-243
-148
-168
-291
-139
-100
-273
-85
3
-232
-35
113
-146
14
196
-74
25
211
-37
-2
179
-18
-38
127
1
-38
111
66
26
159
168
136
254
294
273
378
396
379
471
448
433
514
430
403
479
362
345
423
295
276
333
208
184
215
131
139
129
95
131
58
41
80
-42
-1
95
-53
-3
80
-109
-91
-29
-189
-132
-61
-180
-96
-55
-225
-247
-266
-392
-375
-352
-437
-428
-406
-486
-535
-536
-600
-676
-734
-827
-911
-920
-912
-882
-778
-705
-700
-704
-713
-741
-762
-759
-689
-544
-407
-347
-356
-362
-330
-245
-105
34
152
254
279
298
395
387
340
399
408
465
652
741
789
880
853
873
1047
1141
1148
1122
1009
990
1040
1043
1180
1248
1100
1044
1022
991
1151
1137
962
967
695
236
161
34
-111
164
56
-388
-343
-526
-926
-614
-500
-870
-652
-599
-1101
-945
-673
-1006
-850
-456
-609
-391
-50
-449
-424
139
-76
-216
320
142
-298
148
336
25
317
481
-112
-138
469
388
153
552
530
72
227
246
-213
-113
-5
-483
-452
-62
-296
-582
-388
-374
-895
-1180
-846
-763
-860
-444
-451
-1079
-1091
-953
-1235
-1166
-1078
-1310
-1203
-929
-683
-411
-689
-844
-190
-51
-331
146
347
53
426
631
404
656
440
-227
3
145
-306
-210
-99
-162
247
316
134
597
1120
1437
1379
809
689
965
1061
1074
531
-43
297
451
515
1210
1305
983
1301
1282
996
1514
1729
1455
1522
1230
837
900
773
835
721
-253
-589
-109
126
357
632
804
1430
2147
1967
813
-916
-2363
-2502
-2107
-2178
-1716
-516
912
2837
3552
1120
-2206
-3452
-3289
-3066
-2669
-2191
-1522
-883
-762
-605
-442
-915
-1482
-1982
-2435
-2546
-2765
-3006
-3126
-2867
-1885
-931
-678
-185
380
541
1065
1847
2078
1972
2206
2415
2336
2155
2181
2287
2106
1755
1941
2331
2221
1961
1810
1457
1057
993
825
452
121
-924
-1708
-1307
-1458
-1443
-359
-490
-890
269
919
1143
1439
568
-576
-355
-116
-521
-288
-227
-869
-519
-185
-1153
-1597
-2041
-2807
-2672
-2086
-2013
-2425
-2558
-2262
-2659
-2527
-1819
-1981
-1863
-1447
-1746
-1601
-889
20
866
1096
1419
1351
1548
2136
2459
2403
2434
2607
2467
1664
2038
3024
2335
1274
665
788
1131
1361
1701
1912
1553
2121
2862
2562
2390
2559
2217
1411
1031
30
-1138
-1005
-1142
-2192
-2327
-2195
-2668
-2488
-1751
-1551
-2234
-3040
-3223
-2709
-2100
-2284
-2499
-2199
-2268
-2329
-1792
-1418
-1121
-369
634
1366
1808
2509
2940
2791
2857
3227
3701
4364
4803
4784
4185
3538
3582
3335
2783
2720
2446
2151
2327
2288
2043
1840
1382
1145
1271
1192
795
245
-408
-992
-1279
-1517
-1660
-1973
-2908
-3396
-3375
-3801
-3535
-2488
-2355
-2457
-2349
-3188
-4225
-4613
-4956
-5100
-4496
-3928
-3711
-3776
-4299
-4785
-4985
-5269
-5377
-4797
-4236
-4324
-4386
-4095
-3779
-3105
-2823
-3205
-3357
-3710
-3868
-2550
-995
-180
856
1534
1322
1373
1603
1690
2333
2662
2417
3389
5112
6021
6973
8459
9123
8834
9070
10005
10156
9241
8393
7541
6181
5040
4073
2563
1263
560
-145
-542
-158
417
373
206
507
521
312
653
887
421
7
-9
-335
-1022
-1552
-2081
-2506
-2614
-2749
-2684
-2194
-1643
-858
58
618
1246
1931
1992
2054
2402
2034
1586
1804
1510
827
786
711
292
36
-458
-1023
-1093
-1249
-1593
-1666
-1934
-2403
-2520
-2617
-2608
-2161
-2210
-2893
-3266
-3641
-4459
-5117
-5420
-5799
-6303
-6603
-6504
-6067
-5485
-4862
-4128
-3435
-2945
-2385
-1893
-1822
-1815
-1744
-1738
-1524
-1245
-1035
-652
-485
-589
-289
-74
-185
369
880
681
1021
1372
736
432
568
325
579
1346
1948
2753
3440
3740
4160
4361
4201
4316
4531
4518
4752
5089
4900
4423
3839
3296
2899
2207
1596
1379
1181
997
779
637
770
980
1274
1644
2062
2678
3256
3414
3338
3548
3508
2789
2471
2336
1528
1026
736
-291
-866
-661
-1127
-1479
-886
-870
-1188
-730
-485
-549
-204
-251
-750
-803
-866
-1190
-1257
-1452
-1794
-1742
-1796
-2163
-2249
-2118
-2108
-2165
-2198
-2279
-2379
-2420
-2502
-2636
-2604
-2456
-2466
-2612
-2634
-2538
-2372
-2168
-2177
-2192
-1982
-1888
-1876
-1773
-1795
-1863
-1827
-1912
-1963
-1738
-1581
-1543
-1347
-1081
-794
-473
-94
503
960
922
930
1023
730
516
585
499
649
1267
1784
2256
2798
3055
3177
3196
2918
2766
2766
2473
2326
2568
2590
2474
2570
2521
2356
2431
2466
2371
2334
2154
1807
1508
1217
926
695
427
186
151
167
22
-88
-148
-353
-537
-625
-692
-593
-470
-589
-622
-432
-461
-625
-694
-1001
-1366
-1520
-1782
-1903
-1683
-1577
-1514
-1341
-1209
-984
-846
-822
-560
-552
-972
-969
-727
-721
-439
-75
-97
-8
87
-192
-507
-811
-1031
-990
-997
-978
-843
-1015
-1203
-1074
-1107
-1200
-1078
-1114
-1088
-815
-617
52
1252
1771
1667
1849
1955
1482
734
78
-409
-857
-1108
-1162
-1479
-1572
-730
67
-5
176
694
283
-365
-230
-361
-1113
-1189
384
3897
8387
12024
14660
17733
20321
19944
16834
12876
8635
3345
-2507
-7403
-10830
-12675
-13061
-12738
-12069
-10236
-7622
-6127
-5337
-3766
-1978
-1257
-1284
-536
876
1858
2358
2651
2446
1866
1279
-263
-2596
-4240
-5279
-6455
-7435
-7284
-6132
-4929
-4092
-3109
-1680
-780
-647
-605
-786
-1332
-1883
-2236
-2518
-2367
-1634
-952
-542
36
963
1347
1094
1047
1134
972
578
379
186
-44
-70
-311
-438
-431
-384
-72
349
830
1189
1375
1376
1659
2124
2325
2560
2549
2150
1340
306
-1136
-2463
-4621
-7229
-11431
-14088
-10118
-1964
11026
23849
30902
32421
32273
32049
25709
14447
4382
-3938
-11064
-18393
-22406
-21280
-18130
-13768
-10220
-7253
-4709
-3456
-3392
-4927
-5025
-3356
-2736
-2288
459
5832
10390
12521
13240
12037
8230
2780
-2980
-9305
-15015
-18755
-20707
-20490
-17629
-12136
-7166
-4257
-1139
1832
2876
2245
2042
2081
1522
1880
2980
4434
6500
8258
8875
7999
6089
3383
-393
-3445
-3812
-2614
-2089
-2202
-1268
-213
-291
-476
-1151
-2264
-2606
-2490
-2261
-1292
919
2853
3452
3968
4643
4640
3726
2613
2060
1565
618
-134
-630
-1232
-1434
-1534
-2193
-2853
-2662
-2175
-2207
-1896
-968
-335
-268
-118
651
1505
1716
1355
723
-125
-1128
-2312
-3452
-4792
-6312
-8712
-10886
-5712
10148
27186
32240
28268
29239
32216
24991
9261
-2811
-7301
-12686
-20395
-24211
-21734
-15188
-10252
-8367
-6388
-2737
-718
-4385
-8134
-5569
-882
219
349
5238
12997
17545
17772
15386
10794
4112
-3669
-11411
-17776
-21135
-22083
-22247
-20370
-13990
-5822
-1185
381
2298
4466
4245
2320
1747
2975
4665
5668
6646
8392
9738
9127
6242
2446
-1210
-5101
-9371
-12456
-12340
-9433
-6288
-3092
1093
7164
14003
16438
14211
10351
6288
737
-5632
-8014
-8210
-8099
-6632
-4332
-1362
1177
3258
3943
3398
4153
5023
4348
3439
3737
3984
2014
-1226
-3702
-5784
-7901
-8731
-7972
-6066
-3353
-701
1849
4217
5802
6102
4740
3013
1452
-336
-2023
-3720
-5020
-5926
-6906
-7990
-9102
-10072
-5723
9003
26129
32194
25918
23758
28612
23753
8091
-4983
-7222
-8266
-15853
-20350
-17879
-11365
-7839
-9797
-9057
-5086
-3130
-7088
-10951
-5213
3171
5814
6231
11513
19914
21658
16722
11090
5370
-2494
-11872
-18257
-20432
-20327
-19503
-18466
-15184
-8791
-2439
-65
-221
714
2345
2912
2824
4608
8245
11039
11620
10787
9974
7633
2614
-3271
-8007
-10749
-12823
-14323
-13400
-9597
-4029
2993
9884
13641
13923
12232
9292
4375
106
-2063
-4672
-6279
-5093
-2802
-2081
-2367
-1212
-438
-373
886
2399
3559
4774
6580
7181
5551
3538
771
-3236
-6729
-8202
-8366
-8145
-6628
-3487
8
2670
4544
5188
4420
3389
2344
1103
-657
-2274
-3429
-4539
-5478
-5812
-6556
-7610
-8910
-3456
14015
29894
31590
21853
20648
26242
17327
-171
-10717
-9077
-8366
-15882
-18227
-13509
-6261
-4834
-10169
-8975
-3835
-3398
-10010
-12667
-921
10093
11197
10922
16602
23293
18917
8985
2450
-2989
-10583
-19317
-22077
-18570
-14999
-13981
-13242
-8867
-2880
-322
-1364
-1832
485
2956
4371
6323
10241
13958
14103
11313
7624
4012
-1454
-8513
-13157
-14165
-12945
-11614
-10023
-6504
-1923
2540
5232
6412
8799
14478
17740
14366
9660
6553
2391
-5610
-10683
-11189
-12060
-11412
-8636
-4555
-461
3664
7175
7353
8506
10278
8232
4879
3161
2394
-980
-5021
-7051
-8901
-9969
-9209
-7091
-3965
-301
3072
4812
5994
7090
6222
3171
496
-908
-2734
-4491
-5342
-5478
-5571
-6376
-6823
-7922
-5131
10141
27382
32417
23721
18387
23924
19534
3816
-8857
-9148
-4635
-10563
-16846
-14870
-7908
-4957
-12683
-15156
-8208
-3904
-8200
-12671
-1308
14472
17459
13756
15001
21646
18747
5683
-2669
-4948
-8570
-17188
-21888
-16518
-10025
-9987
-13115
-11451
-5383
-2820
-4658
-4442
721
6281
8177
9372
13707
17493
15012
8374
3033
-241
-5413
-12161
-15051
-13403
-10275
-8044
-6373
-3579
-995
1179
2620
3612
6163
13276
19915
17949
12980
9110
4058
-5926
-13647
-13951
-15152
-14384
-8941
-3092
1089
4782
8981
8038
6634
8985
7212
3256
2413
3721
1403
-2961
-4325
-7289
-10999
-11161
-9219
-6695
-3067
1707
4484
6244
8295
7624
4148
1088
-751
-3250
-5042
-5360
-5830
-6072
-6111
-6189
-7376
-5670
9608
27694
32767
23820
16320
22371
20002
4030
-9655
-9162
-1135
-6494
-15964
-14821
-6557
-3980
-15430
-20074
-10206
-2761
-7473
-13680
-874
18855
21761
13875
12883
20907
18356
2258
-6936
-5011
-4965
-14742
-21619
-14735
-6014
-8157
-15829
-15632
-7759
-4437
-7422
-6038
3385
11443
11571
10330
14897
18772
13059
3040
-1807
-2122
-5917
-12653
-14009
-9916
-6306
-6216
-6526
-4290
-2450
-1990
-1203
1726
6962
12653
20168
22966
18852
12219
3333
-6050
-14901
-16995
-15723
-15188
-9027
-1088
3122
4306
6001
7027
4138
4400
6739
6048
5488
6172
5415
918
-3105
-6813
-12358
-14638
-12353
-8533
-4373
978
5592
7238
7861
7182
4668
1457
-1005
-3168
-4653
-4286
-4331
-5325
-5189
-5323
-6172
-8212
-3955
14130
30053
32028
20959
16691
23220
16163
-841
-11296
-6770
-752
-9021
-15338
-11566
-4479
-7173
-19919
-19892
-8528
-3260
-9330
-10590
7192
23446
21362
13510
15027
20204
11206
-4132
-8032
-3731
-5766
-15938
-18689
-10028
-4550
-10680
-17976
-15401
-8322
-7091
-8303
-1961
9343
14728
12548
11762
16053
15766
6766
-1731
-3040
-1862
-5854
-10567
-9416
-5774
-5196
-7622
-7888
-5481
-2693
5
3257
8760
13339
13462
9791
7001
6056
2138
-3395
-6099
-5906
-5896
-6455
-4983
-2562
-834
156
718
2270
4365
5521
5124
5165
5924
4481
1066
-1808
-3259
-5030
-7007
-7174
-5976
-4538
-3303
-1751
528
2681
3753
3333
2916
2927
2082
602
-1074
-2446
-4151
-5764
-6547
-6923
-6823
-6807
-6833
4949
24698
32767
24588
12522
15555
16055
2241
-9859
-9756
-602
-814
-8130
-8406
-4087
-3376
-15036
-23625
-15233
-4396
-4474
-9183
565
19122
22793
13647
9156
12788
10020
-2775
-8860
-2775
1697
-5222
-12853
-9701
-3805
-8110
-17604
-18880
-12499
-7766
-6944
-2282
8256
14765
12502
7771
8378
10429
5339
-1805
-2359
1944
2234
-2685
-4664
-3708
-5068
-8896
-10637
-8443
-5943
-4309
-970
4753
13973
22491
19231
10175
3770
-675
-6752
-11705
-7692
-4716
-5132
-2147
2
-736
-2984
-3108
-3038
-1850
5610
10114
9229
9474
9482
4613
-2432
-5398
-8197
-11903
-10870
-6661
-3377
-766
1322
899
173
1377
1749
1103
1457
2173
534
-864
-843
-2364
-4165
-4453
-5316
-3830
11623
28082
28089
14790
7941
13256
8217
-3907
-8834
-3852
3654
463
-4609
-4433
-2513
-6779
-20044
-21750
-9463
-1513
-4638
-5724
7526
18726
13915
5246
5184
8647
3464
-4422
-1967
6438
5622
-4867
-10447
-7597
-7312
-15088
-20085
-15699
-8910
-5748
-4382
1465
8672
8978
4122
1737
5633
7649
3540
1967
5857
8511
4030
-1808
-3270
-4281
-6327
-7877
-6943
-4549
-2975
-2074
-642
2490
4447
2992
1373
2561
4007
2951
1821
1872
1419
-91
-1524
-2099
-2201
-1506
-1014
-537
1273
2681
2040
705
908
1242
193
-477
-500
-954
-2092
-2713
-2576
-2704
-2854
-2769
-1966
-337
1284
2133
2244
1928
952
-270
-859
-1334
-2177
-3342
-3624
-4373
205
17014
29211
25469
10375
4559
9929
4744
-4239
-6233
1503
7622
913
-4694
-4961
-4622
-11876
-23451
-19460
-5266
1213
-3170
-3106
8846
14232
6145
-566
2855
6619
1962
-1347
5133
12374
7035
-5015
-10518
-9267
-10632
-16907
-17462
-11171
-6173
-5529
-5343
-45
3838
1190
-2352
-653
6101
8675
6936
7848
10356
10143
5460
810
-1307
-4136
-6835
-7522
-5450
-2652
-3338
-5624
-5297
-2513
-729
-804
598
3441
4651
4917
5288
4965
3401
813
-1262
-1793
-718
48
-1130
-1492
-126
230
-722
-773
472
440
-687
-458
225
-107
-1417
-2370
-2249
-1683
-1161
-1182
-1008
-509
-601
-998
-920
-230
-240
-792
-1255
-890
-303
10415
26748
30045
18002
3235
5164
8240
173
-5537
-2712
6279
4339
-5161
-7127
-5317
-7019
-17890
-21745
-8866
2842
1332
-4931
207
9014
5850
-1821
-302
6981
6473
995
2309
9829
9782
-1291
-9555
-9291
-6650
-9518
-12583
-8607
-4669
-5587
-9107
-8150
-3494
-3327
-5272
-3865
2488
7575
6916
6457
9353
11307
7626
2770
2501
3618
1570
-1792
-2235
-2262
-4582
-7762
-8885
-7304
-5518
-4027
-2700
-105
2690
2794
2123
2901
4573
4446
3221
3722
4110
2761
402
-836
-879
-1570
-2814
-3337
-2185
-1061
-1273
-1614
-1017
-511
-1085
-1651
-1182
-398
-95
-384
-315
-236
-450
-1146
-1645
-1189
-599
-893
-579
-204
5368
20146
27910
21757
6917
3360
10345
7292
1412
688
6773
7604
-2927
-8700
-8459
-8231
-14920
-21677
-13371
-96
2678
-4547
-5813
1644
3240
-2080
-1764
6723
10078
5224
2533
7138
9994
2339
-6311
-7779
-4546
-4383
-8247
-7787
-5724
-6875
-10641
-11629
-6822
-3836
-4562
-4747
-1003
4311
4406
2506
3338
6053
6519
4833
5941
7718
6184
2183
28
-390
-1550
-3596
-5100
-4698
-4071
-3965
-4851
-4956
-3108
-2288
-1748
30
3124
4461
2914
2318
2896
3209
2623
2235
2837
2851
1706
-167
-1124
-1079
-1632
-2733
-2865
-1744
-1637
-2506
-2842
-2127
-1322
-1409
-1338
-939
-444
-677
-1131
-977
158
731
666
833
3936
16003
24000
19385
6488
1157
9317
10853
6352
4446
8031
9319
-229
-7188
-6855
-5482
-10156
-17166
-12306
-1465
564
-7852
-12030
-6797
-3264
-5080
-3430
5439
9611
5482
1873
4622
8298
4033
-1580
-1637
1938
2366
-2500
-4917
-5296
-7371
-10953
-11499
-7057
-4148
-5302
-7075
-5867
-3040
-675
-50
268
2526
4772
6939
7272
7276
5942
1974
415
1475
3035
1942
-711
-2179
-3849
-4250
-3619
-3275
-3155
-2534
-1384
-859
1
742
239
-767
288
2425
2931
2689
2241
1507
130
-238
807
1163
1024
659
335
-58
-512
-1009
-1574
-1393
-605
-318
-998
-1863
-2180
-2490
-2542
-2333
-1579
-1231
-739
-432
4663
16483
20791
13519
1900
2502
11695
12350
8743
7776
10840
8449
-631
-4356
-2515
-2110
-8340
-12633
-6891
3
-3448
-12385
-13273
-8353
-6308
-7293
-3016
3424
2274
-2472
-3251
1784
4636
2254
1259
3401
6011
4163
317
-1231
-1836
-3635
-5255
-3735
-1563
-2655
-6317
-7643
-6449
-5290
-4635
-3569
-1245
296
810
422
-273
180
1125
2450
3685
4489
3918
1752
51
-215
117
408
881
775
90
-534
-861
-1119
-1576
-1124
-481
103
721
533
-304
-947
-406
194
505
1017
1020
-14
-1046
-804
-192
261
896
1473
1347
675
340
-96
-863
-782
-122
238
-38
-488
-502
-412
457
6778
13513
12486
4280
-932
4806
10775
9895
7198
8040
9155
4669
-702
-726
1610
-350
-5129
-5590
-1213
-407
-6909
-11437
-9567
-6134
-6271
-6495
-2901
-1357
-4264
-6634
-4095
48
689
-453
218
2106
2107
509
-431
248
674
-8
25
518
-75
-2581
-4528
-2931
-310
-376
-2310
-3361
-2601
-2371
-2795
-2096
-1162
-852
-706
-374
-70
-564
-1089
-877
51
1637
2519
1910
924
483
497
706
1339
2017
1573
597
364
429
121
-194
-300
-357
-369
-318
-324
-717
-1057
-1018
-740
-138
253
143
-63
-343
-334
-276
-60
287
324
141
38
-281
133
592
3337
10393
13873
9661
1448
1023
8668
12226
9665
7326
7881
6119
1096
-973
1933
3317
-297
-3881
-3370
-968
-3577
-8796
-9638
-6494
-4263
-5116
-4873
-4040
-6175
-9163
-7935
-2952
306
-15
-1214
-1053
-991
-1433
-1305
-167
1394
1657
1697
1889
1549
55
-1564
-1503
-322
547
415
-443
-2049
-3144
-3161
-2484
-1639
-1082
-940
-1722
-2524
-2542
-2113
-1562
-705
27
153
208
301
353
353
984
1788
1973
2063
1953
1436
920
1061
1263
988
681
628
270
-423
-566
-362
-327
-425
-565
-749
-947
-762
-576
-778
-727
-534
-676
-853
-433
-133
-154
-515
440
1485
4586
9425
10713
6408
947
2855
9267
12339
10591
8779
7809
5131
1752
1428
4259
4796
1717
-1342
-1675
-1279
-4062
-7176
-7168
-4956
-4420
-5610
-5955
-6176
-7813
-9421
-7787
-4417
-2615
-3155
-4180
-4196
-4001
-3273
-1748
182
1268
985
424
390
591
467
852
2643
4180
2897
223
-875
-122
609
805
949
9
-1770
-2759
-2750
-2456
-2023
-1601
-2080
-2698
-2059
-1239
-1697
-1897
-668
400
565
763
1035
522
189
995
1940
2448
2612
1907
603
283
1132
1348
863
865
598
-554
-1194
-630
-141
-287
-266
-316
-786
-1178
-1094
-1147
-1083
-651
-317
-883
-830
65
2741
6356
7710
5425
1488
2497
7068
10352
9929
8912
8160
5957
3394
3340
6117
7037
4738
1540
304
291
-1531
-3831
-4484
-3381
-3497
-5110
-6006
-6130
-7071
-8720
-8264
-6029
-4293
-4858
-6351
-6863
-6435
-5312
-3947
-2180
-1040
-1244
-2070
-2084
-953
49
804
1522
2205
2179
1618
1339
1334
1391
1452
1902
2324
2169
1422
735
614
529
189
-121
-288
-649
-1290
-1703
-1561
-1315
-1276
-1448
-1464
-1047
-565
-446
-414
106
759
804
621
895
1267
1139
800
752
731
370
-57
-157
109
271
-18
-510
-490
-97
-14
-262
-438
-432
-679
-863
-602
-238
-346
-771
-1211
-1424
-1020
1555
5903
7920
5126
555
654
5240
8976
9146
8216
7783
5898
2976
2672
6062
8395
6155
2039
340
938
372
-1304
-1720
-867
-1535
-4079
-5582
-5255
-5367
-6836
-7333
-5944
-4572
-5127
-6729
-7569
-7379
-6412
-5089
-3590
-2657
-3082
-4225
-4762
-3705
-1836
-142
763
862
372
249
1314
2369
2478
2077
2392
2888
2849
2625
2375
1589
748
899
1416
1316
565
-296
-1333
-1948
-1287
-273
-169
-721
-1015
-1275
-1509
-1070
-179
191
-48
-151
-25
266
752
1046
771
451
495
476
416
847
1391
1088
356
309
597
489
264
302
338
232
130
25
-168
-310
-467
-856
-1280
-1219
-1039
802
3951
5650
3617
-36
233
3566
6352
6990
7103
6875
4733
2027
1967
4894
7297
6629
3681
1458
776
177
-300
-7
1007
276
-2304
-4044
-3953
-3657
-4530
-5199
-4983
-4708
-5250
-5910
-6264
-6504
-6509
-6291
-5628
-4918
-4444
-4526
-4994
-4881
-3994
-2619
-1391
-718
-830
-1142
-1063
-399
564
1512
2458
2835
2505
2270
2479
3813
4726
3869
2313
1313
1773
2094
2235
2512
1934
269
-983
-941
-263
201
221
-2
-793
-1022
-488
-233
-192
-318
-598
-1049
-961
-74
461
232
-50
-233
-447
-87
498
668
183
-48
301
540
831
1099
855
115
-244
-77
97
213
363
150
-399
-805
-799
-1171
-56
3306
5657
4155
-12
-879
1821
4418
5374
5949
6787
5527
2045
-15
2069
5854
7099
4847
2262
1450
506
-787
-804
1081
2073
-92
-2753
-3529
-3034
-3128
-3774
-4012
-3964
-4572
-5574
-6092
-5954
-5493
-5645
-6086
-6046
-5457
-4791
-4665
-4712
-4700
-4467
-3915
-2919
-1804
-1026
-640
-696
-819
-522
683
1967
2654
2886
3699
4511
3968
2788
2027
2386
2815
3137
3534
3390
2435
1132
265
210
979
1688
1560
580
-130
-157
-364
-450
-45
350
-4
-850
-1046
-775
-570
-422
-268
-248
-264
-196
-121
-55
111
381
341
334
683
1000
894
527
355
195
109
285
566
628
448
65
-365
-821
-938
-905
-656
1067
3042
3585
1670
-204
394
1815
2832
3574
4957
5637
4056
1635
963
2439
4030
4267
3395
2786
2062
627
-567
-456
735
765
-656
-1932
-2347
-2533
-3080
-3490
-3575
-3832
-4504
-5009
-5063
-4791
-4713
-5234
-5888
-6119
-5633
-4801
-4113
-3659
-3643
-3822
-3759
-3200
-2123
-948
13
363
220
307
896
1641
2133
2328
2352
2204
2083
2276
2526
2522
2291
1997
1742
1616
1726
1867
1726
1374
1151
1018
928
969
999
853
487
243
215
283
466
656
661
439
297
375
583
816
967
957
775
623
591
590
623
647
619
513
384
302
183
76
-27
-130
-191
-290
-382
-536
-788
-890
-973
-1112
-1310
-1364
-291
1451
2581
2115
676
303
870
1438
2000
3071
4230
3913
2174
1016
1365
2215
2430
1965
1722
1606
955
78
-388
-137
-84
-882
-1766
-2047
-1927
-2113
-2645
-3069
-3399
-3937
-4392
-4364
-3909
-3507
-3621
-4026
-4420
-4468
-4036
-3379
-2628
-2135
-1990
-2031
-2005
-1585
-893
-258
129
260
329
492
697
957
1168
1280
1290
1180
1113
1178
1361
1504
1504
1450
1426
1462
1496
1534
1591
1578
1420
1197
1129
1270
1457
1453
1306
1147
1034
966
945
1103
1288
1262
1020
793
735
778
814
757
650
515
387
221
63
58
91
35
-87
-170
-212
-311
-350
-214
-80
-96
-217
-296
-266
-265
-324
-352
-366
-402
-579
-665
-51
991
1573
1163
402
339
642
825
1143
1725
2018
1410
501
263
527
702
702
615
504
238
-86
-214
-273
-313
-494
-934
-1394
-1614
-1503
-1317
-1354
-1630
-2060
-2523
-2798
-2758
-2486
-2266
-2355
-2643
-2830
-2701
-2332
-1993
-1803
-1742
-1749
-1711
-1503
-1126
-689
-395
-298
-314
-301
-95
262
585
745
734
677
718
890
1161
1401
1528
1595
1584
1563
1584
1636
1687
1656
1598
1590
1599
1590
1512
1313
1076
897
837
903
1006
1085
989
701
458
418
509
527
438
353
246
110
74
203
371
400
340
310
255
174
164
254
325
300
226
135
-3
-147
-237
-252
-188
-124
-145
-257
-380
-491
-651
-800
-823
-803
-888
-963
-848
-632
-567
-660
-665
-527
-414
-347
-156
173
417
471
484
590
738
833
832
787
794
908
1047
1061
911
659
354
22
-234
-341
-363
-426
-604
-825
-1048
-1311
-1603
-1811
-1839
-1774
-1767
-1857
-1965
-2022
-1925
-1788
-1747
-1713
-1575
-1331
-1160
-1022
-805
-663
-615
-472
-143
202
399
468
475
433
521
828
1127
1235
1120
946
816
753
839
979
1049
1012
896
808
783
808
827
777
745
825
914
899
789
706
680
635
681
853
1006
1003
855
741
726
781
850
884
883
846
717
508
339
298
314
251
151
108
51
-134
-368
-483
-475
-496
-585
-676
-737
-791
-855
-871
-776
-641
-601
-690
-763
-715
-610
-517
-408
-275
-220
-289
-356
-266
-54
124
167
139
159
202
178
132
160
231
228
171
169
208
172
54
-62
-129
-157
-166
-166
-184
-233
-319
-416
-451
-410
-388
-458
-530
-499
-431
-398
-362
-323
-344
-426
-463
-404
-325
-305
-350
-425
-490
-544
-598
-635
-616
-549
-500
-533
-627
-681
-627
-488
-326
-191
-122
-119
-118
-81
-35
0
69
200
374
535
593
555
563
681
818
936
1091
1219
1189
1073
1062
1159
1217
1186
1131
1087
1013
860
653
546
599
662
621
604
684
645
377
154
167
218
164
166
317
401
274
68
-71
-135
-164
-183
-191
-132
-33
-38
-170
-271
-279
-304
-395
-446
-424
-407
-428
-459
-484
-520
-575
-629
-653
-644
-650
-710
-781
-798
-741
-688
-690
-680
-599
-521
-519
-494
-357
-240
-271
-347
-318
-200
-101
-33
56
134
127
101
140
207
188
107
87
117
115
69
8
-73
-179
-280
-305
-243
-157
-161
-263
-301
-205
-94
-50
0
101
125
31
-37
11
124
207
227
190
149
167
217
234
216
214
255
300
334
395
452
411
294
266
340
353
275
261
326
318
265
304
359
324
297
388
486
468
423
379
299
262
322
369
350
375
405
296
129
75
96
129
177
214
149
23
-46
-46
-21
-55
-171
-297
-348
-351
-378
-426
-451
-456
-482
-576
-682
-628
-457
-407
-494
-504
-382
-297
-279
-210
-115
-142
-236
-236
-139
-77
-107
-116
-27
67
49
-13
-59
-131
-196
-187
-122
-24
64
74
-56
-244
-304
-303
-308
-213
-44
68
-5
-218
-298
-173
-4
109
163
193
162
93
50
-35
-118
-76
73
155
183
309
332
109
-37
15
61
148
372
524
380
178
224
311
264
266
380
405
308
206
204
327
437
412
276
142
52
85
194
225
162
77
24
4
-13
-65
-104
-71
46
53
-182
-323
-125
72
24
-38
-75
-211
-305
-216
-106
-107
-146
-185
-201
-97
22
-64
-169
-71
-76
-293
-337
-160
-40
-3
11
11
7
-73
-248
-328
-195
-14
57
32
-26
-100
-184
-295
-381
-342
-278
-304
-269
-152
-121
-78
-12
-92
-118
12
47
66
129
-24
-133
107
268
183
153
104
-19
-14
58
75
100
133
141
128
33
-89
-115
-112
-191
-228
-124
-1
15
59
200
236
194
227
244
217
290
472
550
441
443
605
491
248
311
270
2
120
383
272
251
477
375
10
-155
-190
-201
-106
-92
-152
-111
-162
-323
-316
-226
-346
-470
-321
-196
-199
-190
-332
-495
-432
-267
-228
-337
-380
-321
-158
50
-36
-147
36
121
59
74
162
180
66
6
-22
-33
-25
-148
-197
-118
-171
-215
-119
-52
-77
-142
-217
-212
-93
-67
-98
-3
53
22
94
263
281
171
133
37
-5
198
373
360
171
-43
-63
9
11
-138
-246
-71
50
-11
85
305
364
301
195
-24
-125
62
195
193
222
181
91
95
126
204
331
252
-26
-119
82
276
318
288
239
212
211
138
-5
-57
-24
-37
-34
57
106
65
7
-112
-236
-219
-204
-303
-325
-198
-102
-121
-99
-55
-130
-242
-381
-497
-362
-135
-82
-50
37
-95
-330
-320
-215
-127
20
119
169
257
253
58
-150
-195
-197
-247
-229
-57
230
354
111
-206
-338
-286
-126
34
91
-16
-143
-101
120
316
268
30
-249
-417
-305
-22
196
262
210
110
13
-41
-38
-12
-5
-47
-77
17
99
118
204
230
143
138
267
318
160
54
76
99
212
323
370
279
20
-6
230
333
232
220
377
335
171
141
57
32
107
76
160
306
269
129
-56
-205
-211
-83
-123
-234
-9
19
-309
-319
-140
-136
-191
-166
-159
-263
-348
-478
-558
-366
-201
-173
-103
-138
-321
-412
-289
-149
-252
-315
-303
-301
-26
271
318
205
97
41
-160
-186
-34
17
151
259
286
252
149
105
140
158
27
109
388
289
85
171
203
82
153
245
59
-65
-86
-174
4
237
104
-110
-174
-205
-143
47
96
37
-7
-156
-140
-41
-229
-244
5
27
-44
110
281
149
59
3
-173
-131
-17
27
125
197
238
327
381
164
-102
-48
-9
65
442
581
327
69
-20
10
54
135
87
7
138
139
-31
-53
37
98
151
186
-6
-177
-148
-239
-234
-46
84
38
-118
-226
-419
-449
-193
-162
-279
-203
-122
-242
-355
-421
-689
-647
-173
24
-37
-1
-26
-267
-420
-419
-461
-255
13
-32
48
261
170
25
154
231
113
176
332
359
425
410
285
287
382
346
253
275
275
287
238
-21
-104
70
110
57
184
300
105
-124
-184
-174
-103
-75
-95
-39
40
123
199
210
102
-84
-218
-320
-239
58
236
274
163
-84
-282
-348
-317
-243
55
376
223
-148
-206
-93
-158
-50
243
118
-138
-46
8
-124
6
122
-41
-26
116
19
-198
-252
-197
-30
266
336
200
35
-134
-176
-115
10
70
-17
-57
37
76
-33
-70
-116
-334
-417
-279
-110
124
330
245
-116
-470
-592
-377
74
363
284
51
-206
-416
-408
-228
-63
118
302
219
-32
-90
-73
-158
-161
79
337
325
209
112
-100
-288
-318
-330
-278
79
563
649
350
67
-138
-248
-122
73
154
241
385
432
344
230
88
-51
-76
-50
20
189
260
170
180
283
165
-156
-340
-317
-192
104
399
410
289
230
-2
-390
-442
-136
142
280
360
197
-221
-401
-366
-351
-108
178
200
147
51
-88
-119
-214
-483
-509
-153
120
181
197
50
-302
-548
-423
-152
11
130
94
-90
-90
-22
-118
-66
35
-209
-291
-1
-10
-159
-75
-34
80
308
327
254
141
-182
-380
-220
-86
3
205
150
-96
-307
-598
-636
-327
-108
8
126
96
-22
-1
18
-41
96
311
360
338
336
337
272
203
143
-84
-255
-100
180
347
379
343
167
-134
-246
-185
-67
104
284
485
305
-150
-341
-378
-244
185
468
437
348
226
-34
-188
-224
-180
244
429
199
196
220
0
-155
-59
-15
-228
-288
-160
-159
-21
69
-161
-283
15
177
-98
-235
-260
-323
-111
96
-67
-241
-327
-322
-230
-222
-212
-168
-97
3
146
274
153
-145
-361
-344
-127
55
219
297
230
157
139
159
132
132
147
215
362
333
204
141
-30
-240
-270
-167
21
117
-53
-266
-434
-522
-202
190
112
-92
-106
-142
-147
-98
-170
-102
109
279
391
315
211
197
126
-10
-5
122
177
183
56
-42
52
-9
-89
14
153
173
-100
-305
-219
-6
56
-58
31
82
13
5
-244
-386
-74
126
70
46
18
-106
-263
-274
-124
30
-52
-35
216
197
161
175
-82
-282
-206
-113
85
254
185
75
52
-1
-149
-7
167
-5
-64
197
308
314
169
-132
-255
-203
-90
-61
30
-14
-81
28
20
-124
-220
-208
-237
-271
-14
197
40
28
27
38
150
4
-56
88
343
494
469
497
258
-102
-189
-117
78
179
155
153
225
170
-200
-423
-447
-554
-436
13
184
85
126
298
140
-28
148
209
264
157
-13
-168
-320
-270
-81
82
-1
-272
-374
-126
-117
-152
-173
-333
-214
-19
69
138
180
56
-85
-159
-109
-4
121
212
31
-3
79
84
251
296
85
25
17
-94
-105
-39
58
-74
-102
156
149
-12
-136
-267
-347
-245
-154
-49
133
136
114
128
201
183
-3
-195
-383
-419
-191
38
179
301
206
108
138
-7
-76
-26
-20
74
237
451
538
401
99
-74
-43
11
-79
-187
-107
-72
126
291
156
70
67
-150
-319
-188
-66
33
247
447
245
100
175
15
-136
-60
101
119
-7
-30
3
-193
-271
-273
-397
-313
-14
15
-197
-160
-146
-306
-253
49
119
31
20
-120
-308
-280
-271
-358
-236
-119
-193
-197
8
156
341
513
215
-162
-168
-166
-48
265
289
149
140
242
318
302
172
-59
-147
-22
104
263
378
297
239
191
76
56
94
17
-12
128
194
97
16
-59
-151
-97
30
9
-102
-77
-47
-113
-175
-255
-283
-192
-75
-26
-62
-203
-455
-560
-369
-201
-124
87
219
108
86
165
45
-80
-59
-153
-176
54
244
342
453
346
70
11
9
-107
-45
76
33
82
184
134
8
-82
-109
-130
-131
-108
-103
-49
45
117
143
96
101
83
-113
-273
-277
-132
198
399
248
100
155
202
231
256
171
58
-34
-72
15
100
85
-4
-145
-220
-188
-192
-337
-442
-293
-151
-135
2
141
97
-86
-235
-199
-135
-130
-42
29
91
261
359
254
31
-122
-92
39
22
-66
21
54
-72
-59
87
120
52
-41
-162
-200
-85
-22
-5
80
89
51
109
109
-43
-158
-125
-80
-102
-70
35
139
283
347
202
37
-67
-280
-417
-217
40
165
320
355
93
-175
-190
-112
-51
79
157
155
287
357
55
-259
-311
-274
-68
265
281
-2
-288
-525
-569
-276
87
311
427
367
150
-28
-96
-101
-38
84
275
527
670
599
383
124
-57
-97
-78
-26
77
96
0
-68
-90
-138
-201
-264
-322
-352
-370
-376
-289
-128
-42
-64
-121
-193
-197
-107
-49
70
217
152
79
184
160
102
256
238
-42
-203
-284
-359
-297
-261
-343
-342
-268
-313
-409
-346
-173
-87
44
292
338
214
170
69
15
187
276
286
464
508
240
-20
-155
-205
-75
144
190
96
42
-11
-120
-128
-33
52
205
319
136
-80
-37
-4
-67
-33
42
99
178
154
11
-34
-57
-253
-407
-255
-23
80
152
159
79
67
25
-154
-194
-94
-100
-52
145
211
175
194
114
-3
56
93
-31
-35
88
161
270
346
165
-41
-33
-47
-104
-42
-14
-74
-27
8
-113
-139
-59
-98
-131
-45
-53
-126
-76
-42
-79
-34
-3
-82
-61
52
42
1
38
25
-15
1
-37
-148
-167
-125
-105
-30
48
5
-89
-150
-217
-240
-144
-31
14
37
76
107
99
12
-120
-162
-55
135
247
211
118
33
-37
-53
-23
-12
18
90
93
11
-63
-141
-223
-178
-5
159
279
313
189
9
-93
-167
-158
20
228
327
330
231
36
-116
-173
-168
-71
62
111
79
39
4
-30
-44
-61
-80
-68
-41
-44
-44
9
94
161
152
60
-41
-100
-131
-131
-95
-50
20
92
111
100
99
58
-44
-136
-183
-178
-85
78
201
243
208
64
-151
-285
-276
-195
-88
25
88
118
156
119
-35
-157
-188
-193
-128
-9
39
16
3
-55
-139
-133
-101
-102
-42
63
87
65
67
44
33
88
114
91
83
88
59
48
79
77
48
35
24
9
23
48
38
16
-14
-87
-161
-169
-123
-77
-34
-7
-5
-3
3
-8
-34
-39
-21
1
38
93
128
134
132
99
46
20
19
2
-14
-12
-9
-6
0
-8
-45
-76
-96
-103
-84
-49
-21
-4
6
5
0
-4
-5
5
30
60
75
73
58
45
42
48
68
93
107
106
84
45
10
-9
-19
-16
0
30
64
76
60
23
-7
-12
-1
8
-7
-46
-84
-92
-78
-68
-71
-89
-116
-128
-123
-109
-93
-81
-78
-77
-70
-66
-65
-50
-29
-3
26
33
25
24
38
48
51
40
15
5
20
41
51
44
19
-7
-6
9
20
20
4
-17
-23
-3
17
23
14
-14
-33
-33
-17
3
14
13
6
7
18
20
24
35
46
58
52
26
3
3
28
60
79
76
61
49
52
56
60
59
50
42
30
15
4
1
1
4
10
15
6
-18
-58
-95
-115
-110
-77
-24
16
37
30
-2
-46
-84
-96
-78
-36
16
49
49
22
-16
-52
-76
-85
-79
-57
-29
-4
4
-12
-25
-28
-10
16
35
27
4
-17
-22
-4
20
46
61
66
54
25
-7
-34
-40
-33
-26
-30
-30
-14
11
33
32
-2
-49
-89
-105
-97
-67
-20
32
69
73
43
-2
-40
-52
-40
-19
9
45
75
84
77
53
27
11
0
-7
-4
9
31
62
81
79
61
31
5
-10
-14
-8
7
22
36
41
32
18
7
-6
-15
-21
-25
-22
-14
-2
8
11
11
13
15
16
8
-2
-13
-13
-7
3
14
14
9
-1
-18
-26
-28
-25
-19
-19
-20
-28
-31
-30
-27
-25
-31
-38
-42
-44
-42
-32
-24
-18
-17
-19
-20
-17
-9
0
7
15
14
13
8
6
6
12
22
35
45
47
42
35
26
21
19
20
23
23
24
17
11
5
-2
-9
-15
-23
-26
-27
-24
-22
-25
-26
-26
-26
-26
-23
-19
-18
-15
-10
-6
-2
4
9
10
12
14
15
14
19
21
24
27
33
37
37
34
27
23
18
15
15
14
12
15
12
9
3
-3
-9
-14
-15
-16
-12
-7
-3
-5
-5
-9
-13
-12
-9
-6
-3
-3
-4
-7
-9
-9
-10
-13
-11
-11
-13
-16
-17
-16
-14
-13
-11
-9
-7
-8
-5
-7
-3
-1
0
3
5
9
8
9
10
10
9
4
0
-1
-2
1
6
7
5
1
-2
-7
-10
-5
-3
-2
1
2
2
2
-3
-2
-4
-6
-3
-4
-2
0
1
1
1
0
2
2
5
7
8
9
6
8
5
3
8
9
13
10
11
10
7
9
4
5
8
6
4
5
7
7
6
7
6
3
3
2
5
5
6
9
10
8
6
4
2
1
2
3
2
2
1
1
1
1
-1
-4
-5
-7
-10
-10
-9
-12
-11
-13
-10
-10
-16
-12
-16
-16
-17
-18
-16
-12
-13
-10
-8
-7
-5
-7
-4
-5
-4
-6
-2
1
0
3
2
1
4
5
5
5
4
5
5
2
4
5
3
4
5
3
1
0
1
0
-1
-4
-5
0
-1
-1
-1
-2
-2
-2
-1
-1
-2
-2
0
3
4
7
9
12
11
11
10
8
8
9
8
9
10
13
15
13
10
6
5
2
0
0
5
5
6
9
8
7
6
4
4
1
3
6
5
4
5
3
2
0
-3
-4
-8
-7
-8
-10
-9
-11
-11
-11
-13
-12
-12
-12
-16
-12
-10
-10
-9
-8
-8
-9
-7
-4
-4
-4
-2
-1
1
1
3
2
4
4
5
5
4
4
3
1
1
2
0
0
0
-2
-2
-2
-1
-5
-4
-3
-1
-1
-2
-1
1
1
0
1
1
2
2
4
3
6
6
5
6
2
2
3
4
4
4
5
5
6
4
4
3
5
4
2
3
5
4
1
1
1
2
1
0
1
1
0
0
1
1
4
3
1
1
0
2
2
2
3
2
2
0
-1
0
0
-3
-4
-2
-3
-1
-1
-2
-4
-4
-6
-5
-7
-6
-7
-7
-7
-6
-6
-5
-4
-6
-4
-3
-4
-3
-4
0
2
2
0
1
0
-1
1
1
3
2
4
3
2
3
3
2
-1
1
2
5
3
2
0
1
1
1
0
-1
2
1
1
2
1
0
0
1
3
4
3
0
2
0
2
1
1
2
0
1
-1
1
1
1
3
2
2
0
0
1
1
-2
-1
-1
0
2
1
1
-1
1
-1
0
0
1
2
1
-1
1
1
1
-1
-2
1
0
4
-1
-5
-4
-5
-3
-4
-4
-3
-4
-4
-4
-4
-5
-5
-4
-4
-3
-5
-4
-2
-6
-4
-1
1
1
2
2
2
2
2
4
4
2
3
3
3
0
2
3
2
3
5
5
5
6
4
4
0
0
1
0
-1
-1
1
-2
-2
3
0
-1
-1
0
0
1
4
3
5
4
3
3
2
3
3
0
-3
-2
-2
-1
-3
-3
-2
-3
-4
-4
-2
0
-1
-3
0
0
-1
-2
0
1
0
-2
-1
0
1
0
0
1
2
1
4
2
2
2
2
2
0
