SAMPLES:	10085
BITSPERSAMPLE:	16
CHANNELS:	1
SAMPLERATE:	16000
NORMALIZED:	FALSE
1
1
-1
0
-2
0
-1
0
-2
-5
-4
-4
-4
-5
-6
-3
-2
-1
0
-2
-1
-1
3
2
4
2
-1
-1
0
0
3
2
3
3
1
4
-1
0
-1
-1
0
3
1
3
1
-2
0
4
4
1
2
5
5
3
6
2
4
2
0
2
4
-1
1
0
-3
-3
-4
-2
0
-2
-3
-2
-2
-3
-4
-4
-3
-4
-5
-1
-2
-3
1
3
1
-3
-3
-3
-1
1
1
1
0
1
0
-1
1
2
3
3
1
0
-3
0
-2
0
3
4
0
0
3
-1
0
1
0
0
-1
0
4
4
0
-3
-1
0
-1
-4
-4
-2
-4
-3
0
-3
-4
-3
-2
-1
-3
-1
2
-1
-1
1
-1
3
5
4
3
6
3
1
2
0
3
1
4
1
1
2
4
6
3
2
0
2
-1
1
-3
1
0
-4
-1
-3
1
2
3
2
-2
-1
1
1
0
0
1
-5
-1
-1
-3
-4
-4
-5
-5
-3
-4
-1
2
2
-2
2
2
1
0
1
4
2
2
-1
-2
-2
-1
0
-2
-3
-1
-2
1
0
0
0
2
-1
-1
-1
-5
-3
1
-1
-1
-2
3
-1
0
-1
1
2
1
1
-2
2
-1
0
1
-2
0
0
1
3
1
3
-2
1
1
-1
2
4
3
1
2
2
-2
-2
0
-2
0
-3
1
2
5
6
1
3
0
0
0
-1
-2
0
2
-1
-1
-1
0
-1
0
-1
1
1
4
-1
-1
2
-2
0
-1
3
1
-3
-4
-3
-2
-1
0
2
3
-1
-2
2
-1
0
0
-3
-2
-2
0
1
0
-2
1
-1
-1
-2
-2
-2
-2
-2
-6
-5
-4
-3
-6
-8
-5
-1
0
0
-1
3
9
5
2
3
4
2
2
3
2
3
5
4
3
4
4
5
1
4
5
2
1
2
2
0
0
3
4
4
3
1
3
0
0
2
-1
2
-1
-2
-3
-4
-4
-3
-5
-4
1
0
-2
0
-5
-5
-4
-4
-4
-4
0
1
-1
-3
-2
-1
-5
-4
-1
-4
-1
-2
-2
-4
-3
0
-2
-2
1
-1
-1
0
-1
0
2
3
2
2
2
3
2
-1
1
-3
4
2
2
5
3
5
4
3
0
2
4
0
2
5
5
1
4
3
0
4
2
-1
1
1
3
0
-3
-3
1
1
-2
4
-1
2
-1
-2
-2
-4
-1
-1
-2
-4
-1
-3
-4
-4
-5
-5
-4
-2
-2
-3
0
-2
-3
-3
-3
-2
-2
-1
-1
-3
1
6
2
0
2
4
2
3
6
3
3
-1
1
3
1
-1
-3
-2
0
2
1
1
0
0
2
0
-2
-4
-1
1
2
2
1
4
-1
0
0
2
3
1
-1
-2
1
0
1
4
2
0
-2
0
3
0
2
4
0
-2
-2
-3
-3
-2
2
1
-1
2
1
3
0
-1
-1
-1
2
0
5
2
0
-1
-1
-2
-3
1
-5
-2
-3
-1
-1
-3
-1
-6
-5
-4
-2
0
-1
0
-1
-1
-3
-2
1
-2
-2
1
1
1
1
1
-1
1
3
2
1
-1
1
-1
1
4
4
0
3
5
1
1
-1
0
1
-1
0
2
1
0
-1
0
3
6
0
-2
2
-2
1
3
2
2
4
2
0
0
4
3
4
6
0
2
1
1
3
3
2
0
-3
-3
-2
-2
0
-3
-2
-2
-4
-4
-4
-3
-4
-7
-7
-4
-2
-5
-6
-5
-3
-2
-1
-2
-4
-3
-1
-1
1
3
2
2
3
0
2
4
7
4
4
5
3
3
0
0
3
2
1
3
2
0
0
1
-3
1
2
-2
-1
-2
-2
-5
-4
1
0
-1
2
0
-1
-3
-1
-1
0
3
-1
3
1
2
1
1
2
2
1
-1
-1
0
-2
1
1
1
0
-4
0
-2
-2
-1
-1
-3
0
2
2
3
1
2
1
-3
-1
-1
2
4
-1
-2
-1
1
1
1
0
-2
-2
0
-3
-2
1
2
4
1
0
3
0
-1
-1
-2
-2
-1
0
2
-2
-2
-2
-5
-2
-2
-1
-2
-1
3
9
5
2
1
1
1
-1
0
-1
-3
-4
-2
-2
3
1
0
3
1
-2
-4
-4
1
4
4
5
6
6
5
4
0
-3
1
-3
-1
-3
1
1
-1
-3
-1
-2
-9
0
1
0
-10
-6
0
-1
-4
-4
2
0
3
3
7
3
-2
-1
-1
-1
0
-4
-2
0
-5
-2
1
-2
-3
2
-1
-6
-4
-1
0
2
2
4
4
4
1
3
5
5
5
5
4
6
5
8
4
1
5
3
3
3
0
1
1
0
2
1
0
-1
-3
-3
-7
-4
-5
-6
-4
-5
-2
-3
-5
-2
-3
-8
-5
-4
-4
-1
-2
2
0
-3
-2
0
-1
-3
-3
-3
-4
-3
0
-3
-1
4
3
-1
1
0
-1
3
3
2
2
4
4
0
3
7
1
2
3
4
4
1
1
1
0
0
-4
-4
-3
4
3
5
3
3
1
0
-1
-3
-2
-4
1
-1
-3
-3
-1
0
-2
-2
0
1
1
1
-1
0
2
1
0
-2
-5
0
1
2
2
3
4
2
-1
3
2
-1
-1
0
2
2
1
0
2
-2
-1
-1
-3
0
0
-3
-2
2
-3
-3
-1
1
2
-1
2
-3
1
0
-2
0
-1
-1
-2
1
1
2
0
-2
-2
-3
-5
-4
1
0
1
0
-1
-1
1
5
1
-1
-1
2
-1
-2
2
3
1
-3
-3
-2
-3
0
-1
-1
-7
-6
-4
-3
0
0
-1
-3
-1
1
2
-1
0
-2
-1
-1
-3
-3
-2
1
-1
2
0
-3
2
1
1
-1
2
5
3
4
3
0
0
2
3
7
6
5
4
1
-1
0
3
1
1
3
2
-1
-3
1
2
-2
-1
3
6
5
4
2
5
9
10
13
12
17
20
18
20
19
21
18
25
25
25
24
22
27
29
28
27
26
25
28
20
14
4
-3
-11
-22
-30
-40
-48
-53
-62
-76
-77
-83
-86
-91
-106
-117
-120
-124
-128
-131
-142
-150
-149
-151
-150
-153
-165
-170
-167
-163
-156
-159
-165
-160
-151
-143
-131
-125
-125
-111
-99
-86
-71
-61
-53
-33
-13
-3
13
37
61
87
111
130
151
185
205
224
238
244
252
271
268
259
254
241
229
214
199
179
163
148
140
128
117
108
94
80
72
57
39
28
16
0
-14
-20
-24
-22
-12
3
25
56
113
181
258
347
439
546
670
801
928
1055
1171
1282
1388
1486
1564
1620
1646
1645
1620
1572
1497
1381
1233
1052
842
607
342
64
-234
-548
-871
-1200
-1520
-1833
-2126
-2399
-2647
-2869
-3069
-3233
-3362
-3444
-3481
-3485
-3461
-3407
-3312
-3173
-2991
-2786
-2573
-2352
-2120
-1858
-1572
-1277
-996
-736
-476
-205
86
376
653
908
1145
1381
1616
1850
2060
2243
2393
2519
2641
2752
2853
2933
2979
2998
2994
2977
2931
2856
2754
2622
2468
2296
2114
1922
1717
1515
1319
1117
885
605
286
-24
-287
-494
-714
-992
-1304
-1571
-1679
-1587
-1376
-1196
-1135
-1138
-1053
-784
-364
48
295
373
418
618
1018
1501
1849
1944
1869
1784
1831
1947
1978
1785
1361
861
448
178
-52
-381
-871
-1432
-1927
-2270
-2523
-2796
-3157
-3563
-3889
-4079
-4145
-4183
-4278
-4402
-4456
-4335
-4063
-3761
-3520
-3351
-3172
-2912
-2574
-2225
-1936
-1732
-1550
-1302
-959
-573
-225
69
366
723
1150
1591
1993
2335
2635
2918
3214
3511
3771
3953
4073
4182
4296
4422
4493
4499
4422
4287
4148
4056
4034
4014
3941
3743
3465
3152
2892
2685
2458
2136
1691
1213
767
389
27
-366
-815
-1291
-1722
-2092
-2439
-2830
-3265
-3671
-3957
-4141
-4291
-4473
-4656
-4762
-4764
-4666
-4544
-4434
-4328
-4190
-3956
-3627
-3266
-2939
-2665
-2374
-2014
-1590
-1137
-727
-354
-17
299
625
943
1238
1448
1579
1674
1781
1903
1973
1981
1917
1825
1767
1859
2149
2564
2871
2937
2862
2859
3095
3446
3761
3848
3747
3584
3571
3812
4120
4290
4112
3773
3524
3462
3431
3213
2735
2072
1396
830
425
9
-554
-1308
-2086
-2738
-3278
-3777
-4328
-4878
-5396
-5819
-6111
-6286
-6402
-6548
-6668
-6648
-6418
-6055
-5706
-5411
-5152
-4855
-4493
-4054
-3573
-3150
-2820
-2509
-2083
-1546
-1003
-556
-172
252
752
1331
1924
2477
2931
3303
3676
4124
4590
4974
5249
5465
5694
5900
6052
6141
6190
6191
6146
6080
5981
5807
5527
5164
4759
4337
3881
3384
2866
2320
1762
1189
633
66
-546
-1188
-1817
-2385
-2911
-3426
-3958
-4449
-4856
-5172
-5393
-5577
-5725
-5850
-5895
-5836
-5681
-5506
-5353
-5188
-4958
-4619
-4241
-3862
-3511
-3124
-2669
-2156
-1615
-1106
-641
-225
186
619
1056
1470
1804
2077
2310
2512
2691
2832
2991
3104
3127
3027
2934
3009
3247
3544
3653
3558
3330
3210
3334
3597
3831
3755
3485
3192
3190
3427
3666
3680
3374
3056
2812
2790
2694
2410
1855
1174
628
215
-17
-434
-1013
-1797
-2466
-2924
-3280
-3641
-4172
-4676
-5149
-5429
-5605
-5709
-5837
-6084
-6249
-6250
-5966
-5637
-5423
-5288
-5130
-4784
-4392
-3927
-3517
-3175
-2936
-2711
-2280
-1730
-1170
-827
-503
-72
515
1139
1676
2194
2609
2992
3357
3869
4430
4845
5083
5249
5543
5865
6156
6354
6476
6492
6339
6208
6133
6069
5812
5362
4904
4451
4055
3595
3178
2664
2041
1359
748
244
-365
-1077
-1844
-2477
-3026
-3528
-3999
-4484
-4934
-5358
-5600
-5706
-5739
-5801
-5889
-5875
-5755
-5523
-5303
-5101
-4885
-4582
-4173
-3719
-3239
-2793
-2368
-1954
-1463
-919
-399
14
365
690
1063
1447
1836
2129
2337
2496
2696
2911
3101
3220
3259
3181
3061
3023
3160
3301
3309
3165
2995
2881
2865
2938
3011
2950
2719
2486
2403
2529
2704
2743
2559
2281
2098
2057
2028
1846
1497
1030
545
178
-62
-287
-707
-1299
-1873
-2266
-2532
-2813
-3177
-3590
-3966
-4212
-4316
-4341
-4407
-4543
-4679
-4699
-4567
-4346
-4163
-4083
-4043
-3923
-3684
-3387
-3138
-2942
-2784
-2613
-2372
-2035
-1660
-1353
-1126
-864
-486
-41
391
794
1158
1499
1861
2290
2740
3144
3463
3732
4007
4314
4652
4935
5099
5169
5222
5286
5334
5359
5308
5138
4875
4626
4443
4245
3959
3575
3151
2697
2217
1746
1259
677
1
-642
-1209
-1745
-2302
-2844
-3344
-3791
-4150
-4398
-4577
-4755
-4926
-5027
-5038
-4975
-4887
-4788
-4682
-4530
-4304
-4014
-3698
-3381
-3049
-2708
-2363
-1981
-1555
-1151
-794
-465
-115
242
564
870
1182
1477
1719
1916
2096
2256
2386
2486
2577
2631
2595
2482
2390
2403
2463
2455
2333
2194
2147
2193
2262
2303
2280
2169
2013
1940
2043
2234
2315
2202
2021
1939
1963
1954
1792
1484
1123
774
495
306
127
-188
-668
-1166
-1507
-1700
-1911
-2239
-2615
-2922
-3120
-3232
-3308
-3393
-3531
-3697
-3785
-3709
-3533
-3404
-3399
-3420
-3345
-3154
-2929
-2750
-2634
-2559
-2469
-2314
-2078
-1814
-1605
-1452
-1275
-989
-608
-229
78
334
608
936
1314
1706
2075
2377
2623
2878
3187
3515
3780
3970
4135
4314
4483
4618
4712
4746
4724
4640
4526
4403
4252
4017
3719
3405
3098
2757
2333
1849
1353
873
396
-114
-664
-1236
-1772
-2227
-2603
-2940
-3302
-3675
-3981
-4168
-4264
-4325
-4388
-4436
-4446
-4386
-4248
-4046
-3857
-3710
-3554
-3311
-2961
-2594
-2290
-2049
-1783
-1446
-1076
-729
-433
-179
57
302
564
824
1045
1217
1371
1551
1735
1874
1957
2035
2119
2184
2168
2105
2085
2118
2120
2024
1890
1812
1802
1817
1829
1851
1864
1829
1780
1806
1937
2069
2104
2055
2026
2060
2086
2027
1856
1618
1362
1126
918
702
401
-7
-461
-851
-1144
-1401
-1697
-2033
-2329
-2552
-2716
-2855
-2979
-3099
-3215
-3289
-3266
-3151
-3024
-2955
-2945
-2912
-2804
-2647
-2474
-2340
-2259
-2212
-2139
-2004
-1810
-1643
-1527
-1424
-1272
-1019
-722
-429
-191
8
231
515
845
1164
1444
1663
1862
2094
2374
2672
2905
3040
3172
3350
3564
3731
3775
3750
3714
3691
3704
3719
3624
3432
3193
2963
2821
2630
2364
2031
1687
1287
949
600
233
-207
-716
-1126
-1465
-1685
-1965
-2293
-2614
-2922
-3140
-3256
-3318
-3366
-3453
-3534
-3511
-3411
-3316
-3262
-3236
-3112
-2918
-2623
-2442
-2319
-2203
-2043
-1797
-1534
-1263
-1062
-885
-651
-394
-99
147
282
447
690
944
1155
1333
1476
1557
1634
1726
1863
1898
1885
1849
1888
1960
1965
1805
1652
1676
1800
1959
1971
2022
1979
1933
1884
1973
2182
2267
2205
2111
2114
2199
2132
1976
1760
1492
1210
947
861
580
278
-246
-824
-1194
-1267
-1411
-1637
-2007
-2116
-2597
-2538
-3033
138
1767
-3411
-6943
-5431
-1959
-856
-3181
-6131
-5661
-3133
-1211
-1799
-3596
-3942
-2208
-1175
-1541
-2260
-2464
-2217
-1517
-787
-167
50
-138
-257
-134
72
751
1989
2427
1940
1802
2217
2847
3177
3208
3222
3285
3656
4853
5556
4282
2344
2031
3261
4416
4595
3844
2534
1761
1967
2705
2904
1686
719
1154
1598
1010
581
-162
-1088
-1847
-808
-288
-1152
-1701
-2446
-3424
-3157
-2656
-3078
-2917
-3529
-4152
-3078
-2630
-3369
-3847
-3698
-3408
-2722
-2422
-2342
-2214
-2684
-547
-372
-1665
-2315
-1519
-836
-860
-1406
-1766
-784
-413
-44
-49
12
725
1886
1519
753
828
1387
1660
1710
1756
1650
1513
2072
3498
4479
3766
1990
1142
1791
3455
4546
4395
3514
2532
2314
2861
3203
3151
3043
2687
2170
2379
2883
2612
1258
-16
-388
91
661
662
-25
-1654
-3084
-3302
-2670
-2382
-2661
-3155
-3984
-4221
-4266
-3933
-4027
-4610
-4681
-4154
-3513
-3699
-2974
-3218
-4072
-4298
-3449
-1762
-1149
-1307
-2315
-2615
-1300
-798
-751
-653
-560
-35
545
538
558
1333
1127
869
1196
2244
3356
3272
2732
2338
2937
4076
5128
5300
4354
3606
3547
3967
3788
4261
4037
2651
2212
2606
2827
1840
1118
828
521
-65
1959
905
-682
-1295
-1775
-1270
-1472
34
-1969
-3219
-2426
-2851
-3197
-2669
-1943
-2735
-3471
-3455
-2834
-1002
-2403
-3683
-3175
-1647
-364
-3223
-1198
-912
-3004
-2137
-892
-961
144
-1114
-1553
-107
-904
-1276
1473
1198
-1108
75
-67
811
2658
-726
-202
1052
267
665
350
1048
2296
6671
4907
652
-1904
22
4756
6965
5059
2889
2530
3172
2937
2752
3661
4713
3927
2364
2688
4120
4131
1550
-822
-499
1296
1989
1098
-162
-1840
-3899
-5253
-4268
-1958
-1815
-4022
-5824
-6127
-5213
-4420
-4868
-5537
-5614
-5303
-4133
-2871
-2027
-4483
-6592
-3790
-3010
-1083
-231
-1325
-1663
-1886
-2723
-1129
2251
464
-897
550
1305
1773
918
698
1444
2401
2073
2665
3593
4156
3621
2224
2115
4316
6782
6048
5736
4210
2474
2651
4722
5614
3880
2455
1765
2391
1835
710
859
1278
-505
-1926
1769
1732
-246
-3611
-4591
-1899
2716
-1378
-5503
-813
-3118
-5365
-2501
-1630
-2560
-4204
-1363
-2440
-3812
-1470
-3244
-1992
-928
-1526
-3499
249
-964
-1768
-1892
-3423
-1602
2899
521
-3715
-1740
877
-744
569
99
-1481
195
376
768
-1577
-559
-818
-1056
-767
-631
1631
7195
8939
1750
-6407
-4871
6653
13767
9028
792
651
4538
5030
3309
4803
7190
6085
3420
2933
5691
6054
1865
-2426
-545
5088
6376
1249
-3972
-4878
-4227
-4182
-2928
-1198
-2403
-7420
-10031
-7809
-5453
-5816
-7213
-6789
-6344
-5870
-5310
-4867
-5815
-6455
-4815
-2710
-650
638
-2141
-4844
-2651
359
975
633
2556
2829
-706
-1519
1637
4123
3512
1696
1979
3475
4315
2767
2860
2831
2519
3993
6667
9407
7781
2456
-1940
439
6443
9567
7670
1662
-3401
-2606
2907
3897
1869
642
-1117
-1890
-870
-356
-1562
-2079
-318
-707
-3643
-610
-695
-2819
-5738
-5302
850
3471
-3259
-5027
-3969
-3293
-943
930
-905
-3080
-1896
-1415
-2753
1536
-985
-1653
-632
-2747
390
-298
-1239
-357
-1184
-3621
-991
3377
1143
-4166
-3939
-342
-384
-993
-2926
-2325
-2800
2710
10800
10427
-1977
-12879
-2505
13243
17452
6510
-978
2705
6914
4256
2651
8028
11851
8306
1491
1559
7932
7448
632
-3393
2095
8805
5609
-2692
-6539
-5073
-5560
-5545
-2522
-110
-5268
-12862
-13269
-9428
-6645
-7452
-7982
-7437
-8730
-9152
-7640
-5795
-6178
-6918
-4600
-65
1494
-2095
-4349
-2943
1249
2751
2873
4747
4586
2164
-377
1241
5588
6990
4189
4014
5694
4193
2571
3079
5117
5133
4948
8549
9767
4583
-954
-943
3916
6905
6656
4307
-1292
-5415
-2852
1036
1364
397
-613
-2861
-5461
-4093
-495
-986
-2570
-3103
-1682
-1669
-2967
-3428
-4781
-4316
354
2117
-130
-2834
-4404
-1472
54
1161
2050
1385
-507
-985
-1403
-1089
2106
2272
-1040
-1265
340
-439
-2299
-4012
-1608
420
246
-2664
-2631
-2781
-4552
-4833
-3879
-2156
599
11460
15569
3907
-15981
-11556
12294
24874
13924
330
3964
9618
5272
-756
5990
17545
16839
3933
-3357
4763
10743
3112
-6638
-2633
10228
8392
-4132
-11646
-8334
-7189
-10133
-7364
-1615
-3464
-13227
-18987
-17699
-11997
-7468
-6317
-7447
-11722
-13228
-11072
-7667
-6323
-6852
-4220
208
1980
-2024
-4488
-881
3733
3596
3238
8867
11646
6320
-768
1393
9181
11565
9317
8345
9078
6549
2932
4214
8091
12375
14054
8651
35
-3305
2835
6700
5092
3026
2697
-1737
-6418
-5277
-2093
-690
-1710
-2205
-4490
-6753
-5043
-4122
-5715
-5728
-1755
-483
-4495
-7123
-5400
-4140
-4283
-1467
957
530
-2189
-2997
-2125
-467
2517
3595
1183
-876
1049
1906
1474
1109
1883
1628
-913
-532
1476
206
-2663
-3394
-1547
-389
-2103
-3001
-5257
-5950
-5724
3567
17698
17587
-124
-19249
-7053
18594
26619
11830
3534
10531
10736
914
-19
16073
24816
13799
-1966
-2220
11027
11381
-868
-8733
802
9870
936
-10427
-11500
-7425
-12604
-17067
-11428
-3482
-7359
-19007
-23927
-21814
-14938
-10210
-8768
-10823
-14735
-14219
-12253
-9462
-7707
-4533
-280
1136
-1381
-3684
245
5239
5694
2759
6327
13872
12614
5284
2560
8877
12467
10241
10310
13805
13356
6679
3941
10886
14730
10335
5058
4877
5299
4368
3916
2421
-579
-764
1667
-1841
-4765
-3256
-2468
-6037
-6798
-1669
-780
-5277
-7374
-6480
-6160
-4402
-2064
-3000
-5424
-5266
-3402
-4789
-4500
-307
1217
-1512
-3309
-1111
670
484
-131
19
873
1343
1255
-1230
-1510
-56
-148
-1503
-2054
-1383
-2551
-3864
-3189
-2047
-1977
-3720
-5271
-4768
-1365
13865
21501
11118
-11431
-13013
11612
26264
20280
9158
12939
14280
3755
-3323
10318
29005
25082
4580
-6593
4984
13299
3411
-5546
286
10957
876
-14169
-13827
-4510
-6570
-18356
-19046
-9415
-5267
-15440
-24648
-24376
-17994
-13595
-13833
-11903
-11558
-13082
-16396
-16327
-10329
-3919
736
347
-3193
-5913
-2352
3700
5628
5169
7220
11814
9555
4609
5093
10645
13061
8869
9266
13842
15133
8804
6673
11250
12511
9064
5622
7339
5770
3980
2245
791
25
968
1004
-3004
-3366
-1891
-2753
-5743
-3932
-172
-1815
-4160
-4315
-3456
-4956
-4208
-1655
-1634
-2713
-3203
-2995
-3864
-2383
17
823
-146
-784
-649
-841
-204
211
545
576
554
-950
-2341
-2361
-1797
-2966
-3930
-3370
-2792
-3939
-5145
-5697
-5732
-6354
-5701
-5261
4414
19855
18016
-1172
-18785
-2588
21572
25754
15582
13797
18379
7563
-5880
1036
24352
32271
15506
-2760
-1342
9804
5818
-2604
915
12008
6770
-12897
-16807
-5936
-1806
-13621
-19818
-11574
-5063
-12303
-22582
-21899
-16341
-14281
-16748
-13641
-7376
-8049
-14311
-18194
-12240
-4475
-435
1006
576
-1066
-3152
-1691
2067
6629
10020
11730
8952
4091
3980
7672
10801
9624
9504
11957
11155
8306
9524
9218
5739
2240
5698
8946
6417
4158
536
-4488
-6006
-308
3872
2489
-1083
-4388
-8436
-7773
-692
2721
811
-1975
-3525
-5759
-6062
-1161
1942
283
-2012
-2132
-1900
-1509
-589
183
401
726
1274
568
792
666
-752
-1723
-809
1489
1089
-979
-2633
-4123
-4767
-4785
-2993
-2112
-2506
-4686
-6547
-7780
-6996
-4667
1342
16167
18741
5851
-13450
-8733
12869
21679
17977
15860
20550
11094
-5699
-4708
17595
31980
20854
3658
137
6749
2207
-5261
385
11691
8748
-11313
-17844
-8602
-3968
-13881
-20657
-12604
-6600
-13407
-22894
-20437
-15059
-16378
-20584
-16385
-6410
-5541
-11852
-16576
-12725
-6854
-4036
168
4406
5201
23
-3692
-723
6292
11698
12904
11444
8020
6024
5483
7629
10496
12842
13586
10113
7640
11258
10159
3878
427
5691
9111
4667
2986
2158
-3303
-8732
-4483
1816
3479
530
-3609
-8399
-9224
-3310
341
1332
1553
-884
-6428
-8491
-2350
2386
1114
-1146
-1069
-1257
-1920
-1345
306
1875
1411
299
-270
1572
1851
-1000
-2898
-2244
259
357
-1175
-2690
-4007
-5895
-6342
-5668
-3031
-2804
-4450
-6549
-7776
-7204
-2970
12031
20106
11822
-7015
-8690
7787
17494
17676
18554
24545
16245
-1925
-4916
13762
30018
23411
9177
4607
7201
1409
-5256
1617
12266
8657
-10115
-16914
-9057
-5387
-13636
-19407
-13498
-10549
-16923
-22858
-18659
-14392
-18282
-23212
-19583
-10174
-7816
-11310
-13368
-10949
-9247
-9410
-4360
3697
7495
3215
-1532
-714
3665
7891
10910
13475
12867
9195
5166
5387
9619
13155
13742
10846
11075
14000
8925
1498
791
7127
6590
1947
4565
5523
-3103
-10788
-6157
322
1452
337
-419
-4362
-7549
-5787
-3111
840
3376
1215
-4332
-5679
-1709
-551
-1191
594
2398
165
-1762
-178
1842
1291
71
761
1753
2289
1080
-450
-1521
-2326
-2691
-2522
-1449
-2303
-5260
-7482
-8100
-7224
-6142
-4974
-5419
-7369
-8344
-5439
8922
17184
11088
-4879
-7176
7964
15095
15757
18911
26317
17758
-1082
-3573
14650
28813
22460
11442
8294
8550
-64
-5820
3508
13621
8363
-10367
-15909
-8402
-6388
-13935
-18242
-12507
-12108
-19796
-23677
-16971
-12495
-17915
-23696
-20354
-11531
-9134
-10588
-10214
-7754
-8189
-10689
-6149
3276
9154
5808
412
746
4163
6745
8754
12517
14130
10789
5124
3998
8526
12351
12333
9149
10292
13792
7263
467
813
5666
3129
-533
4797
5339
-4481
-10878
-5357
-1247
-1690
-1168
953
-2214
-6708
-5871
-3200
1100
3213
1012
-2297
-2464
-229
-1349
-1256
2357
3336
-112
-1124
2271
3362
1055
-184
1957
2516
1326
273
696
131
-2556
-3360
-3018
-1332
-3276
-5772
-7566
-7895
-7338
-7278
-5844
-6183
-7067
-4423
8625
15357
7793
-6049
-4698
9587
14110
13889
19087
26000
15981
-2019
-1492
16464
26688
19129
10763
10606
8490
-1987
-6319
4107
12087
4435
-10997
-13090
-7068
-9185
-16795
-18091
-12019
-13184
-20768
-22050
-15231
-13024
-19647
-23878
-18711
-10768
-9055
-9647
-7963
-6094
-7679
-10150
-4749
4716
9605
6636
2397
3379
5793
6746
8229
12262
14411
11041
5650
5043
9081
10831
8691
6510
9474
14047
6936
47
346
2858
-979
-3316
5278
6754
-3787
-10943
-5874
-3081
-3941
-1296
2840
-59
-5845
-5306
-2805
442
2545
1792
-118
-722
654
-671
-977
2162
3017
214
-20
3626
3961
1001
-618
916
664
37
1172
2075
411
-3513
-4916
-4996
-4047
-4466
-4436
-5660
-6795
-8525
-8802
-7773
-7291
-4787
6715
16319
12106
-2581
-8131
4932
13322
14128
17156
26002
22342
4159
-3701
9731
23586
20500
12191
11458
12553
3262
-6370
-2218
6826
5497
-7045
-12455
-6744
-6473
-15156
-21597
-17402
-13924
-18057
-20957
-15706
-11723
-17642
-24932
-22717
-13020
-8103
-8175
-7069
-4692
-5327
-9078
-7117
1787
9010
8812
4678
4817
7522
7882
6872
9206
12955
12255
7309
5486
9039
10818
7117
3400
4568
8972
10355
4499
1890
218
-3026
-6680
-2881
5863
3733
-5512
-8596
-4506
-4299
-4553
-553
3122
-68
-3944
-1918
720
1761
1380
472
565
1597
2989
2033
912
1406
856
-705
944
4889
4901
1699
-984
-517
-427
-415
839
1162
-911
-3529
-4143
-4296
-4875
-5837
-5450
-5516
-6362
-6862
-6752
-7097
-6869
2864
14435
14865
2647
-6823
723
10332
13192
14436
20755
22373
10624
-716
3094
16152
19976
13239
7683
8706
8417
1168
-3571
-932
2517
-2218
-10953
-10733
-5233
-5847
-15131
-21638
-19390
-15787
-16121
-16234
-12333
-11303
-16332
-21921
-20051
-12006
-6166
-4275
-4427
-4326
-4434
-5029
-3038
1761
6180
6944
5956
6108
7597
8088
7491
7723
7657
6939
6638
7909
10220
12313
10870
5769
-215
-1888
2152
5984
6631
3147
-2353
-6171
-5890
-3384
-1870
-1898
-1896
-2033
-3187
-3218
-1143
430
-433
-2138
-1406
1751
4142
3972
1243
-774
-1311
-93
1154
3557
5803
5052
1443
-1565
594
3226
3775
3479
1116
-21
509
566
273
-1067
-2579
-3382
-1959
-1808
-1815
-1940
-2627
-4398
-4547
-3877
-3428
-3150
1615
8636
10853
5517
-3220
-5292
197
8210
11655
10825
8429
5626
2985
2070
3661
5828
6546
5351
4194
3889
2784
1457
-317
-2268
-4209
-6117
-5575
-3217
-1670
-3968
-8953
-13147
-13993
-11788
-8461
-5427
-5060
-7073
-9391
-9849
-8259
-6021
-3802
-2637
-2649
-2621
-2294
-1298
-393
-20
-403
-932
-435
1091
2349
2501
2083
1272
198
-570
-45
1505
2587
2500
2053
2002
2210
2241
2542
2959
2684
1734
1382
2685
4466
5084
4188
3247
3179
3634
4504
5382
5779
5020
3291
2435
3210
4295
4035
2811
1700
786
370
421
1050
1285
348
-1219
-1578
-721
-238
-404
-936
-1272
-1740
-2030
-1659
-1095
-1165
-2039
-2905
-2974
-2310
-1872
-1910
-2263
-2768
-3005
-2850
-2403
-2129
-2220
-2514
-2865
-2877
-2567
-2358
-2557
-2855
-1906
435
2645
2969
1145
-943
-1750
-551
2386
5238
6163
4400
1730
832
2061
4027
5049
4401
2479
798
920
2857
4934
4977
2721
-293
-2027
-1711
-357
965
1064
-437
-2881
-4546
-4410
-2821
-1530
-1595
-2672
-3722
-3826
-3119
-2100
-1668
-2046
-3607
-4753
-4260
-2475
-1080
-1217
-2139
-2996
-3619
-3843
-2677
-1134
-362
-1143
-2512
-3018
-1760
13
364
-39
-189
33
623
2439
4726
5328
2850
-200
-454
2223
5488
6990
6094
3918
2008
1733
3500
5600
5990
3901
1499
1691
4520
5688
3813
1714
696
-210
-280
1629
2812
2093
-42
-2098
-2520
-1390
97
34
-1294
-2930
-2857
-2276
-1582
-828
-1766
-3312
-4312
-4398
-3020
-1088
-1397
-3161
-4874
-4563
-3149
-1983
-1659
-2362
-3430
-3711
-3560
-3120
-2161
-192
2224
3582
3037
562
-1724
-1893
351
3791
6286
6428
4470
2205
1445
2569
4745
5871
5139
3250
2089
2971
4742
5266
3688
887
-1709
-2561
-1462
786
2083
703
-2275
-4600
-4875
-3626
-2147
-1526
-1751
-2769
-3590
-3557
-2395
-1604
-2744
-4245
-5118
-4227
-2353
-1377
-658
-423
-2767
-5208
-4203
-1664
33
-131
-1116
-1241
-1165
-1246
-967
-163
226
572
688
1375
2671
3724
4327
3466
1579
175
687
2895
5290
6023
4473
2690
1399
1456
3271
4372
3991
2568
2501
2283
3115
3552
2435
113
-605
-218
150
318
862
-182
-3081
-1210
-1643
-3649
-2524
-411
-985
-2724
-3223
-1840
-2315
-2460
-1635
-2503
-2730
-2792
-2086
-1255
-1238
-2272
-2166
-3730
-2539
-1422
-976
-893
-1419
-1564
-2138
-2703
-3696
-2711
255
3983
6613
6740
2457
-1914
-2706
552
5286
8653
8895
6396
3594
2368
3210
4594
5180
4490
3144
2795
3814
4638
3926
1617
-1112
-3162
-3839
-2690
-646
234
-1021
-3603
-5957
-7246
-7372
-6175
-4540
-3706
-4002
-5016
-5361
-4773
-4056
-3637
-3994
-4525
-3849
-2436
-669
875
1120
-333
-2043
-2154
-1246
418
2176
3418
3543
2054
269
45
1650
4303
6297
6489
4856
2503
1094
1747
3261
3443
2849
1990
1319
1402
2353
2538
1236
-521
-1364
-585
1505
3520
1886
0
-625
-1564
-36
-654
-1924
-2827
-1254
31
-2308
-2938
-1503
-1260
-2131
-2086
-3316
-2396
-269
1553
-605
-1610
-2462
-2100
-695
-1118
-2175
-748
-254
-1640
-2053
-2164
-3135
-2055
-1592
-2438
-1276
-2288
-2924
-3846
-3570
432
8426
14311
11717
4144
-1385
-375
5361
10958
13579
12514
9419
6804
6508
7156
6694
5079
2682
1633
2273
3044
2804
1103
-688
-3843
-8458
-11881
-11100
-7002
-4052
-4435
-7734
-11281
-13634
-13591
-11046
-8168
-6406
-6306
-6538
-5973
-4522
-3055
-2553
-2427
-2129
-1530
-627
1352
4313
6118
5368
3058
1304
1018
2033
4234
6173
6274
4434
2764
2852
4142
5777
5765
3434
-32
-1504
210
2774
3359
1303
-1208
-2706
-2436
-975
769
1271
427
-400
-343
649
1900
2607
2209
859
-306
-488
220
1068
1419
735
-981
-2123
-2031
-1167
-380
-57
-1061
-1873
-1587
-1116
-325
-1122
-2410
-2829
-2472
-2028
-1860
-1756
-2240
-2588
-4140
-4733
-3586
-2814
-2331
-1749
-2459
-3644
-5039
-4324
2583
12759
18676
13611
4577
602
4709
10744
13975
14558
13736
12217
9821
8616
7960
8006
6544
3051
-256
-2157
-1941
-1194
-383
-1119
-6402
-13767
-18006
-15667
-11322
-9129
-10093
-11959
-13351
-14599
-14143
-12406
-9694
-7665
-7098
-6700
-5692
-2917
325
2487
3312
2180
500
192
3608
8101
10278
8901
6705
5395
4076
3789
4313
5322
5021
3613
2243
1129
1197
2299
3301
1515
-2062
-4175
-3681
-1896
-1200
-987
-1765
-2663
-2703
-1366
62
441
893
1294
1487
1725
3075
4459
4307
3262
2405
1735
1248
2007
2886
1985
78
-963
-828
-898
-938
-992
-1697
-2655
-2671
-2230
-2431
-3001
-3416
-3913
-4472
-4457
-3702
-3220
-3295
-3503
-3815
-4181
-3956
-3162
-2848
-3559
-3959
1482
11276
19928
18944
11153
6280
7983
11836
12613
12973
14714
16685
14564
10648
7914
7906
7465
3417
-2141
-6222
-6722
-5328
-4482
-4551
-7846
-13180
-17794
-18872
-17502
-16538
-15952
-14605
-13039
-13237
-13444
-11896
-7930
-4878
-4827
-5958
-5522
-1995
2560
5902
7969
8499
7586
5877
5320
6668
8080
8241
7563
6576
4858
3313
2943
3397
2388
-838
-3837
-5027
-4173
-2849
-1596
-1173
-1997
-2845
-3195
-3148
-3622
-3341
-2304
-1298
-487
1294
3703
4864
4842
4470
4198
3772
4275
5823
6483
5989
5380
5145
4346
3092
2065
731
-1116
-2515
-2847
-2942
-2832
-2481
-2753
-3939
-4734
-4359
-4083
-4698
-4925
-4478
-3961
-3661
-3067
-2042
-1852
-2113
-2542
-2686
-2888
-2616
-2349
-2130
-2820
604
9601
19057
21230
14362
9638
10300
12849
11371
9558
11607
14946
13349
8648
6535
8602
9201
3155
-5063
-9437
-9369
-8515
-9257
-8938
-8409
-10808
-14687
-17653
-17369
-16231
-15641
-15103
-14561
-13904
-12282
-8859
-4075
-837
-810
-1996
-2183
-515
1961
4626
8113
10344
10081
8346
7665
9015
9162
7137
4570
2995
1943
608
115
692
564
-1879
-5161
-7522
-7583
-6604
-5451
-4498
-4456
-3961
-2951
-885
582
762
839
684
548
848
2997
5776
7191
7009
6836
7002
6897
6810
6240
5118
3769
3143
2979
2297
1973
1455
-202
-2653
-4119
-4316
-4830
-5361
-5538
-5571
-5420
-4350
-2982
-2370
-2487
-2694
-2644
-2929
-2287
-1034
-244
119
182
520
286
181
43
-320
-1210
-1931
-3351
510
9409
18115
18308
11772
10851
12922
12396
7136
5886
9938
10737
5765
2172
5218
9939
8093
-197
-6146
-7051
-8284
-12332
-14903
-10740
-7804
-11047
-15571
-15035
-10390
-10195
-12904
-14440
-13249
-11795
-11259
-8627
-3341
1720
3042
1774
1288
3118
4810
5277
6090
6642
6622
5958
6632
8186
8033
7220
5160
2415
-1101
-3131
-2652
-2276
-3488
-5361
-5784
-5467
-5154
-4730
-3433
-2500
-3264
-3687
-2478
221
2577
3817
4268
3699
3913
4706
5396
5500
5673
5802
5017
4766
5712
6624
5672
4019
2464
980
-59
-423
-702
-2250
-3646
-4340
-4828
-4984
-4597
-4124
-5060
-5937
-5187
-3555
-2138
-1092
-274
-365
-521
6
989
1440
1710
1759
1280
961
1017
1106
459
-282
-612
-1814
-2989
-4535
-1936
6186
13859
15503
10254
10123
12909
12139
7114
5569
9920
9312
3063
-494
4431
9945
7879
1095
-2494
-2392
-6004
-12426
-14884
-10170
-8045
-13457
-17106
-13783
-7840
-8689
-11894
-11361
-9562
-10476
-13346
-10897
-4552
175
459
-104
2421
5562
6488
6037
7096
7593
5390
2736
2863
5335
6240
6029
4943
3412
1193
-1023
-1868
-3224
-4699
-6429
-7516
-7679
-6622
-4513
-2458
-929
-784
-723
-121
2530
4604
4995
4620
4350
4923
4752
5837
7089
7298
6143
4814
4725
4538
4427
3698
2307
673
-29
-158
-630
-1026
-1758
-2916
-4792
-5537
-5253
-5115
-5129
-5406
-5080
-4459
-2900
-1311
-230
410
710
847
771
1498
2207
2205
1451
992
876
866
791
331
-296
-1210
-2221
-3160
-4276
-4687
-5768
-3342
4175
10831
12310
9136
11794
15013
12930
8034
7208
10521
7667
1851
839
6343
9862
6094
1331
745
745
-4955
-11693
-12466
-9363
-11468
-17434
-17578
-12439
-8652
-10441
-10792
-7975
-7093
-9522
-11953
-8858
-4252
-2380
-2570
-664
3908
6783
7422
8262
9707
8761
5735
3413
3165
3595
3454
3296
2204
1254
337
-350
-1246
-2714
-3851
-6001
-7946
-9143
-8517
-6422
-4038
-2204
-1028
540
2330
4092
5704
7816
7700
6038
4992
5967
6783
6263
6588
6660
5584
4249
4313
4400
3002
1457
-73
-1600
-2495
-2244
-2313
-2852
-2758
-3002
-4268
-4810
-3333
-3078
-4439
-5057
-3809
-2861
-2688
-1193
481
1502
1682
1901
2268
2612
2621
1473
122
-80
-159
-1226
-1737
-1311
-1130
-2148
-2939
-3118
-3860
-5054
-6102
-6897
-3403
4022
10092
10935
10032
14388
16436
13716
10121
10952
12597
7451
2133
1605
5660
7027
3425
1230
1700
679
-5580
-10927
-10651
-9706
-14070
-18826
-17746
-13740
-11941
-12236
-9500
-6366
-5705
-7383
-7816
-4752
-2326
-1513
-1559
480
3561
5071
6743
8974
10515
9605
7535
5974
4366
2857
1978
837
-1068
-2352
-2528
-2215
-2702
-3077
-3313
-4441
-6068
-7769
-7682
-6466
-5511
-4953
-3418
620
4353
6604
8204
9904
10140
8266
6904
6676
6117
4405
3437
3719
4330
4537
4856
5011
3973
2028
-196
-1460
-2101
-2794
-3878
-4519
-4142
-3753
-3552
-2920
-1977
-2353
-3857
-4467
-3806
-3021
-2754
-1954
-801
-15
509
1325
2518
3150
2639
1219
216
26
-218
-853
-1588
-1548
-2014
-2758
-3042
-2781
-2577
-3314
-3893
-4523
-5201
-4356
1215
8028
11440
10388
11450
15645
15888
12975
10873
12714
10778
3898
33
1724
5087
3004
-357
-731
-155
-3003
-8308
-9647
-8405
-10133
-15718
-18277
-15813
-12715
-12039
-10818
-7124
-4729
-4751
-5428
-3307
-489
574
389
148
1411
2675
4539
6644
8047
8269
7329
6411
4912
3410
2722
2047
-430
-3620
-5052
-4312
-3895
-4534
-4336
-3727
-4075
-5990
-6534
-4694
-3027
-3377
-4017
-2370
455
3361
6199
9711
11645
11393
10359
9852
10226
9219
7269
4663
3164
2471
1641
1729
2139
2117
161
-1526
-1487
-1320
-2368
-3883
-4656
-5535
-6529
-6386
-4708
-3449
-3341
-3727
-3488
-2486
-1698
-1102
-806
-348
-343
-665
13
1697
2957
2744
2176
2204
2036
1350
627
9
-906
-2347
-3468
-3718
-3364
-3148
-3310
-3528
-3566
-3697
-4173
-4528
-4538
-1376
4151
8327
9001
9111
13241
15798
14491
11996
12520
12980
8056
3040
1965
4486
4169
548
-1299
-533
-462
-4362
-7533
-7287
-7200
-11188
-15590
-15653
-13344
-12465
-12649
-10555
-7706
-5942
-5565
-4468
-1874
-48
443
-232
218
1607
2739
3932
5048
6169
6495
6501
6134
5204
4577
4048
2220
-885
-2860
-2931
-2951
-4118
-4619
-3847
-3340
-4072
-4833
-3703
-2063
-1805
-2828
-2728
-875
342
678
2507
6962
10593
10869
10604
12082
12992
10645
7713
6880
5503
1933
-959
-756
-92
-1173
-2285
-2198
-1952
-2480
-3370
-3962
-3935
-4177
-5532
-6757
-5823
-4133
-4243
-4524
-2857
-992
-1202
-1443
143
1345
648
-212
392
1349
1429
1134
1338
2083
2322
1512
702
876
683
-972
-2751
-3102
-3041
-4215
-5150
-5027
-4269
-4161
-4419
-3811
-3142
-2807
-3663
-2847
1660
7074
9667
9754
12178
15647
16105
14169
13662
14410
12074
6929
3280
3049
3490
1864
-673
-1468
-1473
-3415
-6576
-7872
-7610
-9465
-13151
-15340
-15213
-14486
-13958
-12674
-10723
-8673
-6642
-4893
-2980
-731
1250
2171
2175
2383
3190
4603
5991
6505
6624
7230
7684
6829
5598
5527
5189
2776
-388
-2098
-2700
-3985
-5530
-5928
-5301
-5051
-5725
-5783
-4302
-2642
-2404
-2780
-1933
-400
186
791
2357
5063
6884
8276
10034
11717
12901
11889
10755
9243
7811
5111
1981
260
-1247
-2865
-4649
-4618
-4131
-4322
-4843
-4789
-4507
-4920
-5318
-5527
-5229
-5303
-5376
-5151
-3977
-2288
-1335
-501
498
1747
1952
1836
2353
2771
2417
1511
1461
1882
2047
1819
1600
1439
946
-29
-1042
-1693
-2285
-3249
-4390
-4901
-4858
-4802
-4612
-4109
-3348
-2996
-2920
-2524
-1947
-1581
-1597
239
4107
8514
10415
11640
13909
16206
16377
14512
13995
12783
9855
4971
1949
1227
239
-1641
-3731
-3925
-4525
-6344
-8476
-8969
-9104
-11053
-13646
-14848
-14294
-13825
-12942
-11138
-8532
-6213
-4248
-1774
832
3220
4719
5559
5897
5700
5702
6138
6691
6578
6118
6078
5979
5233
4213
3774
3038
1010
-1774
-3555
-4376
-5530
-6915
-7487
-7022
-6875
-7057
-6397
-4538
-2711
-1988
-1552
-430
830
1658
2276
3671
4919
5841
6878
8074
9712
10946
12167
11489
10295
8827
6727
3800
1005
-474
-3143
-5743
-6951
-6533
-6679
-6789
-5721
-4992
-5013
-4886
-3925
-3753
-3777
-3465
-3163
-2859
-1882
-369
301
1168
2447
3049
2813
3001
3563
2903
1682
1150
987
514
162
188
125
-71
-382
-805
-1291
-1552
-2279
-3438
-4252
-4431
-4560
-4691
-4257
-3418
-2484
-1862
-1000
-347
399
561
193
63
80
1461
3166
5899
8382
10206
11738
12320
13260
12976
12012
9866
7110
4469
1483
-598
-2126
-2872
-3715
-4609
-5125
-5344
-5524
-6082
-6621
-7502
-8602
-10051
-10836
-10759
-10078
-8886
-7770
-6033
-4219
-2078
-51
1894
3750
4686
4903
4570
4512
4468
4359
4191
3981
3645
3253
3050
2870
2627
2055
1153
-217
-1734
-2902
-3999
-4932
-5731
-6139
-6240
-6152
-5384
-4251
-2687
-1289
-238
486
1167
1968
2495
2840
3225
3634
4085
4844
5913
6969
7635
8079
7965
7529
6881
6060
4722
3024
1403
-252
-1850
-3210
-3939
-4409
-4720
-5066
-5018
-4669
-4290
-4003
-3830
-3405
-3171
-2762
-2229
-1420
-578
93
669
1026
1509
1812
1834
1569
1280
925
312
-117
-235
-236
-453
-659
-702
-723
-799
-978
-1209
-1559
-1848
-2186
-2477
-2601
-2477
-2371
-2268
-1931
-1337
-645
-111
357
646
850
922
830
620
456
272
678
1830
3526
4886
6240
8213
9503
9687
9073
9168
8518
6435
3945
2110
855
-1001
-2497
-3233
-3097
-3329
-4008
-4379
-4076
-3953
-4973
-5988
-6537
-6826
-7659
-8012
-7355
-6377
-5468
-4571
-3082
-1503
-38
1189
2179
2885
3086
2943
2729
2562
2302
2000
1874
1810
1551
1422
1579
1576
1027
292
-179
-829
-1797
-2763
-3268
-3564
-4066
-4313
-3945
-2917
-1971
-1272
-340
795
1654
2070
2509
3134
3436
3282
3074
3222
3504
3790
4303
5547
6367
5765
4955
4898
5268
3830
2311
1259
-113
-2076
-3559
-3267
-3540
-3986
-4388
-4238
-4122
-3646
-2988
-2944
-2748
-2476
-2291
-2636
-1684
-444
-76
-191
420
1372
1292
1452
1877
1896
1187
655
509
253
9
-147
-467
-655
-511
-541
-666
-599
-407
-920
-1652
-1769
-1684
-1838
-2124
-2063
-1893
-1807
-1532
-1048
-467
-6
133
208
444
751
735
557
521
490
420
879
1950
3131
4069
4930
6026
6769
7452
7542
7281
6497
5250
3881
2208
1147
20
-951
-1918
-2505
-2837
-3131
-3114
-3212
-3535
-4184
-4805
-5563
-6064
-6288
-6295
-6312
-6087
-5287
-4292
-2994
-1642
-351
678
1429
1886
2011
2170
2425
2314
1900
1641
1617
1605
1403
1427
1363
1117
627
61
-332
-748
-1181
-1817
-2266
-2551
-2744
-2849
-2536
-1930
-1472
-996
-302
585
1203
1716
2288
2661
2807
2816
2821
2860
2823
2774
2679
3108
3992
4074
3336
2848
3067
2482
1097
437
160
-847
-2074
-2170
-1935
-2137
-2176
-1921
-1948
-1878
-1268
-1066
-1289
-1056
-618
-916
-1169
-440
38
-225
-214
353
488
251
447
530
83
-436
-729
-1108
-1413
-1447
-1624
-1825
-1688
-1335
-1234
-1099
-699
-616
-845
-1064
-1028
-1014
-1104
-1036
-950
-645
-374
-144
167
643
1058
1091
1135
1235
1250
987
800
663
517
399
324
577
1238
2208
2863
3373
4172
4916
5065
4862
4818
4514
3680
2728
1948
1223
524
-103
-731
-1143
-1324
-1606
-2074
-2360
-2521
-3002
-3535
-3835
-4047
-4310
-4348
-4115
-3829
-3391
-2697
-2023
-1436
-758
-152
223
421
619
665
537
411
213
-32
-177
-242
-361
-457
-390
-375
-584
-738
-801
-978
-1262
-1412
-1422
-1456
-1419
-1215
-925
-570
-104
384
820
1241
1668
1963
2169
2407
2590
2662
2687
2778
2781
2826
3245
3689
3555
3012
2841
2858
2268
1360
826
404
-393
-1087
-1181
-1218
-1548
-1806
-1880
-1837
-1647
-1394
-1415
-1443
-1109
-899
-994
-783
-156
-11
-273
-188
149
127
-51
3
-113
-360
-557
-709
-941
-1039
-1065
-1387
-1548
-1355
-1271
-1430
-1407
-1162
-1188
-1277
-1107
-907
-810
-704
-526
-396
-152
123
271
423
690
937
974
1085
1272
1330
1194
1054
1008
918
793
603
511
552
628
670
855
1311
1748
2029
2296
2678
2893
2861
2721
2521
2248
1840
1390
916
550
234
-133
-457
-627
-726
-986
-1223
-1374
-1504
-1707
-1898
-2005
-2111
-2141
-2149
-2089
-1910
-1610
-1423
-1341
-1150
-979
-972
-1023
-950
-948
-1081
-1196
-1222
-1215
-1219
-1209
-1241
-1178
-1034
-951
-926
-807
-649
-661
-664
-502
-323
-260
-170
38
245
440
678
973
1254
1481
1682
1882
2044
2094
2089
2070
2021
1921
1794
1668
1565
1494
1407
1325
1298
1258
1083
847
672
494
243
43
-30
-101
-217
-254
-192
-121
-49
35
88
72
11
-54
-103
-154
-250
-391
-503
-599
-726
-839
-902
-1007
-1205
-1418
-1563
-1653
-1711
-1722
-1667
-1552
-1410
-1274
-1096
-814
-552
-425
-342
-208
-86
-13
82
217
342
418
481
576
688
763
782
791
747
615
477
417
376
333
359
424
487
589
731
880
1077
1342
1530
1619
1745
1900
1948
1902
1867
1765
1539
1259
988
691
377
98
-170
-466
-711
-851
-1001
-1227
-1412
-1487
-1569
-1675
-1704
-1673
-1680
-1724
-1752
-1755
-1699
-1610
-1609
-1647
-1581
-1449
-1395
-1352
-1227
-1120
-1102
-1069
-966
-852
-733
-613
-507
-377
-190
-34
85
234
414
577
734
870
976
1077
1156
1182
1194
1256
1285
1263
1283
1348
1386
1411
1432
1418
1385
1360
1300
1188
1081
955
786
639
543
422
272
168
84
-35
-107
-84
-48
-68
-82
-50
-16
10
47
81
79
31
-31
-68
-82
-113
-204
-338
-470
-587
-688
-763
-825
-906
-1018
-1140
-1207
-1217
-1223
-1254
-1302
-1332
-1334
-1279
-1163
-1007
-817
-635
-481
-291
-6
291
516
689
831
922
983
1046
1093
1098
1072
1021
955
942
996
1009
953
880
788
646
496
371
214
-2
-202
-351
-446
-456
-363
-207
-63
69
221
382
499
571
597
551
446
342
262
203
181
194
182
130
93
80
27
-80
-213
-374
-572
-774
-950
-1105
-1218
-1302
-1402
-1502
-1539
-1499
-1466
-1449
-1404
-1320
-1245
-1181
-1059
-875
-710
-603
-479
-303
-133
-4
119
237
313
378
468
562
642
726
786
801
809
816
791
731
674
606
530
496
511
519
540
607
679
716
732
754
770
769
747
717
709
726
736
759
818
867
861
819
772
726
673
587
476
380
306
216
112
44
-16
-135
-308
-462
-572
-696
-833
-926
-959
-998
-1045
-1068
-1057
-1050
-1087
-1128
-1155
-1164
-1157
-1113
-1026
-894
-724
-543
-358
-162
16
170
327
463
531
605
746
844
854
887
947
901
744
586
421
230
39
-151
-301
-356
-352
-359
-287
-106
60
160
277
414
478
482
461
402
309
223
124
16
-48
-86
-137
-169
-160
-169
-205
-248
-302
-380
-457
-536
-641
-736
-801
-857
-896
-892
-865
-838
-793
-729
-649
-555
-448
-350
-255
-133
-11
84
179
288
369
419
454
477
492
492
477
456
443
439
422
417
439
452
438
445
453
436
423
426
425
418
443
472
498
548
597
617
635
662
648
606
575
529
441
360
294
202
107
32
-51
-133
-193
-246
-307
-337
-342
-365
-384
-383
-381
-400
-422
-435
-447
-456
-448
-433
-414
-373
-334
-303
-277
-258
-259
-280
-309
-346
-395
-438
-469
-493
-489
-458
-409
-350
-281
-205
-135
-83
-38
6
44
77
113
165
222
273
319
357
377
365
328
279
220
156
96
53
37
37
49
68
94
114
112
96
75
46
23
12
17
38
75
122
178
233
270
299
305
294
267
229
186
138
96
59
28
2
-22
-45
-76
-108
-153
-202
-257
-311
-360
-398
-417
-417
-396
-362
-312
-254
-195
-146
-100
-74
-55
-32
-19
-6
11
39
72
102
132
154
165
161
149
129
99
65
33
7
-13
-26
-24
-10
9
40
79
125
175
221
261
289
309
311
301
286
261
231
199
172
152
142
138
144
160
170
181
192
194
184
170
148
121
95
66
35
2
-29
-73
-123
-186
-253
-321
-392
-458
-510
-547
-575
-583
-578
-564
-541
-522
-507
-494
-482
-468
-449
-420
-368
-302
-219
-120
-14
95
197
279
340
374
380
368
343
303
266
231
208
190
169
152
131
101
67
37
10
1
8
36
83
147
218
284
345
399
437
463
479
488
493
493
487
475
456
414
362
292
213
128
32
-62
-148
-229
-296
-354
-409
-458
-507
-549
-589
-625
-645
-656
-656
-643
-609
-558
-503
-437
-368
-295
-230
-172
-123
-76
-28
8
43
72
100
131
151
165
169
162
154
137
119
109
107
118
140
172
212
260
302
339
367
386
388
388
386
381
383
386
395
400
407
400
383
353
308
244
165
81
-1
-78
-148
-202
-238
-257
-255
-254
-255
-259
-272
-296
-331
-370
-411
-444
-464
-473
-467
-443
-409
-365
-323
-290
-267
-255
-249
-253
-254
-251
-236
-205
-166
-126
-72
-12
41
95
141
179
204
224
238
249
267
288
318
349
385
416
436
446
441
423
399
365
321
279
231
189
149
113
89
72
51
32
10
-14
-42
-66
-89
-107
-115
-118
-117
-112
-106
-107
-107
-109
-118
-122
-127
-133
-145
-155
-162
-164
-158
-148
-144
-145
-149
-158
-166
-170
-176
-179
-175
-168
-154
-135
-115
-88
-59
-30
-1
30
52
74
94
112
129
150
171
188
206
211
203
193
176
153
124
94
73
57
44
42
47
58
75
87
99
105
99
85
67
43
13
-19
-46
-64
-76
-88
-91
-92
-96
-95
-103
-111
-123
-137
-148
-153
-153
-153
-136
-111
-78
-38
0
39
73
96
106
100
87
66
39
8
-12
-30
-40
-44
-45
-38
-24
-12
-10
-8
-6
-9
-16
-25
-29
-37
-35
-36
-30
-16
3
23
44
67
80
91
95
92
86
71
54
39
26
19
8
4
2
-3
-9
-11
-22
-27
-35
-41
-44
-45
-42
-34
-20
-1
18
33
49
58
66
64
62
58
50
42
37
37
39
44
48
56
57
48
36
13
-12
-34
-58
-72
-79
-77
-63
-39
-12
7
32
47
49
45
31
14
-12
-31
-47
-61
-70
-71
-69
-66
-62
-59
-61
-69
-77
-88
-100
-110
-110
-103
-90
-75
-53
-26
-5
22
43
64
76
81
88
90
88
86
82
77
74
77
76
75
81
81
78
74
64
60
46
35
22
9
2
-5
-8
-6
-2
-2
1
6
6
3
2
-2
-6
-16
-25
-35
-46
-55
-61
-73
-81
-86
-98
-102
-103
-103
-100
-91
-85
-76
-67
-64
-60
-54
-47
-38
-30
-14
1
15
34
53
71
84
94
100
101
97
91
89
79
71
66
64
63
58
57
57
53
46
41
33
22
12
4
-8
-13
-15
-20
-18
-13
-8
-5
-1
0
-5
-7
-9
-14
-15
-22
-26
-27
-27
-28
-34
-35
-36
-39
-41
-40
-46
-53
-53
-58
-56
-52
-51
-44
-36
-24
-17
-8
1
4
3
3
3
-1
-1
-1
4
11
18
25
31
36
38
41
42
43
42
46
48
53
62
69
73
74
80
81
79
74
66
54
41
29
18
12
5
-1
-4
-15
-22
-37
-46
-61
-74
-88
-99
-108
-112
-109
-107
-99
-92
-76
-69
-60
-48
-39
-31
-27
-22
-16
-10
-6
-3
3
7
12
19
23
25
26
24
23
21
16
10
7
4
2
3
7
10
19
26
31
42
49
53
56
58
54
55
49
48
45
43
47
43
43
37
33
26
23
11
1
-5
-13
-21
-22
-25
-27
-27
-27
-25
-25
-24
-26
-22
-19
-20
-19
-22
-20
-16
-19
-15
-11
-7
-3
-3
3
7
7
7
3
3
1
-3
-4
-6
-7
-6
-3
0
3
6
9
3
0
1
1
-3
-5
-6
-7
-9
-9
-9
-5
-5
-8
-4
-7
-8
-9
-5
-4
-3
-3
-4
0
4
2
0
4
4
7
8
11
12
10
12
10
10
14
15
14
10
9
8
3
1
0
1
-2
0
0
0
2
-3
-1
-3
-8
-7
-9
-11
-8
-10
-10
-9
-7
-5
-4
-4
-5
-4
-2
-1
0
-2
-2
0
-3
0
-2
0
-4
-5
-4
-3
-4
-4
-2
0
1
-1
2
5
8
7
9
8
12
15
9
8
4
10
11
10
15
12
16
16
16
15
14
12
8
5
2
4
0
2
0
-1
3
0
-3
-5
-10
-14
-13
-14
-19
-20
-20
-20
-18
-15
-9
-8
-6
-6
-4
-2
-1
-1
-2
-2
-2
0
-2
-4
-5
-4
-1
-1
2
4
3
5
3
3
2
0
2
5
10
9
6
9
11
14
14
14
13
11
9
8
6
4
9
6
7
10
4
6
7
6
4
6
3
-3
-8
-9
-11
-11
-12
-12
-11
-11
-8
-10
-9
-6
-7
-10
-13
-11
-11
-12
-12
-11
-7
-6
-5
-4
-5
-2
-1
-1
-2
-6
-5
-1
-3
-2
-1
1
3
0
-1
2
4
5
6
4
6
5
7
9
10
13
10
11
11
11
12
10
11
10
11
12
9
6
7
4
2
3
3
0
-2
1
-3
-3
0
-1
-3
-4
-2
-5
-5
-6
-8
-7
-8
-8
-7
-5
-7
-3
-3
-1
-1
-4
-5
-5
-1
-1
2
-1
0
2
1
1
-1
2
0
2
6
5
3
4
7
6
5
6
5
7
3
6
4
4
1
-2
-1
-4
-3
-2
1
1
0
1
-3
-3
0
-1
-4
-4
-4
-3
-3
-6
-7
-4
1
-4
-4
-5
-6
-8
-8
-2
-2
-3
-5
-4
-4
-6
-6
1
1
4
7
4
3
3
1
0
2
0
0
-2
-3
0
3
3
3
5
3
3
1
2
2
3
3
2
2
3
2
5
3
3
4
6
2
3
2
-1
0
-4
-4
-5
-6
-7
-7
-8
-6
-4
-3
0
0
0
1
4
0
0
3
2
3
3
3
4
3
2
3
4
3
4
5
4
4
6
2
1
2
3
1
-2
-1
-2
3
6
4
3
3
1
1
0
-1
-4
-1
-1
1
5
2
-3
-2
1
0
-3
-2
-4
-6
-5
-7
-8
-6
-8
-9
-8
-6
-7
-9
-8
-9
-8
-10
-8
-8
-1
2
2
3
6
5
6
6
8
9
11
6
9
8
5
5
1
2
3
6
3
3
3
1
3
2
-1
-4
-2
-2
-7
-3
-2
-1
0
2
0
1
0
-2
-1
-4
0
2
-1
-4
-1
-2
-1
3
1
3
2
0
-2
-5
-3
-4
-6
-7
-3
-8
-5
-9
-5
-4
-5
0
-3
5
0
4
2
2
2
1
7
5
12
10
14
13
12
16
15
20
12
14
11
6
4
1
-2
-3
-5
-7
-2
-2
-4
-2
-5
-8
-3
-8
-11
-11
-11
-8
-4
-6
-9
-7
-6
-4
-1
-4
-1
3
0
4
4
7
6
4
2
-4
-6
-4
-4
-6
-3
-4
-3
-3
-5
-5
-6
-6
-7
-6
-5
0
0
0
3
4
7
8
9
12
11
11
10
8
10
10
9
8
7
10
5
0
-2
-5
-6
-5
-6
-7
-5
-7
-8
-6
-8
-3
-1
-3
-1
-5
-3
-2
-2
0
0
1
1
-1
-2
1
3
-3
2
3
1
2
1
0
-3
-2
-3
-4
-5
-5
-3
-4
-6
-3
-3
-1
-2
1
1
2
2
2
2
6
6
5
8
8
11
5
6
4
1
2
3
3
1
-1
-2
-1
1
-3
0
-1
-2
-3
0
3
-3
1
0
-2
-1
-2
0
-1
-1
-2
3
0
1
-2
-2
-1
-3
-4
-4
-3
-2
0
1
2
1
2
0
0
2
1
1
1
2
3
3
-1
1
4
3
3
3
2
2
1
-1
-4
-1
0
-3
1
-1
-1
0
2
-1
-3
-1
-5
-4
-6
-7
-5
-4
-5
-4
-3
-2
4
3
3
0
2
-1
0
4
6
5
3
3
2
3
1
3
0
-2
-2
-3
2
1
-1
-1
-2
-1
1
0
0
0
0
-2
-6
-3
-3
-2
-2
-1
4
6
4
0
1
1
-2
1
4
1
0
-2
-3
0
-2
-3
-1
-2
-2
-3
-1
-3
-4
-3
-2
-2
-2
-1
-2
-1
1
5
4
3
4
2
3
3
3
2
4
5
5
6
3
3
6
6
7
7
6
4
3
0
1
-1
1
-1
-1
-1
0
-3
-8
-4
-6
-3
-4
-7
-7
-6
-5
-5
-3
-4
-4
-6
-7
-2
-1
0
-2
0
3
3
3
4
4
3
4
3
3
-1
1
-2
-1
-2
1
2
-1
-2
-4
-2
-2
-1
0
-1
-2
0
1
0
-1
0
2
3
3
2
4
3
3
3
4
5
3
2
-1
0
3
2
2
2
-1
-2
-2
-1
-4
0
4
-3
-1
-1
-3
-3
-3
-5
-2
-4
-5
-3
-6
-3
-1
-4
-5
-3
-5
2
1
-1
0
2
0
-1
1
0
2
1
1
1
0
-2
1
3
2
3
4
5
6
4
5
4
5
4
3
-1
-3
-1
0
1
3
4
2
-1
-3
-3
0
-1
-3
-4
-2
-3
-4
-5
-4
-4
-3
-2
-1
-2
-3
-1
0
2
0
2
1
0
-1
2
2
0
3
1
3
0
-1
1
0
2
3
5
1
1
3
2
3
-2
-2
-2
-3
-1
0
2
3
4
1
5
5
2
6
1
0
0
-2
-2
-1
-2
-2
-3
-4
-1
0
-2
-5
-1
0
2
-2
-2
-1
-4
1
-1
-2
-3
1
-1
1
0
-4
-1
1
1
0
2
3
1
-2
2
2
2
2
-1
-1
0
1
1
-2
-3
-6
-9
-7
-5
-6
-2
-5
-6
-4
-5
-7
-6
-2
-3
-2
1
0
3
2
2
3
4
6
6
3
2
4
4
1
5
7
4
4
5
4
3
1
0
2
2
1
-2
-3
-1
-1
-2
-1
-1
0
3
2
0
2
4
5
7
4
5
5
8
4
5
1
-2
0
-1
0
-1
-3
-3
-4
-3
-4
-4
-3
-3
-4
-3
2
-2
-1
-1
-2
-3
0
1
-1
-4
-5
-1
0
-4
0
-3
-3
-1
-1
-4
-3
-3
-7
-4
-3
-3
-6
-3
-1
-4
-4
-1
0
3
2
2
4
0
0
5
3
2
1
1
5
4
3
5
7
4
3
3
1
1
4
3
2
-2
-4
-3
-2
2
1
1
2
-1
0
0
2
0
1
2
-2
1
-3
0
1
-2
-1
-2
-1
-6
-4
-1
-1
-1
0
-1
-2
-1
0
1
-2
0
1
0
0
0
2
2
0
3
-1
0
1
3
-1
2
3
3
4
2
3
1
5
3
3
3
-1
-2
-3
-6
-1
-2
-4
-3
-5
-1
-2
1
-1
1
0
1
3
1
1
0
3
-1
0
0
0
-1
-3
-2
-3
-2
-2
-1
0
0
0
-1
1
1
-2
-1
0
0
1
0
1
1
3
4
4
3
6
5
4
2
2
3
-2
0
0
-1
-4
-4
-5
-2
-7
-10
-2
-5
-3
-5
-1
-3
-4
-2
-2
4
0
1
2
2
1
0
-1
-4
-4
0
-1
0
2
3
0
3
3
-1
2
4
1
1
2
4
6
1
1
2
3
1
-2
0
-1
0
1
0
-2
-3
-2
-2
3
1
1
4
4
0
5
2
3
4
1
0
-1
4
0
1
0
-4
0
-1
-3
0
-3
-3
-5
-2
-3
-3
-2
0
-2
-1
2
2
1
2
0
-1
0
-1
-3
-2
-3
-4
0
0
1
0
0
-1
1
1
2
-1
-3
1
-1
-2
-1
-1
-2
-5
-3
-1
-1
-1
3
5
5
2
-1
2
2
4
-1
0
-1
0
-2
1
4
2
3
4
2
2
1
-3
-3
-3
4
2
1
3
3
3
1
1
-2
2
3
-2
-1
-4
-10
-6
-5
-1
-2
-5
0
1
1
1
0
0
3
2
1
1
-1
-1
-2
1
-1
-1
3
0
-1
0
-1
0
0
2
-2
1
1
-3
0
-1
0
3
5
1
-2
0
-2
-1
0
-1
-1
-3
0
-1
2
1
0
1
-3
0
3
3
3
0
-1
-2
0
-3
-1
-1
1
1
3
1
0
1
2
1
-3
-1
-2
-1
-1
1
0
0
0
0
1
-1
2
-2
0
1
-2
0
3
2
-2
-4
-1
-1
-3
-1
-1
-3
-4
-4
1
-1
0
3
2
-1
2
1
-1
0
1
0
-2
3
3
2
1
-1
1
0
-2
-1
-2
1
0
2
-2
-2
0
0
3
1
-1
-1
1
3
4
2
3
1
0
-1
0
0
-2
-1
-2
-1
3
3
1
3
3
-1
-1
-1
-1
-1
0
0
0
-1
-2
0
0
0
-1
0
2
2
-1
-1
-1
-1
1
2
4
2
-4
0
-1
-2
-1
-1
-3
-2
1
1
3
4
0
-5
-3
-3
-1
-2
-4
-1
1
4
0
1
2
-1
1
0
0
-3
-2
-3
-2
-2
1
2
1
4
2
-2
2
1
1
2
1
0
0
2
0
1
0
-2
1
2
2
2
-1
0
0
1
2
0
-5
-4
-2
-2
-4
-6
-3
-2
-1
2
0
1
-1
1
2
3
6
4
5
5
5
2
5
1
1
1
1
3
0
-1
-1
3
-1
2
4
1
1
2
1
0
0
-1
-1
0
0
-4
-4
-3
-5
-4
-4
-3
-2
-3
-1
-4
-2
-3
-5
-4
-5
-4
-2
-1
3
1
-2
2
0
0
3
0
-2
0
1
1
0
-4
-2
-1
1
0
1
1
2
1
4
6
1
0
-3
-2
2
-1
0
0
-1
1
3
4
4
5
7
3
5
6
5
1
2
1
-2
1
-1
-2
-1
-1
0
1
-2
-2
-3
-3
1
0
-2
1
-1
