SAMPLES:	8484
BITSPERSAMPLE:	16
CHANNELS:	1
SAMPLERATE:	16000
NORMALIZED:	FALSE
0
0
2
0
0
-1
1
1
1
1
2
1
0
-1
0
-2
-2
0
1
-2
-1
0
1
0
2
3
-3
-1
0
0
-2
1
-1
-1
0
-2
-2
-2
-1
-1
0
-1
-2
-1
-1
0
1
2
0
2
1
1
1
2
1
-2
-2
-2
-2
1
-2
-1
-1
-2
1
1
2
1
2
3
3
1
0
0
-1
1
0
0
2
4
2
1
1
-2
-1
0
1
1
-2
-2
-2
-2
-1
0
1
-1
-1
-1
0
-2
-1
-3
2
3
1
1
2
3
1
4
2
0
0
-1
-2
-1
1
-2
-1
-2
0
0
0
-1
-1
-1
-1
-1
-2
-3
-3
-2
-3
-1
-2
-3
-1
1
1
0
1
0
2
1
2
-1
0
0
0
-2
-2
0
0
-1
-1
2
3
2
0
0
0
3
3
2
0
1
0
0
5
4
1
2
0
1
3
-1
0
-3
-4
-2
-2
1
0
2
-1
0
2
0
4
0
1
2
-2
-1
1
0
-1
-1
-2
-2
-1
0
-2
-2
-1
-3
0
0
0
-1
0
-1
-2
-1
-2
-1
-1
0
0
-1
2
2
1
2
2
2
3
-1
0
0
-2
-1
-1
-2
0
1
-3
-2
0
2
2
1
0
1
3
2
-1
0
2
0
3
-1
-1
0
0
-2
-2
0
-2
-2
-2
-2
0
0
1
-1
-3
-1
-1
-1
3
1
3
1
-2
-1
-2
1
1
0
1
0
-3
1
2
1
-2
-2
2
-1
-2
-1
-1
-3
-1
-2
0
-1
-1
1
1
-3
-4
-1
1
0
1
1
3
2
3
3
5
1
4
1
-1
-1
0
2
1
2
0
2
0
1
2
0
0
1
2
-1
-1
-1
-1
0
0
1
2
1
0
0
0
0
-1
0
1
-1
0
-2
-4
-2
-4
-2
-2
-2
-1
-1
-4
-3
-2
-2
-3
-1
-1
-2
-1
-2
-1
2
1
0
1
1
1
0
1
3
1
2
2
-1
2
3
0
1
0
0
2
0
0
2
-1
0
0
-1
0
0
1
1
0
0
0
1
-1
1
2
-1
0
0
1
1
3
1
-2
-1
-1
-1
-3
0
-2
-2
-1
-3
-1
-1
0
-1
1
-1
-1
1
-1
-2
0
3
2
1
0
-1
-2
1
-1
-2
1
0
2
2
0
1
0
0
2
2
-1
-3
0
0
2
1
1
0
2
2
0
1
0
1
2
0
-2
-3
-3
2
1
3
2
-2
0
0
-1
0
-2
-2
-3
-1
2
1
-1
0
2
0
0
1
-1
-2
-1
-2
-4
2
0
-2
0
0
0
-1
-2
-1
-1
-2
0
0
-2
-1
-3
0
-2
-3
-3
-3
-2
0
0
0
-1
-1
2
3
2
2
5
0
1
1
2
0
0
0
2
3
0
1
2
2
0
-1
1
1
4
4
2
0
-2
-1
-2
-1
-1
-3
-4
-5
-3
-3
-4
-2
-2
-2
2
3
3
3
0
2
3
2
2
1
3
1
2
0
-1
1
2
4
3
1
1
0
-2
0
0
2
2
-1
0
0
-2
-3
-4
-5
-3
-4
-4
-2
-3
-2
-3
-2
0
-1
1
1
-2
0
-1
1
0
0
1
-1
1
-1
1
4
3
4
3
5
5
3
2
3
2
3
3
2
0
0
-1
0
-2
-5
-4
-1
0
-1
0
1
2
-1
-1
1
0
0
-1
-2
-1
-1
-2
-2
-3
0
3
-1
-1
0
0
0
0
-2
-1
-2
-3
-2
0
-1
-2
-1
-3
-1
-2
-1
-2
-1
0
-2
3
3
0
-1
4
1
-1
0
-1
2
4
4
3
0
-1
-2
1
1
-1
0
3
3
2
3
1
1
-1
1
2
0
-2
1
3
1
1
0
0
-1
1
0
-1
-1
-2
-2
0
-2
-5
0
-1
-2
-3
-1
0
-1
0
-1
-3
-3
-5
-4
-2
-1
1
1
0
0
-1
-1
1
-1
0
2
1
0
1
1
1
4
3
1
1
1
2
2
1
0
0
2
2
3
1
0
1
2
1
1
0
2
0
0
1
-1
1
-2
-2
0
-1
-1
-3
0
-3
-2
-1
-1
-2
-3
-1
1
1
-1
-1
1
0
0
1
0
-2
-1
0
0
0
-1
1
0
0
2
1
0
3
2
1
2
2
2
0
3
-1
-1
0
-2
-1
-2
-1
0
-1
-1
-2
-1
-1
0
-2
-1
0
-1
-1
-2
-3
-1
0
-2
-2
0
2
2
2
2
1
-1
1
3
2
1
1
1
0
-1
-2
-3
-1
1
0
-1
1
1
1
1
2
2
-1
0
-2
1
1
1
0
1
1
2
2
1
0
0
0
-2
-1
-2
-2
-2
0
0
1
-1
-1
-2
-1
0
-1
-3
-2
0
0
-2
-2
0
0
-3
1
1
0
0
-1
0
-1
-1
1
2
-1
-1
2
0
-1
1
2
5
1
1
3
2
5
4
4
4
3
2
-2
-3
0
-2
-2
0
-5
-2
0
-4
-1
-1
2
0
-2
-2
-2
0
-2
-3
-3
-3
0
-3
-3
-2
-2
-1
-3
-1
-2
-2
-1
-1
-1
-3
-1
1
4
2
3
1
1
2
2
1
0
1
0
3
0
2
0
1
3
2
2
0
2
2
3
5
2
0
2
-1
0
-1
-3
-3
-3
1
2
1
1
-2
-1
-4
-4
-1
-1
1
2
0
-1
1
1
-1
0
1
-1
0
-3
-2
2
1
0
2
1
0
1
-1
-3
-1
0
-2
-1
-1
0
3
2
-1
1
1
1
1
-1
-3
-3
0
1
1
2
0
2
-1
1
0
-3
-2
-2
-2
-2
-1
-1
-1
1
2
2
1
2
0
0
3
2
0
2
2
1
3
3
3
2
0
0
-3
-2
1
2
0
-1
0
2
2
1
1
1
1
4
3
1
2
2
-1
0
0
3
0
-1
-1
-4
-1
-1
-2
-3
-1
-2
-5
-10
-5
-2
-4
-5
-3
-2
-1
-1
1
-1
-2
1
2
0
-1
3
0
0
0
-2
-2
1
1
0
-1
-1
0
1
-1
2
1
0
3
4
4
4
3
1
2
1
-2
0
-1
1
0
0
2
3
3
3
2
1
-1
1
1
1
1
-2
-5
-4
0
0
2
1
1
2
0
0
0
0
-2
-3
0
-4
-3
2
0
2
0
0
-2
-2
-1
-1
-2
-2
1
3
3
1
-1
2
-1
-1
1
2
2
0
2
-2
0
1
2
1
0
-1
1
2
2
1
1
1
0
0
-3
-2
-1
2
-1
0
-2
0
2
1
-1
-6
-4
-1
0
1
0
0
0
0
-4
-2
1
-1
0
-3
0
-1
-3
-1
-1
-1
-2
0
1
1
-3
-2
0
-3
2
0
1
0
0
1
1
4
1
2
4
3
2
1
2
2
1
1
1
0
0
-1
1
0
2
0
0
-2
0
1
1
-1
-1
0
-1
-2
-1
0
0
1
2
-1
0
1
1
1
0
-2
-4
-2
-1
1
1
1
0
1
2
1
1
1
1
2
6
4
1
4
4
3
3
1
2
1
1
1
0
0
0
0
2
-1
-1
-1
-1
0
-1
-1
-5
-7
-4
-4
-2
-1
-3
-5
-5
-2
0
-2
-4
-2
-2
-2
-2
-3
0
-1
-2
-3
-1
0
2
4
1
-2
-1
0
-3
-3
-2
-2
-2
-3
1
1
-1
-1
2
1
2
3
2
2
4
3
2
3
1
3
2
2
3
3
2
0
2
1
-1
1
1
2
1
2
3
0
2
2
5
3
1
4
2
1
-2
-1
0
-1
-1
1
2
2
0
0
-1
1
-1
-2
0
-2
-3
0
-1
-1
1
-1
0
-1
1
1
0
1
1
1
0
-1
-2
1
1
1
-1
-3
-1
0
0
-1
3
3
3
3
2
-2
-3
0
0
-1
0
0
-1
-1
-1
1
1
-1
-4
-2
-1
-3
-2
0
-4
-2
-4
0
-4
-3
-2
-5
-5
-6
-5
-4
-1
0
1
-1
-2
0
1
-1
-2
-2
-2
0
0
0
2
1
-2
-1
-1
-1
1
2
2
1
0
3
2
2
2
2
1
1
2
3
1
3
4
-1
2
0
-1
0
3
4
4
4
2
2
1
1
-1
0
2
4
2
3
3
3
5
6
2
4
1
-1
1
-1
0
0
-1
-2
1
0
-1
0
-1
1
1
-1
0
-1
0
0
1
3
4
4
5
3
1
3
2
2
2
1
0
0
1
1
0
-2
-1
0
-1
-2
-1
-4
-2
-2
-2
-3
-2
-6
-6
-5
-5
-6
-5
-5
-6
-4
-4
-5
-7
-4
-7
-5
-7
-7
-8
-9
-4
-7
-7
-6
-5
-2
-5
-6
-7
-5
-3
-3
-2
-2
-1
0
-1
0
0
-1
-1
1
4
5
7
6
4
5
5
7
7
6
4
7
8
6
8
9
8
9
9
9
7
6
5
5
7
6
4
3
7
6
3
3
0
4
3
2
0
2
2
3
2
1
2
-1
1
1
-4
-4
-1
-1
-2
-3
-3
-3
-2
-2
1
0
1
2
3
5
4
4
3
2
4
2
3
1
5
6
5
7
5
5
6
3
3
1
2
4
1
1
-4
-2
-1
-1
-4
-9
-10
-11
-10
-14
-16
-16
-17
-17
-18
-19
-18
-21
-20
-23
-23
-21
-22
-23
-21
-22
-21
-21
-20
-18
-19
-16
-14
-14
-12
-7
-8
-5
-1
0
0
2
4
7
11
12
14
14
16
17
19
20
19
21
24
25
25
26
27
24
27
26
27
27
27
25
24
22
22
22
20
22
18
19
16
13
9
10
12
9
6
3
2
1
0
-5
-8
-10
-11
-15
-20
-21
-23
-26
-30
-37
-40
-40
-39
-37
-38
-41
-39
-34
-28
-23
-14
-9
0
14
27
39
59
75
89
104
116
126
148
164
170
176
176
171
175
171
152
129
101
72
39
0
-41
-89
-134
-188
-244
-294
-343
-388
-426
-478
-532
-555
-573
-588
-589
-616
-627
-600
-578
-547
-515
-495
-458
-401
-350
-297
-243
-197
-141
-81
-22
36
96
151
205
255
303
338
386
434
461
486
507
524
560
592
600
612
617
620
648
659
649
647
635
628
642
633
611
597
571
562
562
534
504
473
433
401
371
316
263
199
134
66
-8
-88
-167
-250
-331
-424
-510
-583
-655
-711
-766
-834
-868
-877
-876
-846
-811
-772
-680
-561
-426
-268
-87
107
316
521
724
906
1096
1258
1364
1441
1462
1438
1416
1333
1180
1004
793
571
336
73
-193
-455
-700
-945
-1196
-1411
-1595
-1769
-1900
-2045
-2200
-2279
-2345
-2383
-2403
-2391
-2357
-2303
-2224
-2121
-1988
-1836
-1650
-1429
-1192
-936
-673
-406
-127
145
404
643
861
1056
1221
1359
1472
1561
1628
1668
1705
1734
1752
1758
1756
1743
1714
1668
1608
1538
1450
1343
1217
1090
959
831
709
605
513
434
372
328
292
266
238
207
167
119
78
10
-62
-137
-214
-283
-343
-388
-422
-447
-453
-444
-432
-417
-395
-371
-361
-359
-367
-394
-427
-468
-513
-568
-614
-651
-676
-686
-683
-667
-634
-604
-569
-545
-530
-534
-581
-654
-751
-860
-960
-1034
-1074
-1051
-932
-710
-377
60
582
1168
1786
2393
2960
3455
3845
4095
4186
4116
3897
3543
3078
2534
1937
1308
686
103
-425
-878
-1250
-1543
-1774
-1949
-2080
-2173
-2249
-2329
-2422
-2542
-2687
-2853
-3028
-3201
-3357
-3488
-3585
-3621
-3582
-3456
-3242
-2941
-2565
-2127
-1642
-1121
-583
-53
443
889
1268
1570
1799
1951
2032
2051
2010
1932
1833
1728
1634
1561
1520
1507
1527
1579
1658
1755
1851
1935
2002
2036
2028
1973
1871
1723
1530
1299
1052
800
544
303
95
-81
-225
-327
-386
-417
-430
-433
-432
-437
-453
-479
-528
-597
-678
-764
-853
-939
-1006
-1057
-1094
-1110
-1103
-1074
-1042
-993
-937
-884
-837
-792
-746
-704
-658
-608
-546
-480
-400
-308
-216
-132
-59
-9
5
-26
-100
-219
-379
-558
-737
-892
-997
-1018
-935
-721
-352
161
785
1493
2278
3079
3824
4466
4996
5372
5534
5468
5204
4762
4154
3420
2613
1765
913
97
-633
-1270
-1799
-2211
-2520
-2746
-2911
-3019
-3092
-3149
-3227
-3344
-3490
-3656
-3847
-4051
-4235
-4381
-4478
-4514
-4460
-4286
-3987
-3585
-3087
-2496
-1845
-1164
-470
216
845
1389
1841
2193
2431
2560
2601
2568
2462
2305
2143
1988
1846
1730
1665
1639
1629
1654
1707
1774
1824
1855
1864
1840
1780
1684
1566
1418
1248
1067
891
712
545
396
263
145
46
-28
-90
-143
-191
-231
-277
-330
-383
-437
-507
-587
-662
-740
-817
-888
-947
-995
-1035
-1059
-1063
-1058
-1041
-1012
-969
-923
-875
-819
-756
-696
-635
-559
-478
-394
-305
-206
-116
-42
13
37
21
-47
-173
-355
-587
-845
-1104
-1337
-1499
-1543
-1448
-1174
-682
-4
823
1766
2800
3851
4818
5639
6308
6760
6910
6761
6355
5727
4887
3887
2802
1678
562
-484
-1403
-2184
-2819
-3288
-3609
-3813
-3937
-3982
-3974
-3962
-3982
-4060
-4184
-4340
-4525
-4735
-4933
-5077
-5152
-5134
-4996
-4693
-4221
-3630
-2921
-2098
-1205
-296
596
1435
2164
2748
3171
3426
3509
3441
3249
2973
2632
2259
1931
1692
1518
1413
1401
1484
1633
1796
1949
2103
2203
2199
2117
1974
1761
1484
1183
883
600
351
156
25
-46
-51
-20
22
71
128
166
151
99
20
-94
-253
-420
-570
-723
-870
-997
-1091
-1166
-1225
-1258
-1281
-1303
-1325
-1334
-1344
-1347
-1329
-1296
-1257
-1202
-1116
-1009
-899
-767
-611
-444
-290
-136
15
140
218
236
194
84
-92
-332
-616
-900
-1142
-1310
-1358
-1237
-872
-247
578
1553
2671
3920
5152
6243
7139
7825
8236
8250
7892
7225
6308
5148
3823
2420
1008
-337
-1559
-2595
-3458
-4123
-4575
-4841
-4982
-5057
-5044
-4976
-4914
-4926
-5011
-5119
-5250
-5417
-5616
-5763
-5806
-5744
-5580
-5260
-4726
-4012
-3164
-2204
-1145
-41
1040
2053
2945
3646
4124
4392
4452
4256
3859
3374
2840
2231
1606
1143
875
707
611
687
972
1292
1543
1785
2053
2215
2173
1998
1786
1523
1167
780
447
217
76
1
4
116
336
560
730
865
1016
1101
1017
838
661
458
141
-220
-483
-678
-905
-1138
-1268
-1301
-1349
-1432
-1478
-1462
-1449
-1480
-1521
-1527
-1487
-1423
-1376
-1339
-1236
-1069
-900
-780
-640
-431
-234
-118
-32
65
55
-121
-310
-450
-760
-1312
-1711
-1673
-1598
-1803
-1707
-653
839
1811
2633
4335
6575
7992
8476
9186
10282
10516
9516
8320
7442
6179
4152
2111
466
-1152
-2836
-4099
-4884
-5659
-6341
-6432
-6081
-6028
-6265
-6088
-5467
-5234
-5706
-6093
-5895
-5722
-6183
-6759
-6629
-6054
-5752
-5599
-4849
-3508
-2246
-1168
141
1673
2967
3974
4915
5615
5767
5594
5442
5004
3959
2791
2093
1528
523
-449
-575
-172
-149
-335
179
1232
1717
1534
1662
2245
2271
1509
922
876
674
40
-359
-213
82
319
648
1089
1580
2150
2552
2485
2254
2285
2157
1368
473
135
-99
-850
-1572
-1627
-1495
-1747
-2007
-1844
-1622
-1698
-1840
-1839
-1839
-1915
-1981
-2072
-2122
-1962
-1726
-1692
-1665
-1249
-727
-590
-598
-208
325
438
267
271
337
122
-261
-717
-1378
-1963
-2002
-1863
-2207
-2329
-944
1288
2602
3277
5318
8556
10551
10706
11082
12493
12935
11318
9149
7716
6206
3714
925
-1396
-3310
-4992
-6209
-7040
-7817
-8228
-7852
-7064
-6779
-6914
-6590
-5683
-5202
-5826
-6616
-6531
-6073
-6452
-7410
-7470
-6414
-5489
-5178
-4396
-2545
-527
911
2207
3818
5283
6201
6758
6991
6654
5908
5187
4255
2730
1142
232
-348
-1299
-2091
-1848
-1053
-714
-522
410
1612
2038
1918
2122
2382
1940
1133
668
391
-70
-358
-213
58
394
1095
1932
2375
2693
3273
3588
3165
2569
2297
1762
656
-267
-642
-1080
-1809
-2180
-2069
-2043
-2175
-2080
-1857
-1851
-1899
-1821
-1818
-1902
-1802
-1626
-1694
-1734
-1323
-753
-551
-524
-277
98
401
697
969
961
671
319
-39
-509
-1234
-2112
-2701
-2925
-3566
-4679
-4334
-1374
1744
2395
2621
6014
10886
12836
12384
13547
15949
15395
11831
9106
8208
6406
2773
-850
-3675
-6249
-8155
-8657
-8803
-9665
-10250
-9353
-7864
-7399
-7446
-6494
-4893
-4664
-6225
-7342
-6625
-5689
-6500
-7932
-7671
-6041
-4968
-4454
-2830
-129
2042
3313
4734
6552
7863
8416
8506
7891
6374
4780
3769
2496
265
-1899
-2765
-3003
-3724
-4116
-2981
-1242
-613
-501
772
2650
3227
2550
2317
2557
2028
884
357
472
366
239
647
1427
2267
3281
4119
4220
4136
4459
4441
3259
1852
1173
378
-1160
-2349
-2353
-2308
-2994
-3454
-2976
-2307
-2144
-2086
-1922
-1883
-1959
-1905
-1803
-1780
-1622
-1406
-1318
-1090
-409
182
57
-197
191
780
688
186
-44
-254
-959
-1864
-2486
-3050
-3608
-3877
-4212
-4862
-4198
-645
3565
5167
5519
8855
14409
17158
16370
16235
17825
17052
12717
8482
6407
4132
-65
-4525
-7811
-10054
-11421
-11664
-11571
-11956
-11924
-10514
-8483
-7465
-7256
-6444
-4968
-4476
-5782
-7005
-6379
-5017
-5227
-6485
-6122
-3760
-1581
-545
943
3652
6135
7287
7821
8594
9065
8530
7090
5098
2728
368
-1450
-3098
-5231
-7244
-7764
-7003
-6567
-6331
-4641
-1796
7
818
2837
5691
6731
6027
6073
6817
6154
4523
3798
3458
2236
1198
1392
1617
1336
1677
2444
2195
1626
2218
2691
1444
-84
-272
-564
-2111
-3227
-2982
-2956
-3831
-4081
-3308
-2725
-2524
-1999
-1409
-1290
-1008
-225
379
608
989
1416
1430
1572
2248
2605
1915
880
315
32
-350
-945
-1755
-2712
-3639
-4482
-5222
-5716
-6126
-6563
-6797
-6966
-7270
-5905
-921
4918
7011
7025
11257
18965
22747
21202
20551
22518
21191
14968
9309
6940
4174
-1497
-7526
-11696
-14120
-15293
-15217
-14855
-15126
-15005
-13262
-10350
-8366
-7841
-7153
-5393
-4288
-5591
-6998
-5603
-2912
-2732
-4423
-3631
176
3437
4563
5892
8486
10416
10649
10257
9985
8956
6701
3643
161
-3305
-6059
-7726
-9100
-10859
-12296
-11904
-9307
-6327
-4569
-2932
410
4182
5728
6233
8519
10910
9756
6781
6495
7641
6137
3131
2314
2686
1515
388
1079
1782
1163
800
953
171
-374
430
313
-2097
-3532
-2289
-1811
-3380
-3863
-2361
-2110
-3381
-3056
-1199
-455
-1049
-1028
-348
289
1107
1864
2081
2321
3087
3129
2206
1864
2033
956
-1110
-2113
-2313
-3413
-5164
-6285
-6912
-7620
-8084
-8040
-7747
-7434
-7217
-5975
-1006
6639
11438
11766
14225
22149
28098
26961
24035
24577
23444
16296
8231
3884
522
-5781
-12525
-17070
-19730
-20955
-20429
-18660
-17647
-16784
-14681
-11044
-7675
-6354
-5800
-4284
-2167
-2394
-4121
-3213
441
2445
1131
1294
5133
9095
10194
10184
11245
11711
10225
7536
4856
1903
-1898
-6011
-10081
-13515
-15678
-16046
-15221
-14448
-13465
-11004
-6518
-1682
1980
4918
8026
11041
12897
13852
14507
14591
13408
11178
9094
7547
6054
3885
1276
-940
-2298
-3029
-3813
-4581
-4891
-4594
-4258
-4088
-3284
-1680
-419
-479
-724
122
1227
1157
256
-87
-88
-615
-1351
-1314
-581
-196
-350
-276
740
2267
3256
3455
3361
3173
2405
1035
-328
-1654
-3280
-5130
-6652
-7551
-8038
-8230
-8432
-8380
-7838
-7027
-5890
-4579
-3544
-3047
334
8689
16554
18004
16887
22240
30641
31981
26355
22757
22559
17226
6749
-1744
-5441
-9537
-16760
-22969
-25991
-25647
-24002
-21379
-18522
-16319
-13542
-9749
-4571
-1346
-854
-305
2043
3846
1825
649
3732
7686
7184
4571
6313
10511
12087
9717
7403
6325
3871
-254
-5023
-8780
-12341
-15905
-18812
-20602
-20194
-18002
-14203
-10287
-6893
-3041
2107
8478
13127
15125
15864
16946
17737
16605
15312
14311
12125
7702
3740
2654
1596
-1119
-4471
-6386
-7743
-8960
-8509
-7455
-6736
-6244
-4444
-2272
-408
2452
5071
5650
4385
4452
5392
4596
2525
701
-536
-2383
-3530
-3291
-2513
-1890
-1656
-1187
-213
1943
3715
3660
2519
1609
644
-1450
-3319
-4524
-5721
-7510
-8598
-8138
-7253
-6347
-5904
-4897
-3870
-2868
-1851
-1391
-1508
-1546
3710
13243
19151
17379
16648
24675
32052
30280
22908
19981
18557
10003
-1626
-9602
-12315
-17094
-24166
-28934
-29271
-25285
-21320
-16833
-13029
-9162
-5054
-670
4495
6020
5119
4449
5946
5695
1951
1490
5195
7999
5101
2578
5686
9303
8480
3715
503
-1861
-5869
-10908
-15456
-17759
-19671
-20999
-21082
-18840
-13818
-8108
-1867
3260
7336
11263
15659
19446
19334
18136
17723
16361
11907
7475
7066
5399
197
-4809
-5561
-5455
-7986
-9250
-8795
-7927
-7724
-5961
-3020
-896
2083
4552
5695
5903
7841
9668
7767
4860
3091
2132
-521
-2935
-3699
-4519
-5219
-5367
-4052
-2607
-712
1148
1459
1482
2309
3654
2873
990
101
-765
-2561
-4458
-4307
-3897
-4574
-4910
-4002
-2342
-1336
-139
545
288
-19
-537
-1424
-3493
-6289
-9607
-8764
1313
13015
14893
10961
15874
28137
32483
25986
20027
19301
13463
350
-10676
-14758
-16798
-22422
-27892
-29003
-24276
-16968
-10653
-5518
-2031
655
3020
6594
8636
5708
1621
787
1425
-1655
-4057
474
7003
7305
3332
4416
9625
10677
5254
-1468
-5752
-9867
-15002
-19561
-21326
-20536
-19191
-17141
-12744
-5359
2786
9663
14511
16358
16515
18425
21163
18636
10896
6136
5569
1385
-5889
-6991
-3069
-4816
-10840
-10066
-3595
-1333
-3401
-2811
-305
435
1469
3861
5069
5274
6667
6585
3877
3634
6094
4503
-1812
-4831
-3356
-3678
-5940
-5700
-3639
-3154
-2477
94
2297
3566
4700
4170
1273
1
1282
24
-4207
-6135
-4842
-4901
-6158
-4367
-1113
-207
-692
676
2712
2263
612
-854
-3082
-7782
-10470
-3794
9333
16221
12537
11907
21983
31915
30027
21052
16682
13129
2479
-11090
-18351
-19064
-21841
-27184
-29740
-25248
-16087
-7838
-1786
1768
4189
5599
7657
9927
8132
3016
-720
-246
-523
-2756
-765
5632
8828
4673
1555
4585
7102
2484
-6617
-12727
-15799
-18641
-21199
-21101
-17556
-13452
-9362
-4191
3271
11219
16560
18840
17870
15103
12312
10690
8279
3430
-139
-748
-1194
-3411
-3289
20
-63
-4679
-7406
-5102
-3654
-5364
-5792
-3775
-1557
624
4645
8352
10008
10870
10506
8024
5221
4280
1867
-3723
-7852
-7804
-6541
-6180
-4223
-1030
728
1770
3776
5201
4215
2392
222
-3075
-5815
-5889
-5271
-6196
-6601
-4656
-2046
-612
1132
3121
3549
2150
946
1104
-95
-2841
-5751
-7350
-8413
-6484
4214
17794
22460
17725
18667
28632
32434
23660
11447
5729
-726
-12583
-22223
-24329
-21172
-21099
-22267
-20029
-11829
-1222
4293
5703
4784
4128
3085
2677
3281
610
-2638
-2517
1505
3752
4066
8179
12331
10049
1749
-3057
-2727
-5538
-13875
-22363
-24206
-21699
-18929
-15542
-9775
-1724
4208
7829
11578
15952
18264
15745
10895
5630
1551
-316
-645
-1378
-4065
-4453
-765
3160
3780
2884
3675
2333
-2250
-5158
-3437
-1837
-4656
-6433
-3709
933
4125
6311
7894
7130
6249
5925
4561
1896
280
-490
-3465
-5297
-2772
944
1074
-357
578
1460
882
143
-302
-2290
-4796
-5144
-4739
-4221
-2841
-1010
-1062
-1592
417
2434
1859
161
196
-102
-1992
-2778
-1884
-1692
-4035
-5198
-4204
-3678
-4043
533
13368
23149
21107
15193
20156
29885
26817
12797
2619
573
-5117
-15711
-21677
-19817
-16268
-17400
-18342
-14239
-5324
1527
2163
761
15
744
1666
3374
3555
627
165
4332
8279
6955
5547
8048
7557
-128
-8574
-9824
-8776
-13534
-21384
-23893
-18677
-12490
-9240
-6010
-38
6405
9512
10855
12830
14098
12317
7945
3800
855
-217
370
-5
-2822
-5095
-2058
3245
3404
-1092
-2676
-57
-911
-5094
-4049
1966
3312
-523
634
7067
9827
7348
5102
3762
1259
-156
-640
-2809
-4609
-3126
-1776
-2755
-629
4539
5124
1032
245
2821
1814
-1560
-2489
-2712
-4615
-5003
-2685
-1461
-1464
-542
-164
-1146
-567
1470
561
-2620
-3084
-1455
-1728
-3423
-3261
-2171
-3300
-4908
-4305
-2713
-3011
-1062
9737
22313
24229
17904
19550
29401
29440
16107
3785
452
-4110
-14893
-22855
-22434
-17808
-16834
-17771
-14606
-5941
2421
3981
2322
1674
2456
2976
3494
3877
1666
725
3927
7531
6590
4050
5262
4952
-1954
-10855
-13560
-11995
-14752
-21153
-23470
-17724
-9948
-5898
-3005
2499
9048
11692
11462
12008
12604
10607
5977
1738
-943
-1683
-903
-1098
-3447
-5598
-3905
179
1930
547
-236
1345
1899
600
1488
4663
4594
797
-129
2899
4100
2368
1215
564
-859
-585
1646
1999
798
1223
1980
1064
1156
2901
1739
-2255
-3867
-2737
-2686
-3610
-3211
-2764
-3059
-1917
457
1492
974
786
551
-607
-789
-11
-582
-2852
-3879
-2696
-2497
-3193
-3553
-3702
-4343
-5165
-5078
-3739
4921
19199
26025
20777
17004
26002
32223
22895
7414
-818
-3952
-12228
-20889
-23334
-19102
-15189
-16117
-14994
-7832
2790
6889
4189
1600
697
2305
4038
4894
2232
-37
3534
7404
7057
3805
3629
3099
-3878
-12978
-17453
-15268
-14843
-19624
-22997
-18078
-7098
-483
1589
4807
10092
12759
11128
9957
9262
7483
3810
-801
-3640
-3501
-629
13
-3141
-6155
-4906
665
3428
643
-2244
341
3555
1257
814
5835
7381
1301
-1259
4298
6144
1737
-705
288
-425
-741
2555
3763
2084
1945
2851
1610
952
2376
-100
-5373
-6492
-3824
-3450
-4553
-2976
-1488
-1580
-515
2293
3135
1594
758
-13
-822
-986
-478
-1252
-3160
-3240
-2725
-2038
-2377
-3345
-3798
-4626
-5681
-5953
3787
20206
26542
19399
15319
26062
31964
21077
5546
-1890
-4791
-13943
-22093
-22977
-17008
-12304
-14065
-13107
-5446
5450
8496
4714
1713
-325
889
3555
5466
2536
6
4554
8471
6830
2278
1650
376
-8154
-18001
-21410
-16918
-15033
-19228
-20840
-13036
-927
4188
5221
8456
12205
11344
7352
6408
6327
4465
803
-2220
-2564
-1052
1483
1053
-2584
-6390
-6281
-2062
-895
-3687
-4364
480
3592
1987
4741
11036
10745
3358
1171
5192
4486
-320
-2716
-2139
-2124
-717
2766
4129
4436
4597
3457
1341
1364
1610
-2885
-7464
-7108
-4493
-4229
-4209
-1762
-255
-430
100
2360
3156
1364
-560
-1171
-359
43
18
-925
-1675
-1805
-2190
-2171
-3194
-3799
-4656
-5780
-6816
-3084
12143
26163
25867
16781
18745
29787
26768
10826
-2532
-5681
-10042
-19633
-23409
-18839
-10018
-8597
-11160
-7512
1986
8854
5457
928
-1601
-2280
191
3921
6090
3527
4347
8651
9466
5268
108
-1930
-7734
-17804
-24944
-22755
-15631
-14962
-17476
-13566
-1532
7385
7760
7698
9848
9984
4918
894
1903
3341
2109
-1037
-1253
1456
3902
3791
253
-4224
-8030
-7922
-4174
-1402
-1131
-730
2863
6319
7944
9226
8347
3808
-1583
-2395
-491
-170
-784
-788
705
2909
5851
7773
7025
4698
1378
-1044
-1798
-1525
-2570
-5426
-6767
-5459
-2583
-680
-363
-945
-2030
-2356
-1244
756
1471
395
-490
400
2019
3040
2596
701
-1765
-4116
-4515
-4647
-5115
-5728
-6253
-5892
-2601
10967
26786
29883
20847
16976
24743
24093
10067
-3937
-8293
-10327
-18246
-21675
-16039
-5960
-3424
-8181
-7168
-1
5726
2429
-2039
-2771
-3048
-959
3470
9242
10188
8365
7935
6700
3769
-2144
-7169
-12497
-19597
-24513
-22589
-13934
-9204
-9828
-8063
-636
6119
6028
4580
4539
3893
917
-1465
856
4636
6245
4260
2331
2791
2771
959
-2904
-7019
-10185
-9093
-2811
2395
3919
4704
7205
8016
6832
6950
5070
-1158
-6550
-5455
-2083
-741
1174
3588
4382
4689
7014
8092
5452
2135
-606
-2925
-3685
-1836
-912
-2727
-3884
-3047
-1807
-1695
-1932
-2744
-4435
-4976
-3579
-912
1264
2061
2286
2358
3076
3601
2841
651
-3120
-5146
-5213
-5036
-4960
-4699
-3600
-2747
6270
23043
31235
23910
15007
19859
22910
11234
-3658
-8535
-6771
-12382
-19005
-16019
-4952
970
-5437
-9206
-3989
1822
-1060
-5841
-3217
18
1145
2967
8779
14019
13233
8730
2971
-952
-5071
-10130
-14543
-18532
-20891
-19461
-12683
-6365
-4723
-3923
-1459
148
-803
-628
1525
1604
-746
-822
3935
8964
9176
6444
4477
2697
-1339
-5907
-7559
-8018
-9653
-10191
-4359
6298
12613
12237
11417
12718
9442
1451
-2585
-3207
-6838
-10913
-7604
-365
3415
5203
7111
7710
6667
5784
4097
1669
1203
1076
-846
-1859
210
1114
-1999
-5203
-5948
-6247
-7428
-7473
-5378
-3156
-2004
-695
2334
5149
5241
3899
2656
1425
-640
-1837
-2057
-3122
-3438
-3439
-2855
-2013
-933
-766
833
12522
25191
24762
14853
13532
21463
17932
3459
-6306
-4918
-4101
-11419
-15401
-9538
-658
-2129
-9401
-7983
-664
406
-6204
-7593
-1383
4047
5063
5046
7910
10960
10413
5099
-968
-5233
-8977
-12632
-15566
-16258
-14663
-10838
-8221
-8092
-6335
-2192
-362
-3978
-6375
-3109
1516
2514
1377
4068
8563
9262
5622
3081
3495
489
-6077
-10025
-8148
-5242
-5239
-3103
3422
10548
12218
9362
7906
7376
4209
-2108
-5187
-3506
-2609
-3758
-2747
2283
5187
3743
2078
3032
4399
3439
2379
2800
4179
3975
2196
1037
324
-1614
-5520
-7804
-7190
-5940
-5929
-5794
-3276
-477
552
259
1211
2331
1382
-93
-4
942
-20
-983
-1245
-968
-925
-1641
-1809
-2313
-2415
-2340
5506
21062
28252
20577
12170
17805
21381
9443
-5327
-8115
-3660
-7073
-13373
-11092
-619
3360
-5088
-10650
-5562
75
-4622
-10326
-6861
985
6073
7384
9243
10678
9768
5010
-1210
-5122
-8286
-11577
-15062
-15777
-12690
-7115
-3499
-6305
-9720
-8071
-4189
-5346
-8924
-6749
-549
3156
2799
5284
11281
12758
6399
-926
-1330
-35
-3340
-8063
-6175
1661
4998
2325
1630
5973
5236
-3213
-6371
-377
3142
-795
-685
6217
9352
5682
2590
3011
1926
-919
-2132
-116
3109
4356
3534
2926
4114
3346
-1105
-4894
-4654
-3147
-4148
-4494
-1613
1124
-187
-2808
-2187
-978
-2453
-4684
-3511
-729
130
578
1969
3358
2239
366
-816
-1335
-1446
-2974
-3738
-3159
-1767
-916
5610
20647
28832
21444
10599
13254
18394
9527
-4814
-8513
-1854
-1239
-6915
-7438
-5
3105
-5721
-12918
-10009
-4270
-6243
-9731
-5427
2580
7837
8114
8241
8470
6593
1206
-5417
-7801
-7161
-6092
-7522
-9713
-9077
-5324
-2579
-6670
-12578
-13444
-10303
-9252
-9677
-4854
2668
5853
3601
3505
8020
8996
3094
-3303
-2522
1163
626
-1434
30
3235
2050
1141
5588
7653
1273
-4839
-1149
2547
-823
-2628
1608
3841
810
713
2994
2537
710
995
2364
3242
5438
6516
5680
4865
3753
209
-3966
-4217
-3341
-4908
-7029
-5689
-2496
-1831
-2686
-2586
-2148
-3302
-3747
-1526
517
194
0
1598
2811
2496
1685
792
-682
-1048
-923
-1013
-836
-498
-391
2760
14485
24855
21805
10640
8446
14753
11808
-277
-6562
-780
3193
-1702
-5000
-459
3731
-3175
-12215
-12113
-6384
-5571
-8917
-5925
1939
7050
5848
3934
4830
4799
1144
-5136
-7919
-6283
-3306
-2665
-4928
-6570
-6474
-6043
-9038
-13123
-13506
-10983
-9763
-9650
-4876
2722
5807
2334
-361
2339
4597
1616
-2501
-943
3271
4202
2778
3530
5217
2532
-2571
-3116
2765
5995
2212
-254
4156
6891
1002
-3402
-446
1092
-3375
-4126
2197
5421
3223
2721
5814
6402
3726
2147
2699
3770
3045
790
-1130
-988
-969
-3476
-5838
-5602
-4651
-5613
-5996
-3660
-1503
-2403
-3800
-2233
366
574
-645
68
1806
2247
1507
1400
1338
410
35
-102
-152
-605
-699
78
5705
17201
23079
16585
7418
9584
14803
8771
-2158
-3681
3256
4233
-844
-2112
1957
1590
-7435
-13602
-10290
-4637
-6249
-9274
-4047
4447
6614
1968
-470
934
1243
-2001
-5707
-5118
-2133
-504
-1783
-3194
-3573
-5446
-9270
-13114
-13516
-11145
-9127
-8991
-7996
-2802
2340
2050
-2304
-3610
-695
748
-484
-200
3996
7046
5750
3890
4748
5156
1583
48
4599
8436
4871
164
1793
3427
-790
-5271
-4062
-2040
-2767
-1618
2179
4203
3316
3318
4472
4996
5209
4747
3616
3171
3981
2865
-673
-2722
-2715
-3473
-5180
-4736
-3100
-3178
-3928
-3187
-1993
-2746
-3906
-3416
-1978
-1111
-854
-178
460
952
1336
1423
1071
559
702
712
576
1001
1510
1121
2570
10714
20022
18906
8518
4396
11140
13410
3914
-3727
1109
7698
4335
-2010
-1040
2688
-1507
-10560
-12406
-5565
-1299
-5643
-8894
-2665
5558
3917
-4304
-6632
-2111
-175
-3833
-5714
-2248
1012
-432
-3551
-3669
-2488
-4704
-10109
-12856
-9678
-5234
-5129
-7741
-7085
-2888
-824
-3218
-5839
-4829
-2052
-744
-381
1612
4752
5768
3941
2296
2760
3879
4881
6683
7994
6582
4312
4138
3746
90
-3404
-2651
-541
-801
-1126
585
1472
515
872
2661
2632
1659
2931
4897
4454
2967
2196
299
-2791
-3660
-2102
-1751
-2923
-2595
-933
-565
-1360
-1609
-1657
-2091
-1686
-187
740
662
984
1844
1944
1305
1143
1610
1905
2058
2544
2985
2814
2357
2068
1620
870
667
1723
3370
4198
3578
2223
1517
1916
2320
1798
1023
1028
1332
1023
418
354
708
728
206
-464
-750
-411
254
376
-542
-1821
-2398
-2289
-2435
-3136
-3727
-3853
-3871
-3963
-3941
-3903
-4067
-4219
-3988
-3473
-3151
-3318
-3749
-3822
-3268
-2646
-2564
-2723
-2532
-2123
-1966
-1967
-1799
-1572
-1488
-1412
-1177
-852
-428
147
674
1026
1475
2049
2180
1731
1512
2032
2681
2857
2843
2978
2998
2703
2395
2365
2526
2638
2651
2727
2948
3023
2575
1777
1203
965
648
212
127
443
566
229
-96
-142
-354
-950
-1309
-974
-419
-263
-404
-408
-266
-293
-625
-1065
-1294
-1222
-1086
-990
-668
-83
269
136
-69
-83
-260
-773
-1078
-608
506
1573
2037
1955
1900
2275
2815
2972
2715
2541
2783
3255
3706
4184
4648
4679
3985
3083
2758
3005
2936
2075
1100
797
844
389
-640
-1640
-2455
-3368
-4206
-4476
-4377
-4584
-5120
-5325
-4967
-4646
-4872
-5425
-5736
-5577
-5164
-4790
-4533
-4375
-4345
-4400
-4322
-4071
-3923
-4004
-3948
-3419
-2617
-1919
-1362
-743
-62
523
961
1322
1621
1787
1933
2349
3059
3609
3626
3413
3453
3707
3826
3786
3823
3994
4125
4109
4023
3920
3681
3147
2499
2156
2157
2054
1641
1263
1160
1052
637
74
-325
-499
-518
-477
-485
-560
-630
-726
-953
-1232
-1398
-1598
-2011
-2287
-1969
-1363
-1174
-1424
-1563
-1469
-1469
-1508
-1165
-395
364
854
1222
1653
2116
2501
2727
2816
2850
2928
3127
3485
3996
4471
4582
4202
3637
3261
3139
3041
2725
2179
1605
1211
906
455
-213
-1034
-1963
-2790
-3177
-3249
-3549
-4176
-4614
-4629
-4661
-5037
-5500
-5706
-5668
-5514
-5270
-4939
-4636
-4506
-4521
-4500
-4348
-4230
-4294
-4333
-4023
-3387
-2756
-2290
-1828
-1286
-787
-303
446
1414
2038
2037
1969
2340
2813
2918
2883
3096
3379
3513
3697
4019
4198
4121
3942
3757
3640
3676
3682
3373
2966
2878
2877
2513
2018
1834
1707
1278
830
640
373
-143
-491
-507
-549
-733
-835
-939
-1210
-1360
-1245
-1339
-1843
-2139
-1863
-1558
-1617
-1702
-1643
-1778
-2040
-1931
-1518
-1291
-1075
-240
1016
1811
1897
1818
1909
2093
2322
2655
2981
3223
3514
3884
4214
4432
4449
3983
3167
2748
3113
3542
3216
2431
1868
1461
791
-48
-811
-1617
-2491
-3030
-3058
-2975
-3150
-3542
-4071
-4657
-5076
-5250
-5443
-5763
-5854
-5503
-5031
-4756
-4628
-4594
-4759
-4979
-4925
-4564
-4213
-4011
-3767
-3343
-2824
-2343
-1928
-1586
-1215
-562
502
1601
2173
2247
2342
2630
2809
2892
3196
3631
3789
3845
4252
4749
4700
4195
3830
3746
3740
3720
3628
3392
3208
3207
2977
2295
1696
1542
1338
857
697
968
879
231
-94
121
6
-723
-1314
-1394
-1414
-1528
-1511
-1512
-1782
-1972
-1691
-1325
-1407
-1793
-2072
-2165
-2106
-1813
-1460
-1348
-1340
-941
-35
928
1449
1357
956
877
1550
2531
3033
2981
2976
3294
3611
3812
4053
4141
3691
3065
3095
3774
4096
3433
2303
1446
927
431
-157
-785
-1453
-2106
-2524
-2565
-2484
-2782
-3627
-4569
-4980
-4847
-4757
-5053
-5400
-5397
-5135
-4886
-4686
-4583
-4776
-5175
-5249
-4746
-4115
-3863
-3848
-3597
-3031
-2443
-2038
-1761
-1538
-1286
-826
-12
978
1701
2003
2227
2691
3225
3463
3422
3432
3648
3931
4141
4305
4431
4424
4272
4143
4168
4171
3903
3444
3151
3130
3027
2567
1981
1676
1640
1527
1201
856
617
349
-27
-361
-547
-732
-1085
-1458
-1558
-1412
-1387
-1684
-2075
-2250
-2248
-2273
-2293
-2127
-1843
-1702
-1711
-1620
-1409
-1334
-1460
-1535
-1383
-1081
-602
181
1035
1436
1370
1396
1838
2346
2547
2609
2825
3169
3513
3921
4402
4634
4305
3632
3214
3266
3375
3037
2325
1726
1412
1104
561
-123
-832
-1612
-2384
-2819
-2820
-2857
-3339
-4050
-4473
-4541
-4664
-5066
-5524
-5761
-5768
-5633
-5385
-5105
-4986
-5100
-5167
-4864
-4277
-3816
-3658
-3512
-3092
-2510
-2026
-1661
-1310
-986
-643
-21
964
1880
2282
2375
2653
3147
3501
3602
3682
3819
3932
4059
4305
4554
4561
4333
4108
4123
4325
4426
4215
3854
3660
3557
3190
2568
2062
1739
1327
849
621
597
349
-171
-555
-676
-865
-1319
-1791
-2035
-2104
-2182
-2300
-2354
-2275
-2153
-2142
-2209
-2178
-2006
-1868
-1826
-1739
-1588
-1536
-1601
-1548
-1293
-1046
-972
-923
-629
-26
736
1367
1616
1585
1658
2083
2667
3056
3198
3245
3312
3443
3733
4100
4185
3748
3113
2893
3168
3354
2934
2118
1436
1020
629
130
-390
-975
-1736
-2481
-2837
-2852
-3108
-3905
-4798
-5190
-5120
-5116
-5395
-5679
-5722
-5596
-5434
-5206
-4925
-4777
-4816
-4744
-4254
-3532
-3056
-2976
-2880
-2411
-1733
-1244
-1011
-749
-309
235
806
1429
1955
2180
2208
2417
2942
3457
3658
3666
3807
4212
4672
4904
4813
4602
4501
4523
4556
4515
4348
3997
3567
3276
3137
2863
2290
1635
1205
1014
837
483
-56
-610
-972
-1106
-1197
-1381
-1614
-1797
-1889
-1853
-1746
-1769
-2029
-2330
-2364
-2117
-1891
-1883
-2013
-2099
-2028
-1802
-1536
-1410
-1490
-1609
-1532
-1211
-831
-600
-548
-536
-371
74
735
1320
1538
1460
1481
1874
2465
2860
2937
2869
2870
3037
3351
3689
3831
3640
3243
2991
3067
3223
2997
2249
1386
822
493
64
-570
-1275
-1972
-2626
-3064
-3195
-3324
-3797
-4487
-4910
-4892
-4739
-4789
-5045
-5243
-5201
-4928
-4591
-4334
-4192
-4111
-3973
-3650
-3156
-2725
-2606
-2674
-2542
-2090
-1584
-1269
-1047
-694
-163
494
1230
1897
2340
2628
3001
3517
3956
4169
4233
4278
4379
4551
4715
4712
4532
4382
4377
4402
4305
4058
3702
3321
3015
2783
2480
2025
1572
1281
1093
878
597
250
-159
-531
-755
-898
-1129
-1451
-1699
-1809
-1880
-2006
-2193
-2403
-2561
-2591
-2503
-2411
-2377
-2347
-2247
-2099
-1957
-1879
-1869
-1864
-1758
-1503
-1215
-1046
-1021
-982
-814
-551
-308
-148
-10
197
563
1077
1596
1915
1988
2013
2196
2538
2860
3020
3027
3019
3131
3369
3575
3574
3340
3010
2733
2555
2398
2090
1545
882
316
-102
-498
-995
-1568
-2118
-2576
-2908
-3147
-3404
-3768
-4173
-4480
-4638
-4727
-4824
-4935
-5011
-4990
-4846
-4609
-4365
-4152
-3931
-3650
-3304
-2917
-2526
-2160
-1823
-1466
-1040
-574
-129
275
657
1052
1468
1896
2300
2654
2962
3248
3526
3774
3972
4123
4244
4354
4463
4538
4553
4497
4402
4299
4175
3999
3754
3454
3139
2833
2525
2180
1782
1349
935
577
265
-50
-405
-762
-1097
-1376
-1618
-1856
-2116
-2371
-2562
-2666
-2707
-2743
-2786
-2812
-2786
-2703
-2600
-2501
-2414
-2323
-2191
-2010
-1802
-1603
-1421
-1233
-1011
-771
-554
-380
-232
-76
84
220
329
422
517
628
763
900
1016
1116
1245
1429
1640
1804
1897
1963
2060
2198
2343
2441
2480
2473
2461
2470
2477
2425
2277
2053
1795
1543
1284
964
569
119
-334
-749
-1138
-1523
-1917
-2303
-2661
-2964
-3215
-3436
-3641
-3826
-3964
-4044
-4068
-4059
-4026
-3964
-3864
-3714
-3522
-3299
-3057
-2796
-2509
-2192
-1846
-1487
-1131
-779
-416
-36
351
732
1096
1443
1778
2100
2412
2699
2962
3185
3374
3541
3682
3788
3853
3880
3881
3852
3786
3683
3544
3368
3160
2927
2670
2382
2070
1747
1420
1095
764
436
118
-182
-462
-723
-962
-1182
-1376
-1547
-1689
-1803
-1898
-1975
-2037
-2073
-2086
-2087
-2083
-2068
-2031
-1978
-1915
-1838
-1744
-1634
-1514
-1379
-1234
-1071
-910
-749
-582
-409
-238
-81
66
203
331
442
538
622
689
734
760
770
769
756
734
711
686
660
640
630
632
649
671
699
741
790
843
894
952
1002
1038
1060
1073
1071
1043
989
919
828
710
571
413
241
53
-142
-344
-555
-764
-964
-1152
-1335
-1501
-1649
-1778
-1893
-1988
-2056
-2101
-2125
-2125
-2102
-2056
-1990
-1901
-1792
-1667
-1528
-1370
-1195
-1013
-822
-619
-412
-203
5
202
388
569
741
898
1037
1167
1286
1385
1467
1536
1594
1632
1651
1654
1648
1633
1603
1561
1507
1446
1372
1293
1207
1114
1015
907
798
684
571
453
333
224
122
20
-78
-167
-242
-311
-373
-427
-467
-497
-521
-534
-536
-534
-534
-531
-521
-508
-493
-476
-456
-435
-410
-380
-351
-326
-301
-274
-243
-211
-176
-141
-109
-82
-54
-25
-4
11
19
22
22
18
10
-7
-34
-64
-94
-122
-151
-179
-203
-219
-228
-229
-220
-201
-170
-133
-85
-29
32
98
160
227
297
359
415
466
511
549
577
594
601
588
568
545
510
464
414
353
283
207
130
48
-39
-129
-217
-306
-395
-484
-565
-643
-715
-783
-845
-899
-951
-992
-1023
-1039
-1051
-1050
-1041
-1022
-999
-962
-917
-871
-819
-765
-698
-627
-551
-470
-386
-296
-202
-105
-4
100
203
308
417
523
628
732
827
916
999
1074
1138
1187
1224
1250
1262
1260
1242
1212
1174
1124
1067
1003
928
844
763
681
599
522
452
378
307
242
185
130
74
23
-25
-69
-111
-156
-195
-241
-285
-324
-359
-395
-429
-458
-480
-499
-522
-533
-537
-537
-540
-533
-520
-505
-484
-463
-441
-415
-391
-360
-330
-303
-275
-247
-225
-204
-181
-159
-136
-116
-97
-78
-57
-39
-25
-13
-1
7
11
17
19
20
19
14
8
2
-2
-10
-13
-18
-20
-18
-18
-15
-9
1
7
20
26
36
44
51
60
67
71
75
76
74
70
69
63
53
44
40
32
23
17
13
9
-1
-6
-7
-9
-9
-11
-11
-7
-7
-8
-10
-13
-20
-23
-30
-36
-40
-43
-51
-59
-66
-68
-74
-78
-78
-75
-69
-62
-55
-47
-37
-27
-20
-9
2
12
21
32
43
53
62
72
84
96
106
117
128
139
149
162
171
185
197
207
218
224
224
227
228
229
234
229
223
217
211
207
202
190
174
166
157
145
130
113
99
85
65
47
27
8
-17
-44
-67
-92
-114
-136
-157
-178
-201
-219
-232
-240
-253
-261
-267
-272
-267
-259
-258
-253
-248
-247
-234
-222
-217
-206
-198
-187
-172
-162
-156
-144
-133
-119
-102
-88
-75
-61
-45
-27
-10
6
22
40
56
72
86
99
109
117
129
132
132
134
134
134
133
124
117
112
106
103
98
89
78
74
68
61
55
48
42
36
28
23
22
15
9
3
1
1
2
5
3
4
4
6
7
9
9
8
10
10
12
9
7
5
1
2
-1
-2
-4
-11
-14
-16
-16
-18
-19
-19
-18
-16
-13
-9
-6
-1
3
3
10
12
16
16
18
20
18
16
16
13
5
2
0
0
-3
-6
-13
-14
-12
-16
-16
-17
-18
-19
-22
-18
-15
-17
-20
-19
-18
-20
-17
-19
-15
-16
-16
-17
-16
-17
-19
-19
-19
-16
-16
-15
-14
-14
-15
-16
-19
-18
-18
-18
-20
-20
-17
-15
-12
-8
-4
0
4
6
7
11
13
17
21
23
27
28
26
26
28
28
25
23
24
26
26
27
28
28
28
26
26
23
23
19
15
15
15
12
10
9
7
6
3
1
-2
-4
-8
-14
-16
-18
-18
-20
-21
-21
-20
-20
-21
-20
-19
-20
-20
-20
-17
-16
-15
-14
-12
-12
-9
-8
-11
-12
-12
-10
-7
-5
-7
-4
-2
-1
-2
1
2
3
4
4
5
6
6
4
5
6
5
5
6
7
5
4
7
10
10
9
9
9
9
11
12
11
13
12
11
11
9
7
6
2
2
1
0
0
-1
-2
-1
0
0
-1
0
-3
-7
-4
-6
-9
-13
-15
-13
-14
-12
-12
-11
-8
-6
-6
-1
-1
-3
-2
2
3
2
-1
-1
1
2
4
6
5
5
4
4
7
6
7
5
4
1
-1
3
2
4
3
3
6
3
4
7
6
3
2
4
3
2
0
0
0
-1
-1
-3
-4
-8
-7
-7
-9
-11
-9
-8
-9
-9
-9
-8
-8
-7
-7
-5
-4
-5
-3
-2
-1
-2
-3
-1
3
2
0
2
6
5
3
3
4
7
7
7
4
6
6
6
5
2
0
0
0
-1
-2
-3
-4
-4
-4
-1
1
3
4
4
3
3
5
3
2
0
0
0
-1
-2
-1
2
4
2
0
3
2
2
0
-2
0
3
1
1
3
4
5
3
5
4
5
4
4
4
5
2
1
1
-2
-2
-2
-2
-4
-5
-5
-4
-6
-6
-5
-6
-7
-6
-5
-4
-3
-2
-2
-5
-4
-4
-4
-3
-3
-5
-3
-4
-4
-5
-4
-5
-4
-4
-3
-1
-2
-2
0
1
2
1
-1
0
0
1
2
3
2
1
1
2
0
-2
0
0
1
0
2
4
3
5
5
4
1
3
2
2
1
2
2
2
2
2
4
5
4
3
3
2
0
-1
1
2
1
0
1
0
-1
-4
-3
-4
-4
-2
1
1
1
2
5
4
3
2
1
3
3
3
4
5
4
4
4
3
2
4
3
2
1
0
2
0
1
3
3
1
-1
-2
0
-2
-2
-2
-3
-2
-3
-3
-4
-3
-2
-3
-3
-6
-6
-5
-3
-2
-4
-5
-6
-6
-7
-7
-7
-9
-7
-8
-7
-7
-8
-11
-8
-6
-7
-5
-6
-8
-9
-5
-4
-4
-3
-2
-1
0
2
3
5
6
5
6
7
10
6
4
7
8
10
9
9
10
7
8
10
11
12
8
10
8
8
9
10
9
6
3
5
2
2
-1
0
0
-2
-5
-3
-2
-1
-2
-2
-1
-2
-1
-1
-3
-5
-6
-8
-8
-7
-6
-5
-6
-3
-2
-1
0
1
1
1
-2
-2
-1
-2
-3
-2
-1
-5
0
-2
-1
-2
-1
-2
-2
0
-3
-2
-3
-2
-1
-4
-3
-1
-2
-1
0
1
-1
1
3
3
2
3
1
2
4
4
1
-1
-1
-1
-1
-1
-2
-2
-4
-3
-1
-1
-3
-3
-2
-1
-2
2
3
2
0
-1
0
-1
-1
-3
-2
0
-2
-1
2
2
3
4
5
6
6
3
1
4
4
4
5
5
2
3
2
0
2
2
4
4
3
2
2
2
2
2
1
2
1
1
0
1
-1
-1
-1
-3
-5
-5
-4
-4
-3
-3
-2
-1
-2
-2
-4
-3
-3
-3
-3
-3
-2
-3
-4
-4
-3
-2
0
-2
-2
-2
-1
0
0
2
2
0
-2
-2
-3
-4
-2
0
1
2
2
6
4
3
5
4
4
1
1
1
1
-1
-2
-1
1
0
-2
-2
-2
-3
-3
0
-1
-2
-3
0
2
1
-1
-1
-1
0
-2
-2
0
0
2
-1
0
0
3
4
5
5
4
5
4
4
6
6
4
0
1
2
1
2
1
-1
-1
-1
0
1
1
-1
-1
-1
0
-2
0
0
0
1
-1
-1
1
1
-1
-2
0
1
0
0
0
-1
-1
-3
-5
-1
-3
-4
-5
-3
-2
-1
-3
-5
-4
-3
-3
-1
0
1
-2
-2
0
1
0
0
0
-2
0
-1
-3
-2
-2
1
1
1
4
2
3
2
0
1
3
2
2
-1
0
0
-1
0
-2
0
0
2
0
0
1
2
1
1
3
3
2
1
0
1
-1
-1
0
0
0
-1
-1
-2
0
0
-1
2
0
1
0
0
0
-2
-3
-2
-3
-4
-3
-2
-1
1
2
0
3
2
2
2
2
2
1
2
4
5
5
5
1
0
3
5
4
5
5
3
4
5
5
4
4
2
1
0
0
-1
1
1
2
2
1
0
0
0
-1
-3
-4
-6
-5
-5
-7
-6
-8
-5
-5
-4
-4
-6
-6
-6
-6
-6
-2
-6
-5
-6
-6
-6
-5
-3
-3
-4
-4
-2
-2
-5
-5
-4
-4
-5
-5
-2
-1
-1
1
1
0
0
3
5
3
3
2
3
4
4
5
7
7
8
5
5
5
5
5
7
6
6
7
7
9
7
8
7
7
6
6
6
6
4
5
3
3
2
2
1
0
0
0
2
-1
-1
-3
-3
-5
-5
-4
-4
-7
-7
-7
-7
-5
-3
-4
-5
-4
-3
-5
-6
-4
-3
-2
-4
-3
-3
-2
-4
-3
-1
-2
-1
-2
-2
1
0
-2
-2
-2
-3
-2
-2
-1
-1
-1
-4
-3
-5
-3
-1
-3
-2
0
0
-2
0
-1
-2
-1
-1
-2
-2
-3
-5
-4
-1
-1
0
1
0
3
2
2
5
3
4
3
3
3
4
3
1
1
2
1
2
2
2
3
3
3
1
3
6
8
5
6
6
