SAMPLES:	8455
BITSPERSAMPLE:	16
CHANNELS:	1
SAMPLERATE:	16000
NORMALIZED:	FALSE
-3
1
0
1
4
3
1
-1
2
0
1
1
1
-3
1
-1
-4
0
-6
-5
-5
-5
-3
-4
-5
-5
-4
-2
-1
-1
-1
2
1
0
0
1
-1
-1
1
1
2
0
1
1
1
3
2
2
1
2
1
-1
2
2
1
4
3
1
6
4
4
6
5
5
3
3
-1
0
0
2
3
3
4
-2
-2
-3
-5
-4
-3
-2
-4
-5
-4
-3
-1
1
0
-1
-4
-6
0
-4
-2
-2
-3
-1
-2
0
-2
1
-2
-2
-4
-3
0
1
0
3
8
5
5
1
0
-1
0
2
0
-2
0
1
2
-1
0
-3
-1
-2
0
3
0
2
-2
-2
-3
-2
4
4
5
3
-1
-2
0
1
-3
-2
2
-2
0
0
-2
-1
2
5
5
2
0
1
3
3
1
0
0
-1
0
2
3
3
2
0
-4
-2
-3
-1
1
-2
1
2
0
-2
-1
0
1
2
1
1
3
1
-3
1
0
0
0
-1
-2
-2
-2
-1
1
-1
-2
-1
-2
2
1
-2
-2
-1
3
3
-2
-1
-3
0
-1
0
-4
-3
-3
-2
2
-1
1
-2
-3
1
-1
2
0
-1
2
2
2
3
3
0
-3
1
1
2
2
0
1
2
3
1
1
3
0
0
1
-3
-1
-3
-1
-1
-1
-4
-2
0
1
0
1
3
1
3
3
1
2
1
3
0
2
0
-1
-2
-2
1
1
3
2
-1
0
0
-3
-2
-1
1
-2
-1
-2
-2
-1
2
1
1
-2
1
0
-1
2
0
0
0
2
1
3
5
-2
-4
-1
-2
1
3
1
1
-1
1
0
2
2
2
2
0
2
-1
-2
-2
-4
-2
-3
-5
-4
-5
-4
-4
-4
-1
-2
2
-3
-5
-4
0
-2
1
-1
2
1
-2
4
2
3
2
5
3
2
1
0
2
3
1
-3
-3
-2
1
2
1
4
-1
-2
0
0
1
-2
3
-1
-2
0
4
1
2
2
3
1
3
6
2
2
3
2
-2
0
0
1
1
-1
-2
-2
1
-3
-1
1
-3
-3
-2
-3
-2
-1
2
-3
-6
-1
0
1
2
1
2
1
0
1
0
-3
-2
-1
3
2
4
6
1
0
1
0
0
-2
1
0
-2
-1
-1
-3
2
2
-1
-1
-1
-1
-1
-2
-4
3
-2
-3
0
3
-1
0
1
-4
-5
-4
-4
-3
-2
-3
-2
0
0
0
-2
-2
-5
-2
-1
-3
-2
-1
1
-1
1
0
-1
3
2
0
-1
0
2
-1
4
6
4
2
5
6
6
4
0
3
2
2
3
2
4
1
-2
2
2
2
3
0
0
4
5
1
-1
-3
-3
-1
-1
0
0
-1
0
-3
-4
-2
-3
-1
-3
-3
-2
-1
6
3
0
2
-1
-2
-4
-6
-2
-1
-2
-3
-4
-3
0
2
2
2
3
3
3
0
-2
0
1
-3
-4
-4
-5
-5
-2
0
-1
-1
-4
-3
-5
-3
2
-2
0
-1
0
1
0
3
-1
-1
-1
-2
2
-1
0
2
-1
-1
2
0
-1
1
0
3
0
1
1
3
3
4
4
3
0
2
3
3
4
1
1
-1
-1
0
2
1
1
-1
-3
1
1
0
0
0
-2
-1
2
2
1
0
2
0
2
3
7
3
1
2
1
1
1
4
0
-1
-2
-2
1
-1
-2
-3
-4
-6
-4
-3
-1
-3
-2
-3
-3
3
-4
-3
-3
-2
-3
-3
-1
-1
1
-2
-1
-3
-2
-3
-4
-3
-5
-1
-3
-3
1
-1
2
2
1
2
0
4
0
-1
2
0
3
0
1
1
-1
0
1
3
5
4
3
5
5
6
9
8
6
3
1
2
4
7
6
4
2
2
3
3
3
3
0
-1
-2
-4
-3
-5
-6
-4
-3
-1
-1
-2
-2
-2
-5
-3
-4
-8
-7
-4
-5
-3
-1
-1
0
2
1
-1
2
0
2
0
-3
-1
-3
-3
-2
-2
-1
-3
1
2
3
0
-1
1
-2
-2
1
0
-1
-2
-3
-4
-3
-2
0
0
0
3
1
3
5
0
2
1
0
3
6
5
1
4
7
5
3
3
4
0
1
-2
-1
4
1
4
4
-1
-3
-1
0
1
-1
-2
-2
-1
2
1
2
2
-2
-1
-4
-2
-2
-3
-2
-5
-2
-1
-4
-1
-1
-2
0
-4
1
2
1
3
1
1
-1
-1
-1
1
0
0
1
-2
-3
-2
3
-1
-2
-2
1
4
2
0
-1
1
-2
-1
-4
-3
-3
-1
0
-2
-2
2
0
1
-4
-3
1
0
3
2
0
5
3
2
5
2
2
0
1
3
2
4
3
0
2
2
3
4
4
-1
-6
-3
-4
0
1
1
2
-1
-2
-2
0
1
-1
-3
-5
-3
-5
-2
-3
-2
1
-2
-2
0
1
1
-2
-1
-2
-1
1
-1
0
3
2
0
0
-1
2
2
0
5
4
2
2
3
2
-2
0
1
-1
-3
-1
3
-1
0
-4
-4
-2
-2
0
0
0
-2
0
1
-1
-1
-2
-3
-2
1
-2
0
0
0
-3
-3
0
-1
-1
0
-1
1
-1
0
0
-2
-1
-3
2
4
2
2
5
5
5
-1
2
2
2
3
3
3
4
1
2
2
1
2
-1
-5
-4
2
2
-1
0
-2
-1
0
0
0
4
0
-5
0
0
-1
-1
2
2
-1
2
0
0
1
-2
-2
-2
-1
0
0
0
-2
-2
1
4
-2
1
-2
-2
1
1
-1
-1
1
0
-6
-5
-4
-6
-2
-2
-3
1
-1
1
2
0
1
0
1
1
-3
-2
-3
-3
-2
-3
-1
2
3
1
-1
0
3
4
3
6
3
2
1
1
-2
2
-2
0
0
0
4
1
1
-2
0
-1
-5
-3
3
2
-1
-1
1
1
-3
1
2
1
1
2
3
1
-1
-4
1
1
-2
1
1
4
6
2
2
2
1
2
3
2
-2
-1
0
3
3
0
0
0
-2
-1
1
1
0
2
1
-2
0
-4
-3
-1
1
1
-2
-2
-3
-1
2
2
0
-2
-3
-2
-5
-2
-4
-3
0
-1
-3
-2
1
2
0
0
0
-1
1
-3
-4
0
1
-1
0
1
2
3
1
-1
1
3
-1
2
4
3
3
3
1
1
-1
-3
1
1
0
2
4
0
-4
-1
-6
-3
-1
-3
0
2
1
1
2
-1
2
-1
-1
1
-2
-2
-2
-1
3
0
2
4
0
4
3
1
-2
-1
-2
-2
3
1
2
-1
1
1
-3
2
-1
0
-1
-2
-1
-1
1
2
-2
-1
-2
-4
-1
1
1
0
0
1
-2
0
0
1
1
1
0
0
0
0
-1
-3
-1
0
-1
-1
-1
-1
-3
-1
-1
-3
0
1
2
1
1
2
1
0
-3
-2
-4
1
2
3
2
1
1
1
2
0
-1
0
0
-2
-4
-2
1
-1
1
0
5
8
5
6
15
13
4
9
10
7
13
22
14
9
4
5
-2
-11
-13
-28
-24
-25
-20
-10
-28
-18
-9
-3
-1
-15
-10
-17
-14
-5
-6
-9
20
-8
3
2
-17
-24
-29
-13
-32
14
-7
-11
-31
-15
-3
-4
11
11
31
24
33
42
66
59
44
50
31
-22
-11
-16
35
-47
76
-130
1070
1423
-503
-189
257
-288
-190
94
-163
-379
-116
-5
-170
-246
-191
-136
-227
-179
-190
-137
-70
-49
5
-30
11
-27
-13
24
42
-7
10
110
162
135
125
156
177
145
170
201
182
186
220
214
226
139
170
234
110
80
115
127
88
70
130
116
124
55
-22
39
32
-96
-118
26
25
-87
-78
48
101
64
59
-27
-52
46
28
132
89
76
108
53
36
84
158
71
-11
73
-21
-172
54
75
-222
-285
-136
-85
-134
-30
-19
-139
80
131
-47
36
155
-68
-31
110
105
91
130
316
302
252
454
441
301
331
335
383
380
229
246
354
158
293
371
119
292
436
89
111
207
-214
-363
-178
-420
-643
-533
-668
-960
-1184
-1457
-1673
-1953
-2312
-2851
-3150
-3138
-3560
-3942
-4061
-4213
-4302
-4401
-4447
-4351
-4529
-5078
-5113
-4734
-4560
-3856
-2615
-1560
-623
235
1133
2096
2905
3483
3983
4497
4518
5317
6784
7027
7864
9277
9314
8929
8654
8389
8231
8272
8146
7192
6253
5670
4727
4099
3443
2454
2110
1974
1744
1685
2021
2422
2444
2306
2061
1633
1051
493
81
31
16
-129
-521
-1651
-2356
-2873
-4166
-5463
-6306
-7289
-8569
-9422
-10360
-11151
-11426
-11557
-11301
-11162
-11291
-10679
-9289
-7901
-6341
-4530
-3279
-2299
-981
193
867
1976
3420
4522
5498
6342
6936
7447
8074
8973
10434
12226
14557
17009
19850
22079
19719
15101
12460
8383
46
-9690
-13743
-11995
-10410
-10325
-14109
-22362
-25610
-21540
-20804
-23434
-23306
-20163
-14407
-10726
-11214
-7331
-846
-1711
-3327
-162
514
350
3159
3607
2801
4318
5140
5819
7358
7377
5393
2764
6060
14314
21973
23303
14937
10256
10397
8270
8303
14575
18650
10838
555
-5241
-3069
-1141
-14452
-31560
-23380
-9053
-11340
-9368
-9427
-3669
4114
6064
9614
2401
-8662
-5189
6073
12693
9562
5412
4753
4990
5648
4167
4592
3600
73
-2119
-561
1743
1963
3668
6069
6866
7189
8468
9266
9067
10067
12736
15932
17237
16007
15418
16355
16085
13354
9536
6185
3665
787
-3546
-7182
-6224
-2880
-3614
-6567
-9897
-14199
-16588
-18277
-15085
-3966
-2639
-9639
-8882
-8017
-11451
-11692
-10464
-12157
-14217
-15812
-16868
-17360
-17604
-17251
-16746
-15974
-14176
-12746
-12286
-11759
-10936
-9779
-9298
-9288
-9182
-8598
-7919
-7611
-7444
-7021
-6593
-5977
-5075
-3699
-2287
-797
773
2462
4705
6513
7720
8498
9484
10744
11653
12190
12428
12857
13121
13301
13254
13222
13669
14344
14881
15475
15996
15747
14996
13534
12160
11348
10410
9017
8446
8897
8905
8705
8972
8352
6842
6839
7406
7154
6992
6651
6521
5332
2289
1955
2829
1886
1991
2504
1551
912
1474
1136
158
-881
-1633
-882
-1690
-5374
-8634
-9012
-6972
-1573
669
-7151
-12065
-8907
-9453
-13842
-16149
-17510
-19171
-19009
-17060
-15087
-13825
-14240
-15877
-15445
-12279
-8227
-5092
-4373
-4614
-4024
-2617
-1592
-1229
-1140
-1151
-1674
-3092
-4879
-6730
-6976
-4473
-237
4200
7281
7979
7737
7987
8038
8360
9448
9829
9675
8508
5743
4353
3917
2380
1494
638
1418
5046
5947
4824
7651
10454
8446
6457
5706
3185
-288
-1843
-584
1047
-5305
-8670
-4378
-7271
-12358
-11721
-8438
-5389
-3305
-3000
-2002
-782
-599
-159
1050
2413
3092
3599
4482
5547
6492
6993
6725
6228
5833
5558
5445
5253
5278
5263
5012
4606
4100
3277
2390
1635
1009
298
-596
-1230
-1390
-1528
-1771
-1853
-1644
-1173
-558
133
164
104
-32
-261
-651
-879
-880
-1025
-1375
-2033
-2757
-3774
-4677
-4893
-5154
-5579
-6001
-6177
-6136
-5595
-4746
-4088
-3500
-2807
-1688
-420
788
2271
3676
4590
3344
-1210
-4054
-1300
7229
12404
9325
6840
7163
5646
3750
1883
-1015
-1985
-1553
-1457
415
984
-812
-1714
-5548
-7282
-5098
-4681
-4756
-3830
-3457
-3635
-3252
-2579
-2893
-4032
-4475
-3866
-2896
-3144
-4331
-4623
-4710
-5612
-2260
4110
3238
-1014
155
5859
7643
4638
3743
3425
206
-3759
688
8745
7111
5683
9745
10272
9420
9592
9005
8428
8587
8422
7698
7172
6472
5637
5043
4486
3714
2786
1722
685
-187
-1036
-1905
-2938
-4049
-5263
-6362
-7459
-8611
-9497
-10459
-11133
-11333
-11121
-10976
-11010
-10502
-9977
-9502
-9042
-8360
-7835
-7516
-6526
-4915
-3130
-1599
-422
39
27
478
1501
2844
4488
6286
7334
7972
8747
9603
10473
10086
8945
8013
7400
6676
6302
6258
6018
6058
6093
6229
6319
6443
6269
5585
4860
3756
2579
1529
668
-33
-545
-699
-1233
-1913
-2538
-3238
-4221
-5514
-6883
-8290
-9184
-10063
-10773
-11018
-10851
-10448
-10205
-9652
-8798
-8079
-7519
-6857
-6314
-5541
-4687
-3765
-2931
-2258
-1578
-975
-44
343
250
543
1185
1634
2069
2746
3238
3713
4387
5282
5874
6472
7066
7213
7596
8325
8926
9056
9628
10075
9977
9880
9469
9016
8450
7628
6523
5847
5399
4634
4003
3251
2526
1926
1537
1306
893
773
565
-61
-619
-972
-1357
-1948
-2273
-2418
-2659
-3065
-3515
-3938
-4562
-4934
-5282
-5758
-6357
-6965
-7475
-8019
-8422
-8698
-8723
-8839
-8678
-8367
-8259
-8021
-7673
-7249
-7078
-6830
-6134
-5434
-4801
-3828
-2893
-2124
-1424
-610
135
642
1219
1645
1935
2199
2577
2868
3140
3459
3601
3825
4159
4466
4634
4794
5036
5183
5331
5535
5590
5258
4800
4486
4253
4102
4003
3980
3816
3547
3586
3836
4007
4022
4205
4332
4027
3649
3327
2872
2181
1436
696
-94
-820
-1448
-1974
-2327
-2623
-2641
-2567
-2544
-2420
-2307
-2269
-2223
-1896
-1717
-1689
-1543
-1327
-1162
-1025
-621
-287
-94
252
609
758
824
903
726
300
-161
-470
-923
-1679
-2085
-2460
-3019
-3582
-3787
-3840
-4410
-4635
-4665
-4689
-4809
-4757
-4332
-4017
-3473
-2902
-2163
-1508
-765
-247
-360
-364
-551
-890
-1223
-1421
-1626
-1812
-1884
-1820
-1308
-618
26
414
923
1521
2029
2993
3989
4724
5389
6177
6836
7224
7599
7717
7764
7428
6830
6359
5839
5391
4838
4310
3712
3023
2348
1693
1073
393
-153
-642
-1061
-1396
-1504
-1834
-2433
-2771
-2936
-3157
-3576
-3586
-3596
-3744
-3655
-3388
-3124
-3133
-2849
-2502
-2210
-1842
-1457
-1028
-798
-326
59
308
879
1350
1685
1829
1975
2150
1878
1575
1219
720
91
-429
-866
-1581
-1856
-1965
-2121
-2284
-2260
-1978
-2046
-1951
-1804
-1738
-1734
-1566
-1352
-1529
-1595
-1582
-1571
-1647
-1574
-1270
-1069
-922
-642
-307
-374
-329
-141
-54
-98
-144
15
212
325
309
437
559
497
328
198
133
-72
-191
-171
-23
209
618
1022
1201
1243
1335
1432
1265
1027
965
1112
1047
922
922
879
692
513
582
202
-300
-473
-677
-956
-1449
-1492
-1940
-2432
-2402
-2745
-2912
-3119
-1683
469
2631
5065
8611
13549
16085
17834
19485
21178
20165
16483
14013
10311
5380
-436
-4374
-7570
-11544
-13298
-14012
-13694
-13343
-11215
-8641
-7628
-5785
-4011
-3018
-3705
-3585
-3130
-4381
-5495
-5571
-4937
-5541
-5339
-3626
-2401
-1399
9
1807
2210
2388
3452
3395
3558
4235
4594
2874
819
961
-1008
-3795
-5756
-6744
-8608
-10716
-9971
-9309
-8281
-6886
-4629
-2433
-510
2588
4378
5538
6344
6825
6015
4602
4095
2769
779
-1087
-1685
-2242
-2790
-2321
-1544
-623
152
1518
2547
3208
4096
4419
4141
3545
3398
2622
1340
564
71
-610
-1414
-1417
-967
-767
-563
92
764
989
1006
967
661
-125
-1566
-2970
-5418
-6265
-2779
3718
9153
11282
16427
23664
28242
29031
29377
30147
25116
16532
8954
3066
-4068
-12505
-18358
-22925
-25732
-25744
-23243
-19870
-16484
-11839
-8482
-6394
-3687
-971
-730
-3360
-4963
-5897
-7802
-9380
-9152
-7734
-7085
-5649
-2558
797
3649
6162
8006
7996
7363
6795
5130
2393
-296
-2191
-4462
-6514
-7199
-5485
-2375
-1276
-449
1247
3662
3696
1990
2295
1182
-1835
-4494
-4030
-3648
-4505
-2892
-961
236
1570
4624
6296
5831
6382
6241
4165
1860
1722
766
-2047
-3104
-2355
-2069
-2446
-900
1078
1319
1423
2474
3219
2597
2087
1759
756
-231
-329
-198
-630
-593
-162
-191
-336
142
661
158
-480
-799
-1484
-2924
-4550
-6177
-7612
-4683
3285
10834
14072
17236
25202
31544
32356
31904
32592
29500
19533
10219
3840
-3181
-12095
-20115
-24852
-28524
-29246
-27238
-24096
-20098
-15793
-11614
-9323
-6277
-2795
-1981
-3787
-5928
-6646
-8496
-10121
-9503
-7916
-6509
-4936
-1366
2361
5748
9027
10855
10807
9428
8270
5705
1670
-1969
-5273
-8775
-12092
-12974
-12032
-11099
-9681
-7207
-3086
1540
5563
8875
10772
11971
11151
9159
7602
5380
2299
-1338
-3178
-4041
-4652
-4069
-2751
-1260
-190
1792
3834
5138
6154
6460
5819
4518
3915
3105
1398
-247
-1239
-2062
-3167
-3126
-2260
-1784
-1617
-1129
-79
725
1508
2375
3109
3383
3351
3500
3252
2835
1957
763
-612
-2042
-3080
-4436
-5722
-7092
-8341
-8908
-3221
7031
13480
15000
17812
27668
32626
31094
29827
30221
26478
13957
5749
1160
-5356
-14210
-21889
-24490
-27326
-27101
-24538
-21633
-17634
-14141
-10561
-9199
-6189
-2586
-2899
-5231
-6831
-6553
-8175
-9224
-7317
-5337
-4277
-2659
1479
4941
7459
10250
11357
10145
7937
6671
3847
-796
-4404
-7477
-10949
-14038
-14008
-12432
-11738
-10183
-6647
-2641
534
4754
8987
10780
10385
10410
10098
7396
4932
2836
143
-3162
-4379
-3913
-4406
-3685
-1789
-213
529
2735
5542
5914
5774
6308
6122
4171
2862
2462
449
-2058
-3256
-3497
-4255
-4288
-3095
-2645
-2366
-1082
845
1709
2306
3614
4173
3488
3240
3343
2509
631
-630
-1767
-3669
-5228
-6305
-7572
-7146
1491
11029
14829
15100
21030
31131
31858
29563
28810
29101
21340
8780
3597
-1445
-8370
-17606
-22955
-24621
-26551
-24504
-22448
-18843
-14986
-11800
-9246
-7829
-3670
-1942
-3509
-5380
-5806
-5855
-7646
-6659
-4264
-3108
-2199
434
4577
6635
8664
10479
10082
7669
5293
3931
204
-4090
-7365
-9823
-12142
-13615
-12156
-10617
-8964
-6961
-4130
-1005
1222
3805
4894
5370
5232
4702
3963
2613
2193
1095
99
-337
-30
582
632
1430
1920
2175
2396
2835
3078
2581
2466
2234
1870
1413
1272
1053
182
-391
-772
-919
-1294
-1407
-1269
-1464
-1253
-821
-22
523
1032
1853
2244
2320
2277
2318
1861
651
-427
-1446
-2856
-4960
-4375
3229
10919
13891
13743
19552
29563
30909
28856
28153
28795
21876
9896
4576
202
-6439
-16350
-22752
-24682
-26528
-25394
-24075
-20773
-17001
-14150
-11535
-9323
-4622
-2471
-3711
-5044
-5028
-4753
-6164
-5026
-2812
-2143
-1556
1134
5271
7062
8786
10589
10267
7507
4997
3954
541
-4148
-8074
-10755
-13347
-15223
-14371
-12907
-11522
-9653
-6755
-3182
301
4001
7784
9749
10431
10322
10177
9544
6696
4243
1569
-1191
-3741
-4971
-4370
-4820
-4525
-3157
-1422
208
2038
4469
5175
5342
5783
5422
4128
2835
1832
-554
-3052
-3776
-3864
-4579
-4791
-3587
-2656
-2148
-646
1486
2493
2750
3589
3789
2910
1948
1333
-239
-2335
-3863
-5188
-6228
-1259
8379
14011
14658
17073
27264
32609
30925
29530
29583
26444
14532
6148
1834
-3968
-12498
-21386
-24363
-25997
-25389
-23771
-21728
-17447
-14275
-11453
-9554
-5803
-2245
-2899
-4578
-5384
-5130
-5999
-5798
-3480
-2378
-1626
515
4659
7414
9071
11308
11566
9318
6153
4785
2232
-2439
-6611
-9777
-12109
-14406
-13924
-12198
-10745
-8982
-6710
-3379
-630
2378
4393
4972
5028
4589
4110
3091
2357
1507
249
-498
-426
183
547
1150
1737
2019
2176
2593
3085
2831
2296
1911
1670
1227
821
637
172
-590
-1315
-1450
-1309
-1454
-1607
-1856
-1765
-1592
-1006
-299
73
430
413
717
622
543
421
-370
-1273
-2129
-1204
4912
11526
15140
15541
19270
28044
30405
28938
27259
27737
22966
11736
5739
1702
-3746
-13483
-20895
-22832
-24920
-24884
-24458
-21618
-18421
-16325
-13555
-10897
-6448
-3964
-4051
-4661
-4496
-3777
-4008
-2857
-1377
-830
-131
2308
5802
7439
9130
10703
10267
7588
5345
4682
1621
-2993
-6948
-9274
-11630
-13719
-13253
-12113
-10814
-9785
-7343
-4021
-1106
1675
3024
4079
4349
4328
3974
3311
2924
1791
655
-5
494
1128
1230
1358
1711
2222
2222
2376
2687
2450
1531
639
598
444
36
-284
-529
-860
-1204
-844
-565
-637
-839
-1000
-981
-1021
-632
-363
-436
-366
-235
-120
-466
-455
-1138
-1811
-2091
2199
9420
13677
15551
17496
25620
30284
29708
28526
28126
26390
16492
8842
4562
-349
-8263
-17502
-20915
-23256
-24177
-24211
-23035
-19941
-18006
-15503
-13178
-9580
-6199
-5495
-5759
-5949
-4888
-4305
-3402
-1730
-707
426
2340
5676
7869
9381
11069
11141
9180
6411
5437
3182
-1170
-5472
-8479
-10566
-13063
-13293
-12299
-11244
-10230
-8364
-5061
-2254
453
2297
3236
3512
3300
3334
2674
1936
963
103
-228
127
1105
1695
2114
2532
3020
3163
3241
3289
2584
1360
352
34
-490
-1330
-1675
-1778
-1868
-1940
-1384
-569
-419
-498
-567
-260
-103
-23
-45
-536
-831
-928
-1136
-1368
-1812
-1949
-2127
-384
6868
13213
16592
17420
23145
31104
31423
29641
28178
28038
20812
10137
5160
871
-5413
-15018
-20506
-21909
-23430
-23391
-22816
-19865
-17314
-15477
-13378
-10833
-7184
-5885
-6526
-7145
-6494
-5427
-4865
-3179
-1479
65
2082
5452
8545
10264
12203
12803
11222
8028
6256
4430
-203
-4934
-8548
-10628
-13381
-14414
-13102
-12043
-11078
-9707
-6381
-3189
-648
1540
2778
3433
3483
3544
3358
2778
2010
879
191
407
1213
1613
1841
2300
2609
2549
2596
3080
2614
1246
75
-250
-446
-1288
-1632
-1760
-2026
-2509
-2483
-1520
-1057
-1098
-1352
-1062
-479
-189
124
86
120
2
-92
-310
-441
-916
-1170
-972
3906
10723
15207
16929
19465
27559
30886
29855
27782
27420
24425
14087
6908
2578
-2110
-10337
-18294
-20751
-22376
-22708
-22747
-21083
-18144
-16201
-14185
-12461
-9156
-6401
-6191
-6952
-6973
-5528
-4498
-3241
-1664
4
2001
4515
7626
9597
11502
12469
11436
8693
6221
4814
1245
-3307
-7443
-9826
-12124
-13873
-13262
-12248
-11036
-10065
-7520
-4395
-1518
768
1799
2591
2836
2922
2363
1976
1737
649
-234
-38
1200
1755
2026
2830
3382
3388
3318
3903
3619
2146
741
-101
-635
-1591
-2203
-2573
-2995
-3123
-3070
-2328
-1650
-1152
-1215
-1227
-565
33
190
-222
-122
-109
-763
-945
-1133
-1034
-1312
65
7123
13472
17591
18508
23380
31382
32215
30176
27648
27664
21544
10273
4221
166
-5195
-14865
-20952
-21722
-22666
-22797
-22570
-19620
-16967
-15410
-13628
-11455
-8332
-7022
-7508
-8232
-7503
-5876
-4453
-2474
-475
1862
4500
7844
10687
12231
13938
13897
11677
7878
5524
3320
-1350
-6168
-9831
-11654
-13839
-14395
-13106
-11830
-10694
-9236
-6088
-3255
-1005
389
997
1439
1401
1517
1267
1325
1064
391
463
1498
2898
3201
3517
4150
4354
3870
3541
3660
2617
779
-556
-942
-1409
-2333
-2700
-2824
-2885
-3066
-2777
-1925
-1367
-1090
-1340
-1126
-417
-82
-176
-548
-258
-431
-851
-1222
-991
-475
950
7393
13562
17742
18666
23456
31305
32145
29986
27281
27156
21001
10152
4405
361
-5054
-14522
-20229
-20855
-21719
-22053
-22257
-19448
-17034
-15918
-14634
-12534
-9270
-8429
-9039
-9178
-7745
-5919
-4435
-1907
591
3069
5701
9273
12075
13257
14513
14072
11562
7581
5226
3300
-1582
-6722
-10058
-11344
-13058
-14253
-12677
-11061
-10430
-9747
-6760
-3305
-1945
-1222
-370
453
138
203
978
1304
917
580
1351
2430
3595
4119
4125
4207
4344
4063
3216
2854
2260
626
-1146
-1451
-1030
-1864
-2795
-2748
-2543
-2943
-3128
-2179
-1735
-2133
-2320
-1669
-975
-886
-615
-529
-180
-350
-392
-322
26
1016
5498
12129
17020
18804
21139
28644
32373
30733
27550
26860
24052
13993
5947
2032
-2037
-10186
-18106
-19853
-20186
-20889
-21722
-20272
-17395
-16230
-15561
-14315
-11413
-9609
-10146
-10689
-9351
-7042
-5343
-3175
-72
2898
5451
8690
12139
13651
14307
14290
12596
8802
5294
3469
-222
-5431
-9246
-10363
-11597
-13336
-12392
-10181
-9275
-9450
-7296
-3895
-2897
-2844
-1999
-871
-1466
-1884
-629
286
121
244
1648
2855
3758
4797
5342
5017
4723
4719
3991
2907
2115
1050
-608
-1467
-998
-1258
-2203
-2249
-1668
-1979
-2566
-1897
-1426
-2241
-2970
-2463
-1804
-2102
-1882
-1205
-982
-962
-519
39
313
578
3342
9821
15037
18421
19337
24631
30431
30418
28227
25756
25168
18128
8864
3932
207
-5141
-13626
-17737
-18315
-19215
-19747
-19933
-17710
-16386
-15862
-15259
-13643
-11252
-10774
-11392
-11113
-8915
-6493
-4171
-1283
1847
4780
7629
10995
13076
13759
14116
12698
9552
5509
3253
523
-4332
-8666
-10708
-11354
-12444
-11730
-9242
-7162
-6509
-5007
-2321
-702
-475
-802
-1010
-2040
-3022
-3086
-2985
-2585
-2251
-1251
128
2033
4199
5269
5807
6035
6045
5254
4233
3464
1849
-244
-1592
-1789
-2044
-2740
-2670
-2200
-2002
-2074
-1365
-602
-828
-1404
-1645
-1351
-1413
-1513
-1517
-1543
-1385
-1527
-968
-1074
-520
-192
2306
9636
14991
18617
19152
24975
31262
30502
28139
25699
25087
17374
7689
3309
-241
-5401
-13795
-17592
-17684
-18326
-18596
-18838
-16506
-15310
-15324
-15352
-13886
-11584
-11431
-12223
-11990
-9533
-6936
-4054
-597
2645
5784
8524
11709
13373
13800
13962
11829
8128
3971
1853
-370
-4650
-7966
-9481
-9595
-10221
-9913
-7803
-6687
-6619
-6454
-4723
-3177
-3395
-3735
-3535
-3212
-3352
-2818
-1293
128
611
1286
2667
4075
4975
4966
4808
4264
3586
2845
2118
1861
1253
253
-444
-201
256
-209
-825
-908
-1056
-1736
-2087
-1718
-1867
-2616
-2873
-2373
-1635
-1344
-825
-321
-20
147
357
307
-134
-307
1239
7731
13354
16820
17620
22417
29610
30078
28036
25616
25131
18855
8714
3590
97
-4783
-12841
-17766
-17885
-18432
-18508
-18581
-16454
-14759
-14648
-14689
-13647
-11409
-10996
-11824
-12009
-9978
-7351
-4531
-946
2421
5604
8452
11606
13491
13742
13865
11859
8064
3548
931
-1295
-5630
-8546
-9197
-8804
-9645
-9512
-6618
-4851
-5374
-5815
-4102
-3098
-4279
-4832
-3927
-3669
-4673
-3909
-1481
176
757
1946
3907
4812
5117
5295
5068
4096
2908
1829
865
575
465
-138
-649
-43
796
323
-113
220
53
-1242
-1987
-1475
-1689
-2753
-2762
-1848
-1455
-1316
-594
547
699
863
1119
1091
54
-493
57
5133
11271
15291
16808
19441
26991
29591
28400
25814
24648
20690
10917
4389
628
-3686
-10361
-16605
-17726
-18070
-17812
-17541
-16455
-14453
-14045
-14162
-14165
-12393
-11353
-11853
-12509
-11113
-8331
-5378
-1581
2092
5428
8245
11044
13183
13330
13265
11688
7988
3304
164
-1190
-4365
-7655
-9106
-8629
-8627
-8408
-6413
-4598
-4727
-5596
-4900
-3962
-4178
-4906
-4958
-4513
-4399
-3535
-1659
449
1913
2540
3609
4669
5467
5214
4330
3533
2439
1344
506
580
732
205
-228
186
989
951
523
261
-184
-1058
-1875
-1761
-1770
-2172
-2327
-1838
-1028
-359
279
986
1277
1417
1184
963
321
-695
-1341
242
7113
12861
16292
17277
22377
29190
29495
27308
24518
22926
16212
6371
1063
-2291
-6536
-13172
-17503
-17170
-16556
-15901
-16005
-14482
-12936
-13284
-14598
-14730
-13125
-12657
-13391
-13289
-10704
-7266
-3386
959
4952
8442
10986
12933
13512
12788
11830
8671
4046
-314
-2388
-3833
-6386
-8041
-7863
-7068
-7094
-5971
-4039
-3338
-4730
-5767
-5160
-5347
-6101
-6139
-5275
-4714
-4197
-1926
675
2366
3378
4336
4872
4680
4641
4124
2816
1527
866
330
5
606
1407
1174
845
1471
1840
1023
192
-224
-1110
-2408
-2744
-2178
-2259
-2217
-1354
-251
331
1048
2049
2259
1876
1631
1242
416
-880
-1601
-2185
-331
6985
13476
17500
18267
23415
30028
30093
27223
23457
21284
14308
4387
-1211
-4086
-7145
-12798
-16846
-16041
-14411
-13579
-14327
-13611
-12387
-13426
-16021
-16899
-15399
-14502
-14929
-14387
-10738
-6182
-1597
2891
7192
10828
12662
13138
12591
11340
9526
5789
1189
-2420
-4045
-4746
-5730
-6048
-5381
-4660
-4415
-3821
-3114
-3522
-5600
-7436
-7919
-8267
-8324
-7743
-6056
-4372
-2772
-56
2613
4479
5256
5522
5307
4336
3486
2623
1514
671
332
437
751
1738
2723
2688
2151
2054
1790
546
-817
-1491
-2120
-3064
-3268
-2350
-1428
-761
13
989
1734
1981
2323
1914
1545
1149
348
-304
-917
-1298
-1571
-1073
5461
13162
17939
19034
20891
27826
29302
26358
21543
18658
14566
5142
-1779
-4378
-5384
-8751
-13894
-14612
-12375
-11025
-12361
-14123
-13489
-13712
-16742
-19430
-18285
-15564
-14463
-14440
-11040
-5086
96
3880
7216
10942
12727
11964
10272
8794
7243
4156
56
-2500
-3257
-3300
-3708
-3771
-2671
-2321
-3076
-4021
-4277
-4694
-6955
-9190
-9900
-9139
-8407
-7592
-5220
-2381
-279
1143
3083
4898
5162
4266
3289
2685
1883
1053
815
1137
1754
2210
2612
3432
4185
3845
2548
1418
660
-639
-2370
-3033
-2774
-2661
-2756
-1873
-172
871
1270
1498
2049
2022
1426
731
251
127
-149
-507
-682
-331
-250
-233
424
6930
14608
18850
19200
19832
25770
27379
24309
18997
16116
13156
4806
-2084
-4142
-3782
-6520
-12229
-13837
-11701
-10474
-12792
-15383
-15093
-15277
-18050
-20174
-18249
-14841
-12916
-12216
-9060
-3521
2062
5469
6903
9177
11121
10252
7571
6357
5850
3299
453
-1121
-1429
-867
-1065
-1998
-2209
-2283
-3698
-5563
-7047
-7570
-8766
-10383
-10457
-8943
-6726
-5225
-3344
-827
1316
2451
2812
3212
3416
2753
1558
1014
1200
1706
2075
2595
3605
4490
4824
4583
4106
3260
1881
289
-1100
-1836
-2415
-2877
-2783
-2089
-1013
-176
491
1163
1464
1336
1080
851
445
77
-63
157
460
813
1180
1422
1162
978
678
3567
10361
15914
18453
17045
20217
24744
24841
20530
15291
13758
8884
1267
-4127
-4785
-4298
-8458
-13436
-13977
-11197
-10407
-13586
-16034
-15371
-14980
-17615
-19111
-16270
-11745
-10347
-10356
-6500
8
4778
5851
6804
9070
9832
7956
5490
4651
4378
2272
-186
-1196
-251
281
-855
-1907
-2533
-3058
-4861
-6980
-8255
-8747
-9210
-9827
-9527
-7326
-4533
-2662
-1636
-63
2099
2788
2097
1722
2094
1900
948
819
1950
3131
3727
3961
4431
5032
5036
4021
2464
1357
602
-586
-2028
-2519
-1990
-1662
-1715
-1191
66
951
919
726
659
599
252
-72
-316
80
654
1056
1423
1937
2682
2654
1713
1219
953
3560
9554
15041
18171
16815
19011
22804
23807
20130
14223
11670
7578
1467
-4260
-6051
-5107
-6986
-11245
-13520
-11838
-9576
-11293
-14912
-16243
-15603
-16503
-18260
-17224
-12794
-9280
-8199
-6073
-1236
4499
7134
7102
6969
7329
7019
4926
2779
2205
2103
1028
-738
-871
672
1282
-70
-2565
-4212
-5111
-6456
-8332
-9559
-9395
-8430
-8002
-7115
-4519
-1416
161
-45
155
1301
1808
1282
663
797
1579
2138
2870
3846
5204
6146
5773
4685
4008
3790
2682
727
-806
-1270
-1493
-1823
-1787
-1077
-318
119
350
555
702
641
220
-564
-870
-622
-84
302
843
1881
2610
2944
3015
2839
2340
1131
100
203
4619
11219
16756
17530
16626
19567
22518
22624
16921
11291
7769
3521
-1402
-5926
-6644
-5772
-7020
-9977
-11906
-10442
-8998
-10657
-14327
-16684
-16924
-17336
-17377
-15706
-11895
-8392
-5938
-3162
670
4796
7062
7170
5766
4445
3598
2541
1738
1174
1203
1228
1006
1526
1926
1988
725
-1838
-4510
-6625
-7626
-8285
-8859
-8759
-7908
-6557
-4636
-2389
-365
418
366
277
96
-96
34
714
1394
1732
2590
3983
5354
6054
6006
5460
4339
3175
2066
1042
129
-445
-824
-1056
-820
-114
514
561
388
287
90
-234
-538
-748
-942
-924
-435
353
1255
2149
2846
3101
2992
2632
2004
1118
-9
-715
-1394
933
6675
13835
18485
17881
18064
19081
20608
18579
12810
7761
2818
-342
-3322
-5031
-4888
-4943
-5280
-7073
-8069
-8632
-9976
-12135
-15145
-16885
-18566
-18750
-16987
-13567
-9504
-6525
-3577
-932
1748
3791
4646
4234
2471
735
-452
-277
766
1938
2831
3340
3936
4320
4021
2900
945
-1831
-4697
-7098
-8134
-8122
-7394
-6167
-5040
-3897
-2541
-1112
-34
100
-453
-1185
-1881
-1917
-1088
254
1449
2496
3586
4686
5431
5715
5617
4689
3272
1926
1010
591
499
703
922
1088
1305
1558
1578
1285
882
155
-666
-1326
-1580
-1411
-1103
-586
70
715
1352
1937
2342
2355
1987
1369
695
0
-562
-974
-1253
-744
2547
8298
14734
18047
18170
17269
16167
15543
12865
9493
5120
1276
-1159
-2533
-2050
-1957
-2090
-3376
-4867
-5830
-7688
-9824
-13224
-15676
-17091
-17391
-16052
-14373
-11359
-8610
-5558
-3031
-1524
-639
-770
-710
-1091
-1393
-1776
-1976
-1062
547
2872
4865
6074
6511
5897
4819
3205
1305
-883
-2793
-4000
-4456
-4202
-3662
-2650
-1982
-1575
-1374
-1499
-1884
-2814
-3672
-4072
-3950
-3247
-2157
-758
762
2285
3438
4045
4069
3733
3212
2499
1981
1844
1865
2029
2376
3054
3782
4147
4155
3771
2960
1991
1084
342
-151
-505
-492
-274
129
694
1125
1375
1453
1412
1262
895
434
24
-208
-277
-183
48
321
602
496
328
920
2612
5522
8400
10635
12135
12201
11505
9427
7038
4305
1536
-244
-1317
-1075
-797
-394
-487
-1252
-2401
-3997
-5245
-6939
-8509
-10075
-11199
-11367
-11301
-10455
-9610
-8239
-6661
-5321
-4220
-3813
-3613
-4071
-4571
-4944
-4813
-4111
-3147
-1565
198
2090
3719
4695
5109
4717
3992
3043
2125
1364
741
479
376
721
936
1083
985
559
151
-612
-1301
-1909
-2332
-2340
-1977
-1154
-217
782
1524
2095
2469
2445
2391
2048
1684
1350
1153
1287
1673
2338
2736
3073
3244
3315
3357
2914
2339
1717
886
213
264
668
1070
1455
1694
2023
1855
1330
1101
847
336
-112
-431
-754
-803
-650
-293
-28
-33
170
280
64
-208
-542
-897
-1312
-1654
-1908
-1981
-1695
-1100
-231
722
1828
2874
3620
3913
3547
2664
1475
345
-604
-1306
-1440
-1067
-417
313
990
1377
1222
476
-715
-1952
-3169
-4162
-4744
-4905
-4501
-3876
-3229
-2672
-2249
-2024
-2142
-2396
-2770
-3144
-3411
-3513
-3297
-2842
-2246
-1697
-1145
-571
0
495
702
873
1032
1113
1141
1112
1031
937
861
696
658
683
852
1171
1372
1662
1829
1810
1662
1489
1445
1391
1324
1263
1276
1359
1423
1459
1510
1401
1207
997
930
1031
1118
1159
1175
1240
1209
1062
775
603
501
258
45
-22
169
358
390
368
237
35
-122
-168
-143
-64
41
99
52
-15
-69
-124
-196
-269
-339
-428
-403
-367
-427
-611
-779
-921
-1147
-1428
-1615
-1685
-1702
-1595
-1340
-920
-528
-103
293
557
741
771
835
857
815
792
791
934
1144
1358
1557
1690
1772
1790
1638
1324
790
156
-474
-1071
-1463
-1708
-1835
-1850
-1790
-1625
-1466
-1336
-1362
-1595
-1871
-2176
-2330
-2421
-2385
-2196
-1939
-1563
-1166
-732
-458
-228
-116
-70
-54
-58
90
184
323
440
498
507
498
542
699
1089
1492
1652
1505
1255
1200
1307
1352
1266
1006
779
530
491
435
348
360
90
-330
-448
-5
-320
-625
-195
-122
-28
96
347
762
1179
1202
986
999
717
672
827
858
745
829
1172
1061
478
-80
-137
-469
-578
-244
-153
-54
-12
-287
-755
-1078
-1069
-1114
-1188
-938
-865
-841
-669
-753
-1090
-921
-568
-336
73
356
323
353
669
742
855
1046
1135
1318
1539
1629
1743
1856
1823
1705
1415
1045
788
728
606
436
290
110
-81
-334
-716
-1053
-1376
-1578
-1732
-1868
-1789
-1756
-1840
-1930
-1964
-1949
-1893
-1743
-1377
-1068
-875
-801
-916
-1130
-1236
-988
-659
-214
247
210
-221
-290
-130
-242
-345
-521
-949
-487
401
411
-304
-954
-684
-558
-577
-238
-80
-172
56
646
903
696
1016
1599
1130
621
1170
1422
1207
885
528
1198
1723
1627
1653
1636
1400
1182
1229
1169
972
786
337
86
588
692
202
169
-9
7
240
-198
-177
258
47
-399
-503
-475
-222
409
618
447
488
362
81
84
82
347
510
119
-94
161
397
202
-39
-136
-121
-153
-217
-161
-203
-410
-450
-238
-219
-362
-369
-336
-404
-334
-150
-170
-79
-101
-291
-450
-441
-289
-302
-345
-345
-330
-346
-366
-409
-621
-688
-747
-834
-882
-1045
-1020
-1208
-1314
-1304
-1176
-1251
-1435
-1550
-1491
-1078
-1068
-1276
-1355
-1333
-1420
-928
-53
116
187
157
-529
-274
591
312
-222
151
481
927
1607
1359
555
706
1259
1828
1748
1078
1048
1271
756
565
565
-51
-173
954
1353
923
1002
1054
320
140
963
630
6
449
1262
1242
1284
923
813
1397
1893
1524
1151
1154
1149
1276
1101
412
449
1162
944
403
248
0
-247
-316
-547
-930
-1339
-1224
-1062
-1676
-1784
-1284
-1491
-1419
-858
-1166
-1376
-1070
-843
-521
-682
-995
-469
125
217
38
-252
-260
60
165
150
264
291
141
294
401
154
-51
-265
-515
-399
-249
-666
-1023
-1003
-957
-995
-884
-561
-518
-714
-935
-1123
-1229
-1091
-1005
-810
-555
-615
-660
-532
-193
206
308
114
143
352
357
311
211
116
267
594
349
687
1349
706
2
413
430
-152
-234
-569
-895
-612
207
1002
1233
792
154
-550
147
1070
574
76
719
1550
1566
1546
1589
1652
1632
1574
1708
1567
1254
1227
715
485
825
1017
512
59
502
716
4
-269
-121
-344
-727
-901
-919
-906
-534
-293
-14
-164
-293
-724
-325
-14
-604
-893
-840
-346
9
-136
-994
-374
-13
-450
-676
-603
-198
-63
-252
-690
-774
-920
-498
-262
-672
-1063
-1047
-531
-397
-740
-707
-223
-363
-522
-90
-352
-983
-920
-1081
-910
-127
48
-52
366
567
219
57
-291
-439
54
689
282
-4
241
440
810
912
245
-45
295
139
426
337
-284
-783
-994
-168
742
640
197
186
349
384
526
458
131
486
793
325
97
347
1298
1500
997
788
877
704
361
481
25
-231
32
447
608
-208
-45
811
876
221
-819
-1581
-799
-2
-435
-567
-601
95
465
327
-211
-816
-140
668
72
-96
-127
-511
-408
42
-27
-203
405
516
78
-437
-650
-426
159
-95
-966
-519
-63
-333
181
516
-170
-464
-525
-654
-382
-602
-780
-44
-189
-610
-145
411
491
404
-216
-877
-529
175
32
-37
111
-120
292
647
345
521
206
-608
27
166
-346
-31
311
-109
-247
126
101
-356
-381
26
29
-598
-566
335
482
467
562
300
66
780
1368
929
257
77
210
268
301
-270
-435
457
1413
1135
153
-570
-477
1
19
-181
-581
-925
-328
103
-8
-114
-307
-488
-19
294
-21
-195
-246
-838
-602
544
551
530
518
365
-469
-949
-516
-47
510
398
-566
-708
227
203
142
130
-603
-704
-95
-137
-229
-377
-725
-431
50
-12
-444
-113
121
194
326
187
-366
-348
336
301
61
-251
-303
25
298
296
270
113
196
423
575
380
175
-30
-129
-119
-270
-461
-8
503
466
110
-361
-23
3
-50
86
-134
-152
160
840
589
87
237
447
296
870
808
514
521
138
-6
322
110
429
823
198
-159
-575
-290
-222
311
337
-510
-765
-649
-778
-188
58
-571
-668
-377
-264
-390
-327
-378
-66
-219
-626
-703
6
442
105
-434
-595
-897
-634
187
-83
-173
11
137
-35
159
598
291
-129
-256
223
365
-125
-106
543
477
12
-370
-634
119
35
-328
-311
-748
-278
251
-60
181
97
-385
331
1166
382
-339
-328
-514
-242
374
308
243
535
1000
663
310
445
253
17
-264
-602
-492
-275
158
960
842
395
-96
-3
178
94
-385
-716
-471
86
766
877
357
171
910
1183
520
-176
-820
-281
318
-52
-71
487
1195
989
132
-719
-895
-408
-56
-19
49
-317
-502
25
-100
-471
-325
-554
-705
-74
350
15
-508
-987
-1098
-300
-321
-718
-692
-429
47
-14
-311
-547
-593
-128
222
-86
-437
-300
-231
-144
51
632
697
439
587
308
-99
-277
-338
-630
-19
909
969
971
765
43
33
-71
-302
-538
-329
290
188
124
176
40
824
1103
-140
-372
-157
-212
83
283
99
-54
-15
-227
386
1080
144
-382
-33
-331
-408
266
188
-266
80
112
-342
-174
306
500
523
408
129
-71
64
-38
198
198
-141
159
435
-331
-443
284
425
-20
-82
-226
-651
-468
-163
-69
116
208
35
144
-48
73
535
61
-623
-1066
-613
130
318
428
466
495
-92
-718
-568
-420
-110
202
-130
-912
-774
-182
253
650
147
-431
-429
-285
-266
-411
-179
-82
-366
-862
-187
886
547
-319
-507
-44
-158
-331
-79
80
133
239
305
93
69
88
176
536
586
532
406
303
286
341
667
58
57
902
255
-531
-56
278
365
280
64
75
177
469
338
58
-98
-136
-149
-48
-103
-86
140
-113
-282
-193
112
288
315
133
-300
-24
446
308
-339
-493
-94
-194
-304
-44
210
-58
-165
-66
-281
-228
-40
-44
-279
-276
-103
84
48
-56
106
-19
-417
-101
109
-283
-719
-371
-22
-368
-215
99
283
108
-144
-327
-148
169
337
325
-181
-355
-136
-281
-454
199
629
429
163
-250
-513
-48
478
49
-202
-338
-519
-158
247
291
203
118
75
67
-90
132
457
241
-187
-219
219
374
476
500
352
430
448
102
-346
-491
-58
415
330
287
117
-164
129
394
321
247
105
-107
-337
-381
-171
-30
-20
33
-63
-5
396
356
4
90
7
-334
-361
-227
-98
-3
101
11
125
172
-108
-220
41
211
-126
-200
-81
-199
-151
-21
-9
-89
-171
-203
-52
-18
-261
-237
-218
-478
-635
-339
65
64
-99
-226
-155
-27
-127
-329
-64
341
285
212
202
5
20
106
187
129
-88
-58
-22
158
324
220
-18
-264
-212
-34
136
185
22
-21
171
169
-61
9
-85
-333
-40
122
14
49
257
221
17
-50
-66
179
319
335
237
101
123
109
92
-2
-84
-47
59
134
217
268
60
-116
-172
-55
-12
-226
-120
-9
-20
76
91
-58
-84
178
162
-26
-164
-254
-152
213
228
-47
-8
-28
-87
-20
-36
-11
143
234
112
-94
-243
-219
-66
-151
-221
-76
25
14
-66
-72
63
22
-206
-133
-154
-358
-326
-275
-171
78
122
-34
-22
92
-51
-214
-182
-125
-75
-64
35
84
24
99
186
87
-12
-20
-40
-80
-62
-28
-99
-138
-111
-49
102
100
12
210
348
210
103
28
-89
-121
36
167
191
279
321
256
188
140
167
137
6
-89
-56
3
-69
-98
32
86
75
191
208
153
168
-24
-297
-351
-257
-240
-173
17
67
-45
-78
43
1
-110
-64
-89
-120
69
125
-82
-90
-17
9
65
61
127
198
107
-38
-27
-10
-65
-64
-119
-164
-75
27
72
121
58
-95
-148
-234
-346
-261
-37
89
97
60
-86
-226
-169
14
104
103
151
187
139
64
2
-24
19
128
179
78
-6
2
15
40
78
56
-21
-112
-200
-205
-116
-14
53
22
-120
-227
-236
-230
-155
3
129
121
39
31
110
137
89
56
61
85
108
113
116
132
135
121
101
93
73
39
42
44
-4
-42
-27
-32
-80
-146
-217
-236
-169
-88
-60
-76
-105
-95
-69
-63
-29
32
84
125
98
-19
-74
-9
35
59
121
150
115
106
96
37
13
17
1
33
72
38
3
-7
-11
1
7
-14
-23
-31
-64
-102
-123
-131
-109
-24
50
50
10
-5
-12
-26
-2
33
38
16
-8
-6
9
1
-4
16
17
10
7
19
40
33
4
-10
4
10
7
-15
-39
-29
-26
-35
-43
-49
-48
-36
-7
23
44
28
19
16
10
17
29
16
-4
2
4
-5
7
16
19
35
41
18
-1
-4
-17
-44
-68
-68
-50
-43
-42
-31
-24
-25
-17
-12
-9
4
-8
-21
26
63
24
47
147
110
-11
0
70
20
-57
-29
33
39
21
33
54
36
-2
-15
-10
-29
-52
-46
-20
-18
-33
-23
-2
-1
-16
-21
-20
-24
-22
-22
-36
-39
-28
-12
-10
-6
1
-14
-16
6
11
-8
-12
8
18
4
4
19
20
11
14
10
2
9
22
27
28
23
23
26
27
28
27
25
26
34
31
21
24
38
34
23
15
8
4
9
3
0
-3
-17
-23
-12
-12
-35
-43
-39
-41
-52
-51
-49
-50
-46
-34
-26
-19
-15
-16
-17
-15
-14
-9
-7
-8
-6
-1
0
7
18
17
11
10
11
9
9
11
9
1
-12
-16
-12
-4
-7
-11
-4
4
2
-2
-7
-16
-21
-19
-16
-22
-27
-21
-4
17
27
22
26
36
42
41
35
36
36
35
29
25
26
28
32
26
23
16
10
13
8
-6
-14
-10
-11
-15
-9
-1
-3
-11
-6
-5
-10
-8
-1
5
1
3
8
11
4
-2
-3
-2
-1
2
6
0
-6
-2
-2
-11
-24
-28
-26
-22
-24
-21
-22
-20
-17
-17
-19
-22
-25
-18
-12
-10
-11
-14
-12
-14
-13
-12
-10
-6
-7
-5
-1
10
18
20
17
9
7
10
12
12
12
9
-1
-1
6
10
7
3
4
-3
-7
1
6
2
-5
-3
2
-2
-5
-2
4
6
6
10
14
14
14
15
11
5
8
15
17
14
16
17
15
11
12
12
10
12
8
2
0
3
3
0
-5
-10
-11
-9
-5
-1
1
-1
-4
-4
-6
-4
0
-5
-10
-11
-8
-9
-6
0
2
-3
-5
-10
-13
-10
-11
-8
-8
-10
-7
-5
-4
-5
-5
-7
-11
-10
-9
-5
-1
0
-2
-4
-4
-3
-1
-3
-4
-2
-3
-3
-2
-2
-2
-4
-4
-3
-1
-5
-5
1
2
3
7
6
4
10
9
6
4
6
6
4
3
5
6
10
12
9
9
5
8
8
4
1
1
1
3
-1
1
0
2
6
7
5
2
4
6
8
6
5
2
3
4
4
1
-1
0
0
6
4
3
6
5
6
4
-1
-3
-2
0
-2
-6
-7
-9
-9
-3
-3
-5
-7
-8
-3
-4
-8
-10
-13
-12
-12
-16
-18
-19
-18
-11
-11
-10
-8
-3
-1
-1
-2
-1
0
-2
-2
-4
-2
-2
1
3
3
2
-2
-1
2
2
-1
-1
4
4
4
8
10
9
10
14
13
10
7
7
8
7
5
7
9
7
8
5
7
3
3
2
4
1
-4
-6
-7
-5
-5
-6
-6
-2
-1
-2
-1
-2
-4
-6
-9
-6
-7
-8
-7
0
3
4
2
3
4
3
3
5
5
3
2
5
9
2
-3
-2
3
6
0
1
-2
-3
0
1
-1
-5
-9
-7
-3
0
1
0
-1
0
3
2
1
1
1
-3
-3
-1
0
-2
-4
-2
-2
-2
-2
-1
-1
-2
0
1
-2
-4
-3
-3
-3
-2
-5
-2
-4
-5
-3
-1
0
-2
1
4
4
4
2
3
2
1
1
0
4
5
1
0
-1
3
6
5
4
2
4
0
1
4
4
4
4
3
3
2
0
2
0
-1
3
2
1
0
3
1
0
0
-2
-2
-2
-1
-2
-2
0
-2
0
0
-2
-4
-6
-8
-7
-5
-3
-4
-1
-2
-3
-3
-4
-3
-2
0
-1
-2
-4
-4
-3
-1
0
3
3
3
9
6
3
3
0
2
1
2
2
0
2
0
0
-1
0
0
0
0
-1
-4
-4
-3
-2
-1
2
2
0
0
5
5
3
4
6
1
1
1
0
-1
-2
-2
2
-1
-1
2
0
0
0
1
-1
-2
-1
-1
3
3
3
3
3
-1
-3
-2
-4
-1
2
0
-1
-2
-2
-2
1
-1
-2
0
0
-1
-1
1
-2
-4
0
1
2
0
-2
1
-1
-2
-2
0
1
0
1
2
2
1
0
0
3
-1
-1
2
-1
2
2
3
1
-1
2
3
0
0
-1
-1
0
0
-2
-3
-4
-4
1
0
-2
0
0
-2
-2
-5
-2
-3
-4
-2
-6
-4
-2
-4
1
3
2
5
1
-2
3
1
2
2
1
4
4
3
6
5
1
2
3
1
-4
-2
1
2
-1
1
2
1
2
-1
2
4
3
1
0
2
2
2
1
-1
3
3
1
-2
-3
-4
-4
0
-2
-2
-2
-1
-2
-4
-1
-1
1
0
-2
-6
-3
-6
-2
0
-3
0
1
4
1
1
0
3
1
-1
2
6
5
3
5
0
3
3
2
2
-1
-1
-2
-4
-1
-2
-3
-1
-6
-5
-4
-5
-3
-3
-1
0
-2
0
-1
-2
-3
0
-2
1
2
-2
1
2
1
1
2
1
-1
3
2
1
3
1
-2
2
3
3
2
2
2
1
-1
0
-4
-1
0
3
7
4
5
3
4
3
5
1
3
1
3
2
-1
-2
-4
0
-3
1
-1
-2
-2
-2
-2
1
3
2
4
1
0
-1
-1
0
-4
-4
-4
-4
-5
-6
-4
-5
-6
-5
-3
-5
-6
-5
-3
-3
-2
-1
1
2
2
4
3
3
5
7
3
5
1
-2
-1
1
1
0
0
1
-1
0
-2
-5
-3
-1
-1
0
2
0
-2
-1
-1
-2
-2
-2
0
2
3
5
1
3
2
3
6
7
6
0
1
0
2
2
0
1
2
5
5
2
0
1
2
0
1
-2
-1
-1
2
0
0
3
1
0
0
0
-1
-4
-1
0
-2
-3
-1
0
-3
0
0
1
1
3
0
-4
-4
-4
-5
-4
-4
-4
-4
-1
0
-1
0
2
0
-3
1
1
1
-1
-3
0
0
-2
-1
-1
1
2
3
3
0
2
3
3
2
-1
-1
-3
-5
-4
-2
-2
0
-1
0
1
-2
-1
-2
0
-1
2
1
0
2
-3
-1
2
1
4
3
1
4
4
3
3
3
2
1
2
-1
-3
-1
-2
-2
4
1
3
3
3
6
3
4
0
0
-1
0
1
2
2
1
5
3
1
-2
1
4
