SAMPLES:	6753
BITSPERSAMPLE:	16
CHANNELS:	1
SAMPLERATE:	16000
NORMALIZED:	FALSE
8
4
2
2
2
1
1
1
-4
2
3
2
-2
-2
0
-7
-4
0
-4
0
2
-4
3
4
-4
0
-2
-5
1
-1
-5
0
1
-4
-5
-5
-7
-3
0
-1
0
-1
1
-2
-2
0
-2
-5
-2
2
0
-2
3
6
-2
2
4
-3
0
5
0
0
5
-3
-3
0
-5
-6
1
-3
-5
2
-1
-9
-1
-2
-7
-1
1
-5
-1
5
-4
-2
6
1
-2
4
1
-5
2
-1
-9
2
4
-1
9
12
-4
5
13
0
7
23
13
6
16
15
9
24
17
7
17
17
9
21
16
1
21
16
2
27
20
7
32
16
5
35
15
3
35
17
8
28
20
11
24
24
21
16
22
38
15
24
49
6
17
55
-3
17
65
-10
12
59
-22
3
44
-43
-12
10
-90
-42
-29
-142
-77
-80
-212
-124
-114
-257
-160
-145
-300
-202
-157
-300
-217
-168
-299
-221
-160
-256
-189
-154
-229
-149
-132
-182
-74
-100
-154
-2
-50
-135
53
7
-113
99
71
-95
124
133
-62
138
173
-45
129
189
-20
125
202
14
128
189
35
140
184
67
162
180
89
187
176
86
176
128
50
162
102
12
110
14
-103
1
-84
-167
-36
-114
-188
-74
-143
-170
-52
-99
-58
59
49
194
321
336
519
597
610
875
1017
1124
1453
1559
1559
1734
1721
1621
1732
1716
1558
1566
1485
1225
1138
1006
641
443
243
-176
-343
-488
-870
-1001
-1174
-1625
-1806
-1988
-2398
-2500
-2560
-2847
-2883
-2847
-3041
-3067
-2989
-3092
-3090
-2931
-2852
-2711
-2453
-2266
-2103
-1855
-1632
-1448
-1200
-907
-656
-400
-94
152
398
681
869
1090
1356
1491
1701
1981
2062
2250
2504
2461
2554
2768
2635
2655
2850
2683
2632
2722
2436
2215
2188
1946
1797
1767
1510
1275
1107
853
708
526
195
-34
-328
-663
-753
-939
-1229
-1343
-1593
-1966
-2086
-2117
-1945
-1241
-47
1301
1831
853
-323
-132
868
1622
2028
2219
2120
1971
2208
2602
2490
1625
590
291
588
709
672
535
-48
-400
-474
-1443
-2660
-2800
-2517
-2466
-2394
-2536
-2841
-3019
-3145
-2992
-2847
-3543
-4444
-4308
-3480
-2873
-2656
-2477
-2200
-2083
-2090
-1971
-1964
-2174
-2088
-1611
-1168
-978
-840
-497
-65
240
431
451
443
816
1406
1926
2323
2379
2405
2829
3086
3043
3286
3565
3578
3589
3650
3766
3862
3782
3816
3808
3207
2627
2702
2834
2682
2552
2387
1976
1470
1181
1094
719
72
-294
-359
-565
-959
-1123
-1095
-1423
-1890
-1902
-1981
-2414
-2479
-2285
-2404
-2653
-2817
-2873
-2750
-2795
-2803
-2408
-2285
-2429
-2122
-1812
-1891
-1753
-1534
-1466
-1224
-1046
-917
-486
-257
-353
-65
168
-42
47
392
468
517
659
760
971
980
800
962
1093
888
872
973
886
871
821
635
484
192
-71
10
-12
-307
-285
104
568
1185
1812
1920
1652
1763
2136
2301
2360
2313
2235
2534
2820
2686
2591
2316
1600
1209
1234
974
575
330
132
29
-180
-645
-1149
-1693
-2169
-2258
-2310
-2606
-2795
-2798
-2712
-2690
-2866
-3024
-3175
-3363
-3183
-2829
-2764
-2619
-2275
-1960
-1647
-1587
-1686
-1561
-1482
-1426
-1019
-769
-834
-555
-16
329
509
645
807
995
1190
1574
1985
2047
2108
2383
2539
2596
2650
2659
2701
2710
2650
2670
2662
2532
2440
2369
2131
1776
1604
1572
1318
1035
991
697
203
109
-10
-465
-684
-857
-1245
-1317
-1365
-1702
-1722
-1683
-1982
-1980
-1817
-1987
-2034
-1912
-1951
-1996
-2002
-1996
-1878
-1813
-1770
-1546
-1374
-1313
-1086
-875
-816
-676
-548
-468
-255
-155
-185
-6
63
-144
-150
-132
-409
-630
-845
-1116
-922
15
2040
4754
5744
4007
2028
1889
3058
4337
5120
5240
4943
4765
5102
5677
5665
4402
2508
1531
1715
2089
2127
1683
841
400
101
-1226
-3092
-3960
-3884
-3802
-3729
-3666
-4023
-4621
-4617
-4081
-4031
-5142
-6588
-6905
-6003
-4965
-4312
-3824
-3411
-3072
-2855
-2746
-2739
-3093
-3364
-2732
-1886
-1577
-1205
-610
-209
404
892
728
550
786
1355
2291
3034
3136
3430
3918
4051
4268
4579
4263
3912
4180
4475
4514
4566
4423
4317
4332
4266
4621
5020
4029
2491
2588
2890
2185
1820
2121
1361
289
7
-527
-1458
-2150
-2361
-2713
-2802
-2975
-2787
-2647
-2950
-3199
-3330
-3860
-4642
-4355
-3916
-3724
-3758
-3505
-3377
-3305
-3243
-3016
-2602
-2763
-2776
-2047
-1271
-1284
-872
-258
-160
-108
97
200
378
678
825
1107
1194
879
728
1051
1187
902
846
1018
817
707
934
560
-147
-253
470
2577
5822
7288
5556
2808
1755
2986
4591
5140
4999
4882
4448
4638
5610
5864
4756
2599
757
405
1361
1424
785
320
-13
-472
-1675
-3580
-5011
-4953
-5007
-5013
-4777
-4972
-5462
-5197
-4250
-3721
-4289
-6300
-7239
-6299
-5113
-4374
-3633
-3263
-2983
-2246
-2109
-2081
-2107
-2794
-2933
-1937
-1389
-1267
-520
-47
531
1403
1310
723
674
945
1647
2743
2975
3055
3562
3807
4145
4607
4333
3832
3841
3913
4320
4547
4221
4263
4515
4148
4306
5071
4743
3420
2417
2256
2267
2077
1988
2062
1362
415
-16
-473
-1390
-2125
-2512
-2755
-2818
-2834
-2488
-2383
-2768
-3172
-3338
-4125
-4685
-4284
-3917
-3797
-3571
-3367
-3352
-3166
-3328
-3116
-2637
-2852
-2854
-1997
-1468
-1373
-745
-503
-488
-261
-273
-163
253
331
346
899
897
500
482
722
968
953
696
553
624
486
525
399
-194
-583
233
3056
7176
9078
6269
2058
1068
3447
5463
5910
5888
5600
4843
5026
6699
7512
5930
2503
165
203
1435
1892
1090
-76
-385
-16
-1305
-3718
-5339
-5580
-5531
-5549
-5454
-5410
-5852
-6149
-4620
-2937
-3862
-6722
-8196
-7324
-5580
-4533
-4260
-3693
-3177
-2915
-2182
-1477
-2079
-3194
-3339
-2503
-1619
-1299
-909
-195
624
1486
1864
1356
609
657
1626
2700
3005
3184
3660
4051
4691
5354
5223
4429
3796
3818
4641
5065
4743
5247
6277
6483
6321
5752
4085
2829
2469
1909
1612
1784
1635
1289
782
-221
-1144
-1549
-1945
-2866
-3646
-3178
-2168
-2039
-2593
-3297
-4059
-4543
-4474
-4497
-4981
-5207
-4276
-2931
-2801
-3852
-4646
-4251
-3127
-2572
-3061
-3128
-2237
-1064
35
75
-1442
-2176
-884
213
-27
-586
-495
286
966
902
441
-165
-498
17
690
471
-468
-1184
-1305
-1483
-2407
-57
9847
21564
22375
11827
5129
10273
15563
7084
-6799
-7186
7494
16742
9752
-2087
-5255
-948
1944
-1349
-9286
-12817
-8099
408
4909
5277
3061
-1080
-5915
-7395
-3899
-2870
-7321
-9418
-2936
2896
1206
-4010
-7573
-9593
-10801
-9908
-7801
-6981
-7602
-5073
585
3658
1750
-2888
-6732
-5853
-14
4445
3450
1255
2959
6949
7249
3339
-716
-2825
-3321
-1128
2514
2995
947
720
2924
3539
1804
-533
-1550
-199
3547
7374
8182
6646
5447
6065
6215
4300
2179
2913
5802
7487
6085
3086
766
-1524
-3897
-5125
-5118
-4091
-2140
-838
-955
-1325
-2021
-2827
-2965
-2349
-966
794
1493
1388
1251
94
-1899
-4154
-5536
-4980
-3556
-2705
-1910
-1315
-1633
-2094
-2545
-3236
-3037
-1810
-503
405
939
754
10
-1211
-2274
-2629
-2467
-1875
-1144
-676
307
1274
-236
-3000
-3515
-2275
-2543
-4067
-4332
-3168
-2604
-3883
-1264
13521
30513
27454
5379
-3348
11517
20527
3237
-16361
-10135
10962
17500
3049
-9929
-8995
-2808
-3780
-8201
-7087
-526
2372
-30
2782
11293
11614
-1923
-12697
-8025
2795
3613
-4055
-7706
-4006
89
-1854
-8114
-12218
-11009
-8122
-5993
-2837
589
171
-3625
-3841
1030
3518
-708
-5646
-3635
3388
8037
5899
309
-2383
-233
1890
20
-2714
-3016
-1445
48
1557
2144
809
-1039
-1020
1184
3610
4602
3531
2767
4585
7451
7522
4538
1723
1521
2861
3322
1995
1409
3319
3783
1199
-317
726
-845
-3535
-2734
-316
534
585
-93
-1449
-625
423
-884
-2766
-1851
221
382
-692
-1236
-1210
-1498
-1998
-2367
-2563
-2612
-2282
-2152
-1980
-1282
-1270
-2101
-2144
-996
-278
-589
-1317
-1740
-1418
-885
-1067
-1640
-1765
-1563
-1079
-693
-860
-832
-932
-1685
-1802
-908
-1242
-2989
-3498
-2799
-3202
-4243
-5378
-548
17238
32252
23498
1100
-1855
12969
14888
-3242
-16501
-7315
9498
11910
-673
-8091
-4879
-2915
-7450
-7638
776
5824
1291
-2461
5317
14502
9760
-4938
-12093
-5306
3440
2084
-5866
-8391
-4333
-2162
-4743
-7204
-6926
-6370
-6189
-4485
352
3773
834
-5177
-5236
1740
5698
1147
-5317
-4366
2299
5985
2281
-3062
-3189
219
1558
165
-294
-411
-1742
-2940
-1413
1787
2387
-182
-1403
1849
5881
5911
2078
-210
2062
5220
5401
3558
2196
1818
2104
1632
507
2521
4017
322
-2099
1978
3816
-1193
-4001
-2530
-239
1882
2122
-1447
-2274
1155
1616
-1148
-1827
-1176
-1809
-956
270
-405
-1610
-1781
-1830
-1212
12
-741
-2441
-2049
-151
148
-863
-1935
-2346
-1347
-12
-10
-1417
-2331
-2076
-1216
-932
-1274
-1447
-1056
-523
-253
-166
-834
-1851
-3432
-3317
-2680
-3190
-4221
-4658
-4816
2695
22347
32339
16951
-4124
-948
13927
12054
-7622
-18606
-6041
10961
10030
-4544
-8982
-2593
-1646
-7846
-5878
4934
8241
522
-4001
5367
15641
9838
-7236
-13975
-3871
5398
1752
-7523
-9574
-5331
-2398
-3809
-5423
-4341
-3602
-4622
-4071
962
4307
396
-6321
-5724
2327
6954
2558
-5287
-5943
998
5581
1752
-3521
-2744
1043
2663
1493
769
601
-1265
-4285
-3547
1422
3858
1041
-1998
565
6030
7032
2139
-1731
205
4047
5030
3340
2333
2072
1374
138
2408
5534
1444
-4896
-2710
4019
3219
-939
-2964
-3098
187
4183
1263
-3560
-1628
974
323
183
25
-2680
-2818
-193
434
-312
-1239
-2629
-2786
75
1364
-1072
-2735
-1496
9
554
184
-2212
-3457
-1462
194
-808
-1833
-1975
-1942
-356
740
-304
-1241
-856
-953
-1538
-932
-1369
-3005
-3967
-3426
-3326
-3761
-4615
2689
22212
32716
16908
-5049
-896
14710
11710
-9949
-20801
-6504
11577
8766
-7746
-10104
86
1120
-8757
-8335
4894
10440
1057
-6399
3324
16457
11721
-7741
-15490
-3246
6768
614
-10030
-9686
-2988
-928
-4902
-6001
-1534
188
-4201
-6381
586
6740
2117
-6981
-6797
2595
7919
2293
-6739
-6339
1550
5050
631
-3105
-707
2960
2740
415
1357
2922
33
-4884
-4331
1778
5261
1903
-2703
-397
5574
6626
1521
-2323
-361
3513
4335
2621
2326
2599
1321
1499
4778
4334
-1869
-5168
-2636
-274
142
-654
-3810
-3645
2390
4647
69
-2502
-1351
-709
651
1306
-1541
-3169
-1026
-207
-1106
-808
-1649
-3616
-2393
639
969
78
-440
-1428
-921
1090
366
-2317
-2696
-1677
-861
332
-211
-2317
-2320
377
1787
977
-1017
-2808
-1928
-448
-1617
-4121
-4675
-3641
-3942
830
18511
32319
21811
-2576
-6015
10236
15051
-3562
-21711
-13674
7816
12778
-3214
-11829
-3748
1840
-5196
-9011
1199
10591
4878
-6580
-2074
13682
15379
-2921
-17091
-9603
3921
3860
-7547
-12459
-6362
-376
-1751
-4238
-1264
992
-2405
-6196
-1903
5315
4495
-3898
-7965
-750
7912
6565
-3177
-7901
-3077
2832
2569
-1361
-1662
1512
3181
1779
1556
2572
906
-3494
-5056
34
6033
5754
231
-1801
2423
6473
4549
-679
-1641
2000
5031
4741
3533
2284
-35
-2127
-1784
199
247
-2192
-4080
-1693
2677
3102
-982
-3522
-1306
1980
2434
86
-1779
-1641
-752
-986
-2028
-2672
-3077
-3089
-2088
-239
440
-686
-1808
-1092
1143
2232
828
-1253
-1437
-239
180
-947
-2420
-2588
-1558
-270
-203
-518
-104
185
-209
-456
-213
-1141
-3096
-3741
-3102
-1732
-2139
8
15668
31733
25508
1267
-6004
7702
14150
-1035
-19710
-14907
5140
11957
-2472
-11421
-3335
2751
-5053
-10965
-678
11089
7290
-5540
-4219
11512
16591
197
-16186
-11379
1340
2008
-8144
-12383
-6210
-1022
-3583
-6240
-1165
2689
-2362
-8725
-4531
5486
7114
-1569
-7907
-1593
7457
5980
-3739
-7965
-2872
2636
2290
-680
759
3826
3006
-446
-166
3009
2167
-3068
-5608
-190
6551
6440
654
-1761
2316
6267
5125
1695
1772
4659
6059
4059
1908
1511
276
-2282
-2630
-378
47
-2139
-3740
-2452
558
1927
-251
-2202
95
3285
2845
-44
-1781
-1795
-1467
-2341
-3986
-4215
-3179
-2981
-3368
-2245
-698
-617
-1198
-772
796
1913
1037
-1174
-1984
-741
178
-794
-2296
-2574
-1449
-35
-178
-1536
-2236
-1874
-1132
-1310
-1802
-3230
-3816
-3698
2300
20017
32293
21212
-2093
-4355
10643
14719
-2043
-18549
-11876
6478
10580
-3336
-9824
-2912
119
-6749
-8084
3404
11316
4205
-7214
-1794
14096
15459
-2511
-15807
-8848
2296
1738
-7673
-10979
-5955
-2330
-4384
-4830
-278
25
-5871
-9095
-2474
5981
5226
-3444
-7431
-359
6321
3310
-5014
-7517
-2928
2060
2899
1458
2017
2363
509
-1347
392
2505
613
-3457
-3693
2323
7494
6002
108
-2161
992
4634
4863
3110
3025
4087
4800
4440
3703
1814
-1309
-2769
-914
1634
1134
-1600
-3308
-1767
1386
2219
-170
-1719
-41
1960
1880
63
-1722
-2353
-1763
-1495
-1745
-1910
-2674
-3733
-3578
-1941
-870
-1250
-1918
-1237
592
1520
157
-2114
-2587
-1518
-752
-1184
-1891
-1837
-887
-377
-1006
-1383
-1785
-2553
-3163
-2391
-2437
-3048
-4168
2235
21052
32608
19273
-4164
-4143
11114
13662
-3273
-16745
-7675
8906
8986
-5390
-8417
-693
-903
-9499
-7829
6388
13030
3167
-8076
7
15489
13415
-5125
-14309
-5389
2883
-400
-8258
-8118
-3636
-4000
-7554
-4917
1635
33
-7814
-9687
-263
8002
4930
-4430
-6603
789
5316
889
-6179
-6401
-1829
1367
1189
897
2301
1875
-1139
-3023
119
3322
1494
-2977
-2835
3069
7185
4541
-1465
-1896
3081
6361
4852
2691
3117
3986
3385
2077
2199
1848
-246
-2201
-1045
1083
675
-2109
-4059
-1630
2240
2806
113
-958
823
2499
1884
-431
-1647
-1118
-851
-2213
-2982
-2628
-2659
-3592
-3858
-2084
-35
63
-1429
-1500
428
1654
265
-1725
-1725
-501
-381
-1797
-2442
-1853
-1255
-1893
-2819
-2827
-2319
-2152
-2974
-3922
-1610
13009
28491
24545
2240
-7852
5209
15165
5382
-12039
-10664
5318
11074
-1463
-10580
-4821
-786
-7059
-9740
2664
13667
7519
-6943
-6313
9415
14615
984
-11822
-6609
3534
3304
-4580
-7686
-4651
-4570
-7656
-6532
10
734
-6028
-10015
-3957
4596
4833
-1853
-6135
-1914
3600
3380
-1480
-4584
-3299
206
2951
2771
1760
501
-956
-2081
-901
1378
1399
-1235
-2997
347
5263
5867
1189
-1679
1044
5305
6021
3737
2378
2280
2914
3200
3045
1392
-873
-1958
-1401
9
99
-1555
-3102
-1654
1398
2714
1247
-412
-492
501
1293
262
-1511
-2364
-2017
-1684
-1504
-1795
-2860
-3499
-2964
-1489
-460
-593
-1506
-1420
-28
1069
462
-613
-826
-687
-162
71
-691
-2065
-2865
-2585
-2313
-2204
-2809
-3331
-3105
201
14410
27276
21348
-485
-7639
6571
15492
5452
-10022
-7443
6398
9371
-3610
-10732
-4845
-2122
-7971
-7684
5639
13128
4133
-9122
-5325
9698
11981
-1653
-10818
-3709
4470
2392
-5186
-7312
-5463
-6165
-7889
-4688
1075
-592
-7208
-9172
-2331
3892
2200
-3753
-5663
-550
3968
2945
-1715
-3872
-2258
880
2633
2282
1254
-54
-1322
-1980
283
2737
1919
-1463
-2252
1733
5370
3863
-157
157
4034
6251
5149
3782
2912
2155
2287
3352
3500
1402
-1133
-2030
-509
949
-139
-2965
-3620
-1017
1296
1215
-476
-1487
-691
1324
1886
275
-1511
-2053
-1725
-1598
-1921
-2924
-3817
-4063
-3286
-1790
-862
-1792
-3328
-2473
329
1695
499
-1299
-1282
332
1062
39
-1632
-2099
-2051
-2202
-1768
-1882
-2282
-2917
6791
22919
25238
6781
-9499
-321
14750
13006
-2953
-7681
3414
9857
123
-10143
-6484
-1570
-5540
-8876
2065
13039
7267
-7894
-10306
3961
12026
3610
-7418
-4458
3464
3070
-3455
-6429
-5525
-6677
-8051
-5136
1204
673
-6608
-11020
-6425
738
1741
-2194
-5410
-2647
2387
4014
417
-3580
-3638
-42
3317
3071
1435
155
-807
-2350
-1443
1933
3309
475
-2669
-469
4158
5105
1696
-309
1640
4786
5996
4809
3482
3636
4120
2989
1852
1353
485
-993
-964
310
232
-1161
-2786
-2654
-313
1823
991
-575
7
1248
865
-954
-2352
-2505
-1523
-1519
-2435
-2570
-2258
-2912
-3652
-3013
-1793
-1503
-2154
-2230
-863
222
-809
-1970
-1387
-92
-3
-907
-1451
-1792
-1575
-1501
-1566
-1592
1061
14398
25128
17517
-3919
-8958
7278
16511
6769
-6489
-2324
8603
6783
-6909
-10356
-2557
-591
-6106
-3331
9559
11041
-2222
-13216
-5292
8838
8792
-2083
-5790
1124
3492
-1785
-6729
-6002
-5204
-5766
-4437
119
1780
-4461
-10747
-10270
-3619
715
395
-2621
-4332
-1768
1768
1826
-2281
-4603
-1857
3761
5437
2572
-412
-1151
-1669
-2192
561
3671
3045
-953
-1479
3030
6223
2957
-1961
-967
4131
6886
5571
3190
1254
1051
2192
2710
2061
1557
997
398
1158
1353
-674
-2657
-2056
28
1817
1500
-1197
-2989
-1535
511
-78
-1834
-2510
-1681
-907
-1630
-3313
-3780
-2910
-2294
-1632
-600
-364
-1508
-2148
-2053
-942
-294
-977
-2001
-1798
-869
-1450
-2561
-2606
-1980
-856
-1096
5601
20610
24168
6667
-11744
-2244
17678
18502
1508
-6642
3399
10383
-29
-12332
-8197
-10
-1693
-5361
3166
10964
2685
-11779
-12456
3481
12840
5518
-4554
-2883
2576
819
-4578
-6383
-5397
-5123
-3815
-1706
-606
-4845
-10342
-10804
-5614
377
1973
-467
-5126
-5897
-1140
2788
-34
-4556
-2685
4140
6600
1331
-3353
-2572
-112
-805
-223
3875
5107
111
-3700
536
6327
4861
-863
-923
4695
8656
5571
653
-718
1755
3971
3375
2498
1961
1137
-160
148
1225
774
-1276
-1580
624
2637
1443
-2279
-3664
-1593
1124
702
-1685
-3223
-2833
-1769
-1717
-2730
-3402
-2706
-1633
-970
-1321
-2263
-2692
-2266
-1184
120
279
-1054
-2394
-1852
-788
-813
-1831
-2224
-2112
-721
-377
8343
21155
18861
-481
-12609
3594
21230
16468
-1362
-4579
6668
9463
-2782
-10288
-3302
1557
-2464
-4094
5302
7093
-5147
-14721
-7143
8777
10818
491
-6286
-2143
1191
-1065
-3612
-2848
-2790
-3451
-1873
-961
-2837
-8407
-10734
-8099
-2773
666
-155
-4389
-8677
-6577
354
3546
-1186
-4460
-434
5640
4290
-1679
-3145
-43
1971
877
2091
4031
2076
-1917
-1970
1829
4697
4105
1641
1028
3055
4153
1199
-818
1549
4688
4939
3534
2204
861
349
454
842
1730
2362
843
-1104
-1160
-359
-522
-1442
-1499
-562
345
-913
-3451
-4189
-2632
-1338
-1453
-1685
-1342
-1133
-1774
-2707
-2550
-1248
-811
-1142
-1167
-788
-1160
-1784
-2047
-1735
-1130
-615
-916
-979
-419
9923
20595
14913
-4109
-10322
8563
22393
13576
-2591
-2341
6413
5198
-5093
-6307
1210
1543
-4318
-2909
6717
4189
-8506
-12574
-1064
10393
6628
-3449
-6542
-2560
-1317
-2130
-1661
-752
-3506
-5116
-3064
-2204
-4628
-8085
-7235
-4280
-1498
-762
-2458
-6375
-8564
-4647
2250
3664
-1695
-3959
-365
3105
868
-1793
-224
2095
1737
567
2081
2899
807
-1198
1075
5118
5646
2643
482
1376
2454
2301
1151
1409
2338
2888
2384
1446
948
866
1480
2414
2899
1817
428
-411
-124
271
330
-649
-2168
-2305
-1565
-1334
-2578
-3492
-3048
-1680
-1414
-2570
-3176
-2388
-1284
-1213
-1153
-839
-531
-596
-554
-390
-335
-855
-1677
-1277
-831
-497
-1650
-1518
-209
8934
18744
13453
-3356
-9863
7344
22033
15860
179
-2165
4857
4942
-2832
-4217
2297
2136
-3639
-4131
3483
2484
-7694
-11053
-1405
9127
6309
-3216
-7665
-4478
-1557
-39
330
-673
-4272
-6330
-4329
-3387
-4574
-6630
-6003
-4704
-3442
-2531
-3279
-6401
-8096
-3750
2756
3678
-2244
-4937
-1526
2457
1871
408
1700
2254
842
339
3055
4008
1296
-357
2806
5996
4336
47
-1634
1252
4335
4085
833
-419
1084
2152
1918
2334
3163
2843
2254
1932
1507
412
-420
-803
119
1309
253
-2473
-3976
-2711
-1068
-948
-2503
-3788
-3246
-1712
-1612
-2686
-2855
-2195
-1475
-1260
-1184
-1360
-1367
-972
-704
20
352
96
-814
-426
326
669
165
2577
12144
14470
3796
-8171
-819
16951
19592
6362
-2401
2076
5754
1808
-1560
3521
5490
-632
-5435
-921
3667
-2580
-8457
-4349
4224
3788
-3995
-8448
-5817
-2002
-166
963
-85
-3572
-7348
-5696
-2425
-1991
-3895
-5199
-5468
-6030
-5463
-4496
-5122
-6964
-4943
41
1972
-2206
-5640
-2570
2210
3042
869
847
1950
1417
1228
3231
4041
2807
2112
3300
3896
2694
1695
958
1643
3361
3285
809
-344
894
2145
2688
2908
2117
781
1574
2752
2423
1590
1351
988
234
-172
-900
-1891
-2409
-2441
-2257
-1798
-2820
-4899
-4885
-2677
-1267
-2211
-3401
-3076
-1832
-855
-1049
-1432
-966
-344
-276
-49
382
121
-553
-617
-129
754
1996
8338
13341
7279
-4186
-4062
11910
20808
11568
-523
220
5549
4356
524
3086
6374
1133
-5169
-2891
4102
1801
-5959
-5515
1900
3913
-2757
-7600
-5847
-2412
-1653
-877
-983
-4063
-8238
-7656
-2503
-653
-3530
-6660
-6571
-5703
-5090
-3841
-3315
-5118
-6423
-3956
-1069
-1846
-4796
-3956
110
2211
907
-282
473
1329
2076
3488
4900
4718
3529
2497
2626
3283
3556
3028
2381
2347
1919
1365
1354
1926
2235
2452
2683
2293
1598
1658
2524
2817
2092
1053
586
321
-137
-512
-682
-953
-1910
-3088
-3367
-2761
-2459
-2805
-3331
-3553
-3609
-3400
-2634
-1853
-1635
-1918
-2305
-2321
-1677
-766
-274
-269
-333
-159
-353
-353
269
4283
12116
12212
1944
-5728
3386
18154
17505
4493
-1767
2806
5897
3766
3409
6765
3991
-3884
-5042
2691
6555
-715
-6232
-2103
2924
-431
-6232
-6068
-2166
-909
-1900
-1852
-3146
-6443
-8142
-4402
-299
-1851
-6490
-8706
-7563
-5617
-3733
-3011
-4578
-6996
-6157
-2847
-1596
-3245
-3971
-1768
137
-84
-588
384
1156
1205
2342
4566
5098
2274
262
2436
5918
5969
2776
918
1613
2482
2492
2911
3402
2883
1351
1020
2541
3666
2913
1832
2419
3008
1674
-142
-154
777
858
-320
-1545
-2187
-2553
-2405
-2069
-1774
-2358
-3618
-4245
-3599
-2626
-2524
-2770
-2792
-2713
-2893
-2554
-1781
-1313
-1160
-1236
-1062
-814
-599
-26
2197
8537
11474
4594
-3892
158
14481
19276
9215
-25
1907
6140
5664
4874
7538
6242
-1791
-5568
518
6960
2858
-4461
-3578
1311
170
-5078
-5609
-1797
-311
-2348
-3191
-3293
-4828
-6274
-4426
-1040
-1706
-5797
-8448
-7543
-5548
-4005
-3511
-4923
-7603
-8057
-4839
-2172
-2572
-3969
-3482
-1748
-1320
-1602
-796
758
1786
2172
2666
3082
2307
1474
2614
4937
5612
3440
1329
1621
3190
3776
3131
2409
2113
2003
2381
3206
3673
3312
2450
2124
2182
2001
1571
1333
1291
903
76
-889
-1664
-2000
-1468
-765
-1063
-2688
-4294
-4151
-2776
-1863
-2444
-3460
-3929
-3754
-3161
-2390
-1809
-1880
-2095
-2206
-1775
-1422
-1230
-732
3236
9909
8784
-631
-4803
6469
19237
15930
3521
-186
5169
7244
5633
6751
8789
3188
-4634
-2791
5871
7478
-661
-4967
-1009
1618
-2242
-4993
-2337
-251
-2332
-4138
-2849
-3184
-5683
-5803
-2034
-449
-4380
-8507
-8069
-4996
-3507
-3615
-4497
-6360
-8247
-6958
-3165
-1673
-3425
-4951
-3792
-2175
-1928
-1842
-709
487
699
820
1528
2278
2153
2233
3410
4670
4164
2104
1145
2396
4195
4220
2822
1878
2108
2833
3539
3932
3541
2730
2168
2169
2193
2092
1858
1463
887
341
-142
-700
-996
-859
-397
-559
-1868
-3405
-3428
-1968
-1224
-2116
-3389
-3599
-3131
-2669
-2348
-1979
-2202
-2768
-2752
-1884
-1247
-1768
-2005
840
7210
7974
66
-5196
3499
16758
16036
4511
-405
4648
7768
6530
7445
9551
4743
-3338
-2536
5889
8324
543
-4970
-1582
1556
-2072
-5374
-2679
68
-2423
-5262
-3800
-2231
-3936
-4905
-2428
-791
-3799
-7644
-7226
-4226
-2933
-3814
-5016
-6442
-7618
-6552
-3413
-1943
-3637
-5001
-3941
-2215
-2156
-2336
-1004
406
602
191
462
1255
1812
2345
3282
3798
3037
1665
1330
2783
4146
3594
1891
1154
2130
3293
3625
3405
2983
2663
2456
2377
2363
2396
2404
1976
1124
329
-79
-467
-753
-636
-253
-472
-1848
-2986
-2731
-1385
-864
-1930
-3010
-2827
-2097
-1964
-2180
-2096
-2011
-2239
-2310
-1665
-1323
-1681
-2036
1078
6898
6553
-1221
-4804
5186
16635
13409
2134
-155
5685
7596
5674
7352
9301
3448
-3667
-589
7750
7730
-579
-3936
364
1879
-2939
-5418
-1743
163
-3353
-6092
-4244
-2974
-4750
-4944
-2186
-1525
-5247
-7984
-6156
-3162
-2838
-4281
-5316
-6040
-6542
-5380
-2849
-2082
-3644
-4686
-3698
-2451
-2231
-1714
-513
-23
-337
-324
261
813
1537
2678
3419
3020
2166
1739
2088
3357
4254
3491
1900
1686
2970
3871
3712
3275
2741
2174
2104
2354
2286
1812
1254
714
286
145
15
-410
-625
-215
70
-593
-1725
-2285
-1721
-786
-757
-1975
-3139
-3136
-2238
-1769
-2036
-2344
-2430
-2393
-2030
-1218
-1159
-1994
-2058
2603
7822
4870
-3553
-3282
9661
17650
9612
-498
1685
7935
7380
5625
8929
8982
484
-4155
3013
10104
5559
-2877
-2760
1854
632
-4118
-4019
-596
-1340
-5257
-5628
-3179
-3804
-6192
-4838
-1401
-2366
-7072
-8397
-5035
-2668
-3658
-5067
-5448
-6296
-7054
-5044
-1789
-1586
-4375
-5496
-3537
-1877
-2163
-2092
-601
219
-443
-832
81
1126
1774
2535
3187
2861
1834
1475
2608
4256
4578
3151
1795
2228
3561
4224
4054
3555
2910
2442
2573
2900
2551
1777
1333
1025
430
-50
-140
-173
-437
-455
-458
-1143
-2206
-2387
-1366
-651
-1259
-2520
-2916
-2260
-1454
-1428
-1809
-2148
-2351
-2423
-1901
-1219
-1360
-2282
-503
4589
5859
-49
-4546
2504
13383
12805
2936
-192
5597
8249
5223
5665
9600
6366
-1541
-1079
7376
9105
1206
-3289
897
3437
-1035
-4705
-2440
-346
-3026
-5451
-3830
-2621
-5387
-7198
-4307
-1202
-3383
-7696
-7758
-4491
-3251
-4804
-5389
-4552
-5077
-6332
-4807
-1690
-1708
-4574
-5108
-2168
-488
-2015
-2888
-969
637
-308
-1326
-215
1273
1330
1298
2215
2517
1544
1243
2632
3808
3309
2485
2748
3524
3768
3738
3880
3759
3231
2859
2868
2732
2112
1476
1187
1028
699
262
-180
-494
-500
-277
-330
-973
-1693
-1684
-1035
-673
-1140
-1917
-1975
-1356
-925
-1149
-1262
-1220
-1225
-1336
-1186
-863
-1056
-407
1280
2353
1074
-80
2224
5843
6084
3498
3192
5369
5699
3445
3138
5380
5659
3143
2431
4606
4986
1858
13
1686
2589
238
-2033
-1531
-1173
-2753
-3974
-3007
-2306
-3670
-4935
-4450
-3671
-4390
-5340
-5079
-4504
-4738
-5161
-4939
-4619
-4685
-4456
-3529
-2805
-3000
-3366
-3035
-2217
-1741
-1809
-1949
-1845
-1443
-1001
-700
-342
192
562
619
723
1269
1761
1734
1682
2001
2414
2508
2563
2775
3092
3389
3619
3596
3175
2916
2939
2891
2593
2300
2038
1541
1063
966
1139
799
22
-280
74
205
-438
-1077
-1044
-821
-1129
-1573
-1524
-1222
-1299
-1651
-1637
-1215
-1062
-1340
-1551
-1461
-1320
-1319
-929
270
1627
2147
2047
2099
2629
3209
3910
4790
4886
3966
3356
4019
4928
5003
4593
4558
4185
3183
2780
3115
2977
1357
-213
-487
-298
-925
-1919
-2356
-2773
-3516
-4219
-4113
-4079
-4815
-5632
-5648
-5191
-5262
-5748
-5948
-5604
-5265
-4936
-4372
-3807
-3700
-3974
-3756
-2890
-2273
-2400
-2678
-2333
-1595
-1170
-978
-548
-100
90
308
881
1371
1316
1253
1665
2061
2213
2530
2996
3248
3263
3621
4078
3918
3409
3394
3780
3719
3065
2562
2562
2357
1836
1507
1534
1393
804
314
235
173
-282
-834
-1095
-1059
-1109
-1382
-1695
-1884
-1800
-1560
-1409
-1607
-1891
-1975
-1892
-1825
-1500
-458
798
1405
1472
1702
2199
2720
3391
4399
4763
3895
3044
3551
4739
5093
4646
4270
3909
3040
2683
3087
2946
1496
-48
-312
-269
-764
-1466
-1809
-2406
-3126
-3311
-3226
-3648
-4531
-4751
-4495
-4587
-4996
-5172
-5157
-5268
-5165
-4680
-4252
-4274
-4255
-3896
-3607
-3462
-3170
-2788
-2686
-2547
-1900
-1258
-1137
-991
-286
242
213
348
985
1302
1036
1094
1720
2107
1992
2172
2749
3140
3155
3269
3561
3572
3388
3402
3528
3351
2950
2624
2490
2376
2204
1948
1403
822
677
846
669
31
-531
-664
-771
-1013
-1039
-1006
-1287
-1777
-1859
-1491
-1255
-1486
-1850
-1941
-1834
-1713
-1707
-1246
-9
1355
1957
1932
2022
2506
3095
3864
4647
4542
3597
3137
3959
4853
4903
4449
4056
3369
2513
2561
2839
2154
337
-758
-705
-726
-1437
-2102
-2209
-2636
-3282
-3598
-3411
-3719
-4622
-5093
-4814
-4596
-4977
-5357
-5274
-4905
-4645
-4378
-4087
-3848
-3731
-3645
-3443
-2963
-2488
-2538
-2788
-2406
-1423
-870
-891
-669
-75
251
402
804
1197
1124
1086
1556
2073
2182
2218
2506
2781
2978
3315
3653
3473
3000
2922
3293
3409
3028
2594
2430
2289
2002
1860
1836
1612
1108
779
796
704
204
-408
-764
-892
-941
-971
-1152
-1511
-1743
-1634
-1446
-1454
-1513
-1599
-1798
-1988
-1821
-1492
-1152
-339
1081
2196
2342
2168
2486
3198
3905
4544
4639
3957
3179
3450
4346
4816
4558
4003
3315
2472
2312
2602
2299
809
-631
-1049
-1203
-1640
-2127
-2252
-2773
-3608
-3955
-3681
-3748
-4514
-5085
-4977
-4829
-5053
-5288
-5214
-5078
-4940
-4476
-3783
-3378
-3397
-3422
-3199
-2729
-2238
-2001
-2170
-2252
-1769
-1088
-693
-555
-257
11
304
753
1207
1239
1049
1298
1821
2152
2155
2244
2532
2868
3210
3474
3504
3280
3104
3242
3426
3245
2730
2357
2272
2132
1897
1766
1711
1400
956
819
882
738
240
-242
-506
-631
-769
-994
-1277
-1486
-1506
-1483
-1578
-1696
-1681
-1695
-1848
-1886
-1718
-1573
-1282
-265
1258
2141
2106
1976
2455
3201
3947
4602
4608
3802
3070
3439
4223
4477
4213
3774
2974
2016
1996
2484
1975
234
-1052
-1137
-1252
-1878
-2353
-2437
-3060
-3948
-4051
-3509
-3622
-4511
-4954
-4694
-4558
-4810
-4911
-4842
-4835
-4639
-3977
-3313
-3145
-3217
-3188
-2958
-2539
-2053
-1909
-2174
-2235
-1723
-1120
-840
-688
-360
-30
298
705
1101
1217
1162
1321
1703
2058
2157
2212
2463
2910
3278
3432
3381
3198
3095
3205
3385
3237
2801
2442
2325
2251
2077
1915
1681
1306
978
994
1093
822
243
-264
-438
-483
-568
-803
-1093
-1291
-1334
-1239
-1151
-1185
-1343
-1470
-1562
-1569
-1548
-1607
-1766
-1467
-156
1517
2294
2027
1814
2193
2891
3630
4376
4404
3425
2603
3082
4198
4565
4064
3366
2710
2187
2247
2402
1604
12
-1119
-1255
-1391
-2011
-2686
-3091
-3560
-3962
-3930
-3813
-4208
-4959
-5129
-4745
-4587
-4884
-5210
-5219
-4988
-4470
-3793
-3361
-3382
-3361
-2989
-2505
-2135
-1958
-1929
-1985
-1832
-1294
-736
-464
-324
-9
409
801
1091
1323
1542
1703
1898
2057
2207
2424
2684
2994
3338
3623
3654
3534
3487
3568
3539
3327
3142
2939
2609
2242
2034
1950
1747
1348
1025
963
973
760
329
-29
-219
-476
-766
-932
-1051
-1278
-1520
-1550
-1439
-1413
-1502
-1612
-1673
-1578
-1418
-1437
-1636
-1788
-1692
-1200
-141
1191
1989
1924
1710
1979
2622
3281
3766
3744
3106
2601
2951
3704
3923
3667
3415
3061
2446
2088
2144
1750
556
-541
-872
-1079
-1708
-2257
-2383
-2634
-3281
-3722
-3713
-3833
-4309
-4616
-4541
-4585
-4922
-5107
-4948
-4703
-4436
-3981
-3520
-3353
-3290
-3001
-2591
-2353
-2268
-2185
-2095
-1941
-1574
-1053
-644
-388
-141
204
594
1001
1353
1557
1691
1892
2205
2457
2631
2841
3158
3459
3619
3676
3667
3628
3567
3556
3507
3287
2885
2528
2392
2342
2168
1844
1518
1205
945
806
733
475
27
-360
-584
-784
-1018
-1145
-1183
-1218
-1301
-1326
-1328
-1352
-1382
-1381
-1374
-1430
-1439
-1355
-1241
-1229
-1211
-1136
-1052
-801
-41
1070
1742
1696
1521
1761
2224
2664
3069
3222
2874
2484
2708
3296
3504
3225
2896
2554
2119
1818
1736
1347
431
-399
-703
-925
-1494
-2017
-2215
-2436
-2932
-3326
-3505
-3830
-4307
-4453
-4237
-4255
-4651
-4950
-4804
-4443
-4079
-3751
-3476
-3337
-3230
-2959
-2563
-2261
-2182
-2099
-1852
-1495
-1198
-886
-470
-64
246
540
921
1253
1484
1715
2056
2383
2589
2720
2852
3010
3217
3503
3704
3726
3612
3519
3445
3332
3196
3037
2827
2539
2272
2066
1898
1656
1349
1053
848
714
533
266
-43
-314
-562
-791
-994
-1092
-1106
-1131
-1229
-1334
-1351
-1314
-1269
-1251
-1255
-1282
-1289
-1267
-1225
-1140
-1029
-929
-929
-955
-855
-538
-39
497
955
1249
1387
1487
1713
2093
2463
2563
2361
2139
2139
2312
2474
2501
2386
2143
1846
1615
1398
1083
626
140
-311
-720
-1119
-1513
-1879
-2219
-2525
-2857
-3186
-3455
-3651
-3773
-3845
-3903
-4018
-4141
-4116
-3930
-3729
-3560
-3368
-3162
-2950
-2671
-2329
-2060
-1889
-1663
-1367
-1098
-852
-526
-135
231
584
955
1282
1509
1716
1968
2229
2446
2552
2585
2653
2805
2959
3012
3040
3124
3163
3053
2889
2796
2726
2548
2307
2137
2015
1814
1542
1343
1242
1060
742
486
406
340
128
-150
-349
-506
-686
-821
-862
-916
-1067
-1227
-1263
-1203
-1127
-1067
-1055
-1122
-1218
-1207
-1073
-958
-946
-944
-856
-737
-663
-600
-474
-327
-220
-88
154
435
621
708
817
1022
1276
1490
1582
1557
1504
1520
1591
1640
1634
1556
1406
1237
1130
1047
832
495
212
22
-225
-579
-899
-1123
-1341
-1613
-1880
-2081
-2246
-2416
-2585
-2701
-2746
-2767
-2790
-2780
-2733
-2694
-2659
-2550
-2353
-2142
-1951
-1745
-1519
-1301
-1113
-936
-782
-628
-429
-224
-69
69
254
480
689
864
1009
1125
1235
1389
1544
1629
1652
1699
1813
1962
2095
2163
2151
2116
2101
2100
2084
2030
1933
1805
1722
1687
1587
1390
1211
1109
992
808
638
527
409
266
140
2
-208
-440
-568
-595
-614
-671
-744
-799
-814
-768
-698
-644
-597
-556
-538
-518
-463
-404
-408
-424
-366
-265
-230
-256
-243
-185
-164
-187
-169
-80
6
36
82
194
273
224
181
298
449
408
265
252
337
317
195
155
182
133
34
-3
-1
-57
-132
-184
-255
-354
-431
-496
-586
-673
-719
-766
-877
-1003
-1069
-1095
-1151
-1214
-1236
-1222
-1231
-1252
-1222
-1162
-1133
-1113
-1033
-936
-888
-853
-777
-720
-730
-728
-637
-495
-373
-247
-119
-45
-2
101
264
417
545
658
758
858
994
1143
1239
1272
1303
1381
1463
1490
1474
1459
1429
1372
1316
1266
1195
1116
1057
1001
921
840
800
773
720
652
618
606
550
457
406
407
406
346
274
266
313
284
160
89
95
29
-101
-145
-146
-256
-425
-491
-472
-506
-635
-768
-788
-756
-824
-941
-925
-828
-821
-860
-816
-751
-744
-713
-612
-522
-492
-511
-512
-431
-331
-303
-304
-249
-171
-134
-108
-55
17
61
43
11
35
72
68
62
72
42
12
32
37
47
65
-46
-142
239
784
482
-468
-731
-84
333
23
-387
-477
-450
-501
-607
-687
-618
-423
-336
-477
-643
-586
-425
-449
-609
-563
-271
-78
-150
-232
-193
-170
-149
21
225
246
173
209
320
367
348
336
379
499
680
801
735
613
704
907
919
859
1023
1240
1191
1046
1072
1158
1149
1047
980
1062
1129
935
666
631
668
554
473
484
345
103
-12
-58
-120
-152
-243
-425
-471
-414
-560
-829
-846
-649
-547
-585
-633
-665
-726
-813
-873
-806
-616
-528
-618
-680
-613
-641
-786
-760
-542
-397
-395
-369
-356
-449
-516
-446
-346
-319
-286
-234
-224
-244
-225
-144
-62
-18
8
81
152
154
137
145
180
253
351
309
209
280
352
238
182
351
327
60
40
198
79
-145
-35
87
-46
-161
-106
-97
-124
-58
-107
-223
-161
35
26
-152
-196
-133
-89
-103
-36
12
-52
-97
14
174
142
66
153
333
403
404
471
492
466
510
585
555
565
722
751
567
442
499
530
510
551
548
400
250
206
208
206
194
132
28
-37
-60
-115
-188
-193
-150
-162
-227
-261
-254
-296
-364
-371
-341
-361
-437
-497
-516
-505
-466
-430
-442
-477
-485
-488
-497
-477
-427
-409
-423
-396
-338
-340
-390
-389
-325
-257
-186
-109
-75
-79
-67
-49
-20
63
166
210
219
243
249
234
257
329
389
380
329
300
323
353
352
322
285
265
258
209
134
115
129
68
-39
-59
-2
5
-42
-67
-68
-88
-128
-163
-167
-132
-101
-128
-184
-194
-150
-113
-78
-30
7
38
90
119
90
92
161
182
133
130
184
192
171
183
182
155
181
241
264
270
256
186
137
196
262
227
166
168
163
121
122
158
138
71
44
31
-23
-70
-64
-69
-118
-157
-195
-264
-346
-386
-409
-447
-478
-496
-525
-542
-538
-540
-525
-443
-354
-367
-401
-350
-275
-263
-249
-187
-142
-142
-129
-93
-53
-15
7
20
66
136
169
159
154
162
192
262
336
374
388
409
429
423
422
467
517
497
413
338
303
292
268
223
178
143
117
80
49
45
51
32
-5
-29
-47
-70
-65
-31
-6
-10
-46
-88
-101
-65
-18
-21
-77
-135
-176
-208
-208
-164
-146
-193
-247
-237
-182
-149
-161
-175
-134
-47
11
15
7
20
40
62
86
125
145
117
87
94
98
69
68
109
126
80
13
-14
6
30
19
-33
-88
-97
-89
-113
-146
-137
-99
-95
-143
-193
-200
-165
-112
-97
-135
-166
-162
-160
-182
-188
-167
-160
-190
-219
-221
-220
-232
-223
-160
-96
-89
-114
-100
-30
47
84
108
148
197
230
261
302
343
368
376
381
390
382
344
293
281
304
305
253
188
160
157
156
154
164
166
153
131
122
119
100
83
80
87
66
6
-63
-103
-96
-81
-101
-149
-193
-208
-224
-245
-246
-222
-219
-244
-255
-240
-233
-237
-221
-190
-146
-95
-54
-46
-45
-24
10
38
66
84
64
33
33
41
15
-11
4
36
33
5
-23
-32
-34
-29
-27
-34
-43
-50
-52
-52
-49
-51
-50
-39
-12
16
14
-11
-27
-22
-18
-35
-53
-70
-94
-127
-152
-171
-181
-180
-166
-155
-152
-139
-110
-77
-46
-15
12
34
71
118
157
169
164
168
191
220
233
227
236
264
285
265
234
234
254
252
226
208
204
198
184
169
167
170
167
167
169
167
157
157
162
158
130
82
44
12
-27
-78
-117
-143
-181
-232
-283
-326
-344
-351
-355
-364
-368
-366
-361
-354
-344
-324
-287
-246
-211
-182
-168
-151
-124
-95
-76
-58
-41
-29
-24
-24
-25
-24
-5
25
49
63
78
94
103
117
141
161
181
204
215
207
198
199
191
186
192
199
188
155
120
89
66
57
51
27
-3
-39
-67
-86
-93
-94
-102
-110
-109
-110
-131
-142
-128
-106
-89
-82
-84
-95
-106
-95
-69
-50
-37
-34
-27
-15
1
15
21
43
77
106
123
128
140
156
171
190
208
218
229
231
235
241
237
229
216
204
196
175
146
117
94
64
29
-2
-24
-40
-62
-87
-114
-132
-148
-169
-187
-192
-194
-210
-229
-239
-241
-245
-249
-246
-246
-248
-245
-241
-236
-226
-214
-199
-184
-164
-148
-136
-123
-94
-58
-31
-9
9
32
59
85
102
117
144
172
190
188
187
198
207
200
182
176
174
156
128
119
116
100
72
61
62
53
34
26
34
33
23
13
20
28
18
6
12
23
19
9
10
15
12
7
5
3
-1
-7
-12
-11
-10
-14
-18
-14
-12
-14
-12
-8
-4
-1
2
5
7
11
18
20
13
11
17
17
12
6
2
2
-6
-18
-20
-21
-30
-35
-35
-33
-35
-39
-38
-33
-34
-35
-39
-41
-43
-48
-50
-60
-66
-70
-73
-82
-89
-93
-93
-93
-92
-85
-77
-66
-56
-44
-29
-12
3
18
34
51
66
76
83
91
95
100
99
94
91
92
84
76
68
57
46
34
28
24
17
10
7
5
1
0
1
0
4
5
7
8
8
9
6
3
3
-2
-10
-10
-13
-19
-21
-23
-22
-26
-28
-31
-28
-27
-27
-27
-23
-21
-18
-14
-12
-3
2
-1
3
21
13
6
27
31
20
22
31
18
20
26
13
9
27
18
-2
12
18
-5
-6
9
-3
-12
-3
-4
-17
-8
-1
-16
-10
-4
-19
-28
-16
-24
-42
-31
-24
-36
-36
-24
-29
-29
-24
-26
-26
-13
-14
-17
-7
-4
-8
-5
9
7
8
19
18
17
21
27
25
26
26
23
26
26
18
15
13
15
8
3
3
-1
-9
-16
-14
-15
-18
-14
-9
-8
-8
-4
0
2
7
10
12
16
14
8
11
17
16
13
11
