SAMPLES:	10955
BITSPERSAMPLE:	16
CHANNELS:	1
SAMPLERATE:	16000
NORMALIZED:	FALSE
-4
-2
-1
3
0
-1
-4
-2
-1
-6
-2
-2
0
0
-1
3
5
3
0
2
0
-1
1
-3
-1
-1
-1
2
-1
-1
2
2
2
0
-3
-3
-1
-2
2
0
-4
0
0
-1
-2
1
2
1
1
1
0
0
3
3
2
0
-1
0
1
1
2
1
0
-3
0
-1
2
2
5
4
5
3
0
4
1
0
-4
-2
-1
-4
0
0
-2
1
3
4
3
2
1
-4
0
2
-2
-1
-3
0
-1
2
6
3
3
-1
0
-3
-4
-2
-2
0
-1
-6
-5
-6
-3
-3
-3
0
1
0
2
3
0
3
6
4
1
1
2
1
2
2
2
0
-3
0
-3
-5
-3
-1
-2
-5
-4
-2
-1
-2
-2
-1
2
2
1
1
1
4
1
0
1
0
5
2
3
2
2
1
-1
3
3
-1
-2
1
0
0
0
1
2
1
0
-1
0
-2
-1
2
-1
-4
-2
-2
-3
-4
-3
0
1
-2
2
2
-2
-1
3
0
1
0
1
2
-2
-3
-4
-1
-3
-3
-1
0
2
0
2
1
0
-2
-3
-2
-3
-4
-1
0
3
4
3
3
3
0
1
2
1
0
6
4
0
3
1
2
0
0
0
0
2
2
-1
2
1
4
1
-2
-2
0
-1
-3
-2
-1
-2
-6
-3
-3
2
0
0
3
6
3
2
1
0
-3
-1
0
-2
-2
-1
2
-1
-1
-1
-2
-1
2
-1
0
-2
-4
-3
-4
-1
-3
-1
-1
0
-2
-2
0
-1
1
-2
-1
-2
0
0
-1
-2
1
1
1
-1
-2
2
0
1
3
3
2
0
-1
-1
-4
2
2
3
2
2
2
0
-1
2
2
1
0
1
1
1
1
2
3
2
3
2
-1
-4
0
6
2
4
4
1
4
1
0
2
-1
-1
-1
-6
-5
-2
-7
-2
-2
-3
0
0
-1
-2
-1
1
0
-1
2
-2
-2
-1
0
-2
-1
2
1
-2
-1
-3
-4
0
-4
-5
3
1
-2
-4
-3
-4
-4
0
1
2
2
4
5
5
6
4
0
3
2
-1
1
-3
-1
-3
-5
-4
0
1
0
1
-1
1
3
2
1
2
1
-1
0
-2
2
0
5
3
1
2
4
2
-1
-1
-2
-1
-1
-1
-3
-2
-1
-2
0
0
-1
2
1
1
3
5
0
1
3
1
-1
2
1
0
3
-1
-1
-2
-3
-2
-2
1
0
-2
-2
-1
3
3
3
-4
-1
-1
-2
1
0
-2
1
-1
-5
-1
-2
-2
2
1
-2
-1
0
1
0
3
0
0
0
1
1
-3
0
0
0
2
1
1
3
2
1
1
-1
-2
-3
0
2
4
2
1
2
-1
-2
2
0
0
0
-1
0
1
0
-1
-1
1
2
-2
-1
-2
-1
1
-1
2
0
-1
-5
-3
-2
-2
-2
-4
-5
-2
-4
-5
-2
-4
-1
-2
-1
1
2
3
3
2
0
4
7
6
1
5
3
0
2
2
4
3
4
2
1
1
2
3
0
-2
-1
-1
0
-1
-3
-2
-3
-2
4
4
0
0
1
3
1
3
5
2
2
1
2
0
0
-2
-2
0
-2
-2
-2
-1
-1
-2
-6
-6
-7
-6
-5
-5
-3
-2
-1
0
-1
-1
2
-2
2
2
0
1
0
-2
0
3
1
0
0
-1
-1
-2
-1
0
-3
0
2
2
1
1
3
5
6
3
1
3
3
1
1
2
2
0
2
2
0
-1
2
4
-1
3
2
2
2
1
-1
-1
-1
-2
-3
2
2
-3
-3
0
1
2
1
0
1
-2
-2
-2
-3
0
0
2
1
0
0
0
6
2
1
1
1
0
-2
0
-2
-1
0
-3
-5
-3
-4
-2
0
-2
-3
-2
-2
-3
-2
-1
-2
-1
0
1
0
0
2
3
2
2
0
1
1
-1
0
-1
-1
-1
-1
-2
-4
-3
0
1
1
1
0
0
1
3
4
3
2
3
3
4
6
1
5
4
1
2
3
4
4
1
-1
-1
-2
-1
-4
-2
-2
-1
-3
-1
0
2
1
0
2
0
1
-1
2
2
1
2
2
-1
1
-1
0
0
-5
-2
1
-1
-2
-3
-3
-3
-4
-5
-2
1
-3
-3
-2
-1
-3
-4
-3
0
2
2
-1
2
3
0
2
3
0
-1
0
3
-2
2
0
0
2
-2
3
2
3
2
3
1
1
1
1
1
2
0
-1
-4
-3
-1
-1
1
-1
-3
-2
-1
-1
2
3
1
-1
-2
-2
-2
1
0
1
0
-1
-1
-1
1
-1
-2
0
0
3
2
1
2
2
-2
0
0
-1
-1
1
2
3
4
2
2
-1
1
2
3
3
-2
0
-2
-1
2
3
0
1
-1
-5
-2
-4
-4
0
-2
-2
-1
-1
1
-1
2
1
0
-1
-1
0
0
-2
-2
-2
-2
0
-2
-4
-1
0
-1
2
2
3
3
3
1
0
4
3
1
0
-2
0
-3
-2
2
1
0
1
0
0
-3
-2
1
2
0
-1
-3
-2
-1
-2
1
1
-2
-1
0
-1
2
-1
-1
-1
0
-1
3
2
2
2
2
2
0
2
3
5
0
-1
0
1
1
1
-2
-2
-2
-2
-5
1
-3
-1
1
-1
0
-2
0
1
3
2
3
-1
-1
0
0
-1
-1
1
2
3
0
-1
0
0
3
4
-1
0
0
1
3
2
2
-1
-2
0
0
-1
-3
3
3
1
-1
-2
-2
-3
1
-3
-4
-1
1
1
-2
-1
-3
-3
2
-1
-1
-1
2
1
-1
2
1
3
2
-1
-2
-1
2
-1
3
1
-2
0
3
3
2
2
2
2
-2
-2
-2
-3
-1
0
0
2
1
1
-1
-1
-1
-2
0
0
-2
0
-1
-1
3
1
0
1
0
-3
-4
-1
-1
1
1
-1
2
3
9
9
-1
-6
-11
-7
-4
-4
-12
-6
0
3
1
-3
-3
-10
-4
7
5
11
24
24
2
-14
-10
-3
-7
-11
-8
-23
-14
7
26
27
20
19
17
19
38
53
42
46
47
28
-3
-18
-10
-10
-9
-8
-18
-33
-14
11
6
6
23
26
15
-1
-12
-14
-11
11
27
28
38
27
-20
-45
-33
-29
-54
-84
-86
-63
-51
-42
-31
-27
-30
-37
-34
-14
-19
-48
-20
33
27
-15
-43
-38
-14
19
63
52
44
334
806
974
779
491
259
57
-34
-25
-155
-432
-496
-381
-498
-688
-629
-535
-536
-498
-389
-354
-441
-427
-285
-256
-310
-237
-75
10
51
120
184
184
192
347
444
384
379
406
344
269
254
294
269
231
315
309
164
113
185
133
29
116
202
124
56
71
66
-31
-108
-26
47
-1
-27
24
40
-2
-82
-167
-130
-110
-169
-166
-147
-131
-230
-295
-113
-124
-239
-6
80
-118
-147
-52
-67
-129
-79
97
109
-114
90
262
-157
-94
245
-25
-78
368
250
-147
132
339
-82
-200
194
255
-111
-75
252
-2
-190
126
84
-168
-93
105
-39
-161
87
-30
-284
-125
31
-288
-262
149
-249
-386
143
-20
-425
-78
320
-90
-651
68
512
-319
-453
168
390
-286
-318
328
311
-364
-190
796
18
-724
586
461
-620
385
685
-683
-241
1142
27
-1179
691
1240
-1053
-574
1423
352
-1147
194
1040
-12
-920
146
1181
-456
-856
602
424
-440
-129
62
-3
286
31
-861
396
993
-1048
-714
1506
259
-1936
366
1859
-1005
-1489
1250
891
-1220
-563
1095
71
-820
521
18
-497
631
-73
-885
910
571
-1586
316
1321
-711
-1155
921
676
-1312
-34
1079
-923
-613
1302
-670
-632
938
-426
-684
1425
-535
-1523
1677
546
-2220
616
1953
-2006
-587
2510
-1212
-1686
2392
-32
-2022
1286
624
-1333
816
170
-1175
1132
238
-1656
1019
1316
-2130
183
2103
-1254
-994
1562
-161
-718
1171
-797
-253
1792
-1235
-615
1780
-1010
-444
1262
-747
-640
1308
-300
-1704
1788
124
-2047
1851
28
-1813
1918
-10
-1526
834
375
-156
-39
-727
853
711
-2043
662
1900
-1717
-1233
2474
-859
-905
1527
-937
-512
801
554
-840
-863
1605
361
-2124
527
2472
-2323
-1321
3382
-713
-2518
1823
668
-929
-441
404
1019
-925
-716
1410
-228
-1185
1078
-55
-988
1244
-83
-1938
1861
1196
-2985
102
2613
-653
-2557
1427
2160
-2026
-1529
2364
319
-1948
839
474
-830
968
-154
-1888
2565
224
-3425
1774
2886
-2918
-1843
3641
719
-3565
253
3108
-763
-2523
1202
1811
-679
-1982
654
2396
-1395
-1864
1248
1675
-985
-1823
1063
1973
-1666
-1784
2229
1063
-2139
-1112
2503
1181
-3634
-244
4319
-1839
-3125
2319
2225
-2339
-1635
2479
832
-2284
-351
1941
667
-2299
-985
3564
-21
-3813
1010
3532
-1782
-2953
2279
2459
-2732
-1538
2718
1112
-3112
-230
3263
-892
-2317
427
3038
-1184
-3459
2393
3133
-3761
-1781
4976
-737
-4262
2182
3092
-2748
-2292
3393
1505
-4484
28
5287
-2549
-4399
3943
3192
-4984
-1602
5939
-808
-5200
2124
4655
-3721
-3511
5586
589
-5619
2006
4751
-4031
-3602
5883
1165
-6187
749
6304
-2540
-6334
4878
5390
-7389
-3122
9676
-1286
-9486
6105
5846
-7460
-3019
7556
973
-7834
1805
7090
-5195
-4036
7026
-428
-5558
2678
4170
-4636
-1821
5927
-1516
-5097
3755
4149
-6553
-1365
8480
-3505
-6927
7364
3006
-8702
1007
7976
-4011
-6406
6789
3429
-8593
1007
7597
-4585
-4888
6855
1342
-7768
3197
5537
-6039
-1654
6132
-1989
-3927
3838
1209
-4108
1085
3539
-3510
-1271
4097
-682
-3426
1755
3037
-3916
-927
4264
-271
-4005
932
3900
-1526
-4253
3047
3636
-5456
555
3807
-2298
-2014
2525
1509
-3696
-495
4479
-1387
-4140
4091
1733
-4840
-104
6331
-4672
-3592
7455
-1649
-4924
2704
4532
-4875
-2796
6612
-952
-5993
4263
4172
-6486
-1052
6749
-2151
-4855
3318
2900
-3095
-1780
3195
155
-2153
-137
1930
-341
-769
-894
2118
219
-3236
1709
1935
-2286
-1039
3022
-1185
-1310
860
1579
-2417
301
2726
-2921
-290
4297
-4229
-2437
8035
-2598
-6662
4886
5028
-7416
-699
7451
-3948
-4958
7109
-107
-6292
3999
2257
-3551
492
1394
-1771
1452
1037
-3100
339
3514
-2655
-1828
4466
-832
-4331
2891
2902
-3181
-1767
2612
1467
-3360
368
3622
-2997
-2085
3914
-251
-2506
1106
298
961
-577
-2641
3385
1472
-5970
2040
4578
-3558
-1201
2131
484
-2080
-157
2284
-316
-3188
1401
4321
-3826
-2746
5069
1095
-6918
2088
7022
-6185
-2901
6171
-451
-4027
1359
1544
803
-3276
105
5922
-4056
-5055
8146
21
-9154
5275
6197
-8147
-2487
9726
-2793
-5627
2459
3993
-644
-6167
3062
6508
-7640
-2746
9484
-2230
-7721
3745
7647
-6842
-4501
8707
-102
-8328
4411
5831
-6669
-3555
8079
809
-9207
3981
6992
-6559
-4465
8020
1721
-8319
787
8705
-4213
-8274
9625
2978
-12143
4696
9164
-10283
-2065
10005
-3035
-6740
4817
3775
-5445
-1502
5948
-542
-7109
4812
5736
-9221
-741
10335
-5616
-7316
10282
1413
-11194
5580
6659
-9324
622
7292
-4284
-5123
7160
1380
-7134
1192
6136
-3556
-4436
5375
2072
-6075
-480
7927
-3818
-6050
6945
2761
-8960
1820
8725
-6119
-6035
9795
-68
-9537
6137
4209
-6521
-291
4496
-845
-3505
1742
2637
-2970
-1567
3872
174
-4508
2391
3435
-5022
-449
6128
-3814
-3013
5315
-188
-4160
1241
3595
-2130
-3419
2749
4760
-5971
-3013
8210
-1741
-7399
6022
2912
-7502
3195
4143
-5617
128
5759
-3703
-3672
4566
2892
-6216
-831
7266
-1705
-7904
4746
7135
-9321
-1401
10676
-6249
-5916
10672
-1023
-10089
5561
7218
-8962
-2224
8277
-1589
-6417
3936
4095
-5818
21
6277
-4698
-3411
8026
-1314
-7042
4828
4263
-6755
-1154
7211
-1783
-6738
5070
4623
-9323
1563
9570
-8209
-5735
11881
-994
-11591
7617
6592
-11815
1198
9985
-6674
-5119
8457
1239
-7305
2847
4254
-3485
-3238
5004
1861
-7735
1778
8289
-7641
-4255
11144
-4201
-8520
10754
1775
-10952
3827
7854
-5842
-5118
6811
2112
-8303
3500
6281
-8103
-592
8270
-5674
-4062
9323
-2296
-7437
6524
3896
-8129
-207
8793
-4572
-7234
8819
2387
-9959
2970
7372
-6054
-3788
7459
-250
-6935
4228
4283
-6381
-991
7089
-3542
-5021
6072
1408
-6365
1879
5099
-5566
-361
5548
-3531
-2832
5357
-394
-5644
4486
3074
-5623
168
5180
-3766
-3520
6657
-5
-7322
3921
5808
-7474
-1712
8352
-3247
-6479
6794
1506
-5927
2004
3176
-3137
-1056
3087
-629
-1874
1768
1564
-3618
780
4398
-3454
-2026
3894
-519
-2794
1967
942
-2262
-1144
2836
864
-4822
2474
2638
-4013
-40
4345
-2036
-2840
4004
-814
-2505
2356
1252
-2868
76
2890
-1890
-1298
2403
345
-3392
1415
3167
-3025
-1327
4207
-2698
-2101
5030
-2611
-2648
4534
-1253
-2520
2740
-101
-2351
1943
496
-1454
309
42
380
-354
-148
667
-456
-1154
1569
139
-1181
292
483
327
-1560
742
580
-108
-836
834
288
-439
-716
1388
15
-2167
2870
-618
-2371
2873
730
-4165
3492
200
-3710
3359
-307
-1832
999
364
-709
-294
602
500
-1109
308
168
136
595
-984
411
73
-172
359
133
-371
263
-138
-389
513
580
-944
-83
1041
-160
-1262
1546
587
-2469
505
2013
-1909
-862
2652
-1497
-1693
1639
392
-668
-487
1166
-674
234
-106
677
474
-2199
2002
537
-1460
642
479
-301
-571
155
814
-590
-360
167
614
-756
-428
570
-596
173
-630
441
823
-1184
-355
826
172
-923
-325
1947
-225
-2263
1450
1386
-1351
-952
1948
-501
-1311
1945
-465
-907
1664
-787
-1329
1718
310
-1975
1066
887
-1717
691
723
-1538
282
1334
-2248
809
2408
-2601
-824
3198
-1473
-2136
3046
-112
-1656
756
1186
-295
-1182
1253
350
-1060
553
1113
-1206
131
2281
-2613
-817
2574
-1059
-1784
1908
102
-3009
1711
1091
-2840
171
2033
-1943
533
1370
-1818
1081
308
-1126
1039
515
-791
494
676
-617
-191
572
206
-430
-300
215
596
-837
440
208
-1268
400
404
-897
189
353
30
-450
-1125
942
571
-1381
256
771
-324
-75
1306
-923
-401
2315
-1791
-566
3291
-1364
-2155
2703
572
-2725
1531
1234
-2020
576
960
-1002
-141
1328
-1021
-1615
1773
151
-2382
860
1062
-1528
-657
1686
-82
-1102
995
102
-759
966
-104
-146
20
-196
376
-5
-37
185
-1107
173
1888
-1906
196
1838
-1870
-331
1714
-1007
-671
1441
-242
-530
310
304
-750
374
305
-1083
557
531
-212
303
-514
-87
842
-1279
233
1514
-1262
-594
1414
-435
-1249
716
816
-1288
-48
1927
-1010
-1379
1535
95
-2056
1285
1472
-1884
-82
1421
-250
-704
337
1017
-845
-1061
1496
838
-1509
221
271
-1306
421
552
-686
-311
698
-860
-747
1464
-342
-945
865
-78
-222
880
314
-1170
124
1300
-721
332
1434
-1308
-636
1161
141
-558
9
489
-371
-723
951
933
-1313
-789
736
112
-758
634
784
-1078
-865
753
-81
-591
-6
416
-317
-576
1247
187
-1102
607
187
-566
1052
767
-502
-35
478
-800
-471
1335
-19
-1385
495
718
-1202
72
874
-962
-701
718
325
-210
577
-68
-826
600
471
-683
310
538
-481
-333
1079
610
-713
227
813
25
-195
603
441
-372
-493
616
553
-659
-97
507
-419
-426
313
-26
-226
-386
-223
89
99
-141
-317
88
114
-130
-307
-284
-348
-396
-229
-86
-315
-222
-439
-660
152
-197
-806
-280
-22
-412
-293
-98
-430
-657
-305
284
70
-609
-314
11
-514
-403
35
-415
-830
-95
-75
-543
-336
-718
-1150
-545
-48
-828
-1037
-958
-889
-807
-893
-595
-976
-1803
-1628
-1052
-1236
-1167
-795
-1202
-1384
-607
867
4214
9721
12879
9614
5296
5732
8244
8550
7680
8181
8048
6372
5067
5021
3264
-1639
-5649
-5843
-3745
-3073
-4152
-5950
-8509
-11186
-11597
-9978
-9317
-9447
-8681
-6915
-4920
-2894
-1791
-2374
-2516
-700
2665
5764
7447
7665
7135
6914
6108
5256
4923
4560
3474
2686
2271
215
-2963
-5079
-6101
-6841
-6071
-4634
-4928
-6206
-6561
-6194
-6095
-5475
-4117
-2770
-1728
-422
953
797
217
273
1063
2266
3735
4339
3741
3437
3379
2970
2387
2190
1698
896
733
476
-675
-2358
-3123
-3766
-4434
-4238
-3772
-4214
-4760
-3446
-2192
-2734
-2938
-3418
2286
20201
32111
22332
2393
3168
19667
21809
13178
12978
18990
14417
6865
8056
9738
-844
-14791
-16087
-8637
-1814
-3512
-10892
-19132
-23404
-20612
-16758
-15338
-15576
-12884
-8548
-6345
-4318
-870
8
-5540
-7457
1800
14133
16370
9613
7045
8765
7465
2867
2353
5468
3902
-1135
-2144
1255
19
-7987
-15871
-16561
-11517
-7563
-6201
-6737
-7012
-7669
-7363
-4569
4090
12649
8047
83
4797
16669
14266
5748
9056
11253
2758
1854
13054
9743
-5911
-7622
1720
775
-4141
13
-453
-8246
-8575
-1262
-590
-5414
-6366
-5509
-4107
-1373
-1258
-5190
-5165
-1301
-231
1005
4589
4263
-1057
-399
5707
6353
1992
768
1821
320
-1002
-337
-1007
-3948
-6137
-5582
-4847
-2401
13530
30993
25869
-14
-9876
12031
26599
14877
3770
13197
20854
10686
2211
5714
4096
-11644
-20733
-11457
3652
4476
-9339
-20882
-22783
-17434
-14090
-14233
-13388
-10228
-5776
-3474
-2373
-1069
-566
-4166
-7729
-778
14260
20642
10519
623
2495
6902
3128
-3094
-763
3885
618
-6067
-4782
-373
-6260
-18675
-21135
-9986
-1028
-2581
-6828
-6085
-3569
-4801
-4718
1457
14478
19542
9612
3079
11213
17972
7239
1619
11367
12379
545
1033
9559
-615
-15136
-9919
1317
-1588
-4277
481
-2521
-9285
-7079
-1407
-2555
-3346
-546
-196
-5
1035
-2238
-6116
-2349
2049
1352
2845
6411
3339
-2802
-15
5182
2381
-1946
-837
308
-2497
-4115
-4178
-5678
-7708
-6751
-5319
-3584
10388
29113
28663
4743
-10089
7050
25717
19363
5670
10087
20150
13179
875
715
3381
-7508
-20207
-15917
538
6171
-7458
-21899
-23741
-16628
-12676
-13037
-10741
-6235
-2718
-2182
-1569
672
1748
-912
-3965
1318
13928
20783
12590
622
-1102
3624
2834
-3487
-3570
1495
266
-7533
-9799
-5167
-6697
-16603
-20732
-11016
498
808
-5228
-6238
-2160
-1743
-2886
1405
11834
21625
18539
8857
6444
11639
9271
928
4966
11944
4515
-4904
96
1659
-10142
-14705
-5410
-2
-2135
391
1218
-4815
-7168
-2946
-595
-153
3250
3399
-245
-560
-186
-3502
-4034
673
2142
1233
3692
4601
-574
-3826
-436
925
-1270
-1417
-757
-3195
-6084
-5734
-5125
-5059
-4707
-4266
-4664
3750
23385
32272
16550
-5870
-2396
18906
24334
12081
6341
14200
14887
3276
-3309
-101
-2499
-15493
-20951
-9221
4521
-69
-16595
-24747
-19861
-11973
-9933
-8601
-4560
-732
78
-871
1137
4067
3698
84
299
9076
18522
16663
4401
-3664
-1827
1186
-2086
-5631
-2811
-680
-6023
-12514
-10920
-6751
-10668
-17732
-15001
-2873
4125
429
-4255
-2432
996
859
2129
9380
20988
22458
10685
2768
7731
12212
4014
393
7183
5842
-4901
-6102
-541
-6394
-15093
-11080
-1993
-199
-183
-28
-4255
-6260
-2681
725
1851
4760
5559
979
-358
1995
126
-3067
-175
3470
2535
2621
4041
584
-4600
-3462
-54
-545
-1715
-1929
-3707
-6377
-6558
-5625
-5174
-4111
-3252
-3845
-1310
14378
31110
27281
4527
-7167
8782
25157
20418
8133
8875
14820
8128
-2976
-4086
-936
-8290
-20044
-18289
-3551
3642
-7908
-22418
-24373
-15798
-9252
-7753
-4801
-729
1430
245
126
3404
6004
4594
1255
4080
13320
18358
11374
-422
-4974
-2322
-1134
-4597
-5503
-2536
-3654
-10716
-14950
-10810
-7383
-11788
-16087
-10103
1234
4651
-17
-2861
195
2748
2877
6010
17479
26272
17387
3315
3456
12076
7629
-1766
2417
6951
-1789
-8439
-3512
-4030
-12984
-14017
-6104
-905
1318
2369
-2440
-6268
-2843
469
460
3733
7585
3051
-1553
1305
2038
-2300
-2099
2240
2376
1977
4410
2929
-3013
-4613
-2142
-2107
-1978
-752
-2733
-6883
-7258
-5676
-5591
-4336
-1984
-2598
-1595
13758
30931
27056
4623
-6065
8708
22918
18898
9093
10315
14848
7031
-4684
-5366
-374
-6209
-18768
-18729
-4674
3027
-6965
-19973
-22444
-16304
-11012
-8051
-3368
1025
2331
-374
-1759
1734
5891
5775
2443
3439
10367
15744
11847
1908
-4264
-3870
-2788
-4904
-4798
-1123
-1675
-9569
-15583
-12048
-6709
-8724
-13300
-10064
-446
3916
702
-1855
778
2602
1468
3276
14061
24610
17935
2803
-25
10304
11552
2383
1911
5583
-469
-8304
-4720
-1043
-7450
-12858
-9378
-3280
1273
3169
-1790
-6680
-3899
424
969
3486
8221
4573
-2547
-1382
2727
1427
-747
674
894
608
2866
2902
-1669
-4077
-2772
-2653
-2261
-181
-1021
-5781
-8245
-6638
-5068
-3181
-1478
-1918
-3428
2731
19736
30170
20877
1192
-2301
12964
22086
16034
9672
13359
13055
1059
-7113
-2567
1445
-7894
-18943
-16006
-3450
167
-9813
-19556
-20280
-15490
-12732
-9009
-1943
2960
1350
-3911
-4196
1107
6241
6500
3701
4344
9564
13184
9761
3010
-912
-1953
-3749
-5468
-2773
1408
-490
-9354
-15222
-12005
-7114
-8097
-11016
-7765
-1329
193
-2411
-1948
1758
2925
1194
6911
19207
20933
9380
1676
6346
8704
4063
3966
6607
2417
-3782
-4325
-3855
-5658
-6414
-6800
-7018
-1924
4129
1095
-4636
-3797
-1967
-3364
-674
5908
5361
-112
-1790
-1584
-2049
3
2264
416
-444
2637
3197
-235
-867
92
-2227
-3945
-1627
25
-2216
-4405
-5101
-5432
-4219
-2518
-2131
-1170
8685
22166
23976
11544
-141
3925
14178
15940
10971
10850
15592
11740
-383
-6096
-1139
444
-8691
-15695
-9991
-609
-2256
-11558
-16740
-15410
-14261
-14971
-10950
-2592
2691
-117
-5587
-5591
-1158
2201
2323
2648
5384
8492
9088
6911
4378
2445
166
-3227
-4376
-883
3125
1632
-4958
-9352
-8862
-7680
-8931
-9141
-5111
-993
-1657
-4576
-3875
-210
579
-621
4349
12050
12205
6259
5688
9992
8067
2753
2691
4745
3866
2531
1586
-1370
-3690
-3581
-4906
-5637
-658
3325
-365
-3851
-1888
-841
-3213
-2380
989
804
-599
-444
-1207
-2404
-998
-207
-2282
-1852
2152
3196
626
177
1176
-309
-1856
-742
347
-392
-1455
-2266
-3013
-2415
-1530
-1889
-2082
3511
13894
19393
14524
4289
1328
6523
10162
8365
7642
11910
12551
4458
-3353
-2396
1618
-1083
-8079
-9701
-4407
-1053
-3953
-8347
-9403
-9149
-11611
-13160
-9632
-3178
-122
-2201
-4768
-4969
-3504
-2303
-1684
-667
1560
3766
3757
2339
1787
2334
1501
-893
-2250
-1151
957
1273
61
-663
-718
-2047
-4671
-5428
-3109
-439
-386
-1803
-2086
-1070
-799
-1069
1531
5301
5426
2070
616
2479
3179
2315
2102
1815
929
842
1181
675
684
1578
755
-934
549
3176
2534
813
951
1176
202
77
533
-181
-581
-484
-1704
-2720
-1474
-621
-1734
-1793
20
319
-1171
-1279
-243
-165
-418
-4
288
283
526
452
-258
-296
181
-249
-851
-259
754
2577
6193
9160
7785
3089
695
2049
3714
3199
1936
2484
4107
3810
1095
-990
23
1738
886
-981
-691
555
-318
-2351
-2264
-365
-272
-2675
-4892
-4764
-3407
-3040
-3722
-4271
-4139
-4062
-4585
-4950
-4522
-3975
-4131
-4478
-4176
-3255
-2269
-1666
-1535
-1612
-1105
-109
501
651
1201
2080
2398
2037
1762
1810
1697
1248
794
773
997
793
-34
126
1779
2676
1457
-258
-241
403
190
188
661
834
727
826
1219
2153
3242
2870
1374
1136
2259
2660
2349
2623
2656
1758
591
-257
-949
-1284
-1337
-1889
-2301
-1660
-950
-1618
-2536
-2362
-1993
-2081
-1737
-648
234
429
186
-28
349
1130
1204
567
434
875
963
363
-429
-1093
-1739
-2007
-1546
-14
2112
3357
2587
742
637
2337
2926
1610
1211
2993
4524
4057
2630
1995
2790
4027
4073
3025
2317
2006
1052
-445
-933
-64
266
-986
-2837
-3770
-3804
-3897
-4403
-5292
-5899
-5789
-5539
-5574
-5233
-4233
-3521
-3516
-3580
-3246
-2606
-1780
-986
-526
-99
444
562
151
4
492
801
414
-104
-285
-378
-470
-437
-230
83
358
542
933
2165
3307
2936
1574
1458
2342
2252
2017
2424
2645
2099
1707
2017
2597
3011
2705
2072
1659
1548
1078
334
321
610
217
-644
-1076
-1232
-1515
-1907
-2167
-1992
-1383
-696
-613
-565
29
516
423
200
513
1000
938
539
409
634
680
-126
-1190
-1533
-1341
-1380
-1901
-2472
-2912
-3232
-3366
-3079
-2344
-1228
518
2462
3486
3130
2825
3491
3676
2963
2778
3959
5176
4754
3261
2365
2871
3836
3666
2340
1338
931
315
-699
-1298
-1086
-1100
-1776
-2793
-3358
-3248
-3096
-3340
-3997
-4121
-3737
-3742
-4004
-3643
-2601
-1787
-1694
-2169
-2616
-2560
-2050
-1815
-1912
-1746
-1420
-1498
-2059
-2094
-1473
-1002
-935
-1063
-1094
-937
-484
-204
104
901
1599
1610
1504
2749
4450
4492
2939
2264
3088
2934
2018
2168
2616
2070
1349
1246
1534
1902
1907
1374
894
1191
1382
704
172
595
1046
492
-18
214
245
-110
-233
-183
-61
123
-112
-553
-306
549
508
-667
-1312
-1055
-1133
-1714
-1738
-1286
-1421
-2209
-2482
-2015
-1584
-1570
-1822
-1631
-992
-626
-876
-1115
-884
-903
-1458
-1481
-332
1331
2777
3778
3738
2646
2295
3033
2921
1861
1748
2857
3460
2622
1267
907
2031
3206
2909
1871
1311
976
168
-724
-427
669
978
50
-1142
-1634
-1676
-1759
-2340
-3274
-3786
-3804
-3852
-3951
-3765
-3392
-3047
-3157
-3799
-4150
-3698
-2899
-2508
-2371
-1923
-1383
-1201
-1330
-1229
-505
397
574
-9
-448
-88
568
817
1001
1662
2255
1867
1077
1184
1925
2093
1598
1363
1620
1891
1850
1722
1884
2153
2022
1793
2126
2781
3016
2665
2374
2459
2449
2024
1373
1041
1080
879
411
61
-108
-434
-1005
-1259
-1085
-970
-1387
-1883
-1791
-1237
-1088
-1404
-1408
-1124
-983
-1213
-1253
-886
-665
-982
-1369
-1193
-601
-342
-717
-1014
-952
-936
-1247
-1459
-1439
-1519
-1878
-2314
-2530
-1347
1190
3129
3523
2544
1814
2534
3664
3313
2215
2593
3970
4073
2818
1862
2351
3619
3878
2834
1815
1342
400
-977
-1115
350
997
-378
-2128
-2519
-2317
-2563
-3113
-3581
-3605
-3456
-3522
-3484
-2805
-2184
-2493
-3252
-3357
-2772
-2485
-2600
-2427
-1957
-1661
-1858
-2142
-2013
-1523
-1277
-1430
-1356
-846
-342
-83
465
1349
1760
1420
1088
1300
1611
1871
2044
2229
2442
2584
2559
2493
2617
2718
2581
2245
2198
2388
2551
2538
2262
1846
1428
1102
825
680
807
702
283
97
250
311
173
-42
-157
-152
-165
-60
-78
-198
-510
-853
-940
-784
-790
-1057
-1435
-1740
-1956
-1997
-1854
-1820
-1876
-1805
-1670
-1510
-1446
-1443
-1318
-1244
-1144
-881
-585
-475
-671
-925
-1253
-1848
-2459
-1444
1929
5385
5373
3045
1948
2196
2193
1635
1842
3393
4624
4007
2738
2468
3262
3549
2541
1324
849
534
21
-46
896
1546
333
-1850
-2978
-2892
-2763
-3000
-3460
-3752
-3900
-4083
-4338
-4159
-3593
-3461
-3795
-4049
-3716
-3054
-2439
-1880
-1283
-857
-807
-900
-785
-386
94
320
415
644
1131
1591
1953
2058
1803
1465
1106
856
810
1061
1356
1351
1153
1089
1109
1117
1232
1501
1671
1649
1675
1918
2205
2356
2359
2256
2177
2045
1820
1596
1436
1070
619
397
416
334
-81
-508
-826
-1015
-1173
-1359
-1424
-1478
-1331
-1041
-1072
-1205
-1269
-1359
-1625
-1706
-1316
-931
-650
-721
-997
-1071
-993
-900
-917
-883
-764
-803
-813
-795
-768
-817
-1086
-1415
-1767
-2140
-2828
-2721
-10
4371
6823
5456
3967
4500
4174
1675
362
2861
6000
6088
4632
4325
4673
3852
1517
-652
-1126
-570
-620
-1259
-997
-65
-1008
-3923
-5926
-5810
-5042
-4753
-4284
-3373
-2662
-2652
-3366
-3998
-3482
-2474
-2246
-2298
-1490
-216
3
-523
-577
-380
-512
-863
-854
-208
566
754
225
-199
75
110
-469
-511
590
1901
2089
1476
1254
1406
1346
1040
1252
2298
2986
2742
2431
2456
2434
1842
1185
1389
2095
2349
2046
1785
1702
1306
411
-264
-342
-200
-261
-486
-464
-351
-571
-1187
-1636
-1364
-875
-848
-1067
-871
-417
-579
-950
-950
-784
-777
-1038
-1170
-1039
-979
-1076
-1292
-1304
-1076
-1017
-1117
-1215
-1047
-835
-944
-1133
-887
-509
-572
-997
-1307
-1357
-1797
-2926
-2717
1445
7719
10438
7156
2766
2034
3180
3419
4285
7228
9438
7783
3999
1925
2045
2259
898
-930
-991
148
107
-1230
-2195
-2797
-4819
-7562
-8102
-6014
-3544
-2726
-3614
-4957
-5872
-6223
-5924
-4699
-2565
-1000
-1150
-1747
-1299
-368
-333
-979
-925
-69
712
1173
1548
1873
1614
299
-1128
-1132
277
1516
1628
1795
2238
1706
212
-326
717
1658
1548
1337
1649
1769
1530
1049
845
1112
1471
1649
1901
2625
2985
2156
1208
1276
1724
1677
1312
1034
574
-147
-704
-901
-860
-734
-949
-1507
-1756
-1573
-1579
-1892
-1814
-1368
-1128
-1205
-1251
-1253
-1428
-1752
-1896
-1547
-887
-541
-745
-1118
-1178
-1114
-1060
-894
-514
-320
-443
-821
-831
-942
-1293
-1897
-2632
-3752
-1746
7120
16331
15609
4788
-1900
1532
7253
9330
11404
14098
12027
4391
-1175
21
3145
2836
-801
-2761
-1239
-113
-2692
-6269
-8291
-9273
-10674
-9949
-5899
-2639
-3535
-7587
-10778
-10613
-7452
-3829
-1201
81
369
-866
-2592
-1826
1022
2789
2020
1080
1891
3183
2675
972
-456
-874
-1058
-1249
-361
1076
867
-1577
-3747
-3009
-609
833
1033
1150
1159
270
-510
364
2178
2932
2863
3077
3710
3788
3051
2232
2101
2947
3974
4175
3691
2989
1499
-174
-712
94
688
159
-820
-1698
-2368
-2742
-2972
-3026
-2425
-1546
-1263
-1533
-1733
-1967
-2416
-2266
-977
256
427
-326
-958
-1165
-1129
-845
-510
-144
-161
-627
-1177
-1127
-1338
-1715
-2052
-2063
-3012
-2857
6182
18935
20331
5851
-5451
181
11565
14913
14314
15186
11789
2558
-3447
350
5679
4310
-1398
-4285
-2192
-569
-4226
-9379
-11359
-10848
-10102
-8364
-4549
-3450
-7644
-12790
-13508
-9428
-3657
-77
207
-1208
-2389
-2675
-2543
-418
2771
3781
2015
745
1560
2159
45
-2954
-3501
-1718
64
-186
-1336
-2167
-3772
-5466
-4634
-900
2114
1432
-552
-692
343
818
1342
2988
4887
5122
4311
4298
4651
4325
3404
3591
5284
6482
5724
3685
2016
1283
953
799
1188
1281
170
-1540
-2585
-2463
-2305
-2472
-2685
-2513
-1828
-1221
-1234
-1906
-2187
-1666
-738
-53
241
-50
-782
-1127
-615
55
200
-97
-435
-798
-1171
-1571
-1940
-2003
-1732
-1456
-2108
-3610
-5198
142
13726
22119
12669
-4082
-5077
8422
16886
15170
13774
12692
5749
-1996
-447
6183
5816
-858
-4868
-2401
800
-1704
-8244
-12020
-11321
-9087
-7153
-4769
-3905
-7960
-13241
-13628
-8710
-3241
-531
-1096
-2664
-3428
-2562
-1477
-544
1388
2719
1905
568
822
1040
-1066
-3978
-3951
-1246
762
-262
-2992
-4549
-4512
-4149
-2773
-76
1617
429
-1796
-1510
548
2122
2902
3887
4664
4751
3978
3523
3872
4386
4705
4821
5412
5546
4193
2272
1638
2125
2676
2677
2080
974
-596
-1695
-2106
-2015
-1659
-1544
-1679
-1820
-1819
-1903
-2199
-2044
-1305
-378
346
575
30
-787
-1172
-840
-19
632
473
-549
-1533
-1641
-1306
-1028
-1384
-1677
-2534
-3254
-4459
-1476
11050
21159
14696
-3354
-7462
6399
17632
15629
12134
11216
5950
-1258
-952
5853
6240
-615
-5156
-2458
1365
-1183
-8540
-12314
-10349
-7181
-5283
-4118
-4323
-8677
-13181
-12068
-6491
-2135
-1261
-2820
-4117
-3622
-2014
-947
-1217
-348
1510
2001
870
-327
-1537
-3080
-3989
-2756
-22
957
-1163
-4701
-6192
-4408
-1706
59
805
437
-828
-1573
-612
1084
1909
2293
3377
4459
4743
4226
3492
3255
3702
4907
5904
5774
4497
2836
2042
2476
3324
3332
2509
1219
66
-740
-871
-527
-642
-1211
-1523
-1317
-1228
-1744
-2154
-1772
-1013
-416
-181
-284
-742
-1120
-959
-218
349
111
-283
-715
-1102
-964
-427
-306
-1133
-1614
-1549
-1391
-2237
-2974
-4496
-1783
11028
22176
15478
-4238
-9285
6131
19176
16865
11628
9908
5069
-1716
-1111
5788
5917
-1396
-5552
-2156
1318
-2709
-10708
-13238
-9407
-5137
-3548
-3720
-5719
-10381
-13535
-10667
-4187
-333
-819
-3422
-4699
-3495
-1825
-1346
-1440
-202
1996
2295
311
-1921
-3512
-4210
-3599
-1442
901
519
-2853
-6158
-6263
-2936
221
911
269
-61
33
-94
342
2016
3505
3760
4082
4907
4989
3521
2042
2672
4411
5587
5063
3266
1691
1419
2214
3149
3448
2762
1402
38
-346
67
300
80
-436
-869
-1028
-1213
-1802
-2492
-2294
-1046
58
143
-629
-1454
-1741
-1160
-100
372
-99
-657
-582
-822
-1183
-1383
-1025
-513
-168
-420
-884
-1818
-2819
-4269
-2012
11020
22332
16230
-3538
-9231
5867
19487
17185
11153
9223
4810
-1260
-906
5823
5624
-2067
-6558
-2630
1655
-2103
-10693
-13786
-9351
-4589
-3296
-4219
-6169
-10172
-12640
-9664
-3558
-427
-1375
-3734
-4766
-3355
-1544
-998
-1792
-1288
760
1682
-141
-2852
-4538
-4597
-3336
-1353
308
-511
-3904
-6559
-5677
-1674
1623
1825
813
277
450
586
1282
2723
3994
4452
5238
5659
4403
2493
1808
3295
5148
5781
4588
2228
557
817
2104
3082
3060
1980
723
-15
-103
-336
-658
-464
77
51
-606
-1535
-2389
-2398
-1311
148
707
-42
-1441
-2152
-1567
-486
-60
-219
-423
-798
-1051
-787
-783
-1222
-1485
-652
261
311
-538
-1393
-2602
-2991
-3235
3302
17201
22048
7638
-10046
-4879
14409
21623
13609
8628
7060
1873
-2417
1683
6974
2351
-5146
-5105
675
966
-6773
-13588
-11567
-5204
-2155
-3152
-5590
-8945
-12390
-11196
-5284
-483
-842
-3510
-5251
-4540
-2455
-1166
-1692
-2399
-889
1061
403
-2713
-5312
-5653
-3856
-1511
138
271
-1861
-4855
-5423
-1994
2127
2944
1245
-113
-194
441
1707
3051
3258
3122
3760
4631
4323
3192
2436
2916
4493
5815
5330
2939
854
407
1568
3124
3480
1877
-52
-537
-69
-12
-332
-145
100
38
-271
-1003
-1918
-2205
-1297
36
659
29
-1567
-2535
-2047
-692
225
31
-804
-1661
-1429
-504
-317
-1157
-1557
-517
465
576
-272
-919
-1940
-2214
-2695
1608
14463
21580
10674
-7735
-6726
11316
21383
14767
8360
6668
2292
-2016
753
6413
3307
-4267
-5715
-528
1098
-5095
-11907
-11004
-5201
-1930
-2815
-5394
-8367
-11234
-10181
-5011
-620
-1115
-4020
-5888
-5095
-2713
-1487
-2184
-3198
-1891
111
-347
-3306
-5755
-5768
-3933
-1713
31
-146
-2494
-5062
-4505
-785
2596
2900
1252
319
622
1587
2199
2684
3183
3835
4531
4679
3899
2337
1700
3178
5699
6332
4370
1594
84
385
1975
3522
3284
1449
-161
-314
168
217
-45
-25
333
558
-13
-1367
-2545
-2514
-1071
556
706
-788
-2477
-2817
-1703
-404
4
-402
-1212
-1653
-1277
-410
-311
-1024
-1359
-372
1009
928
-240
-1270
-1051
-753
-953
-1134
7468
19162
17300
-129
-10253
2707
19292
19052
9509
6219
3949
-725
-1662
4332
6403
-838
-6517
-3585
1237
-1600
-9434
-11977
-6691
-1745
-1745
-4595
-7211
-9715
-10464
-6746
-1540
-274
-3196
-5777
-6053
-3899
-2035
-1960
-3241
-3338
-1489
-682
-2803
-5742
-6702
-5102
-2457
-671
-331
-1877
-4071
-4781
-2076
2068
4054
2655
742
484
1433
2651
3222
3662
3803
4143
4580
4388
3153
2062
2612
4589
5980
4999
2621
626
288
1568
3229
3746
2444
472
-249
199
628
398
18
202
638
435
-733
-2190
-2799
-2058
-476
623
-36
-2012
-3432
-3129
-1800
-508
-265
-958
-1818
-1919
-1328
-750
-632
-695
-439
127
713
485
-154
-804
-342
-110
-314
-910
6299
17467
17099
1642
-8754
2141
17805
18559
9325
5940
3985
-227
-1545
3753
5963
-763
-6428
-3533
1469
-1314
-8871
-11369
-6068
-1439
-1794
-4450
-6636
-8878
-9842
-6446
-1452
-432
-3830
-6293
-5835
-3335
-2164
-2845
-4025
-3893
-2204
-1440
-3079
-5806
-6839
-5337
-2371
-468
-510
-2199
-4088
-4068
-1256
2479
4030
2571
676
541
1872
3167
3505
3478
3673
4260
4555
3847
2642
2133
3004
4548
5439
4636
2528
578
400
2006
3610
3724
2233
662
465
1050
1017
393
253
806
873
112
-1017
-2050
-2565
-2037
-476
529
-430
-2642
-4017
-3390
-1573
-240
-301
-1438
-2594
-2388
-1121
-491
-801
-1078
-548
317
811
466
-263
-628
-175
219
-236
-111
8025
17853
14695
-1128
-7973
5316
19140
16605
7189
4952
3444
-348
-767
4362
4784
-2512
-6369
-1878
2094
-2592
-10141
-10397
-3950
-348
-1899
-4688
-6740
-8800
-8882
-4825
-362
-966
-4902
-6598
-5156
-2864
-2687
-3921
-4649
-3837
-2117
-1654
-3736
-6627
-7462
-5146
-1760
-489
-1746
-3738
-4653
-3544
-823
1940
4197
4200
2301
869
2095
4291
4459
3822
4735
5824
4761
3190
2332
2126
2649
3840
4770
4180
2464
626
24
1764
4028
3949
2020
1086
1193
999
458
449
819
867
708
-102
-1300
-2221
-2623
-2295
-1151
109
-201
-2155
-3693
-3566
-2343
-1180
-723
-1141
-1917
-2238
-1880
-1471
-1231
-1075
-444
476
692
-56
-463
-428
94
62
174
-386
1717
11760
18098
9625
-5493
-4388
11507
19957
12621
5302
4161
1907
-691
989
5061
2192
-4290
-4650
610
1143
-5568
-10740
-7177
-1030
-188
-2848
-5091
-7082
-8972
-7353
-2575
-25
-2837
-5980
-5833
-3948
-2984
-4064
-4964
-4511
-3029
-1898
-2568
-5445
-7774
-7011
-3399
-667
-1177
-2913
-3599
-3207
-1651
880
2896
3084
2115
2190
2999
3134
2781
2813
3708
5018
5133
3728
2359
2430
3129
3705
4546
4985
3462
1290
1144
2517
3368
3078
2412
1768
1496
1468
743
-59
290
1116
1043
211
-575
-1302
-1867
-1910
-1677
-1430
-1264
-1390
-2088
-2766
-2732
-2426
-1903
-1300
-1046
-1386
-1740
-1669
-1462
-1178
-387
113
162
-249
-253
-7
56
-285
-29
326
258
-991
983
11422
17493
8716
-5631
-3656
11436
18060
10684
4780
4693
2271
-766
857
4636
1677
-4516
-4398
1252
1956
-4963
-10429
-7442
-1508
-270
-2330
-4567
-6916
-8597
-6760
-2386
-640
-3070
-5268
-4866
-3539
-3251
-4680
-5666
-4934
-2944
-1571
-2724
-5878
-7754
-6320
-2955
-790
-1008
-2065
-2817
-2704
-1091
1039
1929
2264
3843
5374
4283
1930
1680
3245
4962
5910
5734
3946
2059
1619
2143
2833
3445
3429
2504
2201
2499
1854
1255
2168
3357
3203
2371
1617
446
-423
-21
557
273
-170
-589
-1469
-2390
-2941
-2906
-2363
-1387
-810
-1363
-2302
-2916
-2926
-2224
-1108
-510
-619
-1003
-1049
-1019
-980
-866
-458
192
720
575
-88
-449
-507
-274
132
570
330
727
7902
15008
10483
-2094
-4244
8200
16738
11582
4411
3851
3116
486
201
2794
1620
-3099
-3445
1173
2374
-3577
-9503
-7472
-1253
733
-1647
-4288
-6039
-7164
-6190
-3138
-1393
-3177
-5241
-5022
-3847
-3723
-5387
-6525
-5651
-3743
-2347
-2851
-5278
-7339
-6639
-3406
-866
-897
-1797
-1855
-1429
-759
360
1667
2302
2755
4521
5896
4386
1200
680
3756
6686
6541
4592
2683
1866
2077
2702
3180
3120
2737
2452
2826
3087
2241
1050
1645
3440
3922
2567
704
-626
-999
-152
728
210
-1235
-2076
-2147
-2283
-2622
-2959
-2855
-2198
-1393
-1295
-2046
-2942
-3184
-2372
-765
90
-450
-1186
-1193
-750
-570
-539
-362
78
427
421
-138
-564
-390
29
576
509
10
-157
5581
13507
12136
1043
-4519
4799
14985
12953
5243
3460
4072
2308
485
1424
1243
-2384
-3521
467
2994
-1800
-8557
-8551
-2810
408
-987
-3304
-5075
-6604
-6340
-3711
-1839
-3125
-5054
-4604
-3138
-3194
-5164
-6893
-6408
-4368
-2283
-1860
-3910
-6729
-6979
-4140
-1097
-648
-1582
-1727
-996
-80
665
903
1100
1578
3290
5671
6187
3903
954
1334
4563
6971
6202
3922
2028
1775
2525
2763
2527
2042
2039
2703
3533
3294
1514
306
1492
3277
3441
2001
82
-1274
-1242
-300
81
-739
-1663
-1880
-1787
-1969
-2742
-3445
-2977
-1881
-1129
-1129
-1802
-2796
-3234
-2158
-428
67
-698
-1083
-743
-399
-524
-689
-357
134
548
525
418
132
-222
-208
360
973
654
198
4577
12006
11839
2447
-3409
3866
13119
11872
5349
3636
4075
1952
-94
817
1112
-2082
-3513
-63
2596
-1123
-7390
-8083
-3176
-1
-1069
-3197
-4541
-5582
-5861
-4250
-2480
-3131
-4798
-4653
-3171
-2828
-4658
-6668
-6537
-4638
-2436
-1722
-3195
-5476
-5977
-3991
-1693
-1176
-1600
-1061
26
437
188
273
935
1566
2346
4386
6246
5199
2238
1424
3752
5587
5145
4132
3727
3100
2373
2017
1796
1743
1785
2424
3323
3454
2111
519
838
2340
2801
1812
753
-72
-564
-647
-696
-1078
-1552
-1613
-1413
-1420
-1916
-2826
-3454
-2964
-2046
-1469
-1447
-1821
-2231
-2165
-1524
-1121
-1003
-674
-198
34
-195
-524
-700
-518
158
606
548
156
11
-210
-95
401
540
56
599
6341
12271
9614
465
-1959
6407
12566
9014
3887
4122
4410
1802
-4
593
-292
-3295
-2645
1823
3109
-2229
-8001
-7111
-2263
-485
-2013
-3195
-3753
-4883
-5268
-3798
-2821
-4156
-5208
-3587
-1553
-2122
-5046
-6975
-6136
-3917
-2038
-1714
-3225
-5254
-5405
-3437
-1648
-1750
-2160
-1108
435
1028
673
234
468
1527
3009
4156
4283
3470
2391
2458
4017
5232
4367
3223
3454
3939
3148
2150
2004
2093
2156
2769
3194
2300
1230
1021
1597
2065
2047
1372
535
357
598
228
-720
-1231
-1159
-752
-590
-1271
-2430
-3046
-2652
-2134
-2214
-2602
-2765
-2239
-1426
-1077
-1443
-1816
-1673
-1022
-158
193
-169
-704
-776
-420
-128
-97
-164
10
352
525
294
17
10
11
31
36
2198
7539
10648
6354
-416
285
7377
10175
6251
3434
4408
4448
1814
-360
-746
-1619
-2536
-721
1991
1108
-3558
-6902
-5574
-2602
-1583
-2208
-2830
-3168
-3411
-3517
-3421
-3672
-4147
-3535
-1895
-943
-2155
-4690
-6121
-5368
-3579
-2361
-2526
-3643
-4308
-3705
-2635
-2271
-2540
-2250
-839
711
1386
982
132
57
1319
3288
4177
3533
2670
2836
3623
3986
4030
3662
3186
3067
3510
3444
2324
1356
1335
2094
2655
2827
2193
1237
1184
1868
2071
1370
947
1067
1162
903
327
-478
-1078
-795
-280
-596
-1517
-2107
-2024
-1925
-2086
-2462
-2818
-2868
-2481
-1768
-1348
-1565
-2224
-2272
-1417
-571
-575
-1009
-897
-435
-183
-215
-240
-255
-181
98
441
594
384
12
-262
-212
-30
-12
1416
5509
8813
6630
1393
1040
6311
8816
5262
2433
4256
5644
2902
-264
-773
-1246
-2749
-1861
1436
2221
-1303
-4629
-4137
-2138
-1846
-2717
-2871
-2215
-1672
-1804
-2537
-3626
-4529
-4320
-3091
-1870
-1817
-3169
-4627
-4904
-4194
-3684
-3961
-4303
-3830
-2640
-1641
-1590
-2406
-2945
-2156
-541
687
1001
994
1144
1320
1622
2327
2898
2716
2536
3209
4225
4171
3049
2362
2608
3022
3154
3123
2979
2564
2140
2355
2746
2514
1989
1930
2329
2446
1965
1345
891
602
565
605
452
92
-258
-476
-808
-1336
-1737
-1896
-2058
-2307
-2429
-2398
-2471
-2681
-2760
-2520
-2192
-1889
-1529
-1190
-983
-967
-971
-799
-589
-517
-423
-179
150
299
151
-24
-109
-79
47
170
275
321
229
154
138
138
473
1489
2838
3409
2864
2405
2934
3480
2783
1539
1569
2927
3466
2171
671
633
1446
1658
1277
1088
923
310
-255
-177
-91
-816
-1776
-1954
-1574
-1659
-2343
-2842
-2770
-2493
-2363
-2501
-2893
-3338
-3550
-3433
-3182
-3028
-3039
-3091
-2963
-2571
-2226
-2301
-2618
-2565
-1963
-1329
-1145
-1260
-1266
-1092
-842
-472
-34
205
300
644
1283
1776
1909
2073
2528
2923
3009
3016
3136
3265
3334
3447
3620
3785
3918
3895
3631
3330
3160
2934
2533
2238
2212
2127
1659
988
553
464
403
112
-353
-794
-1139
-1407
-1645
-1907
-2156
-2284
-2257
-2183
-2175
-2313
-2581
-2779
-2731
-2491
-2295
-2296
-2412
-2409
-2260
-2234
-2374
-2280
-1802
-1358
-1248
-1216
-1011
-803
-722
-576
-215
135
217
187
355
630
731
711
862
1366
2276
3378
4063
3976
3583
3503
3738
4070
4491
4711
4273
3533
3412
3873
3897
3220
2603
2288
1793
1255
1117
899
-103
-1251
-1601
-1621
-2283
-3235
-3554
-3428
-3647
-4116
-4311
-4384
-4735
-5061
-4922
-4676
-4796
-4963
-4637
-4102
-3872
-3804
-3494
-3103
-2930
-2745
-2285
-1809
-1593
-1433
-1062
-622
-327
-106
175
506
888
1401
2017
2609
3125
3510
3731
3895
4210
4582
4727
4609
4458
4394
4429
4536
4540
4251
3779
3408
3125
2751
2352
2142
2010
1692
1205
751
366
-32
-351
-551
-744
-1047
-1366
-1692
-2077
-2495
-2795
-2984
-3145
-3272
-3304
-3318
-3443
-3647
-3722
-3561
-3257
-3006
-2837
-2684
-2531
-2365
-2083
-1669
-1313
-1104
-892
-562
-248
-36
127
296
509
784
1050
1175
1201
1229
1326
1476
1604
1605
1683
2259
3306
4166
4245
3824
3491
3528
3827
4258
4524
4219
3443
2930
3104
3342
2946
2119
1477
1030
583
222
-62
-688
-1719
-2483
-2664
-2824
-3404
-3937
-4031
-3969
-4088
-4194
-4191
-4354
-4709
-4820
-4491
-4147
-4088
-4073
-3807
-3403
-3070
-2773
-2490
-2268
-2037
-1647
-1220
-926
-716
-410
-21
356
718
1015
1190
1312
1599
2014
2383
2706
3122
3505
3595
3500
3522
3632
3626
3703
4058
4325
4068
3565
3375
3395
3185
2764
2471
2287
1984
1613
1362
1155
786
316
-70
-397
-835
-1357
-1728
-1888
-2050
-2357
-2690
-2918
-3066
-3156
-3117
-2976
-2873
-2778
-2575
-2337
-2217
-2198
-2142
-2016
-1867
-1678
-1480
-1356
-1241
-1005
-738
-608
-536
-325
-43
102
172
388
676
781
746
899
1244
1391
1241
1141
1263
1341
1235
1168
1225
1215
1266
1781
2619
3067
2842
2455
2355
2474
2652
2829
2752
2266
1772
1741
1959
1854
1374
895
584
355
190
13
-401
-1033
-1488
-1637
-1860
-2367
-2791
-2826
-2715
-2761
-2881
-2979
-3200
-3493
-3517
-3263
-3158
-3352
-3414
-3046
-2537
-2253
-2154
-2002
-1762
-1520
-1292
-1048
-804
-567
-283
17
228
360
502
662
817
1057
1414
1749
1953
2109
2293
2442
2530
2631
2723
2684
2569
2566
2730
2903
2920
2758
2513
2316
2156
1902
1579
1354
1262
1144
941
754
585
365
144
-2
-159
-421
-696
-864
-979
-1175
-1487
-1772
-1898
-1891
-1901
-1998
-2101
-2127
-2064
-1921
-1735
-1641
-1724
-1841
-1786
-1526
-1206
-983
-870
-771
-598
-394
-301
-356
-407
-288
-37
181
250
195
126
147
270
388
393
313
253
262
295
312
299
263
253
315
444
683
1155
1803
2282
2400
2374
2419
2453
2427
2501
2613
2460
2105
1964
2041
1900
1493
1182
1020
777
506
359
108
-447
-959
-1103
-1169
-1522
-1964
-2146
-2141
-2157
-2190
-2251
-2438
-2647
-2645
-2513
-2556
-2759
-2829
-2694
-2510
-2291
-1977
-1745
-1770
-1858
-1709
-1381
-1152
-1052
-882
-605
-354
-181
-45
47
122
312
648
966
1150
1246
1352
1542
1851
2171
2307
2306
2392
2548
2589
2532
2568
2665
2664
2568
2429
2185
1869
1673
1624
1588
1531
1432
1197
889
719
645
382
-66
-398
-515
-600
-757
-938
-1152
-1403
-1580
-1598
-1596
-1725
-1901
-1967
-1924
-1897
-1938
-2005
-2046
-2048
-1992
-1864
-1736
-1667
-1604
-1430
-1166
-949
-823
-727
-619
-464
-208
90
269
288
343
543
723
717
643
669
727
666
554
563
666
712
691
727
826
848
776
801
1079
1495
1782
1855
1855
1894
1911
1890
1939
2062
2058
1847
1624
1543
1475
1276
1031
818
555
237
29
-56
-221
-537
-829
-1007
-1197
-1461
-1667
-1753
-1824
-1965
-2102
-2168
-2230
-2332
-2393
-2360
-2311
-2292
-2227
-2082
-1944
-1858
-1757
-1597
-1422
-1288
-1177
-1068
-967
-841
-634
-355
-93
83
196
306
468
680
895
1106
1362
1607
1685
1621
1627
1782
1906
1915
1917
1926
1862
1790
1811
1839
1770
1683
1631
1532
1393
1290
1162
920
707
656
607
392
121
-33
-137
-278
-397
-461
-597
-836
-1033
-1112
-1160
-1251
-1319
-1300
-1271
-1309
-1355
-1332
-1301
-1324
-1307
-1184
-1104
-1181
-1235
-1109
-951
-937
-937
-763
-525
-410
-345
-180
25
140
210
357
518
560
509
502
584
644
603
530
528
569
564
496
441
439
475
548
642
755
917
1158
1393
1491
1482
1517
1604
1644
1624
1585
1485
1296
1155
1132
1070
870
666
546
370
77
-140
-195
-310
-598
-871
-1021
-1186
-1434
-1627
-1673
-1685
-1737
-1789
-1845
-1943
-2016
-1997
-1967
-2008
-2053
-1995
-1875
-1784
-1706
-1598
-1487
-1404
-1293
-1101
-899
-755
-621
-444
-256
-118
13
192
395
588
801
1028
1181
1234
1301
1454
1624
1719
1712
1693
1724
1779
1791
1731
1669
1654
1648
1628
1578
1452
1253
1083
1012
1003
948
839
742
668
570
465
537
726
607
60
-359
-341
-264
-376
-405
-404
-743
-1095
-944
-675
-890
-1208
-1139
-1008
-1074
-984
-781
-929
-1245
-1182
-941
-1068
-1313
-1168
-813
-648
-631
-583
-559
-617
-626
-491
-319
-277
-325
-225
75
254
143
13
72
159
159
189
255
203
118
192
298
210
64
115
286
356
341
347
326
286
326
419
408
282
233
310
377
349
272
238
249
246
222
192
167
148
184
297
371
292
186
250
415
480
439
427
437
410
399
438
430
354
318
333
288
187
147
183
186
113
32
-10
-39
-84
-125
-174
-250
-345
-389
-332
-269
-314
-411
-450
-440
-449
-462
-453
-483
-576
-636
-629
-644
-706
-726
-668
-626
-654
-706
-698
-644
-621
-621
-559
-453
-416
-421
-346
-195
-102
-85
-20
107
177
167
183
250
293
274
284
346
391
381
368
395
425
445
477
535
587
592
554
541
585
646
664
634
608
607
604
569
515
483
461
426
383
345
286
210
180
206
178
50
-98
-177
-205
-228
-253
-300
-398
-515
-586
-609
-630
-642
-641
-655
-687
-691
-663
-647
-640
-603
-531
-447
-353
-259
-202
-166
-103
7
120
218
314
397
460
539
651
772
867
912
923
914
900
912
929
927
899
852
781
694
621
574
520
431
335
234
126
15
-82
-170
-299
-467
-618
-709
-781
-883
-996
-1077
-1145
-1214
-1269
-1305
-1350
-1416
-1446
-1401
-1331
-1288
-1256
-1202
-1137
-1079
-1008
-908
-797
-706
-632
-554
-471
-389
-293
-161
-19
96
208
343
474
596
722
844
938
1011
1101
1187
1263
1326
1374
1395
1387
1378
1383
1372
1333
1280
1221
1147
1067
1004
951
867
759
662
582
496
406
335
256
157
65
-1
-67
-148
-237
-317
-392
-445
-484
-532
-595
-638
-648
-667
-708
-745
-772
-792
-793
-766
-748
-775
-825
-822
-757
-682
-624
-576
-544
-535
-512
-425
-319
-258
-217
-153
-81
-31
12
98
228
344
428
493
541
560
583
642
718
755
736
721
733
715
650
576
522
455
382
334
288
192
49
-64
-133
-206
-303
-394
-478
-563
-642
-692
-734
-791
-850
-883
-887
-898
-936
-959
-922
-854
-801
-764
-727
-696
-660
-581
-478
-389
-317
-228
-126
-44
22
107
213
304
388
476
558
631
698
768
821
845
868
906
931
918
880
861
868
879
881
856
805
731
674
655
645
615
552
474
404
338
268
196
125
49
-24
-80
-126
-178
-237
-286
-336
-380
-411
-434
-445
-455
-479
-517
-542
-532
-496
-471
-476
-487
-494
-474
-415
-358
-333
-336
-321
-280
-226
-183
-155
-139
-125
-97
-51
-2
22
25
25
37
64
101
121
117
99
90
104
125
129
104
68
47
52
68
60
21
-25
-51
-49
-34
-33
-54
-87
-105
-86
-57
-45
-58
-74
-71
-54
-36
-32
-43
-59
-64
-54
-44
-36
-47
-59
-52
-38
-26
-25
-20
-11
0
22
44
67
78
86
99
119
141
157
171
185
192
187
188
199
201
193
178
159
141
120
101
74
35
-3
-27
-33
-45
-75
-110
-140
-146
-137
-124
-121
-131
-129
-118
-103
-93
-88
-79
-70
-44
-26
-19
-22
-24
-18
1
26
45
66
72
71
72
84
101
111
130
142
143
138
133
138
144
154
167
168
163
150
147
141
140
139
134
132
120
113
97
84
74
68
66
51
32
9
-15
-37
-60
-71
-95
-122
-152
-181
-201
-225
-234
-240
-247
-257
-270
-276
-280
-280
-273
-264
-256
-247
-238
-233
-222
-211
-191
-161
-136
-118
-102
-86
-69
-48
-15
13
32
46
62
85
101
124
141
154
165
178
197
201
201
197
197
199
195
187
173
156
138
128
118
107
91
78
65
51
39
29
18
10
1
-7
-19
-30
-39
-47
-56
-67
-75
-88
-95
-105
-118
-129
-142
-149
-153
-158
-158
-158
-156
-150
-140
-131
-119
-105
-88
-69
-44
-20
5
24
45
63
82
101
118
135
144
155
166
171
178
183
183
183
181
185
189
189
186
180
177
173
170
169
163
149
136
128
121
110
95
84
70
59
54
46
31
16
6
-2
-15
-30
-45
-55
-69
-82
-91
-108
-128
-141
-153
-166
-180
-195
-209
-218
-228
-233
-235
-243
-245
-247
-247
-237
-230
-225
-214
-207
-197
-181
-162
-148
-138
-126
-110
-93
-74
-63
-55
-43
-24
-5
7
21
34
50
68
87
99
107
120
133
147
157
157
157
155
155
159
160
154
146
137
135
134
128
117
108
101
97
100
89
78
70
69
68
65
61
57
54
47
49
49
46
39
35
30
28
26
21
17
11
10
4
0
-2
-11
-19
-27
-34
-37
-48
-56
-61
-67
-74
-78
-86
-93
-95
-94
-93
-94
-93
-92
-85
-79
-74
-67
-59
-52
-40
-29
-19
-8
2
8
15
27
35
41
48
49
56
63
66
64
64
66
68
70
68
67
64
65
69
69
73
67
59
60
62
62
57
47
37
30
20
5
-12
-31
-48
-61
-77
-97
-116
-133
-146
-159
-172
-184
-192
-202
-207
-207
-205
-202
-200
-197
-187
-176
-164
-151
-134
-115
-97
-77
-62
-46
-25
-4
21
34
53
73
90
107
125
142
153
168
183
197
204
212
219
228
236
238
239
237
236
238
238
230
223
214
203
201
188
175
162
145
129
112
92
74
49
28
8
-19
-42
-70
-96
-122
-146
-169
-191
-216
-236
-253
-268
-283
-296
-303
-312
-311
-309
-309
-305
-299
-287
-274
-259
-240
-223
-204
-183
-159
-135
-108
-80
-51
-20
8
36
63
91
117
142
173
198
222
241
265
281
296
305
311
320
323
324
319
311
303
296
280
268
252
234
215
192
173
148
122
98
68
43
14
-15
-41
-73
-101
-131
-161
-189
-215
-236
-261
-282
-301
-319
-330
-338
-344
-346
-346
-342
-336
-325
-312
-295
-275
-254
-231
-210
-183
-156
-126
-95
-63
-33
-7
23
55
81
112
142
167
193
215
235
254
271
280
291
304
309
311
311
307
301
294
279
270
259
244
230
206
182
159
134
109
83
54
26
-4
-32
-60
-88
-113
-143
-168
-193
-213
-231
-251
-265
-279
-289
-295
-296
-298
-295
-291
-285
-273
-260
-243
-223
-200
-175
-151
-122
-93
-64
-32
-3
26
55
81
110
139
164
186
205
223
239
252
263
274
284
286
287
283
275
269
259
245
230
214
193
172
151
129
106
81
58
33
6
-20
-41
-62
-86
-105
-126
-150
-167
-185
-200
-216
-226
-237
-245
-250
-253
-256
-259
-257
-252
-245
-235
-225
-213
-200
-185
-171
-153
-132
-117
-97
-79
-59
-35
-12
9
25
47
66
86
107
124
136
153
166
180
193
201
211
214
218
219
218
216
210
203
192
182
168
151
136
118
99
79
59
41
22
2
-15
-31
-46
-60
-70
-83
-89
-94
-99
-101
-100
-102
-99
-101
-96
-89
-84
-78
-71
-66
-60
-54
-46
-38
-32
-26
-20
-15
-11
-7
-4
1
3
9
11
13
18
21
27
30
30
35
37
37
34
33
39
37
39
36
33
35
31
29
23
16
8
3
-5
-13
-20
-26
-32
-39
-44
-48
-53
-59
-62
-67
-71
-75
-79
-79
-81
-78
-74
-72
-67
-58
-51
-47
-33
-26
-15
-5
4
17
26
36
46
58
63
71
74
80
83
83
84
82
79
83
79
75
73
69
61
60
52
46
41
33
28
18
15
11
7
2
-5
-9
-15
-24
-30
-35
-39
-49
-52
-55
-60
-61
-64
-66
-64
-65
-66
-65
-62
-64
-61
-61
-59
-51
-48
-42
-37
-30
-27
-20
-12
-5
0
8
17
24
31
33
41
48
52
55
62
68
71
71
70
69
67
63
62
55
50
48
42
39
31
25
19
15
10
5
-1
-9
-15
-19
-20
-23
-27
-31
-32
-35
-37
-40
-41
-41
-42
-41
-42
-43
-42
-43
-42
-41
-38
-35
-31
-25
-24
-21
-15
-10
-7
-1
7
12
16
20
25
28
34
33
36
37
40
42
43
44
45
45
41
43
39
40
37
35
35
30
26
23
20
15
9
5
-1
-5
-13
-16
-19
-24
-28
-31
-35
-35
-38
-39
-41
-44
-43
-46
-46
-48
-47
-42
-37
-38
-40
-38
-36
-33
-32
-29
-27
-24
-20
-15
-11
-12
-8
-4
-1
2
5
9
11
11
14
21
21
27
26
28
33
30
36
35
35
34
37
34
32
33
31
30
30
27
24
21
20
18
17
14
11
12
11
9
7
5
2
1
2
0
3
5
-2
-1
1
1
1
0
-2
-4
-5
-3
-5
-7
-7
-8
-8
-9
-12
-14
-11
-11
-13
-11
-13
-10
-10
-11
-10
-10
-11
-12
-13
-12
-9
-10
-9
-10
-7
-9
-8
-7
-5
-7
-10
-9
-7
-5
-4
-5
-4
-1
-1
-3
-1
3
4
3
3
8
7
8
11
15
12
11
13
12
10
8
8
8
10
9
8
9
9
8
9
6
3
7
4
1
0
-1
-3
-2
-1
-2
-3
-7
-7
-8
-9
-11
-10
-10
-13
-11
-11
-12
-12
-11
-9
-4
-4
-7
-7
-6
-4
0
0
0
-1
1
3
5
7
5
3
4
9
9
9
9
9
8
13
11
12
16
15
16
16
17
18
20
17
17
20
25
22
18
15
13
9
8
9
7
5
1
-5
-9
-10
-14
-18
-24
-23
-23
-28
-31
-31
-35
-35
-33
-35
-32
-33
-31
-26
-25
-23
-22
-18
-18
-18
-16
-12
-10
-13
-7
-4
-1
-1
-1
2
4
5
6
9
13
19
19
20
25
26
30
32
37
40
38
41
45
44
42
44
45
43
46
43
38
34
31
26
22
17
9
4
2
-6
-16
-24
-26
-27
-32
-36
-42
-44
-48
-48
-51
-51
-52
-53
-49
-51
-49
-47
-45
-41
-41
-37
-32
-28
-25
-19
-18
-14
-10
-10
-4
1
4
8
14
18
22
25
27
31
31
34
40
41
43
42
47
45
46
46
47
47
46
44
42
40
37
35
32
28
23
19
16
9
5
-3
-9
-14
-17
-20
-26
-31
-36
-37
-40
-43
-45
-47
-47
-48
-51
-49
-45
-45
-43
-39
-35
-34
-30
-24
-20
-14
-9
-2
0
5
11
16
22
28
33
34
40
43
42
46
48
48
49
47
48
46
46
41
36
35
29
25
20
15
11
6
-1
-7
-14
-14
-20
-24
-25
-28
-29
-33
-36
-34
-38
-37
-34
-36
-34
-31
-32
-26
-27
-27
-25
-21
-18
-17
-16
-14
-12
-13
-9
-7
-8
-7
-3
-1
3
5
7
9
13
12
13
15
16
18
20
21
21
19
18
19
21
18
17
17
13
11
14
14
12
14
14
14
12
12
11
7
6
4
0
1
0
-1
-4
-4
-4
-5
-7
-10
-10
-8
-10
-12
-13
-11
-12
-12
-9
-6
-7
-6
-6
-2
-6
-3
0
-3
-1
2
5
3
0
0
0
1
3
2
2
1
2
6
3
2
5
4
6
4
1
0
0
-1
2
-1
-2
1
-1
2
1
1
2
0
-1
1
0
1
-2
-1
-2
-3
-3
-2
0
-3
-2
-5
-3
-6
-5
-5
-7
-7
-7
-10
-9
-9
-10
-9
-8
-2
0
-2
0
2
3
3
2
5
7
7
8
8
14
13
8
11
9
10
8
8
9
6
6
4
3
6
2
3
1
-1
0
0
-1
-3
-5
-3
-3
-4
-6
-3
-1
-6
-7
-8
-4
-2
-4
-4
-4
-3
-2
-1
-2
-5
-4
-4
-2
-3
-7
-4
-1
-1
-2
-2
-2
-5
-6
-2
0
1
1
0
2
2
3
3
6
5
2
-1
6
7
4
5
4
5
0
2
4
2
3
1
2
2
1
4
3
5
3
4
5
1
-2
-1
3
0
1
-1
1
3
-1
-2
-1
0
-3
-1
0
-1
-3
-2
-2
-4
-6
-6
-3
-2
-5
-5
-2
-1
-1
-1
-4
-2
0
-1
-3
-1
-1
-3
-1
1
5
2
-2
-1
-1
0
1
3
4
0
-1
-2
-2
-1
0
1
1
1
1
2
2
4
2
1
0
-3
-2
1
1
1
3
2
-4
0
0
2
-1
-2
0
-1
-1
0
4
0
5
2
2
1
2
0
-3
-1
-1
-2
-5
-1
-2
-3
-3
0
-2
-2
1
2
2
1
1
7
5
3
4
2
4
2
2
2
0
2
-2
-2
1
0
-1
1
1
1
2
0
0
3
3
0
0
-1
0
4
1
0
-1
-2
-2
-2
1
1
-2
-4
-2
-2
-3
-5
-4
-5
-4
-5
-2
-4
-5
-3
-2
0
0
-1
-3
1
-3
-3
-3
-2
-1
1
1
-2
1
0
2
-2
1
4
3
3
1
2
4
5
6
3
3
1
3
3
0
1
2
4
1
1
3
4
5
6
3
1
0
4
6
3
1
0
-2
-2
-2
-4
0
-2
-1
2
2
3
2
-3
1
-3
-1
0
-1
-1
-1
0
-2
-1
-3
-5
-4
-3
-5
-2
-2
0
-2
-3
0
0
-1
-2
-2
-4
-1
-2
-3
-1
0
1
3
3
3
2
1
2
0
0
1
2
-3
-3
1
0
-1
0
-2
0
-3
-3
0
-2
-2
-1
1
2
0
1
1
0
0
1
1
2
2
0
0
1
2
2
3
3
1
2
2
2
2
3
0
0
1
1
1
2
2
1
1
-2
-1
-4
0
-2
2
2
-1
1
2
2
-1
3
2
2
-1
0
-2
0
-1
-4
0
-4
-1
1
3
2
1
4
4
1
2
2
1
1
-2
-1
3
2
0
1
0
0
0
-3
-3
-1
-4
-3
-4
-4
-2
-4
-6
-6
-5
-3
-2
-3
-3
-3
-2
-2
-2
-1
-2
-2
-3
-3
-4
-2
-2
1
2
0
4
1
6
4
8
4
2
3
-1
-1
0
0
-1
2
4
4
1
3
3
1
0
-1
1
2
3
2
0
0
2
2
2
4
6
4
3
3
4
0
2
1
-2
-3
-1
-2
-1
-1
-3
-1
-2
-1
-1
-1
-3
-5
-4
0
0
1
0
0
-2
-2
0
-2
-2
-3
0
-2
0
-1
-1
1
-1
1
3
3
5
3
1
-1
0
-3
-4
-2
-3
-4
-3
1
0
0
-2
-1
-3
-1
1
-1
1
0
2
-1
1
1
0
1
0
-2
-2
1
2
1
1
3
1
0
-3
-1
-2
-3
0
-1
1
2
1
3
2
2
3
1
-1
-3
0
0
1
1
-1
0
-1
0
4
2
-2
-1
0
2
1
1
1
-1
-2
-4
0
1
1
-1
-2
-3
-2
-1
1
-1
0
0
-2
-2
1
1
-1
-1
0
1
-1
-2
2
3
0
2
0
0
-1
0
1
1
3
2
0
3
1
2
4
5
1
0
-2
-2
0
0
0
-2
-1
-2
-3
3
-1
0
0
-1
0
0
-1
-3
0
-2
-2
-3
-3
-2
0
0
0
1
-2
-1
-2
-1
-1
-3
-1
0
-3
-3
-3
-1
0
0
-2
0
0
-1
1
2
1
0
1
3
3
2
5
1
1
-1
2
3
0
2
2
3
