SAMPLES:	10478
BITSPERSAMPLE:	16
CHANNELS:	1
SAMPLERATE:	16000
NORMALIZED:	FALSE
-3
-1
-1
1
0
1
2
2
-1
-3
0
-3
-2
0
-2
-2
-3
-2
-4
-2
-4
-1
-2
0
3
3
4
2
1
1
4
2
2
3
3
2
-2
1
-1
0
1
-1
5
3
4
4
2
5
3
4
2
1
0
-3
-4
-2
-1
-1
-1
0
-1
0
0
-1
-2
-1
-1
-2
-3
-4
-2
-5
-6
-3
-3
-2
0
0
0
3
2
2
3
1
4
4
2
2
0
0
2
-1
2
4
2
4
3
0
3
1
1
-1
-2
1
4
2
-2
-3
-3
1
0
-1
-1
1
0
-2
0
0
-1
-1
2
1
0
-1
3
2
-2
2
0
0
1
-2
-3
-1
-1
0
-2
-2
-2
-6
-6
-4
-1
-1
-1
0
-2
-2
3
2
0
4
1
1
2
0
3
3
1
5
4
-1
-4
-2
2
2
2
1
-2
-2
-3
0
-1
-2
-3
1
2
2
1
-2
-2
1
1
-1
2
0
3
2
-1
5
-2
-2
1
4
2
-2
2
1
0
-1
-2
1
1
1
1
0
0
0
0
-1
-2
-2
-2
-2
-1
1
0
-1
1
0
-3
-2
-4
-5
-2
1
0
1
0
2
2
3
2
2
4
2
2
3
3
-2
4
-2
-3
2
0
0
0
0
2
7
2
0
2
2
-2
-3
-1
-1
-3
-4
-1
3
3
1
3
-3
-2
-4
-2
0
-3
-1
0
-1
-1
1
0
0
-3
-8
-4
-6
-3
-1
0
1
3
1
2
0
0
1
-2
0
0
-2
-2
-3
0
2
0
2
1
2
4
2
1
3
5
7
2
1
2
2
2
2
3
0
0
-3
-5
-9
-4
-3
-4
-1
-2
-1
0
4
2
2
1
0
0
-1
1
2
2
-1
-2
-2
-2
-1
2
2
-1
-2
-2
0
2
2
1
-1
1
3
1
1
3
0
-1
-2
-1
-1
1
1
-1
1
-3
-3
-5
-4
1
0
-4
-4
-3
-1
0
0
-3
-7
-1
0
4
4
-1
3
2
4
2
2
3
1
3
2
-1
0
1
4
3
1
1
0
0
1
0
-1
-2
0
1
-1
-2
-3
-1
0
-1
-2
1
1
-4
-3
0
-2
-2
1
-2
-3
-1
1
3
1
0
-1
3
1
-1
1
2
3
1
-2
-2
2
3
5
5
5
3
2
4
1
2
0
-1
-3
-4
0
1
-1
1
1
-4
-5
-2
-1
1
0
1
-2
-4
-1
-6
-5
-1
1
-1
-3
-1
1
2
3
1
1
0
-2
1
1
3
0
2
2
1
0
-2
1
1
-1
0
2
0
-2
-3
-2
-2
0
-1
1
0
-1
-2
-1
0
0
-2
-4
-3
1
0
-1
2
0
1
2
-1
1
0
2
1
2
-1
0
0
-1
1
1
0
-1
1
0
-2
0
2
1
3
3
4
1
0
3
-1
0
0
1
1
0
-2
0
4
-1
-1
-4
-5
0
0
-1
2
-1
2
2
2
4
4
5
1
2
2
-3
-1
0
3
-4
-4
1
1
4
-1
-2
0
-1
-4
1
2
4
4
2
1
0
3
-4
-3
-1
-1
-1
0
1
-1
-2
-1
-1
-2
-2
-4
-1
-4
-3
-4
-5
-5
-2
-1
-1
-3
-4
-4
-4
-4
-2
4
2
2
-1
-2
-1
-1
1
1
0
1
3
2
-1
0
3
-2
-3
0
0
-1
0
-1
2
2
2
3
2
5
3
2
1
4
5
5
7
5
3
-2
-1
-3
-3
4
0
-1
2
1
1
7
7
5
3
1
1
-2
1
-3
-4
0
0
-1
-2
1
1
-1
-1
-3
-2
-3
-8
-6
-3
-2
-6
-5
-3
-2
-1
2
0
-3
-4
-1
-1
-3
-5
-1
2
3
-1
-4
-3
0
2
2
1
2
1
0
1
1
1
0
1
4
1
-1
2
-1
-1
1
0
0
-1
1
1
-1
1
-2
-1
2
4
5
5
3
1
1
3
1
3
2
1
0
0
1
-4
-2
-1
-2
-1
1
-1
-3
3
4
1
3
2
-3
-2
-2
-3
-1
1
-2
-5
2
1
0
-3
-3
-2
-3
2
1
1
1
1
1
-1
-2
-1
-4
-1
-1
-3
-3
0
0
1
1
3
1
5
7
2
3
1
7
1
-1
2
4
3
-1
4
-1
-1
5
3
-1
-2
0
-4
-7
-3
-5
-3
2
-2
-6
-5
4
-4
-7
0
-1
-5
-6
-3
-2
-3
0
4
2
0
5
5
0
-3
1
8
10
7
3
8
3
-2
0
1
1
-3
-2
-2
1
2
-3
-8
-9
-5
0
1
1
-2
0
0
-7
-6
-3
2
0
-3
-2
1
-4
-3
-3
-8
3
16
5
-9
-1
14
6
-6
-9
1
16
11
-8
-12
2
15
16
-16
-17
22
19
-14
-12
10
6
-7
8
14
-20
-14
25
5
-33
-5
34
4
-36
5
45
-11
-67
22
85
-33
-99
34
91
-21
-69
-31
37
97
-25
-143
20
130
-8
-102
-32
56
62
-26
-64
-12
26
68
27
-135
-45
197
46
-191
-41
151
80
-132
-121
143
110
-163
-47
145
-16
-66
32
-16
9
55
-66
-51
108
29
-128
-4
118
-29
-91
56
53
-80
-7
70
-91
-40
197
-44
-313
155
363
-252
-337
277
269
-228
-202
131
172
2
-212
-111
322
148
-438
-64
473
-85
-395
231
290
-317
-157
353
34
-323
105
229
-173
-104
139
26
-15
-2
-137
9
213
-5
-216
-61
197
155
-215
-213
337
172
-527
-13
722
-211
-791
451
594
-606
-190
578
-218
-388
375
127
-240
23
-55
15
213
-139
-162
158
-2
-44
78
-110
-17
123
-97
-25
178
-84
-193
152
84
-166
60
121
-148
-88
173
95
-151
-169
203
190
-247
-18
168
-229
54
404
-239
-470
353
390
-202
-370
6
422
-22
-344
107
154
-134
27
14
27
159
-308
-186
559
-8
-324
59
-193
209
389
-316
-310
77
255
89
3
-203
-332
441
200
-155
-288
-83
532
-6
-592
140
683
-485
-524
556
352
-299
-580
389
426
-212
-311
-103
434
-49
94
-346
-256
672
-112
-187
-119
-38
227
244
-379
-427
919
-161
-797
353
746
-392
-856
719
377
-339
-430
333
282
-202
-227
181
131
-255
320
-288
-68
230
140
-224
-281
420
325
-751
-145
1076
-309
-1012
674
587
-552
-395
530
104
-394
9
350
-126
-310
308
8
-160
-12
292
-197
-315
422
150
-380
-72
322
-62
-232
306
-44
-313
123
329
-90
-460
209
328
-91
-367
31
506
-257
-316
327
36
-271
263
34
-409
263
278
-348
-151
430
-62
-356
111
434
-245
-481
441
329
-379
-331
460
185
-433
1
370
-318
83
188
-298
-6
355
-122
-421
313
427
-585
-226
654
107
-801
233
694
-505
-428
590
251
-613
-125
657
-84
-525
226
346
-343
52
5
-69
260
-83
-405
235
424
-251
-552
326
744
-801
-345
863
43
-847
189
763
-441
-383
262
241
-129
-108
-11
14
273
-263
-212
371
243
-591
-192
847
-48
-831
312
373
-155
-63
-75
-146
365
20
-371
199
-28
32
121
-132
-236
276
270
-371
-311
507
235
-532
-164
526
-39
-347
112
149
-84
19
-66
-98
361
-209
-111
84
72
23
-23
-203
61
454
-359
-345
248
472
-130
-693
318
401
6
-433
-31
417
-90
-229
8
386
-314
-16
34
2
136
106
-406
-46
509
-158
-210
-38
196
-75
132
-226
-14
199
18
-167
-115
339
-149
-153
200
41
-280
73
359
-170
-384
346
28
-54
-56
34
85
-222
121
61
25
-12
-172
23
220
-65
-222
156
183
-201
-163
100
293
-108
-388
381
90
-416
183
184
-161
36
-63
-53
102
36
24
-132
-110
217
-12
-72
-30
58
53
-149
-2
303
-251
-81
376
-397
-109
539
-13
-403
-98
134
406
16
-678
125
595
-217
-389
151
435
-197
-616
500
477
-549
-333
541
29
-185
-65
52
85
-38
-42
68
29
-189
65
131
133
-458
129
306
-133
-196
41
169
49
-228
-62
271
46
-264
-89
298
90
-269
-218
409
201
-455
-238
497
309
-463
-517
659
486
-784
-86
241
446
-498
-138
323
-35
-126
-33
318
-374
-78
500
-121
-458
55
682
-166
-872
395
763
-451
-484
242
349
-24
-355
75
278
-215
-96
269
-41
-205
6
200
-1
-146
-143
340
11
-458
283
275
-337
19
-39
109
228
-248
-254
294
208
-290
17
59
-163
267
102
-504
144
428
-217
-387
398
84
-313
249
-217
42
176
-52
-79
-101
69
223
-109
-344
440
-57
-388
323
215
-334
-312
641
18
-774
454
570
-703
-279
725
-107
-333
178
-36
-3
43
72
-170
10
369
-461
-110
600
-10
-641
117
602
-283
-334
145
367
-184
-373
185
295
177
-733
-27
876
-287
-724
642
218
-648
347
24
-231
437
-207
-427
362
336
-277
-371
295
192
-68
-301
75
277
-75
-178
-65
219
73
-197
-58
274
-270
-18
385
-275
-167
295
-2
-234
79
186
-58
-72
-201
195
264
-276
-38
-110
289
136
-425
-81
421
-12
-283
19
-56
399
-174
-393
299
312
-392
-227
381
215
-190
-618
414
747
-611
-588
477
753
-579
-649
448
741
-443
-824
694
436
-447
-411
371
445
-340
-618
526
614
-699
-292
280
379
95
-544
-355
611
544
-684
-428
471
439
-386
-335
215
339
-61
-651
355
523
-403
-426
386
357
-374
-160
76
292
-28
-237
-81
225
86
-197
-77
199
134
-330
-32
352
-78
-424
624
-21
-800
556
207
-251
37
-176
70
246
-366
29
270
272
-639
-318
706
303
-435
-383
88
578
-24
-702
244
795
-634
-673
832
564
-863
-664
1304
109
-1309
477
893
-595
-543
623
131
-255
-132
238
-6
-230
157
193
-374
-23
281
303
-608
-473
1186
183
-1384
207
1226
-590
-576
340
365
-265
-246
374
44
-517
150
578
-366
-38
-473
410
727
-814
-250
485
111
-259
74
-67
154
204
-494
-95
511
235
-802
227
501
-731
189
696
-416
-517
263
282
137
-377
-43
296
-392
188
519
-606
-409
797
324
-971
-101
824
188
-706
-710
1374
215
-1498
690
361
-86
-307
-109
329
42
-37
-420
377
182
-293
-335
581
424
-1192
74
1158
-290
-759
150
477
-140
-229
273
-122
-14
-17
-275
447
308
-423
-619
335
884
-248
-874
101
830
-82
-817
290
553
-129
-703
236
667
-166
-727
89
1080
-512
-1054
681
1196
-1011
-924
776
1089
-1018
-736
822
648
-749
-561
666
398
-233
-641
130
557
24
-392
78
194
-515
130
727
-132
-707
-304
1191
-451
-286
429
-316
-106
193
25
165
-199
-480
1112
-302
-1295
974
759
-667
-776
841
401
-1143
376
792
-494
-553
277
685
-450
-728
720
821
-1147
-582
985
608
-1126
-89
927
-383
-607
692
315
-1069
427
782
-843
-149
604
-63
-267
-234
1032
-912
-487
1320
-271
-946
697
400
-1111
658
582
-983
122
777
-525
-724
1270
-29
-1226
803
232
-716
599
178
-751
418
-54
-24
364
-801
747
-93
-423
186
140
-243
355
139
-615
-254
546
767
-824
-618
580
533
-356
-804
806
751
-1444
7
1004
-156
-633
85
699
22
-1225
-151
2184
-317
-2721
1303
2179
-2079
-821
2070
-333
-1642
1040
824
-817
-572
701
384
-727
162
454
-473
-163
355
293
-440
-98
203
314
-332
-380
238
828
-545
-1153
1608
-105
-1438
1306
195
-1270
752
284
-623
440
217
-1029
1183
-252
-1714
2499
-179
-2147
1664
-66
-1060
986
896
-2112
45
2091
-574
-1588
597
1337
-912
-705
409
1356
-1282
-1088
2323
-626
-1563
987
762
-349
-502
-231
471
347
179
-1270
-382
2199
-18
-2689
1348
2014
-1748
-1305
980
1092
-60
-1887
949
1228
-355
-1313
-319
2303
-942
-2507
3072
496
-2846
1613
624
-1339
457
481
-1236
1172
319
-1043
519
-157
252
80
-1078
894
-171
439
320
-1164
-23
971
-1048
1125
83
-2039
1416
1283
-1621
-410
1206
-177
-618
-377
1595
-968
-396
286
862
-869
-333
1016
-848
546
-109
81
-950
679
898
-971
-252
640
-293
192
198
-329
-479
232
1128
-1059
-583
857
470
-335
-1120
1318
195
-1524
569
764
-125
-798
895
-193
-367
764
-1137
-441
1766
-378
-1267
1056
882
-2146
890
1580
-2223
-133
1522
899
-2966
1051
1626
-917
-1314
604
1168
-1012
89
1092
-1747
743
582
-784
20
-123
1471
-1646
369
193
148
531
-1655
994
585
-758
-554
2122
-2755
2506
-350
-3109
2698
1800
-1260
-4603
5538
63
-3572
992
3013
-3235
154
1975
-1444
429
102
-619
-158
457
320
-152
-626
492
90
-666
216
1279
-2352
1622
574
-2362
2592
-769
-1404
1960
436
-3357
2201
3124
-4242
-864
3960
-1188
-1845
-7
2509
-523
-2723
2592
-750
-1160
2130
-1729
-260
381
2219
-1691
-2444
2876
816
-2677
-214
1634
2914
-3974
-3266
6984
-102
-4747
721
3432
-1630
-621
171
-5
1328
-1136
-3080
4371
313
-3876
1539
2753
-2757
-786
2876
-1435
-715
1677
-683
-1076
2330
-2103
735
1272
-2091
159
536
-943
2672
-863
-3761
2278
2963
-2830
-1621
4203
-2358
-2013
3031
2161
-5811
791
5346
-4037
-1868
3765
540
-2902
1770
-1101
1163
882
-1844
422
717
404
-2084
952
666
-852
-797
1296
-267
3
-147
81
-1764
2711
-648
-1317
3119
-1673
-585
-80
2312
-1977
-3045
5035
-694
-5891
5270
1653
-5027
268
2233
-413
-11
1487
-1557
381
-859
15
2859
-1547
-1130
2671
255
-1591
1037
-385
-1166
-1481
2485
-200
-1365
1064
-1501
171
-646
-959
2269
352
-3062
2776
290
-2285
2762
-819
-2498
2472
316
-1587
1592
829
-1698
-356
-656
1400
1923
-2643
-616
5756
-2696
-4790
5812
688
-4466
881
3631
-3545
119
4698
-4216
-2524
6487
-2534
-5803
8463
1229
-8753
3698
6476
-7784
-2479
10312
-4312
-6639
6622
1049
-3058
-369
599
-456
-526
171
-633
594
-661
-286
-2055
1101
2313
-4437
-684
4911
-2501
-2758
4420
1760
-4933
1216
3359
-1425
1046
96
358
1898
-3387
117
4993
-3958
-2936
4110
-782
-3179
2882
290
-4387
1261
2815
-4275
778
4613
-2902
-3306
1689
3630
-2727
-1490
2505
999
-2205
332
3792
-549
-2571
871
3921
-3244
-289
5514
-2585
-5018
4881
3299
-7071
1527
5509
-4660
-2989
5127
1284
-4712
-175
1933
-159
-2733
1651
3473
-3190
-2623
2491
1694
-2941
-420
2291
-1176
-1246
1211
-224
-1114
1265
-1664
-1173
2254
135
-1447
-613
1642
-1288
-1529
1264
1371
-1818
-400
1372
134
-796
490
-174
42
795
-1374
1740
1872
-2081
-1720
2768
1548
-3054
256
2872
-428
-2895
1600
1580
-1738
-1691
1417
846
-2253
1159
244
-1215
-159
1171
-1373
303
1012
-521
-407
-80
2372
-696
-1867
2097
-46
-545
1068
120
381
305
-324
176
572
-471
71
823
-1846
603
1301
-1860
-520
1590
-1478
-1329
2798
-376
-2356
1844
2018
-2297
-300
3264
-293
-2727
1177
1721
-1759
-553
1961
120
-2553
975
1350
-2480
195
1888
-2276
-944
2062
-113
-2889
729
1778
-2975
-1292
2481
652
-1873
196
1558
-485
-1125
1146
973
-1417
27
2275
-821
-1332
1589
644
-2601
370
2318
-1913
-825
2187
-429
-1042
955
234
-2003
651
1396
-1366
-921
1386
146
-1484
1224
1062
-952
-805
743
1259
-260
-240
938
-556
-1638
846
604
-938
-1149
268
283
-875
656
-170
-696
302
-168
-406
1618
695
-2293
303
1779
-814
-1028
1196
939
-1068
-576
1056
506
-1057
-108
899
126
-183
748
157
535
125
-1031
99
1278
-408
-1323
984
568
-1368
-48
1222
-25
-974
-365
763
-111
-47
509
63
598
596
-412
554
805
-806
-501
950
1043
-71
-504
287
176
-474
-107
429
300
-257
-82
382
950
29
-767
390
630
-463
-18
1100
37
-516
64
-167
-53
-210
-677
-41
241
-496
-602
144
20
-682
-951
-399
-130
-944
-1000
-107
-689
-1714
-1083
-361
-555
-916
-749
-655
-669
-732
-740
-582
-538
-823
-1065
-510
-111
-693
-1172
-599
-943
-1715
-1127
-415
-87
-877
-971
219
245
-885
-328
805
-216
-926
418
1311
240
-425
21
-155
-615
-562
-581
-843
-1379
-1611
-922
5125
13490
17066
12451
6213
5956
7728
9853
10512
10726
9606
7563
5459
4635
3813
-812
-6793
-9554
-7360
-4759
-4170
-5556
-9108
-13060
-15689
-14741
-11765
-9574
-8781
-8330
-6673
-4900
-2865
-1664
-1674
-2194
-1306
2815
7809
10748
10610
8610
6361
4791
5017
5989
5971
4314
1868
336
-591
-2637
-6177
-8794
-9576
-8501
-6802
-5286
-4737
-6297
-8518
-8615
-5892
-3121
-1514
-153
899
955
1109
2112
2202
1445
1472
2738
4565
6228
6484
4271
1284
131
725
1642
2231
1648
-729
-2878
-3609
-3591
-3914
-5087
-6008
-5881
-4892
-3200
-2297
-2483
-4433
434
18767
32144
25325
5794
3307
16170
20913
15875
14587
19719
17006
8113
4407
7887
5099
-6782
-16452
-14965
-6108
-3412
-7787
-13857
-19060
-22942
-23898
-18674
-13245
-10078
-8604
-8158
-8004
-5425
537
1757
-2033
-3770
2779
11269
14316
13525
11668
8572
2111
-2364
690
7304
6545
-1214
-5074
-3292
-3520
-9271
-12967
-12219
-11709
-11996
-9042
-2270
841
-1685
-1782
1885
3236
2277
3802
7197
6976
5393
6227
6141
3495
2297
1858
777
1246
3052
2953
987
693
-171
-2746
-2753
-930
-2182
-4413
-3508
-2709
-4805
-5712
-3922
-4340
-6008
-3956
-483
1166
1606
2068
1395
851
2086
2566
2574
2230
1998
-11
-731
-180
3182
19395
32095
25509
2173
-4676
11209
19043
12857
7633
13303
13338
5160
-879
1677
2183
-8056
-18622
-17778
-4431
2267
-4006
-13012
-18444
-19292
-19174
-14120
-7706
-3558
-2332
-4242
-5321
-3588
2318
3132
-1712
-4010
2701
12373
14227
10211
5355
2676
-2351
-6909
-3901
4616
6518
-3281
-10029
-7473
-4440
-8976
-14159
-11899
-7597
-6366
-4859
1849
9992
8977
-1882
-7104
-480
7451
6913
6587
10949
7488
-2507
-3161
3691
2710
-3150
-2260
2102
2619
3150
3645
-1127
-6104
-5944
-3700
-953
2609
1960
-4539
-7459
-4379
-3169
-4045
-1568
434
-1728
-1436
3123
4456
870
-956
105
1105
2276
3047
2292
43
-1126
-2299
1675
19495
32278
23857
1093
-4384
10514
18477
14113
9125
12632
12387
4777
-1545
882
2855
-5893
-17641
-18231
-5505
2087
-3242
-13291
-19598
-19842
-17953
-12780
-6873
-2125
-322
-3678
-6712
-4391
2885
5055
626
-2259
3261
12381
14438
9477
4007
2029
-2200
-7004
-4082
4726
6868
-3002
-11398
-10590
-7155
-9012
-12637
-11013
-7065
-5840
-5455
-49
9326
9801
-1482
-7146
1081
9659
7787
6359
9854
6020
-3297
-2303
4779
3814
-1828
-2611
-91
1000
2581
2165
-2434
-5332
-4768
-4476
-2366
2433
1153
-6638
-8720
-3543
-1267
-2382
-410
1087
-1147
-1353
2738
5164
3297
1195
363
784
2554
3307
1854
-94
-479
-2260
6676
25818
31643
13887
-7267
-1248
13994
16322
10148
10246
14142
8459
-1299
-4097
1839
1642
-9161
-18052
-12237
343
1350
-6930
-15228
-18434
-18340
-15488
-8090
-2206
1114
-634
-5615
-8201
-4022
3611
4568
809
-15
6199
12029
11082
5167
1091
50
-3885
-5826
-296
7725
5010
-7227
-12971
-9988
-7237
-9572
-10407
-6412
-3840
-5577
-5815
367
8325
7560
-1158
-3201
4364
8925
5785
4954
7974
3826
-3731
-1698
4784
3994
-1727
-3061
-1361
-289
1365
1605
-975
-2487
-2772
-3967
-2610
1150
535
-5086
-6692
-2652
-694
-1895
-1157
-303
-1851
-1812
1716
4201
3303
1485
44
-350
804
1591
1152
298
189
-1376
2758
19963
30934
20961
-1526
-5643
9309
17947
15203
11323
14050
12007
2177
-5417
-2034
3008
-2925
-13592
-14827
-4495
1178
-4523
-14169
-19704
-19015
-16412
-10323
-3624
840
1095
-4587
-9690
-8457
105
6267
5058
2089
4367
9845
10610
5758
820
491
-1137
-4428
-2237
5018
7207
-2449
-12959
-14055
-9410
-7618
-8578
-6638
-3556
-4364
-7233
-5209
2890
8643
4502
-1016
1627
7422
7390
4099
5095
5566
828
-1402
3143
5773
1796
-2549
-3510
-2547
112
2614
1231
-1411
-2393
-4061
-5203
-2620
437
-1671
-5082
-3678
-842
-1126
-1873
-1346
-1412
-1296
774
3577
4262
3119
1039
-1308
-932
1256
1551
608
629
488
-525
10825
27442
27562
7810
-7898
1529
16097
18660
13012
12654
14520
6677
-4529
-6039
2086
3287
-6928
-15358
-9862
-321
-2155
-10908
-17991
-19091
-17284
-13651
-6845
-1141
1269
-3061
-10118
-12223
-5896
3813
7259
4768
3062
6358
9200
7264
2779
1543
2763
-327
-2591
1898
7860
4227
-7669
-13923
-11323
-7214
-6927
-6606
-3610
-2965
-7089
-9143
-4306
3835
7795
3861
98
1609
4907
4181
2769
5375
4915
-174
-1002
3969
5594
1291
-2622
-3022
-1528
1052
3382
2418
-530
-3236
-5555
-5713
-2453
870
-1122
-4481
-3432
-1626
-2389
-2711
-1163
-910
-1041
1032
3495
3585
1972
-238
-1549
-1182
297
991
1567
1494
3446
15469
27247
24144
4191
-6548
5779
18124
17233
12310
15230
15868
5031
-6399
-5794
2427
2762
-7005
-13353
-6596
42
-5209
-14510
-18318
-16603
-16480
-14363
-7334
-889
568
-5019
-11697
-12807
-6121
2663
6095
5247
5161
6792
6845
4901
2500
3074
4331
1477
-502
2927
7507
3506
-6903
-11991
-10089
-7580
-7558
-5650
-2027
-3019
-8851
-11025
-6259
1495
5333
3041
1509
2415
2796
1140
1659
5665
5851
1658
939
4806
5694
1829
-1571
-1652
-329
1384
3080
2964
1727
-1572
-6059
-6782
-3153
75
-984
-3175
-2956
-2606
-3783
-4125
-2533
-1093
-759
307
2432
3516
2613
476
-1431
-798
657
1668
2033
2685
2369
4845
16420
25451
20030
3277
-2563
7943
16339
15776
13312
15345
13246
2702
-5897
-3747
3279
2260
-6253
-10931
-6383
-2902
-7139
-12933
-15609
-15800
-16586
-14198
-8276
-2931
-1334
-6007
-11998
-13054
-7181
659
4894
4921
4365
5079
4620
2863
2232
4528
5711
2686
243
2757
6705
3817
-3874
-7593
-7291
-6863
-6910
-4733
-1544
-1952
-6760
-9822
-7181
-2336
2235
3895
2851
456
-724
-97
568
3318
5622
3664
426
1459
4540
3705
898
478
934
235
1718
3942
2943
377
-2098
-4408
-4850
-1332
1192
-790
-2765
-2743
-3664
-5034
-3180
-326
290
56
426
750
671
1114
445
-639
-287
802
756
843
1566
5201
15260
23243
19030
4173
-1542
7657
15021
14025
11895
14848
15001
6097
-2979
-2671
3230
2941
-4828
-9474
-5125
-1318
-5269
-11396
-13842
-13585
-15496
-15866
-11585
-5996
-2799
-5341
-10608
-12747
-9535
-4219
-799
1131
3112
4502
3917
2319
1797
3862
5639
3552
1031
2300
6112
6153
1504
-1858
-2609
-4172
-6862
-6516
-2402
206
-2107
-6064
-7070
-5567
-3869
-1534
1190
2091
132
-2189
-2219
-17
2611
3104
1086
-102
1813
3720
3093
2416
3263
2492
65
516
3333
4298
2926
727
-1619
-2361
-960
-150
-728
-840
-1038
-2868
-3657
-1176
1135
635
-360
-13
522
485
677
989
1018
686
-43
-1095
-1184
-57
2026
8222
15763
16803
8620
1426
3796
8398
9330
9127
11101
12968
10118
3941
205
1283
2912
266
-4392
-4746
-2060
-2141
-5189
-7872
-8680
-10225
-12814
-13600
-11509
-7420
-4726
-5905
-8894
-9917
-8532
-6819
-5423
-3321
-782
823
857
98
566
2299
2844
1578
594
1682
3650
3854
3252
3108
2011
-760
-2995
-2626
-705
335
-446
-1548
-1757
-2273
-3115
-1553
1146
999
-1933
-3248
-1744
-483
145
716
393
-123
163
387
775
2462
3874
2597
572
1760
4071
3685
2479
2266
1760
598
238
588
634
845
704
-593
-1200
-58
646
-204
-351
767
1176
387
104
317
-94
-481
-728
-1280
-1673
-1507
-1727
-2575
-2034
2372
8494
11445
9008
4119
2601
4846
6310
5779
6313
9208
10045
6160
2316
2356
3842
2781
-668
-2846
-1795
-658
-2153
-4112
-3828
-3527
-6362
-9615
-10523
-8984
-6373
-5667
-6761
-7404
-7203
-7097
-7001
-6279
-4826
-3077
-2373
-2850
-2292
-45
1444
1243
230
-390
233
815
932
1956
3305
3108
1414
-247
-666
-92
146
-98
-46
662
1679
1989
1222
227
-374
-1216
-2295
-1764
357
1445
556
-469
-374
-294
-371
739
2453
3165
2948
2492
2117
2258
2526
2129
1323
1332
1849
1214
420
843
1161
391
-307
105
1037
1296
671
262
328
107
-138
-303
-426
-158
-237
-1430
-2278
-1791
-1895
-2437
-2510
-2758
-2564
-861
3282
8224
9706
6120
2135
2395
4455
5237
5353
6340
7827
6955
3493
1316
2147
3089
1735
-699
-1590
-1047
-1229
-2066
-2315
-2209
-3357
-5908
-7926
-8060
-6428
-4780
-4362
-4936
-6079
-6772
-6194
-5181
-4502
-3697
-2864
-2483
-2499
-2312
-1392
-325
-266
-1345
-1974
-1391
-859
-540
435
1340
1029
129
-291
-66
590
814
783
1465
1970
1342
885
1977
3633
4019
2212
-57
288
1781
1382
997
2143
1834
-196
-747
462
2136
3027
2133
843
1013
1573
1262
1054
1403
1743
1157
-189
-418
573
551
-428
-496
-152
-13
288
463
587
774
339
-619
-698
203
646
148
-675
-1061
-1121
-1764
-2525
-2480
-2247
-2608
-3298
-3165
-329
4941
8334
6539
1985
35
1818
3531
3497
4148
6222
6634
4450
2149
1641
2925
3440
1350
-599
48
759
18
-663
-817
-900
-2275
-4898
-6181
-5042
-3557
-3419
-4084
-5150
-5941
-5868
-5746
-5682
-4945
-4087
-3958
-4096
-3960
-3288
-2365
-1823
-1820
-2044
-1510
-573
-418
-223
945
1782
1278
460
238
729
1546
1837
1724
2288
2841
2260
1888
2743
4150
4571
2791
365
114
1307
1069
437
1372
1741
178
-781
425
2128
2488
1614
900
974
1247
1258
1043
1226
1577
782
-515
-558
433
479
-679
-1024
-380
-31
-191
-133
368
514
-3
-712
-947
-456
-102
-652
-1208
-1084
-969
-1514
-2568
-3061
-2815
-2982
-3602
-3979
-3348
-210
4801
7382
5111
1579
767
2045
3111
3487
4821
7285
7566
4931
2801
2933
4343
4671
2513
633
1276
1649
421
-141
153
-662
-3082
-5771
-6985
-5802
-4001
-3886
-5121
-6367
-6833
-6583
-6303
-5875
-4848
-3691
-3080
-3421
-4044
-3415
-1742
-839
-1124
-1262
-467
371
583
890
1764
2573
2108
574
151
1386
2339
2217
1927
1681
1305
1031
1261
2583
4174
3720
1354
449
1561
1591
556
640
912
51
-383
368
1114
1590
1651
748
60
804
1451
1065
1237
1920
1310
-131
-419
293
395
-266
-781
-801
-545
-302
-216
-203
-195
-289
-856
-1531
-1197
-433
-712
-1558
-1722
-1548
-1808
-2244
-2426
-2384
-2399
-2760
-3202
-3389
-3316
-1643
2758
7294
7836
4356
1547
2195
3924
4385
4799
6908
8834
7449
4258
3117
4315
4988
3102
362
-277
576
514
-489
-977
-1095
-2709
-5731
-7311
-6346
-4677
-3949
-4575
-6054
-6824
-6335
-5844
-5522
-4643
-3593
-2777
-2542
-3106
-3044
-1636
-476
-407
-548
-63
793
924
451
804
1990
2249
1044
294
1088
1921
1702
1169
1073
1238
942
335
765
2396
3177
1961
539
652
1556
1444
243
-12
893
678
-228
568
1958
1690
694
487
890
1496
1743
1472
1563
1747
1088
137
-272
-91
-31
-881
-1614
-1150
-762
-1266
-1497
-1056
-911
-1370
-1888
-1997
-1472
-774
-822
-1264
-1175
-749
-788
-1438
-1665
-988
-696
-1402
-1845
-1593
-1781
-2339
-916
3514
8116
8349
4076
1226
2614
4360
4191
4432
6754
8765
7063
3380
2247
4026
5042
2901
-142
-626
498
333
-929
-1529
-1509
-2754
-5615
-7510
-6344
-3906
-3191
-4321
-6025
-7089
-6559
-5610
-5406
-4690
-3165
-2181
-2476
-3310
-2919
-1137
135
-31
-659
-256
1073
1490
990
1376
2358
1956
231
-727
65
1450
1712
780
377
780
473
37
1163
2926
2909
745
-804
346
1844
1067
-312
-80
532
18
-226
861
1915
1805
866
362
1151
2191
2051
969
524
953
312
-1023
-717
-74
-989
-1917
-1967
-1636
-1038
-686
-732
-588
-371
-672
-802
-105
561
708
314
-496
-309
423
-209
-941
-579
-658
-1457
-1909
-2215
-2734
-2787
-411
5091
9743
8013
2130
-111
2234
4249
4394
5427
8715
10293
6644
2112
1952
4687
5453
2728
140
606
1847
857
-1205
-1973
-2549
-5159
-8162
-8770
-6658
-3829
-3139
-5308
-8285
-9614
-8803
-7212
-5698
-3990
-2474
-1948
-2760
-3982
-3438
-984
546
-98
-702
530
2310
2713
2146
1889
1991
1175
-550
-400
2141
3689
2839
1087
-354
-806
-657
-352
1259
3409
2794
74
-488
986
1356
487
-281
-120
467
57
-3
1536
2051
702
-452
-380
973
2310
1931
605
541
835
-210
-930
134
742
-472
-1848
-1656
-359
-32
-337
-613
-721
-618
-482
-513
165
977
1153
-33
-1275
-279
259
-605
-1225
-1083
-1418
-2414
-3262
-3442
-3644
-507
7017
12493
9869
1856
-1790
1796
6715
8177
8867
12043
13436
7549
813
1090
5662
7405
3903
159
704
2504
259
-3943
-5522
-5939
-8307
-10256
-9561
-6984
-4463
-5919
-10977
-14582
-13956
-10417
-6399
-4446
-4138
-3740
-4023
-5465
-5501
-2058
2266
3593
2025
1482
3784
5853
4728
2831
3066
3800
3146
2356
3913
5734
3908
-532
-3069
-2099
1
683
960
2066
1407
-2063
-4328
-2157
635
340
-984
-804
-191
-373
-944
-669
536
1324
1245
1244
2378
3787
3049
390
-194
1978
2845
1465
1148
1245
-838
-2897
-2628
-1001
216
-218
-1757
-2470
-1701
-957
-1441
-1910
-1185
-442
-1028
-1575
-858
-783
-2010
-2632
-2113
-2060
-2399
-3122
553
11901
21074
16295
758
-5487
4718
15971
16959
14470
15414
14567
6296
-1783
87
8872
12017
3917
-4331
-3079
911
-2589
-10182
-13671
-12056
-11095
-11984
-10854
-8752
-9315
-14516
-20460
-20357
-12342
-3147
-836
-4838
-8187
-7542
-5225
-2810
675
5516
8427
6024
1878
2594
7016
8406
4796
2418
5074
7895
6400
2943
1670
696
-2714
-4893
-1458
3172
2105
-3389
-6927
-6143
-4370
-2528
227
2535
952
-3072
-4221
-1623
1461
2696
1999
1492
3156
4293
2947
2013
2847
2904
2214
3488
5602
4975
1265
-1985
-2210
-588
627
978
-385
-3197
-5098
-5373
-4369
-2265
-892
-2391
-4336
-3649
-2433
-2577
-2956
-2670
-2400
-1588
-816
-747
-1769
-1857
7609
21905
25248
10415
-4496
1261
18700
25091
18802
14657
15754
12086
2679
621
8246
12894
5535
-5353
-6834
-950
-1698
-11434
-18817
-17662
-12790
-11201
-11782
-13446
-16040
-18961
-21584
-19841
-11748
-2606
-1183
-7436
-11932
-8250
-1189
2369
2962
5050
8651
8311
4278
4120
8353
9284
4979
2754
7280
11027
6322
-1672
-3929
-1572
-1402
-2786
-1168
771
-2910
-9313
-10088
-4214
458
-1147
-3894
-3022
-1078
-1466
-2094
250
3169
2874
1504
3090
6052
5862
2676
1488
4103
6739
6988
5542
3469
1503
-80
-489
1045
2382
963
-2402
-4667
-4843
-4128
-3599
-3598
-3915
-4115
-4350
-4031
-3667
-3722
-3844
-3439
-2043
-888
-1266
-2536
-2955
-2365
9308
26433
28679
8348
-9712
710
24103
30916
20301
13251
15133
12884
3307
1894
10466
13493
3156
-7733
-5312
2528
-2104
-16753
-23894
-18566
-9829
-8367
-11783
-16477
-20956
-22726
-21564
-16025
-7352
-1466
-4200
-11141
-12836
-5270
2842
3517
1620
4535
10530
11383
6399
4118
6757
7739
5581
6161
11489
11375
1044
-7874
-5903
459
954
-2436
-3314
-3508
-7839
-11497
-8685
-2480
-631
-3623
-4060
-1606
-1068
-2714
-2497
1176
4779
4975
4249
5132
5136
3057
2302
5550
9176
8658
5265
2869
2098
1613
1279
1992
2323
745
-1725
-4221
-5466
-4971
-4193
-3999
-3505
-3393
-4059
-4976
-5301
-4686
-3593
-2453
-1444
-981
-1328
-1899
-2773
-3355
-2926
10888
29441
29007
5412
-12863
1168
26938
31037
16622
9847
13753
13255
3992
1559
8784
10789
1586
-5975
-1660
3907
-4798
-20316
-24153
-14633
-4406
-5372
-13300
-20266
-22547
-19879
-16181
-11967
-6782
-3779
-6566
-10885
-9366
-1112
3771
686
-395
6665
14376
12224
3156
553
5951
9019
7561
8362
11321
6856
-4443
-8964
-2141
4242
786
-5855
-6455
-4485
-7457
-10627
-7873
-3007
-1886
-3593
-2595
-808
-2959
-5442
-2263
4380
7831
6159
3125
2184
2789
3867
5894
8695
8967
5640
3200
3367
3299
2076
1188
1502
1580
119
-1928
-3890
-5716
-6239
-4366
-2215
-2314
-3909
-4934
-5231
-4896
-3617
-1911
-685
-569
-1472
-1916
-1164
-1367
-1372
-2311
2345
18782
30445
19066
-6471
-10975
12549
31836
25513
10392
7297
11765
8963
2095
3064
7948
6376
-1295
-4190
254
-754
-13142
-22731
-18649
-6174
-726
-8513
-19195
-23236
-19080
-13216
-10802
-9252
-5784
-4173
-7088
-9179
-4915
1641
2053
-106
4126
12625
14028
4790
-2358
2095
9783
10837
7835
6973
5696
-721
-6605
-4001
2356
1756
-4755
-7456
-4812
-4575
-8897
-10030
-5847
-1849
-1878
-1921
445
-1046
-5545
-4285
4032
9399
7080
3049
1948
2004
3127
6437
8635
7460
4995
3715
3290
2720
1772
844
787
2159
1771
-1715
-4796
-5841
-5975
-4614
-1602
-754
-4106
-7027
-5843
-3320
-2034
-1490
-1113
-1324
-1250
-463
470
-101
-766
-1071
-284
-755
5802
22471
28091
9791
-12784
-6634
21238
32472
15403
-85
3810
12345
8885
1224
1694
5365
2840
-3052
-2523
1488
-4085
-17047
-20133
-10166
526
-1463
-13589
-21333
-18565
-10378
-6473
-8124
-9010
-5816
-3476
-4837
-5295
-1699
1830
481
510
7320
13381
8747
-1924
-3543
5838
12355
8631
2767
2439
2525
-2292
-5301
-1279
2188
-1587
-6773
-6093
-2451
-4035
-9136
-8987
-3323
665
19
-569
-849
-2381
-2434
1650
6674
7340
4387
1891
1916
3370
5201
6061
5285
4180
3840
3610
2247
204
-656
741
2708
1976
-1678
-4489
-4884
-4518
-3860
-2014
-894
-2936
-5649
-5323
-2356
-962
-1413
-1615
-737
509
936
234
-1056
-869
240
1791
1653
679
-2177
3810
20126
24077
5827
-13215
-2652
23281
27901
9410
-1427
5401
12287
6857
87
1697
4014
528
-3144
-1078
840
-6562
-17482
-16946
-6665
663
-4288
-15226
-19177
-13993
-6830
-6208
-9623
-9132
-3864
-1660
-4000
-4492
-1086
1271
-196
2021
9604
11842
3491
-4806
-877
9376
10728
3585
7
2433
2458
-2479
-4882
-1692
144
-3183
-5548
-3290
-2031
-6663
-10582
-6646
576
3148
-95
-2662
-1607
1064
2525
4018
6152
5693
3226
2329
4436
5599
3952
2826
4267
5105
3593
1675
206
-849
-103
1961
1835
-1165
-3477
-3742
-3941
-3876
-2854
-1860
-2208
-3694
-4687
-3823
-1834
-983
-1173
-488
1199
1645
224
-1032
-560
745
1964
1939
1219
-516
-1391
-2632
1044
16289
24442
10554
-12107
-9233
16990
27989
11850
-2744
3030
13755
10595
-159
-2325
1662
2029
-431
4
1069
-5000
-15830
-17395
-7816
1511
-970
-12416
-18137
-13348
-5137
-3973
-9356
-10803
-4230
1305
-1030
-4858
-3908
-224
128
922
6928
10738
4405
-5343
-4554
5303
8753
2400
-2352
66
1942
-2164
-6264
-4214
-867
-2013
-3820
-2262
-727
-3996
-7854
-4992
1740
5058
3264
1510
2220
3451
4848
7554
8721
5593
2800
3926
6010
4439
1085
-53
811
1943
1945
-368
-3640
-4490
-2175
251
154
-1679
-3456
-4027
-3153
-2132
-2185
-2187
-2050
-2182
-1477
-88
91
-1456
-1469
1524
3791
2873
276
-782
508
1561
1392
531
-218
-1083
-2158
-2418
-2414
-2173
-3898
2968
17460
18464
17
-15447
-1241
22828
23598
5817
-1165
7231
12240
5581
-653
1564
4212
2707
1204
2007
511
-8019
-15490
-11696
-1715
3268
-3487
-14159
-16665
-10293
-3785
-4839
-8740
-7199
-1334
-101
-3838
-5446
-3222
-1019
-714
3050
8438
6016
-4033
-9080
-1820
6859
5152
-1864
-3325
-273
-1041
-5382
-6347
-2416
-299
-1961
-2734
-1087
-1015
-4733
-6241
-1083
5443
6688
3663
1925
3392
4976
5764
7481
9738
9580
5936
3044
3123
3412
2255
2211
3181
1855
-1691
-3405
-2998
-3019
-2193
18
406
-1783
-3040
-2596
-2514
-2503
-1120
256
-211
-1506
-2252
-2054
-1135
-335
-107
-61
313
182
-840
-1220
-802
-912
-1071
-514
-521
-2378
-3448
-2929
-1946
-2052
-1969
-1908
-1947
-3225
2289
16527
18927
2972
-12148
-19
23667
25118
7017
-992
7492
13513
7990
1454
2106
3101
398
-658
1426
274
-8333
-16405
-12917
-3017
1345
-5294
-15205
-16466
-9196
-2794
-4435
-8611
-6615
-465
815
-2534
-2981
-575
236
-1044
2189
8446
7138
-2628
-7914
-1351
6491
4138
-3087
-4263
-595
-911
-5232
-6838
-3765
-1861
-3447
-3993
-2003
-1170
-3884
-5942
-2285
4111
7038
4546
2786
5054
6620
5747
6349
10000
10764
7335
4861
4572
2489
1012
3440
4554
1397
-1183
-945
-1925
-3778
-2330
328
-133
-2043
-2575
-2621
-3066
-3308
-2715
-1609
-971
-1768
-3405
-3710
-2260
-1346
-1285
-411
197
-708
-1532
-535
448
-149
-843
-122
664
-417
-1788
-2171
-1295
-798
-966
-1114
-1030
-1657
-2311
-2634
7073
19467
15159
-3300
-10917
7917
25168
17480
969
924
10585
11562
3411
-982
966
899
-1542
-792
1433
-1679
-11417
-16546
-9878
-128
1281
-7218
-14572
-12152
-4299
-1207
-5124
-7770
-3671
2005
1606
-1404
-1374
-313
-1148
-1163
4407
8883
3605
-6246
-7608
371
4750
-200
-5866
-4717
-1712
-3291
-6832
-7086
-4333
-3488
-3900
-2185
104
-851
-3987
-3638
1776
7087
7596
4986
5314
8472
10182
8731
7605
8332
8430
7567
6622
4971
1245
-944
562
2338
684
-2297
-3823
-4559
-4150
-2186
-1118
-2763
-4340
-3316
-1879
-2382
-3869
-3684
-1659
-22
-259
-1630
-2247
-1451
64
1368
1950
1663
374
-294
323
1171
993
-84
-721
-987
-1043
-1505
-2296
-3451
-3690
-2497
-1063
-1390
-2920
-4079
-3277
-2764
4979
17317
16321
228
-10529
4170
22828
19710
4287
1084
9256
11938
5403
-298
-43
163
-917
517
2078
-1320
-10205
-15537
-10716
-2022
1204
-4687
-12082
-12158
-5461
-1145
-3812
-7013
-4333
1510
2533
-292
-1281
-1236
-2250
-2310
3021
8020
3613
-6423
-9109
-2186
2526
-1162
-6124
-4943
-1896
-3263
-6194
-6368
-4106
-2978
-2231
385
3032
1857
-1865
-2187
2726
8260
9112
6380
4912
5904
8199
9626
8499
6369
4753
4869
5259
4433
1576
-2194
-3515
-963
1393
-672
-4555
-6102
-4436
-1760
-605
-1198
-2146
-1557
-38
175
-456
-77
673
641
883
1745
1504
-463
-1892
-913
1072
1542
-265
-2493
-2927
-2049
-1532
-2270
-3147
-3282
-3058
-3375
-3600
-3697
-3404
-2981
-1942
-877
-609
-875
-1150
-708
3
649
2434
13209
20472
11755
-5171
-5439
13682
23454
13107
1306
3417
8409
5862
-358
-2081
-1009
-2243
-2898
-937
-704
-5856
-13632
-14531
-7144
1086
1287
-6190
-11670
-8519
-1654
-334
-3683
-3924
725
3662
1272
-955
-602
-1259
-3389
-1730
4701
6454
-1091
-9403
-8217
-1551
328
-3211
-5348
-3283
-2193
-4021
-5316
-4183
-2299
-1764
-500
2464
4721
2639
-1438
-1506
3465
8461
8292
5033
3651
4790
5637
4973
5952
7198
4787
1504
2604
5019
2031
-1956
-725
2263
1185
-357
-101
-1866
-3924
-1482
2373
1406
-1282
-621
702
-164
-592
455
107
-1206
-882
58
-644
-2424
-3766
-3758
-2026
-536
-1594
-3903
-4286
-3193
-2559
-2037
-1227
-1512
-2448
-2012
-438
-394
-1297
-1020
-120
523
843
1125
279
-820
-534
1003
1325
-103
-1538
4699
15071
13904
-226
-9310
1782
16116
14455
3363
363
4784
5089
1151
-726
483
-125
-2209
-1048
1749
1060
-5100
-10646
-8823
-1296
4034
804
-6082
-8217
-3781
-560
-2456
-4349
-2434
343
-348
-1989
-1413
-1440
-4723
-6923
-2339
3786
2715
-4790
-8912
-5765
-1924
-1978
-3438
-2541
-1013
-1681
-2920
-2278
-632
-425
-1009
496
4037
5808
3205
-406
-215
3800
6882
6454
4800
4330
4373
3361
2655
4320
6246
4934
2502
2864
4120
2150
-759
12
2160
1602
441
978
404
-2214
-2695
-161
1125
51
-487
-328
-1235
-1702
-615
-445
-1894
-2234
-855
-435
-2066
-3523
-3506
-2955
-2390
-1777
-1608
-2230
-2988
-3165
-2450
-1428
-1285
-1875
-1749
-745
-267
-1183
-1664
-779
118
102
86
559
344
-540
-674
47
576
168
-683
-1523
-488
5889
12156
9278
-891
-4120
5095
12971
10078
3929
4214
6845
5146
2199
2031
2421
-46
-1880
491
3579
2542
-2832
-7571
-7912
-3949
-191
-1078
-5003
-7078
-5534
-4336
-5439
-5938
-4237
-3011
-3803
-3276
-563
-136
-3873
-6602
-3507
1315
1945
-972
-2365
-1340
-890
-1713
-1684
95
869
-213
-991
-10
1350
785
-1085
-1695
172
2464
2602
1382
958
1822
2210
1825
2408
3926
4502
3483
2954
4220
5281
4437
3094
3464
4573
4315
3263
2856
2479
1125
297
882
1059
-322
-1613
-1513
-1318
-1773
-1960
-1828
-2312
-2967
-2649
-1834
-1966
-2767
-2885
-2396
-2281
-2456
-2283
-1911
-1934
-1890
-1361
-817
-880
-1156
-1025
-768
-599
-265
131
257
-90
-550
-517
-78
164
-17
52
484
795
521
44
-118
66
480
733
712
534
459
412
172
-109
392
1957
3355
3094
1670
1256
2286
3014
2626
2084
2258
2540
2254
1915
1776
1396
672
468
941
1260
968
402
68
-228
-520
-727
-1079
-1716
-2262
-2247
-1895
-1907
-2448
-2962
-2849
-2498
-2476
-2794
-2968
-2737
-2523
-2430
-2368
-2285
-2311
-2431
-2406
-2004
-1364
-1006
-996
-874
-451
-79
-122
-205
93
600
816
765
829
1009
1153
1161
1267
1444
1622
1768
1763
1753
1872
1987
1808
1562
1799
2278
2405
2111
1974
2247
2442
2315
2037
1877
1648
1485
1509
1410
944
465
379
325
64
-170
-353
-700
-1087
-1194
-1192
-1336
-1458
-1381
-1366
-1694
-2062
-2018
-1717
-1758
-1996
-1940
-1589
-1524
-1863
-2084
-1886
-1543
-1408
-1389
-1155
-758
-668
-909
-932
-542
-31
169
16
-109
184
681
760
489
458
793
1075
1110
1158
1214
1062
645
414
682
924
746
483
879
1669
1977
1571
1050
1168
1814
2450
2585
2244
1788
1550
1751
2160
2513
2455
1889
1263
1231
1712
1692
802
-235
-636
-637
-943
-1561
-2075
-2281
-2475
-2766
-2995
-3196
-3539
-3867
-3805
-3459
-3195
-3145
-3078
-2860
-2583
-2415
-2332
-2092
-1619
-1194
-1069
-1123
-1039
-689
-349
-304
-409
-347
-185
1
363
833
973
805
873
1301
1683
1706
1572
1666
1984
2176
2167
2348
2698
2713
2438
2476
2954
3254
3065
2688
2531
2619
2621
2314
1809
1420
1193
982
800
704
533
42
-595
-983
-992
-1007
-1419
-1981
-2161
-1880
-1753
-2058
-2362
-2291
-2102
-2122
-2117
-1901
-1711
-1835
-1985
-1771
-1402
-1303
-1494
-1489
-1143
-813
-751
-789
-720
-685
-732
-685
-432
-219
-166
-102
-38
-50
-37
203
523
674
681
706
792
833
818
755
721
808
1103
1604
2054
2242
2240
2318
2525
2730
2934
3112
3023
2574
2183
2183
2327
2258
2046
1873
1637
1245
857
568
280
-94
-468
-836
-1325
-1888
-2280
-2384
-2368
-2384
-2460
-2638
-2925
-3188
-3286
-3287
-3263
-3132
-2875
-2683
-2712
-2869
-2912
-2707
-2308
-1876
-1583
-1504
-1523
-1443
-1225
-941
-633
-356
-235
-217
-37
359
644
664
786
1305
1923
2181
2074
1959
2060
2378
2835
3292
3434
3142
2841
2993
3355
3321
2927
2711
2793
2765
2490
2187
1830
1310
919
1013
1262
1070
468
-63
-289
-371
-503
-862
-1419
-1821
-1850
-1778
-1962
-2325
-2602
-2735
-2778
-2705
-2586
-2620
-2782
-2787
-2476
-2081
-1927
-2053
-2136
-1862
-1313
-867
-714
-666
-502
-236
34
294
514
595
558
603
835
1031
954
749
745
973
1120
960
673
575
706
821
754
579
435
412
508
677
944
1351
1692
1758
1741
1957
2321
2510
2491
2412
2300
2168
2109
2099
1963
1653
1306
1002
719
467
235
-104
-646
-1222
-1554
-1650
-1833
-2244
-2646
-2793
-2768
-2767
-2809
-2815
-2804
-2805
-2786
-2710
-2585
-2433
-2255
-2085
-1905
-1657
-1357
-1170
-1180
-1173
-909
-482
-241
-245
-213
-34
91
77
184
496
729
721
753
1039
1374
1499
1451
1452
1615
1867
2025
1987
1912
2009
2176
2148
1995
2022
2187
2186
2018
1987
2083
1956
1534
1189
1144
1127
840
474
365
426
302
-28
-261
-327
-478
-749
-905
-953
-1144
-1458
-1612
-1637
-1819
-2121
-2203
-2053
-1990
-2092
-2155
-2117
-2082
-2042
-1905
-1689
-1508
-1392
-1244
-942
-557
-302
-224
-100
207
521
647
640
677
762
813
851
940
991
844
556
407
491
580
469
273
228
317
325
172
14
-20
37
101
178
347
618
879
1033
1124
1273
1493
1692
1848
2026
2149
2041
1746
1592
1720
1868
1741
1368
970
667
471
350
171
-216
-713
-1049
-1159
-1268
-1463
-1633
-1747
-1844
-1847
-1733
-1753
-2085
-2439
-2393
-2037
-1814
-1863
-1903
-1764
-1613
-1570
-1517
-1342
-1151
-1067
-1039
-935
-761
-640
-631
-637
-512
-267
-85
-67
-50
150
406
507
539
710
938
1017
1057
1285
1550
1521
1324
1387
1738
1925
1758
1579
1643
1734
1605
1462
1632
1986
2118
1966
1842
1832
1687
1350
1099
1073
1053
838
494
208
49
-95
-390
-773
-948
-855
-857
-1165
-1450
-1448
-1458
-1765
-2091
-2094
-1937
-1929
-1991
-1912
-1768
-1764
-1886
-1927
-1768
-1497
-1276
-1138
-944
-656
-445
-403
-358
-142
126
257
277
311
350
341
326
332
323
275
223
234
328
427
433
405
520
744
797
622
527
690
855
800
737
978
1428
1755
1859
1875
1875
1856
1926
2170
2428
2409
2100
1799
1729
1778
1689
1385
988
665
482
311
-38
-529
-931
-1157
-1374
-1659
-1907
-2051
-2180
-2303
-2282
-2123
-2047
-2186
-2396
-2453
-2320
-2138
-2044
-2023
-1998
-1890
-1687
-1481
-1382
-1380
-1363
-1262
-1093
-895
-725
-677
-712
-644
-390
-139
-88
-115
26
351
670
878
1024
1163
1288
1416
1588
1804
1985
2040
2020
2126
2411
2586
2400
2060
1936
1993
1946
1801
1711
1609
1385
1184
1141
1076
838
581
443
330
196
113
-25
-339
-646
-681
-602
-734
-1014
-1163
-1185
-1250
-1325
-1334
-1377
-1526
-1626
-1569
-1495
-1524
-1558
-1460
-1298
-1216
-1201
-1150
-1022
-896
-805
-690
-547
-447
-391
-286
-134
-18
65
176
286
311
297
320
324
271
277
397
453
328
199
234
317
291
234
282
368
396
374
365
384
431
535
681
831
978
1137
1276
1342
1389
1489
1600
1627
1606
1633
1633
1469
1214
1068
1057
986
774
533
322
84
-200
-410
-493
-578
-769
-985
-1125
-1238
-1378
-1486
-1491
-1460
-1475
-1505
-1538
-1634
-1787
-1852
-1771
-1656
-1615
-1616
-1567
-1473
-1381
-1335
-1336
-1331
-1236
-1075
-959
-941
-909
-758
-546
-371
-235
-80
92
270
485
744
965
1081
1149
1291
1499
1647
1656
1623
1673
1789
1880
1913
1921
1906
1851
1763
1689
1608
1472
1279
1122
1061
1021
886
668
514
487
461
306
74
-62
-80
-133
-285
-451
-555
-640
-722
-758
-765
-840
-979
-1048
-1006
-985
-1080
-1190
-1202
-1135
-1072
-1065
-1107
-1154
-1133
-1041
-955
-946
-967
-940
-848
-737
-643
-591
-578
-534
-402
-249
-177
-171
-128
-7
106
174
225
289
349
403
480
585
683
754
812
872
926
981
1054
1154
1270
1385
1468
1495
1471
1451
1472
1503
1491
1452
1406
1324
1188
1042
906
745
532
330
190
53
-156
-409
-622
-767
-884
-1019
-1174
-1335
-1453
-1525
-1584
-1659
-1751
-1852
-1923
-1912
-1834
-1805
-1868
-1889
-1741
-1533
-1449
-1460
-1389
-1203
-1033
-915
-790
-641
-528
-433
-278
-56
131
222
269
367
541
744
890
966
1072
1255
1427
1471
1454
1516
1630
1678
1669
1712
1782
1737
1584
1500
1527
1514
1388
1254
1201
1151
1014
844
721
644
539
401
279
190
74
-101
-268
-367
-419
-518
-682
-831
-908
-943
-1005
-1095
-1168
-1202
-1205
-1203
-1211
-1240
-1253
-1220
-1150
-1090
-1055
-1013
-964
-915
-861
-781
-695
-640
-592
-511
-416
-349
-299
-221
-105
4
69
120
189
267
339
419
519
617
679
692
701
749
836
924
970
982
986
998
1000
990
995
1012
1021
1026
1046
1047
976
863
810
832
836
740
590
468
383
271
119
-19
-126
-243
-393
-528
-615
-687
-812
-962
-1064
-1114
-1176
-1278
-1356
-1384
-1409
-1458
-1495
-1485
-1451
-1427
-1404
-1356
-1284
-1206
-1112
-1012
-928
-845
-718
-555
-416
-307
-189
-59
56
162
290
425
513
573
661
782
870
890
905
955
1026
1077
1098
1096
1087
1084
1089
1096
1093
1073
1043
1022
1020
1014
954
865
830
863
853
727
582
541
559
504
351
207
131
87
21
-75
-196
-326
-422
-455
-465
-521
-649
-778
-813
-743
-684
-740
-869
-921
-830
-717
-711
-779
-810
-762
-695
-647
-620
-619
-631
-622
-555
-459
-394
-395
-418
-371
-239
-105
-70
-84
-32
121
277
352
388
464
574
657
718
797
874
893
864
861
914
952
903
793
714
693
669
582
468
385
311
219
118
44
-26
-138
-261
-326
-336
-383
-504
-621
-653
-643
-680
-770
-837
-842
-835
-862
-903
-928
-943
-958
-955
-919
-888
-891
-908
-884
-795
-697
-645
-625
-571
-450
-300
-186
-113
-38
76
221
367
492
591
669
744
843
965
1060
1090
1078
1098
1164
1216
1191
1122
1063
1039
1029
987
910
815
728
673
632
577
488
382
309
277
249
193
115
40
-9
-33
-51
-87
-149
-214
-256
-263
-268
-310
-375
-425
-436
-438
-461
-497
-523
-535
-544
-548
-539
-518
-521
-536
-527
-484
-444
-440
-458
-445
-397
-357
-351
-363
-354
-324
-292
-271
-254
-244
-227
-197
-153
-104
-76
-59
-32
24
97
153
179
200
240
297
353
385
391
395
402
412
414
402
370
327
285
254
222
169
102
36
-9
-52
-98
-141
-173
-201
-236
-262
-258
-239
-232
-238
-237
-211
-175
-151
-131
-110
-88
-78
-65
-37
-5
-3
-22
-32
-18
2
3
-12
-31
-32
-23
-19
-21
-25
-26
-18
-3
17
31
36
41
56
85
114
124
127
149
182
209
221
228
246
272
299
319
325
318
314
316
326
323
298
263
242
234
223
198
165
143
132
123
109
93
73
61
55
60
58
47
35
26
22
14
6
-5
-21
-38
-58
-75
-90
-108
-130
-157
-189
-215
-229
-243
-269
-305
-337
-349
-351
-365
-390
-416
-431
-429
-417
-409
-414
-424
-422
-399
-369
-351
-351
-345
-318
-275
-233
-213
-200
-174
-128
-80
-32
3
27
60
110
170
216
241
260
302
354
392
405
406
414
428
443
440
421
397
370
351
334
304
258
208
171
156
142
105
58
21
1
3
3
-10
-30
-46
-42
-22
-11
-21
-43
-54
-43
-24
-25
-55
-90
-106
-104
-98
-109
-147
-184
-199
-188
-181
-193
-216
-231
-224
-201
-179
-173
-180
-173
-138
-93
-58
-40
-21
5
44
93
126
144
160
177
203
226
236
232
227
226
230
233
225
206
185
173
169
165
149
130
111
97
92
86
74
59
39
24
14
12
8
-7
-20
-33
-36
-39
-48
-62
-79
-89
-98
-113
-130
-150
-169
-185
-198
-213
-231
-243
-252
-258
-263
-268
-265
-266
-264
-251
-238
-227
-215
-199
-183
-166
-154
-139
-118
-99
-81
-69
-50
-27
-8
9
25
45
69
91
113
131
152
173
187
205
219
231
235
240
245
247
244
233
229
228
226
220
206
197
192
187
175
165
157
152
150
137
127
115
97
83
72
65
52
29
2
-15
-29
-46
-66
-90
-109
-128
-148
-164
-182
-195
-210
-227
-236
-238
-252
-264
-272
-269
-261
-260
-264
-264
-250
-234
-218
-199
-177
-155
-135
-108
-79
-49
-15
12
41
76
105
129
148
167
192
216
236
244
242
240
237
234
234
227
220
207
194
183
168
155
144
135
129
120
113
103
96
90
86
88
84
80
69
55
48
43
36
19
2
-16
-29
-49
-71
-98
-122
-142
-164
-179
-199
-217
-235
-248
-254
-261
-268
-272
-270
-266
-262
-258
-250
-237
-226
-209
-193
-180
-163
-140
-120
-101
-79
-60
-39
-20
0
19
45
64
82
100
118
135
157
172
189
204
216
230
242
250
257
263
267
267
267
263
253
247
237
226
209
189
169
149
127
105
84
60
39
15
-6
-27
-48
-66
-83
-97
-109
-121
-135
-147
-157
-169
-175
-185
-195
-207
-208
-213
-216
-221
-223
-222
-218
-216
-212
-205
-194
-181
-166
-152
-132
-116
-94
-67
-42
-17
6
32
56
80
102
124
144
161
178
192
204
214
224
231
235
238
236
231
224
216
207
196
185
173
165
154
139
130
117
105
94
85
73
61
49
37
22
8
-6
-21
-41
-64
-83
-102
-127
-148
-171
-194
-215
-237
-258
-273
-286
-303
-312
-318
-316
-316
-313
-303
-287
-269
-251
-226
-202
-176
-148
-118
-88
-60
-33
-5
20
43
69
91
110
130
145
162
177
187
197
210
218
228
234
238
247
248
253
250
252
249
243
238
231
220
209
198
184
169
155
136
114
91
70
46
24
2
-17
-41
-63
-80
-96
-117
-133
-142
-153
-166
-174
-180
-186
-191
-191
-191
-191
-190
-188
-182
-178
-178
-173
-169
-162
-156
-147
-141
-132
-122
-111
-94
-81
-64
-45
-25
0
24
51
76
101
129
152
175
199
215
228
233
236
240
241
235
224
215
200
178
163
144
123
100
78
59
42
23
5
-10
-24
-36
-49
-59
-69
-75
-84
-87
-88
-92
-95
-102
-106
-112
-120
-129
-134
-139
-147
-156
-162
-174
-186
-193
-198
-204
-209
-212
-216
-214
-208
-200
-185
-168
-146
-120
-94
-66
-34
-2
26
54
81
105
128
147
163
178
185
195
205
206
210
209
212
213
212
210
209
209
206
206
203
196
189
181
173
166
151
137
121
104
90
72
55
33
13
-5
-23
-43
-60
-76
-93
-105
-119
-131
-138
-143
-151
-156
-159
-162
-161
-161
-159
-158
-154
-150
-146
-143
-137
-131
-125
-120
-111
-103
-93
-86
-78
-69
-59
-48
-38
-29
-15
-6
1
13
24
33
41
49
58
67
75
81
87
95
99
106
109
116
118
117
116
116
118
116
113
107
103
99
89
83
75
67
61
51
42
31
23
13
4
-5
-14
-27
-38
-48
-55
-61
-72
-77
-79
-86
-91
-91
-96
-100
-99
-101
-99
-100
-103
-103
-103
-104
-102
-101
-101
-101
-95
-89
-83
-77
-73
-65
-56
-44
-33
-22
-9
3
20
35
48
61
75
85
95
106
118
127
132
136
142
143
143
142
139
138
133
128
120
113
105
99
89
78
67
56
46
34
26
15
3
-7
-19
-28
-35
-44
-54
-63
-74
-81
-89
-96
-102
-105
-108
-111
-111
-111
-110
-108
-104
-100
-92
-88
-81
-72
-64
-56
-46
-37
-30
-22
-15
-8
-2
5
10
19
24
27
32
37
39
42
51
56
58
61
64
66
69
72
74
74
71
73
75
71
70
67
62
60
52
47
44
36
27
18
9
3
-6
-17
-24
-27
-33
-41
-48
-48
-53
-57
-58
-61
-63
-60
-61
-61
-57
-56
-54
-55
-53
-53
-52
-45
-41
-39
-39
-38
-36
-32
-31
-30
-25
-19
-16
-12
-8
-8
-5
1
5
8
13
17
23
28
31
35
37
40
41
45
47
48
49
47
47
49
50
48
44
43
41
37
34
26
24
18
17
13
8
9
6
3
2
1
-2
-4
-5
-6
-10
-9
-8
-9
-10
-10
-10
-9
-8
-8
-6
-7
-10
-6
-5
-6
-6
-7
-8
-7
-7
-8
-8
-4
-7
-5
-3
-5
-4
-9
-7
-5
-6
-7
-8
-5
-2
-2
-5
-6
-4
-4
-1
-2
-5
-4
-6
-3
-5
-4
-5
-9
-6
-5
-6
-5
-7
-8
-5
-4
-3
-3
-2
-3
-2
-2
-1
-2
0
1
0
2
4
1
3
5
7
8
7
7
4
3
3
5
4
5
2
2
3
3
3
4
3
1
3
3
0
-3
-2
-6
-3
-6
-8
-11
-13
-9
-9
-7
-7
-7
-8
-8
-7
-6
-6
-4
-2
0
3
3
5
6
7
8
10
12
10
10
14
15
14
16
14
16
14
10
14
17
15
12
13
12
10
10
11
11
10
14
10
7
5
4
2
1
1
-2
-6
-8
-7
-7
-9
-10
-10
-11
-16
-18
-20
-24
-21
-19
-19
-20
-23
-25
-26
-25
-23
-20
-19
-19
-19
-19
-17
-14
-12
-11
-10
-9
-8
-9
-7
-5
0
2
4
5
5
7
9
13
15
17
17
19
17
17
22
23
24
22
20
22
19
18
17
19
22
21
19
18
15
17
15
10
12
11
9
6
3
-1
-1
-6
-8
-7
-8
-9
-15
-19
-20
-21
-23
-20
-21
-21
-22
-24
-23
-21
-19
-22
-16
-16
-14
-12
-11
-8
-4
-4
-3
1
2
3
4
8
13
13
15
16
20
20
21
21
20
22
19
16
16
16
13
11
9
5
7
4
-1
-5
-5
-7
-7
-7
-6
-6
-6
-8
-7
-5
-5
-3
-5
-5
-6
-4
-5
-5
-2
3
2
1
3
-2
-3
-8
-6
-6
-6
-5
-4
-5
-11
-11
-10
-9
-7
-6
-5
-6
-8
-4
-2
-1
3
1
3
6
3
4
5
6
7
10
11
9
8
9
9
7
9
9
6
5
2
1
2
2
0
2
3
-1
-5
-3
-4
-10
-8
-10
-8
-5
0
-3
-6
-6
-6
-4
-3
-1
1
-1
-3
1
2
4
3
-1
-2
2
6
5
3
2
2
2
2
0
0
0
0
-3
-4
-5
-1
-1
-2
-2
-2
-1
-2
0
-1
-3
0
0
2
3
1
1
2
0
1
1
1
1
0
1
-1
0
2
2
2
0
2
3
1
-2
2
3
3
3
-1
-1
-2
-1
-2
-1
-3
-1
2
1
0
1
3
5
3
3
5
4
5
1
1
1
-1
-1
-2
0
-1
-1
-3
-5
-2
-1
0
-4
-6
-5
-4
-3
-4
-2
-3
-4
-1
0
0
2
2
2
2
0
0
1
1
1
0
0
0
-2
-3
-1
0
-3
-3
-3
-1
-1
-2
0
-2
0
0
3
2
2
3
1
3
1
5
5
3
2
2
1
0
3
4
2
0
3
3
1
4
4
0
0
0
1
-2
1
-2
-2
-1
-3
-4
-5
-6
-6
-5
-4
-3
-3
-1
-2
-7
-5
-5
-2
0
-2
0
-1
-2
-1
3
3
3
6
5
5
3
1
4
0
0
2
1
3
5
3
1
0
0
2
2
4
3
4
4
3
2
3
1
0
0
1
0
0
1
-1
-1
1
0
-2
-4
-4
-4
-5
-2
-3
-2
1
1
-2
-1
0
-1
-1
-1
-4
-2
-2
-2
-1
-3
-4
-2
-2
-3
-3
-3
-2
-2
-1
0
0
-1
-2
-1
2
1
-1
0
2
2
-1
1
3
3
5
5
1
0
2
1
1
2
3
5
3
4
2
3
4
3
3
2
-1
-1
3
1
-1
2
0
-1
2
-1
0
-1
-3
-3
-4
-4
-4
-5
-4
-4
-6
-3
0
-3
0
0
-2
0
1
1
2
-1
-3
-2
-2
-3
-1
-2
0
2
0
0
0
-1
0
-1
0
1
2
5
1
2
0
1
1
0
2
3
1
1
1
-1
-1
1
1
1
1
1
2
1
1
0
3
4
1
6
4
4
5
1
0
1
4
3
1
1
-2
-2
0
1
-3
-1
-1
-5
-5
-5
-5
-5
-4
-5
-3
-2
-2
-2
-3
-5
-3
1
1
-2
-3
-5
-4
-1
-1
-2
0
-1
-3
0
0
1
0
1
3
3
5
2
0
0
3
1
-1
-2
0
-1
0
1
1
1
2
3
1
1
3
2
1
3
4
1
1
2
2
2
3
2
0
0
-1
0
2
1
-3
2
2
2
-1
0
0
-2
-1
-3
-3
-1
-1
-4
-1
-1
-2
-1
-2
-3
-2
-3
2
0
0
2
-1
-1
1
1
0
-1
-2
-2
-1
-2
-2
-1
-1
-1
1
3
4
3
0
-1
-1
-2
-2
1
0
-1
2
3
-1
1
2
0
3
5
5
3
2
0
1
0
1
0
-3
-3
-2
-4
-3
-6
-1
1
-1
-1
1
1
3
0
-2
-3
-3
-1
-3
0
-2
-1
-1
0
-2
-3
0
0
0
2
1
0
2
2
-1
-3
-2
1
-3
-4
-4
0
0
-1
1
4
4
4
4
4
5
4
4
3
2
2
3
2
3
2
4
6
1
-1
-1
-1
0
-1
-1
2
0
-2
0
-3
-1
-3
-3
-3
-3
-1
-2
-2
-4
-2
-5
-5
-4
-2
-3
-5
-3
-3
-4
-3
-3
-2
-2
-2
0
-1
-3
0
0
-2
-1
0
0
0
1
4
5
2
4
3
2
3
4
2
0
1
3
6
5
4
2
4
3
2
1
-2
-2
0
3
2
0
0
-2
-1
1
1
1
2
0
0
2
2
1
1
0
-2
0
-2
0
0
0
1
-2
-1
-3
-4
-3
-5
-1
-3
-4
-1
-2
0
-3
-2
-1
-3
-3
-4
-4
-4
-1
1
2
5
1
3
3
2
-1
-1
0
-1
