SAMPLES:	6870
BITSPERSAMPLE:	16
CHANNELS:	1
SAMPLERATE:	16000
NORMALIZED:	FALSE
-1
6
1
-2
2
2
-3
-5
0
2
-4
0
3
0
1
2
0
-6
-1
5
1
-3
0
0
-1
2
6
6
5
1
4
3
3
3
3
2
3
5
2
0
0
1
-1
-2
-2
0
-3
-1
-3
-4
-5
-5
-4
-3
-1
-2
0
0
-1
1
1
1
-2
1
7
4
0
2
2
-1
0
2
-1
-2
-2
-2
-4
1
10
-8
-12
6
-4
-10
1
-7
-8
1
-7
-3
3
-1
0
2
1
0
2
-4
1
8
3
2
4
4
2
4
6
1
4
6
5
1
3
2
2
3
2
1
-1
-2
1
5
2
2
3
0
-4
-5
2
1
1
1
3
-1
-1
-2
-3
1
-4
-3
-2
-6
-6
-4
1
-3
-3
3
2
4
2
2
-1
-3
-5
-3
-2
-5
-2
-2
-1
-5
-1
-4
-2
-3
-2
4
9
8
-3
-2
3
1
2
7
1
-1
5
3
2
5
3
3
2
0
-4
-5
1
0
2
-1
-2
-2
-2
3
2
0
-3
2
3
2
2
0
2
1
-1
-1
-1
1
1
-2
3
2
3
2
0
-1
-3
-3
7
0
-3
3
-4
-2
1
1
-5
-3
3
-4
-6
-2
-2
-4
-4
-1
-1
-2
-3
0
1
-1
1
-1
0
2
2
5
3
2
1
3
1
2
-1
-1
0
1
3
2
2
-1
2
2
6
6
1
1
2
2
0
-3
-4
-2
0
-1
-1
0
0
-2
-4
-2
-1
-3
-2
-1
1
1
-1
0
0
1
-1
-2
-3
-3
-3
-2
0
-4
-1
-1
-3
-2
-2
-2
-6
-4
-3
2
1
1
0
1
5
3
2
3
1
-4
-2
0
1
1
0
1
0
0
15
8
-5
6
5
-1
0
3
-2
-4
4
-3
-5
4
2
-2
-2
2
-2
3
5
3
3
-2
1
0
2
3
4
3
2
3
0
-1
-1
2
-6
-6
-3
-2
-3
0
-3
-4
-1
-5
-4
-3
-5
-5
-3
1
-2
3
3
-6
2
0
0
-4
-1
1
-2
4
-2
0
6
0
5
3
5
2
5
8
-2
2
6
18
-1
-8
1
-10
-8
14
22
-10
7
8
-10
-24
-5
-17
-25
5
10
-1
1
19
-21
-4
-4
-19
18
20
-20
-16
3
-19
-29
8
-19
33
48
26
-4
-5
2
-20
58
-9
2
23
-15
-19
5
-10
11
58
-41
-56
-14
7
-54
-20
-61
-22
27
-33
44
23
35
47
2
-30
11
71
57
-2
-85
25
210
47
-44
-44
68
183
-154
-325
-44
181
-211
-369
-136
404
107
-388
-517
210
-57
-463
-821
87
-452
1967
8608
-931
-3335
1104
-549
-1745
-1254
-22
-3279
318
7916
2192
-3144
-4690
-1561
768
-1794
-1031
-5
-2036
783
9425
2424
-3912
-1202
299
-508
954
-30
-2510
-2871
-3779
-1566
1289
-1410
-1294
1373
-622
-1888
172
-778
-3115
-765
-682
939
2347
-233
-405
-89
-1252
300
4076
3022
552
1557
651
-473
744
408
2069
1023
3486
5399
3657
75
-2539
1511
1190
-2702
1952
4125
-3365
-3319
2813
1493
-2188
4388
3102
-2598
455
1653
-1865
-3348
-1158
-3352
-3059
-370
-1793
-4940
-1530
1722
-3024
-2210
1072
-887
-1361
2773
159
-2751
-191
583
1970
3269
-1111
-1481
2660
1733
-345
3236
798
-3939
-407
3654
-112
-2329
-994
-1584
-2250
424
559
-2526
-1737
450
-379
-748
1820
-483
1591
3859
2291
2707
-317
-10
2317
644
-1071
561
1459
-1911
-1102
1511
-1141
819
455
-627
1339
-1827
-2755
-451
-102
-2053
-928
1783
562
-1395
-436
-842
-379
-875
25
2163
-239
-1292
86
949
-474
-192
811
650
943
742
369
1664
677
-2194
-57
2166
-82
-1600
-536
-115
-1314
-1518
346
914
18
-1151
233
1237
-1514
-1454
361
1726
2471
-242
-587
2114
-546
-1490
907
-331
-1200
-756
185
435
-2266
-2415
-492
-1716
-1443
752
573
-1009
-427
865
1138
446
2212
2490
442
1901
1885
767
1690
1427
241
704
450
-589
-226
99
-854
-819
-363
-224
-146
-473
-138
-77
-1323
-245
-722
-1887
-1166
-1185
-1049
-629
498
-508
-809
1640
753
-2489
272
1338
-1824
-556
1205
-1084
-1212
337
-374
77
-97
-1396
-1506
-391
-1280
-1151
66
912
-323
-920
519
942
8
-451
1441
1484
688
2212
2844
1505
1280
571
1282
2481
1443
1006
2242
2003
405
1298
1916
761
-168
459
1428
618
-359
734
1274
-808
-409
1216
304
-869
-174
143
-546
-1254
-1419
-603
-420
-2162
-1582
93
-2110
-2730
-603
-1137
-2802
-2047
-159
709
-797
-2270
-1440
-957
-2126
-1724
-1
-1089
-3031
-1842
1111
651
-1753
-2067
-1540
-1061
-539
583
1020
-2847
-4595
-927
687
562
756
-387
-180
678
-366
1515
2267
-974
50
3359
1813
866
2289
668
-866
2032
3280
1644
3003
2275
-1424
-96
3483
2448
1414
3438
2241
-1229
972
3842
1639
836
2894
2415
1056
2174
2275
457
-1092
-846
513
1685
1845
350
-864
-1743
-2376
-1070
1959
1942
-377
-391
-198
-1530
-929
466
-479
186
935
1026
1584
187
-1874
-1487
-403
-225
78
442
-1359
-4781
-6014
-5003
-3741
-4434
-2435
-2234
-5722
-5462
-3231
-4193
-5119
-3138
-2688
-4416
-3854
3615
-3689
-6158
-159
-480
-2318
614
1461
-1422
-2612
-1923
334
1889
6509
2029
-230
2700
1967
410
2692
5315
3838
1714
4969
8777
7094
3913
188
293
5357
6887
5564
6844
4956
-878
366
9043
9247
3259
2472
4022
3484
3076
4830
3228
-792
-1970
185
3819
2740
-2056
-3918
-5749
-8048
-5561
-2982
-4996
-9887
-13314
-10852
-6623
-6773
-5586
-1586
-2321
-5861
-3810
-960
-2029
-2472
-3676
-903
4163
3062
-827
4103
7012
-1542
-2111
2634
2934
1137
291
-304
-450
-2075
-1756
-430
2300
2795
-1793
-923
3700
1848
-1264
123
2361
481
-373
2855
3555
-127
-1759
-62
-1587
149
4585
1681
408
2812
1201
-1804
405
5003
1518
-2538
-1718
2929
422
-5412
-5296
-2483
-109
-2308
-5050
-1859
1433
-3071
-7624
1591
4893
338
345
1737
3525
3442
5026
3160
4505
4713
1223
4895
8589
-603
-384
8513
5446
-1564
-936
5614
2482
-3591
-5787
2220
8072
-2023
-7323
-1657
2315
-6832
-6182
1866
-1067
-2965
-1214
-5164
-5104
-489
378
-2293
-4763
-1349
552
-854
-2973
-2443
-1731
720
-2062
1148
4058
316
-2569
103
1117
-1111
-1028
3612
3987
-2574
-1515
-963
1698
-482
-2440
1916
509
-2481
2324
1535
-3686
-1885
4432
355
-3837
979
3098
2161
-607
-4567
-727
4250
1646
-3896
-488
3831
-357
-2499
-733
1594
1631
-1774
-1711
2793
531
-3052
599
92
-1521
387
339
78
1222
-560
-1576
1265
40
-1347
723
2645
1000
-499
-980
1329
3015
-282
-788
2234
711
-97
899
-518
1189
1644
-2171
-356
2321
392
-33
-1888
-956
476
619
-1715
-3949
-171
2093
-2378
-3931
-880
294
-774
-1227
443
339
-734
1066
1988
-778
1585
3287
268
-260
2261
2426
-106
577
1174
-313
-1465
145
601
783
-562
-1781
-784
-319
830
-533
-959
-92
-241
193
-883
120
1729
-122
-1134
1006
2453
-566
-316
2156
1741
-971
-367
1537
2002
681
-1753
212
2076
-923
-1013
539
-127
-63
-1503
-894
-28
263
-958
-934
-900
-1044
322
-817
708
-989
-708
581
244
262
-676
-11
1052
1299
-1074
-580
925
448
-254
-182
-1044
-1028
916
-668
-1060
-268
-797
-1882
462
339
-893
-1674
-623
1145
-344
-1388
-258
188
-507
537
-843
-532
-73
-124
708
-464
-2175
-193
2376
-949
-1754
299
711
-686
-898
663
-452
-280
670
-64
-204
-319
1054
1062
-387
-836
927
2948
181
-513
348
1625
2387
156
-715
1008
3264
1409
-822
908
1002
1278
1938
-206
-128
1391
1939
477
-1347
93
2065
1044
-1054
-1135
897
1344
191
-1104
-925
384
-67
947
-14
-1029
-884
-632
1510
569
-2667
-1442
1297
1954
-2522
-1979
1561
71
-1739
-1326
811
655
-1491
-230
60
-2109
-133
1457
-946
-2522
338
1289
-732
-1923
-1385
1096
1014
-1812
-2135
308
1426
-232
-1894
-458
-86
-11
-298
-307
339
-256
-1674
162
824
-108
-664
176
-100
-546
574
-513
58
1192
33
-1464
190
1766
539
-1833
1264
593
-1052
2083
-756
-17
1963
-1684
-580
3642
-657
-2877
1196
3581
282
-4221
325
3771
1473
-2654
-2692
3261
4050
-2457
-2958
-252
3562
3271
-2782
-4346
1399
5627
-456
-4293
-870
3280
3097
-2662
-3773
759
5146
723
-4853
-1146
1973
3410
-517
-4336
-1089
4114
2098
-3679
-3491
3108
4893
-4120
-5754
1956
6902
-837
-6575
-876
4879
848
-3731
-979
625
2709
200
-1980
-1510
1472
1239
-852
-776
-847
1060
3070
-73
-4270
-635
3478
70
-1585
-1173
1560
3794
-1829
-5265
-92
5673
909
-3568
-2478
1835
5426
-1739
-6135
886
4281
-143
-679
-306
-1722
804
2916
-605
-3833
-962
4570
1463
-3105
-918
1816
-833
-1646
2252
1434
-1263
-2434
990
2812
-276
-2278
-380
1871
2376
-1688
-3913
1809
4064
-317
-2433
-2162
1096
3863
-686
-3669
-1100
2411
2933
-2363
-4215
3234
3333
-4356
-3119
3823
2467
-1479
-1811
-80
-7
1754
340
-2669
1092
1232
-61
29
103
-637
-1026
235
916
-1472
1467
4552
-2797
-5835
1301
2473
152
837
1570
-1211
-2176
-1958
1723
2978
319
-2206
-2242
611
2739
2128
-1153
-3029
-2212
835
3656
994
-679
-233
-850
-2076
-1538
1804
4623
1724
-5881
-3581
4341
3207
-2666
-1777
1183
1648
-1222
-3005
2435
4156
-1647
-2580
-2872
-376
4482
3858
-1142
-6554
-948
5580
2355
-4875
-2609
4767
1312
-3701
659
1872
-425
1914
-3327
-5693
4320
6598
-895
-4909
-635
1903
-697
-904
1650
436
-730
-1848
1806
2678
-1266
-2939
-788
1635
-1047
2234
3911
-1797
-5348
512
3130
-1948
-826
4903
-187
-5279
-293
4430
72
-1480
377
-2376
-1169
2606
4012
-1366
-3406
-760
1174
1413
-237
-2025
952
3718
-1255
-4056
-2059
3381
6408
-1366
-9994
15
7752
3128
-3636
-3972
186
2499
766
-2482
1290
1480
-2091
521
2483
-3798
-2900
6369
2918
-5451
-3291
702
5052
3151
-4438
-3499
343
2464
2531
-1779
-2813
3124
1396
-3787
-199
884
855
2194
-282
-3088
-1798
2670
1858
-708
-1668
1436
131
-2173
521
54
2725
1293
-4124
-3442
2338
5691
58
-4581
-906
2022
134
-2998
1205
4326
513
-3158
-2963
-1187
3735
6093
-2483
-7140
-1349
5230
2893
-1337
-638
-1133
-742
507
-1183
-820
2949
4922
-2763
-6267
-942
2790
5434
29
-4463
-3001
1154
3850
1779
-1769
-3434
-1224
3215
1953
-2186
14
2044
-581
-3365
-2536
3349
6104
39
-5466
-3789
1451
3149
1809
-484
-2355
-238
1334
830
-1240
-1143
211
899
-73
-575
1923
989
-2071
-1625
-310
-860
2191
3104
-318
-1862
-821
-2423
-443
3933
1184
-1019
-1358
-202
521
424
-154
-1497
-465
3160
248
-2186
985
-20
-18
-248
-2338
-281
4706
3284
-4520
-4344
1380
2600
836
-952
63
1116
226
-3069
-1512
3011
2809
-561
-2752
-98
1911
153
-1650
219
1107
1192
-154
-1312
167
1854
1152
-1792
-2471
573
3654
1851
-1702
-2179
771
1190
-801
-316
893
1144
-200
-2281
-2260
1230
4074
616
-4319
-3356
583
1941
-342
-2214
-1575
294
194
-1692
-1824
162
637
-1868
-3316
-195
2096
-336
-2748
-1814
1034
948
-1333
-784
532
-1118
-2022
-913
-313
-923
325
1448
-1149
-3324
-2945
-318
-288
-3040
-1901
1509
-49
-3511
-2749
899
1875
-530
-2092
-174
2881
2264
-209
959
3787
3409
1803
1248
2029
2078
997
-211
139
2513
2616
-102
-952
175
68
-203
696
1653
1995
1523
824
3084
7498
9855
8171
4622
4286
7057
9283
9769
9813
10216
9229
6317
4572
5769
7218
6112
3184
1320
1299
1314
-41
-2673
-4989
-5974
-6573
-7450
-8549
-9663
-11389
-13618
-14533
-13563
-12220
-12206
-13040
-13804
-13583
-12114
-10287
-8673
-7665
-7166
-6660
-5961
-4796
-3043
-1650
-1177
-896
-417
791
1897
1510
864
1313
2284
1981
1785
2773
3048
2538
2510
2722
2307
2060
2207
2791
3768
3841
2364
662
877
2132
1684
734
997
1263
430
198
1848
3508
3395
1999
1191
1934
2537
1774
2359
5510
13694
24223
26613
16713
3819
3293
15050
24803
26316
24458
21765
14343
3929
2102
11394
18681
14509
5073
52
-758
-4166
-9459
-11257
-10559
-11252
-14278
-16703
-18163
-21402
-26495
-29371
-26750
-20794
-17621
-19884
-24126
-26173
-24395
-19985
-14676
-9313
-5759
-5310
-6255
-5642
-1902
3146
6911
8770
9919
11095
11368
10456
10169
11281
11766
10694
9273
8441
7026
4182
1647
761
513
-359
-1903
-3605
-5627
-7727
-8621
-8243
-7568
-7062
-7222
-8002
-8376
-7591
-5788
-3926
-2202
-179
1321
1762
2180
3264
5144
6956
7993
8481
8200
7603
7053
6891
7477
8091
7798
6061
4275
3727
2935
628
-977
-530
5604
21197
32430
23622
982
-9801
5345
25295
29985
25912
23891
18559
3589
-5208
7560
25808
24310
7969
-1304
1661
1672
-7146
-10448
-5869
-4555
-10744
-16497
-15342
-16317
-24944
-32208
-29361
-19964
-15544
-20662
-27705
-29915
-29061
-26130
-20272
-11481
-5280
-8837
-15919
-16434
-8785
336
4145
4981
5843
5110
3348
3910
7925
12326
12313
9370
8086
8146
7802
5378
3108
3581
3754
2514
890
-651
-2624
-5595
-6811
-4749
-2602
-3088
-5345
-7310
-7451
-6463
-4687
-1933
-382
-317
-1232
-1772
464
3374
5789
7162
6583
5900
5322
5608
6895
7803
8024
7562
6180
5052
4812
3483
2243
3047
13011
29036
31027
14020
-4729
-1406
18727
28781
25797
23161
22255
11704
-3101
-369
19210
27101
13250
-544
-361
3400
-3972
-11107
-5907
-1234
-7116
-16670
-16536
-12808
-19222
-29008
-28089
-18125
-13627
-19423
-26048
-26607
-26450
-26198
-20608
-11391
-6018
-10331
-15841
-14787
-9218
-2746
1899
4965
5334
3128
1475
3276
7521
11320
11904
9690
8392
7535
6628
5528
5502
6761
5931
3413
983
-443
-1772
-3356
-3432
-1880
-1535
-3900
-6362
-7250
-6702
-5793
-4188
-2068
-2161
-3630
-4129
-2902
-439
1470
2560
3139
3206
3714
3896
3540
4368
5356
5369
5257
5389
4984
3409
2446
4025
5814
11449
24224
29927
17627
-1219
-1407
18758
31346
27037
20922
20279
14665
2076
1800
19198
28764
15657
-395
-556
5961
355
-9080
-5418
1067
-4286
-15801
-17385
-12321
-17180
-27354
-26473
-15962
-12686
-21927
-29871
-27761
-24696
-25738
-22308
-12522
-8446
-16822
-23066
-15152
-4475
-2753
-4357
-514
3499
827
-1131
4419
10596
10090
7101
8037
10612
9140
5749
5757
8336
9251
6878
4431
3254
1143
-1384
-1493
1034
2007
-1253
-5679
-7155
-5999
-4677
-3781
-2935
-2795
-4724
-6852
-5429
-1870
255
449
278
965
860
1090
3045
4018
3965
3793
3763
4057
4410
3880
3284
3444
5016
6172
8000
19920
29744
20009
-78
-3398
18220
32562
25184
16701
18669
17122
4491
1931
19544
31007
15511
-2670
-532
9544
4644
-8319
-4165
4825
-1577
-15470
-16777
-8574
-13467
-25915
-24337
-11741
-10431
-23180
-31367
-26069
-20975
-24257
-22593
-13304
-9546
-19283
-26443
-15494
-2705
-3406
-8242
-3994
2131
-1012
-3904
3974
11820
8951
4230
6556
11417
9608
5283
7133
10874
10547
6564
4649
5367
3350
146
924
4052
3181
-1935
-5454
-4758
-3959
-4375
-3519
-2780
-3914
-6747
-7688
-4954
-2539
-1957
-2062
-1490
-800
-1737
-1328
1343
2930
2604
1938
2259
2373
1759
1802
4103
6196
6335
5231
8560
20786
25024
12856
-313
6069
25967
29403
18860
15393
19587
15253
4924
9915
26012
25999
6619
-2385
6724
12213
1313
-7163
1801
5746
-6187
-16677
-11860
-6460
-16453
-24614
-16707
-8214
-16474
-29633
-29108
-20189
-19383
-24101
-20315
-14182
-17246
-24650
-21621
-9412
-4951
-8621
-8841
-4080
-2632
-4468
-1015
6769
9194
5268
4287
7819
9539
7238
6910
11163
12546
8771
5703
6439
6679
4203
3647
5878
5393
599
-2797
-2426
-1312
-1829
-2681
-2353
-3420
-5975
-7381
-5756
-3060
-3044
-3566
-3109
-2961
-3913
-3947
-1087
838
404
79
628
769
688
788
1603
4073
5289
4661
3660
10580
22713
20338
6109
-202
13551
28977
24421
14779
15911
20115
13597
6474
15570
28168
20306
1780
1529
13600
12751
-2724
-5771
6668
5779
-9168
-15249
-6969
-6463
-19418
-22201
-10612
-7831
-22490
-32054
-24222
-15800
-20896
-25952
-19024
-14827
-22367
-26954
-16255
-5868
-10053
-15173
-8384
-1009
-4862
-7788
158
8335
6061
2350
6676
10359
7059
4546
10333
15895
12620
6809
6758
9479
7835
5864
7860
9248
4810
-764
-107
2420
1085
-2058
-2264
-1408
-3701
-6266
-5584
-3597
-4064
-5700
-5044
-3375
-3940
-5484
-4409
-1630
-892
-2297
-2149
-482
-1046
-1830
-136
2015
3080
2157
1873
2168
5924
17230
21318
10485
-800
5299
23116
26194
15876
13230
18660
16767
8092
10705
23811
23887
7712
1786
11849
15478
2635
-6026
4368
10305
-1704
-12492
-8478
-4187
-13663
-20088
-11286
-5305
-16714
-29181
-25126
-15554
-17671
-24534
-20812
-14973
-19760
-26260
-19830
-8534
-9865
-15918
-11460
-2883
-4357
-9473
-3891
5320
5292
1449
4789
9493
6610
3057
8073
15228
13435
7481
6776
9505
8626
5955
8031
10522
6921
981
430
3360
2285
-1007
-1055
280
-2183
-5876
-5510
-3337
-3540
-5419
-4816
-3178
-4445
-6091
-4963
-1954
-1205
-3115
-3157
-1201
-1000
-2072
-1072
1034
2094
1563
1419
2004
3026
10842
19211
14626
2430
339
14864
25313
18516
11657
15500
18602
11941
7779
17000
24469
15053
3882
8166
15645
9242
-2952
111
10906
6229
-7170
-10104
-4218
-6716
-15826
-13567
-5652
-10268
-23429
-26191
-17583
-14707
-21520
-23264
-16964
-16888
-23945
-24836
-14578
-8248
-14302
-16191
-8776
-4776
-9056
-9463
806
6073
791
-892
5444
8534
4672
4654
11753
14603
8898
6098
9477
11158
8383
6919
10616
10590
4563
1374
3632
5439
2171
-184
1381
810
-3610
-5610
-2954
-1614
-3726
-5555
-4046
-3507
-5902
-5915
-3186
-969
-2683
-4939
-3115
-1220
-2027
-2758
-577
1442
916
-8
824
1741
3748
12249
17853
10563
-127
2337
17629
23215
14738
10880
15989
17194
9660
8301
18497
22241
11545
4336
10698
14632
5348
-3098
4060
11938
3576
-7987
-7979
-3222
-7307
-13880
-9782
-5085
-12609
-23345
-22644
-14956
-14881
-20969
-20930
-16030
-17762
-23719
-22468
-13734
-8966
-13061
-14863
-10275
-7637
-8726
-6787
509
3834
-138
-1365
3554
6759
5459
5840
9962
11587
8173
6568
9118
10231
8810
8327
10025
9521
5111
2735
4210
5275
3575
1646
1617
510
-2855
-4082
-2096
-1216
-2766
-4261
-4089
-4186
-5409
-4676
-2715
-2290
-3199
-4064
-3451
-2700
-2968
-2374
-913
-213
-158
-182
-64
-159
2466
11537
17277
9316
-1530
1833
16854
22567
14158
10332
15865
16884
9908
8536
18083
22365
12782
5536
11029
15082
6664
-1631
4512
12901
5626
-6795
-7697
-2765
-5428
-12119
-9934
-5230
-11499
-21902
-22504
-15566
-14338
-20175
-21529
-17025
-17391
-22993
-23328
-15745
-9973
-12962
-15443
-11292
-8478
-9621
-8312
-1239
3617
236
-2103
2134
5961
5463
5415
9498
12213
8916
6076
8471
10817
9985
8956
10199
10386
5964
2705
4375
6223
5032
2532
1822
1023
-2410
-4209
-1949
-245
-1917
-4345
-4676
-4136
-5255
-5471
-3112
-1994
-3052
-4464
-4604
-3296
-2910
-2674
-1059
-288
-885
-1172
-299
650
83
3614
13690
16906
6419
-3010
3901
19460
22311
13261
11025
16069
15646
9241
9676
19502
21885
11793
6229
11680
14035
5196
-981
6897
13335
4088
-7631
-7591
-2870
-5653
-11215
-8811
-5956
-13254
-22495
-21837
-14955
-14467
-20476
-21430
-17306
-18094
-23434
-23568
-16204
-10857
-12758
-14446
-12246
-10959
-11038
-7340
276
3199
-1256
-3381
1364
5981
6012
5930
9250
10822
7819
6360
9207
11234
9881
9078
10735
10193
5715
3201
5417
7626
5996
3057
1979
810
-1820
-2649
-310
953
-1741
-4593
-4430
-3828
-4493
-4284
-2306
-1690
-3840
-5041
-4049
-3208
-2840
-2208
-956
-421
-1898
-2539
-804
876
606
230
6008
14910
13363
1831
-2916
7940
21479
20623
11657
10494
14825
14114
9566
11952
20625
20405
10287
6258
11592
12816
4695
1064
9097
12378
1394
-9183
-7552
-2115
-4652
-10066
-8969
-7968
-14915
-22393
-20640
-13933
-14369
-20582
-21154
-17476
-18971
-23597
-21836
-14429
-11634
-13917
-13417
-11286
-11990
-11596
-5482
1796
2393
-1888
-2635
1268
4958
6518
7902
9781
9165
6350
6600
9971
11252
9806
9456
10518
8834
5011
4475
6790
7255
5440
3675
2296
123
-1859
-1179
859
621
-2180
-4676
-4709
-3789
-3992
-3589
-2066
-2312
-4452
-5422
-3618
-1808
-2559
-2910
-1629
-1482
-2206
-2151
-764
782
500
-318
-130
3186
10769
13652
5906
-1806
3115
16824
21398
12499
7241
12472
16324
12136
8902
15065
19912
12736
5494
9350
14212
8110
-393
3983
12227
6093
-6670
-8350
-1747
-1799
-9089
-10567
-6901
-10269
-18430
-19830
-13987
-11990
-17986
-20946
-16409
-14836
-19778
-21657
-15630
-10719
-12871
-13310
-9444
-9752
-12292
-7908
814
2838
-2294
-3571
1247
4394
4554
5790
8416
8704
5894
5400
8921
10562
8401
7541
9793
9845
5505
3526
6486
7765
5087
3152
3149
1774
-1000
-1224
970
910
-1911
-3903
-3715
-3084
-3538
-3713
-2301
-1834
-3733
-5049
-3884
-2291
-2682
-3266
-1658
-947
-2901
-3554
-1501
382
477
138
283
-75
2700
10583
13127
4566
-2458
4935
18626
19620
9332
6764
14269
16927
10623
8254
15830
19056
10456
5031
10859
14083
5639
-1016
5713
11817
3134
-7890
-6494
-465
-3070
-10033
-10003
-6983
-11281
-18387
-17882
-12615
-13071
-18801
-19835
-15351
-14887
-19834
-20399
-14183
-10679
-13765
-14977
-9482
-5791
-9505
-10536
-3008
2887
526
-2401
1223
5104
3418
3361
8738
11164
7302
4314
7463
11168
9242
7050
9168
10378
7005
3791
5504
8105
5592
2344
3272
3621
184
-2522
-630
1458
-1141
-4178
-3541
-2912
-4305
-4826
-3062
-1719
-3457
-5237
-4030
-2485
-2766
-3685
-3079
-1301
-1666
-3135
-1957
-254
-691
-912
811
1798
-399
1408
10949
14514
4793
-3242
4623
18739
19505
9273
7445
14809
16419
9843
8013
15956
19081
10634
5411
10740
13273
5379
-581
5963
11885
3624
-7002
-6580
-1219
-2833
-8987
-9503
-6750
-10336
-17130
-18107
-13825
-12593
-17315
-18761
-15294
-15244
-19434
-20343
-15141
-10689
-12506
-14922
-12029
-8092
-6852
-8644
-6645
-342
1378
-1096
-405
3370
4466
3415
5837
10683
8929
4961
6246
9708
10524
8698
8444
9661
8390
5450
5391
6771
7016
4429
2532
3366
1984
-1282
-1428
711
138
-2869
-4342
-3182
-3771
-5037
-3893
-2625
-3131
-4437
-4765
-3688
-2634
-2868
-2612
-2340
-2053
-2203
-2245
-791
127
-724
-610
1576
1836
6
208
8031
15065
10294
141
-37
11905
20054
14901
7647
11063
16194
13246
7232
9997
17668
15795
7488
6381
11261
9040
1233
734
8872
8882
-2408
-9055
-5022
-1368
-5881
-10611
-8731
-7233
-12982
-18446
-16599
-12547
-13834
-18126
-17302
-13837
-16248
-20719
-18523
-11946
-10199
-13491
-14153
-10359
-8559
-8192
-4875
-2219
-1971
-2136
1007
4404
3710
1937
4927
9275
9926
7620
6182
8201
9003
8906
9950
10425
8154
5718
5756
7373
6810
4360
4054
3667
1929
-370
-825
12
-524
-2450
-3149
-3454
-4663
-5099
-4390
-2850
-3374
-4739
-4589
-3342
-3027
-2961
-2556
-1574
-1293
-2395
-1462
-272
-56
-568
221
1399
1906
1319
1231
1529
3872
11780
14767
7110
-1861
3012
16775
20649
11260
6407
12747
16210
10699
5612
12011
17960
12254
4772
7230
10938
4983
-1796
2928
10890
4669
-7420
-9393
-3015
-2560
-8931
-10944
-7444
-8879
-16371
-18986
-14923
-12234
-15889
-18422
-15578
-14006
-18540
-20782
-15564
-10152
-10961
-13949
-12451
-9844
-9142
-6245
-580
-675
-4137
-2898
3630
6910
3571
2489
6952
10190
8572
6853
7454
9427
8837
8686
10769
9982
6027
4225
6898
8704
5827
2397
3214
3146
600
-829
-254
25
-1906
-3305
-2932
-3353
-5297
-5311
-3590
-2171
-3169
-5025
-4138
-2585
-2461
-2438
-951
-95
-932
-2124
-613
1321
543
316
1665
2565
1427
1068
2288
2833
2282
7095
14634
12355
1560
-2350
9074
20341
16593
6781
7801
14471
13042
5963
6767
15430
15542
6765
3628
8586
8045
283
-1135
7034
8782
-2238
-10358
-7144
-2321
-5737
-10598
-9429
-7689
-12730
-18639
-17379
-12756
-13020
-17097
-16972
-14208
-15548
-19748
-18324
-12097
-9206
-11595
-12906
-10867
-9236
-8680
-5960
-1038
886
-12
-176
1984
3566
3969
5879
9639
10750
7938
5929
7040
9266
9522
9548
10019
8675
5455
4314
6085
7295
5920
3842
3156
1804
-436
-1303
3
728
-877
-3128
-3831
-3871
-4581
-4498
-2962
-1734
-2745
-4333
-4090
-2437
-1499
-994
30
664
-121
-1073
-594
932
1869
1749
2020
2296
1715
796
1573
2951
2707
2466
7885
14099
9883
-1013
-2258
10803
20231
14147
4754
7193
13355
10642
4273
7387
15766
13417
3764
2190
8098
6550
-1449
-1278
7428
7131
-5120
-11825
-6681
-1823
-6077
-10793
-9080
-7739
-13489
-18511
-15721
-10807
-12161
-16613
-15642
-12772
-14992
-18950
-16106
-9822
-7931
-11440
-12410
-9619
-7817
-7548
-5845
-1810
428
974
878
2156
1112
1881
6583
11890
11097
5379
3529
6560
9907
9780
10082
9034
6940
4393
4949
7153
6902
5212
4150
4421
2432
-109
-1092
1253
2018
170
-1866
-2966
-3575
-4160
-2549
-918
-1288
-3603
-4187
-2973
-1810
-1387
-1039
289
555
-245
-1211
-286
869
899
1305
1878
1846
543
535
1143
1894
2004
1920
1621
4072
10420
10780
2939
-2891
4626
16043
16033
6496
3676
10089
12209
6680
4081
11247
13997
6150
506
5560
8846
1684
-3496
2626
8102
-74
-9875
-8634
-2022
-3351
-9797
-10211
-6918
-9716
-16568
-16414
-10843
-9992
-15534
-16694
-12312
-11978
-16711
-17751
-11858
-7920
-10350
-12551
-10180
-7965
-8030
-7130
-3646
-623
-1063
-1845
-440
3400
6839
5495
3523
6466
10171
8992
6709
8311
10984
9429
7678
9500
9363
6525
5414
7432
8652
6353
3471
3419
3933
2798
1207
754
1463
-192
-2662
-2149
-1024
-2554
-4159
-2900
-1668
-3149
-4624
-3053
-1566
-1904
-1680
-883
-582
-829
-811
-539
731
1234
97
-247
610
1452
387
320
1438
1250
-217
444
1456
3782
8968
9262
2770
-2815
3221
13535
13937
6268
4655
9166
10069
5640
3986
10430
12601
6305
2093
5845
7465
1028
-2921
3462
7916
-90
-8215
-7114
-2550
-4639
-9392
-8603
-6029
-9774
-15924
-15821
-11444
-10881
-15438
-15477
-11641
-12255
-16996
-17092
-11927
-8721
-10372
-11537
-8995
-8123
-8370
-7332
-3377
-181
-360
-1827
357
4473
6204
5886
5222
9099
11127
9380
7731
9524
11201
10611
9784
10715
10513
6395
5840
7826
9102
6819
4164
4023
4102
2146
757
1614
1331
-66
-2563
-2337
-1889
-3396
-4253
-3004
-1914
-3282
-5050
-4668
-2722
-2756
-2515
-1468
-1032
-1544
-2290
-1357
-169
83
-360
-516
102
374
-576
-725
793
565
-436
-440
652
405
1560
8096
10400
3364
-3147
2258
12315
13914
7056
4884
9172
9969
5888
4144
9908
12463
6642
2415
6274
7712
1234
-2921
2404
7356
1135
-6634
-7074
-4127
-5463
-8669
-8217
-6535
-9840
-15583
-15862
-12178
-11278
-14710
-15123
-11715
-11671
-15488
-16127
-11749
-8870
-9006
-9141
-7836
-6905
-7139
-5965
-2520
1083
1244
202
1130
4435
5517
6014
10233
11625
8189
6008
9655
12606
11241
9386
10654
10388
7663
6783
6814
7519
6642
5359
4774
4285
2096
116
491
2098
1330
-1947
-2431
-2291
-3446
-4184
-3034
-2453
-3671
-4866
-4603
-3999
-3942
-3369
-2844
-1861
-1272
-2071
-2726
-1352
-3
-413
-644
313
-75
-1357
-716
917
830
-194
64
251
-265
-788
-508
1546
7457
10376
4519
-2852
-515
9409
13490
9211
5731
7926
9012
5913
3679
7810
11759
7902
2949
4506
7007
1925
-3392
449
6854
3356
-5392
-7820
-4867
-4669
-8053
-8268
-5629
-6984
-12983
-15536
-12192
-9801
-12210
-13511
-10277
-9093
-12879
-15192
-11608
-7005
-6402
-7521
-6510
-5292
-5865
-5641
-2697
1190
2473
1353
1312
3314
4413
3826
5113
10634
13003
6622
2455
8405
13845
9664
5237
8450
10959
6112
3159
6483
7408
3638
1872
4494
5016
458
-2985
-427
2813
1183
-2652
-3080
-1418
-3112
-5086
-2797
-543
-2948
-5561
-3961
-1833
-3188
-4564
-2483
-326
-790
-2421
-2646
-956
238
-306
-596
800
757
-2084
-2541
728
1692
-1025
-1249
894
384
-1814
-1530
-399
184
5458
9910
5012
-3834
-2538
8090
13521
8805
4347
7036
9113
5790
2436
7418
12829
8409
1973
4556
8632
2825
-3868
642
8825
4941
-4731
-6814
-2891
-2865
-6922
-6933
-3494
-4899
-11834
-14205
-9994
-7463
-10998
-12744
-8593
-7161
-11784
-14322
-10319
-6202
-6291
-7325
-6143
-5146
-6423
-6430
-3386
398
1173
-425
-379
1311
2177
2555
5131
7292
7533
5920
5341
6282
6879
7307
7781
8414
7561
5445
3463
4557
5730
5260
4416
3920
3016
903
319
1531
2314
903
-162
-965
-1568
-2349
-2745
-1699
-997
-1669
-3252
-3590
-3129
-2601
-2533
-1597
-794
-1668
-2449
-2348
-1418
-820
-284
-74
-78
-822
-1657
-1401
-1087
-199
-237
-676
-855
-929
-1401
-1308
-331
-320
-985
-1078
4341
8454
4380
-2781
-2028
7483
12926
8443
3367
6552
9317
6841
3736
7649
12499
8654
3118
4851
8813
5021
-764
1043
7887
5900
-2698
-5523
-2111
-1022
-4997
-6325
-3710
-4260
-10153
-12617
-9503
-7122
-9812
-12493
-9908
-8055
-11109
-13975
-11400
-7487
-7136
-8805
-8098
-6566
-7061
-7136
-4891
-1563
-656
-1860
-1576
714
1630
1341
3151
6384
6829
4205
4447
7464
7957
6126
6317
8329
8256
6034
5029
5923
5876
4975
4577
4857
4201
1907
769
2018
2730
1035
-455
-258
-235
-1850
-2590
-1388
-1003
-2126
-3018
-2784
-2409
-2649
-2804
-1768
-889
-1486
-2489
-2221
-865
-555
-937
-387
214
-520
-1083
-580
17
-189
-837
-540
-121
-439
-874
-582
33
344
88
-338
-747
-63
4311
8081
5142
-1197
-1099
6700
11698
8241
4237
6440
9122
7010
4167
6764
10518
8153
3897
5017
7644
4165
-1239
361
5942
4495
-2607
-5304
-2932
-2712
-5980
-6941
-4880
-5534
-9965
-12251
-10226
-8675
-10812
-12468
-10197
-8576
-11228
-13678
-11632
-8318
-7908
-8523
-7404
-6259
-6578
-6522
-4435
-1642
-495
-802
-18
1770
2109
1398
3343
7452
7755
4409
3936
7314
8767
6889
6003
7402
7622
5891
5162
5847
5834
4313
3434
4304
4399
2095
340
1418
2724
1591
-198
-179
55
-886
-1381
-580
-138
-964
-1821
-1593
-985
-1177
-1620
-1200
-192
-218
-1262
-1357
-391
-144
-547
-192
287
-321
-1122
-675
154
31
-577
-919
-1011
-1063
-1212
-1262
-819
-307
-385
-668
-476
-472
-1125
-110
3956
6836
3953
-1245
-424
7078
11256
6762
2077
5109
9993
7986
3327
4825
9059
7494
3018
3576
6461
3704
-1851
-953
4265
3287
-3934
-7002
-3463
-2151
-6447
-8834
-6227
-5675
-10016
-12456
-9741
-8042
-10831
-12469
-9556
-7583
-10324
-12697
-10077
-6298
-6336
-7822
-6595
-4393
-4494
-5077
-2971
197
971
-34
267
1852
2634
3262
5296
6632
5020
3481
5407
7894
7139
5435
5975
6978
6225
5260
5496
5612
4854
4400
4671
4559
3428
2213
2295
3242
3049
1562
895
1430
1271
304
286
870
415
-470
-426
-91
-420
-884
-821
-462
-375
-950
-1691
-1504
-718
-789
-1454
-1423
-1231
-1790
-2054
-1415
-1227
-1831
-1930
-1476
-1592
-2130
-2197
-1854
-1546
-1400
-1476
-1448
-956
-457
-550
-870
-679
701
3115
4368
2682
471
1773
5427
6816
5631
5344
6175
5726
4606
5232
6797
6488
4654
4008
4650
3854
1267
52
1426
2075
-229
-2821
-3324
-3475
-4854
-5718
-5139
-5345
-7392
-8981
-8675
-8132
-8763
-9434
-8873
-8112
-8561
-9391
-8926
-7545
-6818
-6568
-5618
-4584
-4609
-4453
-2620
-731
-549
-582
664
1886
2338
3416
4572
3854
2941
4681
7211
6919
4855
4419
5564
6141
5906
5722
5486
4828
4175
4236
4739
4459
3252
2720
3379
3461
2230
1498
1995
2088
1356
1080
1184
682
107
293
559
149
-490
-792
-697
-458
-706
-1443
-1622
-1234
-1532
-2287
-2155
-1703
-2192
-2724
-2256
-2010
-2739
-3114
-2527
-1989
-2040
-2304
-2457
-2236
-1784
-1714
-1940
-1610
-916
-687
-573
-71
157
-219
-182
1151
3326
4428
3109
1082
1881
5340
7001
5379
4290
5615
6239
4803
4272
5813
6329
4488
3192
3907
3881
1483
-302
920
2209
117
-3030
-3464
-2609
-3637
-5308
-5085
-4556
-6120
-8065
-7879
-6879
-7366
-8431
-8013
-6856
-7091
-8274
-8063
-6452
-5608
-5684
-4851
-3401
-3394
-4092
-3045
-740
339
264
925
2064
1998
1247
2115
4557
5768
4586
3393
3864
4548
4396
4736
5782
5546
3875
3145
4012
4507
3877
3485
3836
3726
2653
1809
2138
2801
2557
1809
1593
1477
689
136
717
1259
528
-475
-562
-424
-873
-1297
-1068
-813
-1262
-2049
-2337
-2077
-2002
-2279
-2202
-1800
-2023
-2736
-2706
-1935
-1603
-1718
-1375
-886
-1152
-1599
-1167
-142
463
442
256
260
367
484
920
1725
2090
1537
1059
1470
2011
1902
1818
2403
2992
2757
2030
1700
2038
2634
3042
3116
2688
1741
1036
1497
2456
2347
1241
591
632
416
-111
-360
-460
-814
-1196
-1430
-1871
-2635
-3165
-3041
-2695
-2893
-3693
-4301
-4330
-4228
-4250
-4178
-4129
-4307
-4297
-3971
-3920
-4114
-3786
-2952
-2460
-2559
-2673
-2398
-1821
-1239
-817
-502
-305
-309
-189
437
1106
1188
1056
1341
1704
1694
1710
2077
2386
2353
2266
2334
2438
2475
2479
2558
2707
2693
2456
2329
2445
2469
2353
2390
2445
2156
1801
1823
1986
1893
1635
1426
1269
1155
1079
942
725
528
351
223
171
34
-287
-525
-479
-431
-576
-747
-832
-903
-910
-819
-741
-732
-729
-743
-753
-612
-361
-219
-252
-277
-221
-130
26
202
269
208
129
102
163
264
300
247
189
99
-48
-86
14
35
-95
-177
-176
-228
-334
-399
-400
-343
-254
-238
-384
-552
-591
-467
-294
-214
-297
-443
-539
-523
-429
-361
-348
-429
-517
-567
-662
-763
-738
-672
-727
-873
-1009
-1068
-1130
-1160
-1107
-1099
-1202
-1288
-1265
-1239
-1282
-1329
-1232
-1080
-1050
-1105
-1082
-985
-924
-818
-606
-419
-419
-431
-247
15
155
238
432
649
720
749
920
1145
1245
1269
1382
1523
1516
1434
1503
1665
1671
1560
1555
1606
1529
1373
1312
1389
1404
1291
1193
1095
929
808
863
960
881
612
396
388
430
374
281
214
138
37
-42
-75
-120
-175
-190
-167
-201
-314
-385
-341
-269
-259
-285
-297
-304
-304
-288
-241
-209
-213
-215
-206
-208
-228
-222
-194
-196
-236
-275
-282
-283
-318
-349
-376
-409
-425
-439
-462
-487
-506
-513
-504
-504
-502
-495
-496
-476
-426
-394
-402
-411
-385
-301
-241
-250
-271
-246
-215
-184
-143
-106
-95
-118
-129
-100
-68
-53
-31
-17
-22
-54
-78
-40
27
55
32
4
14
49
80
109
132
142
151
161
186
213
233
262
294
301
276
257
270
312
328
302
254
221
219
229
228
198
160
127
110
101
83
56
38
26
15
5
-5
-19
-25
-21
-19
-20
-29
-29
-18
1
7
6
6
23
44
63
74
71
68
85
110
125
125
123
126
124
118
116
118
106
92
86
77
56
21
10
13
3
-22
-47
-65
-76
-85
-92
-105
-122
-136
-138
-138
-141
-149
-169
-176
-166
-168
-167
-160
-163
-176
-181
-172
-160
-144
-134
-130
-140
-142
-126
-108
-97
-80
-69
-70
-67
-61
-48
-25
-1
5
-5
-8
3
25
43
55
59
53
47
58
74
86
82
83
89
76
73
79
97
99
84
69
69
79
68
58
57
63
52
25
18
23
18
1
1
-5
-14
-26
-31
-26
-29
-31
-43
-40
-35
-40
-40
-38
-36
-34
-31
-26
-21
-23
-18
-6
4
0
-1
14
24
25
28
32
38
38
45
49
52
55
49
44
49
49
38
36
45
38
25
15
13
18
21
11
-3
-12
-20
-22
-17
-20
-27
-39
-43
-36
-34
-42
-50
-45
-41
-41
-48
-51
-43
-34
-33
-37
-45
-47
-41
-26
-26
-39
-37
-29
-21
-22
-25
-28
-27
-16
-7
-3
-2
-4
-2
10
17
20
23
27
31
35
46
50
44
42
46
54
59
52
49
46
38
35
35
33
34
24
8
5
10
2
-10
-17
-23
-31
-33
-27
-34
-42
-42
-40
-44
-44
-50
-53
-46
-44
-42
-35
-30
-38
-39
-29
-17
-10
-11
-14
-18
-11
-1
5
4
2
5
10
18
16
11
10
22
28
26
15
18
26
29
28
22
19
17
23
27
24
24
20
17
18
20
14
10
9
8
7
3
-1
-5
-4
0
0
-7
-13
-13
-6
-10
-25
-29
-18
-13
-17
-19
-25
-35
-38
-30
-28
-30
-31
-24
-17
-28
-34
-25
-14
-7
-7
-13
-17
-10
1
9
10
4
7
23
31
26
11
19
37
37
31
25
31
34
36
37
36
29
20
18
22
16
8
9
10
5
-7
-12
-19
-19
-17
-18
-24
-25
-28
-30
-27
-26
-31
-39
-42
-38
-33
-32
-35
-35
-21
-11
-14
-21
-21
-15
-9
-4
-2
-8
-13
-10
3
11
9
8
8
17
15
19
27
26
21
17
17
25
30
16
11
23
30
23
12
10
18
19
22
18
10
8
14
22
17
12
3
5
12
10
-5
-15
-6
-2
-6
-16
-23
-20
-18
-22
-24
-25
-29
-29
-33
-26
-23
-26
-28
-28
-25
-22
-26
-26
-16
-22
-24
-17
-10
-8
-1
2
-4
-5
2
10
15
17
13
14
24
31
32
35
37
37
27
22
30
34
27
19
14
16
19
14
2
-5
-9
-7
-2
-3
-9
-22
-18
-9
-10
-8
-16
-22
-18
-8
-8
-18
-23
-22
-8
-4
-14
-20
-15
-9
0
-7
-16
-16
-8
5
7
-5
-12
-11
1
10
9
4
-2
-3
4
7
3
2
4
8
12
6
6
12
15
16
18
18
7
7
18
24
23
16
5
9
17
14
7
1
-2
-2
-2
-10
-15
-15
-10
-11
-17
-22
-28
-28
-24
-22
-31
-30
-22
-19
-22
-24
-16
-13
-13
-9
-6
-8
-9
-1
9
5
4
10
11
12
20
18
20
22
26
28
23
20
22
28
26
24
20
23
25
22
15
11
11
12
7
5
2
-3
4
6
-1
-9
-10
-10
-15
-18
-20
-26
-22
-19
-21
-18
-17
-16
-20
-21
-23
-24
-20
-13
-11
-17
-22
-19
-15
-9
-11
-15
-25
-25
-11
-4
-3
-4
-7
-7
2
3
3
5
12
16
18
20
18
12
15
25
27
20
17
17
20
22
22
18
16
16
13
17
14
5
0
3
5
1
-5
-5
-6
-7
-7
-8
-11
-12
-7
-10
-12
-17
-21
-10
-3
-11
-20
-20
-11
-1
4
-2
-12
-11
1
8
8
1
-3
4
10
14
8
4
8
14
17
15
14
11
11
12
12
7
3
3
4
1
1
-6
-8
-2
0
1
-5
-10
-12
-9
-9
-5
-5
-12
-12
-9
-5
-5
-10
-17
-15
-9
-3
-7
-11
-9
-14
-9
-5
-11
-17
-15
-9
-4
-3
-12
-14
-13
-10
-5
-5
-5
-9
-12
-7
2
5
2
-1
4
9
14
12
10
12
10
13
14
7
6
13
18
17
15
12
11
17
17
9
11
10
10
14
10
10
5
2
0
-3
-4
-4
-1
-4
-12
-12
-6
-3
-3
-4
-9
-9
-1
-5
-7
-6
-8
-6
-2
-5
-4
-6
-3
3
-1
-4
-3
-2
-1
2
0
0
-5
-3
2
2
7
-2
-3
-3
-4
-7
-6
-2
-6
-8
-7
-6
-8
-11
-9
-7
-5
-8
-7
-6
-5
0
-1
-2
-3
-4
-4
-2
-2
-1
-3
-1
2
5
10
4
4
2
2
8
7
5
0
-2
3
5
1
-3
0
-2
-1
0
-1
-2
-2
0
-1
2
3
-3
1
3
0
0
-1
2
2
1
3
0
4
6
6
6
10
8
3
7
6
7
5
2
3
4
0
0
-3
-2
-2
-7
-7
-6
-9
-10
-7
-8
-7
-7
-5
-4
-6
-6
-5
-6
-2
-6
-6
-5
-5
-3
-2
1
0
0
3
5
2
3
3
5
5
5
5
6
6
6
7
6
8
4
3
3
2
3
-1
-4
-2
-3
-4
-2
-3
-5
-5
-7
-6
-7
-12
-7
-5
-6
-6
-8
-4
-5
-6
-4
-6
-8
0
-5
-3
1
-1
-2
1
0
-1
-1
-2
2
3
6
5
5
5
5
5
3
5
8
9
6
2
4
5
9
11
6
6
5
7
6
4
5
3
4
4
9
7
2
5
4
2
2
-2
-5
3
1
-4
-7
-13
-9
-11
-9
-10
-9
-12
-14
-10
-11
-13
-13
-9
-11
-9
-8
-7
-5
-6
-2
-1
0
-4
-5
2
3
2
3
2
4
9
9
14
14
15
14
10
8
11
9
12
15
14
10
8
7
4
5
3
1
-2
-2
-1
-4
-7
-7
-8
-12
-11
-7
-13
-11
-7
-8
-8
-9
-7
-9
-11
-8
-4
-6
-8
-4
-6
-4
0
-1
1
1
1
5
1
0
6
5
0
2
5
6
8
