SAMPLES:	10758
BITSPERSAMPLE:	16
CHANNELS:	1
SAMPLERATE:	16000
NORMALIZED:	FALSE
0
-3
0
1
-2
-5
-1
2
2
0
-3
-1
0
-1
4
1
1
1
-1
0
-1
-1
2
4
4
1
0
0
3
6
4
7
3
2
2
4
4
3
1
-4
-2
0
-1
-3
-7
-6
-4
-2
0
-3
-3
-4
0
4
-2
-3
-2
-4
1
1
3
2
4
4
4
3
3
1
0
-2
-2
-1
1
3
-3
0
-2
0
3
-3
0
0
-3
-3
-4
-4
-2
-5
-2
-6
-1
-2
-2
1
0
5
-1
0
1
2
0
0
3
2
4
4
-1
-3
2
0
-1
-2
1
2
-3
0
3
2
2
3
1
0
2
1
2
-1
1
2
-1
-1
-2
-2
2
2
1
-3
-2
-1
0
3
3
-1
-2
-1
1
-1
-3
0
-2
-1
-1
-2
3
4
3
3
0
0
-1
0
-2
1
0
0
0
-4
-3
-4
0
0
0
1
5
4
4
5
1
1
1
3
1
-2
-1
-1
1
3
0
-1
-3
-1
-4
-4
-3
-1
-2
-4
2
-1
-1
0
1
1
-2
0
0
-2
0
1
1
-1
2
2
2
-1
-1
-1
-2
3
-2
-4
-2
-1
-2
-1
0
0
1
-2
0
0
2
4
3
3
5
2
1
3
-1
0
0
1
-1
-1
0
-3
-4
-5
-1
-2
-2
-5
-1
1
-1
1
-1
1
-1
1
0
-1
2
2
0
0
2
0
-1
0
0
0
0
1
-1
0
0
3
2
1
5
2
1
-1
0
0
1
2
3
3
1
0
3
1
1
2
4
-1
-3
0
0
1
-2
-1
-1
0
3
-1
1
3
3
0
-2
0
-3
-2
-3
-3
-2
-3
-1
1
0
2
4
-3
-2
-3
-3
-3
-4
-4
-5
-6
-2
-1
-1
-1
-2
1
1
-2
-4
-2
0
-1
3
-1
-2
0
0
1
0
0
2
1
0
3
0
3
0
3
3
1
1
-3
1
4
1
1
2
6
2
2
4
0
2
-4
-1
1
0
-1
0
4
1
-6
-2
2
5
2
1
3
0
3
3
2
2
0
1
-2
-4
-2
1
-1
-1
-2
-2
-1
-2
2
2
-1
-2
0
-2
2
2
-1
1
2
0
-5
-1
0
-2
-1
-2
-2
-2
0
-4
-3
0
-2
-3
1
0
0
-1
-1
2
-1
-1
-2
-1
-2
-3
0
0
0
-3
-1
1
1
-1
-1
-3
2
5
3
4
5
5
3
2
2
1
2
0
2
1
-2
0
-2
1
1
2
2
2
-1
0
3
3
5
4
0
-1
3
2
2
0
2
1
-2
-4
-3
-2
0
-3
-2
0
1
0
-2
-2
-1
-2
-1
1
-2
-1
0
1
0
-1
0
3
0
1
2
0
2
-3
-2
-2
-1
0
-2
-2
-2
0
0
-3
-4
-3
-3
-4
-2
0
0
3
1
0
2
0
1
2
-1
-1
0
-2
-2
1
3
0
-2
-2
-3
0
0
0
4
3
4
4
3
5
6
7
7
3
4
4
3
1
0
-6
-4
-4
-4
-5
-2
-3
-4
0
-2
-1
3
4
1
1
1
1
3
3
0
-2
-2
1
2
-1
0
2
4
1
-1
-3
-4
5
3
4
5
0
0
-2
2
-1
0
-1
-1
0
-4
-4
-6
-4
-3
-4
-3
-3
-3
0
1
0
-1
1
-4
-1
-2
-2
-1
0
-2
-4
-2
-2
1
2
-1
2
2
-1
-1
3
2
4
5
2
5
2
3
4
1
2
2
1
4
6
3
0
0
1
5
5
3
6
5
0
-2
4
2
3
-3
-2
-1
-4
-5
-8
-7
-7
-5
-6
-8
-7
-5
-2
0
-1
2
2
1
2
1
2
-2
-1
1
-1
-2
1
2
-1
2
3
1
3
4
1
-2
-3
-4
-5
-4
-3
-2
0
-1
-2
0
0
2
2
2
1
1
-1
0
2
-2
3
3
3
1
-1
2
0
0
1
0
-1
5
2
0
2
3
2
3
4
5
5
4
2
2
-1
0
2
0
1
-2
-2
-2
0
-4
-1
-1
-2
-1
-2
-1
-1
0
0
-3
-5
-4
-3
-2
-3
-5
-2
-3
-3
-2
-1
-4
-5
-5
-3
1
1
4
3
-2
-1
1
3
4
3
3
3
4
0
2
5
-1
0
-1
1
-1
-1
-1
-3
0
1
0
2
2
0
-3
-2
0
1
1
-3
0
0
-3
-1
-2
-2
2
1
1
5
4
2
4
1
2
2
1
3
3
4
4
2
2
4
3
2
0
0
-1
-1
-2
0
1
1
0
-2
-2
0
0
1
2
-5
-5
-5
-6
-5
-2
-2
-2
-5
-5
-1
-1
-2
-5
-4
1
-2
-3
2
0
-1
-1
-2
-1
1
-1
-2
-3
1
2
0
0
4
4
2
3
3
3
1
1
2
4
0
0
-1
1
-2
0
0
-1
-2
-2
4
2
0
3
2
-1
-2
0
0
0
-2
-2
-2
-2
2
3
2
2
0
1
2
-1
-2
-2
1
3
4
2
0
3
4
-2
-1
0
2
4
3
2
1
0
-3
1
-2
-6
0
1
4
-1
0
0
1
0
-2
-3
-2
1
-2
-1
-4
-4
0
2
-1
-2
-1
-4
-4
1
-2
-1
0
1
2
1
3
4
1
2
2
-2
-4
-4
-4
-3
-1
-1
-3
-1
0
-1
-2
0
-1
2
2
2
1
-1
0
1
1
1
4
3
2
1
-1
2
0
-1
3
3
3
4
0
-1
-1
0
-2
-1
-1
0
-1
0
1
4
3
3
0
1
-3
-1
-1
1
0
0
2
0
2
-2
0
0
2
0
-1
2
-1
-1
-1
-1
-2
-2
1
-2
-2
-3
-2
-1
2
-1
-4
0
2
-1
-1
2
0
0
-1
4
5
5
2
-2
0
2
1
0
1
-1
-2
-2
-2
-1
3
0
0
-1
-1
0
3
0
-4
-2
-3
-4
-2
-1
-2
-2
0
0
-2
-2
-2
-2
-2
0
3
-1
-1
-2
-1
-2
3
2
1
5
3
1
-3
-1
2
4
1
3
-1
0
2
-1
1
0
-1
1
0
-1
0
-1
3
0
0
3
2
1
2
2
3
2
1
2
0
1
1
1
-1
1
1
0
1
-1
-1
-1
2
4
3
0
2
0
0
0
-1
-2
-3
-1
-2
-6
-6
-3
-4
-2
-3
0
-3
-2
-3
-3
1
-4
-4
-1
-3
-1
1
2
1
1
2
5
3
3
2
-1
-3
1
-1
-1
4
3
-1
-2
1
-2
0
-2
-1
0
-2
2
2
0
-1
-3
-2
2
1
-2
4
1
2
1
-2
-2
-4
-6
-3
-1
0
2
0
-1
0
0
3
5
5
2
0
3
1
6
4
3
2
3
4
3
4
4
4
4
5
2
2
1
1
2
0
-1
-1
-2
0
-2
-4
-3
-5
-7
-6
-5
-5
-7
-9
-6
-4
-3
-2
-3
-3
2
1
-1
2
1
3
2
3
5
2
-3
-3
1
1
0
-2
2
1
1
3
1
2
-4
-2
-1
1
3
4
3
-3
4
4
4
4
2
-1
2
0
1
-2
1
1
0
2
2
3
1
2
0
0
1
-1
-3
-2
-1
2
2
-1
-4
-4
0
-5
-3
1
-2
-3
0
0
-2
-2
2
3
-1
1
3
-2
-2
-1
-1
-1
-1
-2
1
0
-1
0
2
4
4
3
1
2
2
-1
-1
0
3
2
2
4
4
4
3
2
3
3
2
-1
-5
-2
0
-2
-6
-5
-2
1
1
0
1
-3
-4
-2
-4
-5
-4
-1
-7
-5
-4
-6
-2
-5
-2
1
2
4
1
4
2
0
1
0
-1
2
2
0
3
3
0
0
4
-1
1
0
-1
-1
1
1
2
4
3
1
-1
1
4
0
-1
2
2
1
2
6
-2
0
-2
-4
-5
-2
0
-2
2
3
5
-1
0
2
0
-2
1
1
1
4
3
0
-1
0
-3
-1
-4
-2
-3
-3
-4
-7
-4
-2
-5
0
-3
-2
2
0
-1
0
3
3
0
0
1
2
-1
-1
2
2
4
4
7
2
2
3
-2
-2
-2
-1
1
-3
-1
2
2
3
2
1
0
1
3
7
3
2
1
2
0
0
4
1
0
0
0
-1
1
0
-2
0
0
-3
-2
0
1
-1
-4
-5
-1
0
-4
-2
-4
-3
-2
-2
0
0
-6
0
-1
-3
-1
1
0
-1
0
0
3
0
3
4
0
1
0
-1
0
2
0
-8
-5
-1
0
0
1
4
0
-1
0
0
3
4
5
1
-1
2
-2
-2
0
0
-1
1
1
6
4
2
3
2
3
1
3
1
1
1
-2
-3
-1
0
0
3
3
1
2
0
2
1
0
2
1
3
2
3
2
0
-2
-6
-6
-5
-4
-4
-3
-3
-2
-2
1
1
0
2
-2
-1
1
-1
-2
-1
-1
3
1
0
0
-3
0
-1
-1
0
1
0
0
-2
-3
1
4
3
1
3
2
0
-3
-5
1
4
2
0
0
1
6
3
3
2
-3
0
-1
0
2
2
1
1
0
1
-2
-2
2
1
-2
-2
-6
-2
-1
1
0
-2
2
1
0
1
-2
0
1
0
1
0
2
4
2
-1
-3
1
2
-1
-2
-2
-3
-5
0
-1
-5
-5
-4
-2
-5
-1
0
-1
0
-1
2
4
5
3
-1
-2
1
0
-1
-2
1
8
4
2
4
4
2
2
0
-2
-3
-3
-1
2
4
2
2
3
5
6
3
4
4
0
1
-1
4
2
2
1
-1
-3
-1
-1
-5
-3
-4
-2
-3
-4
0
0
-3
-4
-7
-5
0
0
-1
-4
-3
-4
-2
-4
-1
-2
-5
-2
0
-3
-2
0
-2
1
-1
1
-3
-1
-1
-2
1
3
4
3
4
4
3
2
4
3
4
5
0
0
3
1
0
3
4
0
0
1
-3
-3
1
5
-3
-3
-1
-4
-6
-4
-4
0
-1
-2
0
-2
0
4
5
4
1
0
-1
3
1
0
2
1
1
2
1
1
0
-1
0
0
-1
1
0
2
1
3
1
4
4
3
4
3
2
-2
3
1
-1
-3
-2
-2
-3
-3
-3
-3
-7
-1
-2
-2
2
-2
-1
1
-1
-1
-2
-3
1
-4
-2
0
-2
-3
-1
-2
-4
-1
0
1
2
3
2
2
3
-1
3
1
1
1
-1
0
-1
0
-2
3
3
-1
2
0
-4
0
0
-1
-2
-3
0
-3
-1
0
1
1
1
3
3
1
-1
0
-3
-2
-3
0
0
-3
-1
-2
0
2
-2
0
-2
-1
3
0
1
1
3
3
-1
0
1
1
0
1
2
1
0
1
0
2
1
-2
0
0
0
0
2
-2
-1
0
3
2
1
0
-1
0
-4
1
0
3
3
1
-1
0
5
5
4
6
6
2
3
1
3
3
4
2
0
0
0
-2
-1
0
0
-1
-1
-3
1
4
-2
0
0
3
3
0
3
2
-1
-2
0
4
3
0
2
0
-1
-1
1
2
-1
-1
-1
-3
-5
-4
-1
-7
-8
-9
-6
-7
-7
-8
-9
-11
-7
-8
-7
-5
-8
-9
-6
-4
-5
-1
-2
-2
-2
-5
-6
-1
0
0
1
-2
-2
1
1
-1
0
0
1
1
-1
-2
-2
0
0
1
2
2
2
4
4
5
5
7
7
7
9
6
4
4
4
8
8
10
7
9
9
11
9
10
8
10
11
5
7
6
9
7
3
2
2
5
-1
-1
2
2
1
-2
-1
0
-1
-2
-2
0
-4
-5
-2
0
-1
-1
0
-1
1
4
2
1
1
0
-2
0
2
-2
-3
-1
3
3
4
3
1
0
0
-1
-1
0
5
4
3
2
4
5
0
-4
-5
-11
-17
-23
-31
-44
-55
-63
-77
-87
-108
-127
-138
-153
-163
-170
-191
-211
-214
-214
-213
-213
-232
-237
-228
-223
-210
-201
-203
-192
-170
-157
-130
-110
-88
-65
-34
-4
29
71
109
147
180
221
259
312
366
399
426
455
477
531
568
583
604
604
617
648
653
643
636
613
602
599
567
525
486
437
402
367
309
254
195
142
86
28
-29
-87
-143
-201
-255
-304
-355
-410
-461
-509
-559
-597
-632
-665
-691
-718
-741
-752
-756
-748
-736
-720
-700
-672
-633
-582
-524
-458
-388
-308
-219
-124
-17
94
206
318
435
544
653
761
861
948
1026
1085
1126
1160
1171
1160
1131
1080
1010
925
819
702
572
426
270
113
-48
-218
-384
-547
-701
-855
-1001
-1137
-1264
-1373
-1479
-1569
-1634
-1692
-1734
-1760
-1779
-1776
-1756
-1718
-1666
-1601
-1524
-1430
-1323
-1202
-1068
-922
-769
-600
-427
-248
-58
131
327
522
708
891
1066
1233
1396
1538
1672
1786
1884
1973
2037
2089
2125
2141
2137
2123
2084
2038
1975
1899
1808
1705
1592
1471
1337
1193
1047
892
741
578
417
255
92
-68
-227
-379
-529
-675
-811
-942
-1067
-1182
-1287
-1386
-1476
-1554
-1624
-1676
-1715
-1746
-1765
-1771
-1765
-1744
-1713
-1675
-1616
-1554
-1476
-1384
-1280
-1163
-1035
-894
-740
-574
-401
-219
-28
170
370
570
765
954
1135
1304
1451
1583
1693
1780
1842
1871
1873
1849
1799
1721
1616
1489
1337
1167
982
786
580
370
156
-51
-256
-457
-637
-803
-954
-1091
-1219
-1323
-1401
-1467
-1520
-1565
-1595
-1605
-1616
-1617
-1604
-1584
-1554
-1520
-1472
-1415
-1347
-1262
-1150
-1024
-891
-746
-568
-371
-160
54
259
480
712
947
1152
1336
1512
1679
1823
1937
2026
2092
2136
2146
2137
2104
2048
1966
1872
1766
1641
1499
1350
1200
1036
874
711
552
396
230
74
-66
-208
-362
-508
-637
-754
-872
-997
-1106
-1192
-1266
-1341
-1409
-1470
-1509
-1525
-1517
-1507
-1503
-1486
-1437
-1369
-1293
-1210
-1118
-1019
-936
-845
-703
-564
-468
-383
-272
-142
-32
47
115
206
301
361
381
431
477
501
497
527
594
616
620
587
655
733
771
779
755
814
882
914
942
973
1031
1095
1096
1089
1087
1106
1082
1044
990
929
792
659
533
407
308
130
-73
-177
-360
-500
-604
-694
-919
-983
-990
-850
-941
-1270
-1627
-973
2487
1636
-2583
-4213
-2148
29
-263
-2683
-4113
-3021
-790
-195
-1739
-2849
-2133
-438
353
-646
-1757
-1405
-449
723
825
47
-505
130
1248
1970
1248
878
1202
1681
2323
2277
1593
1465
1959
2624
2730
1802
1448
1768
2204
1951
1217
892
1709
1143
535
760
598
287
253
-38
-13
-481
36
2133
1637
-1660
-2239
-860
-698
-701
-2607
-3255
-2947
-1295
-667
-1897
-3241
-3055
-1429
125
-1076
-2820
-2545
-1082
452
92
-1521
-1970
-855
531
916
-685
-719
370
1033
794
447
-67
336
742
1404
1105
-259
251
1263
1079
226
175
604
1556
1586
1425
833
365
1345
1987
1453
1076
1309
1993
2115
1095
905
1336
1572
1736
1704
1085
897
917
955
719
90
-131
181
-9
-632
-1170
-1302
-1132
-1786
-1816
-1575
-1887
-2229
-2538
-2467
-2330
-2026
-2155
-2301
-2374
-1845
-1315
-1947
-2521
-1316
-613
-1895
-1682
61
-646
-1254
-615
-789
360
192
-570
131
634
-101
841
1575
226
675
1373
2005
1754
1182
1422
1681
2481
1540
1515
1349
1806
1891
1760
1372
1300
1235
1589
622
1275
608
258
617
1625
272
-1315
-292
1046
657
-2546
-1276
-108
233
-1141
-1418
-1732
-1131
260
-448
-2589
-74
-537
-1100
-482
-996
242
-740
-1652
-1473
1387
-953
-14
-1672
-69
532
-980
-143
-389
139
-758
1196
361
-1645
928
-436
-849
131
685
928
-1520
-1743
991
419
-1343
-676
1057
2531
1772
1043
-511
124
1209
2968
3309
1848
1833
2028
1633
1673
2343
2262
2880
2940
2430
1908
1796
1048
523
592
1212
1433
96
-1203
-1781
-2087
-2107
-1708
-2297
-2754
-3248
-3825
-3735
-3713
-3625
-4306
-3501
-3114
-2858
-2904
-5249
-2781
-1533
-2391
-1081
-1043
-2788
-1583
583
-1108
-340
290
-229
417
33
1048
2262
422
-1194
1299
3080
3475
2458
591
965
2890
4757
2985
1682
2921
3111
3432
2983
2401
1044
1753
2858
1634
2373
2009
633
-2319
-120
2371
2257
372
-1525
-2485
-1460
827
1121
-1242
-3966
-1266
744
-1767
-3773
-66
597
-4484
-1676
-225
-1404
-121
-1484
-2942
-655
1790
-1691
-1467
-1898
2142
-340
-3237
813
486
-75
-1441
-640
-674
97
-229
2
-5
-1201
-1299
391
431
322
-1951
-2402
-1164
-481
-193
-1560
1459
4885
7069
-67
-5217
-1373
7023
8926
3227
2290
3472
4689
2286
1955
4000
6377
6012
3963
2776
2911
2037
1395
854
1761
2504
1593
-1047
-3940
-4478
-4012
-3356
-3365
-3829
-5217
-6748
-7241
-7247
-7363
-6203
-4721
-4736
-6119
-5982
-4995
-4885
-5108
-3962
-1644
-1097
-2422
-2949
-1707
-666
761
1390
1251
1559
1657
1559
1935
2276
3473
3589
3414
3555
3972
4703
3539
2983
4898
7283
8104
5993
2009
1697
3790
4998
5183
4534
2750
-250
-997
803
1609
416
-625
-274
-1306
-1704
-1513
-2797
-2701
-2387
-810
-3061
-3795
-2895
-1470
-5149
-6153
1293
-1188
-3887
-4318
-1032
-13
-377
-2712
-3427
1255
-830
1510
90
-1869
-2267
295
2520
45
-1297
-1115
-255
950
-342
-452
2549
-932
-3710
-1853
3359
2131
-2511
-3264
-3478
-1732
916
653
3583
10631
8875
-5145
-11526
3779
18648
13715
114
-655
8355
9572
2355
1872
8239
10275
6836
4295
3598
4326
1931
-440
264
3288
5632
789
-6145
-9378
-6302
-3791
-3456
-5425
-7758
-9749
-11151
-10808
-11320
-10562
-7785
-7358
-9904
-11886
-9062
-6264
-8610
-9435
-4933
-165
-1400
-4337
-4599
-1797
488
2100
4065
4117
3817
3211
2899
3923
5844
7885
8112
7104
7354
8050
7561
7423
8932
11709
11321
7292
3950
3890
5702
6389
5671
4174
1534
-618
-717
-1105
-1252
-1284
-1949
-3071
-4617
-4877
-4152
-5940
-6578
-4934
-4220
-5289
-6855
-6443
-4820
-4786
-4137
-2490
-2483
-1781
-1351
-405
-540
-29
2565
1899
140
1632
2983
1832
1571
2088
2756
1374
-518
-783
1239
2502
-1388
-2442
-1254
-817
-1553
-2668
-3440
-4177
-3128
-2660
-4127
5781
15919
9329
-8373
-16753
5080
24123
17960
1034
1095
11221
8488
660
5383
17782
16165
4204
-130
5612
11232
3986
-2495
-900
4732
7312
-1496
-8772
-10235
-7603
-7515
-7426
-6032
-7806
-13330
-18279
-16622
-14226
-10618
-7352
-10585
-15279
-17063
-10987
-7239
-10191
-9754
-4798
-1409
-4818
-6303
-3398
542
1008
1374
4975
6569
6670
3831
2806
6131
9851
12197
10912
9854
10186
9791
11887
16855
14530
7966
4778
8235
11189
8371
6395
4856
746
-201
2188
2304
148
-3152
-4167
-4317
-3940
-2253
-3621
-7582
-8410
-7109
-6085
-6549
-6867
-6514
-7608
-8231
-5099
-3023
-3532
-3674
-2417
-863
-999
52
1961
1544
610
1780
3128
2467
616
1833
3805
1840
1336
-75
-1627
-1103
911
2143
-468
-2927
-3553
-2782
-4770
-2831
-2905
4665
17512
13077
-4887
-19868
114
23570
20508
4138
4341
14316
6658
-4678
3510
23633
21755
4013
-1583
5332
11699
3836
-2913
1166
6430
6124
-4733
-9381
-7807
-7057
-11606
-11474
-5834
-6418
-13879
-21395
-19818
-17109
-13242
-7806
-9985
-15928
-19541
-14541
-10117
-11162
-8299
-2980
-1975
-7632
-7905
-3035
1557
1459
1546
6250
7609
6875
3865
3662
7827
11273
13518
13115
13291
12810
10298
11034
13466
13662
10838
9259
9830
8471
5340
3562
3858
2851
2984
2018
-111
-2535
-4422
-3998
-3602
-2483
-2672
-5539
-8309
-8446
-7333
-6769
-5956
-5130
-5200
-7454
-7695
-4653
-2784
-2055
-1785
-751
-404
-701
328
1529
2108
2391
2409
1347
1343
1197
1525
1012
-25
-555
-2067
-1900
-1400
-589
-2006
-3486
-5217
-3996
-2977
7830
20577
13025
-6917
-19030
3973
25948
20423
6500
8612
14553
2557
-6405
8998
29394
21573
453
-3243
6757
11461
1172
-2534
4499
6721
78
-10664
-8789
-5062
-9455
-15699
-12097
-5198
-8524
-17900
-22820
-19682
-17466
-13084
-8216
-10814
-15974
-19047
-15131
-12034
-10647
-4488
-299
-3066
-9214
-7731
-1204
2939
2373
3836
8032
7265
4482
2936
6972
11162
10914
11604
13188
15407
16712
12736
7241
6324
11522
15662
13674
9456
5759
-601
-3367
2958
8503
7113
-109
-4996
-6971
-6876
-2091
1724
-265
-5316
-8908
-9575
-8092
-5567
-3591
-4022
-6565
-7073
-6633
-5224
-2926
-2051
-1467
-917
793
1506
-120
-877
1477
3175
3139
2800
1833
864
-2016
-2294
-651
136
-174
-2028
-3030
-3352
-3110
-4277
-3832
-4276
10003
22087
11886
-9421
-17121
10474
25836
16264
7513
16247
17357
-1899
-7516
14077
32190
17524
-1780
-439
9717
8378
-3873
209
10007
6571
-7238
-14606
-5225
-3071
-12318
-17759
-10045
-5563
-12747
-20632
-20507
-16828
-18623
-15022
-9664
-9836
-13728
-17777
-15340
-12940
-8375
-1413
192
-3653
-7361
-4601
-634
2139
4055
8306
9246
4624
2963
5003
10343
10854
9976
12778
16272
19191
11780
3652
2816
10359
15762
13476
10584
5012
-2929
-8247
3
9252
9262
1126
-7121
-9006
-8422
-3004
1667
1783
-2344
-8433
-11141
-9228
-3839
-1572
-2740
-4730
-4731
-4633
-5089
-1959
328
609
-179
1393
4149
2433
-2
478
2651
3245
2966
2925
1325
-1579
-4653
-3296
-1044
496
-304
-3152
-5899
-6248
-5471
764
16882
17140
1566
-16539
-4688
18944
18373
9361
12086
19673
5618
-9179
4110
28652
25768
4169
-595
8548
10507
-1142
-2761
9866
9560
-3635
-14859
-7046
-35
-10177
-19562
-14503
-5604
-11217
-20182
-20276
-15797
-19440
-21623
-14013
-8889
-10565
-16599
-17141
-13877
-11184
-4948
-1035
-531
-2868
-4004
-2806
-331
4285
8829
10797
7080
5042
5631
7970
9436
9690
13790
15459
17430
14276
7818
3866
4447
10519
12160
12790
8984
626
-7753
-6191
2368
6169
4816
-690
-5688
-11051
-9644
-2597
1568
1459
-3984
-8619
-10270
-7471
-3702
-2163
-1560
-2209
-3884
-5702
-2576
910
1188
-208
853
4327
4198
2331
2106
1944
1941
1978
2862
3038
317
-2621
-4304
-3754
-1755
-267
-2059
-3877
-5887
-4020
11900
17085
5429
-12482
-7022
16071
15981
7720
12091
22328
8063
-11422
-119
27638
28239
5088
-484
8646
9301
-3105
-3188
13740
12782
-5486
-17910
-8159
1638
-8939
-18114
-12319
-5422
-14867
-23341
-18285
-10821
-17047
-24001
-16322
-9234
-10349
-16328
-15713
-10717
-10278
-7757
-3351
1042
1182
-2311
-3855
-1010
5405
9744
10701
7508
6761
6556
6009
7839
10869
15399
12831
9638
14895
14049
5033
-1261
5835
12658
8215
4995
4657
-2204
-10070
-5231
2192
4944
1545
-3393
-9147
-11440
-4243
439
283
-43
-2647
-8434
-10539
-4436
825
-272
-2425
-1449
-2709
-3370
-136
1817
2347
1074
2291
3567
3849
3819
1487
352
1300
2316
972
-477
-818
-2559
-4325
-4021
-1675
-2319
-3440
-3160
7767
17039
8200
-7012
-9973
10042
17557
10130
11069
21167
14537
-7418
-6367
18649
29540
12176
1339
8054
8260
-3950
-7971
8521
15408
-187
-14949
-12464
-3088
-10026
-18530
-13604
-5441
-11896
-23029
-20782
-13314
-15629
-23308
-18240
-9123
-8634
-13839
-15169
-10433
-9283
-8977
-4268
2184
5639
2253
-1489
-1239
3890
8674
11132
11680
11139
9613
5168
4510
8387
14180
14328
10024
10602
15500
8647
-2476
-606
8221
8113
606
3265
3705
-7941
-14807
-5954
2512
1556
-2038
-4997
-8726
-10089
-5643
-1608
1546
3824
-1586
-8810
-7586
-771
478
-1528
1563
3575
-696
-3029
939
3184
2365
1847
4299
5782
4063
1410
-221
217
1757
449
-926
-181
-1558
-4132
-5807
-3816
-2524
-3173
-1794
9808
17018
8414
-6113
-7272
9854
16117
12386
15178
22271
13465
-5885
-3858
17970
26306
12427
4202
8833
7036
-5518
-8477
6196
11095
-2666
-14790
-11275
-4650
-13114
-21426
-16673
-9379
-14159
-21794
-18723
-13221
-18003
-25676
-20560
-10245
-7175
-10832
-11965
-8600
-8731
-9356
-4844
3514
9060
6225
1664
1477
5770
9081
10565
12542
14533
12731
7224
5454
8657
12518
11052
8146
10481
17164
9995
-2844
-3639
3029
2698
-2892
4111
6791
-7121
-18309
-10351
-1514
-2247
-2525
-853
-4126
-10696
-9038
-3843
398
3739
924
-3484
-3435
-125
-1206
-2595
2233
4901
1384
234
4486
3363
-1190
-1198
3497
6314
4265
2895
986
-1916
-3128
-3374
-883
1066
-466
-4499
-5993
-4930
-4256
-3948
1394
15764
18332
6366
-6425
-2052
13170
15011
13857
20224
24802
11345
-4423
1959
19399
21281
9228
6931
10326
5360
-6375
-7497
3051
2877
-7443
-14028
-9941
-7415
-16005
-23091
-20625
-15515
-17424
-20005
-17298
-14014
-18426
-25187
-21813
-12814
-6855
-7455
-8451
-5891
-6156
-7359
-4142
4306
10750
9125
5447
5919
9171
9859
10093
12233
14676
13222
8895
8499
9950
9983
6902
5365
7459
11481
11808
3284
-3329
-4937
-3482
-3393
-786
3973
-340
-10471
-14282
-8578
-4515
-2637
-944
-1060
-4073
-6811
-4513
-1437
1143
2344
838
-542
67
1718
977
-285
147
1921
2953
3242
3769
2145
-329
-1681
545
3434
3228
664
-833
-1658
-3799
-4767
-3717
-1756
-2273
-3594
-4012
-4537
-4357
756
12331
18755
11739
-1028
-2382
9242
16760
16654
18117
22372
17189
3386
330
12516
21475
14913
5426
4693
6229
1058
-5185
-3697
-949
-5410
-13348
-14920
-10212
-10101
-17146
-23412
-22940
-19882
-18783
-17365
-15051
-15607
-20280
-22094
-17945
-12060
-7602
-4892
-3292
-4660
-6813
-4287
2605
7912
7851
7226
9205
10380
8841
9185
13071
14639
11131
7502
9409
12522
10669
6835
5233
6676
9257
8821
5189
9
-3527
-4109
-3414
-1507
155
-1414
-6125
-9143
-8807
-6319
-3733
-2058
-1566
-3223
-4056
-2255
17
307
-492
-267
965
1440
1610
2476
2157
399
-462
939
3315
4110
2809
740
-1159
-894
1259
2008
463
-1375
-2104
-1730
-1967
-2916
-3163
-3394
-3406
-2881
-2802
-2662
-2511
976
9670
16088
13233
2729
-2967
2766
13197
18228
17592
16220
13475
7849
3162
5322
11683
14231
10784
5313
1653
63
-604
-957
-2944
-7008
-10524
-10972
-9233
-8667
-11749
-16653
-19860
-20558
-19133
-16296
-13054
-11807
-14266
-17624
-17925
-14465
-9866
-6178
-3585
-2859
-3859
-4143
-1103
3313
5307
5011
5241
6881
8081
8709
9916
10522
8864
6415
5922
7498
8927
8972
8020
6245
4121
3187
4592
7250
6778
2595
-2073
-4190
-3477
-1331
733
351
-2941
-5861
-5269
-2858
-1095
-396
-629
-806
-794
635
2799
3152
1651
-396
-1907
-1854
1417
2502
1906
1005
-1471
-2841
-1898
-327
1027
520
-763
-926
-1176
-794
-664
-762
-1772
-2008
-1802
-949
-256
-915
-2123
-2809
-2381
-2339
-1913
-1053
1782
6790
12003
13721
7603
-110
-1186
5311
12990
16115
14942
11239
6944
4085
4958
7275
7364
5869
4684
3921
2218
-51
-1609
-3313
-5670
-8859
-11054
-10805
-8656
-7339
-9752
-14232
-17946
-18979
-17621
-14345
-10680
-9784
-11598
-12986
-11621
-9514
-8166
-6078
-2942
-699
-622
273
2908
5074
5360
4867
5174
5908
7197
9005
10453
10035
7916
5408
4055
4807
6500
7215
6619
5608
4744
3735
3568
4137
3681
1302
-2093
-3724
-3047
-1016
100
-708
-2777
-4400
-4385
-3042
-1005
463
604
-393
-658
672
1962
1760
732
93
-196
-538
-515
-196
-354
-928
-1102
-1484
-1161
490
994
-128
-815
-1514
-1442
-795
-866
-140
3
-1074
-2127
-2393
-1952
-2161
-2773
-2469
-2226
-2298
-2556
-2368
2327
10458
16992
14493
4847
-1742
495
8760
15342
18275
16642
11946
6831
5092
6660
7472
6269
4707
3927
2890
663
-1433
-2865
-4713
-8657
-13483
-15764
-13964
-10575
-9893
-12040
-15813
-19152
-20844
-19191
-14412
-10703
-10337
-10890
-9783
-7806
-6847
-5259
-2146
645
1069
1251
3468
6596
8994
9380
9135
7762
6416
6549
8424
10526
10648
8720
5888
4137
4314
6481
8607
7974
3940
-882
-3142
-2868
-1768
-1042
-1900
-4233
-6029
-5212
-3261
-2578
-3038
-3112
-2797
-2270
-395
2084
3251
2297
956
228
42
983
2646
3286
2089
582
154
578
1065
1642
1898
633
-1284
-1324
-20
629
-42
-976
-1281
-2166
-3316
-2886
-2424
-3171
-4099
-4337
-3526
-2593
-2532
-3177
-3683
-4564
-659
8595
18043
19042
10901
2978
2219
8247
14592
18718
18723
16006
11599
9097
8904
8503
6533
4061
2312
376
-2089
-3737
-3729
-4358
-8054
-14631
-19854
-20513
-17474
-14648
-13837
-15307
-17737
-20098
-20112
-17141
-13880
-12065
-10821
-8639
-6066
-4129
-1932
1254
3960
4190
3370
4179
7278
10817
12796
13355
12039
9570
7306
7332
8642
8899
7287
5205
3656
2348
1265
994
1011
-62
-1964
-2309
-1612
-1538
-2214
-2895
-3591
-5489
-6032
-4161
-1469
-568
-245
148
350
537
1385
2605
2754
2745
3355
4189
4171
3867
3278
1958
-12
-1327
-1297
-871
-422
85
-407
-1886
-3377
-3395
-2605
-2272
-2573
-2824
-2876
-2812
-2146
-2123
-2905
-3832
-3676
-3120
-2996
-2587
-2152
-2082
-2907
1381
11596
21987
22541
13528
5799
5797
11637
15818
18321
18410
17345
14060
10900
8964
7377
5409
2247
-923
-4410
-7194
-7889
-6207
-5194
-9549
-17863
-23806
-23917
-20618
-18447
-17072
-16446
-16570
-17997
-18223
-15550
-12114
-9431
-7895
-5763
-3927
-2093
1338
6469
10242
9409
6650
5858
8515
11693
12976
12984
12034
10326
7657
5855
5716
5238
3135
99
-1871
-3288
-4017
-3351
-720
1009
-592
-3761
-6523
-7328
-6305
-3880
-2145
-2364
-2787
-1368
841
2085
2724
2941
2774
2707
3693
5496
6821
7645
7742
6087
3509
1629
1149
655
-369
-1476
-2331
-3029
-2921
-2204
-2644
-4464
-5946
-5577
-4467
-3803
-3188
-2353
-2470
-3014
-3326
-2675
-2366
-2239
-1851
-1335
-1104
-1526
-1653
-1923
3535
14833
26061
25875
15818
8470
9366
14047
15524
16368
16702
16509
13377
10157
8272
6704
4706
214
-5721
-11488
-14146
-12389
-8669
-7159
-11379
-18973
-24213
-24089
-21933
-20996
-19567
-17017
-14980
-15608
-15216
-11184
-6622
-3973
-3591
-2908
-2273
-534
4044
10274
13831
12623
9981
9138
10339
10763
9948
9376
8822
7513
4461
2727
3201
2945
18
-4437
-7145
-8735
-8966
-7584
-4740
-3858
-4543
-4216
-2434
-320
882
1976
1399
-485
-661
1890
4908
6395
7026
7025
5941
4983
5362
6112
5670
5094
4476
3821
3070
2864
2369
63
-2777
-5002
-6561
-7525
-6997
-5683
-5481
-6594
-6745
-5358
-4147
-3487
-2703
-2012
-1859
-1712
-446
1287
1936
2095
1528
1056
49
244
518
643
-693
152
7994
19498
26693
21439
12929
9683
12423
12514
9951
9888
12456
12480
8353
5966
5898
5656
2018
-4581
-11118
-16168
-16825
-13798
-10354
-9764
-13186
-17106
-19312
-19297
-19772
-19215
-16896
-13878
-13298
-14129
-10741
-4394
615
1325
527
322
221
1541
5456
10159
11989
11117
10329
10314
9870
8332
7623
6745
4339
375
-2305
-1370
48
-297
-3042
-5398
-7478
-9752
-10717
-9095
-6290
-4884
-3507
-1182
1907
4871
7612
9021
6607
3537
2721
4521
6182
7226
8205
7872
6842
5984
5902
4867
3714
2641
729
-1439
-1925
-285
256
-1356
-3710
-6044
-8207
-9579
-9216
-8528
-8125
-7382
-5500
-3525
-2082
-580
450
888
474
944
2103
3124
3887
4139
3885
2909
2324
1740
1285
265
-626
-2323
-3067
4039
15919
24135
19562
11438
9381
11279
9672
5651
6292
9449
9774
5606
3966
5424
6918
4398
-2748
-9847
-14502
-15375
-14031
-12361
-10852
-12052
-14025
-15234
-15041
-15851
-16307
-14744
-13278
-14347
-15340
-10345
-3069
1246
1633
2226
3640
2966
2074
3672
7186
9320
8728
8041
8389
9541
9533
8505
6194
2875
-1193
-4196
-3682
-2643
-2732
-4366
-4943
-5757
-8024
-8942
-6982
-4442
-4345
-4405
-2268
2128
7759
12308
13274
9671
6274
5265
4941
4420
4644
5784
5544
5084
5637
6674
6190
4388
1163
-2962
-5337
-4485
-2194
-1994
-3177
-4276
-5627
-7168
-8100
-7697
-7812
-8498
-8327
-6458
-3603
-300
2817
4043
3594
2858
3478
3880
3647
3434
3529
3167
2322
1910
2050
1461
675
-817
-2691
-5497
-4327
4919
15941
19927
13265
9009
10510
12591
8615
5388
7437
9348
5773
903
2877
7781
9411
4424
-3048
-8516
-12425
-13959
-14207
-12912
-11839
-13114
-14428
-15073
-13866
-13265
-11734
-11376
-13008
-15976
-14909
-8311
-2469
215
1545
4438
5623
3702
3408
6609
9859
8651
5570
5049
6924
8567
8048
7426
5648
2733
-1866
-4428
-4555
-4553
-5512
-6860
-7163
-7856
-8062
-5879
-2919
-1746
-1381
42
2668
4429
6947
9469
9642
7115
5905
5930
6363
6589
7237
7176
5157
4319
4333
3724
2521
1517
55
-2446
-3950
-3487
-3498
-4769
-5675
-6096
-7220
-7951
-7569
-6462
-6684
-6422
-4486
-1924
274
2063
3423
3400
2725
2872
3805
4105
4216
4185
3595
2521
1713
1492
818
-648
-1733
-3060
-4599
-6436
-6653
467
11027
17499
13252
8207
10588
13941
10318
5054
6909
9995
6678
840
3184
9302
10796
5896
-736
-5010
-8708
-11647
-13198
-13692
-12786
-13708
-15071
-15413
-13382
-11222
-10025
-10308
-12283
-14759
-14204
-8785
-4579
-2784
-457
3980
6350
4670
5261
9522
11572
8269
3839
3773
5896
6760
5990
5961
5585
3543
-496
-3439
-3773
-4462
-6416
-8886
-9123
-8649
-8018
-5719
-2695
-1786
-2139
247
3664
5341
6105
9278
10698
8342
6953
8437
9334
7662
6770
6335
4286
2714
3303
3032
1051
22
-854
-3210
-5010
-3638
-2786
-4878
-6217
-5890
-6065
-7100
-6228
-4745
-4805
-4974
-3370
-1569
-170
1794
3576
3479
2844
3578
4624
4558
4015
3889
2957
1547
789
430
-820
-2349
-3065
-4064
-5423
-6270
-6039
-6975
-5743
2842
12360
14739
9761
10395
15624
15278
9050
7205
11288
11286
5070
2390
7368
11432
8645
2289
-1455
-3100
-7410
-12648
-14913
-14077
-14197
-17325
-18020
-15671
-12756
-11549
-10729
-10599
-12136
-13019
-10409
-6802
-4959
-2376
2297
6097
6353
6615
10381
13377
11676
7083
4971
6083
6002
4150
3328
4854
4717
840
-3082
-3231
-2796
-5325
-9112
-10528
-10112
-10058
-9269
-6455
-3760
-2353
-1883
-875
285
1692
3970
6714
10275
13652
16062
16452
16049
14580
11967
8213
4928
1905
-807
-2278
-2493
-2311
-2242
-2139
-2482
-4017
-5511
-6200
-6405
-6872
-7244
-6788
-5599
-4271
-3363
-2307
-1404
-772
-1249
-1450
-628
932
2035
2621
3454
4513
4849
4331
3695
3134
1947
280
-1542
-2705
-3524
-4070
-4642
-5263
-5769
-6014
-5954
-6051
-6351
-6106
509
10008
15278
12437
10957
16750
19456
14368
9886
12827
14744
7684
1431
4414
9965
8392
1481
-2227
-2698
-5775
-12325
-15890
-14900
-13728
-17808
-21061
-18365
-13248
-10969
-11294
-9723
-7994
-8250
-7713
-5146
-2089
120
2648
5089
5897
6849
10299
13352
12062
8791
6902
7140
5218
1965
866
1716
1000
-3108
-5742
-4115
-2491
-5062
-8932
-9499
-8611
-10020
-11511
-9068
-5163
-3680
-3750
-1796
2229
4693
6113
7190
8534
9116
10010
14079
18240
19820
17807
14893
11882
8435
5335
2169
-1935
-5542
-7213
-8064
-7455
-5082
-3087
-4187
-6386
-6072
-5808
-6545
-6290
-5314
-5737
-6579
-4632
-1632
-30
837
1561
657
-355
425
2068
2624
2580
2884
2477
2218
3128
3723
2796
762
-845
-2513
-4228
-4902
-5232
-5974
-6885
-6804
-6111
-5197
-4100
-3231
-3781
-4822
433
9313
14585
12562
11620
17374
19299
14555
10787
14094
15640
8036
1369
3446
8439
6457
212
-2064
-1211
-4325
-11559
-14603
-12773
-11892
-16927
-20247
-17339
-12977
-11239
-10942
-7962
-5906
-6282
-6404
-4667
-2274
-667
1306
2721
3460
4911
8567
11397
10866
8978
7625
7175
4337
1292
593
1403
13
-4262
-5559
-3331
-2282
-5214
-7469
-6519
-6443
-9233
-10601
-7162
-3879
-3470
-3699
-960
2873
4686
5852
7383
9399
9807
9077
9558
13728
17868
17871
14806
13095
12589
8503
3724
928
-1479
-5824
-10003
-9971
-8312
-6778
-6395
-6635
-6786
-6023
-5428
-5994
-5826
-5108
-4926
-6173
-4837
-1671
420
771
709
1250
1177
1476
2221
2684
2412
1925
1408
1307
2022
2488
1846
102
-1076
-1896
-3314
-4500
-5232
-5488
-6331
-7179
-6574
-5184
-4013
-3530
-3102
-2458
-2702
-2128
3867
12108
16139
13730
13772
19283
20788
16596
13909
16257
14740
5974
762
3465
6568
3031
-2462
-3682
-3400
-7168
-12519
-13831
-12681
-14649
-20422
-21900
-18060
-14140
-12674
-11229
-7560
-5533
-5128
-3776
-1304
674
1470
2469
3302
4258
6689
10571
12446
11462
9642
8913
8175
5203
2366
972
-19
-3348
-7056
-6877
-4371
-4202
-6758
-7614
-6479
-6818
-8659
-8149
-5303
-3939
-4402
-3664
-15
3764
6121
7851
9712
11065
11047
10668
10980
11490
11103
9620
9326
11924
13654
11708
7733
5346
2477
-3191
-7490
-8748
-10238
-13441
-14560
-12291
-9644
-7549
-5709
-4822
-4569
-3591
-3390
-3735
-2807
-1014
-1334
-2372
85
3447
4437
4083
4584
4301
2621
1742
1720
1215
385
-366
-1654
-1832
-422
197
-1344
-2911
-3074
-4167
-5788
-5821
-4999
-4920
-5381
-4884
-3478
-1852
-182
762
689
820
220
681
5725
13400
16983
14462
14850
19297
19953
15394
13013
14097
10486
2128
-2401
-450
1082
-1844
-5830
-6763
-6449
-9070
-12740
-13897
-12974
-15315
-19960
-20385
-16474
-12648
-10836
-7866
-4349
-2583
-1269
1231
3584
4316
4798
5340
5241
5249
7404
10445
11385
10144
8570
8271
7175
4173
955
-706
-2327
-6332
-9555
-8694
-6152
-6437
-8085
-7467
-5639
-5797
-6781
-5669
-3639
-3157
-3893
-2842
428
3809
5995
7638
9572
10884
11105
11035
11283
10932
9402
7560
6151
5128
4552
4471
3844
2640
1380
412
-1200
-3073
-4592
-6612
-8884
-10211
-9783
-9225
-8433
-6715
-4778
-3550
-2240
-273
947
1312
1567
1785
1601
1991
3000
3290
3077
3164
3051
1978
1235
1103
250
-1564
-2950
-3511
-3945
-3954
-3758
-3640
-3662
-3296
-3129
-3058
-2529
-2067
-2372
-2738
-2115
-1347
-820
-262
576
1151
1315
1701
1577
1524
916
1802
5300
9865
12116
11006
12129
14445
14491
10647
8364
7977
4868
-726
-3815
-2249
-1320
-3016
-5204
-4648
-3637
-5113
-7609
-8713
-8193
-10090
-12891
-13286
-10614
-7971
-6868
-4794
-2354
-198
897
2151
2830
2866
2751
2448
2098
2221
3758
5297
5751
5260
4845
4913
3960
1834
-552
-1782
-3209
-5806
-7507
-6654
-5230
-5676
-6098
-4738
-2918
-2857
-3134
-2121
-926
-935
-1674
-896
1214
3163
4017
4898
6564
7834
8069
7879
7950
7475
5906
4407
3527
2905
2235
2270
3750
4121
3440
2229
1940
571
-1779
-3651
-5260
-6901
-7898
-7158
-6205
-4825
-2950
-1470
-1093
-54
1617
1534
630
633
891
49
-101
1079
1281
876
860
987
112
-271
-592
-2040
-3534
-3614
-3526
-4132
-3642
-2611
-2386
-2618
-1616
-684
-755
-783
-723
-1141
-1634
-1305
-949
-831
-237
460
701
1143
1893
2113
1402
888
357
848
2658
4706
5687
6911
9863
11097
10386
9573
10247
8774
4967
2009
809
-202
-2092
-3068
-2973
-2455
-2871
-3914
-4317
-4190
-4956
-7365
-8814
-8910
-8858
-9102
-8118
-5828
-4158
-2634
-944
869
1770
2436
2552
1995
1309
1126
1396
1392
1736
2036
2624
2908
2622
2079
1603
931
-1066
-3063
-3950
-4202
-5024
-5574
-4823
-3740
-3212
-2804
-1684
-490
74
76
159
716
1406
1916
2452
3505
4668
5421
6085
6787
7058
6642
5945
4868
3644
2509
1682
866
1638
2699
2154
833
1120
1819
-364
-2265
-2802
-3728
-6085
-6459
-5313
-5037
-4542
-3073
-2237
-2015
-145
934
172
-33
934
318
-1094
71
1129
389
11
1063
981
123
612
547
-856
-1571
-1197
-2013
-2491
-1636
-1236
-1950
-1618
-334
-446
-601
-82
-209
-1058
-1076
-661
-1159
-1216
-427
-313
-474
422
1216
831
625
967
620
-215
651
2153
3079
3779
4946
6425
7558
8655
8727
8180
7419
5978
3669
1902
1155
-105
-1918
-2871
-2959
-3316
-3704
-3687
-4044
-4825
-5662
-6318
-6974
-6909
-6425
-6263
-5900
-4716
-3036
-1665
-324
864
1448
1719
1895
1817
1598
1550
1409
834
610
1020
1268
1178
1231
1115
374
-600
-1162
-1726
-2506
-3158
-3597
-3654
-3143
-2380
-1675
-864
110
670
931
1515
2058
2048
1923
2116
2263
2389
2856
3515
3713
3598
3439
3078
2568
1958
1358
345
-352
-957
-1255
-1492
-197
1798
2156
1859
1933
3106
1921
691
112
-574
-2242
-3037
-2335
-2148
-1604
-654
-226
-596
385
1213
222
-615
-500
-995
-2505
-2305
-1479
-1902
-2110
-1397
-931
-1045
-441
-429
-1292
-1642
-1177
-1562
-1775
-819
-396
-757
-308
1062
1277
926
1043
936
131
-306
-531
-1172
-1470
-1300
-1218
-1191
-371
321
197
233
482
376
32
215
444
951
1862
2866
3500
4528
5818
6118
6110
6167
5923
4706
3717
3001
1922
775
59
-591
-1367
-1551
-1667
-2143
-2735
-3069
-3579
-4191
-4391
-4604
-4847
-4767
-4349
-4009
-3343
-2228
-1383
-875
-183
635
872
843
875
710
351
60
-3
-58
111
268
147
-20
-89
-371
-974
-1315
-1536
-2011
-2406
-2313
-2057
-1854
-1391
-716
-209
234
721
1061
1291
1644
1930
1919
1988
2115
2201
2222
2282
2299
2296
2438
2350
2109
1972
1815
1366
931
718
325
-91
-285
-309
-431
-330
-106
-70
88
275
130
-309
-367
-371
-683
-841
-558
-343
-294
-71
139
65
18
21
-242
-555
-685
-881
-1179
-1251
-1169
-1201
-1143
-876
-733
-687
-610
-597
-780
-919
-956
-1104
-1185
-1038
-895
-850
-669
-348
-190
-134
-43
-8
-97
-179
-156
-149
-133
-136
-2
197
429
628
755
918
1084
1663
2394
2988
3376
3875
4412
4490
4401
4260
3941
3100
2122
1278
491
-240
-930
-1425
-1754
-1817
-1944
-2147
-2255
-2313
-2537
-2896
-2979
-2936
-2900
-2791
-2343
-1701
-1012
-353
151
509
717
780
576
314
-11
-455
-949
-1232
-1370
-1550
-1658
-1683
-1711
-1785
-1783
-1867
-1990
-2004
-1919
-1876
-1697
-1233
-721
-265
236
854
1423
1860
2143
2282
2361
2370
2297
2196
2184
2163
2093
2041
2013
1959
1796
1576
1269
964
707
486
276
93
29
-26
13
126
328
427
427
423
399
428
419
454
357
280
221
179
184
281
383
167
-137
-322
-398
-627
-859
-924
-994
-1208
-1407
-1367
-1237
-1189
-1292
-1384
-1403
-1425
-1511
-1551
-1458
-1394
-1427
-1411
-1194
-924
-680
-434
-186
-58
-25
41
131
243
328
391
387
492
643
751
798
822
778
632
607
612
647
706
922
1119
1295
1654
2051
2284
2284
2341
2343
2196
1854
1502
1245
966
649
322
213
127
-23
-206
-301
-417
-649
-909
-1167
-1326
-1432
-1469
-1514
-1462
-1365
-1314
-1253
-1161
-1103
-1202
-1289
-1359
-1420
-1494
-1541
-1546
-1538
-1481
-1508
-1479
-1368
-1270
-1317
-1253
-1007
-787
-651
-448
-201
-76
59
250
421
483
557
608
641
711
858
1030
1226
1401
1533
1675
1853
1902
1782
1721
1710
1579
1341
1280
1298
1237
1161
1196
1182
1037
861
681
526
366
155
-120
-264
-363
-497
-565
-420
-376
-537
-636
-606
-602
-664
-608
-580
-536
-469
-367
-286
-137
-21
-42
-77
-123
-276
-469
-549
-650
-763
-800
-765
-908
-993
-968
-957
-1098
-1130
-1120
-1212
-1188
-1019
-907
-807
-570
-314
-200
147
398
632
809
1011
1104
1634
2466
2428
2282
2470
2763
1895
1405
1124
601
-12
-4
-80
-437
-132
72
-148
50
709
531
-114
-34
-78
-474
-647
-612
-994
-1158
-789
-781
-676
-298
-71
-476
-337
-47
-203
-526
-502
-540
-751
-602
-527
-539
-438
-244
-407
-422
-217
-385
-769
-797
-645
-836
-927
-803
-704
-606
-363
-287
-363
-233
-164
-331
-363
-172
-237
-402
-253
-5
123
326
554
577
678
937
1044
977
1037
1074
988
975
1025
966
928
923
765
615
633
524
242
159
190
63
-60
5
51
57
144
241
284
344
366
310
375
443
347
225
287
352
332
363
377
389
359
355
242
323
312
166
34
61
-50
-324
-467
-732
-968
-1112
-1173
-1422
-1421
-1252
-1183
-1112
-818
-578
-588
-522
-343
-212
-123
-138
-181
-83
121
89
25
127
175
44
-37
40
1
-61
-134
-129
-116
-62
-155
-235
-155
-52
-80
-144
-80
-28
46
125
218
270
378
423
462
564
685
695
634
623
608
548
433
301
174
98
56
-15
-84
-70
-32
-56
-131
-123
-158
-258
-351
-356
-384
-406
-397
-394
-328
-210
-162
-230
-202
-131
-159
-207
-147
-80
-64
9
116
190
229
201
133
87
66
-26
-131
-183
-184
-164
-163
-137
-91
-29
-17
10
58
96
127
169
211
244
313
360
388
453
555
609
633
686
713
712
701
661
578
511
459
367
267
198
129
28
-65
-152
-275
-394
-473
-542
-607
-611
-589
-580
-541
-454
-365
-322
-291
-282
-303
-305
-289
-319
-361
-337
-299
-301
-294
-234
-199
-207
-225
-236
-239
-218
-205
-212
-175
-99
-74
-87
-46
29
41
26
68
126
152
177
221
253
268
267
240
214
213
187
128
101
102
82
74
108
145
167
220
284
311
331
367
358
298
251
214
163
119
95
76
70
85
79
62
76
82
29
-27
-30
-42
-87
-125
-143
-170
-229
-306
-354
-387
-454
-517
-520
-496
-474
-411
-310
-209
-103
-10
50
102
147
141
103
96
94
48
36
94
139
165
231
296
319
318
307
262
194
124
41
-35
-80
-100
-100
-83
-61
-34
-10
-12
-29
-47
-51
-51
-41
-14
54
161
246
304
366
408
386
325
257
185
110
51
-6
-35
-7
23
26
43
70
57
4
-56
-129
-213
-287
-368
-436
-455
-450
-454
-452
-422
-404
-423
-447
-460
-466
-467
-452
-400
-310
-194
-69
47
173
284
350
373
387
391
363
314
284
275
253
228
204
187
159
117
67
21
-5
-25
-45
-50
-26
-1
5
23
53
68
76
98
128
159
196
236
272
315
367
392
406
428
435
416
392
368
323
249
162
62
-53
-173
-288
-391
-479
-538
-578
-600
-595
-576
-569
-565
-546
-529
-521
-498
-447
-390
-324
-249
-171
-104
-48
-4
17
44
77
108
140
190
244
288
317
323
303
251
187
115
51
19
17
38
88
166
240
290
322
334
317
283
247
211
201
214
239
284
332
369
378
362
327
261
175
95
21
-32
-63
-81
-89
-95
-103
-122
-162
-217
-284
-353
-421
-474
-503
-507
-485
-452
-408
-354
-302
-256
-219
-196
-190
-193
-205
-217
-221
-219
-203
-172
-123
-67
-8
46
92
123
144
152
154
163
172
186
206
225
244
259
267
261
247
223
198
182
170
167
172
177
190
200
202
195
177
151
117
80
39
7
-18
-38
-48
-51
-47
-43
-39
-38
-41
-53
-72
-99
-125
-148
-165
-170
-160
-142
-117
-84
-61
-40
-33
-35
-48
-71
-89
-104
-113
-113
-103
-88
-69
-49
-34
-29
-23
-21
-22
-21
-19
-11
3
22
41
64
78
93
103
112
118
118
119
120
124
126
130
133
132
130
122
113
102
89
67
52
42
28
17
7
-7
-23
-36
-52
-66
-84
-99
-115
-125
-131
-138
-131
-125
-114
-104
-94
-83
-77
-70
-71
-69
-67
-65
-59
-50
-45
-33
-17
-7
-5
-4
-5
-11
-20
-28
-33
-38
-35
-29
-21
-5
8
23
35
42
52
55
60
69
75
86
97
108
114
122
121
117
102
85
65
52
38
24
20
21
23
23
24
21
20
14
6
-3
-6
-6
-10
-5
-6
-4
-7
-12
-17
-24
-33
-39
-44
-50
-49
-50
-49
-46
-46
-48
-45
-47
-50
-51
-46
-42
-35
-26
-18
0
6
12
17
20
18
15
15
14
12
15
18
20
19
16
13
5
-4
-11
-18
-24
-30
-35
-36
-37
-37
-37
-36
-28
-25
-22
-15
-3
7
13
22
29
38
42
44
48
47
45
43
38
37
37
34
32
29
24
20
15
13
7
4
4
6
5
7
9
8
4
3
-4
-8
-10
-12
-14
-14
-15
-15
-15
-19
-18
-21
-19
-23
-25
-27
-25
-24
-22
-22
-21
-19
-17
-19
-21
-18
-17
-14
-14
-11
-6
0
0
-1
-3
-7
-8
-11
-15
-14
-13
-9
1
9
15
20
24
17
18
21
18
14
16
23
24
31
36
38
39
34
30
27
18
10
3
-2
2
-1
0
4
5
6
3
-4
-9
-16
-23
-26
-19
-14
-12
-11
-9
-5
-5
-5
-5
-8
-11
-16
-17
-14
-15
-9
-8
-5
-5
-5
-9
-12
-14
-19
-21
-22
-16
-15
-13
-6
-3
-2
-1
2
5
7
9
9
7
12
19
23
27
34
32
34
35
32
31
23
24
18
16
16
16
18
16
13
12
11
6
4
-1
-7
-9
-11
-10
-12
-8
-7
-8
-10
-18
-22
-27
-32
-38
-42
-37
-39
-37
-32
-29
-29
-28
-25
-27
-26
-23
-19
-15
-8
-2
2
7
9
12
15
15
12
13
15
16
11
13
14
15
14
15
16
11
11
9
9
10
9
11
14
17
17
19
18
21
24
23
20
22
18
17
13
16
11
9
11
1
-1
-7
-8
-9
-13
-14
-18
-17
-18
-17
-20
-20
-18
-17
-15
-14
-12
-11
-13
-11
-10
-8
-12
-6
-1
-4
0
2
6
4
4
1
4
6
3
5
6
6
6
7
5
6
7
6
5
1
2
3
3
5
8
3
-1
5
2
4
7
5
3
5
6
4
5
3
0
-1
-3
-2
-3
-3
-1
-3
-7
-9
-12
-10
-7
-6
-5
-7
-5
-4
-3
-3
-4
-6
-5
-7
-9
-2
-5
0
2
1
1
0
3
-2
-6
-8
-5
-1
-4
-2
0
1
3
2
5
3
5
4
0
1
5
4
6
9
10
9
12
11
11
8
3
3
-1
-3
-2
-1
0
-3
-3
-1
-3
-3
-1
3
-1
0
2
1
3
5
10
11
11
7
7
7
6
5
-2
-3
-4
-5
-1
0
2
1
-3
-5
-10
-13
-16
-17
-18
-17
-15
-8
-10
-8
-3
-4
-4
-7
-3
-2
4
6
6
9
8
11
11
9
4
4
3
0
0
0
0
0
-2
-3
-3
-2
-7
-5
-4
2
1
5
11
14
16
19
19
18
16
15
15
15
16
17
16
9
5
3
0
-7
-12
-15
-16
-16
-12
-13
-16
-16
-18
-17
-17
-13
-15
-15
-15
-9
-5
0
2
2
2
-2
-5
-7
-6
-8
-10
-12
-12
-10
-7
-8
-8
-5
-7
-7
-5
-3
-3
-1
-1
7
10
10
11
12
15
15
14
15
13
13
14
16
13
12
16
12
12
11
6
5
2
1
1
3
1
0
0
-1
-1
1
2
0
2
0
1
-1
1
-1
-2
-5
-5
-6
-7
-10
-11
-14
-13
-14
-15
-11
-12
-12
-12
-8
-6
-3
0
3
4
6
9
10
9
11
10
10
8
5
5
2
2
2
-1
-1
1
2
2
3
4
2
3
5
5
7
6
1
3
4
2
0
0
0
0
-1
-3
-4
-1
-4
-6
-1
-5
-9
-6
-9
-8
-10
-10
-8
-6
-10
-8
-8
-7
-1
-3
1
3
4
4
4
4
6
4
-1
-2
3
1
0
0
2
1
-1
2
1
-4
-4
1
-3
2
2
1
4
5
6
6
8
6
3
2
2
5
7
8
5
6
3
1
2
0
0
-1
-1
-3
-3
-6
-6
-7
-9
-7
-7
0
-2
-2
-3
-4
-2
-4
-4
-2
2
1
0
1
2
1
3
5
5
5
6
3
5
7
5
3
4
1
-4
0
-1
-3
0
1
2
1
1
1
4
4
4
6
5
4
6
3
-1
2
-1
-4
-6
-9
-8
-7
-9
-7
-7
-7
-11
-8
-5
-4
-5
-5
-4
-4
-1
-1
2
-1
0
2
3
5
9
9
10
9
9
10
9
10
8
6
8
6
7
5
1
-1
-1
-3
-3
-1
-2
-2
-3
-8
-6
-5
-6
-7
-5
-4
-2
-5
-6
-1
-3
-3
-3
-3
-1
-4
-5
-2
0
0
-2
2
-2
0
-1
-2
-1
0
-1
-2
-5
-5
-2
-1
0
1
0
-5
-3
-8
-3
-2
-6
-2
-3
-2
1
4
3
4
3
7
10
7
8
11
10
11
12
10
14
14
14
15
10
8
6
1
1
1
-4
-4
-4
-7
-9
-7
-9
-10
-11
-9
-9
-10
-6
-6
-3
-4
-4
-3
-5
-2
-1
-1
0
0
0
-1
2
0
-3
-1
-3
-6
-4
-4
-3
-3
-5
-7
-7
-1
4
2
2
1
3
5
6
12
11
13
13
14
14
12
12
12
11
6
2
0
1
1
0
0
-3
-6
-5
-10
-10
-10
-11
-9
-10
-10
-8
-12
-9
-5
-5
-6
-7
-4
-4
-6
-3
-3
-1
-5
-4
3
-2
-2
3
2
3
3
2
0
-1
-1
3
4
2
4
2
2
7
3
8
8
8
7
5
9
5
7
5
3
2
-2
1
4
1
2
2
0
0
1
-1
1
-4
-5
-2
-2
0
0
1
-1
-2
-2
-3
-4
-7
-6
-9
-1
-6
-3
1
-2
-1
1
3
2
1
1
-3
-5
-4
-6
1
-3
-4
-4
-3
-3
-2
0
-1
1
3
3
4
6
6
6
8
5
2
5
3
2
3
6
0
1
0
0
2
2
-1
-1
3
3
2
2
1
-2
-3
-1
-2
-1
-1
-1
-4
-2
-4
-5
-8
-6
-4
-3
-3
0
1
0
-1
2
5
1
4
1
6
3
2
3
-1
3
-1
-2
-4
-5
-4
-4
-4
-1
-2
-5
-1
-4
-4
-3
-1
-4
-1
-4
-5
-2
-2
1
0
0
-2
1
1
1
4
6
2
2
2
3
4
3
3
6
2
1
-2
-2
-1
0
0
0
-2
1
2
2
3
1
1
0
0
3
2
3
-2
4
5
3
5
3
2
5
4
2
3
1
2
3
0
2
2
-1
0
-3
-1
-1
-7
-7
-5
-8
-10
-5
-5
-3
-3
-1
-1
-2
-1
-1
-3
-2
-1
-1
-1
1
4
0
2
2
2
1
2
3
4
5
4
3
6
4
0
0
-1
0
-1
-3
-2
0
1
3
-2
2
0
-1
-2
-1
0
-1
1
-2
-3
1
2
-1
0
-1
-1
2
1
-1
0
-4
-4
-3
-4
-4
-4
-4
-4
0
-4
-5
-1
-3
1
-1
2
3
1
2
1
3
2
1
2
0
0
1
0
-1
2
3
0
1
-1
3
4
3
0
1
2
2
-1
1
0
-1
2
2
1
0
-2
2
3
0
2
-2
0
1
1
2
2
6
7
3
1
3
2
2
1
0
1
-1
-2
-2
0
-1
0
-2
2
2
-2
-2
-4
-2
-4
-4
-3
1
-1
-5
0
1
0
-2
-2
-1
-2
-2
-1
-4
-1
2
-2
-1
-2
-4
-5
-4
0
-1
-2
1
3
1
3
6
6
6
5
6
3
2
1
-3
-4
-2
0
0
-1
3
0
-2
-2
-2
-3
-2
-4
-6
-3
-4
-6
-6
-1
-1
-3
0
-1
0
1
2
1
4
4
3
2
1
-1
-1
1
1
5
6
2
4
2
3
6
0
0
-1
0
2
-1
4
5
3
0
0
1
0
1
-3
-1
0
-4
2
1
-4
-3
1
2
3
3
-1
-5
-3
0
0
-2
-2
0
1
3
3
1
1
-1
-3
-5
-7
-2
-2
1
-1
-3
-3
-2
0
-1
-2
-4
0
-1
3
3
-1
1
0
0
1
2
3
2
4
5
2
0
2
-2
-3
-3
-1
3
-1
-2
0
0
-1
-1
-2
0
2
2
5
4
7
8
5
6
8
3
1
2
1
2
0
1
1
-2
-2
-1
-4
-7
-6
-5
-6
-3
-3
-3
-3
-5
-2
-4
-4
-4
-3
1
1
0
0
2
3
3
8
7
7
4
5
7
3
1
0
-3
-2
-4
-5
-5
-6
-2
-2
-4
-5
-4
-2
-2
-3
-2
0
2
3
3
3
-1
1
2
2
1
0
-3
-6
-3
-3
-2
0
0
1
0
-1
1
-1
0
3
1
-1
-1
-3
-1
0
3
5
1
5
5
4
0
1
2
-1
1
3
3
3
4
2
0
-1
1
2
1
1
0
-1
0
-1
-3
-1
-2
-1
-3
-2
-1
-2
3
1
1
-2
-4
-4
-3
-1
-1
-2
-1
2
2
2
3
5
7
4
4
1
-1
-2
0
0
0
3
-1
-5
-2
2
2
1
-1
0
-2
-2
-1
1
0
2
1
1
2
2
-1
-3
-2
-2
1
-2
-5
-4
0
-2
-3
-2
-3
-2
-2
-4
-1
2
-1
-2
0
-2
-1
-1
-1
0
-3
-1
0
-2
0
2
3
5
2
1
2
5
3
2
1
0
0
1
3
2
1
3
1
1
2
3
4
2
1
4
2
-2
3
-2
-2
0
3
3
4
7
4
3
3
1
2
-1
0
-1
-3
-4
-6
-4
-6
-3
-4
-5
-4
-2
-3
-1
0
-5
-5
-4
-2
3
1
-1
-1
2
2
-1
-1
0
1
2
3
4
0
-1
0
1
2
-1
-1
-3
-3
-1
0
-1
2
1
-1
1
1
3
1
0
-2
-1
0
1
2
4
4
3
2
1
4
3
4
3
3
0
2
-3
-2
-2
0
1
-1
-1
-4
1
0
0
1
0
-2
-5
-6
-1
1
0
-1
-4
-3
-5
-3
-1
-2
0
1
0
-2
-1
3
2
2
1
1
4
4
2
0
-1
1
0
0
1
2
2
0
-1
-1
-1
0
0
0
0
0
-1
2
-1
0
-1
2
1
-3
0
-2
-2
-3
-2
0
-1
-2
1
-1
0
3
2
1
3
0
-2
-1
-1
3
3
5
4
1
1
1
-1
-1
-2
-2
-1
4
2
0
0
-3
-6
-6
-1
0
-3
-3
-1
-1
-1
1
-1
0
-1
-2
-1
-2
-2
-1
2
3
2
0
-3
-4
0
1
2
3
-1
4
0
1
3
2
3
1
1
4
3
3
1
0
2
-2
0
-1
1
2
3
0
-2
-1
1
2
-1
-2
-3
-3
-2
-5
-2
-4
-3
-3
-6
-1
0
1
2
1
0
-1
1
-3
-4
2
0
-2
2
1
3
3
3
3
7
2
-1
0
-2
-1
-1
5
1
1
0
-1
-1
0
-4
-3
1
-3
-2
-1
-4
1
1
3
-1
1
4
3
2
0
2
4
4
0
1
2
0
3
0
0
-1
1
-2
-1
1
-1
0
-5
-5
-6
-5
-3
-5
-4
-3
-2
-4
-2
1
0
-2
-4
-2
-1
1
-2
-3
-6
-8
-4
-4
1
2
3
3
1
2
4
3
3
3
4
9
5
6
7
5
3
0
0
0
2
7
8
5
1
1
0
0
0
0
-1
-1
-5
-5
-4
1
5
2
3
3
1
0
0
-3
-2
-1
-3
-2
-1
-3
-6
1
1
0
-2
-1
-1
-1
-3
-6
-3
-2
-1
-2
0
-2
-3
-3
-3
-1
-1
-1
-2
-1
2
0
0
-1
3
5
2
1
2
2
0
2
0
-1
1
-1
1
3
-1
-3
-2
-1
-1
-1
-4
1
2
1
2
-1
1
-1
-1
2
0
-3
-1
0
2
1
2
5
5
3
2
2
2
0
2
5
3
3
3
3
5
3
0
1
-3
-5
-3
-2
-1
0
-2
-3
-3
-3
-4
-2
-1
-1
-2
0
5
0
-2
2
-1
-3
-3
1
3
1
1
1
-1
0
-1
0
-3
-1
2
-2
-3
-2
-2
-3
-2
-2
-4
-3
-1
0
-1
-2
3
1
0
-1
-2
-1
-2
0
0
0
2
2
3
5
3
3
4
3
1
-3
-3
1
2
3
3
0
1
2
4
4
2
0
4
5
5
4
4
4
4
1
-1
-4
-6
-4
-6
-6
-2
-5
-7
-6
-7
-8
-7
-2
-1
-4
0
3
0
2
3
3
1
0
0
2
0
0
3
3
2
4
5
1
3
0
2
1
-1
1
1
-3
-3
-4
-2
-2
-3
1
-1
-6
-5
-2
-2
-2
-1
-3
-1
5
3
2
0
-3
-2
1
0
5
4
1
3
2
3
3
3
4
6
6
4
3
2
3
3
0
0
-1
-2
-3
-4
-1
1
-1
-4
-1
0
3
0
-2
-1
-1
-2
0
-2
-2
-4
0
0
-2
0
-1
-3
-1
-2
-3
-6
-5
-4
-5
-1
-2
0
2
0
1
2
0
-2
2
3
2
5
3
2
4
2
4
7
2
3
6
3
1
4
3
0
2
2
2
-1
0
0
1
1
0
-5
-5
-4
-2
-4
-4
-2
0
-3
-4
-1
0
0
-1
-1
0
2
1
-2
-4
-3
-1
0
-1
-1
-3
-3
-5
1
2
0
1
1
0
0
1
1
-1
-2
0
1
5
3
2
2
5
5
3
4
1
2
0
1
2
-2
1
3
1
0
-2
-6
-3
-4
-7
-2
-1
-3
-2
-2
-2
0
1
-1
-1
-3
-1
-3
-1
2
3
1
1
3
2
0
-1
2
1
4
-1
-1
-1
-1
0
-2
1
1
2
2
0
0
1
3
-1
-1
2
1
0
1
1
0
0
2
-1
0
3
1
0
1
2
-1
-4
-3
-1
2
-2
-3
3
2
0
-1
-3
-2
0
-2
-5
-4
2
-1
-3
0
0
-3
-1
1
-1
-2
0
2
1
0
-3
-2
2
0
0
-5
-3
-2
-4
-2
-2
2
0
3
3
3
5
4
2
3
5
6
1
0
2
2
3
5
2
0
3
2
0
0
0
1
0
-3
-1
0
-1
1
-1
-4
-2
-1
-2
0
0
-2
-3
-2
-6
-3
-2
-2
-1
0
2
0
0
1
3
-2
1
1
-2
0
-1
-1
3
3
-1
-1
3
3
1
2
1
2
4
4
5
-1
-1
1
-3
1
3
2
-2
-1
-1
0
-1
-1
4
1
1
1
2
-1
0
-1
-1
1
-3
0
1
0
-1
