SAMPLES:	5608
BITSPERSAMPLE:	16
CHANNELS:	1
SAMPLERATE:	16000
NORMALIZED:	FALSE
-6
-3
-3
-4
-2
-1
-3
-3
-2
1
1
0
-1
-5
-2
4
5
1
-1
0
0
1
-1
2
2
6
4
3
4
1
1
2
2
3
3
3
4
2
5
5
2
4
6
5
7
3
5
3
5
9
5
8
18
21
23
18
20
23
23
36
40
33
32
43
34
19
23
38
42
28
19
16
2
-6
0
-9
-26
-28
-35
-56
-73
-61
-65
-94
-106
-126
-153
-146
-131
-147
-158
-146
-150
-186
-204
-167
-139
-145
-145
-134
-160
-175
-153
-148
-149
-127
-123
-158
-179
-154
-124
-130
-135
-121
-113
-91
-71
-115
-183
-125
35
94
12
-29
-6
-28
-28
95
160
48
-19
69
153
157
204
219
81
-9
109
185
72
38
122
90
29
161
284
229
272
536
813
1255
2091
2703
2377
1681
1742
2502
3023
2964
2691
2367
1838
1181
753
635
463
-60
-690
-1047
-1305
-1856
-2531
-2796
-2628
-2489
-2573
-2677
-2705
-2754
-2743
-2461
-1913
-1399
-1189
-1200
-1147
-861
-450
-144
-17
94
292
385
205
-7
45
186
130
6
19
-25
-358
-716
-728
-504
-338
-256
-204
-254
-403
-445
-261
32
287
460
574
740
1040
1321
1347
1228
1236
1359
1459
1529
1526
1347
1087
977
997
936
708
400
143
48
75
59
-72
-232
-369
-487
-507
-419
-365
-412
-428
-387
-410
-431
-342
-272
-337
-376
-285
-250
-309
-307
-319
-453
-536
-472
-438
-549
-681
-790
-809
-633
-417
-169
640
1904
2349
1523
901
1641
2725
2989
2883
3056
3045
2415
1736
1596
1691
1412
751
191
-57
-490
-1402
-2216
-2369
-2206
-2297
-2547
-2725
-2956
-3233
-3234
-2828
-2275
-1873
-1745
-1701
-1435
-994
-700
-552
-227
230
438
348
287
353
363
281
282
389
346
42
-322
-504
-509
-481
-512
-572
-616
-671
-775
-845
-686
-378
-126
48
285
516
595
697
1005
1410
1679
1746
1733
1745
1778
1752
1652
1594
1595
1513
1357
1160
872
492
182
81
66
4
-104
-232
-394
-529
-552
-439
-277
-170
-155
-184
-176
-137
-80
27
195
324
311
217
143
103
76
98
141
101
-56
-213
-269
-310
-376
-389
-306
-284
-400
-506
-518
-503
-473
-356
-220
-171
-175
-145
-108
-59
57
159
212
235
256
189
101
149
221
151
29
16
-14
-159
-297
-331
-358
-416
-457
-492
-534
-568
-586
-623
-616
-564
-522
-524
-526
-492
-452
-398
-340
-269
-231
-212
-187
-160
-120
-91
-87
-131
-136
-115
-130
-171
-107
-26
-85
-112
-41
-7
-40
47
108
-19
-82
65
216
284
424
403
197
119
366
489
392
440
466
281
-27
31
136
222
350
334
-36
-503
-509
-446
-435
-635
-885
-1335
-1787
-2007
-1535
836
3992
5124
2961
1034
2296
5179
6696
6334
5715
5107
4470
3530
2857
2486
1989
924
-257
-526
-1004
-2650
-4921
-5725
-5000
-4243
-4360
-5253
-6012
-6342
-6022
-5287
-4052
-2851
-2286
-2211
-1935
-1073
-281
390
1073
1989
2750
2903
2476
1935
1746
1812
2096
2440
2369
1145
-646
-1677
-1301
-593
-713
-1428
-2155
-2565
-2856
-2506
-1753
-1506
-1758
-1538
-581
160
404
457
699
1278
2312
2898
2679
2314
2157
2079
2168
2753
2751
1834
912
591
431
277
185
-138
-664
-904
-1062
-1395
-1365
-1137
-1107
-1216
-894
-552
-684
-751
-485
-124
166
279
177
20
-5
205
253
237
109
-102
-411
-793
-1218
-1641
-1792
-2189
-2830
-3812
-871
6051
9991
5039
-2862
-634
8098
11382
6521
4187
7894
8888
3534
-504
2716
6215
3059
-2832
-1971
2076
-294
-7999
-10841
-5550
-2011
-4599
-8177
-7610
-6086
-7512
-9028
-6547
-1897
-822
-3080
-4228
-1756
446
297
60
1920
4680
4911
3027
1260
1611
2678
2585
1782
1687
2102
749
-2186
-4081
-2883
-989
-1229
-3182
-3852
-2854
-2938
-4336
-4622
-2057
449
464
-492
326
2095
2311
2215
4767
7463
6259
3350
3680
6345
6086
4316
4354
4917
3300
1057
593
762
213
-621
-1411
-2151
-2129
-2567
-3583
-3955
-2902
-2130
-2608
-2569
-2009
-1903
-1939
-1023
7
451
464
663
785
903
1277
1308
1357
1416
1341
770
240
174
86
-300
-571
-597
-804
-1184
-1529
-1536
-1472
-1321
-1256
-1431
-1384
-1143
-949
-905
-549
-51
25
74
360
496
234
241
595
831
879
926
630
-214
-580
-422
-529
-1359
-317
3436
5923
3943
-60
-267
2767
4867
4794
4626
4741
3428
1153
454
1787
2429
1259
-482
-588
-373
-1823
-3932
-4675
-3591
-3041
-3532
-4110
-4405
-5000
-5666
-5323
-3621
-1998
-1975
-2829
-2931
-1633
-668
-374
162
1295
2066
1814
1488
1765
2460
2576
2193
2005
2420
2187
980
68
142
510
98
-339
-600
-856
-1387
-1963
-1908
-1265
-625
-702
-946
-832
-558
-371
73
730
1022
1057
1059
1133
1176
1383
1585
1622
1589
1449
1087
643
436
221
3
-72
-239
-910
-1568
-1653
-1448
-1475
-1511
-1562
-1985
-2296
-2476
-2447
-2365
-2266
-2626
-3842
-5127
-5102
-1560
5299
10995
10894
7507
4815
4267
5711
10668
16633
16702
10686
4876
3806
4536
3605
2001
2117
2577
110
-5172
-9111
-9986
-10661
-11143
-9441
-6312
-6376
-10669
-14156
-13361
-9284
-5504
-3104
-1427
-725
-1726
-2816
-1617
1849
5154
6736
7225
6759
5457
3548
2210
2465
3841
5070
4392
1693
-1806
-4423
-5344
-4900
-3842
-2910
-2992
-4780
-7263
-8335
-6946
-4577
-2716
-1225
247
1042
527
-50
1076
3833
6361
7489
7834
7725
7180
6706
6671
6858
7048
7512
6591
3824
1446
957
432
-931
-1103
-794
-2189
-4593
-5457
-5285
-4973
-4160
-3315
-3252
-3377
-3003
-2958
-2509
-775
764
959
898
1248
1119
845
1380
2077
2157
2148
1710
705
-184
-266
-137
-179
-199
-664
-1441
-2238
-2715
-2964
-2569
-1990
-1931
-2323
-2684
-2758
-2586
-1910
-1290
-781
-128
415
263
-308
-275
472
1178
1146
350
-507
-632
1169
5046
7905
6242
1774
893
4820
8491
8576
7073
6313
5530
4113
2966
3143
3468
2269
16
-871
-581
-1915
-5022
-6951
-6193
-5002
-4996
-5885
-6846
-7721
-8131
-7516
-5808
-3893
-3110
-3323
-3303
-2278
-1052
14
1144
2443
3382
3655
3350
2915
2894
3146
3293
3114
2850
2060
659
-801
-1443
-1207
-791
-866
-1905
-3182
-3759
-3388
-2820
-2307
-1778
-1506
-1567
-1399
-687
-15
567
1243
2029
2556
2703
2532
2236
2439
2964
3237
3127
2747
1979
1134
696
672
627
399
-59
-846
-1475
-1823
-2023
-2207
-2153
-2145
-2203
-2376
-2611
-2582
-2506
-2125
-1730
-1596
-2095
-2527
-2810
-2986
-3543
-4942
-7702
-3861
15113
32045
20712
-11313
-19722
8500
32178
22915
5032
7753
15343
4281
-10503
-2065
16666
13456
-8404
-13567
3127
5700
-15790
-28908
-13025
5656
674
-14132
-16357
-10111
-11877
-17263
-10291
5492
9076
-3157
-12194
-6031
3844
4744
2469
5392
11366
11104
3918
-1586
328
5876
7095
4164
2974
4180
997
-7652
-12936
-7234
2392
2769
-5683
-10872
-7700
-5983
-9777
-9846
-1219
5791
1850
-5050
-3419
3429
4268
884
3629
12815
15821
8828
3269
5176
8308
7093
7670
11726
11062
2363
-5520
-4863
398
2817
569
-2699
-5069
-6701
-8393
-7668
-3771
-1063
-2269
-4486
-3922
-2753
-2960
-2414
278
2873
3252
1765
47
-404
436
1823
2903
3706
2861
42
-2128
-1977
-763
-120
-155
-815
-1959
-3409
-4126
-3684
-2758
-2566
-2870
-2346
-2228
-3770
-5487
-5211
-4277
-4816
-3508
2506
9512
11385
8489
5723
4998
5698
9693
17088
20296
14684
5923
3268
5565
5957
4133
3827
4359
971
-5359
-8901
-8472
-8878
-11301
-11157
-7334
-6055
-10929
-15829
-15045
-10370
-6807
-4756
-2378
-1347
-3172
-5203
-3173
2266
6387
7085
6744
6766
6010
4260
3341
4539
6202
6592
5024
2337
-578
-3001
-4375
-4540
-3385
-2169
-2654
-5731
-8987
-9549
-7234
-4792
-3416
-1653
146
584
-311
259
3203
6444
8542
9816
10046
8405
6138
5367
6832
8503
8574
6193
2489
-153
-1117
-1198
-1249
-1328
-2226
-3984
-5491
-6037
-5941
-5322
-4190
-3621
-3741
-3793
-3570
-3623
-3114
-1480
233
935
656
40
-143
636
1595
2134
2285
2062
991
-204
-680
-354
-676
-1767
-3187
-4111
-4962
-5771
-7098
-7832
-8507
-3487
15220
27026
12137
-17312
-16610
15144
32243
19195
5645
12552
15501
886
-7828
8432
23579
11873
-9659
-7957
8356
2464
-18858
-22956
-3875
5576
-7061
-17512
-14286
-10829
-17054
-18546
-6146
6719
2052
-11144
-14169
-4760
3128
2943
4049
7935
10457
6657
920
250
5013
10115
9039
5028
3838
4645
-119
-8099
-9306
-574
5747
-504
-9898
-11067
-6528
-8201
-11843
-6712
2899
2846
-6379
-8940
-1399
4158
1341
1644
9790
15799
10544
2749
4424
10121
12471
10920
11019
10120
4567
-1679
-2415
2058
4547
1278
-3975
-5822
-6550
-7768
-7834
-4718
-2479
-4185
-6082
-6002
-4949
-4574
-3395
-989
1171
1003
-965
-2165
-1123
799
1632
2884
3676
2409
-490
-1483
356
1923
1736
92
-978
-2735
-4350
-5043
-4449
-4581
-6384
-7429
-6879
-7746
-2702
16128
26384
8623
-18612
-11568
21053
32352
15082
3706
13652
15502
-209
-5467
12960
23999
6724
-13059
-5265
10672
49
-20639
-19155
374
3561
-11744
-18070
-11617
-9754
-17620
-17150
-3229
6306
-1813
-13416
-12259
-1910
3728
2547
3962
7204
8305
4378
247
1337
6799
10617
7288
2554
2771
4592
-550
-8204
-7201
2483
5761
-3372
-11052
-8619
-4303
-8323
-11129
-3448
4434
-102
-9408
-7486
1942
5172
1958
4021
10609
11020
4783
3748
9946
12699
9204
6166
7787
7857
3892
-322
-869
889
716
-1867
-3616
-3772
-5679
-7956
-6663
-2820
-2502
-4941
-5491
-4503
-3908
-3418
-1750
-431
-278
-919
-1284
-468
979
1215
678
1273
1940
1320
54
-228
185
152
-377
-1250
-2472
-3973
-5065
-5142
-4233
-4539
-6439
-8258
3059
22735
23514
-1868
-21250
-1144
28300
27978
9482
7869
16813
8064
-7506
-250
21836
21082
-2689
-14412
637
8428
-8931
-22319
-11439
3849
-3398
-16969
-15935
-9373
-13425
-19796
-11941
3055
5102
-7370
-14410
-8639
1050
3597
3961
7276
8933
6149
962
256
4428
9693
9939
5054
1745
2683
1462
-5059
-8284
-2880
3958
412
-8302
-10768
-7538
-7368
-10346
-6511
1507
1911
-5966
-8686
-2024
3638
3229
3929
9121
14397
12294
3908
979
7116
14712
13911
10606
9147
2758
-5377
-3626
5148
6683
96
-5149
-6879
-8029
-6612
-4632
-3586
-2790
-3884
-6564
-7089
-4041
-2976
-3953
-1674
1325
112
-2065
-2202
-1543
-157
2093
3366
1923
552
-512
-1579
-334
1457
884
-1222
-2537
-3757
-5412
-4812
-3565
-5386
-8277
3579
24783
25309
-2820
-23648
-2090
28580
27768
9137
8801
16797
4199
-12066
-638
24137
20913
-4983
-14799
1527
7112
-11440
-21633
-7631
5881
-4501
-17001
-13297
-8011
-14850
-19849
-8471
6399
5317
-8338
-14317
-8156
842
3720
5191
8332
8074
4008
-876
-837
3892
9597
9578
3309
-385
1642
843
-6837
-9538
-1895
5129
-476
-9605
-9975
-6056
-7519
-10934
-4588
5020
3358
-7102
-8909
1518
8648
6464
4563
8148
9709
6139
4485
8013
10243
7584
4993
5689
6574
2873
-1785
-2124
884
1753
-669
-2665
-3778
-5549
-6299
-3741
-849
-1370
-4246
-5401
-4459
-3437
-2585
-1572
-445
-470
-1422
-1486
-426
251
198
1020
2124
1633
-129
-912
-464
-780
-1660
-2063
-1947
-3158
-4798
-5466
-4691
-6094
-3230
14830
27478
12500
-16790
-14788
17539
31191
15927
6104
15408
13070
-5978
-8786
14370
25263
5347
-14087
-5543
8683
-3858
-21315
-15056
2715
644
-14946
-15948
-8106
-11015
-20220
-15194
799
6575
-3998
-13072
-10284
-2749
1814
3886
8159
8947
5028
366
-735
3062
8412
11033
6674
894
337
2068
-2049
-7391
-4654
2619
2033
-7066
-10838
-7711
-6713
-10350
-8123
1008
4236
-2639
-8365
-4150
2761
6068
7910
10519
9416
3948
1273
5416
11323
12091
8722
5091
3037
1261
308
1343
2734
1701
-1280
-2614
-2888
-4455
-6111
-4500
-1600
-1413
-3534
-4944
-5032
-4918
-3762
-1612
126
-156
-1815
-2685
-1773
196
1305
1490
1508
1259
766
94
-495
-1212
-1615
-1761
-2501
-3078
-3992
-4875
-7191
2105
21775
24625
312
-21501
-4030
25156
25935
9266
8432
16010
4816
-10438
-400
22567
19618
-4062
-13158
1497
6285
-11124
-19550
-6893
3887
-6717
-17105
-12008
-7806
-15581
-20192
-8728
4410
2453
-9512
-13046
-7120
-275
2333
4534
8391
7848
3757
-370
838
6385
10949
9515
3537
1218
3116
1433
-5585
-6517
444
3724
-3496
-10347
-8290
-6273
-9976
-11866
-4035
2872
-1785
-9667
-6759
3687
6252
2442
3395
9065
9319
5499
6896
11112
10061
5714
5783
8396
7998
3446
-293
-367
1291
1058
-1147
-1799
-2551
-5422
-7093
-4444
-1937
-3573
-5812
-5438
-4716
-4797
-3771
-2215
-1354
-1507
-1692
-966
358
1153
918
1261
2614
2594
1384
610
297
-633
-1517
-1680
-1758
-3064
-4522
-6748
-4374
13567
26953
13205
-16194
-17749
13663
29444
15793
4918
12658
11166
-6894
-9275
14129
25975
6114
-13860
-6507
8939
-711
-17623
-13175
2299
808
-14171
-15013
-6912
-9904
-19620
-15584
-46
5472
-4868
-14081
-10929
-3109
1350
2496
6041
8190
4826
-252
-1601
3762
9994
11267
6241
1519
2158
2746
-2173
-5874
-1006
4290
182
-8526
-9355
-6032
-7991
-11301
-7047
971
-201
-8068
-9259
-2574
2137
2890
6969
12961
8802
-895
-458
10166
16233
12490
8597
6651
2316
-657
2364
6748
6073
364
-4447
-4643
-2339
-2204
-4799
-4332
-2042
-3560
-6572
-6142
-4391
-5486
-5875
-2722
-331
-1324
-3172
-3626
-1749
1353
2949
2714
2286
1951
472
448
2558
2808
32
-1620
-1643
-2407
-4379
-4373
-5253
1745
20131
24900
2619
-21701
-8700
21998
26380
10852
7949
14208
2965
-13274
-3044
22532
22031
-3144
-14672
-798
6542
-9257
-17670
-4977
5365
-5562
-17295
-11267
-5612
-13538
-19745
-9334
4244
2797
-9048
-13574
-8209
-1937
1218
3891
8037
7213
1458
-3025
-1290
5912
11359
10152
3746
276
1884
1388
-3660
-4179
2358
4537
-2662
-9369
-7320
-5333
-8862
-9917
-3047
2607
-2287
-9411
-7464
3004
8517
4719
778
3467
7133
6290
7233
10990
9537
2666
1517
6664
8045
3999
936
54
-891
-363
640
-155
-2201
-4080
-5221
-3987
-1192
-1902
-5180
-5862
-4465
-4714
-4314
-1871
-1309
-3331
-3624
-1103
394
468
774
1597
2193
2039
944
647
960
119
-2030
-1836
-596
-1492
-5617
-2305
17240
28396
11236
-17268
-13907
17493
28848
13480
6371
14385
7318
-12226
-8079
18405
24067
-158
-16430
-6045
5298
-5997
-17229
-8570
2146
-4817
-16901
-12460
-5009
-11235
-18914
-11320
2168
3226
-6128
-11277
-8243
-3110
1741
5297
7753
6757
2793
-612
-1280
3588
10247
11114
4397
-1307
379
2181
-2482
-5666
-467
3763
-1668
-9118
-7870
-4315
-7643
-10722
-4934
2391
-420
-8253
-7314
-844
6187
10121
7090
1059
1332
9433
11707
8447
8560
7681
913
985
8457
7832
-673
-3353
-970
-1924
-523
1994
-2330
-6987
-4889
-2440
-3242
-1800
-1195
-6325
-8369
-3545
-1384
-2820
-1829
-1644
-3822
-2721
1077
1123
83
2169
2691
1129
1447
2042
-115
-965
-428
-1218
-2501
-1374
-3799
1869
21823
27404
2524
-22098
-5096
25930
25985
8806
8660
14865
1156
-14621
-1031
24078
19521
-7250
-16440
-1093
4400
-11922
-17735
-3808
2914
-10073
-18826
-9595
-5085
-14812
-19292
-7318
4891
1613
-9272
-12277
-6813
-750
2780
5387
8027
6341
1087
-2046
205
6930
11483
8870
1786
-1116
2114
2014
-4014
-5045
1782
3509
-4691
-10329
-5443
-1991
-7295
-10169
-3608
2711
-1014
-6845
-4707
863
2316
2215
5156
7539
5416
3202
4654
6962
7389
6626
6045
5256
4022
2528
943
585
1266
913
111
-613
-2576
-4928
-4527
-2343
-2383
-3769
-3800
-4136
-5887
-5890
-3276
-1357
-1511
-1993
-2053
-1738
-970
288
1380
2514
2658
1605
919
419
2
-800
-84
-103
-1047
-3215
4522
22147
25097
3641
-17566
-4299
23299
25862
10513
8135
12200
-112
-13607
-165
22503
16795
-8130
-15735
-2221
2135
-11156
-15821
-4788
-238
-10779
-17271
-9036
-5309
-14386
-18223
-7004
4076
790
-8288
-10165
-6145
-2191
2150
6719
8287
4612
-334
-1826
631
6242
10481
8085
1207
-2057
600
1352
-2667
-3657
780
1796
-3745
-6613
-3856
-3963
-8734
-7839
-160
3389
-861
-3935
-2083
-996
-236
4206
8885
7315
2260
959
3347
4983
5692
6738
6613
3943
584
141
2091
2732
939
-242
945
604
-3040
-5143
-3104
-1114
-2218
-3515
-3201
-3880
-5918
-5857
-2751
-171
-871
-2880
-2702
-1104
-645
-484
1269
3165
1831
-773
-1142
479
525
-177
-681
152
-1623
4334
21723
26960
6373
-16803
-4734
23914
27265
11142
8768
13032
326
-14391
-1255
22141
16624
-8594
-16933
-3788
1002
-11256
-15691
-5293
-1746
-12121
-17509
-8596
-5504
-15101
-17979
-6518
3526
247
-7105
-8387
-5796
-2673
2846
8083
8944
4768
-243
-1864
229
5856
10546
8108
475
-3454
-579
1069
-2784
-4099
-112
1234
-3371
-6354
-4659
-4869
-7760
-5679
644
2892
-615
-3481
-2104
1307
4093
5184
5188
4800
3756
2473
3602
6156
5806
2919
2603
4223
3179
681
332
861
285
228
781
-216
-2254
-3502
-3904
-3374
-2250
-2311
-4185
-5437
-5004
-3954
-2777
-1719
-1998
-2765
-1811
-194
127
271
1313
1275
-291
-721
338
1052
-380
-1179
-1138
2099
17415
28630
16910
-9602
-12900
13877
30879
20514
9589
11962
6429
-9720
-8976
14307
22559
1690
-17320
-11415
522
-5911
-17106
-12083
-2119
-6195
-16271
-13975
-6267
-10761
-18635
-12815
1343
5243
-3305
-10315
-8674
-3268
1974
6511
9203
8035
2420
-2671
-2424
3613
10054
9343
2043
-3165
-1830
-95
-3496
-6176
-2027
1450
-2992
-8680
-6957
-3712
-6715
-9482
-3407
3914
2377
-4335
-1787
9686
9934
1065
627
10190
11340
4175
5118
9682
3687
-3044
2267
7575
4082
-1137
-1649
-2214
-2104
65
26
-633
-190
-2828
-6280
-3499
247
-2826
-6155
-3307
-2557
-5923
-4901
-1483
-2526
-3899
-1231
436
-658
-233
988
118
40
866
519
-89
478
-1349
-3036
-2171
5757
22193
28194
10940
-14514
-9050
21052
31670
16263
9323
14073
3965
-12580
-4327
20170
19588
-4536
-16846
-6123
1510
-9632
-18712
-10333
-1339
-7946
-16910
-11756
-5615
-13605
-19976
-9922
4347
4421
-5245
-10045
-7475
-2430
3136
7731
9389
7423
2008
-2531
-1678
4785
10026
7497
135
-3557
-1432
-637
-5215
-7583
-2599
754
-3522
-7828
-5698
-4787
-9011
-8469
153
5293
736
-4637
-3777
28
3255
7551
11101
9646
4309
1455
4312
8565
9614
7861
5381
2765
742
531
1643
1186
-1031
-1725
-685
-1009
-3421
-4950
-3907
-2546
-2322
-1992
-1654
-3278
-6163
-6108
-2386
495
-250
-2413
-2982
-2302
-1877
-867
1156
2247
453
-1509
-1235
394
-361
-1773
-2029
-465
-1544
2873
20985
29047
9907
-16704
-8117
23486
31922
14701
7796
13470
4211
-11415
-3069
21000
19205
-6093
-17485
-4567
3177
-9680
-18942
-9927
-1773
-9164
-16551
-10743
-6262
-15044
-19747
-8523
4406
3133
-6240
-10276
-7348
-1702
4278
8384
8339
5461
1736
-516
475
4949
9144
7251
481
-2934
-403
400
-4961
-8017
-2955
804
-3901
-8872
-7006
-5654
-9495
-9776
-1499
4176
275
-5681
1137
9778
4827
-2161
6111
18424
12032
2111
5403
9061
828
602
11106
10672
-1517
-5769
-1002
-654
-998
261
-657
-2369
-2290
-4765
-6117
-1239
417
-5346
-5990
80
-2002
-8399
-5207
1035
-1018
-3246
-236
469
-1961
-1667
710
1671
2435
1576
-1468
-1563
179
-1638
-4121
-536
115
4280
21166
28570
6378
-19484
-5300
26316
29986
11996
8370
12885
1507
-11384
-2
21663
17075
-7083
-16239
-2541
3669
-10733
-19160
-8112
-308
-9206
-15824
-9611
-7592
-17321
-19036
-5668
5404
1917
-7703
-11266
-7359
-707
4846
7915
7953
5245
952
-1059
1101
5453
8526
6397
729
-1657
855
345
-6168
-8246
-1607
2665
-2114
-7072
-6960
-7467
-9411
-6170
1472
4092
-679
-5188
-4104
317
4030
6296
8556
8637
5051
1478
2772
6468
7248
6202
5936
4807
1559
-353
216
796
746
1169
890
-1128
-3494
-4705
-4354
-2599
-859
-1451
-3662
-5297
-5765
-4968
-2483
-157
-490
-2171
-2501
-1524
-577
-96
590
927
549
81
-30
-617
-1424
-2494
-1754
-673
9731
25788
24711
232
-18239
492
28813
28733
10629
8041
11701
-199
-10888
2577
21070
11592
-10845
-13841
459
1549
-14411
-20472
-8392
-333
-7800
-14243
-10507
-10007
-18288
-17863
-3445
7383
1951
-9407
-12126
-6139
1528
5981
7229
6838
5656
2431
-513
948
5947
8342
4715
391
592
1889
-2090
-8444
-7512
945
3714
-3027
-8775
-7813
-6806
-8161
-4772
2139
2539
-2387
-3746
-1770
-314
1968
6784
8663
6065
3707
2824
2123
3942
7222
7271
4782
3203
2332
380
150
1589
1561
1018
1336
-53
-3204
-4346
-3372
-2817
-2231
-934
-2233
-5662
-6333
-4182
-2792
-2143
-892
-669
-1825
-1913
-621
-26
-107
198
439
685
330
-568
-2023
-2103
-1925
5515
22748
28640
8688
-15485
-6430
22558
30021
14372
8157
13012
4579
-9119
-2921
16072
14428
-5815
-14059
-2885
2776
-10337
-20973
-13388
-2097
-4864
-12438
-11499
-9318
-15695
-19147
-8418
4494
4045
-5865
-10704
-7188
-1083
3465
6129
6912
6178
4262
1596
670
2877
6195
6018
2503
805
1821
107
-6229
-9437
-4124
2605
2137
-3711
-8314
-9923
-8882
-4609
756
2841
1611
-94
-2585
-4100
-1246
4435
7213
6380
5749
4215
437
-931
3263
7757
7799
5151
2637
583
-237
763
2000
2698
2804
837
-2526
-3604
-2523
-2564
-3358
-2116
-661
-2265
-4846
-5149
-4149
-3355
-2002
-22
308
-1075
-2536
-2528
-1450
-287
388
721
872
-390
-2623
-3517
-2192
8406
25286
27399
5253
-15472
-2616
25435
29381
12097
7072
13327
6515
-6619
-1652
14609
11460
-7266
-12662
-64
4322
-11656
-24539
-16203
-1486
-2096
-11735
-13808
-11195
-15733
-19244
-8799
5342
4819
-7667
-12903
-5918
2094
3485
2843
4848
7135
6084
2684
1612
3126
4472
3761
3190
4597
4484
-656
-7656
-8481
-2128
3248
703
-5483
-7798
-6665
-6140
-5251
-1538
1146
-394
-2591
-1377
418
41
-96
2243
5636
6789
4770
1099
-229
2306
5577
6403
5632
4520
1823
-628
213
3324
3750
1391
-193
-351
-856
-2106
-2827
-3081
-2433
-1408
-1146
-2389
-3953
-4596
-4445
-3025
-391
1154
-402
-2624
-2727
-1618
-1134
-665
610
586
-911
-2170
-2048
-2263
4843
20789
27121
8892
-13683
-5595
22966
31369
12943
2724
11493
12994
-462
-4452
9396
13845
-1717
-12841
-3058
7219
-4726
-23390
-21623
-3620
2781
-8516
-17359
-14212
-12121
-16327
-13645
-1279
4296
-5077
-13753
-8917
1191
3339
-301
-36
4904
8109
5464
1482
1015
3496
4757
4103
4869
6224
3338
-3833
-7595
-3634
3198
4737
-275
-6235
-8033
-5898
-3232
-1515
-598
-1304
-3793
-4361
-807
2240
347
-2548
-21
5264
6005
2162
-270
873
3171
5175
6386
5765
2939
206
229
2714
4740
3588
444
-875
356
842
-1082
-2916
-2587
-1388
-1002
-932
-1542
-3547
-5328
-4266
-1032
730
-574
-2592
-2754
-1711
-1262
-1412
-796
-29
-119
-1072
-1186
-1480
252
9665
21474
18921
-976
-12102
4074
26632
24112
5033
295
10935
13010
2067
-1988
5717
8142
-601
-5875
243
4444
-5292
-18409
-16901
-3160
3378
-5080
-15309
-15649
-11430
-10562
-10152
-6241
-3861
-6844
-9672
-6674
-2285
-2430
-4533
-3395
1104
4641
4494
1777
-507
-513
1189
3486
5719
6402
3535
-645
-1307
1845
3870
1862
-799
-415
1900
1941
-1049
-3848
-3465
-823
857
625
-89
-907
-2546
-3174
-1134
1525
1545
-219
-609
724
1717
1484
1092
1057
1446
2426
3484
3188
1425
187
1146
2914
3153
1975
1175
1436
1629
1219
384
609
1520
1348
496
493
612
-419
-496
128
-45
-415
-441
-123
-148
-630
-843
-318
120
-56
-402
0
1130
1246
-107
-650
1313
3887
4046
1860
72
310
1496
1938
1459
525
-614
-1181
-460
458
-216
-1855
-2171
-723
343
-321
-1278
-1026
-109
-160
-1009
-1050
-190
166
-487
-1187
-1029
-387
-293
-796
-1396
-1657
-1692
-1704
-1741
-1814
-2039
-2490
-2853
-2842
-2591
-2585
-2778
-2789
-2227
-1728
-1816
-2001
-1889
-1571
-1265
-787
-244
-102
-337
-324
27
246
227
457
834
889
707
700
1079
1385
1367
1363
1723
1956
1765
1735
2240
2778
2618
2291
2521
3040
3001
2422
2282
2903
3313
2726
2054
1944
1898
1460
1066
1140
996
184
-533
-508
-328
-813
-1705
-1845
-1235
-948
-1454
-1918
-1644
-1255
-1396
-1485
-846
-206
-384
-1036
-879
6
330
-162
-366
121
174
-532
-819
-113
257
-604
-1539
-1298
-540
-531
-1069
-1123
-645
-474
-901
-894
-32
482
59
-283
456
1451
1451
773
800
1521
1831
1588
1521
1856
1901
1574
1320
1182
885
620
592
378
-149
-582
-670
-693
-874
-1145
-1304
-1353
-1462
-1692
-1786
-1487
-1135
-1278
-1608
-1475
-1217
-1434
-1806
-1599
-1108
-1061
-1519
-1770
-1485
-1192
-1317
-1530
-1202
-716
-797
-1165
-887
-156
29
-314
-211
640
1242
1005
776
1389
2160
2128
1659
1799
2500
2606
1938
1603
2025
2257
1753
1244
1401
1614
1071
482
708
1129
769
111
239
803
723
51
15
715
970
437
77
455
657
184
-105
379
573
-268
-1075
-804
-174
-470
-1412
-1740
-1271
-1132
-1632
-1873
-1423
-1225
-1765
-2060
-1368
-619
-848
-1292
-885
-22
5
-542
-442
403
746
215
13
627
1086
606
133
440
952
855
519
544
602
256
-118
199
830
978
593
390
563
610
430
567
1047
1133
667
316
471
552
137
-318
-224
127
41
-527
-1000
-1086
-1100
-1260
-1363
-1245
-1251
-1649
-2049
-1853
-1236
-993
-1356
-1646
-1376
-966
-892
-899
-662
-480
-636
-690
-202
349
254
-178
-132
361
534
276
245
593
780
651
754
1168
1275
912
869
1512
1981
1596
1096
1397
1989
1934
1536
1638
1920
1632
1137
1210
1452
1056
361
243
528
388
-233
-683
-691
-656
-844
-1070
-1096
-1003
-1027
-1203
-1341
-1229
-949
-733
-656
-590
-499
-534
-638
-541
-218
-31
-136
-193
46
247
2
-375
-277
196
357
52
-159
-84
-167
-517
-587
-173
179
46
-249
-297
-188
-119
-42
102
134
54
90
265
309
138
21
115
376
630
653
347
57
165
498
605
433
291
245
218
257
395
399
67
-332
-368
-43
159
-68
-573
-937
-882
-556
-431
-767
-1178
-1203
-975
-956
-1171
-1239
-1072
-961
-988
-884
-578
-414
-564
-596
-114
483
552
263
331
818
1107
990
927
1150
1325
1255
1207
1301
1290
1071
919
968
970
758
531
455
402
243
112
167
276
223
55
-51
-73
-49
74
304
405
160
-173
-150
188
321
60
-150
-12
132
-64
-364
-411
-325
-385
-500
-464
-420
-586
-786
-755
-610
-602
-630
-496
-390
-586
-811
-634
-252
-218
-497
-548
-241
-30
-172
-342
-232
4
98
114
189
179
-16
-96
201
539
451
92
-34
202
514
654
553
323
197
296
486
572
518
374
156
-59
-92
48
42
-299
-661
-622
-360
-415
-805
-982
-738
-466
-430
-417
-299
-287
-413
-353
14
294
215
94
286
575
571
417
455
600
604
588
631
497
191
89
230
244
61
-42
-67
-177
-303
-323
-281
-175
-12
10
-125
-113
135
327
365
444
561
552
469
510
700
820
677
414
409
622
525
72
-71
243
337
-64
-431
-450
-419
-491
-525
-500
-547
-633
-653
-633
-663
-737
-710
-551
-453
-537
-571
-405
-282
-382
-467
-301
-45
30
-122
-325
-348
-136
95
134
67
88
131
75
72
316
557
441
161
208
530
634
419
265
325
325
142
59
173
151
-151
-356
-189
-27
-263
-589
-504
-170
-75
-183
-172
-111
-217
-256
25
294
170
-11
197
536
524
330
374
551
532
398
387
412
235
-46
-99
78
134
-121
-390
-391
-288
-327
-405
-345
-237
-239
-296
-252
-84
82
137
114
155
307
437
452
439
489
494
381
328
447
500
280
63
174
371
213
-154
-270
-153
-151
-282
-299
-235
-327
-508
-516
-380
-378
-505
-495
-315
-232
-337
-398
-302
-200
-192
-200
-170
-126
-135
-257
-367
-236
41
89
-162
-326
-196
3
44
10
60
147
148
133
237
365
298
126
156
357
402
240
132
153
131
56
83
170
145
4
-59
26
100
49
4
61
101
58
79
190
177
12
-28
148
284
227
115
57
33
43
108
130
6
-180
-242
-153
-87
-156
-288
-367
-409
-398
-247
-40
-47
-292
-384
-127
185
285
267
268
256
244
336
514
622
566
404
261
253
362
396
218
-12
-56
39
30
-127
-266
-299
-289
-290
-262
-238
-299
-397
-393
-273
-179
-174
-204
-205
-169
-101
-24
-11
-71
-118
-63
32
16
-97
-166
-144
-118
-127
-126
-154
-264
-359
-285
-130
-112
-234
-292
-207
-119
-106
-71
9
19
-37
0
146
211
127
72
141
220
225
227
247
211
158
190
281
307
256
231
267
316
341
324
285
280
344
399
371
301
261
232
194
199
227
165
-7
-130
-124
-95
-152
-249
-287
-284
-326
-420
-462
-378
-248
-231
-332
-353
-201
-39
-36
-90
-33
82
127
136
195
241
152
28
59
224
273
90
-118
-140
-27
6
-88
-190
-239
-245
-210
-133
-123
-240
-321
-204
-20
1
-94
-85
33
65
21
75
210
223
111
89
208
253
142
39
68
141
116
25
-40
-59
-80
-122
-165
-191
-203
-216
-221
-236
-261
-280
-256
-191
-145
-138
-137
-129
-126
-103
-34
35
29
2
43
141
193
170
158
193
226
235
254
311
376
377
301
231
262
378
451
412
331
272
204
130
126
189
169
14
-97
-43
17
-77
-200
-146
-19
-71
-253
-298
-159
-58
-117
-188
-147
-68
-44
-41
4
54
29
-36
-48
8
48
-18
-150
-187
-102
-68
-192
-319
-299
-249
-308
-363
-281
-215
-331
-468
-372
-164
-128
-234
-213
-54
10
-66
-72
79
211
193
138
172
246
264
234
254
329
354
276
185
189
262
277
209
164
180
155
43
-18
57
132
57
-78
-118
-85
-80
-99
-98
-106
-172
-223
-200
-152
-135
-149
-156
-161
-154
-116
-71
-52
-41
-9
17
31
73
154
200
186
157
164
215
271
304
307
285
231
152
122
176
229
178
72
28
30
-25
-115
-112
-38
-22
-89
-148
-154
-136
-104
-75
-94
-121
-57
52
34
-96
-112
18
77
-9
-45
22
4
-151
-199
-45
33
-138
-319
-277
-170
-217
-320
-293
-221
-284
-398
-351
-186
-138
-230
-253
-117
16
21
-22
27
149
221
220
217
246
261
234
234
310
379
327
171
83
158
279
286
171
62
27
25
38
83
110
38
-87
-129
-68
0
-6
-51
-82
-93
-104
-104
-80
-47
-41
-82
-117
-94
-29
-9
-56
-78
-26
24
17
11
60
98
63
22
74
164
174
114
95
133
142
109
98
115
93
44
48
91
54
-63
-129
-74
-11
-33
-85
-106
-118
-139
-121
-51
-2
-18
-40
-4
44
45
27
30
55
68
67
47
-6
-65
-82
-60
-71
-143
-219
-234
-215
-212
-241
-291
-324
-313
-261
-216
-207
-212
-192
-151
-98
-51
-10
26
59
98
156
211
214
184
178
232
299
301
243
201
199
187
155
148
179
160
69
-10
3
46
25
-16
-3
22
-20
-85
-79
-5
46
33
-7
-37
-25
13
39
35
28
34
33
12
9
48
73
45
5
25
75
59
-2
-8
51
47
-36
-68
-10
20
-50
-108
-63
-21
-84
-150
-103
-20
-42
-129
-151
-88
-54
-87
-99
-57
-32
-75
-118
-81
11
56
12
-33
-4
62
84
67
84
145
155
83
39
102
180
156
65
20
38
32
-14
-42
-29
-45
-126
-201
-187
-133
-146
-225
-256
-197
-138
-155
-191
-150
-77
-59
-68
-7
106
143
86
68
153
234
218
178
200
234
185
104
96
145
146
76
19
10
-2
-52
-75
-47
-24
-50
-83
-78
-49
-41
-48
-28
1
14
16
25
21
-4
-6
23
43
26
6
8
11
-11
-32
-16
2
-4
-19
-20
-22
-48
-61
-29
3
-7
-40
-42
-33
-55
-74
-28
34
9
-68
-86
-36
-6
-28
-34
5
14
-27
-56
-26
28
46
39
38
53
70
71
66
77
107
129
117
92
90
100
81
46
49
72
63
13
-25
-29
-36
-64
-77
-57
-52
-94
-145
-144
-107
-91
-103
-104
-89
-77
-78
-69
-29
15
42
41
48
75
90
97
114
136
138
112
88
78
73
61
43
24
-5
-45
-76
-83
-79
-90
-113
-127
-126
-121
-123
-110
-84
-67
-61
-52
-38
-20
-5
19
45
57
61
61
58
61
73
87
98
86
66
51
42
27
15
24
33
8
-37
-55
-50
-44
-60
-66
-46
-35
-58
-90
-74
-37
-16
-24
-29
-11
-2
-8
-11
21
61
60
41
36
56
69
62
59
82
102
88
55
53
77
78
51
33
44
41
6
-21
-14
-2
-14
-38
-42
-37
-49
-68
-68
-47
-32
-38
-45
-40
-33
-29
-24
-9
12
19
13
0
-5
-2
3
7
11
15
7
-13
-29
-24
-14
-10
-11
-16
-24
-37
-46
-44
-31
-21
-18
-29
-37
-33
-25
-14
-7
1
6
4
-7
-11
5
22
28
26
23
22
22
22
29
35
44
46
46
41
34
25
28
40
38
31
21
11
-1
-9
-10
-3
-4
-15
-28
-29
-19
-16
-19
-21
-19
-13
-7
-6
-5
-3
2
4
13
17
16
4
-5
5
20
28
16
-3
-10
-9
-1
1
