SAMPLES:	10999
BITSPERSAMPLE:	16
CHANNELS:	1
SAMPLERATE:	16000
NORMALIZED:	FALSE
1
2
2
0
-2
1
-1
-1
-1
0
1
-2
-1
-1
0
-2
-2
0
-3
2
1
2
0
1
4
1
3
1
5
2
0
2
2
4
0
0
-1
-1
-1
1
0
-2
-4
-4
-1
-1
-4
-3
-3
-2
-1
0
2
3
2
2
3
1
0
1
3
0
1
-2
0
-1
0
2
-3
-4
-5
-5
-2
-2
0
-3
0
-1
-1
1
1
2
2
0
-2
1
2
2
6
4
0
2
0
-2
-2
-1
-4
-4
-2
0
0
0
2
-2
-1
3
2
2
3
3
1
-1
2
2
3
4
3
2
-2
1
0
-1
-1
2
-1
0
2
1
1
2
1
-2
-2
-4
-4
0
0
-1
-2
0
1
-2
-2
1
0
-2
-1
-1
0
-1
-2
-3
-1
0
0
-1
-1
0
-1
-4
1
2
-1
3
0
1
3
4
4
0
-2
-1
-2
-3
-3
-2
-2
-4
-3
-3
-8
-7
-4
-3
-3
-1
-1
0
1
2
2
0
2
2
-1
0
2
3
2
3
3
4
2
4
1
1
1
4
3
1
1
2
5
2
4
2
1
1
0
-3
-5
-5
-2
0
0
1
3
3
0
0
1
4
5
1
-1
1
3
2
0
1
2
0
0
0
1
1
-2
-2
0
1
1
3
-3
-2
-3
-4
-2
-4
0
-2
-3
-2
-1
-2
-5
-1
-1
0
1
0
-4
0
-1
-4
-4
-1
-1
-4
-1
1
1
1
0
2
0
-1
5
-1
1
2
0
0
-1
3
2
-2
-1
-1
0
-2
-1
2
-1
2
2
0
-3
1
-3
0
-1
2
4
2
3
1
2
0
2
4
2
3
0
0
-1
-1
0
2
-1
2
1
2
1
-2
2
2
-2
2
0
-3
-2
0
1
-1
-3
-3
3
0
-2
-1
0
-1
-1
2
0
0
0
3
2
3
4
2
0
2
1
-4
-4
-5
-2
1
2
-2
0
1
-2
-2
1
1
-1
0
3
1
0
0
-1
0
2
2
1
-1
1
1
-3
1
-2
-3
-3
-1
-5
-6
-4
0
3
0
-5
-5
-2
-5
-1
1
0
1
0
3
3
3
0
-2
-1
4
2
4
1
1
2
0
1
3
3
3
4
2
2
3
1
-1
0
1
1
0
-3
-5
-2
-2
0
-4
0
1
-2
-2
-1
-2
-2
-1
-1
-1
-1
-2
-3
-1
-3
0
0
1
4
4
5
6
6
7
2
1
-1
-3
-1
-1
1
1
-3
0
0
1
1
0
-1
-2
1
4
3
5
4
1
-1
-4
-4
-3
-3
-3
-2
-2
-2
-5
-1
1
-1
-1
1
-1
-3
0
0
0
0
0
1
1
1
0
2
-2
-2
0
2
-1
-1
3
2
-1
-2
-3
-2
-1
-1
2
-3
-2
-2
0
1
-1
-2
-2
-1
-1
2
1
2
0
3
4
2
3
4
0
-2
2
-1
-2
2
-1
-1
1
0
0
-1
2
3
2
3
1
2
3
0
3
4
1
0
3
7
2
-2
-1
-1
-3
-3
0
-2
-2
0
0
-1
-1
-1
-1
-1
-4
-2
-1
-3
-4
-2
-1
-1
-1
0
2
1
0
-1
-3
0
-1
-3
2
4
3
0
0
-2
2
0
0
1
-1
-1
0
2
1
4
3
4
3
-1
0
-3
-2
2
4
1
0
1
2
4
0
-1
2
2
-1
-3
-2
-3
2
0
-2
-2
-4
-3
-3
-4
-5
-5
-5
-1
1
0
-1
2
1
-3
-1
-4
0
1
0
-1
0
2
0
0
3
2
3
6
5
6
6
2
3
3
-1
4
2
1
3
-2
0
4
2
0
1
0
1
-1
-1
-2
-6
-3
-3
-4
-1
0
0
-3
-1
-2
-1
-6
-9
-5
2
3
0
-2
-2
2
5
3
0
5
4
3
0
-2
-1
0
1
1
-2
3
1
1
0
1
3
2
0
-2
0
-3
3
2
-1
-2
1
1
1
0
-3
-4
-2
-2
-9
-5
-1
4
-4
-6
-2
1
2
-2
0
2
7
6
3
-2
-2
3
1
-3
-2
3
5
3
-4
-1
5
7
-1
-7
0
7
0
-10
-4
5
10
0
-8
4
9
1
-6
-8
4
7
-5
-10
-3
8
3
-3
-3
1
3
3
-7
-1
6
2
0
-3
7
9
5
-1
3
6
3
-4
-3
2
-2
-7
-4
6
1
-3
-3
6
5
-5
-8
9
8
-5
-3
3
7
-8
-4
0
1
-3
-1
0
-4
-2
-2
-1
-2
-4
-1
-2
-2
3
-4
-3
4
1
-3
-7
0
3
3
-1
2
6
0
-7
-4
8
2
-7
-2
19
3
-19
9
26
-10
-35
18
42
-16
-36
21
37
-24
-28
24
29
-24
-26
22
23
-14
-19
23
19
-12
-8
-1
6
-6
-12
17
13
-33
-6
43
-5
-29
3
2
-1
-2
-12
18
15
-42
0
43
-20
-40
21
23
-25
-25
15
30
-24
-21
42
-4
-52
50
65
-80
-60
87
48
-85
-29
84
4
-96
26
113
-64
-136
94
129
-125
-90
158
32
-151
16
122
-40
-72
79
17
-114
21
168
-39
-186
51
173
-44
-124
56
40
-62
27
90
-61
-121
90
132
-98
-99
104
28
-111
3
76
-19
-49
-16
37
31
-56
48
61
-173
-5
266
-57
-265
83
227
-61
-202
5
214
29
-216
-15
179
-61
-59
85
-132
-12
209
-29
-116
-65
-41
271
102
-433
31
384
-208
-166
318
-75
-320
232
191
-289
-55
279
-30
-290
78
278
-167
-250
273
160
-360
-1
318
-98
-210
105
130
-84
-59
87
-17
-83
23
131
-17
-177
32
128
19
-82
8
38
-45
-69
84
195
-233
-54
224
-200
55
129
-125
-11
3
89
-5
-150
82
220
-289
-58
429
-243
-242
268
107
-86
-75
-32
-37
141
65
-95
-39
-86
143
-92
-94
414
-119
-506
105
489
-108
-280
79
29
1
28
-151
91
323
-341
-207
307
32
-207
108
288
-301
-405
397
493
-533
-400
560
250
-541
-1
326
-188
-17
205
-84
-171
147
-123
45
205
-39
-161
-106
185
-8
116
-90
-215
357
-207
-129
405
-236
-267
501
53
-533
61
324
45
-53
-284
-3
174
101
64
-243
-297
371
396
-404
-414
409
415
-586
-60
404
-179
-98
320
-262
-296
511
117
-405
-149
252
309
-242
-548
582
474
-883
-60
603
39
-384
30
278
-333
-144
632
-77
-517
60
177
385
-339
-443
549
327
-706
94
236
-102
171
-74
-142
-78
-39
243
335
-533
-276
666
-17
-730
535
425
-465
-591
441
676
-273
-807
328
845
-915
52
681
-529
-365
554
270
-552
21
207
-75
-196
393
89
-473
16
138
85
46
159
-163
-591
174
948
-94
-1118
171
1036
-570
-395
491
102
-344
-88
243
80
-65
-44
5
-267
347
272
-363
-212
93
204
6
-108
131
-138
-17
11
-119
430
-134
-391
197
359
-432
-45
300
16
-231
-41
319
-452
202
559
-443
-553
367
428
-87
-430
76
593
-366
-631
238
789
57
-811
-362
892
132
-789
240
533
-237
-520
0
730
175
-857
-205
905
-69
-866
574
489
-592
-313
608
-175
-279
497
-88
-755
558
881
-1236
-271
1142
-193
-885
690
637
-1103
-364
1124
375
-1066
-314
899
12
-811
498
504
-460
-397
189
508
-456
-43
487
-529
95
574
-670
-73
664
-232
-708
578
564
-716
-278
977
-222
-1225
812
792
-598
-488
202
190
166
-164
252
-37
-865
-77
1010
692
-978
-433
261
109
-301
251
1030
-367
-1981
864
1992
-1256
-1199
994
455
-666
191
434
-207
-521
-173
678
487
-492
-876
430
910
-636
-30
444
-601
-506
471
840
257
-1030
-755
719
982
-582
-768
604
12
-132
201
301
-215
-920
-191
1717
317
-1816
-268
1478
228
-1303
137
1133
-478
-1423
1028
1661
-1255
-1344
713
839
-454
80
2
21
-33
-760
455
904
-269
-1086
418
843
-564
-875
1039
1006
-1677
-559
1569
-136
-1013
794
345
-693
-20
272
-222
287
-191
117
-6
-176
539
-430
-462
760
177
-909
292
593
-416
20
253
-812
286
950
-649
-367
442
-283
-85
1125
-920
-854
735
783
-333
-1027
1287
-149
-1590
1161
1081
-1648
104
1315
-1177
1
950
-639
-610
406
313
444
-362
-547
497
-278
82
145
-284
321
100
-192
-23
178
-265
-345
295
559
190
-1011
438
222
-730
706
-147
-455
273
1002
-618
-831
235
785
-476
-855
1634
-482
-994
1396
113
-1900
308
1581
-1113
22
1597
-1420
-289
405
-854
1289
437
-1554
450
-134
678
1030
-2214
536
1049
-1902
956
1483
-1424
365
-488
-451
1388
-226
-394
-146
-660
1061
267
-820
972
-519
-1620
1501
594
-242
667
-2367
-175
2721
-276
-1783
1073
242
-1719
1725
-584
-257
1941
-2385
-336
1990
-767
-802
1992
-1664
-1434
3401
-822
-2361
2026
583
-1699
44
699
575
-781
-590
1312
60
-1260
550
182
-784
737
247
-53
183
-872
-540
1197
694
-1180
-298
773
-376
502
-182
-782
849
351
-830
-256
344
30
415
132
-62
-415
-1371
1465
1122
-968
-949
71
1281
-373
-547
503
-90
-483
625
-168
-777
661
898
-1128
60
785
-724
-390
461
191
-155
699
52
-1637
325
1264
-635
-70
467
-414
-198
-83
644
644
-2210
1081
1391
-2266
536
1414
-896
-285
595
-618
270
326
-780
375
40
490
506
-1653
-173
1205
-354
294
375
-875
-262
159
427
602
-435
-1212
407
1482
-234
-1912
746
1600
-1074
-1015
549
1216
-950
-481
895
373
-579
-1336
370
2009
149
-2348
426
943
-610
595
243
-530
-765
-19
1209
288
-636
-396
125
45
105
209
-21
-259
-156
151
985
-600
-1222
793
559
-509
213
238
-365
-358
438
882
-1391
-580
1853
-588
-664
689
104
-210
-498
48
693
-152
-1001
678
1121
-626
-975
426
187
-265
-132
1097
-159
-1279
404
767
-60
-695
-363
421
978
-175
-1299
615
905
-1500
-191
1784
-376
-1417
1297
80
-1150
750
473
-1395
322
1482
-696
-580
86
-144
555
580
-1169
-29
1193
-1082
-479
1320
673
-1909
-532
1848
-50
-432
-288
-19
-198
700
-238
-224
406
-498
145
15
453
-246
-808
554
892
-779
-516
826
-991
144
2017
-744
-1844
284
1534
-591
-197
825
-1556
-165
2267
109
-2547
542
1111
-1353
1147
1218
-1428
-1628
662
1667
-19
-814
-250
-77
72
1035
57
-1341
48
605
221
216
-350
-485
402
1131
-253
-666
-711
-1641
1756
3105
-1717
-2069
301
55
738
1714
-325
-2877
-615
2559
932
-398
-701
-877
670
821
759
26
-2028
-1961
1673
2171
-836
-1107
-605
-613
183
867
-180
-1242
-642
95
954
732
-154
-860
-1270
379
1832
1015
-814
-1225
1098
992
-614
110
494
-747
-308
1576
1152
-552
-1951
-133
664
254
1112
-525
-1160
94
302
-153
226
-243
-780
468
1378
-101
-980
304
420
-369
236
1118
111
-630
50
735
472
-336
-775
-602
709
1147
-310
-160
225
-1606
-1066
1867
785
-1699
-414
594
-254
70
-259
-846
-473
-21
547
640
5
-832
-658
-131
401
888
56
-343
77
-399
381
1237
55
-919
-506
229
1054
626
-350
-771
-395
621
201
50
145
-413
-419
454
285
-789
110
147
-479
154
803
92
-1032
-353
330
-273
517
583
-1198
-168
1078
-128
-539
56
-569
-229
1356
813
-996
-558
347
-381
176
1535
-8
-1524
399
844
-585
263
458
-843
-448
559
449
-27
-219
-180
-101
-224
-472
641
368
-782
305
1051
-498
-1090
99
311
459
746
-22
-316
-557
-685
486
1047
466
-666
-734
-86
284
45
30
274
-1022
-343
974
323
-519
-582
17
289
330
191
240
-102
-736
-191
955
647
-312
-227
34
-102
-148
48
130
31
-347
-180
668
222
-971
-300
717
-206
-568
406
478
-290
-385
281
-26
-548
210
839
-23
-911
-107
691
-46
-39
118
-571
-92
375
296
175
-302
-652
-110
458
309
498
58
-920
-598
328
534
208
42
-255
-462
11
235
124
102
-229
-312
132
475
56
-371
-76
110
-209
253
484
-248
-523
224
723
-181
-673
-104
445
273
503
456
-661
-972
128
791
449
147
-121
-260
-263
27
305
-70
-322
203
218
-304
-88
200
-238
-287
361
263
-592
-380
719
453
-201
-122
-251
-571
46
1043
697
-442
-816
-422
176
483
286
-12
-74
-360
-314
210
116
-162
-140
69
357
23
-548
-297
255
51
-256
75
31
-220
-209
228
211
-379
-575
-73
402
47
-259
153
308
-548
-426
346
111
-297
47
559
-13
-372
30
115
-94
-57
21
136
319
-88
-146
286
3
-395
-30
361
50
-188
177
370
12
-205
-27
-82
-63
206
486
181
-228
-179
12
174
-2
66
82
15
88
137
-80
9
238
-77
119
340
124
-199
-94
173
199
193
280
173
-273
-60
266
77
-22
109
159
58
125
330
48
-294
-197
132
417
130
-147
-3
51
-120
-121
-30
-100
-210
-41
79
-102
-145
-273
-243
-34
-145
-280
-104
10
-149
-208
-52
-19
-275
-161
104
-89
-277
-285
-182
-191
-322
-212
-150
-288
-393
-368
-186
-193
-321
-372
-212
-166
-306
-253
-126
-106
-330
-310
-112
-257
-274
-187
-290
-359
-198
-78
-194
-78
-116
-267
-158
-47
-47
-129
12
126
-11
-134
-77
-154
-293
-208
-99
-61
-355
-499
-94
-76
-307
-334
-299
41
508
859
1042
1170
1413
2022
2799
3466
3923
3950
4211
4892
5190
4895
4737
4919
4740
4256
3823
3244
2186
994
476
-139
-1132
-1914
-2620
-3284
-4040
-4695
-5219
-5510
-5739
-6027
-6071
-5975
-6023
-6159
-5992
-5662
-5454
-5178
-4597
-4093
-3715
-3275
-2746
-2207
-1739
-1147
-666
-415
-164
24
276
500
709
822
941
928
674
335
373
555
518
696
876
323
-370
-419
-204
-282
-239
71
143
-18
345
760
1001
320
3721
11989
14781
11069
5662
7675
12032
11214
10259
13229
16528
14143
9907
8503
8499
4807
796
2220
4654
4217
-912
-5723
-6834
-8615
-10666
-12443
-11297
-9635
-10394
-12190
-12654
-12556
-13824
-14276
-12793
-9245
-6389
-5350
-5094
-5536
-4534
-3368
-2570
-578
2328
4993
5065
4386
4653
4826
3627
2934
4550
6302
6262
4492
3250
2234
431
-921
-1321
-720
212
2231
2450
-474
-3991
-4989
-3708
-3225
-1826
139
141
-2217
-3337
-2644
-2946
-3167
-876
2323
2872
2138
2110
1064
-389
203
2713
3465
2842
3059
2269
-50
-1562
-752
-340
-654
-20
529
-489
-2316
-3009
-3245
-3570
-2974
-2006
-2299
-2646
-2645
-2857
-3846
816
12424
15803
8625
856
4759
12594
11381
9002
13630
19381
15961
8792
7353
9484
6212
1161
3462
8311
7492
-1004
-7772
-6961
-7012
-10315
-12920
-10199
-7106
-9948
-13816
-14040
-13156
-14728
-15369
-12403
-7474
-4934
-5447
-6343
-7163
-5523
-3181
-1914
576
4250
6925
5030
2632
3767
5315
4132
3525
6467
8858
7080
3215
2077
1773
107
-916
2482
6493
3343
-2777
-4898
-3575
-5717
-7609
-2895
1160
-2469
-6744
-4277
-3186
-7234
-7053
346
3838
375
199
2826
869
-2389
-79
4238
3900
2989
4113
3318
481
-287
399
100
619
2159
1293
-1044
-1215
-1545
-3917
-4265
-2261
-1653
-3328
-3439
-2977
-1398
10148
16891
9934
-2306
-636
12617
12897
8439
13813
21799
15992
5369
5568
10598
7997
2922
6583
10642
7908
-228
-7613
-7454
-6141
-6575
-9502
-9209
-5474
-8406
-15008
-16593
-12924
-12918
-14940
-12218
-6037
-4603
-7717
-8656
-8938
-7488
-4152
-840
2063
3692
5562
3457
-322
1152
5429
6429
5109
7454
10128
7030
1266
552
2684
1785
3022
8362
8458
107
-7044
-5687
-4237
-6271
-4430
805
-695
-7771
-9542
-7013
-7500
-8608
-3403
2021
835
-2024
-1951
-1733
-2568
-672
3219
4392
3799
3379
1882
-227
369
1931
2129
2564
3816
3131
-285
-1544
-931
-1668
-2101
-517
170
-1922
-3305
-3341
-4521
-4778
7141
18008
13557
1929
-2151
7046
10241
9149
13864
21041
19340
9403
4683
7293
9006
6645
7253
10271
10172
3763
-5625
-7305
-5246
-5191
-7555
-7968
-4459
-6995
-13577
-16625
-14753
-13548
-13821
-11566
-7740
-6483
-8373
-10194
-11739
-10233
-5346
-1572
447
1725
3582
1777
-2529
-1075
4370
7195
6286
7178
8874
6007
1278
862
3770
4391
4001
4414
9544
8752
-1722
-8415
-7327
-2614
-4522
-2653
4344
374
-12728
-15086
-5673
-4536
-8545
-1956
7365
-189
-10197
-4443
1681
-1854
-2342
7134
8524
-1009
-2442
2141
1169
-1199
3811
7317
3172
470
1906
-68
-3168
-445
2026
438
-502
272
-1756
-5862
-4665
-3251
-719
11636
18387
10896
-3527
-2986
7334
8041
9856
19041
23884
13318
2879
3271
6401
6664
9676
14361
11205
5193
-671
-5934
-7563
-4304
-18
-3583
-6012
-4872
-8429
-15886
-17460
-11590
-9774
-11327
-9319
-6130
-8958
-12863
-12322
-10639
-8080
-3758
457
49
-1728
-867
-2387
-4060
-105
7216
8850
5333
5213
5561
2014
-666
4590
11384
10894
8125
5761
1663
-5861
-6899
74
4219
1442
-2631
-3634
-8039
-12884
-10770
-2787
105
-3005
-3767
-3122
-5570
-8192
-4256
1424
1987
752
1155
995
-1932
-2637
154
2845
4176
5065
4965
2323
337
20
764
1983
3739
4372
2487
38
-1906
-3524
-3439
-2172
-728
-921
6418
15027
11302
775
-6325
1353
7753
10769
16461
20482
15633
2990
-1710
2279
8661
13229
16072
13314
5104
-2335
-6963
-5866
-1190
4579
3796
-3434
-7566
-10827
-13576
-14631
-9513
-4527
-6369
-9935
-11596
-11922
-13324
-12555
-9804
-7027
-4996
-4000
-4608
-6183
-5061
-3797
-3573
-1349
3766
6524
3468
1368
2035
2059
1386
4686
13751
14000
7792
3214
1214
-740
-3630
4048
10203
5248
-4024
-5929
-5361
-9502
-8303
897
4300
-3968
-7797
-4895
-5136
-8002
-3558
3568
562
-3869
-2160
-497
-3515
-3605
2050
2966
818
2365
4768
2005
-758
1813
3489
1830
2566
5591
3958
313
-575
295
-860
-920
872
363
-2051
851
9662
10222
4791
-2011
-980
3784
6958
11587
13951
14170
7138
147
-641
5268
11559
12838
11181
6950
653
-5398
-4563
1311
5636
4522
-23
-4512
-9591
-10979
-8663
-4626
-2955
-4519
-7192
-11530
-12978
-10889
-7846
-7363
-7461
-6225
-6707
-9107
-8871
-4817
-2974
-4153
-4065
-1172
-337
-1485
-469
1496
1525
703
2198
8947
10443
6291
2744
1056
1616
-758
4379
9287
6312
-2358
-5333
-2416
-4621
-4430
2283
5490
-2949
-8514
-4499
-2002
-5373
-2675
3700
252
-6334
-4738
186
-2615
-3984
1758
3073
-1082
-905
4233
3070
-601
2235
5216
2657
1701
6090
6655
2026
1316
4012
2648
582
3052
4762
1758
-1084
-257
-965
1427
7620
9389
3935
-2509
-321
1159
2446
6971
12094
9932
1959
-1611
-1193
1204
5289
9912
8525
2933
-1794
-3382
-4074
-1123
4782
4770
-575
-5250
-5592
-6661
-6823
-2602
241
-2618
-7604
-8607
-8287
-8288
-6400
-3935
-4713
-7092
-7625
-7241
-7109
-5160
-2274
-3116
-5258
-4783
-2617
-2416
-2066
438
864
-1267
562
4478
4923
1911
1331
3050
969
1237
4474
6520
2548
-474
1092
625
-1029
629
3988
2140
-1663
-1164
456
-1333
-1465
867
1074
-1966
-2253
-49
-725
-1510
113
1607
-258
-843
1530
1972
280
832
2951
2477
1108
2630
4033
2416
1296
2306
2914
2119
2340
3267
2346
978
1051
1335
832
514
1024
588
-714
-125
1465
1839
677
47
-186
-761
89
1570
2454
1995
1516
563
-647
-436
1533
2843
2617
1940
1235
165
-539
548
1732
1946
1088
259
-844
-1740
-1443
-752
-656
-1508
-2387
-3313
-4122
-4051
-3318
-3125
-3755
-4507
-4936
-5069
-4648
-3870
-3636
-3937
-4252
-4170
-3938
-3413
-2658
-2174
-1934
-1837
-1762
-1078
-84
583
507
300
486
320
725
1866
2827
2352
1577
1685
1736
1560
1867
2765
2626
1601
1328
1496
1322
1192
1368
1393
739
401
569
501
499
766
771
278
285
717
812
592
847
1385
1257
1075
1366
1563
1485
1678
2061
2101
1785
1675
1600
1374
1373
1613
1449
927
699
547
156
-137
-41
-22
-501
-840
-615
-618
-904
-1062
-1100
-1020
-950
-525
-272
-497
-551
-382
-294
-136
254
728
818
769
863
822
591
655
924
944
808
667
398
-240
-701
-737
-673
-936
-1163
-1367
-1802
-2288
-2473
-2356
-2317
-2520
-2577
-2691
-2832
-2861
-2743
-2539
-2351
-2102
-1986
-1980
-1804
-1363
-1087
-949
-709
-400
-278
-251
-117
0
14
170
403
544
674
768
702
449
404
561
602
589
817
983
731
488
512
823
952
1155
1429
1454
1258
1216
1359
1506
1776
2072
2190
1934
1840
1883
1832
1826
2082
2191
1858
1448
1350
1330
1116
1023
1015
825
487
345
262
159
22
-156
-408
-657
-597
-419
-430
-500
-636
-857
-925
-809
-422
-250
-226
-343
-634
-673
-546
-342
-292
-283
-269
-482
-746
-798
-728
-680
-656
-704
-834
-1046
-1170
-1132
-1167
-1131
-1107
-1104
-1087
-1051
-876
-842
-885
-810
-546
-429
-355
-316
-215
-153
-199
14
230
517
550
417
117
-151
-299
-184
102
282
252
-140
-466
-801
-803
-630
-455
-417
-601
-709
-851
-934
-827
-589
-311
-193
-225
-191
-36
271
516
637
898
1148
1333
1452
1553
1596
1483
1476
1645
1806
1844
1803
1666
1393
1173
1121
1118
1123
993
809
416
104
40
104
137
32
-155
-348
-484
-537
-435
-331
-250
-305
-408
-304
-212
-80
1
123
125
-31
-18
15
109
34
117
-1
-222
-333
-312
-270
-489
-657
-806
-1007
-1157
-1024
-871
-956
-1362
-1553
-1496
-1394
-1208
-972
-744
-813
-1018
-1043
-827
-492
-124
187
334
395
481
572
603
654
872
998
1029
1037
1030
915
708
614
572
545
538
486
239
1
-251
-494
-637
-597
-367
-336
-335
-391
-654
-822
-757
-419
-225
-133
74
116
-29
-108
178
501
753
897
913
766
625
801
906
914
900
943
823
502
305
240
248
262
326
205
-94
-381
-566
-635
-632
-454
-315
-369
-503
-634
-721
-738
-592
-370
-240
-199
-185
-232
-345
-322
-63
224
312
252
212
170
-2
-111
-32
144
171
41
-11
-70
-223
-379
-390
-263
-215
-229
-191
-196
-276
-418
-401
-223
-49
28
43
118
192
239
257
412
556
545
523
572
654
570
574
642
627
543
514
532
358
254
206
41
-256
-339
-215
-310
-445
-521
-601
-820
-870
-623
-516
-551
-542
-453
-517
-612
-436
-155
-5
111
244
243
87
121
417
628
725
743
750
608
431
363
327
372
412
416
288
80
-155
-341
-398
-293
-158
-155
-218
-312
-456
-660
-689
-496
-281
-197
-177
-186
-323
-493
-465
-178
95
184
165
127
-40
-282
-276
1
220
227
190
115
-109
-340
-322
-157
-42
17
23
-68
-241
-320
-318
-253
-41
187
208
65
55
160
215
320
549
717
647
549
584
637
661
725
822
833
772
661
511
412
408
368
219
124
117
-9
-265
-405
-440
-548
-652
-596
-537
-631
-743
-728
-742
-783
-653
-437
-352
-386
-309
-202
-196
-144
82
314
370
343
348
358
366
423
479
492
459
364
225
154
182
165
14
-137
-213
-327
-424
-389
-306
-391
-577
-651
-629
-607
-565
-440
-388
-449
-500
-414
-272
-148
-30
42
53
3
-15
71
271
450
481
400
312
232
167
225
345
385
290
182
89
10
-23
-17
21
30
-7
-92
-99
-11
42
18
56
202
269
230
251
406
498
471
475
588
683
635
545
505
518
480
401
345
311
221
39
-114
-165
-160
-200
-269
-360
-512
-680
-730
-654
-595
-557
-514
-524
-630
-672
-540
-387
-341
-284
-126
-27
-58
-46
112
245
270
297
368
409
356
308
317
347
359
332
265
170
69
-64
-179
-217
-193
-226
-337
-442
-521
-595
-639
-599
-566
-573
-581
-539
-478
-414
-324
-241
-209
-210
-147
-11
133
225
297
340
302
230
227
333
451
513
479
363
256
230
245
263
339
412
324
137
118
253
298
242
259
324
314
276
308
392
424
397
338
316
373
428
397
340
302
264
240
201
161
93
13
-53
-109
-130
-133
-177
-265
-379
-487
-489
-445
-448
-437
-411
-446
-540
-584
-498
-428
-449
-364
-254
-308
-353
-258
-169
-173
-155
-59
-38
-61
22
40
-24
77
157
-64
-201
127
257
-152
-252
27
-78
-276
-139
-77
-232
-275
-156
-226
-364
-140
-5
-220
-243
-75
-32
-69
26
67
-34
566
700
-1215
-841
2536
1680
-1967
-1066
1826
1536
-489
-948
861
1716
148
-648
-72
395
885
580
-305
-8
618
367
6
52
296
358
321
388
157
52
462
444
-54
56
578
491
36
89
260
-12
-183
83
229
-8
-186
-148
-220
-362
-318
-259
-263
-309
-420
-485
-524
-441
-283
-395
-530
-369
-278
-438
-517
-303
-34
-164
-355
-176
11
40
-111
-284
137
420
-282
-365
538
512
-256
-216
150
-68
-227
-32
-73
-268
-203
-221
-417
-385
-246
-256
-338
-363
-397
-390
-238
-149
-87
-31
28
24
32
108
178
221
332
396
394
413
374
387
814
765
393
288
349
169
73
39
30
181
351
432
310
390
373
90
-112
-63
-40
38
148
150
283
442
418
362
369
385
381
314
223
213
164
177
227
206
150
92
95
-28
-308
-80
-55
-767
-653
-145
-628
-665
-199
-543
-693
-411
-408
-480
-465
-396
163
129
-33
-119
-322
-556
-493
-621
-708
-508
-172
107
99
348
431
317
69
39
-102
-120
-194
-190
-154
-14
43
2
-90
-140
-183
-298
-373
-441
-391
-265
-138
-151
0
139
160
117
135
60
93
254
308
319
404
485
424
410
546
603
500
436
448
502
469
328
269
116
-85
-118
-181
-222
-208
-144
-117
-19
13
9
17
57
123
133
137
107
125
260
452
372
220
327
511
327
220
375
296
48
-1
157
20
45
114
-88
68
-113
-606
-45
208
-773
-741
79
-73
-858
-730
-148
-591
-921
-230
90
-963
-905
137
-510
-496
-85
-746
-346
536
-201
-1001
199
527
-146
-276
90
388
214
-186
60
524
-81
-211
172
277
-436
296
-47
-173
275
-129
146
-311
147
113
-1
242
162
-153
423
679
-55
214
579
282
53
205
177
353
-32
525
149
-284
107
94
29
153
312
-574
-68
675
-271
-419
299
160
-8
89
156
-123
135
249
151
-230
273
636
-235
-245
590
136
-159
273
362
383
-287
354
262
-260
481
-236
-398
1111
-649
-1007
935
283
-907
-172
908
-833
-558
171
155
-713
-1173
1596
-273
-2565
1394
311
-1328
-215
-22
174
-306
-882
320
1233
-2324
-728
1741
-707
-1559
699
1101
-1044
-828
1075
-1784
-387
1559
-928
-999
1002
641
-1538
-126
755
-518
-510
1444
930
-1766
-228
1574
111
-938
199
1017
902
-317
-748
2069
-802
-55
527
46
283
358
735
-112
-117
243
1049
-1426
529
615
503
-411
-880
2559
-1698
-544
1969
-282
-1314
1115
1795
-1617
-1539
2355
1266
-3018
1380
1147
-357
-133
559
-832
1250
196
-1460
1571
-785
710
-192
173
-205
-1083
1799
-66
-2813
1601
1939
-3073
-744
1187
-635
-206
869
-874
-2373
975
1126
-3046
-86
1604
-946
-1183
1288
-912
-2068
1387
683
-3020
1456
2389
-1819
-2605
2094
1634
-2452
-1817
2109
3111
-3723
-909
3567
-1599
-2005
1837
1203
-3333
-98
5238
-2972
-2515
2435
761
-2250
-1
2307
647
-2295
-676
4174
-1912
-1375
2223
-742
393
866
523
-379
460
-277
361
680
27
-22
1006
734
-1427
-601
3843
-2367
-1263
2655
108
-514
-1444
-120
3421
-670
-4141
4105
867
-4661
1958
3359
-3314
-1137
2977
918
-3156
-846
5102
-2604
-3847
5024
966
-3942
2568
-730
-900
1428
-1121
263
252
156
-879
-234
1537
252
-4767
3304
2661
-6883
2817
2119
-2505
-285
-562
1245
-1664
-1917
2884
-92
-4453
3264
-184
-4320
4397
-1261
-2068
2380
-1646
-181
-41
245
305
-906
642
1395
-2296
-960
4675
-753
-6367
6035
1547
-3566
1101
455
363
-1060
2216
-2639
1308
1443
-846
-94
-562
1621
-488
-2853
3648
2005
-5014
1941
2504
-1972
-698
-303
2546
-36
-1353
1656
-1369
22
3026
-3211
307
3857
-1696
-2998
3685
2118
-5235
2096
2981
-1514
-1779
-679
4054
-820
-1722
-262
-609
3323
-515
-4320
1869
4053
-3086
-1882
1032
2379
-2835
-768
3925
-1689
-2886
1628
2696
-2312
-2882
3276
511
-2210
1609
-348
-2700
1932
1515
-2389
-2429
4116
123
-3674
1871
615
-2991
1439
349
-1503
831
821
-2420
1360
561
-2722
1612
-748
1497
-2373
-274
3762
-3916
1121
868
-2170
1387
1070
-2123
1324
414
-817
-696
1386
1689
-3725
1750
3766
-4397
-531
5339
-4322
454
2801
-933
-744
823
630
-966
-115
47
1470
-451
-126
819
-2244
903
2584
-2886
-408
2440
551
-2434
-1875
3889
1835
-5416
946
4987
-2857
-1685
1019
2019
-977
-1178
2182
-2144
885
2052
-3721
1327
863
1072
-27
-4305
2672
4306
-5823
-847
5529
-2074
-3135
3066
2558
-4584
-1153
4518
511
-5238
1643
5515
-2982
-3124
2212
2341
-1353
-387
1668
-247
-1982
1011
-39
-2955
1778
2261
-3216
-301
1197
-1735
1286
-612
-2885
3355
-393
-4597
1269
3084
-2905
-1733
509
-965
2325
-2180
-2145
2276
892
-3731
-693
2069
-1042
-51
130
-1464
1075
284
-3281
1675
3290
-2848
64
1653
1990
-1430
-2354
4159
1956
-4125
580
4599
-525
-2305
734
4572
153
-4011
5210
1239
-2016
2636
-1376
1885
3327
-3698
913
3897
-1561
-1079
2079
1570
-2221
298
1703
-2560
1562
851
-3220
1188
1913
-3726
280
1475
-1683
-1839
118
508
-2097
-1006
2149
-1305
-3736
2044
200
-4048
2293
-57
-3787
2648
-623
-2064
-650
714
-159
31
-1527
1003
-124
-1097
1461
-2828
1198
2595
-4130
1201
2163
-1866
1227
-1098
-412
1596
1115
-1258
-919
1899
71
-462
-674
1593
-450
545
1011
-1182
1225
656
-264
-684
1571
1710
-1480
111
2035
-1414
-403
1241
88
870
869
-1974
1275
747
-573
215
-72
954
-1127
1887
-2334
20
1147
5
-1842
1286
851
-2088
1085
-370
-130
-386
285
110
1138
-2996
1460
823
-1296
-1391
609
2100
-1667
-610
-143
1643
-2180
-257
1712
-265
-1955
2953
289
-3682
908
2324
1153
-4254
997
4007
-3674
-1620
3725
-380
-1463
-330
1187
1930
-1523
-2662
1916
2781
-3919
-265
3311
-1775
-970
635
730
-151
-2330
1887
1158
-1764
-958
1841
-1127
773
-727
-1108
1680
24
-1452
281
598
-1067
-28
-161
2136
-1429
-614
1065
-266
-586
71
-4
-333
1206
-1038
262
792
334
-1414
1040
-729
886
758
-1028
648
113
-1069
132
1680
-1184
260
-783
1339
261
-1538
68
830
2017
-3585
125
3552
215
-3431
573
2997
-2792
1025
1665
-2977
375
3789
-3003
-3030
4319
764
-3569
1074
495
-794
1646
-1860
-1365
3123
-1490
-1670
2765
-538
-1172
-348
736
700
-1687
422
680
149
-447
206
-428
253
385
-226
-318
577
365
-873
1620
-1574
-538
2244
-44
-1289
-119
1925
-1175
-1323
1762
291
-1491
1451
-489
-2
792
-1982
795
928
-2083
283
3179
-2259
96
289
-1369
2075
-884
-1163
-96
2353
-413
-3523
3130
574
-1768
187
345
-64
389
1109
-3384
1395
1160
-557
-720
-1108
2255
465
-1827
-824
1832
536
-1356
-1132
875
1466
-818
-1682
513
754
-43
-1381
1013
1296
-1114
1149
-709
-1310
2739
-149
-2111
687
41
1160
99
-2155
1513
1945
-1869
-1098
1230
1250
-143
-1798
998
-223
358
370
-3432
2377
2403
-3111
-1298
2296
619
-1728
-1166
2096
1811
-2749
-1329
2789
463
-2606
-321
1422
922
-521
-219
-531
1189
-99
-1262
14
379
1216
-189
-979
-237
431
986
-989
-1412
2052
1379
-2460
-1267
3299
-414
-2602
1540
454
250
80
-1343
-107
2405
-1650
-1705
3063
-97
-1791
628
1078
280
-1126
-1624
3209
598
-3591
1153
1593
-4
-1556
-1150
2333
1157
-4198
1568
2409
-3064
199
1816
-651
-1282
574
-115
449
-744
-406
487
-257
431
-727
-161
2026
-2355
57
3161
-2101
-821
866
-566
517
320
-1235
472
2135
-1370
-1198
1286
27
-272
97
99
426
-519
-140
-154
608
-266
-861
542
748
676
-1852
-761
2496
-242
-1661
365
337
882
-659
-839
-169
1354
318
-2063
973
1064
33
-1534
-123
2064
-217
-2082
220
2233
-383
-1051
-898
1928
712
-2088
628
226
496
231
-1509
1141
978
-1311
407
-955
600
1115
-349
-1477
206
1757
-129
-1916
-750
2879
1323
-4201
-606
5181
-1955
-3583
1490
4123
-3617
-2190
3703
468
-2440
-656
2085
-540
-141
-579
115
1767
-1433
-2514
3795
-59
-3619
2378
1214
-1426
-1219
1429
558
-782
-517
-8
1656
-593
-1836
985
1610
-1947
308
1189
-1181
-368
1631
-1075
-1349
2518
-430
-1777
1957
-288
-2393
2909
-25
-2728
1825
1072
-1954
329
1715
-2657
1426
1823
-3244
1162
1296
-872
-886
-361
1785
472
-2425
1511
1886
-3341
1023
1047
-553
-999
739
1276
-1297
-142
845
543
-1245
-52
1050
925
-2570
-415
4081
-1181
-3454
2051
2373
-2033
-1067
1383
493
111
-1103
-1050
1180
1105
-1505
240
814
-1506
2026
-384
-2081
196
2123
-275
-2819
1957
943
-948
-1185
1333
261
-1352
787
-609
941
-231
-2077
1987
435
-1272
122
158
323
252
-1005
-1589
3589
-1377
-1877
2432
-213
-1872
1264
519
-1619
1447
-179
-463
219
28
-319
259
-131
348
681
-1045
-531
1438
85
-1115
-310
1735
135
-2260
1118
212
246
-107
-904
1572
123
-1928
321
2595
-2747
427
1400
-565
-1098
353
1981
-1543
-926
1385
937
-2016
929
-99
-401
782
-213
-1234
1136
2295
-3325
-282
2714
-818
-2154
1094
1751
171
-2551
-195
2228
1073
-3585
-642
4823
-1327
-3652
2849
-7
-1087
144
-225
1660
-1095
-358
733
-697
-805
821
1259
-511
-775
-484
1495
358
-2493
698
990
-7
-469
-133
79
705
-903
-701
955
-788
962
767
-1223
47
-297
722
-204
64
-125
-357
1940
-1707
-1236
1404
1310
-1905
-895
2062
1524
-2120
-1961
1462
1648
-550
-1094
375
1113
-226
-2078
1798
479
-1560
535
222
22
541
-641
-889
770
562
-157
-1550
1676
1370
-3349
1065
1316
-1217
462
986
-969
-285
6
641
156
-1361
839
539
23
-952
158
953
-638
-877
1624
-382
-1311
1993
-257
-2100
1659
966
-1479
548
-298
-158
755
-685
31
787
-893
-266
1666
-961
-1431
1553
230
-1778
550
2614
-1508
-2577
1687
1078
-701
-449
-303
1778
-1042
-1125
163
1594
-1546
-46
1965
-2255
17
1639
-364
-1627
-26
1232
235
-1201
731
449
-1184
-231
1058
-97
-146
353
-910
1000
313
-1578
1338
37
-1871
2266
621
-2753
2003
780
-1808
486
701
-359
597
-629
-602
1333
-1009
705
212
-1371
2004
59
-1967
480
1404
-382
-459
-838
1288
1038
-2202
-295
1739
913
-2365
-234
1731
-94
-621
-436
377
27
57
-747
915
780
-1494
-334
1017
856
-1465
-335
828
376
-220
-517
-662
760
1075
-1133
-399
870
-14
-1315
1474
-339
-1451
1789
-691
-169
1062
-1362
-717
2490
-1180
-1324
1630
-727
605
-47
-1011
496
220
-307
-82
749
-305
-662
508
520
-541
-1462
1534
866
-1271
-529
1325
-434
-611
1085
-827
309
878
-2123
612
2155
-988
-1105
29
625
676
-473
-420
410
-315
435
-183
194
-1156
-320
3245
-1633
-2260
3213
-304
-3091
1831
1029
-787
-473
-221
1417
1150
-3609
-80
3996
-1733
-2328
1699
1335
-1092
-696
-416
1909
-93
-2390
1626
797
-915
-719
1192
-306
-938
1738
-532
-1067
965
347
-952
236
832
-704
241
-295
538
-153
-589
1010
-304
-959
786
1106
-1373
-183
1375
-1552
8
1759
-966
-258
1101
-1811
594
1355
-2298
1546
787
-2671
913
2388
-1975
-1876
2084
508
-1141
-148
-94
691
-34
-1443
835
660
-631
-769
1270
-456
-1075
791
76
676
-1045
-55
959
165
-991
-443
1173
2
-551
-122
573
521
-745
391
259
-1025
489
617
-766
53
1363
-1103
-499
1102
-737
33
582
-166
-340
297
119
-1136
1200
-322
-853
1860
-550
-1978
1796
1140
-2588
466
1564
-1368
-534
1902
-474
-849
883
-965
234
562
-527
343
340
-157
-276
-110
-330
932
101
-1357
780
1053
-835
-1065
326
1448
-821
-655
247
997
544
-2680
316
2062
-38
-1771
-853
2972
822
-2976
-846
2632
199
-2289
909
1115
-650
-93
-147
288
-85
-1173
983
1053
-1013
71
5
-273
705
-717
32
-62
132
538
107
-518
-269
-376
320
1898
-2522
-293
3394
-1780
-1310
489
663
-52
-638
600
491
163
-1796
1019
508
-1342
881
-204
633
532
-1852
72
1756
-1128
-800
650
1043
-36
-1259
276
666
-636
-696
1289
-221
-303
981
-999
-534
996
-418
-135
231
200
79
-229
-240
689
-316
-1080
976
831
-1140
-18
1276
-531
-1567
761
1242
-801
-288
498
-267
460
246
-2020
695
1697
-1469
127
1443
-1083
-814
923
-565
-496
1764
-354
-1826
1726
953
-2265
-583
2468
-191
-2152
1641
223
-705
215
-146
204
-192
-538
1569
51
-2151
940
1245
-1219
-345
914
-261
-8
277
-376
-517
228
786
-529
-1249
1125
1618
-1478
-1519
1043
790
-4
-1147
405
783
-144
-1304
1780
729
-3171
282
2643
-39
-2099
998
1098
-1306
-529
419
632
350
-1497
409
1309
-749
-648
460
-940
1283
893
-1802
579
668
-968
584
538
-1664
1357
35
-1039
1509
-592
-1326
1544
-565
-185
500
-1144
1043
581
-494
-1757
1090
1465
-1648
-59
746
103
203
-1057
-245
1453
-170
-1001
-462
1132
487
-847
-318
344
514
-180
-1389
555
2212
-1774
-1504
2383
237
-1800
17
1375
1014
-2622
-927
3645
159
-3739
136
4413
-946
-3848
1042
3007
-1109
-2515
963
2492
-611
-2560
1211
1790
-1739
-1685
1653
1964
-1799
-1456
1681
1530
-1627
-1474
1054
1203
-594
-1165
1292
403
-1230
-106
1264
-730
-465
1204
-859
-56
932
-1177
103
1352
-1329
9
1889
-1357
59
492
-1525
874
597
-760
315
885
-745
219
83
-988
617
1376
-1053
-1784
2035
835
-976
-671
-11
1272
92
-2090
920
2577
-1504
-2029
1385
1428
-1600
-583
1765
142
-530
-88
-118
316
-241
-403
258
880
-265
-359
294
28
-88
109
-340
-232
516
148
-258
-412
-299
442
198
-310
-413
229
550
-634
-923
696
-191
-741
306
-645
9
643
-763
-1206
641
9
-1105
-114
28
-378
-520
-61
-546
162
-184
-1300
19
951
-703
-1138
547
687
-28
-770
141
914
518
-817
154
1186
197
-54
138
537
1423
187
-976
1162
1167
-196
488
595
106
1004
751
-565
25
1253
595
-300
44
273
1355
109
-1159
740
830
-262
-286
35
489
67
-791
301
303
-927
218
413
-906
-181
451
-505
-794
-9
-84
-294
-669
-173
586
-1218
-1085
619
-297
-897
-108
56
-171
-367
-981
-119
492
-768
-636
63
219
-499
43
480
-549
-1077
110
754
-77
-376
68
411
-248
123
559
-322
-562
636
590
-228
-358
815
552
-1053
50
800
242
-28
-390
155
941
-541
-842
924
966
-496
-666
610
754
-622
-684
722
640
-212
-261
531
235
-533
-165
626
-284
-140
395
-69
-68
360
-163
-368
501
-330
-625
817
835
-1253
-266
1152
-217
-467
134
618
262
-650
-35
1111
-95
-987
499
1128
-295
-800
629
1035
-390
-1034
282
1057
-60
-922
-89
1273
327
-1461
-108
915
118
-825
-636
652
927
-851
-1187
1034
911
-1533
-766
831
536
-524
-880
243
875
-368
-1260
-100
1113
-155
-1332
145
1323
-218
-1703
-249
1248
-67
-1273
140
883
272
-1010
-886
662
798
-951
-733
1087
372
-601
-518
217
561
-370
-732
625
681
-202
-196
-74
44
236
-325
-47
856
62
-474
300
307
-336
-260
269
637
-70
-278
307
303
-456
-315
162
385
534
-399
-353
625
74
-649
-201
446
705
-213
-489
407
119
-441
-17
112
324
282
23
57
-285
-273
270
281
4
110
220
35
-172
-154
51
86
-126
527
444
-426
-159
263
-248
-498
213
416
179
-26
-186
191
-2
-510
-340
187
283
57
-100
-20
1
-280
-252
32
55
-124
-67
196
41
-347
-284
-199
185
57
-355
-107
358
-8
-577
-256
115
60
-262
-111
293
143
-226
-285
-84
138
33
-315
136
505
146
-266
-230
277
165
-454
-60
677
246
-230
-127
253
178
-243
-93
196
87
-2
23
190
240
-351
-374
262
387
-264
-221
257
328
116
-452
-160
363
27
-390
289
414
-153
68
151
-64
-169
-61
174
184
39
-5
204
108
-189
-117
43
147
-50
-97
24
88
-41
-101
63
-18
-123
-117
-43
50
-20
-210
-19
242
56
-217
-94
75
-3
-94
-95
-2
204
183
-104
-143
62
149
-47
-133
63
137
-58
-134
117
97
-93
-38
-2
153
-36
-370
-91
158
-61
-80
40
150
28
-287
-202
-15
-146
-216
85
127
-22
63
80
-189
-315
-120
1
-11
-2
79
123
61
0
-87
-103
5
10
-41
122
225
-74
-97
85
97
-63
23
162
104
119
60
-86
-48
80
52
2
91
209
83
16
141
33
-177
-9
131
75
63
97
92
8
88
60
-113
-110
88
52
-74
6
98
15
-48
53
10
-188
-68
54
-51
-62
14
109
-51
-120
-33
21
-135
-155
15
39
-50
-64
88
26
-97
-27
5
-15
-42
-115
-37
41
6
-24
41
52
57
-60
-94
-2
-52
-128
-43
111
54
32
30
60
48
-136
-173
66
79
-100
-3
128
79
29
-37
-37
89
-12
-128
6
51
2
-7
-10
66
90
-26
-26
-6
12
2
-98
-18
132
25
-56
25
108
-52
-82
7
25
-2
-44
31
70
-23
-49
45
16
27
-26
-41
40
30
-16
-10
4
68
1
-43
28
21
-1
15
48
48
27
-26
4
22
7
-37
-3
66
26
-11
17
-5
10
14
-31
6
-26
9
41
-56
-41
33
-21
-42
-26
20
-18
-56
22
18
-35
-91
-45
30
-59
-70
40
-6
1
-31
-58
11
-65
-61
-6
-54
0
34
-70
-43
11
12
-57
-34
51
-35
-6
24
-70
27
64
-77
9
73
-18
3
30
-10
50
52
-32
16
68
17
2
24
62
61
31
30
36
55
-4
-17
93
70
-22
30
70
11
-33
22
25
0
50
23
14
41
-44
-27
51
-31
-20
27
-6
-5
-1
-13
-34
-44
-3
3
-44
-38
-14
-21
-31
-20
-34
-30
18
-24
-60
9
-6
-62
10
40
-49
-51
42
15
-51
-18
8
4
-8
-50
-12
38
-28
-32
17
-8
-22
-5
-26
-18
28
12
-18
19
22
-23
-16
1
6
32
42
-7
-17
46
9
-51
8
41
12
7
-3
-6
9
-1
-15
12
22
-6
-7
-5
-17
11
4
-20
23
20
-17
-8
-12
8
12
-13
20
29
-14
3
38
-10
-26
41
34
-30
-11
31
22
-7
-19
3
33
1
-35
-1
23
5
-20
-17
16
20
-32
-22
31
-5
-23
1
-6
17
-6
-51
32
35
-56
10
43
-25
-10
13
-3
10
-14
-13
30
-13
-22
35
3
-31
15
11
-20
2
6
-1
7
-27
-11
30
-16
-29
19
-3
-10
8
-24
8
33
-39
-20
42
-9
-23
16
5
6
-1
-7
20
-5
-14
21
-9
-11
15
-8
-7
17
-4
-10
10
11
-5
-13
10
18
-14
-13
22
7
-9
-3
5
10
-5
-15
2
2
-7
-3
-3
6
5
-12
4
13
-7
7
9
-10
14
14
-27
7
27
-28
-10
27
-15
-9
13
-18
13
17
-40
15
45
-43
-13
45
-21
-22
21
-9
-2
1
-19
16
15
-26
4
24
-11
-5
5
-2
6
-3
-19
3
17
-13
-17
21
2
-18
3
-2
3
13
-17
-8
21
-3
-8
-3
-2
16
-14
-19
19
3
-13
-6
-5
18
2
-30
10
18
-16
-7
-1
10
3
-22
10
19
-14
4
3
0
21
-2
-12
17
5
-10
-1
13
7
-18
14
17
-26
15
8
-33
33
-3
-44
51
-2
-52
52
4
-41
42
-14
-26
50
-34
-30
52
-18
-23
17
-9
17
-13
-29
42
-11
-27
39
-38
3
65
-78
0
99
-73
-17
86
-57
-3
60
-64
14
62
-67
0
57
-37
-3
19
-27
16
4
-42
17
20
-38
-2
25
-23
-4
26
-27
1
28
-45
5
37
-54
8
41
-58
20
44
-71
20
46
-56
9
38
-37
-6
26
-8
-16
5
20
-22
-12
41
-19
-32
42
-9
-38
43
16
-41
15
33
-32
-6
45
-31
-24
56
-39
-35
75
-28
-39
59
-11
-12
31
-20
9
15
-26
24
5
-17
29
-14
-3
38
-27
1
34
-31
-5
22
-24
0
22
-15
-16
20
7
-36
10
36
-54
-2
71
-62
-38
96
-39
-77
94
-2
-92
71
35
-89
24
59
-67
-17
65
-35
-42
55
6
-54
29
38
-46
-11
43
-21
-25
32
-14
-21
32
-10
-31
22
7
-22
1
15
8
-13
-4
20
-2
-11
13
5
-5
1
4
4
-10
8
11
-27
17
27
-46
10
43
-48
-6
49
-27
-19
28
0
-22
1
18
-17
-15
29
-17
-22
38
-23
-23
56
-22
-25
58
-30
-18
61
-53
-5
80
-74
-14
99
-71
-27
105
-63
-38
99
-50
-44
73
-27
-38
38
-11
-11
6
-6
18
-13
-10
30
-26
-14
49
-31
-13
59
-37
-16
58
-40
-15
55
-40
-17
59
-38
-27
62
-26
-43
53
-9
-47
46
-4
-53
45
8
-57
45
18
-59
36
21
-53
37
22
-51
28
20
-46
15
23
-28
3
15
-10
-10
3
8
-15
4
21
-21
3
29
-22
-3
26
-19
-4
12
-14
3
-3
-20
24
-8
-30
44
-19
-48
71
-19
-76
101
-8
-116
118
21
-143
115
51
-160
91
74
-148
56
86
-120
16
89
-71
-16
69
-23
-34
39
12
-45
23
38
-57
19
62
-83
16
89
-104
15
132
-139
-10
188
-152
-64
229
-128
-125
236
-72
-157
208
-26
-169
171
4
-175
137
28
-168
116
49
-163
100
67
-164
74
85
-152
39
104
-129
1
113
-94
-32
101
-60
-56
88
-24
-73
70
2
-84
54
30
-88
42
63
-96
18
102
-97
-20
131
-85
-61
138
-53
-89
126
-13
-101
89
21
-81
36
28
-34
-6
-3
24
-8
-50
60
20
-101
63
71
-131
35
129
-140
-17
171
-110
-75
170
-62
-109
143
-11
-110
98
24
-94
52
37
-66
19
31
-35
12
13
-19
19
-7
-15
46
-22
-39
65
-21
-67
76
-1
-95
76
28
-105
62
50
-104
37
69
-90
10
69
-68
-5
62
-47
-18
47
-32
-21
37
-25
-12
34
-22
-11
38
-25
-18
40
-23
-29
45
-12
-40
45
0
-42
47
8
-48
47
11
-61
43
26
-65
29
44
-65
8
67
-50
-17
77
-25
-52
73
5
-76
57
30
-84
33
55
-73
3
67
-49
-31
57
-14
-54
43
24
-68
16
55
-64
-15
70
-52
-36
77
-27
-49
57
-2
-41
24
10
-20
-7
12
18
-39
-12
61
-42
-46
96
-26
-86
119
-1
-123
118
35
-143
101
70
-151
74
93
-144
43
100
-126
18
100
-100
-6
90
-74
-27
72
-37
-32
55
-13
-41
42
16
-52
26
40
-72
12
60
-80
6
76
-79
2
75
-70
-10
56
-38
-19
28
3
-31
-3
45
-36
-32
79
-31
-46
84
-24
-54
59
-7
-43
8
25
-15
-57
71
18
-141
121
60
-225
165
110
-290
184
147
-334
176
176
-329
146
173
-291
116
149
-222
87
95
-148
72
29
-85
75
-24
-33
77
-65
1
77
-89
29
72
-99
49
59
-105
66
42
-109
79
30
-109
89
13
-108
94
0
-100
101
-21
-95
117
-40
-91
142
-56
-102
170
-69
-123
193
-73
-144
214
-58
-161
211
-39
-171
183
-6
-161
142
24
-138
87
46
-98
34
53
-53
-7
42
-3
-32
12
39
-34
-28
67
-19
-72
95
12
-116
103
49
-163
102
90
-199
88
117
-214
78
133
-207
58
124
-167
38
95
-107
12
52
-40
-3
2
20
-9
-41
65
-8
-69
78
-10
-82
76
-1
-67
67
-3
-52
53
4
-37
27
10
-21
-8
26
5
-52
41
51
-101
32
108
-135
1
165
-131
-59
189
-91
-113
174
-15
-134
105
52
-108
2
98
-32
-101
104
70
-177
63
160
-203
-4
209
-170
-76
210
-91
-121
155
6
-135
54
89
-103
-44
133
-44
-114
126
18
-126
79
51
-91
14
51
-18
-36
10
54
-57
-46
105
-34
-88
109
3
-106
67
43
-81
8
62
-30
-47
53
22
-77
32
46
-78
21
39
-71
44
14
-75
87
-15
-106
143
-21
-159
192
2
-215
204
46
-248
185
85
-245
145
98
-209
93
72
-130
60
20
-41
45
-45
37
38
-109
85
45
-147
101
66
-162
81
89
-157
48
117
-141
6
140
-125
-27
165
-114
-59
174
-101
-78
170
-87
-87
163
-70
-87
152
-53
-93
139
-40
-99
123
-28
-94
103
-13
-82
76
-2
-53
38
-5
-13
8
-11
33
-28
-32
76
-53
-53
106
-56
-69
114
-50
-70
96
-37
-47
68
-33
-13
31
-37
32
-1
-43
68
-28
-50
98
-46
-50
115
-68
-50
128
-73
-52
130
-68
-65
121
-39
-64
99
-15
-58
62
-3
-37
32
7
-15
3
13
3
-19
22
10
-46
45
23
-82
64
38
-128
81
69
-172
90
119
-210
78
160
-233
48
197
-230
14
219
-225
-22
226
-204
-45
237
-174
-79
233
-132
-114
219
-85
-142
188
-34
-148
139
15
-134
87
43
-108
38
60
-70
2
62
-41
-34
69
-19
-68
87
7
-111
96
53
-151
88
100
-176
56
150
-174
5
176
-149
-48
165
-96
-71
127
-44
-49
61
-23
10
7
-42
77
-15
-94
125
5
-152
130
56
-188
87
111
-180
26
147
-136
-41
143
-76
-83
114
-13
-93
72
23
-70
38
22
-38
28
-2
-15
41
-36
-1
65
-76
-2
100
-98
-16
131
-108
-36
147
-97
-61
146
-72
-82
125
-37
-85
87
-8
-70
49
15
-40
17
16
-10
-9
7
11
-18
0
21
-9
-3
11
-1
0
-12
8
19
-33
13
42
-54
10
61
-71
2
77
-77
-17
88
-75
-32
94
-58
-54
94
-20
-72
84
13
-95
59
49
-112
33
88
-114
0
117
-103
-33
129
-76
-61
119
-42
-70
91
-8
-59
50
15
-34
7
19
7
-23
-1
42
-28
-30
66
-8
-70
67
30
-98
44
72
-106
8
109
-91
-35
121
-57
-72
110
-11
-81
75
23
-67
33
34
-33
3
18
11
-11
-20
46
-7
-68
70
12
-103
85
33
-135
83
53
-145
88
54
-154
91
48
-163
106
48
-180
119
53
-196
127
79
-209
111
112
-213
70
146
-188
18
175
-145
-41
171
-87
-88
141
-23
-108
93
35
-99
24
74
-54
-52
90
12
-134
97
94
-203
77
172
-255
47
237
-277
21
268
-273
-4
273
-244
-17
233
-198
-4
163
-151
29
87
-117
70
22
-97
112
-19
-91
131
-39
-84
133
-38
-80
103
-27
-51
53
-13
-5
-3
-8
50
-69
-14
108
-124
-22
174
-160
-47
219
-167
-79
248
-140
-122
247
-93
-155
221
-33
-169
171
15
-154
114
34
-122
67
36
-75
37
11
-17
30
-42
31
34
-105
70
64
-163
82
111
-199
62
150
-204
16
182
-170
-46
190
-113
-103
175
-49
-142
146
19
-152
92
66
-134
27
98
-84
-43
111
-12
-110
102
63
-172
85
145
-221
49
215
-245
4
258
-240
-36
271
-199
-71
239
-137
-74
163
-79
-38
78
-38
13
-10
-32
68
-53
-40
106
-65
-61
117
-52
-68
115
-30
-89
101
4
-114
83
53
-141
48
123
-153
-9
200
-151
-100
268
-113
-198
302
-40
-279
288
51
-322
221
132
-311
125
181
-256
24
196
-155
-63
169
-45
-120
99
61
-131
17
129
-107
-61
147
-54
-108
127
6
-118
77
36
-92
33
37
-51
11
12
-20
23
-23
-15
58
-44
-39
88
-29
-67
98
-7
-88
67
26
-69
20
43
-24
-38
27
47
-80
-15
120
-90
-70
172
-81
-114
197
-65
-131
194
-56
-117
181
-76
-85
179
-119
-54
194
-167
-40
228
-195
-49
259
-189
-87
259
-138
-114
216
-76
-114
143
-18
-80
62
13
-29
-9
7
26
-47
2
72
-61
-15
88
-74
-25
102
-79
-25
119
-86
-42
136
-85
-59
151
-75
-86
156
-60
-104
166
-53
-125
170
-43
-145
184
-27
-170
186
-8
-189
180
20
-202
157
51
-196
114
79
-166
62
90
-116
7
79
-47
-26
42
9
-45
-4
50
-24
-29
54
-6
-27
22
-1
17
-13
-37
80
-32
-95
144
-15
-162
182
30
-222
180
83
-256
153
116
-263
115
139
-247
77
157
-221
33
163
-184
-18
167
-119
-64
152
-54
-100
122
3
-115
92
36
-124
80
56
-135
70
81
-151
60
124
-163
22
171
-153
-43
199
-111
-112
203
-48
-158
179
6
-182
152
46
-191
126
72
-193
108
104
-201
82
135
-200
41
161
-178
-8
176
-141
-46
173
-97
-83
150
-57
-95
130
-27
-100
108
-10
-102
97
14
-110
83
40
-123
59
78
-125
18
117
-113
-37
130
-73
-77
119
-22
-93
83
17
-74
35
18
-26
8
-14
34
14
-75
62
50
-140
65
117
-182
27
179
-189
-42
227
-150
-109
237
-76
-153
193
-10
-161
124
38
-120
62
43
-61
22
11
-3
20
-30
27
34
-68
31
67
-90
7
94
-86
-32
114
-60
-76
113
-16
-118
88
41
-129
49
82
-113
9
100
-86
-28
102
-57
-51
95
-30
-64
92
-10
-83
92
9
-103
92
33
-124
82
50
-126
63
55
-115
48
49
-91
34
34
-62
20
17
-33
14
6
-4
12
-2
13
-8
-8
28
-24
-7
34
-34
0
32
-37
6
21
-36
16
11
-25
24
-2
-10
14
-21
14
8
-36
44
4
-58
68
1
-77
84
8
-95
80
23
-111
71
45
-112
45
64
-91
14
74
-63
-22
70
-17
-55
45
37
-74
-3
87
-66
-63
121
-36
-111
122
11
-136
105
55
-138
65
80
-122
27
93
-92
-5
87
-57
-25
73
-28
-31
54
-20
-26
49
-17
-19
50
-23
-21
58
-32
-40
73
-22
-60
79
-6
-82
68
23
-89
42
52
-87
1
75
-60
-37
76
-31
-66
58
9
-70
29
44
-51
-13
58
-18
-57
53
26
-85
30
79
-94
-8
121
-89
-53
141
-57
-95
145
-14
-128
127
35
-138
88
70
-132
47
86
-111
16
84
-89
3
76
-67
0
57
-57
7
45
-59
16
41
-67
20
48
-75
16
62
-83
-1
79
-79
-27
92
-58
-54
98
-27
-80
91
9
-104
75
51
-118
50
86
-124
19
120
-119
-15
131
-105
-41
128
-77
-52
121
-47
-60
88
-19
-40
51
-6
-13
10
-3
27
-22
-18
71
-45
-43
110
-54
-77
137
-44
-116
147
-22
-143
148
18
-161
119
51
-165
86
90
-151
40
115
-130
-12
129
-91
-64
128
-41
-103
114
14
-126
75
50
-123
39
72
-98
14
69
-75
19
47
-72
47
32
-96
74
39
-133
88
67
-158
76
96
-166
45
116
-138
9
108
-91
-15
76
-38
-19
34
-1
-14
7
21
-12
-6
31
-24
-4
45
-49
6
62
-87
16
96
-114
6
132
-127
-23
155
-115
-62
160
-70
-103
135
-9
-120
83
60
-109
16
109
-78
-61
122
-26
-118
112
40
-138
70
83
-136
18
104
-96
-21
90
-46
-33
54
-12
-21
15
6
2
-17
11
20
-36
10
24
-42
18
21
-49
31
17
-54
45
14
-67
53
16
-77
52
29
-71
39
31
-68
23
38
-50
10
34
-34
-1
20
-13
5
-1
-6
19
-19
-11
42
-25
-29
55
-19
-52
56
5
-63
46
32
-63
27
51
-58
6
63
-49
-12
66
-39
-29
68
-24
-36
68
-18
-52
64
-2
-60
58
11
-66
54
24
-77
40
32
-76
30
42
-74
16
47
-64
0
49
-44
-19
43
-15
-35
21
19
-43
-11
49
-31
-42
66
-8
-67
65
11
-75
46
21
-62
31
17
-38
34
0
-21
46
-25
-23
72
-34
-44
87
-23
-68
88
1
-85
62
26
-75
30
47
-64
-10
58
-33
-32
62
-7
-47
59
-2
-58
57
3
-66
58
7
-69
63
17
-71
52
29
-70
41
39
-61
30
44
-54
9
42
-40
-7
39
-25
-26
31
-2
-33
12
22
-30
-4
40
-18
-23
38
-7
-40
30
10
-41
25
17
-40
11
24
-35
7
24
-33
6
18
-26
4
18
-19
5
16
-11
7
11
-7
9
1
-8
13
-5
-5
19
-17
-12
27
-27
-17
39
-29
-27
49
-24
-34
55
-15
-42
46
-9
-42
39
2
-36
31
4
-28
26
0
-21
22
-3
-21
23
2
-22
20
13
-22
13
27
-24
-7
40
-17
-24
41
-2
-37
31
9
-38
18
14
-24
6
14
-10
3
3
-1
7
-7
0
8
-12
2
12
-13
3
14
-15
2
19
-13
-3
11
-13
-9
11
-12
-11
12
0
-11
11
5
-18
7
15
-15
0
18
-14
-2
20
-9
-12
19
-7
-19
17
0
-20
15
9
-24
11
18
-23
8
22
-29
-6
25
-21
-12
28
-10
-22
20
3
-23
7
12
-18
-1
21
-9
-14
24
3
-28
24
17
-34
16
23
-36
4
27
-34
-3
30
-26
-6
28
-20
-10
24
-14
-5
21
-6
-4
13
-5
0
10
-9
3
5
-11
0
8
-15
-2
12
-11
1
18
-8
-1
14
-13
-2
8
-11
-2
9
-8
0
9
-6
1
2
-8
0
3
-7
2
2
-3
6
9
-3
0
6
-1
0
3
3
-1
2
-5
-3
5
-5
1
3
-10
1
12
-12
-1
17
-13
-6
22
-7
-10
18
-5
-17
15
2
-15
10
9
-15
0
13
-8
-6
10
-2
-15
4
8
-12
-1
15
-10
-9
13
-5
-14
16
1
-19
17
1
-21
9
-3
-21
7
-1
-20
5
1
-16
8
3
-7
7
2
-1
4
-1
0
2
-1
12
1
-9
13
5
-12
18
8
-11
17
7
-20
8
11
-15
7
10
-10
4
12
-6
7
15
-3
0
5
-4
4
6
-4
-5
3
0
-2
8
1
-4
0
0
-2
-8
-3
0
-7
-2
7
-3
-8
6
1
-7
1
-3
-12
-1
1
-6
1
0
-2
-3
-8
-8
4
-6
-10
9
-4
-11
17
-1
-16
16
5
-20
17
14
-21
5
11
-20
-3
19
-13
-11
21
0
-11
18
10
-15
10
9
-15
11
15
-15
5
13
-15
7
10
-13
5
12
-15
1
15
-15
2
13
-12
1
19
-9
3
19
-10
-3
13
-8
-5
8
-7
-5
0
-4
1
-4
-7
7
-6
-12
8
-6
-12
10
-4
-10
10
-5
-12
5
-2
-9
4
-1
-4
5
-3
1
7
-7
-5
6
-8
-7
13
1
-3
13
3
-4
10
9
-9
4
5
-13
-3
7
-3
-4
4
4
1
0
6
2
-7
8
14
-8
1
22
-11
-7
23
-2
-12
21
0
-18
17
5
-18
10
4
-15
5
-2
-13
3
-3
-7
4
-3
-5
4
-5
-10
5
1
-10
2
5
-11
-9
7
1
-11
7
3
-12
4
10
-13
1
17
-15
-6
16
-10
-11
15
-2
-15
12
6
-12
3
8
-6
1
8
-2
-5
5
3
-5
4
7
-4
4
6
-5
-2
3
2
1
7
0
-4
4
2
2
3
2
4
4
2
1
1
2
3
0
-4
4
-4
-4
2
-7
-6
1
-3
-3
3
-3
0
4
-1
-2
2
-1
-2
1
1
-3
-2
3
-1
1
6
1
-3
5
0
-7
5
1
-14
2
1
-14
-1
5
-5
-2
6
-6
0
9
-1
-4
1
0
-2
2
-1
-2
-1
2
1
1
0
-1
-1
-1
0
-1
-3
2
0
-2
4
2
0
5
7
4
5
6
8
2
3
2
1
-2
2
-2
-6
-4
1
1
-5
1
-1
-6
3
4
-4
-2
2
-2
1
5
0
1
1
-5
-3
1
-3
-2
-3
-5
-2
-1
-3
3
0
-1
1
0
-1
-2
0
-5
-5
-2
0
0
4
0
-2
2
2
0
2
0
-5
1
0
-6
5
6
-2
3
4
-4
-2
7
4
2
6
2
0
5
4
0
3
2
3
1
-1
4
2
-3
-3
-2
-5
-3
0
-3
-5
0
3
3
6
7
3
-2
2
-2
-6
4
-2
-7
-5
-6
-9
-1
1
-7
-2
0
-2
2
2
-2
0
1
0
1
3
-2
4
2
0
0
-1
0
-2
-1
1
-1
-4
2
0
-1
4
2
-1
2
0
-1
2
3
3
2
0
1
1
-1
2
-1
-5
-1
-3
-1
6
4
4
6
2
1
3
0
-1
1
-1
-2
-2
0
1
-4
3
3
-1
2
3
-7
-3
2
-10
-4
1
-7
-4
4
-6
-3
6
-6
-4
5
1
-2
6
2
0
3
0
-3
-4
2
2
0
2
4
3
2
0
1
6
