SAMPLES:	7631
BITSPERSAMPLE:	16
CHANNELS:	1
SAMPLERATE:	16000
NORMALIZED:	FALSE
0
-2
-1
-2
-4
-5
-4
-6
-7
-8
-8
-4
-5
-1
-2
-4
-1
1
4
0
0
0
2
6
4
4
2
-1
5
6
3
3
2
2
4
1
-3
0
2
4
4
1
2
1
1
3
4
6
4
2
0
-2
1
2
-1
0
-2
2
-1
-2
-3
-5
-3
-1
-5
-7
-1
-4
-4
-4
-4
-1
-2
-1
1
-1
1
0
0
-1
-1
2
1
0
3
0
0
2
0
3
1
1
3
-1
-1
-2
-2
2
-1
-1
1
3
0
0
2
1
-3
0
-2
-4
-1
1
2
-1
1
0
3
4
0
-1
2
3
1
2
2
5
-1
1
0
-1
-2
-2
-1
-2
-2
-4
1
0
-1
-2
-1
-2
-1
-1
-4
-1
0
0
2
2
2
0
3
0
1
0
-5
-5
-3
2
2
3
0
2
4
0
2
0
0
1
-2
0
-2
0
-2
-2
-1
-2
-1
2
1
-1
3
1
2
2
2
5
3
0
2
3
2
3
1
0
1
0
-3
-4
-2
0
-3
-5
-5
-3
-3
-1
0
3
-3
-3
-1
1
2
0
1
0
-1
-1
-2
0
0
-1
-1
0
1
-3
-1
-3
-5
-3
-2
3
3
3
3
3
1
2
1
2
3
3
6
7
5
2
1
-1
-1
-2
-1
3
1
-2
0
-1
2
1
1
2
0
2
4
1
1
0
2
-1
0
1
1
4
2
4
1
0
-1
0
-2
-2
-3
-3
-3
0
-5
-6
-2
-4
-4
-3
-3
-2
0
-4
0
-3
1
3
-1
-1
1
-2
-3
-6
-6
-2
0
1
0
1
-1
-1
-1
2
2
1
2
6
7
3
4
3
-1
1
4
3
2
3
2
-2
1
0
-2
-1
-3
-5
-2
-1
0
2
1
2
1
-2
-1
2
1
2
5
7
2
3
2
0
0
0
-3
-4
0
-3
-5
-2
2
1
6
7
6
3
7
7
1
-1
-4
-4
-3
-3
-3
-1
-2
-1
-1
2
2
-2
0
0
1
2
0
-2
-2
-4
-4
-2
0
3
3
-2
-1
1
-3
-5
-2
1
-1
-5
-2
-3
-3
1
-3
-4
-4
-6
-3
1
2
-1
3
1
-2
0
1
-1
2
3
2
4
1
1
2
2
4
2
3
4
2
5
4
2
3
3
1
0
1
-1
-2
-5
-3
-2
1
1
4
6
2
-1
2
4
2
5
-2
0
4
1
0
0
0
-1
3
2
2
1
2
-4
-7
1
0
1
3
1
-2
-3
-2
-5
-4
-1
-4
2
4
1
3
4
0
-1
-1
6
2
4
4
1
1
-4
-1
2
-3
-4
-1
-5
-3
-7
-7
-3
-1
-5
-3
-3
-6
-1
0
-3
-3
0
-7
-1
1
-7
-9
1
0
-5
-4
2
3
8
7
1
3
8
2
6
7
0
5
9
11
8
8
4
4
2
14
14
5
9
12
4
2
4
-4
-5
-13
-22
-14
-18
-33
-35
-35
-44
-45
-60
-79
-81
-88
-95
-101
-150
-159
-134
-120
-72
-80
-136
-80
-69
-131
-93
-84
-101
-79
-138
-165
-83
-46
-19
36
94
183
207
192
242
301
313
309
335
395
409
408
429
486
561
567
540
544
480
409
356
291
222
144
79
-3
-68
-79
-135
-106
-95
-196
-173
-171
-238
-249
-266
-239
-199
-244
-322
-264
-127
-222
-284
-179
-239
-244
-162
-238
-216
-53
47
106
111
-1
-197
-229
-252
-285
-20
-88
-236
278
104
55
1360
1230
205
716
764
150
491
381
-304
-343
-617
-1220
-1071
-612
-379
-201
-121
636
1482
720
-7
276
-238
-843
-471
-529
-851
-470
-317
-514
-126
328
246
192
488
839
802
544
671
762
281
-154
-307
-539
-683
-554
-578
-816
-785
-629
-803
-1021
-841
-624
-777
-833
-595
-780
-1443
-1874
-2035
-2119
-1823
-1325
-1110
-878
-342
-19
82
492
983
1261
1545
1832
2064
2291
2511
2783
2974
2887
2727
2632
2471
2335
2235
1939
1493
1135
961
878
706
512
367
109
-200
-293
-271
-377
-625
-980
-1452
-1927
-2195
-2404
-2696
-2643
-2333
-2535
-2936
-2882
-2939
-3467
-3819
-3854
-3867
-3691
-3278
-2851
-2425
-1927
-1531
-1357
-1299
-1532
-2352
-3401
-3910
-3399
-1960
-247
1244
2589
3759
4824
6072
6936
6609
5455
4467
3887
3138
2078
1434
1418
1405
1336
1597
1914
2131
2437
2563
2542
2754
2879
2554
2215
2122
2023
1823
1520
1192
1064
882
306
-86
215
677
984
1394
1851
2231
2527
2414
1898
1605
1657
1417
735
149
-334
-1347
-2787
-3827
-4324
-4490
-4210
-3843
-3810
-3656
-3219
-3213
-3747
-4166
-4338
-4602
-5137
-5789
-6018
-5620
-4872
-3910
-3042
-2747
-2929
-3240
-3507
-3534
-3316
-3091
-2938
-2893
-2804
-2383
-1919
-1744
-1489
-869
-121
541
948
1197
1542
1803
1684
1550
1938
2606
3108
3562
4136
4581
4688
4639
4752
5058
5289
5258
4961
4576
4439
4563
4514
4360
4541
4617
4060
3456
3421
3676
3822
3650
3139
2585
2162
1800
1589
1668
1766
1450
649
-224
-609
-520
-540
-825
-906
-757
-853
-1190
-1348
-1268
-1327
-1717
-2113
-2203
-2141
-2307
-2662
-2844
-3032
-3530
-3880
-3690
-3378
-3346
-3400
-3311
-3110
-2790
-2543
-2689
-2863
-2500
-2198
-2649
-2862
-1967
-1102
-1263
-1695
-1622
-1276
-1002
-942
-1026
-588
304
204
-673
-311
1073
1501
763
97
133
629
1169
1359
1033
877
1223
1065
546
937
1743
1740
1251
1219
1495
1257
665
324
392
950
1379
1304
1444
1761
1659
1004
388
868
1640
1378
858
685
531
337
231
301
171
179
685
506
86
958
1897
1472
734
1238
2000
928
-372
12
474
406
481
510
467
391
410
-65
-857
-342
159
-720
-899
-28
350
48
-373
-528
-793
-845
-308
-646
-1444
-908
64
258
-96
-392
-454
-944
-1503
-1359
-1401
-1718
-1532
-1002
-367
-324
-1014
-1361
-1071
-15
1176
922
-12
-238
-101
-81
-409
-529
-211
-241
-279
-23
278
552
196
-125
157
-13
-56
736
1248
974
491
179
-611
-1645
-1367
-478
-261
-128
-9
183
890
1469
1639
1705
1565
1059
301
227
1178
1829
1108
-389
-1255
-1287
-1038
-323
471
438
202
389
388
452
1200
1574
843
-52
-367
-312
-424
-482
-21
420
440
99
-348
-280
283
535
-89
-795
-225
870
958
518
579
472
-695
-1818
-1677
-1104
-995
-652
-30
37
143
970
1379
857
607
379
-835
-1729
-1190
-668
-1251
-1780
-1235
-200
648
1308
1450
781
42
-364
-579
-303
280
279
-489
-746
-93
139
-158
-284
-318
-132
199
136
316
1296
1931
1333
258
-99
-224
-902
-1550
-1841
-1626
-1049
-725
-567
-67
1065
2194
2027
660
-7
409
374
-600
-1329
-1321
-1799
-2275
-1416
-44
698
963
1186
730
-275
-707
-743
-622
108
1070
917
-177
-648
-604
-854
-1159
-1128
-648
198
876
1147
1524
1999
1861
1022
428
319
-168
-912
-1366
-1348
-859
-574
-781
-904
-500
121
383
351
752
1285
956
450
616
852
435
-405
-712
-379
109
604
505
75
50
-141
-615
-617
156
860
543
84
280
232
-543
-1325
-1329
-541
-122
-706
-1265
-1021
-238
241
275
719
1003
375
-317
-619
-285
421
307
-371
-567
148
1124
1075
668
722
524
146
-252
-792
-1074
-1084
-827
-358
-44
240
188
-343
-257
381
632
380
106
450
669
194
89
387
394
-129
-878
-1140
-1007
-791
-586
-469
-57
615
967
1013
1165
1205
671
-101
-515
-558
-587
-477
-215
-58
248
472
45
-706
-959
-703
-557
-285
432
1072
1487
1754
1399
355
-690
-1471
-2117
-2050
-1157
-545
-348
182
917
1223
857
333
95
77
-12
-465
-1001
-1156
-792
-384
-459
-301
454
577
-120
-355
-45
-175
-640
-664
-634
-981
-837
-241
94
555
1078
983
213
-310
-196
-159
-227
-45
292
773
1246
967
218
88
533
694
136
-273
-226
-125
13
2
-123
-389
-459
-304
-316
-303
-152
138
24
-145
387
805
685
495
700
1048
987
682
32
-742
-954
-581
-125
104
509
856
1015
1415
1832
2183
2272
2487
2986
3165
3259
3155
2799
2541
2349
2042
1410
619
-296
-1363
-2386
-3079
-3548
-3991
-3866
-3275
-2591
-1944
-1637
-1593
-1785
-1844
-1711
-1879
-2167
-2474
-2798
-2877
-2710
-2473
-2489
-2651
-2691
-2748
-2715
-2488
-2105
-1773
-1580
-1293
-1070
-1036
-1003
-718
-423
-306
135
554
446
-109
-353
-82
165
384
541
921
1502
2125
2160
1675
1229
491
391
394
174
-89
-800
-974
-938
-838
-1068
-1910
-3411
-4557
-7015
-9195
-11078
-11987
-1634
16978
30447
30347
25113
27378
26900
15711
752
-9543
-13392
-18591
-22282
-20808
-15573
-8584
-6320
-5193
-1359
2475
1479
-4781
-5872
-1168
2271
3077
4446
9422
13105
13180
11312
7070
788
-7562
-15250
-19329
-19292
-16639
-14757
-12986
-8433
-1683
3315
4730
4932
5250
4467
2288
1365
2878
4721
5317
5163
5773
5801
3705
773
-1506
-1820
-1849
-3145
-4533
-5056
-3897
-2833
-2422
-1358
-168
737
642
579
1560
2272
1962
827
584
1401
1642
1193
722
723
560
-27
-414
-367
3
240
235
226
427
433
-165
-1089
-1688
-1729
-2119
-2617
-2317
-1259
185
889
1120
989
229
-723
-2059
-3463
-5433
-8218
-10169
-3096
14567
29604
31141
24029
23799
25516
15898
-432
-12393
-14966
-17023
-21017
-20213
-14247
-6189
-3757
-4604
-1389
2669
1631
-5434
-7719
-1283
4671
6594
7730
12358
16410
14713
10256
4812
-1881
-10928
-19750
-23139
-21305
-17225
-14080
-11321
-6325
-219
4059
4978
4546
4714
4439
3220
2870
4930
7556
8085
6969
5931
4338
336
-5319
-9969
-11827
-11640
-10543
-8454
-5087
-293
4675
11020
16191
16543
13249
7001
1296
-3738
-7201
-8743
-10281
-8628
-4985
-1456
1042
2526
3992
3577
3540
4729
5312
5299
4679
4189
2590
192
-2512
-6110
-8836
-9635
-8283
-5899
-3121
237
2915
4964
6431
6776
5823
3554
864
-1167
-2438
-3266
-3895
-4477
-4614
-4757
-5110
-5637
-7263
-7818
3163
21320
31294
27092
20352
24920
24936
11572
-4040
-11327
-10963
-15473
-20638
-18798
-12272
-6545
-8788
-9605
-3694
796
-2188
-8494
-4305
6401
11213
11299
13609
19557
19276
11372
4608
-343
-7559
-18466
-25457
-23857
-18838
-15157
-13088
-9023
-2918
1441
3008
3417
4843
6439
6375
6349
8571
11691
11995
8841
5327
2451
-2150
-8751
-14276
-16390
-15494
-13158
-9478
-4619
903
6073
11047
17812
20696
17402
10673
3362
-1933
-7198
-10069
-11678
-12243
-9261
-5821
-2769
-370
2398
4385
4247
6113
8612
9096
7653
5863
4312
978
-2827
-6709
-10206
-11508
-10535
-7614
-4036
-128
2884
4490
5773
6293
6001
3988
1300
-1245
-2850
-3357
-4033
-4679
-5049
-5898
-6632
-7258
455
17795
29414
28508
19263
18955
22354
13118
-1717
-11395
-9713
-8418
-13765
-14873
-10620
-4684
-6797
-12750
-9629
-3452
-3239
-9615
-8252
5313
15396
15805
13898
17219
19269
11496
1338
-4030
-7199
-14535
-22871
-22931
-15890
-10086
-9760
-9921
-5966
-1442
-591
-1528
472
5055
7718
8210
10438
14545
15262
10353
4264
341
-3856
-10396
-16073
-17545
-15121
-11528
-7724
-3452
908
4495
8099
14087
17789
16716
11742
6106
2049
-2453
-5619
-8854
-11224
-10508
-8696
-6209
-3686
-318
2256
3213
6034
9289
10449
9135
7335
5436
2176
-1440
-5327
-8922
-11003
-10829
-8502
-5174
-1337
1336
2718
4158
5185
5353
4189
2452
391
-1540
-2374
-2997
-3670
-4320
-4923
-5920
-6487
-5716
5341
22403
30573
25831
16629
19143
20148
7945
-6283
-11900
-7144
-7705
-13792
-13425
-7588
-2931
-9302
-15599
-10206
-2931
-4162
-10383
-4692
11141
18880
15980
13813
17647
16772
5597
-4621
-6766
-7573
-14863
-22139
-19520
-10642
-6929
-10006
-10799
-6325
-2860
-4105
-4291
1403
8221
10568
10410
13354
17173
14631
6624
28
-2977
-6966
-12996
-16279
-14703
-11135
-8266
-5408
-1664
1554
3234
4112
9370
17923
19712
14631
8034
3981
-814
-7530
-11126
-13286
-13149
-10459
-7128
-2954
1210
4685
4731
4815
8343
10208
8656
6491
5705
3505
-522
-4081
-8066
-11445
-12429
-10798
-7471
-3049
1097
2943
3958
5273
5712
4515
2315
134
-1986
-3039
-3427
-3907
-4113
-3675
-4892
-2460
13922
29094
29444
17212
11397
17298
12043
-2075
-11647
-9075
-2068
-5757
-9959
-6711
-224
-2519
-15940
-18718
-8417
-2276
-7898
-10795
2931
18369
18906
12289
12485
15801
8794
-4674
-8791
-3687
-4377
-13496
-17705
-10483
-3424
-7010
-13212
-12715
-7998
-6924
-8498
-3705
6310
12431
11440
10757
15406
16461
8582
-641
-3470
-3315
-7027
-11323
-10805
-7546
-6315
-7034
-6054
-3548
-2083
-2094
2530
12321
18368
17521
12218
7994
3577
-2840
-8119
-11644
-11189
-8918
-7345
-4624
-547
2714
1591
345
3481
6640
7058
6569
7238
7088
4429
486
-4071
-7990
-10645
-11842
-10415
-5760
-972
1000
1560
2690
4009
3463
1707
145
-796
-1103
-2055
-2537
-1690
-1195
-2557
-3534
10259
28441
31793
20258
8884
13414
12657
-798
-11833
-11781
-2759
-3465
-9069
-6476
230
360
-13330
-20601
-10996
-1722
-4971
-10296
60
17179
19989
12044
10025
13418
8168
-5778
-11380
-4103
-606
-8090
-14692
-10392
-2819
-5821
-13515
-14830
-10299
-7695
-9397
-5197
5780
13153
11855
8582
11952
14478
8032
-855
-3531
-1326
-2562
-6256
-6292
-4108
-4316
-7437
-9126
-7660
-5809
-5049
-3501
3327
16619
23252
18934
12371
7231
1264
-7556
-10965
-9446
-8724
-6680
-4175
-1541
462
578
-1600
-3559
542
5986
7268
7873
9716
8565
3435
-1173
-4812
-8945
-11785
-11552
-8800
-4083
812
1975
1176
1551
1555
617
-281
472
20
-1400
-1720
-1790
-1611
-1024
-2474
4144
22285
32386
25822
10281
8919
12847
2846
-8698
-11736
-4162
-616
-6340
-6676
-1946
1049
-8498
-21058
-16526
-4309
-1577
-6979
-3012
12674
19553
12418
7400
9788
8747
-2053
-10321
-4502
3062
-593
-9181
-10494
-4721
-6131
-14074
-16705
-12838
-8269
-8445
-6082
3518
11535
11509
6114
5997
9939
7599
1221
-1101
2154
3141
-520
-2236
-597
148
-3654
-8300
-8892
-6287
-4833
-4877
-2096
3103
6279
5588
4241
4161
3174
952
-862
-172
1876
2039
346
-749
31
-196
-2043
-2330
-606
603
349
632
1838
2089
672
-1297
-2354
-2562
-2809
-3189
-2836
-1394
-510
-557
-592
-91
49
-723
-1481
-1396
-1331
-1750
-2749
-2436
-2252
2763
19674
31665
29061
14439
7785
12052
5596
-5868
-11549
-6136
-269
-5598
-8382
-4862
-1405
-8284
-21174
-19136
-5771
907
-3022
-2268
10584
18880
12723
6037
7805
8437
0
-8611
-4077
5008
3049
-6007
-10635
-7234
-7707
-15110
-17728
-13490
-7457
-6481
-5502
2515
9747
9761
4386
3130
7238
6991
3827
4166
7609
8108
3104
-259
-1065
-3467
-7592
-10864
-9755
-5948
-3876
-3944
-3240
-535
908
-150
571
3528
4771
4103
3864
4798
4750
2662
186
-1679
-1968
-1786
-2118
-1352
310
788
-437
-1009
-384
-715
-1927
-2270
-1666
-1204
-1261
-1636
-1400
-900
-926
-1220
-1138
-657
-875
-1938
-2056
-1753
-1062
-829
9588
26823
32350
22823
8550
9350
11585
2417
-6248
-6790
1191
945
-6700
-8073
-5436
-6352
-18294
-25346
-15024
-1511
764
-2922
2920
13843
13789
5840
4721
9171
7430
-786
-3231
5069
8928
1172
-8403
-11079
-9263
-13561
-18327
-15850
-9844
-6153
-7374
-4480
2792
5692
2751
-179
4934
10239
9071
7160
8720
11054
7269
1743
-282
-1005
-3457
-7863
-9738
-7986
-5561
-6032
-7218
-5177
-1891
-723
-897
1536
4272
4423
3384
3252
4649
4668
3073
1036
153
373
-1032
-2413
-2224
-1300
-1239
-1671
-711
94
-315
-1302
-2009
-2010
-1784
-1708
-2076
-1914
-1267
-995
-1588
-1730
-1270
-1294
-1723
-1358
-822
3038
18682
31166
28644
13973
5728
11207
8730
428
-3946
222
5450
-1326
-7632
-7519
-5776
-12046
-24418
-22157
-7095
2093
-1324
-3550
4610
10139
4805
527
5973
11197
7424
881
3676
11080
7845
-2882
-10357
-9349
-8669
-13759
-14566
-10283
-6309
-8186
-11549
-7271
-1817
-1044
-3393
-1523
7578
12964
11115
8350
8513
9179
5438
1993
3292
3474
-252
-5048
-7075
-6480
-7780
-9610
-9678
-7290
-2940
-1095
-631
1026
2374
2156
1098
3220
6293
5726
3841
2732
2207
905
-1045
-1774
-1756
-1560
-1219
-1088
-569
-746
-2083
-2970
-2820
-1732
-928
-705
-481
-859
-1741
-2817
-3184
-2091
-1079
-838
30
1001
4408
17743
28884
26493
11621
2799
9346
10315
4434
63
3373
7385
-497
-8214
-9005
-6767
-11795
-23096
-21153
-6621
2746
-1355
-5841
-444
4235
607
-1687
5781
13190
10958
4051
4609
10785
7944
-2362
-9581
-7669
-4936
-8514
-10028
-7619
-5898
-9638
-14486
-11466
-5546
-2430
-2439
-888
4571
7025
6046
5456
6685
7906
6475
5255
6010
5811
2658
-2304
-5564
-5724
-6112
-7016
-6422
-4800
-3457
-4000
-3920
-2247
-970
105
740
2291
4226
4613
3973
2871
2429
1728
504
658
1286
689
-586
-1187
-1095
-1480
-1759
-1326
-1341
-1744
-2056
-2306
-2013
-2150
-2530
-2948
-2687
-1515
-890
-323
961
1323
4562
17784
27665
23863
9289
2924
10510
11833
6962
2956
5871
7816
-1659
-9491
-9458
-6327
-11664
-21859
-18116
-4263
1899
-4758
-9325
-4298
-678
-3660
-3251
6314
13665
11000
4217
5222
10356
6793
-1929
-6196
-2054
437
-3765
-6079
-5539
-6401
-12245
-16380
-12173
-5904
-2889
-2497
-1499
1032
1512
902
2342
5047
7345
6465
4888
6077
6212
3223
-965
-2532
-1785
-2718
-3142
-2375
-2600
-3751
-5315
-5268
-3573
-1697
-477
-633
213
1721
1313
774
1641
2437
1747
1052
2208
2873
1588
421
-210
-15
306
86
-53
-605
-1318
-2214
-2646
-1975
-2117
-3141
-3437
-2979
-2416
-2308
-1582
-277
2121
13564
24444
23260
11275
2395
8704
13583
11130
7282
8087
10751
3367
-5903
-7695
-4736
-7879
-17923
-18347
-7163
-499
-6781
-13201
-10472
-5559
-5986
-5588
2861
10217
9200
2938
2101
7650
7781
2408
-1213
1989
5419
1918
-2032
-3322
-4761
-9454
-13000
-9990
-4230
-1573
-3762
-6336
-5972
-3757
-2826
-1690
1472
3946
4113
3108
4363
4951
2715
308
-525
1123
2396
1992
407
-1329
-1963
-2940
-3280
-1698
-411
-1377
-2612
-1845
-558
-627
-985
-185
426
679
650
524
1003
827
123
-191
1091
2642
1837
534
391
643
67
-1276
-1864
-1526
-1467
-1873
-2400
-2014
-1203
-1510
-1328
8236
20098
20195
8401
-814
6111
13717
12375
8176
8816
12270
5959
-3580
-5177
-741
-2059
-11778
-14036
-4637
1246
-6194
-14677
-13298
-8124
-8009
-8313
-1319
5250
3904
-2357
-2931
3576
5953
2692
494
4317
7867
4487
-31
-1029
-1201
-4325
-6865
-4112
205
-958
-5878
-8162
-5949
-3328
-3902
-3888
-2006
-346
-561
-1514
42
1877
1561
130
406
2711
3367
1385
-125
564
1501
1193
344
461
242
-1338
-2262
-1828
-377
-100
-1016
-1236
-949
-505
-901
-1217
-570
38
147
52
416
961
565
44
656
1162
952
-19
-954
-1062
-1237
-1185
-847
-134
777
2672
10834
18422
15587
4332
-1701
5699
12874
11944
8605
9206
9566
2919
-4166
-3784
431
-1596
-8413
-8861
-1678
182
-8220
-14083
-11177
-6340
-6481
-6198
-940
1838
-1675
-6281
-4200
2086
4184
1729
760
3562
4529
1263
-1578
-406
1033
-192
-753
686
1126
-2546
-6246
-5690
-3010
-1473
-2319
-2969
-2903
-3356
-4097
-3774
-1643
152
153
-301
536
1116
107
-935
75
2185
2814
2415
1703
994
-58
-832
-127
1227
1724
533
-868
-1147
-1033
-1538
-1835
-1136
-590
-757
-1090
-808
-503
-785
-651
15
729
726
-364
-783
-220
301
592
203
448
937
871
6737
15292
16110
7056
-1546
3443
12557
13742
9589
7848
9108
5324
-1424
-2112
2575
2896
-3930
-8239
-3817
-468
-6866
-13701
-12354
-6562
-5363
-6860
-4185
-1844
-4406
-8533
-6931
65
4014
2300
201
1574
3063
1362
-739
1054
3533
2867
1358
1438
1898
-1195
-4910
-4811
-1722
379
-782
-2681
-3631
-4123
-4652
-3988
-2012
-437
-889
-2212
-2057
-1375
-1155
-1477
-724
1030
1649
1181
660
851
1029
974
1601
2779
2891
1452
-69
-597
-200
-85
21
299
-18
-1113
-2443
-2491
-1797
-1241
-690
-224
-33
-685
-1970
-2200
-1230
-184
246
-65
-81
756
1156
6032
14084
15761
8185
-585
2886
12464
15316
11752
8957
9221
6199
113
-1078
3496
4900
-800
-6150
-3710
-246
-5377
-12049
-11831
-6745
-5366
-7450
-6051
-4247
-6599
-10527
-9454
-3163
1192
189
-1797
-987
564
115
-926
1245
4087
3721
2048
2018
3165
1826
-1000
-1429
248
1155
-125
-1972
-2823
-3329
-3764
-3110
-1437
300
90
-1636
-2463
-2288
-1548
-1105
-54
1365
1100
-458
-1572
-1144
-183
519
1303
2020
1646
514
-29
474
1426
1525
1162
732
84
-922
-1971
-1797
-781
-510
-1177
-1803
-2008
-2040
-2205
-1763
-746
-332
-800
-1420
-1283
-819
-661
-977
-231
1387
6130
13624
14758
7163
-1704
754
11305
16107
13650
10507
9698
6180
518
153
6107
8801
3174
-3198
-2687
147
-4594
-11417
-10863
-5304
-3779
-7314
-7854
-6442
-8728
-12837
-11548
-4338
739
-986
-4822
-4935
-2868
-1908
-1667
1112
4608
4054
1338
620
2242
2387
943
2575
5321
4571
805
-1598
-933
-239
-59
558
368
-1333
-3597
-5113
-4480
-2606
-1704
-2632
-3557
-2750
-2600
-3405
-2393
-61
769
18
160
923
648
306
1299
2581
3362
3011
1586
653
933
1306
729
668
1396
605
-1504
-2159
-1200
-689
-1039
-1117
-828
-1332
-2386
-2938
-2444
-1178
-403
-1118
-1477
-120
4827
10781
10887
4763
-719
2827
11088
14204
12024
10045
9040
5705
2068
3807
9325
9761
3768
-1060
-9
1504
-2753
-7175
-6043
-3164
-4522
-7862
-7826
-7150
-10015
-12785
-10196
-4880
-3137
-6107
-8721
-7817
-5805
-4410
-2792
251
2071
494
-1191
198
2869
3313
2892
3772
4918
4178
2491
2003
2225
2448
2336
2143
1514
1
-2076
-3217
-2425
-1236
-1604
-3151
-3810
-3839
-3981
-3567
-2280
-1417
-2047
-2721
-2067
-772
-61
41
233
885
1375
1220
1022
1323
1840
1868
1830
2385
2389
1228
-56
-150
665
1097
835
163
-511
-1077
-1419
-1625
-1271
-1127
-1455
-2155
-2820
-2074
1524
8519
10986
4828
-2774
-1396
7804
12501
10894
9320
9595
6803
1897
2561
9211
12200
6406
190
764
4007
1284
-4025
-3618
-343
-1466
-6137
-6615
-4489
-6748
-11472
-11186
-5932
-3587
-6663
-10167
-9838
-8011
-7197
-5998
-3176
-953
-2724
-5267
-3841
395
2727
2124
2168
3353
3326
2179
2334
4066
5194
4459
3392
3223
2691
861
-959
-436
1137
906
-900
-2254
-2635
-3244
-3569
-2569
-1268
-1426
-2935
-3969
-3415
-2032
-1283
-983
-388
42
-480
-1005
-107
1270
1681
1408
1591
1946
1884
1575
1429
1677
1851
1630
1112
963
984
545
-257
-453
-59
-401
-1120
-1418
-1417
-1822
-1808
2039
7923
8310
1526
-4399
-858
7605
10813
8924
7837
7561
3881
-251
2641
10330
12218
6052
649
1632
3581
852
-1765
274
2457
-644
-5245
-5092
-3429
-5954
-9757
-8672
-4361
-3470
-7042
-9920
-9604
-8480
-7957
-6504
-3512
-2243
-4677
-7274
-6170
-2485
-245
62
551
1216
549
-201
881
3438
5172
5550
6658
6432
3727
499
55
2683
4633
4361
2107
-1104
-3462
-3643
-2089
194
1000
-967
-4150
-5388
-3380
-1395
-806
-535
-920
-2406
-3517
-2391
-379
252
-38
-126
-137
106
502
785
1237
1936
2386
1876
1628
2141
1775
788
862
1873
1887
792
86
-373
-878
-1284
-1157
-1392
88
5763
8861
4664
-3001
-3722
3365
8302
8273
7689
8140
5210
-643
-1369
6006
12355
9669
2638
41
2240
1731
-653
1014
4543
2725
-4111
-6574
-3417
-2451
-5867
-7492
-4948
-3402
-5897
-8720
-8481
-7573
-7953
-8148
-5870
-2863
-3310
-6424
-7883
-5620
-2285
-545
270
801
-1
-1706
-1806
771
3968
4953
4017
2766
2187
2031
1948
2798
3904
3644
1836
307
88
-10
-566
-512
194
45
-1178
-2274
-2306
-1978
-1843
-1475
-802
-431
-1072
-2081
-2125
-1121
-237
130
546
811
360
-148
426
1592
2121
1970
1673
1403
1188
1377
1810
2083
1928
1210
330
0
222
328
45
-372
-881
-1261
1822
6576
6816
1233
-3347
-307
5017
6775
6966
8330
7518
2056
-2145
1175
8199
10118
6194
2004
1186
620
-1305
-517
3253
4386
-672
-5800
-5126
-2618
-3537
-5532
-4681
-3422
-5216
-7898
-7605
-5929
-6101
-7439
-7417
-5398
-3954
-4501
-5510
-5123
-3880
-3455
-2995
-976
1007
427
-1374
-1231
809
2175
2473
2839
2879
1866
720
1042
2403
3096
2489
1309
640
636
591
380
354
251
-390
-1126
-895
-132
-281
-1120
-1439
-1109
-868
-762
-268
211
94
-255
-148
396
868
1006
937
1099
1410
1557
1434
1356
1460
1433
1220
1184
1467
1508
1106
759
780
683
493
163
-109
-577
494
4335
6694
4519
-250
-1236
2007
4216
4785
6240
8010
5654
231
-1702
2325
6588
6402
3926
2443
1650
-1031
-2988
-969
2464
2168
-1947
-4204
-3303
-3075
-4719
-5073
-3567
-3424
-5555
-6833
-5638
-4639
-5419
-6754
-6594
-5213
-4430
-4306
-4084
-3522
-3603
-4329
-3857
-1667
276
415
-295
-374
-44
-54
381
1679
2712
2454
1392
914
1112
1279
1198
1189
1323
1173
666
392
627
726
289
-175
16
483
470
205
179
251
16
-113
439
1124
1119
573
300
476
728
982
1411
1761
1576
1037
671
962
1442
1579
1447
1282
1275
1054
765
841
1230
1186
724
297
43
-253
-282
1962
4927
5276
2283
-593
147
1948
2523
3196
5169
5865
2837
-784
-596
2325
3629
2820
2190
2536
1515
-1161
-2044
-176
1498
47
-2422
-2682
-1942
-2681
-4026
-3798
-3017
-3919
-5726
-5723
-4227
-3612
-4573
-5693
-5547
-4953
-4699
-4295
-3225
-2281
-2814
-3871
-3516
-1966
-927
-759
-495
-66
-266
-626
-108
877
1291
873
492
650
1034
1228
1136
1144
1280
1168
864
1006
1513
1567
1067
881
1259
1439
1309
1317
1404
1153
742
685
964
1219
1261
1089
899
973
1134
1135
1146
1262
1217
904
831
1302
1651
1543
1303
1230
1231
1029
901
1011
1127
1006
788
604
487
268
-144
-581
-977
-46
2070
3295
2205
24
-420
327
498
611
2082
3764
3058
627
-329
1044
2088
1597
969
1495
1942
751
-479
-177
748
56
-1917
-2513
-1582
-1294
-2313
-2957
-2701
-3045
-4480
-5179
-4218
-3200
-3380
-4263
-4569
-4319
-4340
-4362
-3820
-2812
-2346
-2780
-3044
-2537
-1888
-1736
-1584
-945
-391
-443
-453
100
676
840
845
1102
1333
1385
1542
1819
2060
2032
1866
1801
1957
2136
2012
1724
1630
1635
1449
1328
1475
1601
1317
960
886
928
1010
1148
1315
1239
997
854
843
1002
1228
1339
1276
1193
1238
1274
1225
1222
1225
1140
956
813
787
723
562
331
78
-145
-337
-506
-558
-602
-831
-1334
-1625
-745
864
1706
984
-100
-180
52
-159
-44
1231
2430
1962
645
346
1083
1372
904
674
1078
1171
520
25
257
485
-335
-1542
-1881
-1528
-1524
-2028
-2223
-2189
-2682
-3567
-3951
-3714
-3590
-3843
-4086
-4008
-3839
-3729
-3561
-3201
-2748
-2613
-2727
-2611
-1960
-1147
-633
-317
-12
234
309
485
978
1584
1902
1838
1691
1667
1733
1765
1811
1901
1942
1800
1537
1415
1516
1633
1504
1251
1147
1180
1199
1247
1353
1374
1204
1034
1076
1204
1330
1391
1355
1313
1281
1209
1060
984
1074
1123
1003
863
793
751
666
598
601
552
397
210
111
153
166
6
-224
-331
-274
-223
-341
-589
-900
-1222
-1467
-1570
-1389
-843
-104
337
110
-419
-601
-370
-135
55
518
1120
1253
853
554
694
916
829
597
509
429
151
-186
-304
-308
-622
-1263
-1777
-1896
-1882
-2057
-2344
-2543
-2707
-2897
-2971
-2820
-2581
-2490
-2543
-2572
-2432
-2067
-1588
-1189
-950
-780
-638
-543
-378
64
604
830
706
582
641
730
807
962
1138
1174
1052
942
960
1050
1075
1054
1120
1266
1298
1158
1063
1095
1107
1018
967
1032
1103
1054
886
753
764
890
1014
1104
1195
1237
1169
1002
884
928
1066
1147
1139
1132
1062
876
716
689
688
580
393
179
-6
-110
-154
-258
-424
-547
-634
-742
-824
-841
-865
-914
-949
-990
-1057
-1082
-1038
-1023
-1061
-1062
-962
-767
-527
-334
-207
-35
171
167
-88
-257
-197
-154
-191
-68
197
244
8
-182
-191
-191
-251
-250
-151
-64
-46
-113
-257
-412
-522
-618
-684
-625
-473
-461
-680
-903
-931
-809
-658
-490
-361
-421
-609
-656
-469
-250
-123
-57
-55
-132
-169
-110
-86
-102
-26
95
117
88
99
41
-112
-169
-63
35
66
137
240
305
377
478
539
620
830
1064
1131
1104
1143
1233
1281
1309
1334
1286
1144
985
892
868
872
814
673
538
452
356
273
271
276
187
35
-62
-75
-77
-121
-182
-195
-163
-135
-157
-198
-241
-273
-274
-224
-202
-296
-445
-542
-542
-477
-430
-471
-560
-638
-747
-852
-791
-631
-660
-862
-925
-795
-720
-758
-719
-575
-494
-510
-478
-305
-81
43
79
161
301
368
348
371
445
454
450
583
759
782
690
688
781
816
730
608
527
483
431
348
255
144
-13
-198
-341
-438
-538
-647
-729
-784
-823
-838
-855
-898
-897
-785
-632
-552
-558
-531
-413
-247
-116
-23
55
106
79
42
96
166
137
25
-40
-3
77
109
80
52
64
59
37
53
105
165
231
254
168
72
125
272
351
372
454
575
619
592
591
662
748
742
654
608
621
624
591
592
574
454
319
266
239
150
53
-15
-78
-127
-176
-298
-409
-380
-296
-317
-436
-520
-507
-412
-284
-207
-225
-266
-244
-185
-152
-156
-173
-146
-22
116
150
135
176
191
117
64
76
52
38
98
144
54
-102
-259
-471
-593
-449
-230
-225
-350
-424
-445
-477
-454
-337
-234
-224
-231
-111
87
175
125
69
105
185
205
121
62
121
190
163
137
154
126
59
-14
-132
-287
-398
-404
-293
-131
-114
-312
-497
-528
-519
-524
-467
-383
-298
-221
-189
-109
64
142
49
40
172
232
273
406
533
584
573
520
488
437
334
329
442
480
465
442
340
292
348
253
82
85
109
64
131
210
152
159
265
209
65
31
14
-8
96
288
420
479
440
362
314
234
156
228
336
265
114
21
-60
-116
-120
-143
-248
-418
-547
-558
-565
-606
-533
-435
-523
-645
-577
-457
-412
-408
-438
-419
-221
-27
-50
-205
-243
-177
-121
-17
131
149
53
38
99
52
-74
-75
88
183
83
-72
-146
-181
-223
-221
-232
-288
-335
-380
-396
-284
-166
-163
-235
-240
-167
-151
-186
-90
105
176
111
140
268
308
283
282
285
274
304
407
585
689
598
383
271
286
250
124
135
322
418
267
68
44
24
-86
-78
39
118
195
195
60
2
122
188
105
108
262
369
371
262
119
132
265
315
311
303
197
26
-75
-187
-226
-95
-76
-221
-296
-333
-412
-447
-449
-513
-512
-410
-445
-493
-410
-329
-292
-263
-300
-279
-112
-26
-225
-341
-163
-13
5
58
91
72
-23
-34
99
132
-32
-155
-63
26
55
142
133
-82
-209
-223
-288
-364
-254
-92
-104
-183
-159
-124
-155
-205
-223
-137
-8
100
194
284
239
155
226
388
402
341
327
332
341
335
283
320
445
408
288
293
280
182
197
190
105
99
103
6
86
317
329
167
71
-2
44
238
253
58
-35
44
158
231
194
77
-71
-227
-216
11
55
-126
-124
-75
-252
-261
-36
-107
-405
-517
-428
-256
-105
-133
-298
-453
-552
-500
-356
-251
-98
-30
-243
-341
-125
-60
-211
-221
-135
-98
47
62
-122
-8
128
-111
-287
-155
-51
-51
75
93
-66
-20
-18
-108
62
230
140
-24
-68
-78
-146
-41
191
199
1
47
306
218
10
107
133
-14
88
405
467
344
303
171
72
130
158
329
245
47
221
214
104
69
-112
-116
181
378
276
131
3
-29
136
162
279
458
237
138
132
43
117
-21
-12
89
148
162
-25
-110
-78
-94
-199
-167
-180
-296
-200
73
81
-15
-292
-440
-460
-583
-471
-513
-286
66
-76
-194
-172
-358
-438
-367
-311
-209
-7
29
-30
-51
-180
25
146
-72
-208
-130
-88
-110
110
276
8
-84
-130
-68
140
-144
-270
-3
106
-167
-304
-66
3
-130
-154
90
349
66
-184
-114
67
160
291
464
348
390
488
321
263
369
314
160
91
395
450
232
411
342
149
113
144
77
-82
-25
-113
-70
94
152
-110
-27
264
124
-41
67
136
47
93
133
286
202
86
323
314
35
22
-78
-130
11
-45
-210
-117
-176
-98
-263
-487
-400
-451
-463
-281
19
-128
-393
-432
-338
-510
-377
-376
-364
-198
-367
-388
-142
97
-32
-245
-211
-180
-165
-127
-61
19
-53
139
180
87
69
-57
-48
175
266
221
112
251
313
9
8
74
130
323
339
304
101
-101
-35
174
244
89
-38
-14
-171
-221
1
287
150
-95
34
-71
-21
270
234
174
185
87
-43
-111
30
-53
-7
203
76
309
336
218
388
299
165
34
-139
71
250
270
-72
-40
178
1
100
240
13
354
261
17
249
-197
-384
181
82
-116
121
66
-163
-371
-216
-106
-349
-128
33
-172
97
157
-379
-600
-348
-300
-267
-255
-469
-613
-401
-253
-135
-207
-551
-384
-169
-229
-308
-331
-37
143
-60
-76
-12
-296
-230
2
-114
106
90
-187
-63
124
60
65
278
406
538
809
632
39
-87
27
195
268
241
256
229
242
340
398
41
-263
34
136
-29
352
498
92
54
219
-95
-281
-243
-273
-81
325
622
570
206
-109
-161
-92
75
125
163
297
180
-96
72
22
-82
11
43
58
-70
-196
-92
-17
55
20
5
153
84
108
191
111
-10
-63
-238
-471
-284
-104
-271
31
328
2
-298
-232
-191
-381
-320
-138
-287
-311
-235
-109
-54
-103
61
62
-123
-404
-525
-451
-368
6
384
295
-199
-454
-285
-159
-251
-510
-544
-329
-219
-80
140
148
-160
-82
95
-122
-46
112
-26
56
336
447
563
603
151
130
573
576
443
246
119
-108
-47
289
428
443
434
434
250
30
109
247
137
-149
-108
111
41
131
49
-280
-85
448
383
129
107
-211
-294
48
229
557
672
318
213
391
228
0
-20
-267
-280
-220
-114
126
30
138
210
-129
-283
-446
-652
-536
-546
-658
-266
219
297
186
-250
-545
-589
-765
-812
-790
-218
307
224
477
141
-592
-524
-722
-895
-347
143
415
469
420
208
-126
22
150
182
307
198
219
361
245
-13
-213
-391
-382
-193
-232
-198
-16
54
70
-195
-194
77
-151
-243
-3
150
366
321
109
258
182
-201
71
373
55
163
416
201
160
49
5
222
186
179
313
449
151
-398
-461
-502
-306
181
498
760
550
334
192
-127
-46
89
16
-51
79
421
147
-117
110
-66
-310
-325
-523
-491
-120
-156
-87
194
12
-207
-46
138
-5
-7
-30
-692
-459
147
-61
41
342
276
-400
-836
-536
-792
-961
-741
-804
-481
-204
-151
-38
-79
-234
-342
-18
552
369
-52
123
236
108
235
304
276
57
-170
172
72
-188
278
724
730
259
-56
298
333
210
339
406
679
709
394
258
-168
-412
57
387
366
89
-169
246
542
18
-290
-221
-267
-187
143
247
-3
-103
142
315
253
134
-80
-245
-33
163
163
64
-82
-414
-670
-393
-311
-536
-608
-788
-727
-347
-563
-1089
-872
-376
-381
-437
-382
-184
-109
-218
144
212
-217
58
238
87
303
472
285
-75
-123
-243
-384
106
256
-48
83
169
57
411
788
187
-194
-20
-140
270
770
581
367
141
-23
65
124
-57
-30
367
499
624
840
705
325
23
-39
-53
31
317
469
666
716
186
-183
294
812
622
316
144
-93
-86
71
42
223
573
372
33
-111
-688
-962
-572
-468
-526
-453
-612
-626
-242
-371
-1001
-1103
-720
-471
-337
-73
156
-162
-654
-432
-207
-539
-438
-125
-416
-700
-480
-281
-395
-513
-444
-413
-334
-35
173
181
-19
-301
-436
-218
-20
-174
58
446
491
605
628
613
428
-92
58
640
607
536
592
513
563
508
447
325
97
-60
-42
551
1059
689
548
476
247
333
422
451
318
270
327
352
346
114
-104
17
59
-286
-216
469
624
508
562
227
-282
-468
-176
344
567
825
730
191
-202
-146
-132
-530
-286
198
-6
-51
-406
-1096
-1075
-1093
-1226
-1091
-806
-445
-202
-247
-545
-764
-570
-402
-260
23
266
113
72
201
264
-97
-353
-281
-156
-167
-125
-437
-800
-426
-645
-661
-282
-523
-414
336
521
53
-149
-420
-699
-40
410
527
895
1050
811
471
291
178
-47
13
264
410
728
910
654
429
233
109
-9
-56
362
482
332
376
491
548
499
313
113
220
268
87
220
113
26
87
-67
103
172
-127
-72
190
95
-96
102
141
-290
-364
-88
-31
179
467
452
350
218
-242
-601
-522
-609
-365
18
44
52
-170
-306
-323
-501
-601
-390
-141
-174
124
475
222
226
350
174
-25
-192
-212
-83
128
110
240
281
-87
-2
36
-369
-548
-393
-341
-446
-133
25
-196
-174
-155
-206
-210
-88
6
-62
42
61
-10
109
366
526
589
678
442
186
66
-380
-745
-650
-313
-127
-7
524
476
15
-36
-295
-401
-184
-163
-10
348
430
439
418
-49
-326
-177
-496
-758
-337
-7
73
190
310
431
283
-32
-177
-216
-217
-109
-40
-8
184
306
298
221
67
12
-28
61
181
174
245
176
77
71
63
92
-72
-191
-20
-225
-527
-255
66
29
102
285
28
-67
157
90
-82
-70
-24
-209
-250
52
120
206
444
280
55
-38
-106
-166
-134
111
161
129
117
-58
-114
86
287
74
-29
324
444
333
169
-95
-206
-189
-6
336
382
-42
-244
90
111
-48
73
-201
-607
-402
-68
-50
-78
-34
-46
-133
-285
-283
-113
-36
-13
-209
-587
-612
-417
-242
5
52
-45
-209
-425
-446
-346
-198
-158
-90
206
329
298
335
268
-19
-215
-172
-209
-95
150
175
320
476
345
102
-80
-75
-41
-94
-170
-80
166
284
416
450
228
71
127
231
123
-62
24
268
388
351
252
203
245
147
-110
-215
-150
21
241
241
176
302
293
137
4
-255
-403
-347
-312
-178
-72
-129
-26
118
-1
-219
-369
-310
-218
-378
-368
-134
-90
141
458
203
-58
41
-16
-76
-19
-141
-193
-89
-84
26
144
14
73
223
1
-284
-465
-586
-474
-253
-109
48
272
429
357
62
-194
-379
-548
-383
-14
208
440
582
471
365
101
-415
-709
-670
-643
-594
-332
-60
131
323
264
-44
-95
-66
-320
-378
-171
-22
187
329
330
504
483
154
179
292
115
137
294
300
344
350
272
227
176
195
219
91
14
78
37
-68
-85
2
147
196
210
278
233
64
-36
16
80
20
8
116
73
-55
-101
-271
-430
-331
-301
-385
-415
-511
-521
-312
-272
-395
-304
-185
-181
-58
117
118
69
68
29
-28
-65
-58
93
303
355
355
313
-69
-529
-623
-566
-464
-170
34
16
124
282
181
-55
-279
-483
-442
-125
105
187
263
250
243
374
383
243
233
139
-134
-169
-20
27
115
254
263
251
266
173
19
-105
-190
-176
-59
81
234
272
153
61
-47
-227
-287
-212
-79
138
259
238
258
176
-33
-111
-156
-291
-267
-72
40
30
24
24
-85
-227
-256
-270
-360
-392
-306
-189
-73
11
61
182
324
320
220
77
-136
-279
-258
-155
0
222
399
422
313
125
-170
-541
-721
-556
-260
17
308
535
645
679
508
138
-157
-315
-420
-339
-123
53
240
406
379
226
28
-256
-456
-431
-372
-360
-212
35
221
357
419
326
169
42
-80
-173
-168
-74
87
221
256
306
424
465
345
125
-142
-363
-422
-276
-48
89
156
239
236
71
-110
-189
-222
-269
-307
-296
-238
-162
-57
40
1
-131
-176
-126
-128
-179
-169
-95
-14
23
28
38
22
-2
42
40
-114
-243
-194
-85
22
151
224
190
112
45
32
18
-95
-223
-243
-204
-164
-67
67
146
196
268
289
204
94
43
14
-11
-26
-45
-54
-24
31
85
114
96
69
57
26
-26
-48
-16
61
148
181
169
145
100
46
-29
-135
-232
-277
-269
-214
-107
-3
82
179
220
143
28
-55
-129
-161
-121
-61
9
108
191
189
132
65
1
-39
-85
-140
-157
-86
25
112
126
64
-7
-32
-19
13
74
130
166
174
144
92
67
69
67
48
-5
-77
-112
-108
-100
-96
-85
-76
-49
13
68
63
17
-51
-115
-148
-131
-86
-32
12
31
41
37
12
-21
-52
-105
-179
-217
-182
-96
21
124
160
116
13
-102
-187
-231
-215
-126
3
118
179
185
143
66
-20
-100
-166
-195
-166
-79
28
108
137
110
44
-32
-92
-110
-84
-30
40
106
129
100
53
19
0
-9
-9
-15
-24
-32
-30
-13
3
22
51
84
92
78
48
12
-17
-27
-24
-44
-77
-90
-72
-12
82
202
324
394
370
263
94
-103
-258
-303
-226
-66
134
309
401
378
247
52
-150
-287
-316
-236
-86
82
222
286
251
137
-8
-133
-216
-246
-211
-129
-34
38
82
91
71
28
-30
-86
-133
-158
-159
-136
-98
-65
-36
-20
-15
-20
-33
-47
-58
-68
-74
-85
-96
-98
-81
-56
-27
-1
28
52
57
52
37
24
11
3
10
23
39
55
55
37
0
-43
-76
-89
-78
-40
11
61
93
97
78
35
-11
-43
-57
-53
-35
-3
30
56
80
98
113
108
100
82
54
23
1
-7
-3
14
26
30
22
3
-22
-47
-62
-65
-54
-33
-9
14
29
34
32
24
18
9
-3
-12
-12
-5
12
33
51
61
53
36
11
-14
-30
-32
-18
6
31
50
57
44
25
4
-14
-23
-27
-28
-23
-12
-1
8
18
24
25
20
11
-1
-13
-22
-29
-33
-40
-41
-41
-41
-39
-29
-18
-2
10
10
4
-11
-28
-47
-57
-58
-48
-35
-22
-9
-2
1
-5
-12
-23
-35
-43
-45
-40
-25
-6
14
30
38
35
19
-6
-27
-35
-36
-25
-2
27
52
71
78
75
64
43
20
-3
-18
-27
-24
-13
3
22
36
45
48
42
32
18
4
-9
-14
-10
-2
5
14
19
15
7
-10
-27
-40
-47
-42
-26
-4
23
40
50
47
29
10
-11
-27
-32
-33
-25
-12
1
12
18
19
20
20
15
9
4
-3
-6
-9
-11
-10
-8
-6
-2
5
9
10
12
8
1
-2
-8
-15
-18
-19
-15
-10
-4
2
4
5
3
0
-5
-11
-13
-16
-14
-11
-4
7
16
27
30
27
22
7
-9
-24
-34
-33
-24
-6
18
37
50
52
41
20
-4
-28
-46
-51
-43
-25
-2
19
32
39
32
18
1
-15
-28
-31
-29
-24
-11
2
14
23
26
28
20
9
-5
-15
-23
-30
-31
-21
-6
5
16
25
25
19
12
3
-8
-14
-17
-19
-13
-6
3
11
16
19
17
13
7
0
-8
-14
-16
-16
-8
5
14
21
23
18
12
4
-6
-15
-17
-16
-11
-3
6
11
16
17
14
10
4
-3
-9
-11
-14
-16
-12
-9
-5
0
6
12
12
14
9
3
-7
-13
-14
-16
-10
-5
1
10
13
12
12
10
2
-3
-9
-12
-14
-8
-4
-3
3
6
9
7
4
1
-3
-3
-3
-2
-3
-1
2
1
1
0
1
2
2
2
3
2
0
-3
-2
0
-1
0
2
4
5
5
6
3
-2
-2
-4
-2
-2
-2
0
3
4
9
9
7
4
2
0
-4
-1
-1
1
3
3
3
2
3
0
1
1
2
3
1
0
0
-4
-2
-3
-4
0
1
1
1
2
0
-2
-5
-7
-7
-8
-5
-3
-2
0
4
4
2
2
1
1
-2
-4
-1
-1
0
2
3
3
5
5
5
3
2
0
-4
-2
-4
-2
0
0
-1
0
1
0
1
1
1
-1
0
-1
0
-3
-1
0
0
0
2
4
4
2
3
2
3
3
1
0
-1
1
0
0
0
