SAMPLES:	9984
BITSPERSAMPLE:	16
CHANNELS:	1
SAMPLERATE:	16000
NORMALIZED:	FALSE
0
3
1
0
2
-1
-2
3
3
1
-1
-3
0
0
0
-2
0
-1
-3
0
1
-1
5
2
0
2
1
5
1
0
-1
-3
0
-2
-2
-1
-3
-3
0
-1
-5
-1
-2
-3
-5
-3
3
5
2
1
-1
-1
1
0
4
1
-1
3
-2
0
5
1
0
-2
-2
0
-2
-2
-3
-2
-4
1
2
3
4
4
2
-1
4
-1
2
-1
-1
2
1
4
1
0
1
0
-1
-1
-2
2
1
-2
1
0
1
0
1
1
-1
-2
-5
-6
-7
-6
-3
0
4
1
1
1
2
4
3
4
4
5
1
1
3
-1
-3
-3
0
0
-3
-1
0
1
4
2
3
1
-1
1
1
0
2
1
-1
2
-1
-1
-7
-3
-3
-2
1
0
-4
-3
2
0
-1
-4
-2
1
4
2
2
1
-1
0
-1
-1
-3
-4
-1
-1
-3
-3
-1
0
-1
-1
-1
-5
0
0
1
3
1
2
3
4
3
1
-2
0
1
5
4
2
5
2
-2
-2
0
5
-2
-2
0
-1
2
4
1
0
4
2
-1
-2
-2
-1
-2
0
2
0
1
-1
0
2
3
2
-1
1
-1
1
1
2
2
-3
0
-2
0
-1
-2
1
1
3
2
4
2
2
0
-3
0
-4
-2
-2
-5
-3
0
0
1
-1
-4
0
-1
-5
-5
-2
-1
-1
-2
-2
-4
-2
3
-1
-1
-1
-2
3
2
3
3
2
0
1
-1
-1
3
1
3
-1
-5
-2
-1
1
3
3
2
-2
3
5
2
6
5
2
-1
1
3
2
3
0
0
0
1
-1
0
2
0
-2
-1
-1
0
-4
-2
0
1
-3
-5
-4
-5
-2
-5
0
2
0
3
2
3
4
7
6
5
2
1
-3
-1
0
0
-1
-3
-3
-3
0
-1
1
-1
0
-2
-3
-3
0
2
2
-2
-1
-1
-2
-3
1
0
2
-1
-2
0
-3
0
-2
-2
-1
1
3
2
3
-1
-1
0
1
-1
4
4
4
2
0
1
-2
2
4
4
2
-1
1
0
4
5
0
1
1
1
0
0
0
-4
-5
-2
-4
-3
-1
-6
-2
-4
-4
-1
-1
-1
-4
-7
-4
-2
1
1
0
1
1
0
1
0
1
-1
-2
4
3
2
2
3
6
2
1
3
5
3
2
2
4
2
2
5
5
1
1
-2
-1
3
1
2
0
0
-3
-2
-2
1
3
-1
1
1
-1
0
-1
-1
2
-2
-2
-2
-3
-3
-2
-1
-4
0
-1
-4
-4
-4
-6
-4
-7
-6
-4
-3
-1
-1
0
-1
-2
0
2
3
4
2
2
4
3
3
-2
-1
-1
0
0
3
1
-2
-1
2
3
3
4
2
-2
-1
0
4
4
-2
0
1
-1
0
-1
4
6
1
2
3
2
4
0
1
-1
0
-1
-4
-3
-2
3
1
0
2
-1
-2
-1
-3
-1
-2
-5
-4
2
-1
0
1
2
1
0
0
1
0
0
4
-2
-4
-3
-4
-1
-1
-1
0
2
-1
0
-2
0
1
0
0
-1
2
0
-2
3
1
-3
0
-3
-3
0
1
-2
-1
0
0
3
-1
0
1
5
2
4
8
2
3
3
0
3
1
1
-1
1
-1
0
-1
1
1
-5
-1
1
2
-2
-1
-3
-4
0
-4
-3
-1
-4
-3
-2
-2
-5
0
0
-3
-4
0
2
-1
-1
3
3
4
2
3
6
5
3
0
0
-3
-5
-2
-1
-2
-3
-2
1
-1
1
-2
-2
0
0
2
0
-3
0
-2
-3
3
3
4
5
4
3
0
-1
-2
0
0
0
-1
5
5
4
3
0
-2
-1
3
1
0
-1
-2
-2
-1
2
1
0
2
-3
-3
-1
-3
-4
-5
-3
3
3
1
0
-2
-5
-2
-4
-4
-1
-3
-1
0
0
1
2
2
1
-1
1
-1
-3
-1
3
1
0
4
2
1
1
1
3
1
2
-1
-2
-1
-3
-3
1
2
3
-1
-1
1
3
4
5
6
1
2
6
4
4
2
-3
0
-3
-5
-3
-3
-5
-1
-3
-4
-5
-2
-1
0
-1
-1
-2
-3
1
-1
0
-1
-1
-2
-1
3
1
2
-2
-2
2
4
2
0
1
-1
-4
-4
-2
-3
-1
-1
0
-1
1
6
2
0
2
4
2
1
8
7
9
4
-1
1
0
-4
-5
-1
1
-2
-4
-2
-1
-3
1
-1
-4
-5
-4
0
0
-1
-3
-5
-2
-4
-1
3
3
4
0
2
3
5
4
4
0
1
4
4
4
1
6
1
1
0
-3
-2
1
2
2
0
-4
-8
-8
-4
-2
0
-5
-2
-2
0
-1
-2
-1
-2
0
0
1
-1
1
3
1
8
2
3
5
1
-4
-2
-3
-4
-4
-7
-8
-6
0
0
1
6
4
5
1
1
3
4
4
-1
2
-5
-5
-1
-2
2
4
6
10
6
5
3
5
3
3
6
4
3
0
-6
-7
-7
-4
-1
1
1
-4
-2
-5
-2
-6
-8
-7
-5
0
-6
0
-3
-6
-2
-2
0
2
5
4
1
3
1
3
3
1
6
9
7
6
6
-2
-3
-1
-4
-6
-5
-3
-1
2
2
3
2
2
4
1
-1
-1
-1
2
2
5
1
2
-1
-2
-4
-6
-4
-3
-3
3
4
-1
-1
-2
-2
-2
-3
-3
2
3
2
3
4
-5
-6
-4
-2
2
5
8
6
3
0
-3
2
4
0
2
4
-1
-2
2
4
0
1
-2
-1
0
2
-5
-6
0
-2
0
-2
0
0
-3
-6
-8
-9
-10
-5
-2
2
3
3
6
5
6
2
1
-9
-2
2
-3
1
4
2
-2
2
-2
-4
-2
-4
-4
-5
-4
4
4
9
8
6
5
2
2
-1
1
-5
-7
-4
0
1
6
7
6
1
1
1
-3
-4
-5
-3
3
3
1
-2
-1
4
-2
-2
-5
-1
0
-1
5
4
3
7
3
5
6
5
-1
-2
-2
-1
-1
-4
-2
-3
0
4
-4
-2
-1
-4
3
4
-4
-2
1
-2
6
5
-4
-5
-8
-11
-6
0
-1
-5
2
0
2
3
-3
-10
-6
2
7
5
1
5
5
-1
-1
4
-6
0
7
-1
1
7
8
2
1
-4
-3
0
-3
2
8
7
8
7
6
3
5
-5
-13
-18
-17
-9
-4
-4
-12
-15
-20
-14
-11
-17
-12
-1
-3
-1
10
15
14
11
8
4
7
12
12
6
1
18
18
9
14
14
18
18
12
0
-6
-2
5
12
6
4
2
-11
-19
-25
-13
11
23
19
6
-10
-20
-6
-1
13
10
6
9
-17
-24
-32
-35
-21
10
30
34
4
-24
-20
-28
2
7
-10
-2
5
3
4
5
5
15
4
-17
-46
-58
-49
-46
-27
-20
-1
42
30
4
-9
-20
2
32
23
4
-13
-36
-20
-3
1
12
25
32
44
42
19
19
14
-10
8
17
11
46
55
4
-10
13
18
57
69
18
12
20
-5
-7
-47
-98
-66
-54
-78
-70
-57
-38
-8
13
6
10
45
43
-3
-17
-8
3
26
19
30
40
4
3
8
-13
-8
-17
-24
-6
-8
-9
8
5
-1
-2
8
27
18
23
20
2
-2
-24
-16
5
-2
-44
-32
20
4
-15
-20
-7
12
7
25
42
-3
-39
-32
-33
-23
28
30
-4
1
-5
2
17
10
2
-1
-8
36
19
-42
4
-2
-43
2
34
43
25
-8
-11
-19
-16
49
47
-7
-7
-4
30
34
18
-7
6
16
2
10
-18
-34
-13
-21
-37
3
46
22
8
-38
-68
-22
-11
-32
-44
4
14
-29
-24
48
78
6
-8
38
23
-73
-63
30
52
47
46
16
-8
-47
-37
-47
-51
-5
-9
-37
25
78
12
-56
-63
-42
-19
-13
-14
-6
45
119
83
78
111
59
-40
-14
58
-28
-145
27
21
-94
-8
51
-73
16
106
-44
-139
-169
-146
-53
-53
62
155
127
38
55
6
-47
-24
64
144
102
-11
-99
3
25
-72
-42
85
100
122
104
-11
-44
-45
-117
-59
-86
-87
4
-105
-140
62
34
-24
-25
-82
-147
-38
1
5
-52
31
252
230
93
-16
-215
-230
-80
171
91
-77
118
89
79
76
-10
-33
232
321
-12
68
56
-40
-139
-82
-16
79
241
25
-132
-229
-244
-106
-18
-101
-105
-56
29
79
120
-5
-172
35
146
59
-116
28
-33
55
71
-120
-107
-47
56
-60
-66
-135
8
171
242
228
43
-104
-30
258
15
-348
-68
198
-49
91
165
14
88
146
-268
-429
-45
-134
-210
-52
-90
-290
95
523
397
58
-148
-349
-304
-161
-347
-359
-13
143
-15
195
295
-79
4
305
320
113
136
23
-20
285
255
12
47
233
23
-177
61
70
-18
81
10
-45
74
360
0
-335
135
194
-282
-158
-180
-361
-182
-319
-283
-2
236
330
365
264
-198
-239
178
239
42
-27
25
-56
-187
-144
-44
-21
73
50
-257
-24
435
-16
-114
-19
-114
162
242
-31
-112
-50
-186
-298
-159
-158
-230
88
105
10
160
234
320
275
342
316
-147
-315
-235
-410
-787
-565
-328
-318
89
440
656
512
-47
-134
-61
-92
-367
84
428
131
276
494
382
-174
-449
-326
-182
-246
-34
142
13
246
538
533
611
487
94
-113
-198
-406
-445
-454
-156
99
4
-72
37
10
-288
-101
219
158
50
343
167
-291
-258
-241
-101
235
287
8
-135
-192
-498
-564
-248
-2
35
192
272
151
215
460
289
117
343
223
-126
-101
161
114
-95
148
109
-263
-350
-352
-527
-575
-590
-317
119
242
226
372
554
281
251
-47
-231
190
189
3
-15
-210
-117
57
-153
-236
-44
-142
-3
454
196
-114
-58
85
115
111
87
-183
-86
77
-98
25
-35
-493
-405
-224
-100
112
283
222
230
436
134
-43
187
138
59
-68
-192
-363
-448
-530
-319
318
15
-89
325
271
-51
25
286
64
48
319
240
220
121
-172
-347
-358
-184
-55
13
-18
-6
-76
105
330
321
469
358
96
105
228
126
68
12
-203
-87
-76
-301
-243
-341
-449
-554
-611
-203
129
4
33
362
60
-339
-150
-86
-100
-139
-156
120
222
342
397
221
323
226
70
146
-7
-265
-115
-101
-386
-174
-76
-269
-140
-62
-197
-45
193
355
250
-37
-152
-146
-191
-126
106
240
144
231
327
26
-303
-398
-411
-440
-40
144
-50
-75
-152
-198
-67
-306
-429
-152
-142
-281
-233
-65
161
427
394
274
128
-181
-248
-50
-35
86
144
109
143
205
69
30
413
556
538
371
363
374
-15
-119
-53
-231
58
527
385
342
530
443
280
45
-303
-355
-214
-376
-359
-250
-444
-522
-346
-361
-454
-287
-79
-178
-272
-103
-26
-257
22
601
468
240
332
161
-136
-112
-55
-411
-480
-147
-205
-332
-184
-63
-262
-393
-424
-394
-267
-102
194
390
372
528
445
86
-176
-347
-419
-407
-362
-395
-326
-121
-23
144
216
133
317
344
228
411
464
159
175
481
488
351
319
62
-179
-173
-243
-304
-218
-45
86
266
465
443
331
227
122
34
-49
-97
-216
-325
-188
-110
-329
-357
-248
-318
-301
-163
-51
154
253
230
481
643
472
468
456
297
273
156
-79
-199
-236
-337
-577
-665
-496
-461
-413
-56
352
566
637
622
505
275
104
25
-98
-193
-224
-275
-286
-207
-99
-88
-187
-150
-38
-223
-452
-344
-180
-118
-34
41
140
189
15
-175
-198
-127
-50
-30
-29
18
90
166
232
225
161
150
174
180
194
187
58
-154
-297
-348
-325
-306
-291
-224
-157
-107
-61
29
198
271
196
214
308
281
152
-30
-171
-107
46
76
132
297
427
472
408
208
3
-45
-24
-75
-112
-160
-208
-37
237
261
93
-42
-125
-218
-352
-446
-374
-245
-270
-325
-185
34
133
81
-8
-62
-82
-69
-23
62
146
171
110
45
109
180
123
47
0
-14
9
43
93
181
304
273
52
-69
25
166
177
120
154
236
270
289
315
295
283
250
143
118
223
293
221
138
77
7
-38
-44
45
151
158
77
-21
-75
-61
-93
-225
-257
-170
-109
-49
65
158
167
114
28
-86
-183
-190
-160
-208
-189
-57
-3
-54
-32
86
38
-140
-236
-216
-185
-213
-258
-318
-380
-482
-546
-475
-358
-229
-126
-41
25
110
184
133
38
-48
-127
-229
-319
-361
-407
-471
-519
-444
-269
-126
-53
-72
-99
-69
-8
59
142
240
209
100
28
65
127
108
122
113
49
-26
0
61
40
62
60
23
15
-37
-285
-489
-259
-42
-242
-455
-297
-190
-377
-276
34
-11
-179
6
233
59
-84
-131
-468
-841
-876
-905
-1166
-995
-423
-158
-107
241
591
442
384
687
859
1195
2762
5509
8067
9991
11716
13171
13700
12992
11160
8332
4980
1396
-2315
-5724
-8058
-9258
-10051
-10466
-10027
-8763
-7351
-6065
-4620
-3126
-1933
-1091
-340
337
646
572
182
-439
-1221
-2164
-3231
-4472
-5480
-6190
-6731
-6886
-6439
-5448
-4306
-3072
-1834
-741
101
615
766
581
240
-210
-667
-1006
-1113
-923
-602
-213
289
917
1418
1649
1814
1928
1965
2118
2367
2683
2829
2584
2124
1500
1010
413
-232
-703
-1146
-1225
-1084
-684
-392
-365
-447
-495
-629
-1193
-2303
-4459
-6299
-6144
2400
18409
30097
30543
25602
28921
32356
24839
12584
4115
-259
-10174
-21569
-24824
-21261
-15638
-14398
-15292
-13082
-8302
-4861
-6141
-6953
-5343
-5601
-8352
-8364
-2463
4450
9123
11980
13884
14615
13850
11748
6674
64
-6272
-12906
-18970
-22168
-20452
-17090
-14849
-12224
-8727
-4852
-2166
-379
913
1053
743
135
438
2727
6482
9926
11626
12992
14174
13689
11178
7479
3630
-1078
-4447
-4466
-3881
-3941
-4184
-3009
-2506
-3335
-2691
-2259
-2655
-2750
-1623
-649
162
2903
5519
5949
5866
6515
6074
4429
3466
2279
-23
-2113
-3043
-3881
-4750
-4174
-3515
-3534
-2909
-1538
-897
-1321
-1349
-1397
-2220
-2688
-2237
-1588
-1304
-490
480
613
558
506
-199
-1495
-2896
-3916
-5672
-4628
7294
23323
31216
27398
24385
30244
29394
17398
4193
-1791
-5287
-16379
-25757
-25163
-17341
-10717
-12138
-12992
-8603
-3429
-3803
-8039
-6779
-3169
-3747
-5985
-2465
7168
14411
16588
16569
16274
14594
9348
2049
-5544
-11587
-17102
-22583
-24971
-22663
-16862
-11746
-8126
-4757
-1743
615
1266
1014
890
1057
1585
1869
4045
8440
12830
15053
14503
13173
10794
6576
1022
-4366
-8249
-11376
-13727
-13189
-8117
-889
4327
6807
8290
8785
6670
3393
741
-1386
-3077
-4307
-4011
-2075
1273
4131
4224
3410
3109
2472
883
-99
415
447
-489
-1064
-819
-587
-1024
-2218
-4049
-5099
-4909
-4870
-4987
-4415
-3111
-2391
-1852
-399
1384
2570
2689
2109
821
-595
-1867
-3931
-5533
-6277
-1788
12739
27773
32617
26247
23809
29319
24781
9715
-3039
-5803
-8083
-19205
-26135
-21501
-10443
-4677
-9019
-10484
-5489
-1498
-5554
-11087
-7034
-1163
-1747
-3594
2806
14962
20544
18366
14746
12750
9125
583
-8582
-14306
-16651
-19834
-23433
-22306
-16210
-9559
-6239
-4502
-2493
-1277
-907
-1263
-798
1034
3291
5356
6630
9645
13637
15592
13944
9339
4845
162
-4998
-9950
-12979
-12675
-11612
-10698
-8217
-2719
3133
8218
14534
17461
15183
10256
6705
3016
-2936
-5351
-6352
-8246
-7801
-4257
-1082
-662
1755
4199
2231
1241
3324
4735
3892
4451
5060
1869
-713
-1263
-3710
-7532
-8516
-8232
-9462
-8279
-4271
-1779
-740
1888
4019
3189
2941
3798
2200
-912
-2851
-4639
-7443
-7814
-5953
-2514
10638
27131
32752
24999
19483
25251
22568
7124
-6209
-8589
-6742
-14064
-21821
-18608
-6683
1081
-6078
-12854
-8415
-2911
-7144
-14695
-9661
786
2956
944
5774
18463
25099
19773
11040
6881
5017
-3312
-14415
-18571
-16164
-15911
-19549
-18384
-11026
-4571
-3612
-5105
-4466
-2891
-2205
-2534
-1002
4159
8913
10725
11103
13263
15407
13501
8340
1953
-3431
-7580
-11148
-13437
-13330
-9947
-6499
-5222
-3086
1390
5523
6172
8341
13281
15012
12729
9171
7400
3463
-2323
-6295
-9842
-11006
-9736
-7583
-5833
-2765
3065
5522
5061
6493
8344
7213
4194
3242
1770
-1403
-3504
-5208
-7147
-7992
-7236
-7287
-7112
-3881
-824
60
1160
3385
4035
2613
2165
1485
-824
-3086
-4466
-5657
-6545
-5874
-3844
6672
23749
32659
27484
18407
20985
22094
9006
-5572
-10063
-6044
-9380
-18593
-18407
-8189
1591
-3325
-13266
-11786
-5793
-7026
-14315
-11345
1662
7621
5776
7236
17758
25891
20467
9334
2953
1357
-4946
-15710
-19663
-15455
-12319
-15263
-16383
-10614
-4421
-3876
-6686
-6501
-3610
-1793
-1462
908
7642
13666
14840
13397
12988
12949
9122
2532
-3676
-8128
-10738
-12766
-13113
-10980
-6652
-2861
-2067
-1270
1371
4186
4593
4920
12418
19916
18268
11945
7154
4684
-3157
-11569
-13900
-14546
-13099
-9969
-5467
-373
5283
10297
8741
6211
7625
6970
2612
162
1683
42
-4294
-5547
-5811
-7073
-7430
-6925
-7522
-6247
-1797
549
903
3457
5953
4088
1326
1458
229
-3466
-6038
-6524
-7301
-7097
-4737
5234
22291
32567
28662
17628
17826
20580
8840
-6359
-10867
-5297
-6509
-15710
-16119
-6815
2278
-2275
-13616
-13940
-8097
-7955
-14020
-10743
4117
11804
9320
9163
18058
25065
18241
5744
-1335
-2761
-7383
-16201
-18499
-12556
-8276
-11404
-13969
-9631
-4683
-5469
-9009
-8345
-4149
-991
555
4062
11541
17172
16653
12819
10140
8448
3499
-3130
-7697
-9797
-10356
-10756
-9812
-6812
-2975
-731
-1658
-2214
-303
2205
3912
10482
19419
20029
14127
7808
4416
-2029
-10001
-12679
-14280
-13512
-9612
-4629
205
4655
9805
8993
5220
5455
5484
3136
1240
2347
1070
-3158
-4529
-5380
-7069
-7410
-6875
-7649
-7201
-2606
976
1709
3638
5519
3592
845
492
-517
-3143
-5169
-5845
-7098
-6846
-4626
3551
20526
32210
29336
16698
14012
18243
9005
-5583
-11153
-5302
-3235
-11827
-14698
-7393
2106
-952
-13901
-16382
-10207
-8111
-12930
-10104
5581
15238
12695
9867
16076
23050
16845
3451
-4480
-4768
-6989
-14357
-16106
-9456
-4621
-8657
-13362
-10940
-6797
-7433
-10572
-8955
-2974
1687
3571
6642
13730
18474
15994
10119
6151
4012
-454
-5440
-7630
-7694
-7345
-7932
-7732
-5690
-3293
-2593
-4297
-4745
-2554
802
3479
9816
19878
21356
15323
8387
5080
-214
-9415
-12629
-13088
-12238
-9195
-4928
-26
3081
6845
6654
2831
3121
4341
3479
2123
3949
4306
-86
-2803
-3911
-5864
-7534
-7467
-7517
-7241
-3322
488
1634
3062
5138
4003
763
112
-398
-2559
-4825
-5777
-6063
-5842
-3906
-1026
12071
28696
32543
22230
11788
15343
13973
700
-9287
-8507
-1115
-4322
-12607
-11874
-3509
1160
-9974
-19399
-14976
-8603
-9664
-11908
-480
15027
17750
12011
10802
17722
18539
7181
-4156
-5963
-3840
-8558
-14062
-10774
-3938
-5081
-12742
-15314
-11669
-9036
-10865
-11000
-4447
3308
6634
6852
10877
16865
16152
9750
4245
2739
845
-3209
-5033
-4278
-3091
-4467
-7219
-7631
-6129
-5124
-6364
-6819
-3730
780
5797
15221
22465
20871
13574
5131
-948
-7950
-11672
-11237
-10782
-7679
-3859
-824
943
2853
4829
2549
983
2241
3067
3899
5694
6936
3658
-978
-4188
-7725
-9850
-8949
-7136
-6413
-4293
-792
1324
2714
4286
4156
1407
-454
-1061
-2363
-3646
-4000
-3889
-3585
-2783
995
15226
29972
31830
19854
9588
12668
9907
-2218
-9931
-5535
2639
-2623
-11259
-10536
-3012
-1395
-13407
-20173
-14370
-8051
-9486
-9894
3672
18246
18125
9814
8287
14486
13455
2733
-4931
-3104
-913
-6193
-10948
-7362
-2261
-6584
-15487
-17966
-14049
-11181
-11949
-9044
-405
7116
8440
6791
9499
13108
11084
5530
2197
2761
2032
-424
-956
48
78
-3541
-8326
-10433
-9290
-6825
-4990
-2636
985
4348
6025
8308
12260
12852
8347
2201
-1594
-3493
-5493
-5476
-4116
-2582
-1566
-1462
-1169
-388
1431
2432
2262
2958
3747
3477
2648
2460
1289
-2032
-5167
-6701
-6923
-5912
-3951
-2296
-1349
-242
538
646
985
1501
1188
-30
-1119
-2006
-3178
-3374
-2777
-1944
-723
8655
24677
31594
25303
12825
10309
11530
2835
-7249
-8482
659
3031
-6230
-10877
-7016
-3025
-10681
-20773
-18345
-10191
-7554
-9516
-2598
12809
19331
12425
5929
9215
12415
5902
-2606
-2210
2337
-11
-6461
-7834
-3988
-5628
-14520
-19959
-17656
-12749
-11705
-10359
-2804
5704
8693
6349
6039
9044
8665
4961
2861
4805
6444
4437
2539
2511
1931
-1807
-6517
-8499
-8259
-7786
-7359
-4943
-906
2440
3842
5629
8354
8220
5136
1392
-83
-217
-1033
-1115
-629
275
294
-968
-1574
-1382
-537
-49
715
2684
3840
3444
2322
1282
-290
-2736
-4924
-6070
-6054
-5216
-3933
-2665
-1150
55
129
284
1082
1357
97
-1480
-1895
-2559
-3139
-2827
-1131
1979
13504
28533
32166
22393
9469
8224
7964
-489
-7729
-5727
3666
3496
-5776
-9735
-6386
-4922
-14605
-22360
-17103
-8191
-6363
-7363
1562
14999
17009
7846
2628
6974
9418
3797
-1040
2711
6520
1578
-5661
-6507
-3783
-8225
-17343
-20430
-16107
-11061
-10441
-8388
-1321
4503
4280
1154
2581
6578
6916
5131
5736
8916
9396
6266
3678
2806
1364
-2128
-5979
-7495
-6976
-6280
-5608
-3523
223
2554
1844
689
1083
1450
538
-158
1060
2612
2974
2476
1641
1031
431
-151
-273
449
1724
2152
1779
1706
1433
416
-955
-1866
-2534
-3323
-3783
-4223
-4505
-4347
-3762
-2906
-2023
-994
26
833
1406
1175
494
-445
-999
-1227
-768
783
6797
20469
29936
26580
13890
6355
7577
3820
-3523
-5492
1107
5768
-1138
-9042
-9838
-6725
-9991
-18280
-17820
-9064
-3549
-5567
-4286
5514
12164
7730
779
2371
7860
7832
3671
3761
7835
6223
-1382
-6723
-5921
-5940
-11920
-16753
-15302
-10647
-9087
-9710
-6752
-1930
-295
-2502
-2824
1296
5148
5902
6482
9281
11253
9517
5994
3788
3309
2770
441
-2491
-4101
-4192
-4730
-5592
-4371
-2428
-2249
-3241
-2757
-959
2
659
1510
2286
2817
3013
2718
2026
2118
2484
2027
1637
1858
1926
1227
590
57
-942
-1847
-2233
-2595
-2950
-2745
-2647
-3222
-3671
-3428
-2973
-2634
-2039
-1571
-1354
-1005
-866
-619
-556
-86
999
2031
4282
13682
26750
30427
20657
7403
5357
7130
2638
-2234
327
7940
5864
-5272
-12284
-11267
-9908
-16156
-20085
-13279
-3860
-3081
-6960
-2754
6029
7014
320
-1428
5201
9842
7564
5046
8058
9711
3630
-4156
-5331
-2109
-3849
-9864
-12542
-10579
-9518
-12139
-12760
-8703
-4511
-4573
-5902
-3289
1163
2958
2533
4081
7468
8930
7995
7013
7458
8095
7107
4115
1262
-168
-1453
-3437
-4736
-4307
-4356
-5609
-5637
-3979
-2592
-2122
-1422
-265
795
1816
2651
3064
3525
4074
3840
3075
2779
2589
1793
978
632
66
-830
-1440
-1834
-2497
-2892
-2994
-3318
-3640
-3387
-2759
-2434
-2329
-2239
-1980
-1573
-1242
-1509
-1565
-1398
-1154
-599
631
2323
7359
20849
30711
26376
11776
3677
7837
7977
3122
1801
7947
10828
563
-10728
-13067
-9270
-11630
-18770
-16417
-6156
-2026
-8723
-11521
-4378
1181
-1822
-4432
2674
11104
11187
5908
5204
8541
6231
-585
-3262
1414
4073
-726
-6000
-6994
-6827
-10735
-14166
-11989
-7192
-5561
-7501
-6997
-4197
-2922
-3815
-3198
839
4357
5978
6782
7922
8728
7804
6247
5145
5142
5016
4056
2805
2000
1373
-1332
-4049
-4708
-4585
-4994
-5224
-3600
-2740
-3248
-2874
-1325
-81
671
2367
3664
3887
3889
3649
2990
2766
3126
2289
965
526
-237
-2410
-3783
-3286
-3042
-3185
-2747
-2044
-2505
-3506
-3696
-3826
-3340
-2470
-2094
-1780
-1353
-919
-1173
-968
665
2957
11682
23700
26618
17193
5564
6197
11243
10337
7498
9185
13248
7742
-4816
-11603
-9160
-7237
-12703
-15659
-9313
-2910
-7278
-14958
-14122
-8062
-6096
-7332
-2730
5777
8953
4652
1221
4133
6679
4355
1685
4669
8660
6133
237
-2748
-2738
-5080
-8541
-8097
-4808
-3669
-6838
-9694
-9662
-8815
-8969
-8273
-4808
-856
943
825
1371
2716
3751
4650
6150
8619
10130
10033
8877
7689
7212
5244
2292
-191
-1619
-2778
-4363
-4884
-5240
-6237
-6668
-5560
-3902
-2678
-1302
8
659
1076
2169
3106
3611
4009
3655
2705
1687
763
-719
-1754
-1248
-717
-934
-1001
-591
-1253
-2786
-3169
-2657
-2203
-2174
-2239
-2536
-3132
-3498
-3643
-3048
-1408
107
2883
12761
21948
19260
7036
717
8311
14659
13524
12005
15295
15466
4457
-6600
-7220
-1341
-1926
-8596
-9149
-3265
-3418
-13301
-18967
-14593
-9152
-9863
-9591
-2846
2169
-805
-6759
-5498
1012
4341
3719
4549
8700
8789
3491
-623
500
2685
1322
147
1363
1995
-1469
-6455
-8458
-7733
-7042
-7105
-5905
-4377
-4229
-6104
-7042
-5228
-2366
470
1912
3309
4783
5414
5460
5411
6551
8338
8482
6906
4856
2373
216
-1058
-789
-348
-964
-1482
-2288
-3374
-4133
-3831
-2651
-1590
-431
473
620
286
-239
-892
-1173
-651
-150
-293
-460
-136
-79
-208
36
276
226
118
293
179
-190
-563
-999
-1511
-2070
-2185
-2037
-1157
18
5306
13752
16000
8501
-821
1105
9488
12797
11268
11779
13917
9046
-335
-3934
967
4414
64
-4521
-2640
-190
-6152
-13835
-13658
-8444
-7308
-9283
-7006
-3364
-4732
-10053
-11049
-5705
-572
486
-167
1598
2903
609
-1978
-261
3795
4686
3220
3168
3969
2052
-1262
-2493
-1356
-402
-1011
-1655
-2232
-3277
-5247
-6028
-4566
-2787
-1969
-1941
-545
1027
675
-732
-706
1272
2910
3502
3795
3751
2221
350
222
1760
3099
2901
2124
1353
752
-9
-523
39
943
991
47
-259
-106
-831
-2225
-2734
-2020
-1800
-2159
-2322
-2201
-2092
-2051
-1702
-799
3
-138
-790
-1201
-620
-187
-349
-111
713
1233
1988
7268
13744
14422
7154
1131
4171
10358
12539
11020
11032
10374
4983
-1280
-1152
4239
5598
781
-3480
-2584
-2647
-7437
-11134
-9191
-5683
-6747
-8860
-7798
-6096
-8001
-11060
-9707
-4827
-1489
-1935
-2834
-2144
-1743
-2755
-2468
1003
4099
3763
1623
1333
2215
1967
1432
1933
3162
2802
1074
-497
-909
-165
-521
-1560
-2063
-1381
-1220
-2354
-2646
-1995
-2343
-3438
-2921
-1352
-743
-1148
-906
-428
-508
-17
982
1861
2303
2484
2526
2681
3238
3170
2446
2236
2512
1961
1142
1210
1257
108
-1093
-1178
-1349
-2047
-2540
-2602
-2584
-2504
-2263
-2045
-1639
-1346
-1857
-2594
-2323
-1672
-1586
-1385
-206
930
1869
6440
11600
11782
5935
1979
5716
11415
13714
12926
12376
10576
5508
1011
2179
7006
7751
3224
-1024
-1503
-2855
-6735
-8277
-5786
-3898
-6487
-9237
-9065
-8672
-10582
-12047
-9812
-6076
-4588
-5721
-6548
-6234
-5763
-5238
-3117
514
2375
1258
-543
-229
1187
2030
2977
4419
5138
3801
1969
1517
2393
3110
2767
2394
2325
1701
-65
-1382
-1236
-895
-1624
-2432
-2307
-2524
-3457
-4069
-3608
-2774
-2275
-1777
-1221
-836
-794
-736
-137
1192
2306
2588
2763
3186
3270
2738
2597
2938
2799
2052
1569
1489
1102
399
-203
-608
-1207
-1927
-2459
-2566
-2225
-2177
-2385
-2692
-2761
-3070
-3457
-3295
-2521
-1218
873
5526
8818
8019
3522
1440
4940
9583
12303
12655
12346
10095
5786
3021
4946
9063
9619
6333
2624
970
-1186
-3755
-3916
-2043
-1684
-4864
-7779
-8646
-8864
-9903
-10328
-8789
-7146
-7221
-8792
-9530
-9084
-8328
-7518
-5639
-2982
-1713
-2229
-3002
-2329
-1005
345
2011
3582
4214
3291
2388
2307
3528
5066
5563
4866
3535
3031
2348
1825
2118
2697
2020
103
-983
-1418
-2055
-2510
-1923
-1645
-2525
-3439
-3541
-3196
-2899
-2053
-1195
-628
-289
-307
-476
-157
891
1555
1873
2518
3029
2394
1545
1516
1665
1562
1651
2049
1838
1133
528
-175
-675
-864
-1046
-1512
-1936
-2173
-2597
-3120
-2969
-2865
-3206
-2730
-415
3972
6644
5657
1905
42
2752
7058
9913
10930
11185
9100
4929
2655
5230
9452
10032
7212
4034
2171
177
-1498
-919
968
1044
-2213
-5553
-6584
-6653
-7577
-8353
-7455
-6413
-7227
-9143
-9638
-8942
-8524
-8489
-7463
-5587
-4751
-5259
-5748
-4699
-2893
-1456
-318
792
1384
920
368
897
2549
4021
4563
4361
3771
3101
2829
3127
3752
3889
4384
5954
4830
1128
-1392
-363
1265
984
1224
1044
-1835
-5102
-4780
-2251
-608
-64
-204
-1593
-2917
-2098
-965
-102
1269
1932
525
-797
261
1017
324
444
1394
1016
357
1087
1388
420
-58
480
275
-6
493
243
-952
-1511
-1362
-1878
-2167
-1329
-1406
-2527
-2775
-1203
2365
5791
6347
2278
-1411
648
5206
7552
8720
10628
9679
4260
498
3143
8198
9927
8121
5162
2634
151
-1591
-823
2182
3799
614
-3973
-5516
-5060
-5895
-6760
-5301
-4102
-5934
-8697
-9143
-8314
-8126
-8310
-7686
-6408
-5642
-5750
-6322
-5835
-4486
-3573
-2959
-1558
-31
-138
-1167
-1093
300
1467
2354
3329
3731
3248
2631
2707
3356
4455
7332
8278
4831
800
107
2102
2676
3402
4423
2008
-2528
-3897
-1880
-296
273
886
10
-2638
-2909
-974
-101
168
557
-63
-1763
-1582
66
118
-372
167
79
-846
-187
1143
724
-284
302
732
45
412
1209
505
-763
-517
-2
-495
-473
-102
-867
-1773
-1544
-1406
-2124
-1056
3224
5911
4645
1040
-577
1223
4051
6345
7605
8589
7701
3667
307
2219
7042
8671
6564
4448
3166
345
-1874
-475
2620
3420
765
-2371
-4267
-4920
-5009
-4859
-4065
-3537
-4810
-7409
-8571
-7676
-6877
-7262
-6965
-5684
-5452
-6307
-6609
-5707
-5022
-4739
-4030
-2932
-1977
-1527
-1570
-1660
-1023
-17
851
2020
3527
4191
3181
2341
2908
3790
4512
5383
5788
4544
2581
1851
2336
2687
2730
2423
1613
644
-17
-189
16
496
584
-111
-542
-153
13
-382
-582
-306
-376
-728
-662
-421
-578
-919
-999
-804
-440
35
245
164
53
-47
-156
8
470
585
376
257
304
263
189
224
97
-243
-618
-697
-953
-1129
-1348
-305
3210
5803
4785
303
-1522
891
3301
4448
5996
8160
6780
1773
-1287
947
4966
6507
5664
4315
3001
96
-2342
-1593
1783
3659
1414
-1627
-2918
-3382
-4565
-5008
-3528
-2342
-3631
-6023
-6783
-6246
-5903
-6460
-6498
-5691
-5384
-5930
-6388
-5516
-4517
-4648
-4974
-4155
-2683
-2008
-1840
-1326
-589
-524
-410
602
2175
3344
3600
3509
3344
3211
3148
3467
4086
4416
3946
3121
2737
2574
2340
2200
2452
2483
1865
1256
1118
1181
931
774
757
650
241
-200
-397
-524
-670
-1005
-1206
-1087
-928
-986
-1116
-911
-598
-450
-237
234
513
353
103
212
562
829
987
1029
1025
784
512
379
397
452
329
21
-271
-576
-954
-1428
-1650
557
3788
4650
1621
-1869
-1264
878
1881
2718
5190
6723
3701
-902
-1703
1444
4008
4303
3883
3951
2672
-305
-1702
11
2843
2751
201
-1411
-1619
-2135
-3426
-3359
-2061
-2103
-4183
-5825
-5513
-4697
-5046
-6095
-6153
-5695
-5739
-6102
-5576
-4253
-4031
-4880
-5217
-4059
-2575
-1854
-1460
-846
-418
-579
-401
839
2488
3210
3099
3070
3104
2811
2592
3176
3993
4111
3727
3544
3421
2939
2517
2507
2532
2268
2024
2022
1815
1342
730
317
132
64
-55
-399
-653
-863
-1120
-1140
-700
-245
-247
-500
-446
-174
35
411
855
1169
1076
864
823
866
950
974
977
843
657
500
306
122
28
-136
-406
-647
-847
-1082
-1361
-1690
-2014
-2346
-967
1746
3002
1234
-1675
-1815
-213
730
1412
3389
5302
3973
485
-911
1111
3427
3994
3731
3898
3424
1270
-474
42
2041
2460
709
-854
-1206
-1370
-2437
-3126
-2703
-2563
-3841
-5302
-5195
-4211
-4063
-5059
-5662
-5556
-5467
-5553
-5081
-3827
-3232
-3750
-4456
-3977
-2686
-1563
-840
-288
176
51
29
639
1902
2853
2977
2816
2547
2422
2546
3159
3715
3660
3181
2762
2578
2464
2447
2448
2305
1842
1370
1134
1136
1052
640
279
133
49
-28
3
146
207
1
-122
11
282
597
773
893
909
722
554
574
831
975
818
606
496
405
139
0
87
98
-162
-433
-486
-430
-476
-618
-681
-836
-1045
-1277
-1437
-1433
-1394
-1532
-1875
-2183
-1696
204
2049
2146
377
-902
-185
765
1151
2006
3816
4510
2654
545
610
2005
2679
2501
2457
2610
1789
343
-194
514
1225
483
-830
-1394
-1346
-1648
-2312
-2459
-2355
-2980
-4141
-4517
-3906
-3344
-3649
-4194
-4287
-4203
-4150
-3925
-3140
-2419
-2419
-2870
-2783
-1985
-1205
-738
-397
106
238
115
318
1031
1794
2060
2089
2060
2004
1953
2070
2315
2485
2448
2225
1991
1844
1803
1743
1655
1624
1609
1499
1342
1266
1155
993
1006
1142
1164
974
769
729
605
395
413
468
532
518
389
359
328
324
244
170
262
379
321
210
131
20
-104
-240
-273
-292
-256
-248
-388
-501
-565
-609
-726
-727
-568
-564
-739
-877
-881
-997
-1191
-1307
-1279
-1329
-1438
-975
127
1042
753
-321
-754
-174
457
770
1414
2343
2410
1342
620
1073
1790
1836
1641
1766
1702
1064
460
490
737
498
-219
-769
-921
-972
-1199
-1478
-1571
-1791
-2367
-2903
-2873
-2516
-2452
-2692
-2838
-2850
-2930
-2964
-2765
-2407
-2178
-2070
-1964
-1622
-1156
-892
-815
-670
-221
156
395
731
1148
1328
1205
1165
1368
1644
1835
1956
1959
1895
1827
1838
1900
1928
1922
1792
1657
1621
1614
1531
1399
1308
1197
988
844
827
726
524
402
485
500
372
282
243
189
122
125
160
228
212
110
19
44
132
36
-132
-172
-92
-129
-279
-311
-279
-352
-514
-596
-548
-518
-630
-808
-902
-863
-804
-840
-882
-882
-900
-930
-887
-769
-658
-605
-636
-723
-772
-732
-670
-608
-357
107
429
506
558
706
746
601
677
1083
1425
1432
1332
1329
1196
922
848
1033
1152
1043
836
664
493
288
100
-88
-284
-506
-760
-982
-1191
-1403
-1582
-1726
-1863
-1990
-2070
-2090
-2074
-2075
-2052
-1976
-1870
-1755
-1534
-1187
-931
-777
-652
-501
-242
112
420
598
772
847
796
846
1059
1213
1198
1197
1206
1141
1025
1086
1292
1291
1197
1129
1018
937
909
813
719
723
570
432
471
408
303
328
363
297
180
18
-3
175
258
289
340
317
292
196
25
35
144
122
104
149
80
18
81
124
106
82
3
-183
-297
-370
-485
-464
-292
-208
-275
-464
-660
-738
-775
-822
-628
-379
-444
-568
-527
-529
-607
-593
-516
-406
-299
-237
-139
-27
-68
-135
-82
-20
20
142
323
472
473
332
280
380
446
481
500
472
397
272
147
200
320
342
329
333
305
214
103
89
204
229
109
63
44
-69
-168
-167
-121
-100
-132
-246
-405
-438
-497
-725
-817
-699
-625
-630
-640
-649
-704
-883
-1007
-937
-761
-574
-478
-495
-556
-581
-576
-468
-258
-161
-127
-40
11
31
157
252
209
243
451
479
420
513
628
689
727
740
747
771
908
1098
1033
922
982
937
805
819
850
882
937
731
534
494
310
163
173
-41
-174
-76
-124
-137
-67
-261
-463
-319
-365
-518
-322
-112
-183
-134
-34
-92
-64
-2
-158
-242
-147
-241
-145
137
84
-252
-256
-135
-115
-200
-217
-213
-276
-328
-539
-599
-365
-235
-432
-184
-42
-280
-344
-326
-497
-366
-82
16
27
-17
-21
-48
-1
168
291
330
388
303
236
241
270
179
235
392
342
181
202
235
143
103
80
33
-40
-100
-252
-297
-273
-333
-575
-639
-536
-465
-525
-657
-639
-541
-459
-464
-396
-283
-243
-236
-110
-109
-150
-112
-160
-37
69
55
60
-60
104
356
370
196
246
285
377
541
411
362
381
268
225
292
328
316
146
113
131
-80
-14
132
281
260
204
265
131
160
221
346
301
187
416
380
418
499
405
303
301
355
352
329
245
252
82
123
170
40
39
118
110
-13
-69
-4
-50
-179
-193
-129
-195
-175
-180
-201
-276
-413
-205
-71
-173
-273
-311
-393
-536
-413
-298
-222
-386
-505
-385
-262
-434
-407
-299
-393
-250
-222
-148
-100
-174
-151
-102
-39
-147
-82
16
-69
-77
-189
-277
-196
-82
-33
0
63
-48
-219
-145
-54
55
149
181
221
140
82
177
190
41
59
131
276
350
368
172
124
233
340
285
264
384
112
27
23
104
-63
-133
-40
-60
-211
-252
-177
-258
-159
-8
-157
-196
-58
-41
-67
-45
16
-39
131
320
325
258
208
270
150
160
353
318
374
651
551
481
442
329
202
138
244
257
161
112
244
89
90
38
-222
-290
-244
-242
-78
-120
77
-27
-57
12
-155
-376
-379
-349
-225
-32
-108
-188
-400
-408
-242
-167
-152
-249
-305
-393
-375
-269
-233
-342
-247
-355
-380
-160
-390
-229
-235
-362
-353
-334
13
-67
34
252
-34
-87
-138
-110
47
202
259
384
365
194
167
179
267
390
445
577
398
433
684
512
479
394
222
143
246
197
142
170
-129
-97
-126
-139
-236
-480
-392
-299
-286
-4
-130
-350
-286
-296
-259
-260
-62
37
7
-192
39
-115
-279
8
37
147
359
243
-67
84
195
376
437
160
174
364
319
224
22
-71
-66
-64
-11
134
250
-26
45
46
-260
-160
-182
-28
183
51
25
-42
-10
-234
-209
7
-9
-175
-163
-99
25
115
3
-240
-162
37
109
120
56
-15
-249
-294
-287
-218
-131
75
106
80
-335
-298
-181
-422
-404
-167
-198
-326
-110
-206
-369
-387
-349
-270
45
137
196
217
209
167
335
569
463
386
355
604
395
407
626
437
466
547
256
218
246
227
271
232
202
11
-92
6
-174
-391
-142
-215
-441
-224
-144
-338
-329
-79
-58
-232
-260
-210
-230
-249
-87
-104
-396
-366
-323
-350
-206
-23
-32
-133
175
212
-17
-106
-38
60
203
369
263
-25
-39
52
-187
-130
226
88
13
244
158
-192
-134
-11
-21
112
265
273
156
272
204
46
216
126
-21
106
170
190
180
-26
-12
119
161
225
322
111
216
187
48
51
-129
-232
-356
-299
-449
-325
-309
-635
-562
-388
-325
-304
-139
-345
-364
-268
-352
-138
-36
-122
-165
-255
-223
-216
-64
235
191
216
282
512
427
375
118
261
307
238
357
562
651
340
517
468
-76
-177
349
365
295
376
304
275
149
-50
19
-8
-60
-103
-223
-102
-133
-270
-291
-36
-129
-237
-192
-433
-503
-229
-269
-318
-148
-280
-222
-110
-412
-329
64
58
12
-78
123
200
-11
-93
-19
-99
238
211
10
81
66
-372
-506
-252
-260
121
85
42
-270
-357
-289
-137
176
146
265
485
456
35
73
31
132
434
439
722
490
134
97
-55
-219
75
174
426
276
-92
2
-344
-402
-253
-165
-16
-145
-101
-33
20
-101
-313
184
21
-439
108
-89
-760
-498
-303
-189
111
45
109
68
-171
-97
118
101
326
558
304
528
648
195
285
382
6
-68
196
44
246
502
396
123
-66
-146
-431
-447
-344
100
214
-65
11
-140
-400
-290
-357
-267
-153
-88
-114
195
164
-236
-27
-201
-466
-263
149
64
189
50
-153
-232
-108
-93
-201
-182
-67
-77
69
217
-49
-155
-145
-180
58
109
134
101
12
28
-54
-202
-84
-77
-185
12
175
356
372
218
93
196
163
-13
135
381
399
-85
20
236
33
-306
-19
-68
-79
23
27
96
-17
36
-132
45
348
202
-118
163
152
-324
-185
70
-345
-423
-20
269
-405
-198
-118
-428
-99
-58
-319
-408
373
215
93
143
301
178
219
781
415
-91
30
168
18
299
644
119
41
-247
-344
-162
-299
74
10
-123
87
72
-76
-234
95
-485
-502
-104
114
486
241
-139
-378
271
-388
-84
-38
-123
85
-102
172
195
207
-182
-135
-202
-91
-243
-82
125
48
291
117
0
-213
-165
-640
-266
-83
-392
-176
-99
357
136
98
-318
-256
233
108
383
2
-305
-39
668
418
114
260
-107
-349
-7
73
-317
6
-259
-121
332
398
434
-211
-56
-2
109
349
77
192
-11
279
53
-284
-200
-99
5
-82
112
29
304
314
-37
-192
-117
3
-152
230
259
-141
140
596
71
-681
-443
-536
-212
-25
308
50
-170
182
194
143
66
328
164
409
547
561
516
62
-498
-752
-166
-177
301
468
-77
-838
-628
-354
-519
-210
6
109
-263
-365
-61
-172
-408
-341
-571
17
333
277
380
135
-486
-130
398
212
192
393
-19
293
625
-369
-243
-24
-381
-31
643
133
-246
-311
-526
-639
-133
175
438
266
57
306
-391
-228
464
-390
-475
-201
-589
-210
680
487
208
55
-15
169
-225
272
341
379
761
655
393
211
211
-77
-176
-552
-503
450
850
-217
-471
-201
-396
-327
246
-183
-841
-222
77
8
-74
-42
-393
-169
810
504
-256
-209
213
268
660
272
151
198
90
511
269
57
-320
-665
-367
418
657
65
40
-104
-237
-263
-374
-500
-795
-836
-6
-105
-369
56
-29
-333
-417
-26
-219
-32
248
876
593
95
270
47
-199
-334
129
-10
-55
-394
-333
441
-145
-504
169
-99
-385
-307
-138
46
-128
169
435
240
-118
-228
-129
-33
-349
-485
499
449
165
527
650
366
525
35
-494
-216
10
646
1319
899
-142
253
101
-846
-380
510
-166
-196
344
300
-223
-172
66
-917
-1502
-229
44
-524
143
507
-295
189
622
-300
-162
240
-79
-210
319
303
539
833
-252
-1248
-662
105
-445
-567
270
218
128
145
146
-529
-447
-67
-275
161
491
298
38
-65
-644
-417
710
599
417
248
-415
-165
361
-22
-94
226
-6
429
141
-150
290
639
483
-320
-311
15
492
460
211
-68
-347
7
613
270
-191
-438
-1037
-280
-179
46
362
-55
-659
-1270
-620
-129
-172
-635
-468
49
4
205
303
480
88
117
454
1043
422
-551
145
-93
-241
93
-363
-417
554
139
-719
-972
-322
25
-375
23
571
297
500
677
242
-188
379
423
-252
72
715
551
432
540
-98
-603
-520
-130
99
587
362
-749
-124
687
-83
-459
-277
43
-534
-216
383
-83
175
504
155
-95
376
419
-488
-135
496
-2
-267
404
768
-540
-964
-554
-780
-312
278
202
-43
366
430
-521
-535
-269
-391
311
848
291
-74
108
-156
-529
-407
-155
312
324
468
246
-12
-213
-236
26
-116
-160
46
440
872
731
-64
-376
-113
-217
-363
265
128
-108
-168
-413
-127
29
-324
-286
107
540
499
205
-41
-365
-38
302
-61
-408
-201
-120
215
29
-611
-766
-794
-997
-231
509
225
447
483
345
436
236
-329
-133
-451
43
1281
1277
366
-137
137
-635
29
287
-469
-253
372
576
152
410
399
-92
-591
11
25
-777
-280
160
383
449
735
210
-436
-81
-562
-505
-331
701
299
-26
856
594
-59
-7
-143
-1318
-477
227
28
-202
-174
263
93
-47
-62
-399
-605
-611
-190
-28
-76
-50
-33
230
798
1043
343
-420
-312
-192
-293
397
67
-222
-235
-475
186
380
-482
-1300
-814
-760
-232
554
750
564
171
153
-19
72
61
59
171
520
700
726
552
257
-65
45
107
212
197
-142
-114
-364
38
432
-149
-365
106
344
33
-131
-523
-661
-195
289
279
151
117
-211
-345
-239
-138
173
124
117
58
25
-116
-460
-251
14
158
98
-19
355
-153
-675
-697
-471
17
655
1104
276
-196
-224
-590
-468
-29
297
373
597
708
544
175
-207
-681
-1289
-594
621
797
392
-81
-434
-842
-185
-56
-365
47
139
232
379
209
-224
-421
16
487
120
-17
79
16
226
421
310
160
-25
547
303
-384
0
-113
-1021
-440
142
-217
410
736
-97
-965
-582
-441
-386
176
400
375
124
342
416
-179
-249
-264
-311
430
939
427
89
111
-335
-723
-16
49
-66
337
-286
-481
-295
-122
213
174
-219
-142
223
514
-29
-722
-358
241
31
-50
390
251
-368
59
670
113
-255
1
87
160
686
311
-55
-71
-481
-905
-604
-360
-411
-63
199
142
49
-40
-276
-547
52
317
-9
537
896
258
82
633
336
-462
-196
531
111
-390
41
497
153
389
717
3
-241
-369
-526
-133
329
73
-208
-2
-190
-752
-804
-582
-285
259
802
358
-455
-426
-343
-469
-298
16
64
135
-27
84
137
-357
-592
-533
53
834
888
999
438
-257
-163
-282
-550
-331
123
462
352
317
589
36
-698
-724
-167
285
380
343
366
137
-101
-104
-156
-364
-480
-411
-234
68
317
347
175
-102
-150
-22
115
475
759
484
-86
-167
76
367
55
-314
-303
-273
-228
-174
-254
-451
-339
-207
-11
-216
-578
-431
143
39
-129
-5
-203
-212
60
307
251
387
177
206
191
188
-49
-217
131
104
129
224
122
-90
-231
-16
230
-80
-227
-33
-324
-358
184
447
374
563
636
269
181
306
10
-229
-77
-78
-203
327
529
234
-145
-412
-362
-178
-344
-531
-295
-201
-182
229
322
-67
-221
-129
355
173
-178
-304
-496
-589
407
1064
563
506
223
-463
-235
-128
-612
-502
-100
-96
46
674
156
-373
-272
-479
-166
123
-134
-195
-201
-232
-123
-24
-115
145
482
52
-234
454
379
-262
-321
-230
-229
288
703
475
547
423
-452
-507
41
-323
-361
219
300
297
724
663
129
11
218
-137
-291
-126
-46
-93
71
341
288
293
-72
-572
-274
184
-156
-447
-46
-85
-51
-90
-79
-68
-163
-132
-412
-150
-119
-26
-131
-171
48
5
-24
56
57
-6
43
-320
-440
-61
-26
-46
297
191
109
399
125
-78
3
-79
-262
-116
271
172
9
213
199
153
329
-38
75
408
242
-67
-4
120
-129
-220
208
546
278
140
-100
-103
17
-271
-736
-727
-104
430
595
338
-10
-176
-395
-477
-362
24
427
314
286
183
23
-1
-168
-49
6
-90
6
-109
-302
-328
-223
-136
170
345
170
-92
-248
-51
-218
-538
-212
140
196
222
284
495
233
-210
-168
-100
-363
-318
197
331
206
354
343
228
-57
-322
-331
-383
-361
144
397
70
73
219
-26
-321
63
150
-137
108
160
-40
37
44
32
259
361
123
-214
-326
-456
-276
-75
-20
279
328
-57
-268
-303
-357
-380
-385
-154
-160
-238
-11
14
1
255
329
95
107
65
-182
61
267
196
315
523
343
188
90
-71
-119
-72
-102
43
328
174
58
184
176
-40
-14
37
-60
-17
108
123
-134
-314
-126
-134
-303
-88
99
1
72
-15
-141
-121
-137
-95
-85
-141
2
197
-143
-176
46
4
-38
-88
109
168
-60
75
159
18
-3
-129
-115
-26
-133
56
114
-107
-191
-288
-223
-199
-172
67
298
372
283
173
58
-52
97
31
-89
125
206
74
96
70
-40
-159
-98
74
-4
-16
49
-10
98
416
468
199
-83
-332
-412
-208
-368
-454
-18
287
416
283
22
-9
-254
-498
-471
-429
-292
-235
-130
216
451
356
169
48
-97
-128
-120
-199
41
414
484
497
400
195
37
-64
-129
-194
-261
-287
-110
112
189
198
126
12
-38
-162
-271
-366
-351
-89
71
124
200
273
302
207
49
4
-120
-200
-39
-65
-60
122
146
37
-90
-99
5
-10
-161
-287
-327
-254
-137
46
184
129
100
85
-96
-183
-24
-36
-98
177
422
387
320
134
-170
-149
-45
-161
-125
25
-14
4
38
-7
84
176
108
-40
-93
-126
-208
-144
-67
-74
-44
-29
-6
26
26
-72
-172
-112
-107
-73
48
-8
-34
76
156
157
67
-11
-83
-95
21
170
299
299
248
200
99
-5
-108
-24
160
150
62
39
34
-8
-40
-50
-126
-131
-43
-15
-33
-52
-85
-144
-165
-93
-24
-85
-158
-120
-85
-117
-180
-157
-81
-124
-141
-27
36
-21
-29
150
225
32
-88
-31
18
43
106
174
181
145
105
56
-74
-177
-119
-70
-68
32
72
34
146
244
57
-202
-234
-175
-128
10
128
160
171
98
-47
-126
-144
-111
8
92
127
150
135
109
49
-49
-80
3
143
174
102
110
102
-13
-47
75
195
203
128
61
52
0
-83
-64
-61
-122
-89
-47
-84
-114
-111
-125
-167
-143
-60
9
48
8
-79
-125
-138
-97
-36
-34
-25
-4
-53
-81
-21
-35
-85
-70
-79
-77
-38
-33
-25
12
33
41
52
62
103
125
50
17
83
49
-43
-17
12
-28
-1
79
97
67
34
-20
-61
-75
-87
-75
-41
-29
-14
43
73
58
47
46
13
-68
-132
-157
-121
34
208
243
214
188
64
-79
-114
-107
-81
20
122
168
194
161
60
-16
-20
-16
-34
-1
92
150
111
50
33
16
-41
-97
-105
-60
8
41
9
-37
-54
-79
-99
-84
-72
-78
-82
-43
13
27
14
22
29
14
-4
-49
-91
-75
-35
11
68
86
49
18
-10
-67
-101
-75
-53
-47
-9
47
62
55
46
29
12
-1
-18
-49
-69
-50
-14
26
73
102
68
-12
-71
-85
-77
-58
-27
11
48
59
38
1
-51
-101
-107
-61
1
41
27
4
10
-9
-45
-42
-22
-18
-10
-1
-7
-18
-30
-38
-18
18
37
39
50
54
40
43
59
54
39
48
71
79
69
62
61
46
35
42
51
39
15
-2
-9
-6
0
3
12
25
42
49
45
41
32
13
2
11
26
25
24
34
43
27
0
-26
-53
-58
-51
-48
-53
-67
-69
-60
-44
-31
-28
-30
-36
-48
-56
-56
-48
-37
-27
-19
-18
-23
-35
-46
-52
-56
-52
-41
-31
-30
-25
-18
-15
-15
-11
-10
-13
-9
2
12
24
33
32
30
26
18
2
-5
-2
0
8
17
33
41
44
40
27
8
-10
-18
-18
-5
10
30
50
59
56
49
36
29
26
29
32
41
48
46
45
41
34
17
-4
-22
-35
-36
-25
-10
5
22
28
29
22
13
4
-4
-3
-7
-10
-13
-15
-13
-8
-2
0
-7
-18
-25
-30
-29
-27
-22
-20
-14
-12
-12
-11
-8
-4
0
-5
-11
-16
-19
-16
-6
4
9
13
13
10
5
-4
-13
-25
-30
-33
-31
-25
-20
-14
-8
-2
0
0
-1
-3
-2
-3
1
3
1
1
0
0
3
9
10
11
9
6
5
6
10
17
24
26
23
17
11
6
0
5
8
13
11
10
9
0
-1
-3
-5
-4
-5
-3
1
5
5
4
3
0
-2
4
7
9
12
15
11
10
8
0
-1
-4
-5
-6
-7
-8
-12
-7
-6
-8
-12
-7
-5
-8
-2
-5
-2
-1
-3
-3
-6
-5
-1
-1
3
6
4
2
2
0
-1
-1
2
1
2
2
3
4
5
4
2
4
4
4
3
1
-5
-9
-7
-7
-6
-5
0
-1
1
0
1
0
1
1
-3
-2
0
1
-2
-3
-5
-5
-6
-5
-3
-2
1
-2
-3
-5
-9
-8
-4
1
5
8
7
5
3
2
0
-1
-2
-1
1
6
5
4
7
5
2
2
2
2
5
3
3
4
4
5
4
4
5
2
1
0
1
-1
0
-2
0
3
3
6
5
1
0
-1
-4
-3
-6
-4
-2
-2
0
1
-2
-3
-5
-4
-4
-5
-3
-1
2
-1
0
-2
-4
-7
-3
-2
1
4
4
6
3
1
-1
-2
4
2
-1
3
3
3
4
4
3
2
1
-2
1
1
0
-2
-2
-2
-3
-3
0
1
-2
-2
-3
-3
-2
-4
-4
-4
-2
-4
-1
2
0
-4
-5
-3
-3
1
1
1
3
-1
-3
-1
2
4
3
3
4
5
4
0
0
3
3
3
4
7
5
3
0
0
1
1
1
4
3
2
0
2
2
0
-1
-1
2
-1
-3
-1
1
0
0
-3
-3
0
-3
-2
-3
-1
-3
-1
-1
-3
-4
-4
-3
-3
-2
-2
-1
-2
-3
0
-1
-2
-1
-3
-1
-2
-1
0
-1
2
2
1
2
1
0
-1
2
2
3
3
2
1
3
5
6
6
5
4
5
4
5
2
2
6
4
3
1
0
0
-2
-1
-2
-4
0
-2
-6
-4
-5
-3
-2
0
-1
-1
-4
0
0
-1
0
-1
1
1
0
1
-1
1
0
-2
1
3
-2
-1
-2
-1
2
-1
1
1
3
1
-1
1
2
3
-1
-1
1
1
-2
-1
-2
-1
-3
-4
0
4
2
1
4
4
3
0
0
1
2
3
1
-1
-2
-4
-2
-2
0
-2
-5
-1
-2
-1
-2
0
-1
1
2
1
1
-1
-2
0
2
-1
-1
-1
-3
-1
0
-1
-2
-1
0
-1
1
1
3
2
2
2
2
2
2
2
3
2
0
2
1
2
2
0
2
2
3
1
1
1
0
0
1
2
-1
2
2
3
1
3
2
0
1
-1
-1
-2
-2
0
-1
-1
-1
1
1
-2
-4
0
1
0
-2
0
1
1
0
-1
-1
-1
-1
0
0
0
2
-2
-5
-3
-1
-3
-2
-2
-2
-2
-1
1
0
-1
-3
0
0
-2
-3
-5
-3
-1
0
0
-1
0
-2
-2
1
2
1
-1
1
-1
-4
-4
-2
0
0
1
1
-1
-1
2
5
6
4
4
4
5
4
4
4
4
4
3
2
1
0
-1
1
1
1
1
-1
2
3
1
-2
0
1
1
3
-1
0
0
2
-1
1
1
-1
1
0
0
3
5
3
2
2
1
0
0
1
-1
-5
-4
-3
-3
-1
1
0
-1
-2
-4
-1
-2
-2
-4
-2
-3
-5
-2
-1
-1
-2
-1
0
-3
-1
0
0
0
1
0
-2
-1
0
-2
0
3
0
1
1
0
-2
1
0
1
2
3
2
1
3
3
0
0
-2
-1
3
1
2
1
1
0
0
-3
-2
0
-2
1
2
2
3
-3
0
1
1
1
3
1
-2
0
-3
0
-1
-1
2
1
-2
0
0
1
2
3
3
2
1
2
2
0
2
-1
2
1
1
-2
-1
-1
-1
0
0
2
2
1
0
3
1
3
4
2
2
2
1
1
3
4
4
2
-1
-3
-3
-1
-1
-1
0
0
-4
-6
-1
0
-4
-4
-5
-4
-3
-4
-5
-4
-5
-6
-3
-3
-1
0
1
-1
1
0
0
0
-1
-1
0
0
0
1
1
1
1
2
3
3
1
0
2
3
4
2
0
1
0
-1
2
0
-3
-2
1
0
-1
0
1
0
1
2
1
3
4
4
2
2
1
0
1
2
3
0
1
4
2
0
1
-1
0
0
1
0
1
-2
-3
-2
-3
-4
-1
-2
0
1
0
2
2
3
1
2
-1
2
-1
0
2
1
2
-2
-3
-2
-2
-2
-2
-3
0
1
1
2
1
0
-1
-1
1
2
-1
-1
-1
-3
-2
0
-1
0
0
-1
-2
-3
1
0
2
3
0
3
3
2
0
0
2
2
-2
-1
-3
0
1
-2
-1
1
3
0
-1
-1
-3
-1
-1
-2
3
2
1
1
2
0
0
0
2
-1
-3
-2
0
0
0
-1
-3
-2
-3
-3
-1
-2
-5
-2
0
-2
-2
0
0
-4
-1
1
0
2
3
4
1
4
4
5
5
4
3
6
4
2
4
1
1
0
0
3
5
1
-3
0
0
3
2
2
1
-1
-1
0
1
-1
1
0
1
-1
-1
0
-2
-2
-2
-3
-3
-1
-4
-4
0
-1
1
1
-3
1
-1
-3
-4
-5
-3
-1
-3
-5
-5
-3
-2
-2
-1
2
1
1
4
1
4
2
1
0
2
2
1
1
0
0
2
2
-1
2
1
-1
3
0
0
-1
-3
0
1
2
2
2
1
1
1
1
2
4
2
1
0
-2
-2
2
-2
-1
1
-1
0
1
1
-2
-1
1
-1
2
2
4
1
1
1
0
1
0
0
0
0
-5
0
-1
-2
-2
-2
-2
-2
0
0
0
-1
0
-1
-3
-1
-3
-5
-3
-3
1
-2
-1
-1
0
0
-2
-1
-1
-1
-3
0
-1
-1
1
2
-1
-1
3
4
3
3
5
3
0
1
2
1
0
0
0
2
1
0
-1
1
1
-1
-1
-1
-1
0
1
-2
1
0
0
0
-1
1
2
1
0
-1
0
1
1
2
1
-1
-1
4
2
0
1
1
4
3
2
0
-1
2
0
-2
-1
-2
0
-2
-3
1
1
-3
-2
2
1
-1
0
0
0
1
0
-2
-2
-2
-1
-4
-4
-5
-4
-3
-2
-4
-3
0
-1
-2
-1
2
3
2
2
-2
2
4
4
0
3
2
-1
0
1
1
-3
1
1
1
0
1
-1
0
1
-2
0
2
2
3
2
3
2
1
2
2
1
0
-3
-2
