SAMPLES:	9108
BITSPERSAMPLE:	16
CHANNELS:	1
SAMPLERATE:	16000
NORMALIZED:	FALSE
4
1
0
3
4
6
4
2
3
4
5
6
4
1
2
3
-1
2
4
2
2
1
1
3
4
4
0
1
2
0
2
5
2
2
1
2
2
1
-1
0
-3
-1
-2
-4
-3
-2
3
0
-2
-2
-2
0
0
-2
0
-1
0
-2
0
-2
-3
-2
-3
-4
-3
-5
-4
-4
-1
1
0
-1
-3
1
2
3
5
4
1
2
1
-1
-5
-6
-5
-4
-4
-4
-2
-2
-1
2
2
-2
-2
-1
-1
2
0
2
2
2
1
0
-1
3
3
1
1
3
2
1
5
4
5
5
3
4
2
4
3
2
4
1
0
-3
-6
-4
-4
-5
-2
-3
-3
-1
2
0
0
-1
1
0
-2
1
1
1
2
-1
-3
-1
0
-1
-1
0
3
1
0
1
2
-1
-2
1
1
3
3
4
2
2
3
0
0
-2
-4
-2
-4
-3
-3
-2
0
-2
-1
0
3
3
1
2
4
2
-1
0
-3
0
-1
-2
-1
-1
-1
2
0
0
-1
-1
1
2
2
1
2
2
3
4
1
2
0
0
-1
-1
-2
-2
-2
-4
-3
-5
-2
-3
-5
1
0
0
1
3
1
0
3
3
1
0
1
-2
0
-2
-1
-3
0
-2
-3
0
2
3
2
5
3
3
2
1
3
-2
-4
-1
-2
-1
1
2
0
0
2
5
6
0
1
3
2
2
1
4
3
2
1
0
0
0
-3
-2
-1
-5
-7
-4
-4
-2
-3
-1
2
1
0
1
0
-2
0
-2
-2
-1
-4
-1
-3
-1
-2
0
0
1
1
1
1
-1
3
1
3
3
0
2
3
2
0
2
3
0
0
2
-3
1
1
0
1
1
2
1
3
-1
3
1
2
-1
0
0
0
-1
-5
-4
-3
-3
-1
-2
-5
-3
-3
-1
-1
0
-1
3
3
2
5
3
3
2
-2
-3
-2
-2
-4
-1
0
2
-1
1
2
-2
-1
0
-1
-2
-3
1
1
0
0
-1
-3
-4
-1
0
0
-2
-3
0
1
1
0
-4
-4
-6
-3
-2
2
4
4
5
3
5
3
3
4
1
0
0
-1
2
2
2
4
3
3
5
4
3
5
3
1
-1
-1
-1
-1
1
-2
-2
-3
-3
-3
-1
-3
-3
2
2
2
4
2
-1
-1
1
0
-2
-1
-1
-1
-2
-3
-4
-1
0
-2
-3
-2
-2
1
2
0
0
1
-1
0
-1
2
3
0
-1
-4
-1
-4
-6
-4
-5
-2
0
-2
-3
-5
-4
-2
1
2
1
3
2
0
2
0
1
1
1
1
-2
-1
-1
-1
0
0
1
-2
1
0
1
4
5
7
7
9
5
2
2
3
2
1
0
-3
0
1
-1
0
2
3
4
5
2
0
-1
-2
-4
-2
1
-1
-3
-2
-4
-1
-1
1
1
-4
-3
-4
-3
-1
2
0
1
2
1
3
6
5
0
-4
-2
0
-2
-2
-2
0
-1
-1
-4
-1
0
0
-1
-2
-1
3
0
1
2
0
-1
0
0
-1
-4
-3
-2
-3
-3
-3
0
0
0
-2
0
0
3
5
5
6
4
6
4
1
-1
-3
-5
-3
-4
-5
-5
-1
-1
2
3
6
7
2
0
0
3
1
-4
-2
0
0
-5
-9
-2
4
-8
-20
-13
0
-2
-9
-5
12
10
-2
-3
7
11
10
12
14
10
1
-7
-11
-9
-4
0
2
-10
-21
-10
7
3
-10
1
26
20
5
11
19
15
17
13
-4
-7
18
1
-54
-36
27
10
-87
-76
49
71
-39
-68
40
79
-27
-48
63
87
-16
-38
39
18
-70
-46
32
23
-34
-43
-18
6
23
14
6
38
59
6
-21
41
63
-1
-16
36
17
-49
-47
3
6
-32
-42
-28
-10
-8
-12
3
34
8
-50
8
96
-22
-141
136
404
7
-539
-298
258
186
-169
-92
135
8
-206
-155
17
83
44
13
66
121
54
-62
-29
118
129
-17
-100
-42
34
11
-74
-96
-9
32
-81
-114
75
162
-16
-62
152
194
-21
-77
47
47
-40
-10
78
69
-65
-183
-105
38
-17
-127
-5
153
51
-86
-8
56
-39
-57
68
113
32
-21
-6
24
25
-24
-106
-89
72
139
-32
-146
36
196
25
-205
-68
269
192
-230
-176
261
136
-328
-125
322
54
-362
-162
141
90
-16
-152
-193
145
296
-149
-281
184
256
-103
-118
101
118
-15
-97
11
141
14
-182
-126
71
141
-32
-167
79
248
-167
-369
138
322
-95
-141
85
13
-18
30
-86
-22
101
-64
-27
218
25
-264
-28
217
4
-170
57
210
-41
-264
-37
316
186
-320
-278
315
278
-303
-203
177
52
-33
39
-113
-65
129
34
-8
92
-22
-132
-1
147
78
-148
-100
206
115
-262
-164
204
144
-230
-196
358
246
-577
-315
665
339
-501
-265
87
158
390
108
-643
-328
582
407
-385
-236
208
-110
-134
518
66
-653
-64
376
12
235
158
-689
-441
669
890
-318
-1147
-271
1365
669
-1352
-1041
1183
1135
-883
-1074
410
882
-379
-493
470
381
-793
-367
803
847
-516
-1147
61
1328
506
-1509
-1012
1513
1442
-1264
-1657
643
1449
-453
-1164
615
831
-726
-619
799
849
-541
-1310
127
1902
304
-1897
-442
1807
134
-1859
-299
2000
678
-1801
-1210
1465
1168
-1182
-916
1139
851
-1026
-941
1306
1097
-1700
-1230
1882
1252
-1899
-1198
1978
1191
-2315
-1299
2177
1415
-2169
-1017
2313
925
-2597
-732
2296
656
-1938
-198
1631
-176
-1457
351
1368
-339
-1430
43
1589
151
-1485
-20
1432
-534
-1588
1035
1704
-1377
-1398
1231
1178
-1296
-935
1204
1114
-1605
-1037
2136
941
-2752
-985
3276
735
-3053
-429
2635
-511
-1897
1359
1667
-1929
-1355
1887
1049
-1856
-313
1605
-259
-1757
885
1584
-1043
-1422
1182
980
-1166
-266
973
-141
-841
613
516
-604
-399
546
162
-358
-137
360
134
-257
-299
175
223
-21
-429
218
467
-143
-706
242
833
-153
-1073
123
1222
-233
-526
239
-223
-681
939
557
-1061
-665
1118
355
-1077
66
914
-228
-1007
-12
914
485
-767
-470
363
263
53
-172
-461
111
650
84
-519
123
400
-170
-133
513
95
-397
-282
345
670
-197
-887
119
768
5
-906
5
1096
-219
-1401
137
1113
-242
-1138
48
1004
-639
-1032
546
1015
-711
-1021
280
1075
-224
-634
130
512
-164
-260
322
62
-519
440
781
-468
-541
67
591
954
-216
-1466
669
1559
-619
-1097
892
747
-823
-660
814
903
-700
-1075
356
1340
-506
-1276
318
1209
-420
-1229
196
1127
-277
-1406
296
1428
-273
-1644
211
1073
-130
-676
46
523
-240
-682
498
700
-604
-193
521
-347
-198
710
-67
-916
527
859
-643
-454
576
213
-517
-47
413
469
-806
-503
1053
684
-1652
-588
1667
411
-1195
-289
978
10
-1032
96
1498
-292
-1826
531
2116
-850
-2745
1562
2849
-2077
-3002
2559
2531
-2379
-2405
2093
2221
-1972
-1680
2622
617
-2911
826
2428
-2337
-1507
3496
397
-3660
518
3419
-1422
-2760
1672
2374
-1933
-1908
2411
1281
-2652
-1209
2765
1445
-2655
-1465
2976
1244
-3346
-430
2437
125
-2068
239
1154
380
-1055
-563
697
840
-544
-428
360
-358
526
1008
-1175
-1262
1799
666
-1465
-322
910
369
-926
-946
581
1107
-598
-810
810
786
-492
-779
506
474
-119
-778
110
661
-16
-343
-120
-133
-152
532
238
-496
-614
485
890
-705
-1115
1463
1323
-1838
-981
1779
-63
-1261
726
476
-809
436
668
-1085
-306
1150
-255
-1237
1670
172
-1753
487
1905
-1736
-1183
2461
368
-2634
697
1994
-1354
-855
1668
-568
-1185
1301
295
-1133
-89
886
-821
-12
850
-150
-1197
751
1144
-832
-1131
837
1267
-829
-806
760
613
-922
-692
798
622
-660
-758
965
404
-1025
-566
1202
923
-1509
-630
1592
837
-1673
-937
1095
1086
-606
-955
28
1170
-262
-1302
794
1285
-1577
-669
1630
398
-796
-675
-51
704
563
-822
-234
704
282
-1055
-376
1176
1100
-2283
-1123
3659
273
-4061
988
3174
-2441
-1630
2777
677
-2293
254
1115
-852
607
615
-1743
472
1391
-1421
-237
1389
-622
-893
406
505
656
-572
-1259
810
1445
-857
-1159
1184
464
-1431
23
1421
117
-1767
-272
1150
666
-576
-1052
402
1323
-861
-1065
1251
698
-1161
214
482
151
-480
-561
537
304
-736
-82
1509
-581
-1744
1003
1760
-2155
-963
2087
402
-1401
-154
1233
-121
-960
813
199
-1133
1517
381
-2569
646
2726
-1282
-3293
1955
2890
-1870
-2030
1224
1236
41
-1657
-867
2398
842
-2558
-524
2912
605
-3197
-724
3334
466
-2471
-752
1323
1317
-1502
-1265
1351
440
-1166
439
827
-56
91
-1429
-79
2660
-491
-3307
1825
3051
-3222
-1708
3106
287
-2654
1128
675
-419
809
-1310
-1228
2265
473
-2675
1596
2015
-2254
-1397
2859
316
-2303
876
1259
-1223
-577
1253
-299
-1054
-436
927
881
-261
-1030
-422
1291
923
-1955
-459
2275
-231
-1597
869
721
-973
-309
297
731
-16
-534
392
272
-1487
548
1470
-856
-1885
1758
861
-1692
-421
1615
64
-1340
88
1014
518
-452
-1108
-317
1819
-238
-1543
527
1145
-459
-832
-309
1265
382
-1225
-247
993
81
-245
-149
-367
579
-70
-45
-91
186
-603
494
299
-1034
99
1289
-1044
-1438
2248
492
-1568
-21
543
485
95
-682
-544
2057
-330
-2136
929
1696
-2057
-1134
1927
443
-615
-1274
687
1071
-1439
-508
3176
-1041
-2190
2265
164
-1464
1056
-432
-346
1121
-1287
-260
1766
-1354
-1955
1569
1846
-1892
-620
1909
-267
-1105
498
514
431
-177
-1060
419
595
985
-1129
-2633
2023
2906
-3378
-1665
3475
400
-2303
-525
1288
298
526
-64
-2498
1280
3184
-1350
-3805
1141
2876
162
-3016
-623
3059
316
-2857
-996
3460
1714
-4073
-2303
5140
2231
-4884
-2280
4344
2380
-3691
-1484
3325
1326
-3197
-1700
2375
1216
-1967
-495
1146
-647
43
1360
-736
-2109
1478
1679
-227
-1120
-217
861
613
-570
-1254
1161
1219
-2751
-982
4161
-1045
-4508
2701
3331
-4302
-270
3673
-1332
-2925
1969
2187
-1076
-1688
456
1951
-1735
-1323
2708
847
-2985
431
1005
226
487
-1017
-631
1906
-1104
-1082
3902
-1462
-4049
3097
2028
-3530
171
2209
-858
-1525
43
1229
-132
-1719
443
715
-205
313
225
-149
-1370
81
3085
-1284
-2915
3066
2628
-4022
-1502
4161
399
-2571
517
988
-435
657
-185
-1519
315
1770
-683
-1559
1817
1397
-2032
-1085
951
543
196
-427
-1306
817
1937
-1362
-1879
1139
1798
-668
-1865
885
1510
-1484
-1762
765
700
-286
-218
-368
646
360
-620
-155
21
-43
888
-1006
-754
2263
-1012
-2868
1332
2277
-830
-291
282
-1370
162
2080
-314
-1494
1891
1054
-2621
1174
3268
-2500
-3244
3214
2085
-2213
-642
518
-1460
649
1258
-1464
218
1764
-1865
-1560
2140
1218
-2069
-1155
801
1034
-129
-1294
-188
353
70
573
1115
104
-343
-474
-196
971
1385
-24
-2304
-500
2399
857
-1706
-386
-430
619
1085
-2170
-483
2696
-859
-3267
1850
2491
-2138
-2097
2575
610
-2572
-45
2349
779
-2444
-2207
2664
2694
-2847
-1182
2406
264
-654
688
697
-940
-1083
400
1331
590
-695
-791
451
650
-942
-310
1480
-162
-2411
46
3033
-258
-2821
423
999
-725
540
643
-2118
-1075
690
525
1054
-11
-1874
175
1742
-861
-946
920
47
-758
727
307
-1105
-361
527
-298
-378
1231
1036
-1330
-1076
1113
1677
-890
-430
1996
507
-1475
-260
627
80
181
224
208
-338
-256
-307
-782
-455
1497
1054
-654
-340
689
-364
-614
590
872
948
-99
-879
451
805
-190
-516
-526
9
1014
326
-1183
-1334
19
963
-404
-1065
-487
-258
-125
-505
-745
1025
608
-962
396
813
-1430
-928
820
228
14
682
-237
-1057
272
523
-873
-167
1246
-21
-951
844
1458
-299
-1769
-1147
689
1459
-125
-1354
227
416
-1931
-553
2682
-67
-2030
1164
2009
-1077
-791
1469
1265
-937
-848
954
1631
491
-1376
-681
439
-587
-480
1967
913
-1316
-261
992
158
-982
-997
-303
354
917
398
-667
-962
-1004
-538
603
997
-642
-1061
680
998
-1062
-1130
296
-411
-1183
466
1334
-53
-854
-119
832
1172
601
-521
-313
800
782
54
554
242
-1371
-73
1909
1002
176
-356
-742
27
880
394
-426
-736
423
1778
747
-1006
-894
16
213
370
295
-260
-736
-638
-158
254
-187
-868
-459
335
188
-216
-78
-348
-1159
-458
780
387
-580
-166
69
-348
-32
754
87
-798
-248
506
487
55
-193
-660
-881
-441
203
321
312
75
-484
-247
350
116
-675
-918
-644
-2
733
517
-596
-1011
-811
-358
390
428
-507
-858
-768
-773
-378
-327
-1148
-1433
-426
-59
-736
-1081
-1240
-1703
-1262
-417
-400
-1030
-1811
-1861
-1310
-1387
-2122
-2566
-2060
-1551
-1462
-1704
-2375
-3248
-3023
-243
6378
14755
18277
14271
8406
7802
10865
11779
11438
12729
13244
10650
7895
6394
2433
-4584
-8496
-6018
-2192
-1982
-5175
-8776
-11758
-13612
-12881
-10604
-9233
-9105
-7991
-5368
-3909
-4841
-5871
-5088
-3157
-317
2651
3751
1776
-970
-1622
-679
310
734
822
431
-252
-997
-2181
-3979
-5376
-5079
-3622
-2394
-2576
-4352
-6486
-7632
-7441
-5998
-3454
-1351
-1211
-2203
-2187
-1512
-1524
-1133
996
2686
2190
1187
564
-406
-1813
-2394
-2471
-2312
-954
1675
9984
24405
32446
21253
3502
2527
16282
20703
13751
13767
19948
16630
5802
2702
4097
-3161
-14459
-14082
-3250
2573
-4628
-16123
-20287
-18069
-16920
-17525
-14294
-7744
-5344
-7238
-6315
-1970
-1337
-5696
-6931
512
10218
13087
9190
5591
5133
3684
572
1016
4982
6146
3278
1172
104
-4135
-9509
-9719
-5884
-4020
-4269
-4202
-4470
-7099
-9377
-8191
-5205
-3369
-2020
-101
900
-178
-1906
-1976
-690
1406
3957
5514
4668
2271
374
-591
-994
-21
2019
2480
459
-1769
-2847
-3869
-5347
-5576
-4419
-3773
-4447
-5045
-4815
-4888
-5293
-4361
-2263
4228
18610
31546
26708
8883
2233
14358
23392
16817
12142
18621
21319
10986
2166
2918
363
-11570
-17648
-8815
1263
-2781
-15758
-21504
-18168
-15758
-17252
-15407
-7692
-2434
-3552
-4223
-139
2961
389
-2299
2429
12002
16324
12436
7152
5905
5086
1406
-124
3157
4031
-1758
-6280
-4643
-5126
-11644
-14296
-9029
-5791
-7812
-7471
-4153
-5565
-9328
-6907
-1120
588
-43
1606
2999
1646
353
943
1665
2440
3758
4047
2773
800
-1188
-2687
-2508
-1145
-1161
-2562
-3829
-5014
-6218
-6387
-6167
-6791
-7279
-5961
-4121
-3750
-3114
-107
8906
23834
32465
23150
7421
7222
21196
26145
17598
14611
20414
19153
7407
638
1898
-2469
-13855
-16716
-7016
-679
-8967
-21179
-22556
-16609
-14767
-16325
-12572
-4275
-736
-2628
-1947
3074
5689
3252
2415
8434
16206
16999
10985
6006
5336
4177
544
-819
1205
4
-5994
-9593
-8618
-9796
-14126
-13991
-8699
-6213
-7626
-7103
-4754
-5525
-6843
-3397
1706
2989
1976
2731
3778
2897
1864
2599
3845
4222
3906
3238
2224
475
-1439
-2388
-2160
-1958
-2806
-3962
-4933
-6067
-6949
-6734
-5961
-5445
-4970
-4534
-4677
-4827
-3635
-1521
318
2357
9559
23413
32716
24973
8551
4978
16929
23748
16603
11466
15715
15771
4626
-4574
-4249
-5275
-13700
-17639
-9765
-2238
-7932
-19577
-21951
-15386
-11220
-11445
-8136
-217
3887
1549
243
3990
7500
6493
5181
9089
14966
14963
8357
2326
1094
675
-2006
-3587
-2145
-2791
-7943
-11897
-10937
-10050
-12121
-11725
-6489
-2583
-3464
-4613
-3249
-2333
-2310
76
4190
5676
4000
2558
2349
1885
1035
1019
1976
2748
2398
1033
-759
-2508
-3635
-3631
-2773
-2380
-2916
-3579
-4312
-5781
-6958
-6027
-3948
-3135
-3528
-3436
-2894
-2776
-2337
-363
2674
9367
22329
32394
26032
9057
3342
14526
22434
15978
10132
14485
15974
4815
-6528
-6897
-5793
-12628
-17422
-10312
-1409
-5724
-17961
-21319
-14390
-9334
-9707
-7082
1318
6722
4493
1539
3618
7044
6802
5539
8761
14253
14187
6990
-49
-1693
-1577
-3755
-5651
-4385
-3724
-7582
-12062
-12297
-10911
-11286
-10344
-5680
-1718
-1741
-2368
-1097
-440
-883
788
4609
6342
4832
3192
2468
1485
328
189
1019
1577
1124
-18
-1300
-2601
-3722
-3918
-2934
-2250
-2985
-4247
-4764
-4684
-4924
-5076
-4269
-3038
-2376
-2256
-2162
-1841
-1538
-1132
202
2631
9535
22856
32371
24579
6385
1259
13986
22123
14261
7754
13115
15151
2799
-9170
-7865
-4877
-11721
-17519
-9914
265
-4671
-18355
-21015
-11812
-6235
-8140
-5996
3364
8354
3970
108
3608
8050
6720
4351
7846
13430
12072
3873
-2300
-2573
-2352
-4900
-6208
-3948
-3380
-8012
-12499
-11702
-9201
-9221
-8626
-4174
-75
-387
-1586
-170
1250
705
1259
4422
6461
4813
2057
714
314
-210
-469
168
903
360
-1228
-2517
-2898
-3112
-3119
-2305
-1628
-2565
-4354
-5080
-4742
-4489
-4072
-2872
-1909
-2076
-2643
-2545
-2214
-1927
-941
1125
3705
10669
24266
32557
21912
2997
743
16075
23192
13448
7393
13540
14068
-75
-11134
-7543
-4040
-11766
-17134
-8149
1571
-5804
-20371
-21148
-10082
-4499
-6828
-4218
5129
8504
2733
-691
3982
8645
6748
4451
8552
13776
10948
1723
-4157
-3522
-2607
-4757
-5873
-3839
-3783
-8766
-13174
-12001
-9074
-8807
-7988
-3252
979
16
-2272
-665
2564
3241
2869
4529
6185
4509
1398
383
775
56
-1228
-797
583
111
-2253
-3756
-3288
-2419
-2146
-1687
-1289
-2380
-4914
-6544
-5680
-3578
-2486
-2610
-2667
-2170
-1959
-2505
-2753
-2001
-858
394
1963
5095
14516
28235
31275
15664
-641
4053
20398
21985
10257
7640
14700
11007
-5016
-11960
-5272
-4136
-14102
-16924
-4825
2419
-9636
-23503
-19631
-6931
-3553
-6554
-1962
7111
7059
6
-595
6467
9666
5700
4259
10070
14325
9070
-622
-4991
-3624
-3042
-4719
-4702
-3064
-5016
-10901
-13720
-10720
-8006
-8830
-7982
-2373
1878
377
-1507
790
3198
2283
2105
5530
7501
4299
382
129
1164
-189
-2259
-1616
279
-271
-2837
-3849
-2617
-2181
-3253
-3252
-2107
-2807
-5840
-7341
-5119
-2425
-2364
-3534
-3144
-1542
-1194
-2046
-1952
-651
373
1056
2703
8383
20583
31349
26238
7490
-1805
10046
23176
18070
7554
9481
14071
4486
-9715
-9418
-1828
-6346
-17588
-14772
-28
1823
-14289
-24126
-15413
-4432
-4533
-5460
2700
9128
3536
-3474
658
9529
10001
4466
4892
11368
12950
5861
-1889
-4031
-3685
-4630
-4848
-2607
-1988
-6799
-13186
-14292
-10453
-7789
-7674
-5964
-2053
-456
-1824
-1359
1864
3321
1942
2436
6199
7885
4610
716
160
913
36
-928
229
1085
-1164
-4202
-4182
-2194
-2245
-4179
-4664
-3671
-4089
-5895
-5861
-3641
-2606
-3613
-3781
-2049
-998
-1914
-2551
-1255
375
1055
1702
5106
15021
27774
29723
15248
525
3997
18040
20713
11993
9369
13692
9092
-5046
-10375
-3132
-1674
-12518
-17900
-7157
2459
-6089
-20075
-19621
-9367
-5619
-7194
-1838
7393
6728
-2175
-4175
4245
10613
7882
4442
7653
11895
9354
2566
-1227
-1728
-2961
-4756
-3912
-1284
-2139
-8193
-13937
-13641
-9268
-6833
-6735
-4952
-2038
-1808
-2974
-1310
1932
2262
893
2511
6126
6771
3580
509
67
551
287
492
1845
1788
-1520
-4699
-4002
-1725
-1987
-3920
-4309
-3682
-4755
-6772
-6576
-4259
-2942
-3700
-3915
-2012
-633
-1894
-3238
-1775
853
1803
2505
8439
21147
30777
25008
8415
609
9675
19929
17788
12233
13857
14261
3377
-8668
-7591
-532
-3778
-14139
-14502
-3844
-393
-11130
-20374
-16726
-9543
-8773
-7849
660
8095
4071
-4612
-4569
3742
9127
7794
6740
9733
11467
7607
2201
274
47
-1917
-4180
-3377
-933
-2110
-7722
-12610
-12886
-10695
-9130
-7200
-3900
-2133
-3548
-4385
-2229
139
69
114
2653
5494
5518
3315
1651
1034
267
-252
1404
3937
3494
-442
-3424
-3013
-2033
-2863
-3803
-3353
-3384
-5099
-6220
-4919
-3478
-4331
-5825
-4962
-2410
-1304
-2038
-2248
-1217
-344
310
4998
17045
29467
28777
14161
2649
7059
17589
18929
14472
15270
17334
9242
-3849
-6695
-505
-1220
-11543
-16007
-7497
-478
-7005
-17344
-18228
-13488
-12994
-13128
-5329
4988
5485
-2593
-6373
-1117
5201
6341
6148
9002
11912
10274
6062
3907
3275
1058
-2348
-3428
-1137
751
-1891
-8031
-12380
-11925
-9668
-8680
-7358
-4665
-3734
-5521
-5906
-3078
-1081
-1805
-1517
1725
4737
4802
3326
2336
1634
768
948
3176
5599
4700
673
-2042
-1707
-1491
-3079
-3909
-3222
-3679
-5657
-6040
-4530
-4292
-6226
-7444
-5732
-2942
-1986
-2710
-2842
-1689
-680
1995
11395
24970
29725
19595
6913
6451
14888
18709
16469
16716
19222
14185
2102
-3910
32
1454
-6888
-14471
-10797
-3426
-4941
-12684
-16220
-14923
-15617
-17309
-12398
-1990
3553
-176
-5459
-4611
149
3098
4397
7113
10410
10930
8617
6745
6311
5232
2000
-1574
-2139
324
1821
-540
-5363
-9575
-11982
-12424
-10255
-6564
-4421
-4983
-6365
-6347
-5068
-3841
-2797
-1289
806
2698
3811
4381
4132
2454
531
739
3353
5585
5301
3352
1151
-995
-2891
-3623
-2994
-2541
-3376
-4434
-4398
-4087
-5188
-7005
-7219
-5618
-3905
-3072
-2546
-1975
-1841
-1722
1295
10034
21274
25558
18798
9722
8655
13491
15579
14759
16608
19149
14862
5100
-112
1970
2287
-4605
-11247
-9656
-4637
-5237
-10146
-12289
-11968
-14533
-18294
-16024
-7567
-989
-1175
-4178
-4473
-2299
-664
496
3258
6958
8593
7589
6556
6967
7233
5240
1541
-980
-506
1316
1276
-1138
-3637
-5372
-7605
-9719
-8958
-5566
-3596
-4665
-5919
-5470
-4891
-5105
-4473
-2353
-379
486
1020
1897
2560
2211
1300
1350
2759
3882
3579
2917
2393
752
-1795
-3038
-2556
-2248
-2596
-2480
-2205
-2943
-4227
-4722
-4187
-3399
-2987
-2857
-2444
-1711
-1250
83
5287
13759
18986
16275
9861
7396
9601
11268
10924
12144
15289
14992
9003
3346
3189
4417
850
-5152
-6659
-3713
-2616
-5146
-6971
-6477
-7574
-11952
-14693
-11606
-5949
-3430
-4332
-4734
-3405
-2624
-3065
-2621
-280
2085
2524
1865
2323
4158
5191
3763
1144
-230
38
379
14
-114
241
-508
-2993
-5048
-4700
-3299
-3116
-3656
-3330
-2618
-2729
-3129
-2780
-2175
-2212
-2513
-2126
-743
896
1652
1436
1158
1113
823
584
1085
1567
986
91
-61
3
-472
-1057
-1201
-1135
-1087
-951
-668
-221
139
-27
-472
-456
-52
48
-137
-232
-235
775
4427
9515
11789
9448
5903
4865
5563
5530
5218
6489
8211
7234
3882
2315
3944
4839
2037
-1713
-2673
-1903
-2265
-2970
-1693
260
-634
-4303
-6770
-5984
-4283
-4090
-4464
-3661
-2478
-2538
-3252
-3019
-2083
-2058
-3241
-4166
-3608
-1949
-522
-160
-585
-1168
-1779
-2481
-2797
-2131
-856
-38
20
71
578
998
767
215
25
250
346
36
-311
-384
-500
-923
-1176
-852
-475
-581
-734
-410
49
170
138
263
404
356
143
-147
-395
-512
-518
-420
-99
362
593
524
538
803
1063
1176
1251
1304
1267
1175
990
545
-157
-963
-1615
-1269
1112
4991
7713
7123
4291
2198
2052
2525
2601
3112
4459
5018
3662
2127
2488
3702
3198
983
-512
-253
266
-45
-123
888
1507
-33
-2664
-3754
-2955
-2386
-3129
-3942
-3767
-3340
-3591
-4042
-3787
-3201
-3466
-4664
-5446
-4829
-3439
-2493
-2245
-2087
-1739
-1613
-1900
-1924
-1041
182
638
362
448
1339
2244
2392
1933
1379
876
439
343
634
709
52
-864
-1140
-697
-220
-96
-109
-64
-97
-216
-74
475
944
843
384
115
170
328
463
520
417
244
284
663
1158
1376
1149
694
398
384
454
429
280
-56
-673
-1469
-2169
-2462
-1694
841
4342
6221
4991
2523
1575
2110
2285
1994
2710
4267
4626
3326
2539
3525
4454
3296
1081
204
695
709
11
169
1219
987
-1363
-3683
-3942
-3006
-2845
-3563
-3920
-3688
-3733
-4187
-4149
-3334
-2738
-3153
-4016
-4243
-3502
-2349
-1584
-1481
-1567
-1377
-1169
-1222
-1023
-218
471
286
-278
-141
740
1377
1324
1110
1117
1023
682
558
766
633
-156
-834
-606
145
526
458
452
629
704
670
826
1164
1267
990
755
858
978
772
399
130
-48
-196
-232
-110
66
131
27
-107
-111
-105
-281
-464
-415
-382
-679
-1128
-1485
-1869
-2118
-1187
1614
4849
5873
4224
2371
2094
2304
1826
1783
3235
4624
4031
2524
2554
3873
3954
2072
234
-111
105
-280
-607
180
1119
269
-2040
-3349
-2799
-2141
-2591
-3308
-3394
-3174
-3186
-3323
-3147
-2575
-2246
-2791
-3734
-3956
-3216
-2310
-1914
-1902
-1766
-1409
-1263
-1379
-1035
-20
645
264
-321
-74
759
1321
1468
1598
1642
1227
666
731
1275
1297
605
153
437
836
818
649
644
614
376
232
525
1005
1059
580
107
11
47
-97
-314
-411
-468
-614
-727
-572
-142
240
289
126
52
91
93
88
122
39
-302
-849
-1440
-1922
-2096
-1541
263
2906
4611
4096
2502
1822
2009
1731
1260
2003
3575
3992
2952
2479
3587
4543
3550
1476
330
314
148
-315
79
1202
1114
-924
-2903
-2986
-2142
-2276
-3356
-4007
-3832
-3612
-3733
-3629
-2933
-2316
-2610
-3538
-3959
-3280
-2108
-1442
-1448
-1436
-1037
-747
-886
-804
33
906
834
204
245
1143
1907
2035
2012
2090
1801
1033
522
721
1031
732
158
130
556
612
208
50
266
269
-19
-8
451
762
503
53
-32
106
-31
-326
-331
-215
-434
-803
-817
-526
-378
-512
-645
-547
-394
-462
-590
-464
-271
-431
-921
-1347
-1592
-1890
-2215
-1720
463
3495
5092
4351
2958
2527
2461
1813
1506
2734
4459
4659
3480
3043
4084
4711
3341
1140
134
243
-8
-553
-15
1285
1115
-1134
-3177
-3239
-2470
-2655
-3514
-3770
-3364
-3191
-3424
-3311
-2568
-2063
-2593
-3616
-3886
-3012
-1768
-1029
-877
-790
-537
-462
-666
-511
365
1175
1093
601
736
1490
1984
1907
1735
1659
1327
752
526
763
714
-30
-754
-683
-183
-75
-391
-566
-459
-436
-547
-412
3
165
-177
-556
-506
-250
-224
-395
-463
-405
-452
-621
-637
-389
-192
-299
-430
-243
90
195
107
85
62
-211
-683
-1100
-1448
-1910
-2331
-1816
450
3650
5452
4660
2870
2182
2393
2263
2260
3625
5549
5868
4439
3531
4351
5175
4011
1654
388
501
392
-217
40
1033
607
-1889
-4190
-4394
-3455
-3269
-3933
-4246
-3870
-3637
-3915
-3914
-3098
-2288
-2499
-3382
-3684
-2867
-1548
-639
-381
-312
-123
-137
-498
-459
511
1559
1556
850
666
1209
1610
1476
1266
1184
808
108
-165
268
532
-94
-985
-1211
-929
-839
-982
-935
-714
-692
-845
-679
-55
438
307
-85
-155
12
44
28
137
123
-189
-516
-578
-437
-275
-203
-185
-76
118
169
66
61
69
-233
-764
-1181
-1507
-1998
-2558
-2451
-559
3243
6743
7136
4707
2656
2596
3014
2949
3871
6383
8057
6798
4349
3884
5154
4893
2117
-229
-77
677
7
-725
34
326
-2287
-6160
-7563
-5916
-4050
-3856
-4366
-4291
-4167
-4858
-5508
-4714
-2977
-2148
-2679
-3100
-2256
-666
419
468
13
-174
-71
-84
123
1276
2761
2887
1408
114
230
905
998
816
1107
1456
1006
56
-368
-326
-877
-2091
-2650
-1911
-958
-884
-1301
-1355
-1194
-1342
-1388
-598
610
1062
585
186
377
515
164
-146
-18
72
-303
-737
-693
-414
-453
-713
-614
-113
151
-80
-287
-217
-422
-1204
-1980
-2316
-2562
-2549
-516
4719
10456
11662
7336
2629
2151
4213
5246
6279
9689
12593
10249
4513
1988
3988
4938
1732
-1536
-839
1194
262
-2337
-2937
-2864
-6056
-11047
-12088
-7989
-3825
-3397
-5127
-6264
-6858
-7825
-8073
-5955
-2360
-123
-368
-1251
-723
897
1800
1206
232
450
1972
3412
3942
4215
4325
2764
-496
-2033
423
3611
3186
353
-859
-524
-1436
-2998
-2543
-957
-1315
-3317
-3853
-2247
-1077
-2041
-3586
-3322
-1449
-134
186
1040
2127
1309
-799
-880
1425
2820
1909
740
501
98
-921
-1421
-792
-86
-585
-1891
-2260
-1330
-999
-2169
-3122
-2880
-2934
-3980
-4465
-3376
-473
5462
13384
17009
11982
4008
2387
7269
11296
12332
14782
18169
15404
5895
-240
2822
6989
3675
-2251
-2034
1347
-871
-7386
-9956
-8557
-10459
-15668
-15824
-8803
-3203
-5298
-10572
-12172
-10476
-9141
-7417
-2790
2445
3622
915
-1017
264
2888
4466
4680
4527
4981
5934
6077
4610
2582
1125
-308
-1695
-924
2272
3661
-7
-5402
-7140
-5222
-3190
-2097
-1168
-1374
-3581
-5669
-5135
-2679
-925
-973
-1374
-334
1571
2171
1304
923
1339
1302
1609
3647
5268
3463
-408
-2693
-2583
-1575
-491
180
-478
-2558
-4777
-5620
-4761
-3523
-3500
-4462
-4815
-4396
-4558
-4640
-809
8955
19169
20244
10872
2514
5288
14061
17754
16978
19248
21607
14862
2932
-154
6839
9693
1957
-5282
-2979
884
-4216
-13293
-15296
-12257
-13838
-18213
-15274
-6354
-3984
-11510
-17946
-15218
-8090
-3755
-1679
1521
4216
2798
-762
-596
4419
8977
9041
6751
6128
7318
7297
4534
974
-624
-354
-564
-1587
-1129
593
-620
-6071
-10277
-8461
-3711
-1753
-2728
-3517
-4143
-5877
-6570
-3750
342
1767
707
308
1597
2725
2410
1804
2504
3908
4274
3777
3564
2518
-796
-4018
-3774
-1180
73
-956
-2890
-5026
-6879
-7353
-6119
-4262
-3361
-4210
-5772
-6347
-5730
-2639
6876
20658
25536
14192
681
2883
16010
22204
19601
20135
23527
17479
3524
-1072
8036
13278
3724
-6950
-4408
1866
-3901
-16063
-18737
-13590
-13806
-18322
-15198
-6031
-5020
-14693
-21271
-15871
-5645
-401
378
1879
3617
2152
-412
1330
7063
10923
10061
7488
6680
7350
6651
2948
-1478
-2573
-162
1534
146
-2540
-5380
-9128
-12006
-10403
-5133
-1331
-1596
-3928
-5941
-6720
-5407
-1832
1964
3554
2909
1904
1802
2253
2401
2476
3529
5283
5857
4605
2872
1183
-1043
-2547
-1375
845
449
-2664
-5349
-6264
-6560
-6613
-5599
-3951
-3505
-4823
-6258
-6220
-5085
-4246
-4225
-3003
3852
17177
27438
22433
6122
-1601
8653
22528
25211
22272
23072
20477
6715
-5436
-420
12100
10838
-2812
-8698
-2797
-2414
-14257
-22724
-17767
-11134
-13406
-15884
-9667
-4402
-11304
-21618
-19328
-5801
4163
4632
2537
2722
2212
-220
422
6687
12916
12845
8250
5172
5061
4390
1110
-2369
-2664
-180
949
-1588
-5411
-8135
-10299
-10813
-6739
-846
-288
-5093
-7927
-6320
-4229
-2602
585
3423
2885
898
841
2298
3116
2878
2836
4365
6505
6055
2715
347
296
-215
-1147
110
1423
-1447
-6212
-7381
-5288
-4108
-4684
-5092
-4904
-5100
-5867
-6130
-5063
-3572
-3447
-4230
-1576
8612
22462
27319
15891
233
282
16256
27756
24798
19454
19364
14352
1241
-3820
6668
14625
4946
-9146
-8883
-1313
-5500
-18913
-22595
-14065
-9409
-13525
-14043
-7703
-7494
-17218
-21509
-10603
3668
6803
1657
-799
1005
1791
1628
5071
11063
12969
8935
4669
4260
4728
2141
-1873
-2906
-301
1821
-321
-5542
-9613
-10766
-10164
-7904
-3865
-1356
-3378
-6679
-6297
-3436
-1946
-1059
1580
4076
3840
2502
2541
3199
2952
2772
4303
6689
6898
3728
117
-585
625
792
185
219
-708
-4134
-7183
-6756
-4507
-3743
-4545
-5079
-4893
-4798
-5230
-5227
-4027
-2637
-2420
-2654
-2202
-118
6796
19192
26885
18489
2562
550
15108
25708
21795
16096
17305
14944
3228
-3694
3708
11170
3461
-9255
-8956
-1041
-4448
-17975
-22482
-14010
-8267
-11684
-13050
-7893
-7018
-14634
-18216
-8926
3618
6492
1632
-699
1640
3214
2771
4512
8798
10612
7918
4710
3970
3520
721
-2924
-3802
-1292
836
-1338
-6226
-9009
-8792
-8433
-7649
-4078
-468
-1606
-5391
-5787
-2973
-1056
-108
2114
4145
3525
1735
1427
2446
3039
3041
3561
4909
5151
2803
-81
-519
659
591
-286
-372
-1020
-3781
-6252
-5851
-3946
-3135
-3560
-3971
-4160
-4357
-4574
-4209
-3179
-2379
-2449
-2519
-2142
-1032
4812
17845
27817
20182
1778
-2721
13157
26671
22410
14159
15452
15681
4330
-4978
1798
11660
5205
-9224
-10013
-225
-2000
-17149
-23810
-14276
-5948
-9440
-13018
-8490
-6363
-13632
-18123
-8914
4540
7284
1024
-1901
1369
3865
2938
3455
7308
9677
7606
4523
3566
2709
-503
-4077
-4014
-374
2025
-828
-7006
-11001
-10587
-7729
-4352
-1356
-975
-3691
-5506
-3569
-898
-484
-57
2298
4348
4014
2894
2138
1233
855
2338
4875
5945
4123
428
-1947
-1313
641
1213
664
41
-1673
-4370
-5636
-4676
-3711
-3563
-3060
-2414
-3047
-4319
-4626
-3896
-2554
-1315
-873
-1348
-1902
-2358
-1981
4364
18581
28614
20203
1426
-3552
11447
24931
21815
14221
14865
14720
3620
-6060
-249
9131
3282
-10035
-10185
-508
-2655
-17784
-23996
-13878
-4441
-6544
-9672
-5738
-4239
-11315
-15170
-5646
7530
9415
2478
-381
2779
4061
1633
1418
5036
6859
4175
830
-627
-2552
-6455
-9118
-6976
-2081
-309
-4123
-9557
-11347
-9112
-5746
-2291
1442
3265
1349
-1188
181
4476
7385
7886
7820
7441
5555
2997
1758
1797
1695
1242
931
628
-782
-3700
-6086
-5516
-2584
-584
-1043
-2376
-3406
-4576
-5235
-4137
-2113
-989
-893
-1001
-1355
-1871
-1845
-973
514
2133
2760
1579
-658
-1973
-1855
-1627
-1497
1168
10550
22894
23334
5935
-10106
-2927
18256
24757
13609
7369
10872
6933
-6297
-8302
4920
10381
-1644
-10749
-3156
3972
-6765
-20864
-16130
-162
4250
-3523
-6140
-2013
-4575
-12263
-9160
5283
12758
5251
-3861
-3358
642
-224
-2809
-1002
2755
2145
-2352
-5440
-6200
-7589
-9443
-8176
-3445
-88
-1845
-6779
-9889
-8282
-3543
691
2755
3363
3519
2987
2380
4121
7961
9678
7541
5371
5538
4922
1414
-1219
-448
762
35
-1271
-2289
-4222
-6108
-5271
-1831
1089
1159
-1046
-2679
-2129
-934
-770
-825
-256
-536
-1612
-1086
441
-261
-2586
-2549
348
2266
1372
-787
-2813
-3812
-3423
-2451
-2269
-2972
-3262
917
13175
24223
17186
-3633
-10380
8495
27110
21760
8095
7996
11931
3214
-7036
-108
12241
6685
-9298
-9974
3158
3334
-14105
-22162
-8759
4107
-446
-8624
-5696
-2115
-8882
-13611
-3275
10298
8994
-2378
-6139
-356
2585
-1113
-3098
769
3913
1126
-3245
-4375
-4713
-7246
-8809
-5390
40
642
-4604
-9600
-8993
-4229
-646
171
952
2617
2755
1040
1205
4596
7070
6372
6160
8418
8791
3966
-1355
-1476
1582
2697
1331
-214
-2061
-5007
-6547
-4118
-44
1232
-788
-2256
-1191
-108
-863
-1602
-507
772
10
-1759
-2326
-1802
-1323
-946
-252
388
259
-621
-1455
-1240
-431
-727
-2186
-3218
-3074
-3320
-4529
-4854
-1692
8305
21262
22202
5102
-10112
-1362
20602
25470
12261
6724
12926
10723
-2918
-6244
5633
9635
-3047
-10662
-587
6586
-7032
-23151
-17285
182
3604
-5811
-8119
-2567
-4601
-12330
-9042
4854
10594
2301
-4582
-628
4394
1184
-4139
-2606
2735
3573
-261
-3113
-4311
-6927
-9595
-7811
-2213
687
-2639
-8145
-9777
-6608
-2809
-1205
-290
1513
2900
2493
1750
2574
4027
4561
5599
8283
9810
7385
3134
1021
1234
1589
1567
1551
343
-2431
-4845
-4877
-2926
-1230
-962
-1214
-747
-271
-1028
-1846
-853
876
1265
613
93
-760
-2387
-2782
-684
1701
1808
-281
-2065
-2160
-1346
-826
-955
-1525
-2753
-4173
-5000
-4865
-4700
-4863
-4569
-2122
6755
20241
23689
7383
-9998
-2782
21385
29119
14502
5537
11409
11641
-1620
-6841
4719
10525
-2012
-11839
-2682
6145
-6320
-23710
-18810
195
5448
-4664
-8779
-3018
-3105
-9976
-7425
6038
12018
3195
-4869
-1192
4661
1731
-4343
-3269
2419
3277
-1437
-5212
-6309
-8098
-10357
-8549
-2920
-277
-4207
-9701
-10146
-5679
-1800
-775
11
2227
3562
2366
1194
2555
4483
4555
4744
7025
9274
8061
4097
732
204
2147
4339
4852
2878
-917
-4745
-5354
-2067
861
-37
-1948
-1312
-155
-1055
-2197
-1210
482
1279
1672
1922
1006
-1358
-3433
-2971
-96
1872
920
-1015
-1759
-2296
-3366
-3248
-1540
-581
-1430
-2589
-3328
-4322
-5296
-5281
-3858
-2499
-2528
-3519
-1205
9409
21988
20424
2806
-7521
6006
25615
23909
8662
5694
12895
9134
-3942
-4242
6947
6363
-7506
-10793
1605
4971
-11351
-23143
-12100
4081
3112
-6778
-6862
-1232
-3961
-9253
-3199
8616
9153
-920
-4880
1358
4894
-868
-6454
-3711
1680
1021
-3830
-6776
-7716
-9734
-11137
-7809
-2001
-822
-5705
-10046
-8282
-2920
-138
-309
765
3917
5339
3493
2231
3900
5462
4894
5000
7704
8802
4617
-737
135
6462
8643
2884
-2447
-935
1413
-638
-2425
-376
-267
-3587
-3591
238
897
-2764
-4205
-1214
2267
2633
563
-948
-145
945
568
740
1649
282
-2650
-2628
-110
166
-1862
-2728
-2391
-2726
-3163
-3229
-3072
-3076
-3347
-3842
-3650
-3012
-3773
-5187
-4310
-1697
-161
5886
19335
25742
11033
-7881
-2646
20887
28180
12450
3210
10977
13056
-1561
-9911
632
8182
-2561
-11706
-2079
7293
-5075
-22603
-17557
1960
7815
-2387
-7197
-1429
-524
-7066
-6478
4401
10090
2895
-4279
-1385
3120
-943
-8176
-8009
-1527
1422
-2393
-7418
-9574
-10097
-10587
-8769
-3776
-28
-1906
-6506
-7028
-2564
1093
800
740
4163
7611
6439
2936
2255
3844
3966
3340
5466
7968
5339
-632
-2522
651
2644
1275
908
2796
2407
-989
-2651
-878
670
104
357
2238
2291
-884
-3390
-1921
1191
1988
1028
935
1094
-155
-1622
-686
1362
1665
499
-292
-601
-1671
-3139
-3588
-2691
-1535
-1033
-1856
-3658
-4878
-4449
-2926
-1860
-1572
-1792
-2503
-3154
-2980
-2004
-1435
-1293
-506
3861
14163
23310
17928
409
-6412
8286
23897
19086
6157
5112
9385
3120
-6909
-4349
4035
865
-9192
-7460
3210
1746
-13542
-19530
-6618
6088
3569
-3817
-3020
-211
-3656
-5907
770
8200
5309
-2658
-3798
888
835
-5509
-9333
-6345
-2188
-2767
-6099
-8375
-9579
-10806
-10154
-5876
-1115
-740
-4187
-5841
-2945
980
2129
1920
3750
6736
7388
5401
3837
3819
3602
3158
4450
6678
5674
799
-2545
-496
2662
1479
-1278
41
3091
1954
-1378
-1179
703
-20
-516
2523
4494
1137
-2850
-2141
991
1880
781
448
1207
1072
-431
-923
493
1335
177
-224
1150
878
-2167
-3912
-2368
-783
-1241
-2138
-2389
-2979
-3622
-3152
-1975
-1458
-1700
-1695
-1241
-1145
-2072
-3045
-2833
-1519
-556
-500
-746
4
5902
16533
20215
8301
-5025
372
17580
20661
7830
1901
7782
7864
-2671
-6582
1106
3538
-5789
-10091
-678
5535
-4946
-17126
-11881
2076
4924
-2334
-4227
224
-328
-5165
-3499
4130
5827
-716
-4696
-1120
1566
-3061
-9093
-8695
-3680
-1661
-4447
-7458
-8117
-8364
-9063
-7523
-3014
9
-1688
-4424
-3053
1158
2676
834
875
4775
7852
6306
3204
2750
3337
2167
1493
3982
6064
3060
-1888
-1928
1682
2052
-598
236
4163
4173
286
-388
2574
3208
1513
2278
4439
3358
79
-1154
-78
589
204
-104
239
320
-750
-1763
-978
430
266
-189
707
1184
-434
-1845
-1304
-578
-907
-1169
-981
-1429
-2261
-2581
-2351
-2237
-2190
-2026
-1831
-1789
-2030
-2331
-2499
-2483
-2562
-2325
-1934
-1770
-1898
-1553
-964
391
6668
16747
18459
5308
-6122
1688
17595
17647
5208
1968
8434
6975
-3430
-5748
1519
2246
-6228
-7426
2655
6038
-6087
-16209
-8966
3891
4994
-1781
-2810
568
-1068
-5220
-3188
2566
2430
-3351
-5625
-2066
-569
-5504
-10906
-9917
-4574
-2016
-4062
-6666
-7170
-6964
-6844
-4937
-891
1556
4
-2008
-237
3425
3798
1198
1045
4696
7306
5877
3395
2703
2219
749
974
3843
5226
2270
-1130
-389
2203
1889
-318
107
3235
5135
4299
2681
1649
1063
1109
2377
3967
3478
386
-2149
-1547
-60
-852
-2396
-1707
-18
89
-725
-866
-836
-990
-280
1280
2037
1062
-744
-1734
-1190
-329
-501
-1218
-1334
-1164
-1513
-1954
-2137
-2390
-2464
-1755
-837
-909
-2058
-3083
-3062
-2206
-1288
-1035
-1570
-2191
-2359
-2045
-1699
-1428
-1116
-247
4598
13727
17622
7680
-5027
-2064
12488
16384
6371
1505
6824
7440
-1739
-6064
-280
2330
-4256
-6832
1654
7191
-1743
-13370
-10533
895
4609
-264
-1937
1064
191
-4481
-4634
248
1682
-2245
-4575
-1468
877
-3118
-9363
-10470
-5765
-1706
-2111
-4390
-5227
-5326
-5983
-5411
-2056
1347
1074
-841
208
3647
4272
973
-604
2672
6562
6396
3930
2721
2051
236
-578
1843
4253
2740
-663
-999
1445
1999
-247
-1530
146
2377
3185
3108
2588
1154
15
1396
3953
4068
1499
-102
708
1494
639
-475
-652
-401
197
1041
1271
185
-1080
-779
769
1782
1150
-301
-1107
-991
-957
-1302
-1826
-2414
-2754
-2529
-1876
-2013
-3028
-3563
-2899
-1830
-1218
-1260
-1714
-2078
-1691
-765
-613
-1320
-1937
-1876
-1361
-996
-1134
-1776
-2443
-2515
-2346
-2311
-2123
514
7779
14673
11220
-488
-3937
6877
15357
9120
1917
6700
12411
5941
-2898
-866
4105
-82
-5927
-634
8283
5307
-7071
-11477
-3966
1860
-1364
-4926
-1626
1631
-1644
-5768
-3888
-847
-3002
-6320
-3966
1389
1437
-4465
-8968
-7387
-3540
-2736
-4065
-3674
-1990
-2376
-4117
-3798
-1675
-1284
-2675
-1802
2230
4885
2907
-487
-637
1882
3283
2903
3175
4196
3792
2078
1689
2881
2845
1004
315
2363
4338
3500
1134
88
495
691
691
1409
2271
1855
775
872
1934
1702
-212
-1132
288
1885
1517
304
-123
-259
-561
-218
669
582
-339
-375
585
809
-164
-1008
-1181
-1124
-1057
-870
-981
-1679
-2437
-2648
-2367
-2214
-2403
-2627
-2408
-1773
-1256
-1248
-1570
-1626
-1208
-636
-343
-257
-112
-43
-195
-311
-99
44
-181
-309
112
593
504
105
-111
-241
-691
-830
743
3990
6071
4479
1496
1773
4984
5625
2292
670
4015
7027
4791
1114
1463
3462
1914
-1206
-578
2595
2549
-826
-2152
-83
810
-1825
-4340
-3614
-1768
-2170
-3937
-4086
-2629
-2140
-3382
-4322
-3870
-3340
-3813
-4161
-3170
-1854
-1779
-2530
-2418
-1453
-1156
-1914
-2384
-1743
-860
-531
-422
-30
259
111
-17
291
649
595
488
790
1346
1668
1728
1772
1859
1937
2080
2347
2547
2485
2256
2223
2510
2796
2659
2172
1889
1990
2042
1774
1564
1642
1618
1247
948
966
821
230
-250
-96
307
353
106
-49
-131
-352
-643
-881
-1101
-1264
-1185
-961
-980
-1323
-1685
-1875
-2014
-2129
-2089
-1958
-1956
-2046
-1956
-1690
-1559
-1637
-1627
-1368
-1088
-925
-725
-439
-245
-172
-49
157
301
349
432
541
531
421
450
652
775
684
475
287
153
66
-59
-236
-330
-134
549
1697
2753
2906
2192
1547
1586
2131
2934
3684
3725
2975
2490
2938
3428
3018
2250
2017
2067
1756
1269
927
400
-428
-916
-803
-936
-1917
-3096
-3564
-3305
-2853
-2576
-2744
-3451
-4250
-4502
-4195
-3852
-3735
-3718
-3637
-3356
-2828
-2414
-2569
-3091
-3224
-2689
-2000
-1573
-1245
-761
-199
269
626
771
566
252
377
1123
1999
2447
2434
2295
2270
2382
2511
2488
2270
2057
2087
2372
2664
2668
2362
2095
2168
2402
2371
1987
1595
1543
1807
2037
1953
1609
1205
871
647
522
380
157
-57
-164
-166
-198
-499
-1136
-1666
-1593
-1173
-1064
-1313
-1442
-1307
-1192
-1207
-1235
-1298
-1488
-1615
-1407
-1005
-881
-1110
-1239
-1061
-955
-1198
-1483
-1519
-1440
-1346
-1081
-712
-583
-728
-764
-503
-202
-91
-56
102
344
529
591
532
407
334
365
406
319
99
-133
-282
-334
-189
392
1397
2281
2483
2116
1758
1712
1909
2297
2800
3069
2921
2737
2876
3054
2773
2123
1603
1408
1309
1062
621
100
-313
-550
-777
-1233
-1923
-2597
-2985
-2978
-2670
-2395
-2534
-3112
-3680
-3816
-3631
-3505
-3508
-3375
-3028
-2661
-2409
-2259
-2234
-2359
-2449
-2243
-1743
-1260
-994
-763
-276
407
905
971
780
681
851
1243
1736
2176
2432
2541
2662
2849
2905
2638
2208
2019
2184
2418
2488
2465
2453
2406
2288
2155
2013
1788
1493
1298
1341
1470
1377
1007
663
557
519
296
-80
-373
-501
-563
-623
-691
-845
-1128
-1375
-1413
-1371
-1458
-1560
-1430
-1187
-1129
-1273
-1446
-1611
-1766
-1768
-1562
-1350
-1322
-1378
-1307
-1121
-1050
-1161
-1248
-1149
-958
-831
-729
-572
-410
-296
-156
14
97
74
81
215
420
581
620
594
606
651
647
589
559
552
511
444
372
267
116
-24
-88
-72
-1
220
710
1312
1660
1651
1533
1452
1389
1453
1737
2024
2105
2108
2177
2183
2001
1692
1330
952
658
475
260
-60
-328
-443
-590
-967
-1460
-1827
-2053
-2226
-2261
-2088
-1917
-1967
-2120
-2142
-2102
-2188
-2335
-2308
-2067
-1789
-1581
-1426
-1311
-1283
-1320
-1313
-1224
-1105
-966
-726
-358
47
325
427
476
579
703
825
1013
1271
1483
1636
1839
2078
2185
2056
1819
1685
1677
1644
1520
1417
1432
1476
1441
1319
1131
872
580
367
308
347
341
255
191
164
21
-272
-514
-564
-545
-577
-575
-488
-438
-490
-543
-571
-666
-814
-848
-721
-587
-566
-598
-591
-579
-615
-671
-697
-696
-662
-576
-460
-402
-427
-473
-458
-390
-341
-338
-325
-233
-83
42
94
111
127
128
123
146
164
123
89
150
235
205
78
-27
-93
-157
-200
-199
-243
-372
-490
-493
-420
-368
-346
-259
26
502
940
1115
1109
1158
1321
1491
1629
1762
1834
1816
1827
1920
1942
1758
1440
1184
1059
982
825
563
301
136
26
-171
-481
-802
-1059
-1250
-1360
-1363
-1376
-1534
-1738
-1794
-1747
-1829
-2030
-2111
-2025
-1962
-1962
-1890
-1759
-1701
-1661
-1495
-1289
-1223
-1244
-1147
-884
-598
-397
-256
-98
87
256
378
472
581
746
953
1151
1285
1335
1339
1351
1402
1460
1453
1380
1319
1313
1329
1297
1211
1133
1101
1095
1063
987
864
715
607
611
669
622
440
287
263
246
127
-1
-32
-17
-29
-41
-47
-130
-288
-381
-337
-283
-348
-467
-508
-483
-491
-545
-596
-622
-630
-628
-634
-668
-724
-756
-750
-736
-748
-783
-826
-854
-841
-779
-705
-644
-597
-547
-491
-428
-357
-289
-229
-163
-63
44
84
40
-3
33
94
89
51
82
158
189
195
280
412
518
676
965
1237
1293
1231
1279
1426
1528
1582
1664
1715
1675
1618
1595
1510
1312
1096
936
779
593
416
240
45
-136
-291
-506
-821
-1112
-1272
-1366
-1478
-1578
-1644
-1733
-1855
-1930
-1948
-2014
-2128
-2157
-2038
-1898
-1856
-1853
-1769
-1606
-1433
-1289
-1146
-978
-798
-598
-364
-116
94
255
444
676
857
936
998
1113
1224
1300
1400
1526
1558
1486
1460
1525
1549
1471
1407
1434
1457
1389
1280
1182
1077
951
843
744
627
498
401
333
265
178
53
-93
-194
-206
-202
-247
-315
-348
-349
-378
-427
-458
-470
-488
-504
-501
-494
-509
-553
-604
-643
-667
-691
-689
-648
-621
-638
-653
-615
-565
-576
-593
-528
-436
-423
-448
-398
-305
-273
-269
-193
-82
-50
-66
-22
77
112
74
59
83
82
58
78
150
212
244
291
361
416
451
501
571
663
800
994
1173
1224
1158
1102
1099
1108
1109
1106
1067
965
858
782
668
480
295
172
58
-91
-227
-337
-461
-596
-692
-780
-929
-1132
-1279
-1328
-1350
-1387
-1418
-1419
-1420
-1443
-1474
-1484
-1464
-1406
-1312
-1202
-1115
-1046
-950
-804
-666
-590
-547
-446
-265
-77
69
200
329
434
527
651
787
859
893
976
1113
1206
1212
1197
1203
1223
1233
1226
1189
1129
1067
1008
941
871
801
718
623
532
438
314
185
110
77
7
-108
-183
-188
-204
-277
-353
-367
-352
-337
-327
-316
-328
-355
-353
-311
-283
-304
-328
-313
-277
-264
-276
-291
-291
-278
-270
-282
-291
-262
-200
-152
-131
-126
-138
-163
-162
-115
-56
-39
-41
12
102
149
142
132
152
172
182
219
271
287
257
234
238
213
148
99
100
114
104
87
79
64
43
39
46
48
50
73
112
121
81
25
-14
-27
-21
-31
-78
-135
-178
-201
-225
-257
-281
-304
-335
-376
-405
-422
-429
-427
-420
-424
-451
-486
-508
-527
-546
-543
-503
-451
-415
-400
-392
-369
-332
-267
-189
-112
-63
-43
-16
45
129
193
235
288
360
410
415
417
460
513
540
561
605
651
644
609
606
630
635
624
619
618
588
536
501
479
443
393
350
300
232
172
133
85
13
-47
-75
-101
-161
-226
-261
-268
-276
-286
-296
-312
-333
-332
-294
-261
-248
-234
-198
-143
-105
-86
-72
-60
-33
10
42
40
19
16
22
7
-30
-57
-73
-92
-116
-130
-138
-157
-176
-172
-155
-156
-167
-157
-123
-96
-95
-96
-76
-41
-17
-21
-41
-52
-41
-14
2
-7
-32
-53
-55
-39
-28
-40
-59
-55
-32
-22
-30
-37
-24
-10
0
15
19
9
-8
-17
-17
-26
-37
-33
-28
-49
-95
-136
-151
-153
-154
-164
-179
-185
-173
-150
-148
-168
-171
-133
-82
-48
-17
18
59
96
141
180
192
184
193
235
273
278
275
286
297
285
255
231
215
212
223
238
246
238
226
220
216
206
191
178
178
188
191
172
149
133
119
85
34
2
-11
-21
-44
-62
-65
-78
-120
-161
-180
-194
-216
-235
-221
-195
-197
-225
-240
-223
-210
-217
-221
-202
-174
-156
-153
-141
-115
-93
-81
-67
-49
-43
-52
-46
-18
14
22
15
23
42
51
43
42
57
74
86
96
105
113
116
118
127
135
135
129
122
114
102
87
72
57
40
19
-6
-30
-52
-67
-84
-97
-106
-112
-121
-132
-146
-151
-151
-149
-150
-149
-144
-142
-137
-131
-117
-105
-101
-94
-82
-65
-55
-46
-25
-7
6
15
20
32
41
49
62
69
74
71
74
77
80
82
87
97
108
112
110
118
129
139
145
147
152
162
168
160
152
147
142
130
105
86
76
62
36
9
-1
-6
-26
-49
-58
-57
-59
-73
-77
-66
-56
-60
-64
-55
-41
-35
-39
-35
-24
-18
-25
-36
-37
-41
-52
-68
-81
-85
-95
-110
-124
-125
-124
-129
-135
-127
-117
-111
-103
-92
-74
-56
-45
-31
-18
-3
9
23
38
50
64
75
87
97
104
108
116
124
126
124
126
126
119
112
101
95
87
74
65
58
49
39
30
19
11
5
-4
-11
-16
-20
-26
-34
-41
-44
-45
-53
-57
-57
-55
-56
-56
-53
-45
-37
-34
-27
-21
-16
-13
-13
-11
-12
-15
-20
-25
-28
-33
-38
-44
-49
-54
-57
-58
-59
-61
-63
-63
-65
-67
-69
-67
-67
-69
-69
-67
-62
-61
-55
-49
-43
-31
-20
-8
3
19
32
50
63
79
93
102
113
119
124
126
130
129
126
123
116
108
104
98
91
81
75
67
62
60
57
54
52
54
53
53
56
58
56
60
61
60
60
55
50
41
31
20
6
-10
-25
-43
-61
-77
-95
-110
-127
-140
-153
-163
-173
-181
-186
-189
-191
-191
-191
-187
-181
-176
-166
-158
-150
-139
-128
-116
-102
-86
-74
-58
-44
-30
-12
5
22
38
56
72
88
103
116
129
141
151
162
170
176
182
184
185
186
187
184
181
176
170
163
156
149
139
130
121
111
98
87
78
66
54
41
30
17
4
-6
-18
-30
-44
-56
-67
-80
-88
-103
-116
-127
-141
-153
-163
-171
-184
-194
-204
-212
-216
-219
-222
-221
-215
-209
-199
-186
-169
-150
-126
-103
-77
-51
-22
7
28
52
75
98
120
135
149
159
166
172
175
179
179
180
177
173
168
165
162
158
155
150
145
141
137
131
129
125
118
111
102
94
82
69
52
34
13
-10
-36
-64
-93
-123
-152
-178
-202
-221
-240
-255
-267
-273
-276
-274
-267
-257
-243
-228
-211
-190
-168
-145
-121
-97
-74
-53
-30
-10
11
30
47
62
77
88
102
110
121
129
138
145
152
162
167
173
180
186
190
197
199
202
205
204
202
198
191
182
174
162
148
131
109
91
70
50
24
-1
-24
-46
-67
-84
-102
-116
-125
-136
-144
-149
-149
-149
-147
-144
-142
-136
-135
-130
-127
-121
-118
-117
-117
-117
-114
-114
-116
-116
-118
-117
-116
-114
-110
-106
-101
-90
-80
-67
-50
-35
-19
-4
13
31
51
65
78
92
101
112
123
133
134
136
137
134
135
134
127
124
118
112
105
98
94
90
85
83
80
76
70
63
58
51
44
36
28
16
6
-4
-18
-29
-41
-51
-58
-66
-74
-79
-83
-89
-93
-95
-95
-93
-95
-94
-92
-89
-86
-80
-75
-71
-66
-60
-51
-46
-39
-33
-27
-18
-13
-5
2
11
19
24
31
36
40
47
51
52
52
52
54
55
55
54
52
51
51
53
50
48
46
44
43
40
37
32
30
23
19
14
6
3
-1
-6
-8
-11
-14
-16
-16
-18
-20
-20
-24
-24
-26
-27
-30
-29
-29
-33
-32
-34
-34
-33
-34
-33
-33
-35
-34
-33
-29
-31
-32
-34
-32
-33
-33
-31
-29
-30
-30
-26
-26
-23
-18
-13
-11
-10
-7
-4
-3
2
6
8
12
13
18
22
25
27
27
33
30
30
31
39
41
40
40
43
47
50
51
49
50
51
49
49
46
43
44
37
31
27
22
22
20
14
10
6
4
1
-5
-7
-9
-12
-19
-21
-22
-24
-25
-29
-26
-28
-24
-28
-31
-31
-33
-32
-31
-32
-33
-35
-36
-34
-34
-32
-32
-31
-31
-28
-26
-25
-21
-17
-17
-12
-10
-6
-4
-2
-1
2
6
4
6
8
9
9
9
8
9
9
9
9
8
6
5
7
6
6
4
5
6
6
6
6
6
7
7
5
6
4
6
7
8
10
10
10
7
9
10
9
7
6
5
2
0
0
-1
-2
-2
-1
0
0
1
0
-1
-2
-4
-3
-1
-3
-4
-4
-3
-2
-3
0
3
0
0
0
1
1
1
2
-1
-2
-3
-2
-2
-2
-1
1
1
-1
1
-1
-3
-5
-5
-2
-3
-2
-1
-1
0
1
5
4
3
4
3
4
4
1
1
0
0
-2
-6
-8
-9
-6
-6
-5
-3
-2
-3
-4
-6
-5
-5
-4
-9
-9
-10
