SAMPLES:	7636
BITSPERSAMPLE:	16
CHANNELS:	1
SAMPLERATE:	16000
NORMALIZED:	FALSE
-2
-2
-3
0
2
-4
-5
0
-1
-1
-1
0
-3
-2
-1
-1
-1
1
2
-1
2
2
0
-2
0
1
0
-1
-2
3
1
4
5
1
-1
0
4
4
2
-1
-2
1
0
3
-1
0
4
0
-2
-2
1
1
-2
-4
2
-1
-2
-2
1
4
1
-4
-1
-2
-3
-2
-3
-3
-1
2
-1
-1
-3
-3
-3
0
4
2
3
3
3
5
2
1
2
-1
0
0
-1
1
2
1
1
-2
0
-2
-2
0
-1
0
0
-2
-2
0
0
0
0
0
1
1
1
2
1
0
0
1
-1
0
5
1
-1
-3
-3
-2
0
-2
-1
1
2
3
-1
-1
0
2
1
2
1
1
0
-5
-1
-3
-5
-2
-2
2
3
3
5
0
-1
-2
-3
2
-3
-3
-5
-2
1
-3
1
-2
-1
-2
-1
-3
0
-1
-3
-3
2
1
-3
-2
3
4
2
3
1
1
3
1
2
4
3
4
1
1
3
2
0
5
3
2
4
3
1
0
0
0
4
1
2
0
-3
0
0
-1
-3
-2
-2
0
-2
1
0
1
1
-2
0
-3
-4
-5
-3
1
-4
-1
2
1
2
1
0
-1
-1
-1
-3
-4
-2
-4
-4
-1
-1
-4
-4
-1
0
-1
3
-1
0
0
-3
-2
0
1
1
2
3
0
1
2
-3
-1
0
2
3
2
3
4
2
5
4
-3
-2
-3
1
3
2
2
1
0
1
3
4
3
2
0
2
1
-3
0
0
1
-2
-1
-2
0
0
1
2
1
0
-4
-3
-6
-2
4
2
3
2
-3
2
0
1
-1
0
3
1
-1
3
-1
0
-3
2
0
-2
1
0
-1
-2
1
-7
-4
-4
-3
-3
-2
-3
-4
-2
1
0
-3
-1
0
1
2
4
3
1
1
-1
0
1
-2
-4
1
0
-1
1
0
0
0
4
2
4
3
1
4
1
-1
-1
3
0
-1
-2
0
2
5
0
-1
1
2
6
2
1
4
1
-1
-2
-1
1
1
1
2
1
2
3
1
2
2
0
2
0
1
0
-2
-3
-1
-1
1
0
0
-1
-3
-4
-6
-4
-4
-4
-4
-2
-4
0
-1
-3
1
0
-5
-4
-4
-2
4
-2
1
1
1
2
1
2
2
3
0
0
-3
0
0
3
5
4
2
5
5
-1
0
-3
-2
0
1
2
2
3
0
1
0
2
4
-2
1
-3
-3
-3
-1
3
-1
-4
-3
2
0
-2
-2
2
-1
-6
-3
0
-1
-4
-1
-1
1
1
1
1
2
4
3
3
3
3
3
0
-1
1
1
2
2
5
2
4
3
0
-1
1
-3
-3
-1
-4
-4
-3
-1
0
-1
0
-1
-2
-1
0
0
4
1
0
3
4
3
1
0
0
-1
-2
0
0
-2
-4
-5
-2
0
1
2
2
2
-1
-2
-3
-3
-3
-4
-3
-3
-2
-2
-5
0
-3
-5
-2
0
3
2
1
1
-1
0
-2
2
8
9
7
6
4
4
2
3
2
0
1
0
-1
0
0
-4
-1
-2
0
-2
-4
-3
-4
-3
-1
0
-3
-3
-2
0
0
-1
0
2
2
0
1
0
2
1
0
2
1
4
5
-2
-2
1
3
3
0
0
-1
-2
1
-3
-2
-1
0
2
2
4
3
2
0
-3
-5
-2
-1
-1
0
2
4
0
-1
-1
-2
-1
-3
-5
-2
-1
-3
-4
-3
-1
-3
-1
4
4
-1
-4
-3
-7
-10
-6
3
2
-1
-3
1
7
6
2
16
12
6
11
5
5
3
17
32
4
3
27
34
57
57
33
28
20
-2
-8
-22
-5
-13
-41
-21
-4
-35
22
26
3
14
-26
-23
-53
-25
-37
-45
-2
-8
-42
-32
-3
-25
-33
-55
-27
-15
2
21
28
5
-35
-25
-25
-36
13
-4
10
-4
1
28
60
23
8
43
12
36
-33
-33
10
-39
-70
-56
-70
-25
-44
-34
-9
-68
-69
-32
44
92
93
41
-5
-60
30
-7
-35
-7
0
-7
40
78
-39
63
2
157
-95
232
-189
5648
5520
-2345
-1012
495
-1366
-1112
306
-1203
-1894
-283
80
-742
-733
-645
-626
-559
-223
-417
-496
-240
-51
-65
-338
78
403
47
101
336
376
207
121
408
310
361
401
322
179
264
369
174
-21
166
256
-87
-299
-98
-90
-441
-233
-23
-36
-149
-85
-124
-258
29
146
-26
52
69
36
-99
-124
112
141
-70
28
364
73
-44
28
94
5
15
213
287
192
231
267
207
368
332
222
191
340
251
-55
-21
228
82
-117
34
-75
-3
67
139
195
-10
-39
10
-50
-75
-92
-36
-98
-175
-2
43
-68
-56
6
-17
-60
-21
20
-28
31
34
-56
-77
-57
75
56
95
101
-5
-4
-16
-2
26
84
-92
-347
-476
-503
-589
-412
-175
171
673
872
1002
885
547
-51
-619
-1021
-1393
-1658
-1591
-1380
-1338
-1145
-878
-801
-720
-501
-327
-346
-348
-158
-163
-226
-46
18
65
51
208
401
456
440
467
512
497
498
452
337
122
-31
-204
-321
-347
-255
-276
-353
-482
-609
-747
-944
-1082
-1130
-1068
-1126
-1230
-746
-290
-386
-370
-336
-238
-110
78
153
34
89
-1
-110
-14
50
281
612
1059
1532
2268
3149
3523
3484
3215
2826
2587
2521
2435
2115
1867
1830
1979
2044
1747
1432
1176
965
679
420
118
-189
-339
-310
-252
-332
-404
-452
-757
-919
-922
-1118
-1308
-1489
-1508
-1600
-1530
-1392
-1494
-1391
-1211
-1218
-1347
-1345
-1116
-1079
-1268
-1382
-1490
-1474
-1318
-1337
-1465
-1449
-1364
-1135
-1101
-1012
-849
-808
-773
-862
-967
-1188
-1177
-1046
-1169
-1317
-1444
-1633
-1795
-1857
-1691
-1596
-1478
-1277
-1111
-862
-784
-671
-449
-354
-250
85
294
248
263
240
431
714
722
737
858
1031
1226
1595
1809
1916
2038
2122
2258
2346
2273
2239
2402
2340
2248
2190
2097
1971
1709
1562
1513
1546
1575
1607
1660
1540
1448
1351
1174
1041
1050
1056
1030
986
866
731
531
411
306
167
113
87
195
306
264
195
126
-9
-93
-120
-269
-505
-891
-1224
-1478
-1728
-1908
-2047
-2130
-2134
-1998
-2013
-2146
-2150
-2175
-2256
-2236
-2107
-2037
-2023
-1904
-1748
-1673
-1547
-1355
-1228
-1130
-941
-719
-593
-471
-406
-394
-275
-29
193
180
192
237
158
139
242
384
424
452
512
538
553
598
731
883
1007
1099
1114
1061
936
907
852
712
667
572
550
670
801
941
1005
1063
1129
1073
1028
1023
896
691
457
234
154
82
-12
-26
-100
-188
-201
-251
-287
-277
-342
-434
-459
-482
-543
-638
-718
-719
-688
-703
-722
-663
-534
-301
11
349
669
939
1225
1526
1687
1613
1441
1341
1249
1135
1066
967
830
762
754
716
560
322
65
-256
-570
-827
-998
-1064
-1145
-1221
-1242
-1210
-1163
-1096
-898
-666
-425
-21
404
607
684
724
719
735
753
787
810
746
695
753
681
414
121
-241
-702
-1016
-1032
-1057
-1448
-2107
-2614
-2813
-2937
-3049
-3136
-3429
-3811
-3769
-3330
-2875
-2320
-1519
-710
-6
886
2016
2982
3500
3559
3112
2287
1627
1380
1255
1128
1157
1299
1442
1620
1943
2377
2697
2939
3184
3303
3299
3227
3122
3012
2806
2544
2422
2333
2110
1868
1686
1359
878
488
141
-354
-854
-1166
-1409
-1704
-1981
-2176
-2431
-2759
-2884
-2822
-2811
-2771
-2556
-2346
-2254
-2096
-1860
-1733
-1739
-1775
-1800
-1839
-1803
-1645
-1498
-1282
-872
-485
-202
166
463
549
639
738
689
556
488
370
58
-240
-374
-461
-544
-468
-287
-209
-189
-112
-36
-79
-128
-84
-87
-202
-281
-192
-157
-206
-96
109
200
260
513
767
812
833
979
1098
1095
1218
1465
1538
1465
1518
1564
1399
1265
1234
1091
820
688
664
496
352
377
392
276
282
442
452
430
555
651
539
470
536
486
441
523
612
552
509
556
476
334
255
164
28
9
20
-140
-247
-227
-320
-487
-530
-589
-863
-1047
-1033
-1180
-1342
-1243
-1105
-1169
-1132
-828
-747
-866
-848
-865
-1083
-1271
-1256
-1331
-1496
-1531
-1497
-1502
-1402
-1094
-872
-764
-587
-360
-296
-316
-236
-206
-232
-179
23
144
210
356
468
520
531
723
783
714
684
690
745
634
708
727
724
759
779
964
939
1034
1059
1039
1048
943
971
739
613
476
372
358
212
268
173
217
230
276
428
397
446
389
532
572
599
719
691
603
438
387
137
-180
-371
-569
-835
-981
-923
-988
-1103
-1071
-1010
-1110
-1137
-1025
-1043
-1166
-1211
-1267
-1479
-1598
-1569
-1610
-1746
-1713
-1643
-1689
-1664
-1506
-1365
-1392
-1227
-986
-805
-631
-325
18
122
335
609
857
944
1165
1471
1543
1557
1642
1810
1722
1721
1795
1748
1571
1491
1520
1304
1193
1164
1112
862
790
846
660
514
462
500
313
333
486
446
405
486
646
495
503
654
672
560
651
910
849
794
867
966
803
699
781
695
564
519
588
444
328
438
426
238
74
83
-118
-484
-742
-1062
-1508
-2029
-2393
-2815
-3245
-3489
-3674
-3770
-3781
-3574
-3371
-3178
-2846
-2477
-2136
-1901
-1634
-1479
-1448
-1451
-1498
-1556
-1606
-1582
-1585
-1606
-1481
-1234
-1032
-823
-531
-187
19
192
408
511
548
587
733
801
820
964
1094
1134
1137
1179
1281
1352
1503
1643
1664
1853
2011
2170
2178
2200
2290
2087
1977
1747
1524
1150
673
361
-1
-366
-712
-976
-1297
-1522
-1739
-1925
-1913
688
6128
10637
12444
13995
18628
22103
21613
20040
19033
16504
9908
3588
-907
-5286
-10172
-14996
-18181
-20310
-19960
-18318
-16977
-14981
-11970
-8971
-7991
-6603
-4158
-3054
-3964
-5107
-5021
-5519
-5922
-5071
-3685
-2578
-1319
1030
3164
5001
6933
8153
7663
6164
5137
3657
1108
-1454
-2357
-2921
-4359
-5079
-4062
-2548
-2638
-2524
-1569
-1123
-1523
-1946
-1623
-2064
-2369
-2120
-1958
-1387
2
1963
2719
3457
5072
5921
5440
4733
4633
3441
1411
22
-886
-1985
-2942
-2858
-2653
-2157
-941
370
1156
1702
2713
2807
2213
2021
1846
931
-423
-752
-1007
-1705
-1899
-1647
-1646
-1713
-1200
-589
-521
-353
2
410
5145
12707
17072
16774
18132
25487
28159
25156
22864
22686
19344
9342
2893
-1004
-5823
-11876
-18061
-21239
-23766
-22615
-21069
-20582
-18126
-14631
-11666
-11537
-8904
-4847
-3752
-4728
-5219
-3937
-4435
-4051
-1969
-855
-558
505
3593
4935
5571
7505
8358
6771
3964
2923
1393
-1826
-5036
-7641
-9657
-11935
-12441
-11661
-10338
-8602
-6623
-3277
-404
3377
7823
11151
12252
11471
12210
11193
7881
4892
2634
-511
-5358
-6739
-6218
-6745
-6602
-4555
-2092
-1144
1715
5204
6160
6190
7104
6893
3763
2119
1766
-901
-4615
-5594
-4879
-6143
-6289
-3899
-2075
-1780
-146
2887
3885
4195
5350
5580
3758
2369
2052
257
-2399
-3449
-4153
-5782
-6587
-3834
3411
10462
15142
17001
21266
29256
32498
30915
27563
26415
21703
11020
3134
-2137
-6910
-14921
-22146
-25092
-26070
-24100
-22557
-20606
-17545
-13618
-10236
-9159
-6281
-3004
-2250
-4090
-5411
-4819
-5055
-4503
-3097
-2084
-1677
238
4231
6230
7336
9117
10304
8513
5004
3826
2218
-1708
-6584
-9998
-11943
-14216
-15060
-14305
-12442
-10533
-8199
-4840
-311
4970
8257
9824
10438
11608
11376
9095
7529
5786
3291
-529
-2673
-2810
-3301
-3658
-3879
-3210
-2177
-468
1262
2097
3152
4079
3975
2911
2872
3216
1595
-967
-2409
-2770
-3766
-4543
-4215
-3933
-3822
-3042
-1309
60
1532
3132
3707
3622
3826
4257
3272
1736
753
-552
-2731
-4464
-4766
-1195
5884
11539
13603
15137
23502
31322
31923
29921
29076
28638
20156
10551
4713
-859
-7878
-17852
-24175
-27607
-27735
-26173
-26091
-23772
-19650
-14782
-12282
-9460
-4153
-1215
-1529
-2992
-2642
-2505
-2918
-2154
-2184
-2799
-2340
994
3853
4743
6832
9219
9765
7317
5855
5843
3733
-315
-5159
-7973
-10105
-11938
-12807
-13050
-11563
-10401
-8617
-5703
-1845
1647
2607
3603
4554
5220
4937
4018
3471
2120
1174
280
-147
418
1329
1645
941
1770
3394
3691
2845
2704
3122
1824
367
62
85
-840
-2149
-2631
-3059
-2932
-2592
-2420
-2493
-2047
-876
-647
-288
665
1520
1141
561
967
1087
267
-621
-1056
-173
5462
12772
16806
17104
20934
29481
32564
31051
29075
29306
25391
15123
7504
1665
-3558
-11969
-20887
-25867
-28096
-26996
-27398
-26975
-23477
-18863
-15354
-13640
-9003
-4169
-2375
-2892
-2986
-1850
-1648
-884
-355
-486
-384
1543
4583
5658
6949
9082
10412
9047
6417
5770
4525
1185
-3696
-7637
-9713
-12048
-14029
-14828
-13565
-11905
-10682
-8105
-4125
-210
1791
3358
4954
5756
5865
5287
4541
3143
2017
1050
-179
-210
677
1111
428
855
2775
3384
2749
2683
3336
2482
796
351
276
-555
-1815
-2325
-2814
-3267
-3069
-2862
-3010
-2765
-1677
-1139
-1094
-316
794
1063
441
555
983
409
-254
-542
3144
9244
14070
16362
18172
25752
31560
32396
30795
30055
29668
21717
13352
6930
1414
-5782
-16034
-22488
-26774
-27684
-28067
-28952
-27026
-23567
-18929
-16298
-12697
-7431
-3889
-2823
-3090
-1720
-814
-231
178
-153
-170
723
3663
5392
6264
8258
10102
10172
7975
7268
7007
4257
-734
-5510
-7959
-10488
-13280
-15325
-15465
-14568
-13799
-11311
-7492
-3016
-74
2029
4404
6154
7674
7412
6474
4947
3414
2089
78
-425
-291
-420
-1313
-1084
1076
2173
2254
2357
3132
2844
1746
1440
1038
-22
-1636
-2537
-3154
-3577
-3242
-3269
-3846
-3991
-3015
-1950
-1671
-866
270
534
91
413
1356
1138
292
191
4180
9955
14513
16901
19418
26636
31181
32117
30959
30794
29856
21700
14176
7890
2598
-5215
-15040
-20760
-25141
-26524
-27824
-28255
-26330
-23455
-19427
-16951
-13137
-8491
-5198
-4065
-4004
-2611
-1631
-703
-411
-465
-30
1405
4143
5489
6937
9255
10952
10464
8454
8206
7397
3959
-1200
-5359
-7931
-11221
-14319
-15791
-15382
-15096
-14389
-11462
-6828
-2770
-587
1987
4336
5979
6377
6096
5571
3738
2227
549
-511
-587
-384
-339
-687
717
2647
3337
3407
3943
4207
2782
1314
884
50
-1977
-3675
-4205
-4701
-5075
-4826
-4043
-3471
-2846
-1569
-763
128
725
924
320
49
350
-231
-978
544
6357
11348
14799
17259
22788
29373
31441
32553
31765
31518
26877
19146
12994
5945
-439
-9920
-17661
-22644
-25854
-26749
-28220
-27090
-24719
-21161
-17590
-14416
-10093
-6718
-4467
-3900
-3216
-2158
-1397
-930
-1438
-1011
222
2612
4748
6250
8768
10656
11644
10784
10074
9601
6742
2531
-2286
-5638
-9060
-12876
-15333
-16767
-16508
-15932
-14096
-10633
-6551
-2622
-222
2419
5425
7224
6979
6129
5919
4682
2294
677
593
-75
-1246
-1192
-73
949
1499
2635
3313
3291
3199
2700
1696
406
-520
-2048
-3938
-4578
-4547
-5079
-5765
-4922
-3516
-3160
-2601
-973
366
288
540
1260
1690
895
418
562
1234
5875
10441
14372
16334
20902
28285
30453
31765
31197
31433
27407
19327
14153
7461
999
-8312
-16284
-21163
-24987
-26049
-27755
-27232
-25005
-21781
-18551
-15535
-10870
-7343
-5395
-4826
-3619
-2242
-1666
-1050
-1230
-640
595
2827
5095
6579
9173
10964
11624
10988
10467
9901
6684
2514
-2067
-5684
-9308
-12773
-14805
-16054
-15802
-15324
-13573
-10313
-6429
-3281
-1563
995
3467
4589
4207
4067
4055
2442
882
382
691
296
14
854
1792
2860
3826
4565
4451
4066
3657
2405
951
-227
-1391
-3463
-4970
-5085
-5291
-5946
-5912
-4738
-3830
-3497
-2210
-754
-281
-220
55
897
314
263
929
5168
10358
13984
16950
20356
27859
31161
32330
32033
31937
29892
21968
16566
10488
4116
-4765
-13534
-18326
-22899
-24805
-26707
-27058
-25797
-23511
-20086
-17482
-13750
-10441
-8134
-7129
-6095
-4277
-3141
-2003
-1841
-1294
306
3007
5877
7233
9476
11856
12852
12372
11584
11655
8849
4182
-111
-3603
-7092
-11819
-14352
-15847
-16602
-16665
-15037
-11591
-8622
-5678
-3183
-212
2187
3716
4234
3965
3777
2719
1738
888
746
644
173
650
1661
3025
3794
4355
4978
4842
4261
3349
2518
1135
-1010
-2713
-3864
-4592
-5492
-5968
-5748
-5340
-4816
-4174
-2910
-1865
-1155
-822
-585
185
282
80
-84
1169
6207
10515
14470
17170
21930
28754
30851
32464
31885
31665
27967
20337
15112
8389
1953
-6831
-14552
-19275
-23138
-24477
-26039
-25768
-24112
-21426
-18641
-16089
-12497
-9595
-7978
-7680
-6693
-5301
-4221
-3242
-2940
-1597
484
3497
6275
8249
11187
13087
13721
13082
12394
11531
7692
2865
-1712
-5423
-9155
-13358
-15735
-17026
-17269
-16582
-14657
-11148
-7384
-4117
-632
3664
7026
8264
7932
8818
8290
5124
2590
1246
-343
-3861
-4871
-3511
-3575
-3537
-1679
1173
1903
2840
5317
5888
4705
3882
3268
749
-1946
-3098
-4769
-7458
-8163
-7178
-7395
-7404
-5185
-2745
-2354
-1360
1387
2753
2008
2007
3050
2409
3859
8724
12865
14859
16522
23660
28417
29724
30815
31065
30335
23824
18498
13484
6815
-548
-9706
-15771
-20687
-23355
-25078
-26623
-25477
-23518
-20857
-18108
-14287
-10547
-8563
-7444
-6284
-4836
-3929
-2766
-2296
-2071
-783
1500
4525
6453
8863
11249
12261
12533
11959
11523
9260
4942
259
-4031
-7252
-11057
-14524
-16513
-17048
-16906
-16201
-13352
-9440
-6593
-4300
-944
4657
7985
8082
8438
9594
10214
6732
4917
4994
2817
-1196
-3209
-964
-1496
-3600
-2884
-632
-330
-739
1849
3571
2398
1534
2038
1092
-890
-1485
-2660
-5217
-6445
-5445
-5725
-6717
-4865
-3054
-3034
-2739
359
2245
949
1304
2734
2065
356
669
5145
8951
11572
15133
17974
24669
28742
30921
30856
29451
28722
21695
15653
9960
3802
-3951
-13174
-17755
-21567
-23439
-24442
-24866
-23537
-21231
-17689
-15096
-12344
-9256
-7400
-7446
-7137
-5471
-4448
-3855
-3526
-2293
-331
2411
6199
8125
10137
12378
13324
12657
11029
10489
7305
1666
-3069
-6259
-9439
-13124
-14343
-14100
-14070
-13613
-10105
-5787
-3106
-1462
324
2456
2255
1898
1435
361
-1539
-3682
-3530
-3035
-2422
-1629
-196
1894
3593
5463
6844
7298
6795
5663
4111
2347
845
-1108
-3460
-5427
-5829
-5634
-5781
-5181
-3997
-2964
-2306
-1212
111
218
-501
-935
-1249
-1741
-2447
-2412
-866
4487
9796
14366
17292
22802
29548
31445
32619
31642
31097
26004
18260
12634
5631
-786
-9197
-15395
-19092
-21634
-21988
-22820
-21482
-19224
-16689
-14649
-12756
-10169
-8953
-8931
-9083
-8557
-7880
-7069
-5663
-4234
-1873
1370
5368
8639
11056
13983
15120
14839
13265
11510
8946
3866
-781
-4965
-8223
-11365
-13149
-13134
-12776
-11991
-10438
-7469
-5077
-3253
-2232
-1340
-933
-1362
-1657
-2373
-2631
-3145
-3205
-2260
-907
935
2080
3498
4922
5801
6014
5661
5098
3686
1649
-259
-1448
-2596
-4016
-4783
-4749
-4299
-3937
-3239
-1968
-1123
-859
-802
-314
-288
-1013
-1654
-1921
-2138
-2299
-1340
4268
9571
14008
17316
21998
29372
31169
32499
31756
30508
26091
17781
12755
6284
-225
-8018
-14578
-17606
-20332
-20577
-20764
-19775
-18013
-16256
-14253
-12525
-10578
-9760
-9858
-10419
-10103
-9213
-7913
-5974
-4487
-1897
1619
5766
9373
11598
14374
15357
14452
12463
10319
8038
2852
-2179
-5956
-8862
-11445
-13557
-12612
-11750
-10959
-9105
-5891
-2923
-2219
-1047
56
-183
-1472
-2071
-2146
-3322
-4165
-3667
-2411
-1455
313
2527
3874
5007
6205
6842
5887
4862
3787
1451
-1009
-2299
-3115
-4854
-6038
-5276
-4631
-4571
-3630
-1918
-1007
-1117
-424
153
-187
-989
-1551
-1857
-2701
-2677
-2052
-61
6098
11419
16346
19489
24856
31510
32005
32524
30751
28647
22655
14269
9275
2357
-3914
-10802
-15900
-18131
-19784
-18983
-18939
-17905
-16024
-14422
-13256
-12333
-11055
-10810
-11335
-11751
-10859
-9513
-7264
-4562
-2320
1202
5363
9564
12344
13984
15876
15184
12781
9882
7111
3605
-1883
-6248
-9388
-11579
-13112
-13615
-11978
-10769
-9514
-7759
-4659
-2016
-1621
-1302
-176
1076
363
129
1034
1592
943
766
2553
3297
2888
2585
2915
2708
1524
1011
522
-150
-1019
-1684
-1777
-1573
-1135
-1635
-2172
-1944
-1785
-2575
-3475
-3282
-3523
-4579
-4946
-3666
-2846
-2879
-2232
-740
210
729
1623
2683
3115
4764
10358
14550
17818
19346
23709
28437
28165
27968
26079
24600
18992
11389
7039
1860
-3232
-10033
-14720
-16496
-18433
-18857
-19179
-17951
-16926
-16341
-15338
-13716
-11902
-11083
-10575
-9912
-8143
-6150
-3495
-480
1835
4565
7258
10205
12008
12427
12931
11620
9052
5686
2924
531
-3723
-7523
-9952
-10840
-11453
-11829
-9849
-7642
-6266
-5236
-2919
-399
-66
-784
-818
-871
-2008
-2903
-2632
-2091
-2297
-1789
-15
1676
2958
3921
4717
4957
4629
4204
3109
1910
624
-1052
-2527
-3252
-3274
-3762
-4288
-3841
-3151
-3070
-2888
-2105
-1613
-2004
-2218
-1754
-1583
-2029
-1984
-1799
-1177
-1137
-214
1248
4756
11685
16537
20778
22850
28126
32240
31533
29912
26477
23226
16068
8358
3340
-1906
-6522
-12282
-15881
-16815
-16987
-16275
-16827
-16087
-15317
-15157
-15508
-15166
-13909
-13559
-13531
-12694
-9879
-6197
-2206
1718
4918
8542
11658
13920
14661
14109
13033
9629
5560
1718
-1168
-3952
-7669
-10092
-11072
-10919
-10528
-9828
-7634
-6128
-5902
-5760
-4409
-2840
-3543
-4284
-3678
-1861
249
1671
3626
5032
6528
7124
6633
6633
5840
3382
-94
-1404
-1584
-3505
-5056
-3965
-2654
-3183
-2553
446
1733
233
-472
-49
-1490
-3753
-4361
-4733
-6081
-6726
-5335
-3796
-2479
-283
1203
1949
2928
4116
4366
3022
3026
2606
4073
9223
14236
18016
18930
24879
29588
29829
28350
26471
24366
16071
8058
2706
-2269
-7903
-14336
-17563
-18814
-18756
-17829
-17236
-15123
-13784
-13238
-13515
-12437
-10840
-10997
-11322
-10528
-8411
-5979
-2421
1868
5168
7972
11105
13448
13829
13158
12129
8965
3952
-429
-3196
-6077
-9458
-11713
-12193
-11413
-10307
-8721
-6241
-3809
-2320
-2582
-2069
-721
-857
-2592
-3721
-2813
-2774
-3168
-1681
909
2090
2235
3735
5511
5335
4543
3872
2877
1152
-160
-756
-1647
-2125
-2204
-2495
-2566
-1883
-1406
-2143
-2794
-2385
-2572
-3462
-3537
-2663
-2371
-2547
-1419
37
518
723
1415
1933
1980
1742
2049
1921
4570
11073
16183
19552
20411
25757
29890
29755
27496
23984
21416
14134
6415
819
-2922
-6629
-12465
-16052
-16453
-15476
-15211
-16277
-15486
-14586
-14857
-16039
-15652
-13786
-12670
-12334
-10773
-7187
-2986
1248
4770
8188
10650
12423
12895
12038
10494
8098
4829
651
-2855
-4770
-6155
-7621
-8955
-9066
-8110
-7871
-6763
-5499
-4231
-3977
-4933
-4234
-4120
-3545
-3338
-3110
-2151
-1490
-39
1324
2546
3727
3896
3526
3293
3305
2784
1454
678
363
-224
-680
-357
-75
-550
-1298
-1366
-1863
-2725
-3336
-3707
-4178
-4627
-4224
-3410
-2655
-1705
-521
560
1266
1915
2161
1796
1523
1351
1173
598
568
3311
10253
16339
20859
21910
26333
30886
30948
28063
23081
20225
12889
4467
-1585
-4513
-6904
-11749
-15005
-15079
-13374
-12549
-13761
-14152
-14104
-14718
-16961
-17781
-16119
-14221
-13229
-11752
-7191
-1861
3058
6810
10224
12437
13248
12848
10968
8540
5452
2319
-1448
-4661
-5709
-5955
-6267
-7036
-6498
-5614
-5640
-6255
-6680
-6368
-7688
-8176
-7377
-5535
-4479
-3897
-1147
1359
2850
3556
4846
5209
4088
3246
2725
1623
67
-214
-297
-642
-124
1124
1548
942
1176
1206
-159
-1723
-2312
-3314
-5218
-5693
-4865
-4278
-4145
-2683
-771
-59
705
1878
2854
2344
1782
1542
824
150
4
408
-44
235
1263
7377
14746
20881
22598
22754
27869
29603
27752
21409
17773
14279
6110
-1119
-4353
-3852
-6273
-11010
-13100
-11800
-10043
-11788
-14300
-15396
-15417
-17166
-19789
-18556
-14837
-11686
-11107
-7970
-1960
3819
6822
8392
10478
10842
9786
7402
5634
3912
1648
-835
-3141
-3364
-2690
-2530
-3579
-4705
-4917
-5836
-7438
-9357
-10301
-11082
-11350
-9747
-7413
-4016
-1864
2436
7840
10623
10746
8588
8777
6915
2747
-689
-2414
-3748
-6082
-5554
-2417
15
694
1839
2959
2859
2179
1362
-352
-2997
-4320
-5013
-6019
-5671
-3760
-2210
-2535
-1321
1365
2310
1480
1144
1861
927
-261
-28
831
428
252
575
1191
1520
1884
2374
2159
7708
14610
20020
19647
19850
25195
26857
24957
18918
16428
13608
7093
461
-3466
-2990
-4308
-8879
-12885
-12621
-10005
-11270
-15214
-17148
-15949
-16436
-19177
-19199
-15026
-10625
-9668
-7970
-3465
3058
6795
7448
8009
8914
9573
7385
4760
3591
3052
1258
-1852
-2804
-1812
-1225
-2789
-5014
-5755
-5805
-6475
-8074
-9180
-8695
-7532
-7106
-6134
-3716
-449
899
606
1700
3426
3933
2473
1484
1936
1915
1443
1075
1834
2465
2413
1821
1213
1524
1468
428
-1415
-2198
-1802
-1908
-2715
-2728
-1667
-1057
-1360
-1423
-547
161
40
-544
-711
-228
345
625
454
833
1247
1232
678
198
548
542
-86
-600
-617
4403
12099
19690
22256
20962
24638
27882
28685
22057
15703
13000
8191
1671
-5028
-5262
-3328
-5196
-10299
-13467
-10990
-9198
-12667
-18363
-20580
-19197
-19850
-21645
-19969
-13700
-8273
-5880
-3690
1894
8247
10817
9918
7767
7504
6944
4999
2402
1177
1736
1342
198
-538
426
1041
-924
-4392
-7905
-9626
-10426
-11231
-12301
-12372
-10635
-7790
-4916
-2065
1417
3841
4974
5140
5591
5783
4747
3709
2443
1643
979
1124
1738
1394
1333
1094
970
230
-258
-178
-695
-1380
-1603
-953
-443
-220
46
-85
-674
-1190
-1264
-1367
-1843
-1977
-1842
-1716
-1193
-90
1089
1761
1999
2328
2292
2030
1629
1276
671
90
-177
672
6575
14374
21894
22384
21458
23846
26350
25901
17961
12060
7744
4178
-964
-6227
-6441
-5430
-5463
-9295
-12891
-12375
-11507
-12775
-17890
-21052
-21014
-19666
-17722
-15503
-11011
-6438
-2010
1265
4138
6779
8829
9119
6874
3994
2358
2674
3042
2487
1326
951
1662
1982
819
-1644
-3634
-5424
-7836
-10423
-11646
-10520
-9038
-7836
-6920
-4911
-1873
714
1907
1344
658
281
58
-507
-692
204
1492
2680
3425
4476
5563
6251
5956
4349
2427
1141
845
308
-690
-1220
-716
159
350
293
261
51
-786
-2221
-3316
-3611
-3116
-2547
-2291
-1822
-476
1498
2901
3543
3209
2977
2400
1725
997
549
500
477
361
2737
9391
17639
23509
22568
21498
21338
22822
20256
13150
6824
1863
4
-3264
-5535
-6225
-5247
-4328
-6724
-9548
-11846
-12477
-13575
-16791
-19503
-21411
-19615
-15918
-11283
-7442
-4705
-893
2625
5455
5820
5359
4824
3756
2114
32
-351
936
2590
3131
2214
1606
1407
1071
-593
-3320
-6090
-8118
-9141
-9324
-8927
-7764
-5892
-3888
-2581
-1932
-992
-117
274
-633
-1574
-1896
-1030
653
2228
3356
4137
5118
5993
6158
5583
4681
3504
2252
1094
467
201
405
736
1015
867
569
320
-72
-898
-2041
-3183
-3733
-3509
-2752
-1739
-846
303
1532
2729
3369
3615
3369
2899
2143
1321
843
714
936
1041
752
1337
5436
12004
18814
20070
18549
16643
16631
16791
13050
8400
2921
785
-301
-943
-1814
-3000
-3124
-4174
-5608
-8367
-11239
-13537
-15486
-16372
-17672
-17777
-16285
-12707
-8208
-5293
-3183
-2065
-397
652
899
372
-638
-1074
-1150
-414
694
2037
3507
4307
4572
3795
2363
557
-1299
-2776
-4575
-5909
-6627
-6155
-5197
-4248
-3243
-2323
-1466
-782
-622
-912
-1713
-2065
-1817
-1233
-441
520
2099
3592
4688
4924
4722
4202
3616
3082
2381
1784
1348
1453
1806
1976
2183
2228
2141
1536
659
-330
-1444
-2281
-2752
-2587
-2232
-1463
-459
660
1713
2452
2922
2897
2480
1864
1043
328
-287
-677
-853
-648
-300
-21
-179
812
4183
9398
14571
16346
16405
14910
14456
13356
11095
8055
4449
2750
1695
1943
1438
352
-1156
-2817
-4095
-6095
-8569
-11579
-14116
-15484
-16292
-16119
-15382
-13306
-10575
-7926
-5705
-4512
-3785
-3781
-3702
-3624
-3353
-2845
-2203
-1018
353
2020
3608
4762
5503
5324
4575
3209
1653
244
-1073
-1908
-2420
-2223
-1716
-956
-433
-421
-661
-1149
-1404
-1725
-1981
-2044
-2087
-1896
-1550
-801
132
925
1476
1755
2076
2209
2314
2109
2035
2145
2424
2856
3241
3733
4029
4054
3723
3062
2260
1393
683
57
-469
-859
-1087
-975
-597
8
457
619
526
356
19
-408
-850
-1182
-1343
-1347
-1019
-650
-166
161
525
488
315
-66
176
2115
5496
9601
11937
13307
13267
13027
11785
9760
7359
4437
2525
1306
1449
1338
777
-319
-1636
-2825
-4279
-6038
-8088
-10155
-11600
-12640
-12989
-12823
-12044
-10745
-9315
-7544
-6175
-5228
-5129
-5304
-5459
-5397
-4885
-4014
-2613
-929
936
2803
4312
5358
5609
5185
4301
3270
2321
1343
589
253
421
906
1394
1929
2224
2214
1689
625
-759
-2341
-3304
-3732
-3424
-2826
-1852
-613
498
1458
1886
1995
1652
1317
1171
1312
1676
2142
2722
3219
3687
3954
4023
3806
3320
2734
1870
931
55
-543
-830
-976
-827
-676
-418
54
518
677
522
396
219
-399
-895
-1040
-910
-673
-146
534
822
852
863
700
74
-446
-692
-912
-1342
-1724
-1471
-184
2334
5357
7638
8956
9229
8799
7365
5167
2741
475
-770
-955
-83
1130
2012
2275
1659
528
-1199
-3311
-5509
-7486
-8781
-9470
-9365
-8794
-7882
-6824
-5769
-4742
-3973
-3508
-3549
-4059
-4738
-5250
-5254
-4757
-3718
-2269
-577
1154
2594
3601
3947
3636
2747
1649
834
418
315
483
1009
2125
3295
4376
4934
5086
4689
3604
2197
467
-995
-2188
-2600
-2262
-1374
-246
651
1210
1203
787
185
-483
-912
-961
-453
384
1332
2277
3007
3361
3238
2802
2183
1474
719
-57
-662
-1028
-1083
-984
-695
-200
242
595
768
844
589
48
-474
-777
-913
-854
-607
-165
104
205
197
233
289
57
-428
-917
-1186
-1349
-1557
-1757
-1820
-1803
-1765
-1770
-1381
-115
1965
4033
5467
6092
6237
5924
5291
4312
3162
2227
1845
2287
3146
3942
4137
3755
2952
1877
401
-1363
-3241
-4823
-5945
-6546
-6731
-6628
-6273
-5851
-5459
-5153
-4849
-4732
-4982
-5470
-5833
-5810
-5394
-4707
-3767
-2648
-1343
-54
1087
1873
2228
2158
1787
1447
1254
1233
1320
1610
2135
2792
3420
3961
4417
4636
4498
3873
2926
1754
541
-503
-1210
-1345
-1040
-443
104
431
495
208
-282
-933
-1435
-1686
-1586
-1095
-398
410
1021
1458
1647
1690
1546
1282
973
695
436
278
268
358
487
623
863
876
772
612
519
233
-295
-753
-1109
-1273
-1239
-997
-859
-868
-814
-695
-634
-741
-871
-993
-1020
-934
-722
-527
-376
-244
-138
68
163
106
-173
-119
592
1964
3597
5029
6184
6759
6946
6542
5768
4604
3407
2462
1857
1730
1844
2045
1893
1396
624
-342
-1537
-2893
-4295
-5522
-6502
-7036
-7264
-7183
-6938
-6443
-5738
-5019
-4412
-4143
-4100
-4279
-4382
-4302
-3924
-3287
-2418
-1352
-204
865
1721
2210
2391
2326
2161
1944
1682
1543
1537
1877
2413
3094
3639
3854
3677
3012
2106
1045
55
-908
-1680
-2052
-1913
-1378
-770
-303
-68
17
27
59
48
-45
-236
-280
26
681
1354
1834
2120
2344
2489
2384
2012
1404
784
221
-111
-237
-219
-112
47
337
502
492
324
172
76
-183
-461
-727
-784
-740
-678
-379
94
614
760
693
689
778
802
561
299
234
439
667
752
724
650
550
313
-4
-375
-749
-1105
-1383
-1358
-1003
-260
660
1647
2585
3337
3901
4079
3953
3416
2609
1726
964
547
279
141
-5
-159
-338
-708
-1207
-1925
-2718
-3549
-4285
-4739
-4961
-4963
-4927
-4808
-4563
-4225
-3876
-3664
-3556
-3518
-3475
-3365
-3156
-2800
-2339
-1789
-1167
-480
230
793
1127
1312
1444
1538
1515
1484
1630
1987
2480
2959
3351
3545
3493
3212
2800
2321
1790
1279
840
572
476
481
476
437
449
469
440
363
306
256
185
180
289
466
579
680
803
856
792
706
752
854
856
780
773
909
1124
1279
1276
1208
1158
1028
672
198
-55
-60
-161
-485
-801
-942
-1018
-1085
-1012
-896
-984
-1268
-1469
-1462
-1326
-1118
-874
-603
-340
-77
156
261
251
221
195
96
-52
-125
-72
46
118
142
127
108
101
61
-59
-255
-419
-485
-497
-506
-502
-434
-291
-92
111
230
188
4
-204
-372
-502
-597
-610
-515
-344
-151
14
107
84
-36
-201
-365
-495
-593
-654
-691
-691
-650
-565
-455
-363
-320
-342
-389
-456
-568
-779
-1030
-1204
-1242
-1168
-1055
-893
-642
-337
-87
25
64
124
190
180
133
232
561
1010
1373
1581
1695
1778
1825
1768
1612
1427
1329
1319
1268
1083
873
879
1092
1229
1064
716
482
426
385
234
66
-10
-34
-46
-4
113
204
186
117
44
-24
-21
53
85
-42
-260
-344
-253
-188
-275
-332
-175
114
243
97
-118
-209
-186
-177
-237
-336
-447
-565
-635
-605
-533
-531
-592
-649
-679
-712
-786
-872
-909
-892
-885
-915
-913
-816
-637
-466
-360
-321
-324
-312
-248
-159
-100
-77
-46
18
88
141
208
307
406
452
419
315
167
28
-70
-96
-61
1
92
201
329
436
490
487
438
355
254
168
124
149
201
202
172
210
364
505
470
284
123
89
101
60
13
2
-5
-97
-219
-197
-18
182
257
202
57
-84
-120
-57
-15
-18
35
178
311
269
108
-4
71
177
89
-151
-346
-275
-91
86
140
108
140
137
115
-62
-154
-205
-294
-341
-387
-270
-222
-138
-78
-23
-6
-69
-42
-7
122
142
68
-47
-38
121
234
301
266
263
252
294
237
66
-93
-195
-192
-219
-134
-112
-171
-277
-406
-434
-471
-473
-605
-744
-750
-650
-514
-472
-402
-292
-86
197
429
544
535
533
574
635
722
807
881
930
944
910
850
804
734
585
401
230
114
33
-23
-77
-123
-119
-109
-150
-272
-421
-522
-558
-551
-578
-610
-618
-594
-550
-529
-504
-479
-398
-308
-246
-240
-261
-267
-244
-189
-120
-37
60
137
180
144
104
53
20
-43
-127
-223
-292
-270
-202
-129
-140
-223
-302
-296
-182
-87
-49
-85
-68
-2
112
194
201
181
170
249
349
438
462
432
416
409
430
381
297
217
180
173
148
124
91
94
98
56
-7
-45
-6
39
23
-59
-113
-80
27
148
227
282
345
430
464
415
345
313
317
340
345
302
233
195
210
251
269
266
205
60
-106
-228
-321
-380
-398
-376
-354
-328
-322
-382
-460
-496
-474
-488
-512
-488
-401
-312
-257
-267
-339
-345
-258
-158
-152
-185
-210
-234
-240
-210
-169
-127
-36
34
28
-22
-9
60
121
139
77
-14
-55
-8
31
4
-39
-48
-41
-53
-96
-169
-203
-163
-102
-90
-101
-76
14
113
177
197
176
152
123
88
52
77
167
257
290
287
288
305
333
347
313
232
151
76
12
-8
50
144
220
266
274
262
243
233
207
183
186
231
286
332
352
340
316
292
272
244
213
161
90
15
-28
-36
-19
15
54
89
89
39
-61
-168
-247
-296
-357
-435
-488
-494
-456
-416
-401
-403
-408
-408
-416
-451
-497
-543
-567
-568
-539
-483
-414
-341
-272
-209
-148
-92
-47
-28
-28
-29
-13
26
82
135
191
245
303
354
380
384
365
329
288
251
222
207
198
208
233
270
304
321
309
261
184
85
-23
-126
-210
-251
-253
-232
-207
-188
-170
-155
-132
-114
-110
-117
-123
-114
-89
-58
-19
35
101
175
233
267
282
291
306
311
298
273
248
233
221
204
177
139
112
102
98
90
70
54
52
56
62
57
48
46
54
63
75
86
103
121
126
111
83
65
54
47
27
-2
-24
-43
-57
-86
-139
-206
-274
-326
-356
-377
-395
-422
-455
-495
-533
-562
-582
-580
-569
-549
-516
-480
-443
-405
-367
-327
-285
-241
-184
-121
-48
26
90
141
173
198
219
246
289
346
412
485
553
607
634
630
604
556
490
412
340
285
251
239
237
236
230
212
182
142
93
34
-24
-78
-130
-170
-203
-218
-218
-203
-170
-127
-80
-29
30
82
124
143
142
129
102
79
58
42
29
24
20
19
20
7
-12
-37
-72
-107
-143
-168
-178
-177
-169
-163
-154
-148
-151
-157
-170
-187
-208
-219
-217
-205
-184
-148
-103
-56
-12
27
64
87
107
126
142
155
173
194
205
206
193
167
119
59
-1
-59
-110
-151
-180
-191
-198
-198
-201
-209
-229
-262
-303
-341
-371
-379
-357
-312
-240
-151
-53
32
104
150
171
166
147
123
107
106
116
147
191
242
292
334
360
378
381
366
343
310
268
221
178
137
106
86
80
84
92
99
98
87
67
34
-2
-32
-56
-68
-58
-36
-6
35
68
92
100
91
74
49
17
-11
-30
-34
-30
-17
-4
5
8
-10
-51
-107
-174
-245
-311
-358
-387
-386
-360
-322
-268
-224
-190
-163
-151
-150
-150
-146
-133
-106
-63
-16
29
75
106
115
108
89
57
27
6
-5
-4
5
25
48
64
73
72
57
40
15
-12
-26
-37
-37
-24
-6
13
34
52
61
63
55
40
20
-6
-27
-45
-53
-45
-26
-1
33
69
99
120
128
125
112
93
75
54
44
42
41
43
49
57
63
70
73
72
73
75
78
80
84
86
89
93
98
100
101
97
92
80
71
60
41
20
-5
-26
-45
-55
-65
-66
-66
-66
-66
-71
-76
-88
-103
-120
-136
-146
-153
-148
-139
-125
-106
-84
-63
-47
-40
-37
-41
-43
-50
-53
-58
-57
-49
-39
-30
-23
-16
-14
-13
-16
-19
-25
-28
-31
-30
-25
-18
-6
5
13
20
31
37
39
43
44
49
50
53
59
69
77
82
89
90
90
80
67
49
24
0
-22
-40
-47
-52
-53
-48
-46
-46
-52
-61
-70
-82
-87
-83
-69
-52
-27
-1
24
45
61
77
85
92
96
95
98
103
110
115
122
128
129
130
126
110
92
67
39
17
-4
-23
-37
-42
-47
-46
-50
-55
-61
-72
-82
-88
-91
-87
-74
-63
-48
-31
-19
-7
1
4
11
14
19
26
31
31
31
29
19
9
-3
-18
-30
-44
-53
-61
-67
-69
-72
-79
-83
-89
-94
-95
-102
-105
-107
-105
-101
-98
-85
-76
-65
-46
-26
-10
10
25
35
45
51
56
63
65
71
76
78
83
85
87
86
82
68
48
30
6
-13
-32
-50
-55
-54
-51
-44
-43
-35
-27
-29
-25
-22
-21
-14
-11
3
18
31
52
68
78
92
94
96
98
90
86
76
72
69
60
62
63
65
67
61
54
45
33
28
14
3
-2
-14
-16
-22
-32
-34
-47
-48
-57
-66
-66
-74
-76
-75
-79
-77
-80
-74
-64
-61
-54
-48
-36
-26
-21
-13
-6
-7
1
-2
3
6
1
7
6
11
12
9
13
5
2
1
-6
-10
-13
-19
-20
-26
-28
-26
-31
-27
-30
-29
-26
-27
-23
-20
-13
-6
-3
6
8
12
13
14
17
13
14
15
14
22
28
31
38
40
41
38
34
30
17
9
4
1
-2
-1
4
11
14
20
19
18
18
8
5
0
-10
-7
-9
-7
-1
1
12
14
22
25
20
26
17
11
9
4
4
5
8
12
13
20
24
25
27
20
15
11
6
3
-5
-12
-13
-21
-23
-24
-31
-31
-34
-41
-41
-47
-47
-50
-59
-54
-55
-55
-51
-50
-40
-32
-28
-23
-18
-10
-6
-6
0
3
7
14
11
17
17
17
17
14
13
11
9
6
4
0
2
-2
-1
-1
-5
-4
-4
-1
-2
-4
0
0
3
6
7
12
20
24
30
36
38
42
41
42
41
39
34
30
29
30
29
29
29
28
26
19
13
7
2
-6
-17
-26
-32
-36
-41
-44
-45
-47
-47
-45
-42
-38
-36
-35
-33
-29
-23
-15
-7
-1
10
19
28
34
36
40
39
43
43
42
46
43
41
38
32
26
23
13
3
-3
-9
-17
-24
-27
-29
-27
-26
-21
-15
-15
-14
-18
-22
-23
-25
-25
-23
-21
-13
-7
-3
-2
0
1
0
-7
-11
-15
-16
-20
-19
-21
-24
-18
-15
-17
-15
-17
-16
-15
-19
-18
-20
-23
-20
-17
-13
-5
3
8
10
12
14
16
20
17
15
17
17
25
30
34
39
45
47
52
47
44
37
29
25
16
16
16
18
18
17
14
9
3
-4
-8
-19
-26
-28
-30
-27
-22
-21
-22
-22
-19
-15
-13
-12
-11
-13
-8
-6
-1
1
3
7
8
11
14
16
12
14
8
1
2
3
3
4
0
-2
-4
0
-2
-6
-10
-14
-15
-14
-10
-10
-7
-6
-3
1
1
2
0
-5
-8
-3
0
-1
2
3
7
5
8
8
6
3
-5
-5
-10
-13
-17
-20
-19
-18
-16
-17
-12
-9
-10
-10
-9
-10
-14
-15
-11
-9
-5
1
6
10
14
20
16
11
12
13
10
8
9
8
8
15
13
12
15
17
13
20
23
17
15
15
12
7
10
9
8
6
9
10
7
4
3
1
-4
-7
-13
-19
-17
-16
-18
-17
-13
-11
-9
-4
0
-3
-4
-2
-3
-7
-5
-4
-5
-2
1
2
3
7
6
5
2
0
0
-2
-2
-3
-5
-4
-1
-3
0
1
3
1
0
-1
0
1
3
1
3
3
2
5
3
1
-1
2
3
3
5
3
-3
2
-1
-2
1
-1
-1
-5
-2
-3
-5
-5
-4
-4
-5
-4
0
0
-1
1
-1
0
2
0
-3
0
0
-2
0
0
0
-1
0
2
1
1
4
4
6
4
4
5
1
3
5
7
6
2
4
8
5
4
4
2
1
1
0
-3
-5
-5
-2
-1
-1
-1
-2
-4
-3
-1
-5
-4
-6
-7
-4
-1
-4
-1
0
2
1
2
4
0
0
0
0
-1
-3
-3
1
1
0
0
2
4
4
1
-1
-1
0
1
0
1
0
-2
-2
-3
-2
-2
-2
-4
-4
-1
-4
-2
-5
-2
1
0
0
2
5
1
0
1
2
5
6
8
9
8
6
9
5
1
0
2
0
1
1
3
0
0
1
4
2
0
2
-3
-5
-3
-2
-4
-4
-1
1
0
4
4
5
3
4
3
3
2
-3
-6
-6
-3
-6
-7
-5
-3
-5
-5
-4
-5
-7
-7
-7
-6
-6
-5
-8
-5
-1
0
1
0
0
3
-1
-1
-2
1
0
-1
1
5
7
4
7
6
6
2
3
1
1
2
3
4
4
5
5
5
4
3
2
4
1
2
1
-2
-1
0
-1
-2
1
1
2
5
2
4
1
1
1
0
-2
0
0
-1
0
-4
-5
-3
1
-1
-1
-2
-3
-6
-4
-5
-5
-5
-1
-2
-5
-2
-1
-1
0
1
2
3
4
7
2
2
6
7
7
5
6
6
4
5
5
7
3
4
2
-3
-3
-1
-5
-4
-4
-7
-6
-6
-7
-9
-9
-8
-4
-3
-6
-6
-8
-4
-7
-4
-6
-7
-2
-1
1
2
4
5
7
8
8
7
8
9
8
6
5
3
-1
-1
-2
2
-3
-4
-3
-2
-3
-5
-2
-2
-3
-3
-3
-1
0
1
2
3
2
3
5
6
4
4
3
2
5
5
5
4
6
7
5
1
1
2
-1
-4
-3
-4
-2
-2
-1
0
0
2
-1
-4
-5
-3
-3
-7
-6
-3
-2
2
4
6
3
0
0
2
1
-6
-1
1
-1
-2
3
3
2
1
1
-1
-11
-13
-14
-16
-17
-11
-8
-6
-3
0
4
0
4
6
1
0
4
6
6
11
14
14
8
13
16
11
10
8
6
-1
0
1
-2
-9
-9
-7
-11
-6
-4
-7
-9
-9
-7
-8
-6
-1
0
-2
-4
2
9
7
10
10
9
12
11
12
10
9
10
10
6
1
0
-3
-9
-9
-9
-9
-11
-10
-7
-9
-5
-4
-3
-8
-3
-3
-2
-3
-4
-3
-4
1
2
2
3
3
2
6
4
2
6
3
-1
-2
-2
1
2
4
2
2
3
0
0
-2
-1
-2
-5
-4
-4
-7
-4
-3
-1
-1
-1
-1
-1
-1
-1
-2
-2
-2
-2
2
2
5
8
9
8
6
3
4
2
-1
2
3
0
4
3
4
4
4
1
0
-1
-3
-4
-6
-4
-3
-4
-4
-7
-4
-2
1
3
2
0
0
-2
-2
-4
0
-2
-3
1
4
5
2
2
2
2
2
4
1
1
1
-1
-1
-2
0
0
0
1
-1
-2
-4
-5
-4
-2
0
0
2
2
4
6
3
1
1
0
-2
-2
1
1
1
4
3
