SAMPLES:	9799
BITSPERSAMPLE:	16
CHANNELS:	1
SAMPLERATE:	16000
NORMALIZED:	FALSE
-4
1
1
1
2
1
2
0
0
2
0
5
8
6
3
3
2
2
1
3
3
3
1
1
2
0
-1
0
-4
-4
-1
-4
-3
-1
-1
-4
-1
-5
-3
0
-2
-3
-3
-3
-3
-5
-1
-1
-2
-3
-2
-4
-1
0
-5
-3
0
1
0
-1
0
6
6
3
1
4
6
2
-3
-2
-1
1
2
3
3
2
3
0
1
4
1
1
1
2
3
1
0
-2
0
-2
-3
-2
-1
0
-4
-1
1
3
2
-1
2
-1
-4
2
1
-1
2
1
-1
1
-1
-2
-1
1
3
1
3
2
0
1
1
-1
-1
3
0
2
3
-1
1
-2
-1
2
-3
-4
0
3
2
2
2
3
2
1
-1
0
-4
-5
-2
-4
-2
-4
-5
-3
-5
0
-3
-2
0
-1
0
-1
-3
-4
-2
0
1
2
5
5
0
4
4
4
2
2
1
2
1
-2
2
4
5
4
0
-2
-2
-1
0
-1
0
-1
-4
0
-1
-1
0
1
-1
-2
-1
-1
-1
0
2
1
1
2
3
1
3
0
0
0
-2
-3
-3
-4
-2
-1
0
1
0
2
2
-1
1
6
4
3
0
2
1
0
0
-1
1
-4
0
-3
2
1
0
2
3
4
2
1
4
4
1
1
-2
-1
1
3
0
-1
-5
-2
-3
-2
-1
-4
-4
-5
-2
-2
-2
-2
-3
-3
-4
-2
-2
-2
-5
-6
-2
-3
0
-1
-1
0
0
1
-2
2
3
1
0
1
0
1
3
4
5
5
4
4
8
6
3
5
5
2
3
3
-3
-1
2
-2
-3
1
0
-2
-1
1
3
-2
0
0
1
1
1
0
-1
-1
-2
0
1
1
1
-3
-6
-2
0
-3
-2
-4
-2
-3
-1
-1
-3
1
1
0
3
3
2
2
4
3
2
2
1
5
4
2
-3
-4
-6
-2
0
-2
-3
-5
-3
-4
-4
-4
-5
-5
-5
-4
-1
-1
1
2
1
-1
-3
2
3
1
2
1
-4
-1
-1
-3
-1
0
0
0
2
4
2
2
1
3
2
1
2
2
9
6
4
3
3
4
3
1
-3
-3
-1
-3
-2
0
0
1
4
0
1
-1
1
0
-3
-1
0
-2
0
0
2
1
4
2
1
2
-1
-2
-5
-6
-4
-3
-2
-2
0
-4
-3
-1
-3
-4
-6
-1
1
1
-1
-1
0
3
-2
-5
1
1
-1
-1
0
1
5
2
2
2
1
3
3
1
1
-1
2
3
0
0
1
1
-2
0
1
-1
0
0
1
0
-1
3
3
2
0
0
1
5
1
-3
-1
2
2
1
2
0
-1
-2
1
2
0
-1
0
-3
-1
-2
-2
2
-2
-1
-2
1
-1
2
0
0
1
1
-2
-4
-1
-5
-3
-3
-4
-4
-2
-2
-2
-2
-2
0
-4
-3
-1
-3
0
3
6
6
5
-1
0
-3
-1
4
1
-2
-1
-3
-3
-1
-2
-2
2
1
0
0
-1
2
2
0
2
4
0
1
6
7
2
2
2
4
3
1
1
3
5
3
2
4
5
3
4
4
1
0
0
2
1
-3
-2
-4
-5
-6
-6
-3
-4
-7
-5
-2
-4
-4
-6
-4
-5
-6
-2
-1
-1
2
2
2
2
2
3
4
1
2
2
2
-1
3
5
4
1
-2
-1
0
2
4
2
2
-2
-1
1
1
2
2
1
-2
-1
1
0
-3
-2
-4
-5
-4
-2
-1
-3
-2
-2
2
1
-1
0
0
1
1
0
-3
0
-3
-3
-3
-3
2
2
1
3
3
1
-1
3
5
4
5
1
1
-1
-1
3
0
3
-4
-3
-4
-5
0
2
0
0
0
0
-1
1
0
0
-2
-6
-2
-1
0
-4
-5
-2
-2
-1
-1
4
5
3
0
2
-2
-2
0
0
1
-2
2
-2
1
-1
0
3
3
0
1
3
-3
1
2
0
4
3
-1
-1
3
1
4
7
7
5
4
2
1
1
2
3
2
3
0
2
1
-3
-1
1
-1
1
0
3
3
1
0
-2
-2
-4
-4
-5
0
-2
-2
-2
-2
-2
3
0
-4
-1
1
-3
-2
-2
-2
0
-3
0
-2
-2
-3
-6
-5
-3
-5
-5
-3
-4
-2
-9
-1
-4
-4
-1
-1
0
-2
0
-3
-2
1
0
2
1
1
0
-2
-1
-3
-5
-5
-4
-3
-1
-1
1
3
3
5
5
5
8
5
1
3
5
4
5
5
7
1
0
2
0
1
1
4
2
2
0
2
4
3
3
3
2
5
5
3
4
5
3
-2
-4
0
3
5
6
4
6
5
4
7
4
5
4
4
4
2
2
5
6
7
7
8
13
14
15
11
12
15
13
12
12
11
11
12
10
10
10
12
10
6
5
6
5
5
0
-4
-3
-6
-10
-14
-21
-23
-22
-24
-30
-39
-36
-40
-40
-43
-50
-67
-78
-77
-82
-79
-90
-111
-113
-112
-111
-106
-117
-133
-128
-126
-121
-110
-111
-111
-99
-87
-69
-51
-34
-19
1
21
44
65
89
112
134
152
163
187
215
233
242
257
263
280
305
311
315
317
309
322
338
325
314
307
289
289
284
257
233
208
185
168
142
109
80
42
4
-31
-71
-103
-140
-173
-212
-257
-284
-304
-322
-328
-338
-343
-323
-290
-244
-189
-125
-44
53
156
269
387
530
665
789
909
1015
1111
1193
1261
1306
1325
1323
1298
1245
1161
1053
922
769
596
402
193
-32
-265
-505
-742
-984
-1225
-1457
-1679
-1887
-2082
-2254
-2405
-2533
-2642
-2717
-2762
-2785
-2771
-2734
-2667
-2569
-2446
-2299
-2131
-1942
-1736
-1511
-1272
-1026
-775
-518
-259
2
257
508
748
981
1203
1411
1603
1787
1940
2069
2227
2325
2388
2460
2501
2524
2533
2509
2458
2403
2337
2244
2131
2009
1879
1739
1586
1421
1259
1092
926
756
583
412
248
92
-62
-219
-357
-493
-622
-743
-859
-966
-1062
-1151
-1233
-1307
-1381
-1438
-1491
-1536
-1570
-1596
-1608
-1607
-1590
-1551
-1500
-1425
-1335
-1215
-1064
-902
-715
-502
-274
-33
217
472
725
981
1232
1470
1691
1890
2061
2198
2299
2362
2388
2371
2314
2213
2074
1902
1698
1459
1194
906
603
286
-40
-368
-698
-1022
-1336
-1635
-1918
-2180
-2425
-2640
-2829
-2988
-3118
-3220
-3288
-3333
-3344
-3326
-3285
-3216
-3128
-3021
-2888
-2735
-2562
-2372
-2165
-1942
-1692
-1431
-1153
-852
-545
-223
113
457
809
1159
1511
1863
2209
2550
2876
3181
3467
3727
3957
4155
4321
4451
4540
4594
4604
4573
4500
4386
4232
4035
3799
3522
3212
2871
2504
2110
1688
1252
800
339
-120
-581
-1035
-1480
-1908
-2311
-2684
-3029
-3339
-3609
-3844
-4034
-4177
-4276
-4333
-4339
-4309
-4241
-4131
-3980
-3796
-3584
-3338
-3080
-2794
-2497
-2181
-1857
-1524
-1188
-849
-507
-176
149
464
759
1039
1296
1531
1738
1916
2065
2184
2282
2353
2397
2415
2416
2402
2378
2342
2297
2247
2202
2160
2121
2086
2052
2022
1992
1957
1927
1891
1843
1787
1711
1619
1509
1373
1219
1039
837
616
378
125
-138
-410
-686
-959
-1229
-1492
-1742
-1978
-2196
-2398
-2573
-2727
-2856
-2958
-3034
-3082
-3105
-3101
-3075
-3029
-2960
-2874
-2767
-2646
-2516
-2374
-2221
-2062
-1896
-1721
-1538
-1350
-1154
-950
-739
-519
-294
-62
182
430
685
947
1208
1471
1732
1984
2234
2476
2709
2924
3121
3291
3438
3555
3644
3700
3719
3702
3646
3555
3428
3269
3073
2845
2588
2303
2000
1677
1342
993
634
274
-84
-434
-775
-1099
-1415
-1711
-1981
-2222
-2438
-2621
-2777
-2905
-3001
-3064
-3099
-3106
-3083
-3041
-2976
-2883
-2768
-2634
-2477
-2302
-2108
-1903
-1684
-1456
-1223
-981
-739
-496
-254
-21
200
413
614
796
958
1110
1230
1331
1412
1478
1522
1548
1560
1562
1557
1544
1529
1514
1510
1513
1523
1533
1552
1576
1607
1641
1670
1699
1718
1724
1717
1690
1641
1572
1477
1353
1207
1035
849
643
419
181
-61
-305
-545
-780
-1014
-1233
-1442
-1631
-1807
-1964
-2109
-2234
-2338
-2429
-2497
-2556
-2594
-2615
-2621
-2607
-2580
-2537
-2483
-2413
-2329
-2231
-2120
-1995
-1856
-1709
-1547
-1376
-1189
-995
-795
-579
-358
-122
118
363
616
872
1129
1386
1641
1890
2133
2366
2581
2780
2956
3113
3238
3333
3395
3418
3406
3356
3275
3156
3007
2825
2614
2379
2125
1849
1564
1272
968
665
368
73
-219
-499
-769
-1022
-1263
-1482
-1692
-1869
-2042
-2186
-2287
-2400
-2475
-2533
-2557
-2565
-2551
-2525
-2472
-2404
-2306
-2200
-2076
-1940
-1793
-1630
-1460
-1283
-1101
-916
-727
-541
-362
-186
-17
142
292
425
546
652
746
828
889
942
986
1026
1066
1097
1126
1160
1217
1278
1342
1405
1474
1556
1650
1739
1817
1895
1961
2016
2048
2059
2046
2005
1937
1841
1715
1564
1388
1188
970
739
492
235
-26
-286
-547
-806
-1057
-1291
-1519
-1728
-1919
-2097
-2250
-2380
-2491
-2582
-2658
-2710
-2742
-2755
-2750
-2733
-2698
-2649
-2584
-2503
-2405
-2293
-2168
-2028
-1875
-1706
-1519
-1316
-1103
-875
-632
-386
-130
137
407
677
953
1224
1494
1755
2003
2244
2467
2668
2851
3014
3148
3259
3337
3384
3400
3382
3335
3257
3152
3011
2850
2662
2448
2212
1959
1687
1406
1115
812
507
200
-108
-406
-699
-983
-1252
-1506
-1741
-1958
-2151
-2323
-2466
-2586
-2678
-2737
-2772
-2782
-2766
-2725
-2659
-2576
-2469
-2345
-2213
-2058
-1898
-1730
-1557
-1375
-1189
-1002
-812
-631
-447
-271
-97
71
229
377
519
649
764
875
970
1049
1121
1196
1261
1310
1359
1411
1471
1535
1594
1649
1708
1773
1845
1918
1982
2030
2072
2100
2109
2095
2052
1985
1893
1784
1647
1464
1245
1006
760
518
263
3
-260
-514
-762
-1002
-1236
-1461
-1653
-1816
-1958
-2086
-2199
-2292
-2367
-2427
-2470
-2494
-2503
-2494
-2468
-2431
-2393
-2341
-2272
-2184
-2087
-1975
-1858
-1728
-1587
-1439
-1281
-1118
-944
-733
-508
-292
-86
121
338
552
774
1003
1228
1454
1680
1885
2041
2169
2316
2493
2633
2708
2754
2800
2853
2880
2853
2772
2668
2559
2437
2291
2114
1909
1694
1466
1228
975
700
449
218
-21
-263
-481
-680
-881
-1068
-1223
-1349
-1483
-1645
-1793
-1877
-1948
-2021
-2069
-2102
-2126
-2108
-2048
-1976
-1918
-1856
-1772
-1682
-1581
-1453
-1312
-1190
-1087
-929
-718
-611
-581
-443
-306
-203
-57
42
64
188
358
446
499
591
705
872
988
963
868
752
782
1026
1202
1174
1244
1277
1155
1304
1542
1547
1527
1692
1775
1818
1771
1826
1733
1391
1444
3473
4885
2209
-699
-629
899
1190
-202
-1892
-1804
-459
42
-1082
-2397
-2386
-1284
-701
-1527
-2518
-2338
-1998
-1878
-2059
-2465
-2339
-1764
-1642
-1871
-2257
-2159
-1603
-1654
-1801
-1611
-1466
-1367
-932
344
-168
-1501
-1500
-624
-44
-366
-1058
-1078
-258
522
1131
723
206
524
1567
2187
2017
1741
1850
1976
2167
2583
2794
2548
2124
2273
2929
3049
3361
3424
2993
2498
2179
1974
1131
304
579
380
107
-269
-875
-575
-714
-1049
-823
-937
-1608
-1651
-1485
-1050
-1674
-1435
-2153
-1796
-1660
-1738
-1585
-1456
-1989
-1978
-840
-1255
-1044
-1641
-1321
-874
-259
-1128
-1014
-978
-549
-587
-578
-753
-742
-302
-345
-364
-768
-264
-104
-154
-82
-125
-160
-105
854
1538
2092
1691
714
78
1024
2719
3467
2551
1695
1765
2367
2827
2565
2231
2249
2826
3009
2736
2350
1671
1180
1247
1773
1891
1495
239
-778
-820
-785
-505
-1061
-1919
-2232
-2321
-2221
-2698
-3301
-2965
-2651
-2757
-2545
-2660
-3405
-2774
-2981
-3302
-1818
-1817
-3036
-1878
-1432
-2427
-1316
-1668
-1357
-784
-1090
314
-81
-2387
-41
1195
-646
487
922
1292
1370
140
698
2853
3399
1710
1361
2051
3308
2798
3216
1891
1637
3433
2309
2865
1931
1272
1758
2446
1369
1510
1419
1429
788
-675
354
1121
459
-1127
413
-2138
-397
-1043
-464
-1702
-2280
-155
-2355
471
-3831
-2013
-541
-399
-940
-1683
-2369
-2506
1349
-939
-1971
-1013
728
-2447
-989
-406
-86
619
-1648
-1585
-980
1242
669
-986
-3229
-582
845
1321
-962
-2663
-1742
456
26
-2320
-575
-922
1887
3864
3884
1311
-2223
-1895
3576
7700
5128
1520
1916
3910
3278
3245
3573
3791
5028
4451
3077
3333
2909
1386
-158
1172
3255
3229
-75
-3523
-3662
-2298
-1695
-2255
-3301
-3917
-4519
-5482
-5703
-5107
-4837
-4790
-4084
-4200
-4269
-4121
-3601
-4749
-4249
-3287
-793
281
-2260
-2735
-3392
-922
1361
566
1035
393
-137
1202
347
1288
1962
2770
1360
1241
2102
2592
3160
2194
2384
2861
4146
3400
2477
1532
3071
3823
3258
3292
2060
1612
1347
1919
884
1003
2620
265
-109
-42
-196
757
-1266
-497
-610
-658
-1538
-1053
-1653
-1872
-217
-2483
-2126
-1317
-329
-2919
-1336
-1282
-501
-1811
-467
2100
-4213
-3868
1562
2926
-2506
-1801
-903
1624
-2334
-1287
1709
-966
-437
514
-1673
-1807
2227
-1765
-1252
-219
-2343
-1943
278
-2831
-2058
-466
-3976
-4454
3224
11964
9562
-2211
-13438
-3368
14709
17571
4513
-2687
2819
7823
5140
2527
6990
10160
6389
1731
2169
7152
6407
-631
-4811
583
8564
5692
-4405
-10505
-7001
-2676
-3016
-3985
-4378
-7048
-10868
-11254
-9114
-7052
-6073
-7097
-8781
-9762
-6945
-4629
-6376
-8409
-6314
-915
1093
-831
-3471
-3618
-1093
2199
4349
4179
4284
3568
2004
1808
4317
7752
7772
6058
5153
6145
5612
5073
6004
6739
6398
5690
5290
6177
5058
1392
-779
903
4161
3387
884
-1815
-4162
-4352
-2062
-860
-789
-2022
-4203
-5328
-5141
-3519
-1822
-2439
-3586
-2583
-2449
-4441
-4823
-2212
-110
-503
-335
-63
-1319
-597
173
-160
1134
3808
3626
-536
-2156
1685
2659
-1160
468
2210
-629
-78
-1242
-2914
829
-45
-3936
-2364
-362
-2566
-4761
-6488
-4951
-1690
-3314
-2440
11704
17720
5788
-16456
-14222
15060
28336
14701
-347
6267
13174
4453
-2159
9418
23094
17768
3117
-2300
5719
10081
769
-4067
1555
10758
3668
-11524
-13849
-6730
-5263
-11679
-11538
-6533
-7137
-15521
-20533
-18042
-14263
-10116
-9609
-9508
-11526
-13824
-13027
-12337
-8417
-3587
-43
-264
-2947
-4740
-3161
1728
5329
7133
7210
8679
8646
5210
5025
8135
12388
12304
11039
11654
10601
7447
5963
8014
13258
17049
11733
2822
-2506
665
4771
4755
4526
2698
-2950
-7645
-7127
-4439
-2065
-1393
-2999
-6292
-7970
-6267
-6197
-6291
-4919
-2781
-3016
-6216
-6682
-4682
-3839
-3571
-1956
-189
945
177
-1374
-1640
-298
3109
4346
2365
1028
244
-623
-620
1481
3539
2126
-1308
-1814
-789
-1364
-663
-796
-2213
-3955
-3098
-1875
-3839
-6019
-6097
-5836
1578
20486
22506
4543
-20919
-10686
21103
31236
18373
7190
13367
12202
369
605
19685
30780
17540
-1021
-3175
10415
10079
-2775
-6185
2796
9613
-5023
-16433
-13463
-9242
-15232
-21352
-14313
-6728
-11414
-24254
-28353
-23965
-17174
-12630
-12406
-11326
-14323
-16629
-16862
-12781
-4683
-728
697
-534
-1939
-1900
1290
5908
8412
9992
11568
13582
10428
7821
9102
12282
14276
13670
15631
15796
11487
6478
5839
12625
18343
13223
3659
-1453
-26
1445
1575
3315
2604
-4118
-8698
-8143
-5140
-3064
-3767
-4998
-6518
-6101
-4682
-5335
-5637
-4181
-3254
-3280
-2802
-1802
-2208
-4090
-3419
-559
948
1852
1729
639
-984
-1014
1548
2808
1979
958
-1040
-1688
-1926
-831
-863
-2446
-3683
-4600
-4866
-4475
-3970
-5173
-6193
-6708
-5452
-6009
-6574
-3190
16342
26585
13644
-13013
-14569
16188
32434
24565
12565
17652
18147
3903
-1033
16125
32665
23257
3426
-1907
8829
10814
-1125
-4682
2529
7670
-5360
-16680
-12794
-8638
-15133
-23254
-17819
-9475
-12258
-22979
-27146
-23841
-19842
-16351
-13717
-10273
-12293
-16390
-17051
-12934
-4913
-725
1155
1233
-62
-748
1157
5949
9308
11139
12036
12731
10393
8446
10050
11638
12362
11649
13480
13091
10423
8287
6138
7066
8074
9734
6566
1488
-1461
-2386
-2531
-1313
1046
-845
-4544
-7283
-6798
-5429
-3577
-1093
-1888
-3530
-4070
-2753
-2026
-1667
-284
250
-73
-505
124
112
370
434
467
1328
2468
2512
433
-1110
-417
77
-244
-692
-861
-1950
-3428
-4302
-4124
-4421
-5057
-5351
-6803
-6736
-6050
-6031
-5722
-7260
-6624
-6826
1901
20963
23653
5847
-16421
-4642
21901
29307
20535
18363
22650
10816
-3272
2683
25034
31628
15311
110
737
8249
2136
-4451
407
7363
652
-15556
-16691
-9223
-10363
-20268
-21209
-12642
-10328
-17732
-24353
-22190
-19631
-18030
-15663
-10227
-6225
-10301
-14797
-14362
-7108
-453
2424
4649
4614
2457
426
3428
8706
12772
13742
12603
10581
8129
8803
9526
10111
10899
11217
10101
6123
4244
3910
5434
7230
5788
2439
-1845
-3243
-3986
-3044
-878
-308
-3916
-6637
-5446
-4645
-4035
-3204
-981
-795
-2027
-1426
-378
795
742
684
1407
2789
2724
659
93
1573
2636
1023
813
2300
2172
-338
-2013
-836
-186
-851
-2101
-2855
-3143
-3785
-4838
-5398
-5257
-5049
-6327
-7417
-6009
-5505
-5934
-6987
-5395
-4365
669
17110
22193
9348
-11017
-4520
19258
26281
20164
18170
23501
13661
-2072
1883
23438
32182
16463
717
439
7246
881
-6161
-200
6448
-1318
-18787
-19233
-10376
-11406
-21240
-23225
-15179
-13302
-19421
-24105
-21512
-19338
-18963
-16848
-11106
-5487
-8211
-12384
-12290
-6120
202
3141
6471
7267
5350
3010
4598
9108
13361
15696
14472
11138
8323
9491
9972
9367
9849
10876
9572
4609
2706
3259
3041
3121
5284
3859
-2090
-6731
-6089
-3714
-3106
-1151
-1809
-5280
-7310
-6364
-4222
-2092
711
812
-1769
-1887
1001
1799
1502
2888
3613
2585
1505
2382
2333
1459
1517
1217
1063
1730
1717
-379
-2179
-2306
-2155
-2567
-2086
-2117
-4811
-6461
-6640
-6098
-6235
-5573
-6207
-7879
-8762
-6680
-5526
-5443
-4942
1361
16332
19849
9122
-7382
-1337
18534
24915
20674
20635
25219
14513
-876
3889
24789
32096
17376
3786
2808
5797
-1063
-4748
2152
6410
-3328
-19540
-19384
-11666
-13150
-21915
-23244
-16705
-16565
-22275
-24377
-20474
-19359
-20654
-18882
-12359
-6308
-7918
-11226
-11119
-5624
-34
2865
6726
8834
7726
4278
4323
9265
14828
16888
14313
10811
8790
9456
8881
8782
10461
11045
7170
1856
1543
3412
1364
2081
6303
2637
-5382
-9554
-4342
-2892
-4306
-1133
-937
-5743
-8344
-5368
-2728
-681
1796
1898
-1188
-203
3262
1968
2253
4844
5040
2131
2058
4844
2798
463
1447
2071
1003
1450
1886
-483
-2787
-3636
-3102
-2879
-1254
-2711
-6709
-7494
-6580
-6158
-7993
-6699
-6433
-8331
-9162
-7309
-6104
-5890
-4425
8485
20712
16549
-217
-8711
8902
23396
22860
20263
25958
23433
4748
-2794
14581
32086
25546
9570
3779
6003
1454
-6402
-1369
6800
3248
-13087
-21153
-14477
-12066
-18625
-23382
-18682
-15716
-20360
-24104
-21466
-18860
-20524
-20377
-15333
-7695
-5730
-8544
-10036
-7866
-2474
1318
5598
9885
10602
7410
3847
5726
12019
17173
16380
12307
9442
9022
7747
5915
8291
11113
8863
1854
-482
2352
1758
-2387
-1334
4997
1931
-6860
-9021
-3707
-3576
-6923
-2907
1823
-961
-6784
-5941
-1981
551
1846
2422
3161
3533
2536
138
2438
7006
6143
2332
2704
5062
1974
-981
875
3091
1189
-611
-20
-1086
-3388
-4935
-3864
-2751
-2569
-4374
-6602
-6871
-6596
-7639
-8133
-5829
-5213
-7721
-8786
-7942
-6000
-5516
8338
23593
18830
-650
-11292
7159
22485
23471
22290
27024
22747
2644
-4501
12878
31834
25992
9459
3063
4831
436
-7603
-1201
6894
2060
-13837
-20426
-13348
-12272
-18417
-22697
-19180
-16608
-19198
-21032
-19344
-18062
-20488
-20369
-15271
-6496
-2979
-5780
-8347
-8011
-3120
1440
6602
11227
11869
8637
3895
4569
11026
17055
16389
12122
9638
8547
5894
3674
7421
10412
6875
-152
-1408
1540
-532
-4525
-281
5794
-205
-9513
-8592
-1614
-3960
-7052
-856
2560
-2953
-7345
-3090
668
708
1626
3172
3530
3833
3309
1957
4250
6541
4236
1750
4317
5743
801
-1225
1483
1552
-1070
-108
1527
-1580
-5310
-5391
-3938
-3248
-3020
-4051
-6156
-6638
-7752
-8623
-6920
-4579
-5996
-8892
-7868
-5261
-5481
4758
20542
19851
2451
-9339
4880
19472
21122
21340
27653
22922
3979
-5226
10869
30107
25572
11154
4593
5418
-739
-8119
-1005
7472
1458
-14020
-19493
-13309
-12476
-18613
-21603
-19096
-18203
-19818
-20090
-17226
-16956
-20253
-20936
-16694
-7783
-2417
-3279
-6146
-7280
-4060
385
5790
11447
13822
10637
4867
3725
9692
16232
15998
12493
10565
9286
5312
2186
6099
9591
5952
-785
-1274
1455
236
-1483
-1390
-1417
-6101
-8389
-5303
-1640
-2651
-6120
-6642
-4715
-2182
-1649
-171
1305
593
-1220
196
5561
7709
5419
3292
3812
4204
3598
4478
5498
4277
1503
626
1190
1530
913
-46
-890
-2120
-2752
-2962
-3114
-4023
-5558
-5805
-5388
-5121
-5809
-7451
-7330
-7734
-7267
-7347
-6512
-4625
5478
18015
16873
3345
-7783
3515
16922
20081
20203
24247
23529
7292
-3035
7605
24515
24609
12063
5610
6026
2491
-5766
-4638
2424
2215
-8579
-17757
-13846
-10757
-15871
-23182
-22187
-16697
-17060
-19224
-17930
-15536
-17962
-21032
-18576
-10479
-3336
-2580
-4817
-6589
-4229
-518
2555
7822
12628
13188
7481
4141
8686
14104
14129
11293
11234
11427
8553
4421
4361
7418
7993
4606
1870
2713
1234
-4397
-6982
-3819
-1810
-4639
-6179
-4419
-5524
-9712
-9829
-4690
-1177
-1439
-1779
-738
-966
-1585
222
3280
5382
5608
4550
3354
3524
4369
4279
3672
4214
4930
3955
2550
1960
1437
56
-883
-173
331
-388
-1741
-3887
-5757
-6150
-4921
-3874
-4793
-5677
-6636
-7826
-8690
-8054
-5370
6399
18505
17832
1503
-11803
-1635
15100
21750
18672
19501
21142
9774
-4375
632
20303
27983
15304
1651
1522
5543
721
-5118
-2740
2853
-1545
-14163
-16490
-9034
-6934
-17718
-26409
-20831
-12149
-12711
-17723
-16587
-14783
-18479
-22101
-15808
-3947
-351
-4449
-8455
-7138
-3497
-933
3356
8628
10921
7652
3657
5150
10507
12990
10840
9567
9928
9579
7657
7373
8721
6740
3075
1691
4321
7350
7188
3178
-3496
-8043
-7159
-2264
946
97
-3495
-7731
-9755
-8195
-3780
-730
-593
-1864
-2815
-2315
-520
2107
2988
1692
661
2231
4799
5243
3766
1898
753
715
2706
5421
5623
2997
-307
-1816
-1051
941
2114
1268
-641
-3118
-4017
-3468
-3124
-3279
-3326
-3474
-4507
-5282
-4867
-4702
-3123
3713
11400
11951
2407
-5104
-2453
8041
14735
14247
11868
10309
8378
3733
3741
8385
13328
11768
6039
2545
2387
2860
1368
-558
-2343
-4598
-6914
-6915
-4927
-5534
-10690
-16016
-16885
-13682
-11787
-11053
-10734
-11283
-13805
-16356
-14619
-9739
-5387
-4419
-5036
-5442
-4629
-2995
-667
1963
3198
2927
2806
4561
7408
8332
6658
5007
4975
6181
6964
8005
8914
7870
4481
2197
3023
5140
6619
6340
4730
1676
-725
-794
38
-119
-1358
-2468
-3029
-2920
-2147
-1975
-3260
-4127
-2616
-441
650
972
1482
1287
-305
-369
1486
2968
2582
1558
1463
365
-140
741
1887
2113
1436
1470
807
475
863
585
-494
-1367
-1039
159
454
-972
-2232
-2593
-2935
-3253
-2353
-1781
-2770
-4045
-4074
-4581
-3492
1637
8053
9972
3389
-4332
-5435
1385
8830
12653
11568
7472
3369
1520
3328
6220
8587
8099
5668
3672
3078
2808
1782
230
-1213
-3128
-5190
-5048
-2370
-1394
-5173
-11174
-14481
-13358
-10352
-6958
-5573
-7285
-11006
-13481
-12369
-9020
-5421
-3308
-3001
-3954
-4265
-3386
-1478
856
2252
2095
1169
1648
4330
6651
6618
4913
3259
2796
3433
5642
7910
7798
4989
2338
1930
3558
5586
6639
5795
2903
342
146
1371
1590
25
-1946
-3074
-2596
-479
768
-658
-3235
-3893
-2478
-288
1971
3291
2104
-1317
-2503
85
1878
888
656
1888
1174
-260
-508
1025
1708
734
186
790
1309
913
1347
293
-1852
-2675
-1492
135
-68
-1100
-3033
-4427
-4111
-2805
-1883
-2742
-3759
-4171
-4461
-5784
-4773
896
8180
11032
5309
-2821
-5439
108
8127
13285
12860
9006
4744
2599
4238
7057
8485
7185
5315
4416
4305
3352
1874
235
-1490
-3884
-6145
-6079
-3440
-1631
-3964
-9528
-14154
-14449
-11903
-8206
-5867
-6005
-8506
-11352
-11363
-8795
-5775
-4019
-3253
-2872
-2367
-1785
-729
1146
2440
2198
1165
1448
4088
6822
7740
6485
4147
2322
2047
3915
6456
7542
5815
3368
2739
4390
6517
6131
2863
-1337
-3252
-1345
2115
3112
134
-3910
-5686
-4326
-1684
-60
-124
-1383
-2098
-1350
620
2213
2644
1781
45
-761
64
1780
3397
3107
1065
271
187
710
1767
1298
781
562
-513
-810
680
976
-567
-2737
-4049
-2972
-2460
-2327
-1823
-2736
-4127
-4506
-4536
-4398
-3647
-4081
-4478
-4949
-3669
2491
11387
13820
5935
-3301
-5106
2013
11098
16529
15943
11793
5882
2617
3665
6533
8696
8281
6272
4122
2775
1464
244
-893
-2385
-5955
-9778
-9670
-5227
-2316
-4765
-10960
-15758
-16919
-14820
-10170
-6219
-5263
-7898
-10522
-10616
-8536
-5760
-3242
-1384
-690
-531
-198
1365
3749
5314
4634
2533
2076
4548
7723
9407
8577
5932
2772
1225
2517
4972
6150
5557
4390
2813
1134
211
635
826
-268
-1371
-1539
-1628
-2189
-2671
-2621
-3241
-4114
-3334
-855
1039
1290
676
-127
-48
1045
3057
4133
3922
3472
3011
2363
1768
1856
1724
949
473
1160
1703
1179
413
-583
-1688
-2986
-3642
-2438
-1675
-2014
-2996
-4451
-5319
-5001
-3835
-3524
-4247
-4971
-4775
-4121
-3727
-4306
-5668
-2238
6427
15546
15701
6402
-1575
-629
6942
13608
16802
16059
13627
9743
7375
6473
6572
6791
6342
5107
3530
1804
520
-656
-2366
-5526
-10936
-14760
-13387
-8068
-5692
-8347
-13402
-16431
-17563
-16445
-13032
-9433
-7483
-7660
-7698
-7243
-6236
-4613
-2218
-147
1020
1423
2245
4582
7808
8967
6867
3972
4104
6469
8257
8999
8690
7272
4064
1922
2044
3017
3144
3051
2891
1080
-1675
-2815
-1275
-289
-1657
-3864
-5278
-5050
-3642
-1636
-933
-2177
-3167
-2495
-993
189
1663
2703
2764
2405
3144
4127
3956
3665
3632
3242
2387
2619
3609
3167
1366
-21
-513
-520
-126
529
-438
-2661
-4261
-4105
-3657
-3814
-3951
-4372
-4860
-5431
-5418
-5340
-5350
-5043
-4538
-4571
-5423
-5798
-523
9327
18595
16828
6953
193
3603
11684
15655
16709
16744
17041
13219
9084
7015
8086
8882
6333
2080
-1249
-1634
-305
-617
-3137
-8771
-15295
-19315
-17611
-12681
-10632
-12098
-14891
-15796
-17596
-18253
-16133
-11322
-7589
-7332
-7419
-6036
-2760
370
2110
2661
2556
3030
4535
7608
11075
12330
10824
7912
7007
6664
6753
6880
7422
6549
3416
1195
728
1292
650
-366
-2133
-4599
-5725
-4060
-1414
-1590
-3685
-5207
-5804
-5605
-4416
-1644
-350
-444
-363
940
2141
2772
3887
4185
3559
3276
4908
6428
6486
5735
4429
2467
901
1261
2130
1533
284
-591
-1200
-2149
-2181
-2261
-3306
-5091
-5533
-4810
-4389
-3988
-3830
-4179
-5423
-5791
-5108
-4757
-4291
-4029
-3582
-5086
-2341
6987
18329
20965
12610
5618
5599
11588
13593
14635
16095
18856
17007
11058
7248
7722
9773
6097
-833
-5456
-5288
-3127
-3264
-4788
-8347
-13835
-18982
-21216
-19127
-17032
-14769
-14223
-14112
-15942
-16850
-14642
-10761
-7355
-7288
-7209
-5383
-1176
2954
5262
7042
7989
7493
5876
5863
9155
11946
12429
10246
8899
7480
6155
5177
4525
3469
203
-2317
-3521
-2854
-2088
-1750
-2236
-4766
-7207
-7665
-5349
-3119
-2562
-2561
-2993
-2795
-2289
-33
1420
1647
1511
2298
3755
4846
6701
7619
6845
4960
4480
5189
5487
5329
4457
2876
799
-145
-244
-780
-1415
-2428
-3575
-4961
-4599
-3141
-2809
-3707
-4737
-4932
-5282
-5074
-3999
-2989
-2910
-3399
-3290
-2884
-2700
-2022
-2069
-1981
-3557
-229
8490
19098
21568
14507
9329
9468
13187
11435
11239
13408
16717
13956
8609
7098
8397
8610
2577
-4643
-8974
-9294
-7817
-7812
-7417
-8898
-12606
-17624
-20558
-19503
-18252
-16053
-15192
-14040
-14678
-13431
-9599
-5628
-3631
-4393
-4064
-2842
-459
2804
6415
10347
11608
10392
7958
7543
9534
10161
9194
6967
6540
5357
4142
3251
2955
1534
-2314
-5387
-7160
-7020
-6398
-5039
-3831
-4467
-5229
-5153
-3350
-2592
-2153
-1107
-133
260
331
2641
4465
5262
4907
5097
5180
5254
6486
7137
6768
5797
5761
5289
3954
3273
2547
1049
-1189
-1990
-2286
-2927
-3579
-4249
-4884
-5529
-4599
-3764
-3630
-3885
-3787
-3772
-4110
-3284
-1911
-1059
-1173
-1125
-927
-912
-701
-460
-619
-587
-839
-1108
-2898
962
9918
18893
18306
11505
9221
10699
11847
7917
8201
10831
12802
8684
4732
5522
7924
7235
219
-6050
-9000
-9583
-10150
-10979
-8942
-8845
-11151
-14913
-16222
-15261
-14951
-14002
-14251
-13761
-13563
-10325
-6047
-2364
-501
-489
-311
-473
627
2727
5858
9329
9894
8644
7218
8439
9744
8598
6529
4704
3406
734
-625
-273
840
-257
-3177
-5502
-6875
-6685
-6547
-5676
-4778
-4347
-3884
-2984
-727
883
1850
2467
3221
2838
2405
3495
5256
5822
5447
5993
6632
6226
5910
5815
5204
3698
2802
2618
1878
1252
718
-259
-1984
-3048
-3512
-4189
-5018
-5087
-5128
-5185
-4286
-2864
-2138
-2208
-1927
-1593
-1947
-1834
-791
-153
-148
-132
524
749
555
498
277
-459
-1179
-1592
-2527
-3649
-4388
957
9409
16304
14162
9380
9265
11637
10142
5628
6286
9562
9309
4249
3724
7841
10825
7028
-495
-5169
-7059
-8564
-10810
-11462
-8745
-8548
-11240
-14271
-13077
-10767
-10726
-12446
-13630
-13609
-12810
-9947
-6474
-2418
87
1637
1832
1432
2544
4422
6286
6703
5621
5157
6025
8317
9131
8039
6447
4951
2092
-1352
-2735
-1880
-1440
-3316
-4957
-5294
-4717
-4412
-4757
-4855
-4970
-4816
-3860
-1861
1228
3677
5037
5182
4540
3912
4378
5331
5303
4379
4238
5203
5547
5767
6081
5881
4266
2208
1108
530
209
-228
-1124
-2106
-2486
-2569
-3129
-3593
-3667
-4142
-5182
-5053
-3621
-2455
-1876
-1294
-512
-212
119
624
516
47
-287
-395
-436
-29
558
584
16
-323
-645
-1378
-2207
-2695
-3489
-4596
-6069
-4109
2999
11205
14187
10553
9214
11058
11669
7915
6329
9003
10305
6194
2496
4676
9305
9790
4361
-864
-2997
-4869
-8912
-12561
-11105
-8531
-10119
-13775
-14081
-10265
-8406
-9680
-11517
-11793
-11591
-11241
-9941
-6404
-2009
857
1423
1317
3004
5323
6478
6493
5605
4749
4012
4434
5409
5921
6376
6039
4053
930
-785
-913
-1417
-3539
-5267
-5630
-5214
-4883
-4541
-3322
-2271
-2706
-3128
-1071
2762
4357
3218
2956
3756
3891
3665
5009
6197
5661
4742
5051
5334
5601
5944
4803
2402
1115
1670
1593
858
1185
915
-1133
-2789
-2481
-2157
-3137
-3905
-4499
-5243
-4846
-2824
-1567
-1612
-1521
-1132
-1475
-1582
-529
-11
-711
-1450
-1431
-1200
-542
413
444
-440
-1168
-1299
-1672
-1789
-1516
-1526
-2414
-2905
-3085
-3392
-4250
-2980
2963
9833
12941
10516
9881
12577
13645
9992
7027
8595
9667
5674
1758
3733
8381
8488
3331
-742
-1381
-2841
-7552
-11776
-11249
-9422
-11679
-14834
-13825
-9047
-7197
-8974
-10188
-9431
-9057
-9905
-9674
-6711
-3062
-1029
-445
770
3673
6196
6838
6262
5345
4419
3525
3282
3715
4013
4460
4304
2983
1332
896
1267
62
-2758
-4895
-5435
-5551
-5799
-5156
-3182
-1645
-1724
-2255
-1493
600
2414
3733
4865
6122
7001
7485
7559
7555
7456
6756
5355
4311
4521
4670
4004
3141
2758
2149
1210
676
68
-1159
-2487
-3362
-4086
-4716
-4647
-4598
-5088
-5594
-5404
-4912
-4422
-3649
-3049
-2777
-2333
-1439
-694
-199
407
763
436
120
430
815
649
246
-19
-83
-73
-37
-93
-281
-414
-1014
-1740
-2167
-2295
-2553
-3160
-3743
-4616
-3784
1387
8236
11524
10081
10096
12712
13202
10062
8162
9761
9812
5707
2060
3632
7569
7834
3894
853
422
-1585
-6636
-10250
-9432
-8931
-12567
-16049
-14842
-10814
-9271
-9932
-9867
-8881
-8966
-10290
-10226
-7536
-4224
-2757
-2452
-908
2223
5163
6915
7817
7641
6552
5209
4325
3923
4147
4947
4803
3309
2060
2431
2996
1764
-571
-2285
-3292
-4700
-5984
-5626
-3828
-2703
-3064
-3049
-1183
1102
1891
2010
3537
5556
6214
6534
8377
10309
9703
7878
7039
6559
5040
3527
2735
1762
321
-583
-949
-1144
-1218
-1832
-3391
-4561
-4600
-5005
-6227
-6507
-5945
-6279
-6873
-5710
-3786
-3143
-2997
-2172
-1221
-823
-184
714
1421
1873
2056
1751
1770
2473
2677
1805
1157
1189
702
-496
-1108
-1063
-1335
-1870
-2213
-2138
-2087
-2127
-2476
-2893
-2987
-3091
-3518
-4107
-4115
-1806
3636
9471
11496
10714
12088
15114
14862
11488
10194
11159
9209
4098
1561
3828
6429
5005
1348
-393
-686
-3415
-8621
-11611
-11283
-12415
-16473
-18583
-15994
-12394
-11318
-11049
-9558
-7896
-7408
-7493
-6381
-4086
-1989
-1049
-300
1959
5264
8153
9923
10575
10183
9262
8488
7438
5842
4801
4458
3286
1165
457
1475
1739
-105
-2128
-3149
-4150
-5839
-7147
-6806
-5702
-5304
-5560
-4446
-1581
695
1278
1824
3291
4369
4817
6681
9007
9917
9209
8906
8706
7827
6932
5628
3346
752
-671
-1641
-2516
-2580
-2660
-4108
-5532
-5326
-5001
-5688
-5861
-5413
-6046
-7068
-6080
-4128
-3058
-2591
-1678
-924
-253
1029
2153
2509
2718
2912
2415
2125
2992
3739
3098
2193
1869
1295
393
-93
-485
-1502
-2649
-3304
-3748
-3747
-3280
-3105
-3526
-3588
-3042
-2855
-2958
-2767
-2364
-2284
-2337
-2444
-1643
2129
8038
11811
11689
11766
14201
15482
13237
10666
10307
9277
5207
946
567
2999
3542
716
-2104
-2525
-3272
-6656
-10009
-10550
-10789
-13671
-16642
-16012
-12724
-10193
-8964
-7591
-5648
-4060
-3298
-2575
-1160
413
954
903
1755
3897
6439
8637
9974
9936
9177
8581
7701
5789
3764
2482
842
-1648
-3294
-2802
-1822
-2229
-3605
-4442
-4671
-5369
-6627
-7169
-6464
-5937
-6284
-5845
-3230
-130
1534
2440
3782
4943
5051
5069
5714
6554
6551
6158
6936
9387
11509
10914
9089
7844
6256
2753
-357
-1383
-2808
-5723
-7569
-6682
-5508
-5057
-4424
-3803
-3899
-4266
-4257
-4335
-3904
-3220
-3384
-3830
-2424
71
1010
1145
2098
2895
2134
1529
2019
2087
1209
355
66
4
454
760
256
-420
-784
-1550
-2782
-3147
-3149
-3850
-4830
-4692
-3886
-3169
-2252
-1436
-961
-900
-635
-755
-981
-860
-978
-1621
-1974
336
4778
9405
11681
12104
12992
14282
14068
11522
9818
9119
6804
2420
-222
892
2266
1394
-763
-1640
-2068
-3816
-6610
-8401
-8780
-10283
-13201
-14934
-13256
-10421
-8708
-7496
-5579
-3547
-2697
-2092
-1066
264
867
672
517
1215
3119
5158
6640
7158
7180
6848
6178
5094
3560
2096
454
-1664
-3930
-4736
-3983
-3443
-3925
-4328
-3797
-3551
-4065
-4435
-3951
-3598
-4074
-4458
-3419
-1087
988
2384
3822
5712
6858
6960
7029
7624
7727
6619
5494
5247
5768
6101
6602
7129
6807
5239
3340
2063
403
-1792
-4105
-5905
-7261
-7661
-6920
-6021
-5235
-4489
-3883
-3753
-3078
-2085
-1979
-2645
-2712
-2124
-1901
-1085
452
1547
1556
1705
2307
2348
2103
1719
893
-307
-848
-822
-854
-673
-272
-425
-1051
-1072
-799
-1033
-1633
-2042
-2535
-3038
-2856
-2177
-1549
-1105
-646
-343
-157
321
521
229
-182
-569
-1124
-1687
-536
1981
4629
6732
8365
10036
10769
11143
10967
9974
8181
5618
3333
1537
736
565
364
7
-562
-1441
-2263
-3038
-4170
-5973
-8119
-9645
-10955
-11523
-10920
-9456
-7881
-6803
-5351
-3720
-2136
-862
-163
226
374
486
677
1326
2623
3812
4416
4966
5629
6055
5880
5234
4200
2556
718
-899
-2002
-2500
-2759
-3015
-3233
-3211
-2940
-2656
-2339
-2255
-2700
-3177
-3329
-3041
-2400
-1325
24
1074
2072
3299
4566
5499
5901
5850
5400
4678
3982
3409
3071
2832
2514
2672
3015
3003
2544
2266
1950
627
-790
-1561
-2277
-3505
-4233
-4064
-4042
-4133
-3492
-2624
-2311
-1923
-1301
-1075
-1158
-641
-194
-395
-176
571
857
666
1144
1730
1413
930
867
563
-147
-547
-801
-1331
-1657
-1492
-1480
-1566
-1275
-1086
-1389
-1678
-1600
-1712
-2052
-2097
-1996
-2018
-1882
-1372
-738
-184
313
616
735
811
721
465
252
117
-110
8
948
2279
3380
4364
5571
6582
7104
7323
7359
6996
6066
4786
3541
2731
2223
1556
719
102
-379
-1111
-1942
-2495
-3033
-4009
-5216
-6218
-6877
-7212
-7207
-6954
-6530
-5852
-4952
-3962
-2922
-1906
-1080
-494
-38
364
802
1393
1988
2359
2627
3021
3422
3570
3487
3234
2688
1802
775
-128
-819
-1394
-1972
-2508
-2827
-2921
-2929
-2840
-2628
-2476
-2506
-2518
-2294
-1908
-1474
-973
-385
287
1093
2031
2952
3753
4371
4680
4733
4724
4660
4416
4050
3636
3186
3006
3194
3187
2687
2313
2186
1487
319
-337
-665
-1589
-2622
-2914
-2929
-3180
-3165
-2796
-2645
-2522
-2076
-1795
-1804
-1495
-1062
-1143
-1197
-612
-97
-125
73
633
727
394
305
264
-200
-745
-1069
-1379
-1635
-1620
-1552
-1580
-1416
-1141
-1154
-1318
-1237
-1097
-1176
-1223
-1012
-712
-471
-202
100
407
745
1019
1128
1176
1247
1211
1038
956
994
969
884
902
1016
1189
1551
2075
2584
2998
3397
3701
3843
3887
3845
3652
3305
2893
2439
2014
1642
1240
730
191
-344
-954
-1572
-2096
-2587
-3177
-3741
-4158
-4466
-4669
-4696
-4563
-4368
-4081
-3668
-3163
-2594
-1994
-1466
-1065
-695
-339
-22
312
708
1047
1267
1482
1746
1933
1957
1867
1630
1224
731
249
-185
-588
-951
-1240
-1417
-1447
-1366
-1252
-1190
-1178
-1133
-996
-839
-674
-428
-95
269
657
1128
1643
2139
2535
2759
2962
3343
3681
3578
3218
3016
2781
2222
1684
1502
1279
736
247
31
-156
-434
-676
-921
-1217
-1397
-1422
-1432
-1365
-1163
-1018
-1025
-942
-711
-586
-628
-664
-658
-724
-800
-766
-695
-705
-759
-805
-830
-809
-759
-772
-878
-996
-1066
-1115
-1145
-1093
-965
-864
-792
-665
-461
-258
-141
-101
-79
-64
-74
-88
-68
-40
-33
6
113
213
234
214
218
218
177
139
177
312
460
633
1060
1825
2618
3187
3676
4243
4641
4692
4590
4502
4239
3650
2963
2440
2057
1609
1065
530
42
-537
-1255
-1952
-2546
-3175
-3911
-4545
-4946
-5187
-5295
-5198
-4944
-4646
-4262
-3758
-3223
-2722
-2220
-1699
-1202
-759
-338
102
532
871
1096
1323
1598
1803
1840
1779
1686
1508
1211
887
628
383
83
-235
-469
-600
-672
-706
-701
-654
-582
-462
-271
-2
286
558
803
1060
1344
1615
1862
2087
2262
2335
2332
2307
2265
2155
1948
1703
1480
1265
1040
820
613
376
76
-218
-425
-571
-741
-919
-1069
-1193
-1273
-1277
-1183
-1091
-1051
-1012
-919
-790
-700
-664
-648
-695
-825
-974
-1011
-946
-914
-936
-906
-774
-633
-553
-494
-411
-394
-492
-615
-635
-568
-515
-478
-378
-201
-52
33
137
289
406
426
403
429
488
509
507
561
643
643
551
478
490
530
475
406
424
517
583
627
782
999
1136
1154
1234
1476
1746
1883
1949
2064
2188
2168
2014
1857
1682
1340
839
366
27
-290
-691
-1109
-1448
-1722
-2020
-2321
-2545
-2712
-2893
-3086
-3189
-3150
-3032
-2893
-2702
-2412
-2053
-1671
-1286
-890
-523
-225
4
208
403
570
688
784
897
1013
1111
1184
1226
1205
1095
911
692
456
206
-47
-266
-408
-471
-463
-389
-246
-66
108
260
404
547
669
756
853
975
1100
1207
1303
1407
1500
1543
1526
1469
1386
1267
1118
949
772
576
348
102
-132
-341
-538
-728
-893
-1020
-1113
-1177
-1209
-1218
-1212
-1207
-1200
-1173
-1121
-1038
-939
-832
-702
-555
-407
-257
-106
33
152
241
306
363
406
416
387
346
309
266
214
157
105
47
-30
-106
-174
-241
-320
-405
-480
-522
-523
-479
-395
-273
-134
10
161
327
502
676
833
973
1124
1276
1443
1625
1811
1974
2082
2142
2156
2118
2009
1831
1581
1258
880
475
68
-337
-730
-1121
-1491
-1832
-2147
-2418
-2646
-2821
-2948
-3017
-3011
-2933
-2784
-2561
-2273
-1944
-1601
-1258
-918
-590
-293
-28
204
398
556
677
782
876
944
968
947
893
804
682
539
380
205
24
-134
-248
-303
-297
-257
-182
-72
64
221
390
565
737
896
1051
1198
1340
1475
1588
1673
1722
1728
1697
1635
1541
1419
1266
1094
907
708
501
290
76
-146
-367
-573
-757
-916
-1042
-1140
-1205
-1236
-1237
-1205
-1155
-1089
-1015
-946
-884
-832
-786
-738
-686
-635
-574
-506
-432
-357
-284
-218
-164
-125
-105
-89
-73
-61
-46
-28
-8
14
35
48
58
64
68
66
77
97
132
180
240
302
360
411
450
483
501
511
518
529
542
561
590
619
655
687
706
715
712
701
683
664
644
630
620
611
597
572
526
453
347
210
45
-145
-345
-549
-744
-917
-1062
-1169
-1244
-1281
-1288
-1285
-1269
-1257
-1252
-1243
-1239
-1229
-1204
-1161
-1087
-979
-844
-684
-511
-341
-187
-49
61
145
207
252
287
314
345
381
419
452
468
473
452
418
368
304
244
194
160
143
152
183
225
275
322
362
391
409
415
411
420
438
467
517
585
667
743
812
853
869
849
796
717
622
521
423
331
250
185
122
58
-12
-91
-184
-289
-401
-503
-589
-655
-696
-707
-693
-663
-612
-561
-508
-459
-410
-357
-303
-238
-165
-88
-14
60
126
175
209
223
215
188
153
118
90
67
54
60
67
78
84
81
69
56
33
6
-2
6
36
93
159
239
322
390
443
472
473
448
403
344
277
209
141
72
7
-54
-116
-180
-248
-319
-390
-460
-533
-602
-663
-716
-761
-795
-823
-845
-859
-866
-863
-858
-849
-835
-812
-788
-758
-722
-680
-631
-571
-504
-428
-346
-259
-172
-89
-5
74
143
211
283
357
436
519
604
695
777
843
887
911
918
903
871
844
823
815
819
833
855
875
885
867
828
769
695
604
520
447
389
354
335
330
325
318
291
247
189
112
30
-57
-137
-201
-246
-281
-304
-321
-342
-372
-411
-462
-517
-577
-630
-670
-699
-711
-706
-691
-669
-650
-632
-611
-593
-578
-557
-524
-487
-433
-369
-299
-225
-153
-82
-28
18
50
67
83
98
118
143
177
220
267
315
358
394
414
418
411
391
362
338
312
295
282
271
261
248
227
191
142
81
15
-54
-118
-175
-214
-242
-254
-252
-242
-233
-225
-216
-220
-226
-236
-251
-258
-254
-252
-249
-236
-227
-220
-211
-213
-222
-228
-235
-236
-228
-217
-193
-163
-131
-89
-48
-14
18
47
72
92
108
128
154
189
228
262
300
344
381
414
436
444
458
460
452
452
431
407
394
376
353
327
285
246
207
164
119
72
26
-16
-52
-80
-103
-124
-136
-153
-168
-179
-198
-212
-219
-228
-231
-223
-207
-177
-146
-124
-104
-91
-84
-82
-85
-95
-101
-106
-107
-95
-79
-57
-32
-7
13
27
40
41
34
18
-7
-31
-49
-70
-80
-86
-83
-77
-71
-61
-52
-41
-28
-22
-12
-4
8
16
22
28
29
33
32
28
21
11
4
-5
-9
-9
-5
2
10
21
29
32
27
20
10
-1
-13
-21
-21
-11
10
42
95
133
157
175
179
155
110
56
-4
-69
-122
-152
-173
-160
-128
-89
-46
11
57
78
98
109
99
72
51
17
-15
-37
-54
-59
-51
-44
-43
-31
-18
-15
-21
-27
-37
-52
-61
-66
-65
-60
-45
-29
-13
6
15
16
25
29
28
32
38
45
53
63
76
78
82
80
70
63
54
40
28
22
20
15
17
20
25
27
33
35
33
30
21
13
6
0
-6
-11
-11
-12
-14
-8
-2
-8
-9
-12
-21
-31
-35
-38
-45
-47
-51
-48
-46
-49
-53
-58
-67
-75
-79
-82
-80
-74
-67
-52
-38
-22
-6
1
8
9
8
5
3
0
-3
0
4
12
18
24
33
36
37
38
35
37
35
29
29
27
33
34
32
36
38
38
36
37
38
36
35
31
30
31
27
26
25
21
17
12
5
4
0
-4
-11
-15
-18
-23
-25
-25
-28
-30
-29
-32
-34
-34
-35
-33
-33
-33
-38
-36
-30
-29
-28
-26
-24
-19
-16
-14
-12
-9
-5
-4
-1
2
4
5
10
15
13
19
22
24
26
28
31
28
28
28
26
28
27
23
22
25
21
17
15
14
15
10
8
4
3
-1
-6
-8
-8
-11
-14
-13
-10
-12
-17
-15
-18
-21
-23
-21
-19
-20
-16
-16
-18
-18
-16
-16
-15
-18
-21
-21
-21
-16
-16
-9
-7
-4
-3
-2
2
2
7
6
7
9
13
14
19
19
21
24
20
23
23
21
20
18
21
21
23
22
18
16
15
11
8
3
1
-8
-7
-7
-7
-8
-11
-7
-7
-8
-6
-8
-10
-8
-6
-7
-8
-4
-3
-4
-2
-2
-2
-2
-4
-4
-3
0
4
4
2
0
-1
4
3
0
-2
-7
-8
-9
-14
-12
-13
-14
-12
-8
-5
-2
0
5
4
4
3
5
7
7
10
8
9
10
11
10
13
15
15
12
10
9
7
5
4
2
-1
0
-2
-2
-4
-8
-11
-14
-15
-16
-15
-16
-16
-15
-12
-10
-7
-3
0
0
4
5
5
7
4
4
0
1
-2
-1
6
3
5
5
4
3
2
-1
-2
-6
-7
-7
-10
-10
-7
-7
-10
-11
-13
-8
-11
-11
-13
-10
-9
-10
-3
0
6
6
9
12
12
13
13
15
15
16
20
21
21
17
16
16
15
12
11
10
11
6
3
2
3
2
2
2
-1
0
-5
-5
-2
-2
-1
-5
-4
-4
-2
-3
2
5
2
3
3
3
3
0
-1
-5
-6
-7
-9
-7
-8
-11
-10
-12
-11
-14
-16
-16
-16
-13
-15
-14
-9
-10
-10
-7
-7
-4
-3
0
1
3
2
3
7
6
12
11
11
13
15
15
15
14
10
9
7
5
5
4
5
4
3
5
3
6
6
6
5
3
5
-1
-2
-6
-5
-3
-5
-2
-3
-3
-4
-3
-3
-4
-5
-5
-6
-6
-5
-4
-6
-10
-9
-8
-5
-7
-6
-8
-6
-6
-7
-5
-3
-2
-4
-4
-5
-2
-1
0
0
3
6
7
8
8
7
6
7
7
11
13
16
14
12
13
13
15
13
10
9
8
7
4
3
3
4
3
0
-3
-6
-8
-9
-10
-12
-14
-13
-9
-8
-6
-7
-10
-13
-13
-9
-8
-7
-6
-4
0
1
2
4
4
3
0
3
5
3
4
4
1
1
0
0
0
3
1
-1
-1
-1
-3
3
3
0
4
3
0
0
3
7
6
1
4
3
3
2
3
1
3
2
0
3
3
3
0
2
1
2
3
2
4
0
-1
-4
-3
-3
-9
-4
-5
-4
-4
-2
-2
-4
-4
-4
-1
-4
-5
-5
-5
-3
-4
-2
1
2
0
2
1
2
4
1
3
3
4
2
3
2
3
1
2
2
0
0
0
-1
-3
-3
-7
-7
-9
-5
-1
-5
-1
-3
-3
-2
-4
-2
3
1
2
3
-1
2
2
2
4
5
6
7
8
6
3
5
7
4
6
5
6
9
4
2
1
0
0
0
-1
1
0
0
-1
0
1
-1
-2
1
2
1
4
5
6
5
3
4
2
0
0
0
-2
-4
-5
-8
-8
-4
-8
-10
-8
-11
-11
-5
-9
-10
-9
-9
-6
-5
-3
-4
-2
-1
1
-1
2
4
5
6
5
8
6
8
9
8
10
8
6
7
8
6
6
3
4
0
1
1
2
1
0
2
0
0
-4
-2
-4
-4
-3
-5
-5
-6
-2
-1
-2
-1
1
-3
-3
-2
-3
-4
-2
-3
-4
-2
-3
-3
-1
-3
-3
-4
-8
-6
-6
-10
-7
-4
-3
-3
-7
-7
-4
-4
-1
1
1
2
4
6
7
8
10
9
9
10
11
13
13
14
13
10
10
11
9
8
8
6
6
6
4
5
2
0
-1
-4
-8
-6
-6
-5
-7
-8
-7
-6
-10
-8
-4
-4
-5
-7
-3
-4
-2
-1
-1
-3
-2
1
-2
-3
0
-1
-1
-4
-1
1
-4
-1
-6
-3
-2
-5
-2
-2
-4
-1
-2
0
3
2
3
5
5
5
7
6
6
6
5
6
4
5
3
4
2
3
1
1
0
-1
2
1
0
-2
-3
-2
-5
-3
-4
-8
-6
-3
-3
-4
-4
-2
-5
-4
-1
-2
-2
0
-2
-2
0
0
2
1
-1
-2
-4
-3
-1
1
-1
1
-1
-2
-2
-2
0
2
2
1
4
3
2
3
2
2
3
4
2
3
3
3
1
-1
-3
-3
-2
-1
1
2
2
2
-1
0
3
0
2
1
1
1
1
2
4
4
5
4
3
1
2
2
1
0
-1
1
1
0
-3
-5
-5
-2
1
2
-1
-2
-1
1
1
0
2
1
0
1
0
-1
0
0
2
2
1
1
2
3
3
1
-1
0
0
-1
-3
0
-4
-5
-6
-4
-2
-4
-5
-3
-3
-5
-8
-5
-4
-4
-4
-5
-4
-2
0
1
4
3
4
2
5
2
5
7
3
3
2
3
1
5
3
2
3
1
1
0
-2
-3
-3
-1
-3
-3
-3
-1
-1
1
0
-2
-2
2
4
-3
-2
0
-1
1
0
-1
-1
0
-3
-2
-1
4
3
1
1
1
1
1
4
2
2
2
0
-1
-3
-3
-3
-2
0
0
1
1
2
0
0
-2
1
2
0
2
0
2
4
4
6
6
5
5
5
5
5
3
2
0
1
1
1
-3
-2
-4
-7
-6
-7
-5
-7
-6
-8
-7
-6
-3
-2
-2
-1
-2
-1
-2
-2
0
-1
0
0
3
5
5
9
5
6
3
2
1
2
2
-1
-1
-2
-1
1
0
4
2
2
1
0
1
0
3
4
2
3
6
6
4
3
3
0
1
1
0
1
1
2
-1
-2
-4
-4
-1
1
-1
-1
-3
-6
-7
-9
-10
-8
-8
-9
-6
-7
-8
-4
-5
-4
-3
-3
-4
2
0
-3
-1
-1
-1
-1
1
1
-1
0
-1
1
0
-2
-1
3
3
3
5
4
3
5
5
4
3
4
2
3
6
3
2
5
3
4
5
1
4
5
4
2
0
2
4
2
2
4
5
4
2
-1
0
-1
0
-1
-4
-2
1
1
2
0
-4
-1
-2
-4
-3
-3
-3
-4
-4
-1
-2
-2
-3
-2
-1
0
-1
-4
-1
-2
-3
-2
0
-4
-3
-1
-3
0
-3
-1
0
-1
2
0
3
0
2
2
-2
-1
1
-1
2
3
-1
2
-2
-2
-1
-2
0
-1
-3
-6
-3
-2
-3
-1
-2
-3
-2
1
1
5
1
3
4
1
2
3
5
5
5
2
2
2
2
2
1
2
0
-1
-1
-3
-4
-3
-5
0
1
-1
-2
-2
-1
-4
-2
0
-1
-2
-1
1
0
0
0
-1
-1
-1
1
2
1
3
0
-1
2
2
0
3
4
4
2
1
1
0
2
-1
-4
-3
-4
-5
1
1
-1
-4
-1
-1
0
1
3
5
5
4
5
1
4
5
5
4
4
3
1
2
0
3
-2
-2
-1
-5
-5
-5
-6
-7
-3
-6
-2
-1
-5
-3
-1
-2
-2
-2
-2
0
-2
-1
-2
-4
-3
0
-1
-2
-2
-1
-1
-2
-1
-1
0
2
-3
0
1
2
1
2
0
0
1
3
4
2
1
3
3
5
9
10
10
8
6
7
6
7
8
3
3
1
3
0
-2
-5
-5
-6
-4
-3
-9
-5
-6
-5
-7
-7
-5
-5
-6
-9
-7
-4
-2
-1
1
-1
-1
1
-5
-3
0
-2
-2
1
1
0
0
-3
0
3
-1
-1
4
1
0
2
-2
-2
0
1
3
2
1
2
4
3
4
2
3
2
2
2
5
3
2
3
3
1
-1
0
-3
1
1
1
-2
0
-3
-3
-2
-2
-2
-3
-2
-3
-2
-1
1
3
1
-1
-1
-2
3
0
1
3
-1
1
3
3
2
2
1
1
0
3
2
2
3
2
3
3
5
1
-3
0
1
1
3
5
2
1
-1
-1
0
-1
0
0
-3
-4
-3
-3
0
0
-3
-2
-2
-4
-7
-5
-6
-4
-5
-2
-2
-1
0
1
-1
-6
-8
-5
0
-2
-1
-3
-2
0
0
2
0
0
1
1
1
0
1
0
0
1
1
0
0
-1
3
3
1
-2
1
3
-1
-2
-2
-2
-1
3
4
2
4
3
3
4
2
2
3
1
2
4
3
3
4
1
1
2
3
4
3
3
2
-3
-1
1
2
0
0
1
1
2
0
-2
0
1
0
0
-2
-4
0
-2
-3
0
-2
-2
1
-1
0
-2
0
-1
-2
-1
1
3
-2
-2
-4
-4
-4
-5
-1
3
1
-1
0
-4
-1
0
0
2
-1
1
1
0
1
1
1
0
0
0
-2
-5
-3
-1
0
2
5
2
-2
-4
-4
-4
-1
-2
-2
1
2
4
3
3
-2
1
2
1
4
3
2
3
4
2
0
0
0
1
3
2
1
-3
-2
-1
-3
-1
0
0
0
-2
-3
1
2
-4
-2
-3
-3
-1
-1
2
2
-1
-1
-1
1
3
2
0
0
0
1
0
2
2
3
0
-1
1
0
-1
0
-3
-2
-2
-1
0
-4
0
0
-2
-1
-3
-2
-1
0
3
-1
0
3
2
1
0
0
0
2
-1
1
-1
-2
0
1
0
0
3
3
4
-1
0
2
4
1
4
1
1
2
2
3
1
0
-1
-2
-2
-2
1
2
-5
-5
-4
-4
-1
-1
-2
-1
0
1
-1
2
1
1
4
3
2
0
-2
1
-3
-1
1
-1
-2
-2
3
2
1
2
0
-1
1
1
1
-1
0
-3
-3
0
0
-1
-1
-3
0
-1
0
1
0
0
-3
-1
0
2
2
1
3
2
-1
2
0
1
2
-1
-3
-6
-5
-5
-4
-7
-2
-2
0
1
1
4
2
0
-1
4
5
5
1
-1
0
-1
-2
0
3
2
0
5
2
3
7
4
2
-1
-2
2
3
1
2
3
4
1
0
0
1
-1
-2
1
-3
-1
-3
-2
0
-1
-2
1
-3
-3
2
0
1
-2
1
2
1
0
2
-1
-1
1
-2
-3
-2
0
-2
-1
2
-1
-1
0
-2
-2
-1
-2
-4
-3
-1
-3
-1
1
3
1
0
2
5
2
0
1
1
3
1
6
6
2
2
1
2
0
-1
-4
-1
1
0
1
0
-1
-1
3
1
0
0
-3
-1
-6
-3
-2
0
-3
-3
2
0
1
1
2
1
0
-1
-1
0
-1
-1
1
0
-1
-3
-2
-1
0
-1
1
-2
-3
1
2
0
1
3
2
2
0
-1
0
1
1
1
4
1
0
1
-1
-2
0
0
1
-2
-5
-2
0
0
2
1
-1
2
1
1
1
-1
-1
0
0
0
-2
-2
-4
-2
4
2
1
3
3
1
-1
2
0
-2
-1
-2
-1
0
-2
3
0
0
3
0
4
2
0
2
2
3
2
0
-1
2
-1
-3
-3
-4
-3
-3
-2
0
-1
-2
-1
-7
-3
-1
0
4
1
-1
1
2
-2
2
3
1
-1
-2
-2
0
0
-1
-1
-1
1
1
4
3
7
2
0
1
-1
1
2
0
-1
0
-4
-2
-5
-2
-1
-1
-3
-1
0
-2
-3
-2
0
-3
0
3
3
1
2
3
6
4
1
2
2
2
-2
1
0
-1
-1
0
2
1
-1
-2
-1
0
-1
-2
-2
-4
-5
-2
1
2
0
1
0
-1
-1
-1
-3
0
0
-2
2
2
4
3
2
2
0
0
-2
-4
-5
-3
-1
-2
1
3
4
4
2
0
4
4
1
6
6
2
1
-1
2
2
-2
-2
-4
-3
-3
-1
1
-2
-1
-1
-1
0
-2
-2
1
-2
-2
-2
-2
1
-1
-2
-3
-3
-1
-1
-1
0
0
2
1
-3
-1
2
1
-1
2
0
-1
0
-1
-1
-2
2
3
-1
1
0
0
1
3
3
4
3
1
2
1
3
1
4
1
-2
2
1
0
-3
0
-2
-1
1
0
0
0
1
1
-1
-2
-2
-1
-1
-2
-2
-2
-2
-2
0
1
1
1
2
1
1
-2
-2
0
2
0
-3
1
-1
0
-1
2
1
2
2
1
-1
-3
-1
-4
-1
-1
-1
1
2
0
3
1
1
1
0
1
1
0
-2
-1
-1
-1
0
1
2
0
0
0
-2
-3
-2
-1
-1
-3
0
2
-1
-2
-2
-1
0
1
-1
-1
-1
-3
-2
-2
-3
0
-2
-1
1
2
-2
0
5
4
4
3
2
-1
0
0
0
1
2
3
4
2
0
1
-1
0
-2
-3
-1
1
2
0
2
2
2
4
1
2
1
1
3
2
1
1
3
2
1
0
-2
-2
-2
1
2
