SAMPLES:	7198
BITSPERSAMPLE:	16
CHANNELS:	1
SAMPLERATE:	16000
NORMALIZED:	FALSE
2
0
2
4
2
0
0
2
1
0
0
0
-1
-4
-3
-2
-5
-3
-3
-2
0
-1
-5
-4
-3
-3
-3
-7
-6
-2
-4
-3
-1
0
1
-1
-1
1
2
-1
-2
-1
2
2
-2
-2
0
-2
2
7
5
1
2
1
0
1
2
3
1
3
0
4
5
6
2
3
6
6
3
2
5
4
3
1
0
4
3
-3
-1
-1
0
-3
-6
-3
-5
-1
-1
-4
-4
-1
-1
1
-1
1
1
-2
-3
-4
-3
-5
-2
1
0
0
-4
-5
-3
-4
-4
-6
-2
1
0
-3
-2
0
-2
-2
-1
1
0
1
2
-1
1
5
-1
-1
-1
-1
-1
0
1
-2
-2
4
4
3
3
5
4
2
0
0
1
0
-1
1
5
6
8
3
1
1
3
3
2
5
4
1
0
0
2
0
-1
2
4
5
2
2
0
-2
-2
-4
-2
-1
-2
-1
0
-2
-3
-1
0
-2
-1
-1
0
-2
-3
2
-1
0
0
-5
-4
-5
-1
-1
0
1
0
1
1
0
-4
-5
-5
-5
-5
-8
-2
-1
0
-2
-2
1
0
1
3
2
6
5
4
8
2
-1
-2
-2
-3
2
-3
-1
6
4
4
2
1
1
1
2
2
1
-5
-4
0
-1
-2
-3
-3
-4
-5
-2
-3
1
1
2
5
3
1
0
-3
0
1
-1
-2
-3
-2
1
-2
-2
0
2
3
0
-1
-2
-2
-5
-2
1
-2
-1
2
3
3
1
1
2
5
4
2
6
7
7
6
2
2
4
1
2
2
-1
2
4
2
5
4
4
1
0
0
0
-1
2
-1
-1
-2
-1
0
-3
2
0
2
4
1
1
2
1
-3
-4
-3
-2
0
-3
-2
-6
-6
-5
-5
-3
-2
-3
-2
0
-2
1
-1
-1
2
-2
-4
-5
-7
-6
-5
-7
-7
-5
-4
-1
-2
-2
-5
-3
-4
-4
-1
-3
-3
-3
-1
-4
-5
-3
-2
-1
-2
-5
-6
-1
1
0
-1
-2
2
-1
1
1
-1
0
0
-2
0
2
3
6
1
2
3
1
2
5
6
7
5
5
6
4
5
4
4
2
1
3
7
9
4
-1
2
3
3
3
6
8
7
6
10
13
12
15
16
15
10
22
37
40
46
46
42
59
80
82
85
83
70
84
97
90
86
70
57
55
49
32
11
-6
-19
-42
-82
-125
-149
-153
-178
-234
-273
-295
-315
-314
-357
-416
-458
-501
-511
-496
-541
-585
-579
-571
-547
-529
-554
-546
-501
-455
-401
-369
-355
-298
-225
-176
-129
-85
-19
61
117
171
227
307
377
437
505
571
609
654
701
716
730
718
711
756
783
783
806
818
815
809
767
709
616
487
403
385
331
209
77
1
-49
-149
-287
-402
-490
-581
-636
-623
-585
-540
-289
408
1381
2048
2002
1518
1223
1414
1875
2233
2334
2222
2058
2040
2211
2294
1946
1195
513
285
324
202
-173
-506
-629
-774
-1189
-1812
-2374
-2748
-2933
-2952
-2918
-2991
-3169
-3228
-3040
-2840
-2956
-3339
-3607
-3514
-3156
-2756
-2433
-2184
-1954
-1694
-1431
-1259
-1227
-1258
-1185
-940
-621
-329
-50
288
704
1105
1394
1554
1653
1812
2073
2394
2689
2904
3057
3208
3361
3437
3334
3101
2920
2854
2828
2769
2670
2523
2312
2082
1865
1577
1193
830
575
391
194
-23
-241
-464
-694
-949
-1253
-1578
-1837
-1970
-2027
-2071
-2118
-2131
-2093
-2024
-1976
-2000
-2072
-2104
-2036
-1913
-1798
-1687
-1541
-1387
-1270
-1171
-1020
-809
-591
-404
-251
-135
-44
47
150
235
283
309
336
354
323
260
261
532
1172
1938
2359
2281
2127
2389
3007
3461
3449
3177
3040
3198
3553
3853
3810
3306
2583
2093
1980
1893
1400
605
10
-165
-248
-681
-1432
-2079
-2425
-2656
-2978
-3381
-3764
-4043
-4107
-3911
-3689
-3777
-4169
-4443
-4272
-3858
-3623
-3635
-3593
-3263
-2724
-2218
-1871
-1673
-1549
-1400
-1143
-805
-502
-290
-72
330
884
1371
1622
1721
1891
2207
2563
2827
3018
3208
3426
3638
3793
3833
3726
3537
3397
3342
3252
3023
2743
2533
2403
2215
1875
1442
1037
779
601
338
-32
-369
-563
-745
-974
-1237
-1636
-2065
-2069
-1507
-1233
-1868
-2733
-2894
-2535
-2422
-2729
-3075
-3115
-2890
-2709
-2808
-2981
-2809
-2332
-2013
-2065
-2075
-1711
-1362
-1385
-1496
-1347
-1113
-1194
-1515
-1818
-1943
-1022
2067
6813
10553
11006
9236
8170
8184
6913
3731
1592
2964
5856
6478
4428
2530
2391
2401
565
-2366
-4084
-3812
-2671
-1475
223
2111
2306
40
-2539
-3130
-2609
-3318
-5002
-5106
-3088
-1291
-1454
-2790
-4013
-5265
-6819
-7914
-7916
-7319
-6737
-5741
-3700
-1408
-679
-1970
-3430
-3126
-1473
-346
-203
349
2069
3865
4564
4315
3556
2263
959
815
1896
2808
2806
2770
3550
4537
4491
3163
1677
1452
2803
4502
5207
5088
5163
5406
4873
3358
1641
318
-428
-345
321
511
-376
-1613
-2289
-2534
-2968
-3594
-3961
-3660
-2640
-1557
-1406
-2244
-2983
-2912
-2579
-2622
-2755
-2488
-1856
-1194
-862
-1131
-1800
-2190
-1870
-1182
-666
-381
-133
209
583
736
466
-106
-490
-330
99
150
-377
-990
-1327
-1665
-2292
-3141
-3850
-2926
1829
9901
16600
17634
14346
11361
10136
7865
2832
-1908
-2219
1390
4161
3073
-244
-2823
-4388
-6150
-7601
-7153
-5235
-3580
-1757
1867
5795
6050
1865
-2719
-3998
-2790
-2264
-3344
-4064
-3104
-1903
-2472
-4624
-6752
-8250
-9283
-9152
-7114
-4398
-3099
-3079
-2245
-100
1267
358
-1308
-1151
1250
3839
4709
4093
3373
3068
2653
1838
906
38
-656
-652
342
1464
1620
855
311
883
2190
3094
3287
3774
5311
7324
8546
7910
5774
4062
3781
3649
2457
781
-810
-2260
-3105
-3486
-4519
-5733
-5367
-3405
-1445
-267
41
-276
-272
359
584
-415
-1638
-1871
-1503
-1528
-2329
-3596
-4711
-5086
-4439
-3522
-3023
-2529
-1552
-607
-113
-68
-513
-957
-770
-151
80
-56
-341
-805
-1099
-807
-1047
-2208
-3535
-3514
-2509
-2107
-3134
-472
14221
30423
28783
10576
2882
13501
17470
1633
-14179
-8385
7604
10590
-1055
-7756
-2952
-492
-7406
-11995
-5309
3086
1391
-4801
599
13530
14007
-620
-11488
-6126
1936
-874
-8410
-9470
-4124
-2093
-5971
-9394
-8045
-6561
-9432
-11590
-6372
998
54
-5942
-6387
662
5593
1801
-4114
-3698
2644
6332
3654
80
726
2559
1496
-167
727
2134
265
-2305
-1419
2277
3855
1207
-1001
1444
6244
7548
4787
3146
4740
7016
7933
7608
7429
6677
4414
1953
803
-208
-2853
-4775
-3564
-1233
-687
-1618
-3234
-3739
-1913
33
-310
-1340
-274
1384
1529
292
-1463
-3218
-4118
-4027
-4215
-4585
-4205
-3514
-2918
-2053
-1196
-1336
-2015
-1756
-498
207
-67
-1050
-1821
-1458
-661
-1024
-2166
-2417
-1954
-1288
-949
-1535
-2581
-3601
-3841
-3810
-3346
-3457
-827
13646
30072
29036
10487
1572
11357
15611
1133
-15390
-11491
4464
9438
-1427
-8888
-3269
890
-6100
-11967
-3822
6119
3170
-4670
-219
13266
15018
1293
-10650
-7246
1887
640
-8547
-11495
-5611
-2621
-6179
-8858
-5848
-3176
-5540
-8121
-4942
1856
2443
-3866
-6874
-641
6578
4579
-2511
-4563
742
4802
2261
-2421
-2455
1108
1954
310
303
2709
2339
-1433
-3035
199
3830
2520
-514
588
6003
8754
5475
1527
1982
5673
6621
4735
3560
3563
2704
855
912
2049
448
-3511
-4639
-1996
21
-1635
-3782
-3248
-343
2668
2318
-451
-1478
-37
668
-580
-2005
-3173
-3918
-3422
-2641
-2808
-3411
-3636
-3228
-1789
-25
268
-1058
-1506
-323
659
166
-1229
-1932
-1617
-715
-669
-1490
-2538
-2997
-2565
-2138
-1869
-2467
-3597
-4403
-4621
-2390
10805
28584
30623
13133
724
9144
16679
4826
-15377
-17906
-1304
9799
1963
-9294
-6090
1629
-1617
-9230
-5497
4863
5338
-2639
-2653
10256
17713
7025
-9041
-10905
-455
2442
-6572
-13770
-9954
-3505
-3489
-6472
-5700
-2161
-2616
-6008
-5044
1338
3808
-1923
-6815
-2734
5475
6345
-561
-5662
-2683
2940
2681
-1679
-3234
-182
2026
1460
1383
2978
3102
-328
-3065
-1193
3121
3649
323
-583
3582
7933
6678
2300
272
2983
6209
5714
3568
2840
2817
794
414
1502
-914
-5243
-5856
-2728
-749
-19
-1041
-2607
-558
3851
3686
-471
-1601
-507
-96
-317
-1110
-3362
-4666
-3658
-3268
-3246
-2686
-2810
-3360
-1509
1534
1734
111
-847
-553
117
571
-729
-2801
-2589
-1402
-1253
-1712
-1638
-2382
-3166
-2686
-2284
-3668
-5080
-5283
1439
19514
32472
24238
4606
1345
12281
12361
-4493
-19180
-12882
3312
7216
-3478
-8567
-1240
2208
-5082
-9184
-737
7166
3226
-4122
606
14106
15911
1343
-11705
-7726
1708
-327
-10096
-13364
-7141
-2520
-4115
-6037
-2528
1047
-2131
-6662
-3637
3799
3607
-3881
-7060
-266
7322
4937
-3452
-6415
-936
2955
-148
-3853
-1992
2326
2707
812
1303
3970
3157
-1844
-4300
-555
4184
3201
-497
-166
4673
7540
4699
706
267
3283
5094
3375
1522
1890
4405
4338
1133
-1216
-2137
-3465
-5327
-3809
-834
-72
-629
-39
1608
2743
1964
-1294
-2698
-444
1304
-722
-3243
-3012
-2227
-2243
-3281
-3990
-3264
-1607
-919
-976
385
1571
832
-399
-93
436
-158
-1702
-3173
-2916
-1333
-540
-1829
-3073
-2740
-2151
-1824
-2835
-4278
-5625
-1069
15842
31498
28019
7779
-1049
8951
14035
44
-18563
-17123
-441
7923
-987
-8970
-3040
3503
-1626
-8651
-2752
7502
6351
-3223
-3079
10753
17748
6042
-10473
-10919
-471
1137
-8368
-14654
-9450
-2628
-2690
-5488
-2835
2083
87
-5962
-5519
2398
5094
-1715
-7575
-2992
6201
6426
-1990
-7568
-3664
1536
210
-3452
-2446
2398
3797
1532
893
3562
3881
-949
-4729
-1999
3946
4963
1155
-595
2882
6661
5124
1164
417
3344
4770
2938
1737
3535
5789
3031
-1902
-3042
-1357
-2552
-5527
-4405
-719
1938
2098
1029
665
2172
2309
-846
-2334
-542
254
-1883
-3206
-2781
-2405
-2756
-4177
-4731
-2947
-745
-978
-1427
311
1849
1498
369
-87
-327
-586
-1529
-2856
-2808
-1956
-1912
-3003
-3219
-2773
-2710
-3201
-4086
-4886
374
17497
31817
26362
6712
-420
9360
12975
-1363
-18981
-16496
380
7706
-1819
-9281
-2473
3958
-1401
-8272
-2520
7965
7152
-2500
-3039
10403
17463
5707
-10627
-11140
-937
698
-8515
-14770
-9416
-2048
-2132
-5141
-2349
2995
704
-6013
-6221
1399
5013
-848
-6712
-3094
5591
6167
-1895
-7633
-4726
53
-499
-2929
-1652
2837
4250
1991
1011
3020
3357
-1190
-5029
-2813
3247
5674
2938
583
2453
5646
5290
2440
977
2193
3372
2952
3296
6003
5466
-15
-3812
-2852
-1910
-4044
-5327
-4278
-768
3719
4599
1694
622
1965
1103
-680
-670
-812
-2280
-2964
-2841
-2858
-2455
-3491
-5560
-4866
-1525
-83
-916
-730
281
1483
2353
1446
-553
-870
-390
-1426
-2237
-2271
-2892
-3973
-3707
-3207
-3399
-3466
-3852
-4153
5559
24336
32586
19437
979
1289
11455
10000
-7336
-19678
-10534
4928
5515
-5765
-7908
326
2214
-5496
-8037
1960
10282
5014
-4351
587
14603
15082
-1099
-13478
-8345
668
-1700
-11073
-13018
-5349
-827
-3710
-5485
-488
2669
-2578
-7816
-4088
4054
4494
-2454
-5738
234
6138
2657
-4924
-6906
-2616
-150
-1476
-1903
1242
4234
2855
425
1012
3044
1455
-2944
-4090
-142
4414
4598
2197
1651
4208
5865
4175
1961
1964
3340
4010
5574
5378
2051
-1654
-3299
-3600
-3632
-2616
-3364
-3740
-374
3471
3208
1165
736
724
1497
2092
729
-1426
-1745
-2053
-3560
-3646
-3687
-4866
-5362
-3732
-2052
-1188
-552
-997
-656
1233
2277
984
-254
-417
-898
-749
-725
-1926
-3469
-3723
-3603
-3859
-3620
-3700
-3843
6048
24344
31730
18154
138
995
11103
9780
-6444
-16936
-7349
6419
5096
-6328
-7756
-200
320
-7407
-8159
3117
10763
4511
-4466
1423
14427
13109
-2912
-13132
-6782
1063
-2106
-10307
-10697
-3896
-1752
-5378
-5894
-293
1315
-4910
-8972
-3360
4851
3906
-3403
-5554
1240
6001
1301
-5818
-6449
-1594
416
-974
-895
2535
4414
1537
-1145
377
3228
1446
-2962
-3561
1170
5629
4778
1267
209
2727
5370
5509
3873
3133
4852
6966
6130
3170
140
-2872
-5150
-4626
-2421
-1837
-2522
-2005
94
2388
3085
1180
-850
-38
2061
2340
737
-1001
-2227
-2662
-2944
-3936
-4869
-4950
-4708
-4002
-2260
-596
-461
-1173
-1008
268
1577
1349
-458
-1739
-1080
-137
-1167
-3318
-4316
-3792
-2925
-2831
-3083
-2494
8657
25888
30317
14638
-2228
1444
11386
8296
-7902
-15082
-3308
8772
4520
-7354
-6808
641
-910
-9334
-7629
5497
11765
3698
-4927
2737
14519
10224
-6499
-13860
-5254
1450
-2842
-9728
-7624
-1467
-2215
-7279
-6578
-87
66
-6714
-9148
-1445
5886
2930
-4481
-5524
1074
3674
-1277
-6263
-4645
-44
740
-320
498
3328
3221
-156
-1945
264
2865
1230
-1780
-1628
2405
5189
3720
871
806
3806
5295
4216
2869
5061
8594
6882
2016
-712
-470
-2057
-4044
-3455
-2168
-782
253
-174
-965
782
1375
-242
-48
2472
3124
1058
-423
-1947
-2610
-2830
-4599
-6330
-5175
-2857
-2654
-2610
-1762
-1080
-555
-49
-324
-618
181
-273
-1485
-1609
-1146
-1771
-3067
-3607
-3338
-2373
-1828
-3505
688
18299
31994
24135
1893
-4792
7422
13644
1568
-14093
-9851
5907
9007
-3514
-9910
-2629
1065
-6410
-10350
1171
13247
9224
-4032
-3945
10385
14480
388
-13143
-8923
1140
562
-7511
-9687
-4079
-2580
-7196
-8305
-1458
2054
-4062
-9820
-5197
4277
5124
-2039
-6561
-2240
2664
689
-3949
-4889
-1833
-212
-239
366
2186
2212
-417
-2083
-505
2555
2741
612
-681
1234
4232
4516
2050
-447
255
2965
7437
8482
6772
5611
4200
2374
-217
-634
-2885
-4395
-2267
226
578
415
-345
-2321
-993
1357
1565
401
1320
1958
1188
1165
-887
-3374
-4158
-3931
-4773
-4448
-3178
-3768
-3941
-2509
-1179
-875
31
-82
-568
196
544
-675
-2204
-2460
-3053
-2867
-2551
-3107
-3670
-2755
-996
10190
26271
27940
10122
-5586
1697
13577
10591
-5210
-11073
858
10425
2627
-10064
-8619
-2002
-4105
-9476
-2780
10200
11432
128
-6632
3587
13185
6251
-8051
-9542
266
3746
-2089
-7721
-6322
-4786
-7439
-9477
-5215
-513
-3173
-7837
-6225
1226
3723
-513
-5135
-3812
1136
2047
-769
-3241
-2295
-758
-12
205
448
543
-621
-1922
-1844
831
2636
1677
-174
354
3457
4884
3338
1342
2735
4770
6524
8634
7456
3144
-485
-344
-486
-740
-543
-1784
-2282
441
2115
-346
-1750
-1223
-246
1415
3153
2154
323
711
221
-1065
-1562
-2265
-4026
-4139
-3241
-3388
-3283
-3075
-3599
-3493
-1157
50
-547
-770
-594
-392
-305
-866
-2361
-2598
-1846
-2184
-2744
-2941
-2431
-1859
8970
24971
27238
9766
-7602
-1061
12930
12571
-2699
-8986
1777
10485
3176
-8646
-7859
-2537
-4147
-8527
-995
10773
9625
-2750
-8825
1626
10489
5191
-6002
-6419
916
2393
-2747
-6444
-5295
-5838
-7850
-7121
-1631
651
-4295
-9361
-7690
-907
1385
-1078
-3916
-2702
667
1842
102
-2842
-3385
-1678
924
1717
1384
851
15
-1387
-2475
-468
1989
2025
-611
-672
2954
5587
3275
829
4435
7455
7642
5479
4008
1401
387
1550
300
-762
46
-58
-2312
-985
232
-1248
-2268
-571
1273
2467
3768
1153
-1323
-566
241
-1710
-2687
-2417
-3203
-3074
-2627
-3134
-3556
-2384
-2622
-2778
-926
135
-1089
-1807
-1036
-992
-915
-995
-1981
-2310
-1412
-1076
-2111
-1797
-864
9810
25071
25662
6501
-9730
-222
14295
13074
-1715
-7215
2386
9238
804
-10091
-7190
-1096
-3014
-6883
1460
11300
7562
-5090
-9949
630
9439
5438
-4247
-4737
318
188
-4093
-6426
-5952
-6942
-6898
-4583
-422
-618
-5744
-9567
-7934
-2326
319
198
-2057
-2855
-1114
1394
1238
-1900
-3246
-1124
2508
2755
824
-701
-815
-1840
-3100
-743
2816
3370
165
-757
2077
5950
7214
3931
1647
4440
8450
6151
740
-1143
-128
945
1604
842
-1178
-823
-478
-1470
-1166
1092
1160
-421
581
2013
1418
-173
-1657
-2622
-1144
-145
-2007
-3920
-3666
-3401
-3942
-2805
-1917
-1850
-1278
-225
75
48
-205
-1758
-2802
-2264
-1473
-1627
-1811
-2333
-2818
-1719
-478
2703
15875
26355
18687
-2102
-7752
8340
19344
11668
-3023
-3577
5044
4685
-6990
-11266
-4418
-830
-4863
-4223
6181
8973
-960
-10727
-5932
7269
10714
2974
-3482
-1537
-497
-3911
-6409
-5143
-5160
-6888
-6101
-3005
-1336
-5278
-9695
-9926
-5080
-462
508
-843
-3251
-3585
-1188
1477
678
-1204
-490
2050
2846
1014
-266
-683
-723
-1213
278
2938
3045
-213
-2335
-413
3628
8016
8053
4044
561
2241
4772
3940
1990
766
1180
2690
3287
275
-2313
-2271
-1373
-631
1176
2227
101
-1604
-1293
29
497
-357
-2320
-2673
-1100
-1391
-3327
-3927
-2823
-2676
-2568
-2036
-1701
-1930
-2421
-2266
-1316
310
-71
-1086
-912
-107
-660
-1813
-1873
-1753
-1317
1292
14440
24130
16095
-4484
-9276
9669
22459
14410
-765
-724
6385
4257
-6419
-8140
-301
1621
-4449
-5481
3910
5010
-5614
-13178
-5942
6854
8655
1848
-3325
-1720
-1241
-2873
-2933
-689
-1828
-5513
-6094
-5065
-5289
-8610
-9824
-8486
-5100
-1927
-1361
-3258
-6338
-5664
-1183
2996
2052
57
1183
3006
1451
-1493
-25
2642
2407
-470
-124
2634
2391
-1365
-2825
1080
7045
9964
5446
151
-377
3283
4331
3174
3426
3120
1833
934
196
-1344
-632
637
1067
1764
3117
1388
-2498
-2966
-1179
219
174
-1085
-2959
-3066
-2558
-3908
-4987
-3555
-1795
-1966
-2067
-1965
-2027
-1778
-1178
-1134
-646
204
-599
-2023
-2170
-1445
-1148
-895
-1027
-1115
1473
14226
22961
13517
-5772
-8427
11667
24366
15143
-329
-560
5938
3180
-6094
-4838
3837
3493
-4493
-5320
4043
4045
-7345
-12653
-2896
8860
6491
-3272
-7245
-3701
-2174
-2820
-1599
915
-1351
-6272
-6802
-4729
-3880
-6270
-7135
-6043
-4418
-3556
-4554
-7175
-9217
-6416
-746
2335
-372
-2691
-492
2500
1823
83
2344
4997
3880
683
752
2605
2000
-485
-250
2802
6975
7541
1670
-2405
1652
7588
5588
1265
1264
2375
1979
2470
1741
-234
779
1989
332
-257
1522
-180
-2730
-322
2353
633
-2222
-3665
-4184
-2160
-892
-3608
-5880
-3774
-2313
-4054
-4025
-2459
-2157
-1770
-638
-901
-1439
-881
-946
-1263
42
1051
-347
-857
-691
-197
1141
10731
19908
13291
-3147
-8282
8783
23297
16930
984
-1167
6233
5835
-2218
-2581
5205
4716
-3508
-6205
1624
3922
-5224
-10600
-3140
7023
4676
-4485
-8054
-4345
-1904
-1796
-1150
-920
-3809
-8000
-7127
-3973
-2649
-4800
-6400
-6256
-5806
-5122
-5175
-6403
-7772
-5305
-881
330
-3127
-5067
-1862
1706
1934
844
2480
3658
1780
-224
1830
4954
4275
1743
1978
7277
9456
3820
-2616
-902
5918
7946
4492
467
-1242
-739
1765
2841
2575
2399
1422
66
673
2586
1272
-1195
-530
1667
1644
-633
-3902
-5447
-3326
-939
-1953
-4678
-5223
-4837
-4675
-3787
-2499
-2242
-2730
-2775
-2344
-1293
-782
-1630
-1905
-294
969
104
-686
-867
-233
1484
10683
18866
11639
-4455
-7191
12087
25778
16379
-352
-1426
6164
5944
-30
1720
7953
3634
-6059
-6413
3621
5400
-4681
-8938
-852
6258
742
-7440
-7517
-2458
-793
-1135
-761
-1941
-6194
-9388
-6215
-2077
-1997
-5576
-7921
-8096
-7347
-5278
-3758
-5259
-7967
-6130
-1766
-1146
-4886
-5741
-1281
1998
1026
-630
758
1656
364
689
4514
6670
3961
1119
3633
7965
7230
3009
861
2496
4442
4720
3085
1096
748
1587
1984
2541
2909
1719
721
1702
3274
2822
1381
346
-485
-254
625
-73
-2554
-4015
-3601
-2709
-2707
-3511
-4652
-4925
-4061
-3444
-3328
-2965
-2920
-3477
-3419
-2251
-1358
-1710
-1737
-943
-144
-37
-367
-417
171
2319
10547
16222
8175
-5925
-4257
15800
25494
12450
-2516
-445
7302
6335
2129
5620
9136
1472
-7934
-4737
6781
6829
-4309
-7941
-153
4017
-2735
-8297
-5285
-530
-1012
-2792
-2745
-3247
-5972
-7264
-3859
-788
-2330
-6701
-8995
-8328
-6026
-3372
-3191
-6785
-9715
-6979
-2606
-2283
-4547
-3797
-880
-656
-2189
-1549
1319
2419
1512
1652
3550
4180
2956
2719
4179
6548
6924
3949
900
1519
4327
4867
3639
2638
1283
2
1669
4058
3734
2087
1464
1418
1433
2521
2753
1323
474
480
-488
-1651
-1771
-1944
-2223
-1989
-2445
-4196
-4728
-3472
-2856
-3095
-3156
-3485
-4201
-3764
-2769
-2229
-2018
-2046
-2606
-2432
-1082
-324
-1013
-1039
613
7995
15136
9144
-5189
-6192
14071
26866
14467
-2538
-1335
7558
7496
3310
6393
10146
1991
-8487
-5533
7693
9838
-2451
-8543
-1450
3815
-2120
-7211
-3674
422
-2067
-5292
-4442
-3509
-5002
-6116
-3088
-632
-2849
-7571
-9267
-7089
-4158
-2181
-2934
-6754
-10067
-7462
-2219
-1313
-4049
-4621
-2432
-2507
-3546
-1632
2004
2093
-370
-97
2779
4008
2973
3778
4913
4412
2949
2987
4092
4643
4554
3010
1772
2464
3631
2787
2450
3453
3083
1075
594
2090
2124
1390
1299
1179
449
148
-48
-811
-1067
-1016
-1223
-1515
-1696
-2781
-3834
-3239
-2359
-2944
-3757
-3322
-2865
-3032
-3016
-2517
-2402
-2315
-1821
-1585
-1682
-1631
-1429
-1048
193
7179
12872
6143
-6082
-3732
16292
25243
10644
-4063
757
10652
9086
4247
7874
10027
-279
-9090
-2419
10302
8210
-5129
-8570
-564
2450
-4451
-7240
-1569
1420
-3615
-6983
-4223
-2376
-4399
-5508
-2555
-1531
-5165
-8854
-8223
-5009
-2827
-2775
-4915
-7972
-8910
-5243
-1247
-1861
-4685
-4853
-2858
-2608
-2618
-269
1803
394
-1489
119
3110
3648
2906
4021
5069
4025
2353
2558
4325
5312
4289
2109
1239
2548
3764
3108
2651
3137
2790
1870
2314
3278
2613
1423
1052
575
-145
-19
48
-956
-1996
-1946
-1456
-1518
-2200
-2973
-2821
-1968
-1968
-2917
-3257
-2774
-2692
-2904
-2479
-2150
-2262
-2394
-1940
-1656
-1451
-1348
-1543
-1503
1416
9035
10659
939
-7592
1909
20540
20893
3754
-4266
5157
11819
7328
5105
10283
8289
-3599
-6966
4251
12888
4448
-7566
-6360
1270
333
-6430
-5797
-6
-666
-6929
-7755
-3522
-2589
-5076
-4882
-1944
-2933
-7365
-9004
-6195
-3180
-2975
-4659
-7046
-8554
-7187
-3014
-684
-2544
-5216
-4862
-2801
-2069
-1509
132
1177
-167
-1406
138
2837
3951
3319
2921
3288
3643
3403
3407
4084
4432
3719
2692
2936
3610
3346
2801
3181
3571
2889
2109
2105
2362
2028
1450
1110
742
107
-315
-160
-257
-663
-1070
-1527
-2094
-2619
-2660
-2061
-1731
-2358
-3136
-3289
-2716
-2258
-2287
-2420
-2589
-2605
-2347
-1984
-1782
-1603
-1373
-1259
-425
4677
9089
4188
-5047
-2335
14210
21195
8190
-3763
2024
11712
9556
4418
7924
10334
1439
-5675
1396
11664
8035
-4074
-6578
313
1893
-4616
-6796
-1563
82
-5741
-9131
-5223
-1940
-3991
-5774
-3386
-2773
-6763
-9013
-5916
-2338
-2728
-5426
-7288
-7559
-6754
-4618
-2064
-2088
-4441
-5416
-3885
-2287
-1562
-513
342
-239
-1314
-750
1911
3991
3434
2195
2511
3787
4143
3493
3417
4241
4416
3382
2610
3013
3703
3591
3399
3784
3670
2677
1901
2001
2416
2270
1327
386
52
79
43
-139
-481
-665
-801
-1515
-2248
-2082
-1686
-1951
-2383
-2656
-2942
-3026
-2777
-2327
-1927
-2188
-2749
-2484
-1847
-1753
-1849
-1691
-1622
-1070
2993
7031
3986
-3660
-2922
10623
18953
9436
-2544
1060
10977
10418
4938
7119
10451
3626
-4042
857
10828
9080
-1953
-5508
163
1965
-3601
-5938
-1527
110
-5437
-9515
-6271
-2137
-3337
-6155
-5055
-3380
-6043
-8892
-6602
-2610
-2767
-5780
-7257
-6583
-5535
-4289
-2568
-2151
-3648
-4915
-4181
-2558
-1598
-1062
-588
-837
-1638
-1119
1106
2925
2847
2169
2528
3642
4005
3399
3555
4616
4767
3692
2996
3445
4077
4067
3818
3907
3738
2672
1704
2044
2777
2343
1053
135
34
220
72
-311
-635
-754
-829
-1430
-2109
-1940
-1332
-1478
-2047
-2322
-2346
-2413
-2760
-2570
-1809
-1601
-2504
-3088
-2449
-1722
-1623
-1816
-1977
-1821
1261
5435
4366
-2088
-3039
7875
16707
10078
-933
922
10204
10617
4567
5877
10815
6003
-2844
126
10458
10356
-120
-4483
570
2391
-2776
-5280
-1151
323
-5217
-9290
-6077
-2087
-3738
-6692
-5761
-3781
-5719
-8868
-7746
-3584
-2683
-5954
-7746
-6341
-5213
-4992
-3490
-1975
-2742
-4691
-4811
-2711
-1151
-1264
-1234
-754
-1407
-1905
-61
2451
2777
1859
1940
3008
3637
3377
3637
4774
4955
3965
3214
3327
4262
4751
4163
3751
3916
3458
2577
2590
3069
2824
1844
719
165
225
74
-239
-279
-566
-1319
-1708
-1797
-2011
-1690
-1293
-1674
-2338
-2583
-2397
-2144
-2298
-2239
-1732
-1892
-2799
-2668
-1740
-1493
-1854
-2109
-2150
-505
2707
3768
835
-2213
1618
10583
12688
4809
-237
4449
9479
7756
5773
8344
8562
2606
-426
5192
10351
5972
-1184
-1373
1568
292
-2810
-2483
-935
-3058
-6691
-6670
-4033
-3674
-5424
-5968
-5041
-5095
-6643
-7514
-6443
-4596
-4413
-5948
-6916
-6342
-5394
-4669
-3648
-2724
-2971
-4091
-4070
-2576
-1492
-1284
-1047
-934
-1295
-1053
573
2188
2209
1487
2173
3493
3311
2618
3558
4835
4439
3545
3787
4527
4402
4023
4649
5215
4267
2821
2632
3184
3092
2333
1667
1135
492
-132
-216
101
-28
-568
-1049
-1571
-1970
-1561
-957
-1206
-1927
-2158
-1949
-1918
-2109
-1867
-1203
-1146
-1848
-2373
-2037
-1580
-1665
-1957
-1964
-1817
-1389
-178
1091
1249
861
1691
4114
5837
4991
3270
3786
5764
6023
4882
4652
5400
5448
4639
4418
5366
5226
3017
1508
1883
2277
1094
-919
-1937
-2175
-2781
-3585
-3604
-3430
-3882
-4756
-5283
-5126
-4925
-5158
-5696
-5938
-5880
-5772
-5654
-5559
-5248
-4940
-4819
-4517
-3892
-3527
-3654
-3573
-3013
-2542
-2454
-2262
-1656
-958
-525
-122
750
1589
1647
1582
2368
3174
3179
3138
3436
3574
3463
3595
4315
4986
4638
4022
4112
4254
3820
3453
3514
3375
2638
1751
1563
1775
1434
800
662
634
51
-551
-700
-735
-944
-1283
-1568
-1600
-1744
-2118
-2034
-1528
-1611
-2263
-2447
-2180
-2030
-2090
-2263
-2516
-2637
-2618
-2433
-2007
-1088
262
1387
2022
2332
2555
3061
3811
4900
6037
6085
4974
4482
5383
6418
6610
6393
6024
4938
3448
3024
3565
3210
1281
-531
-1345
-1789
-2143
-2399
-2808
-3707
-4801
-5383
-5232
-5105
-5337
-5657
-6155
-6724
-6917
-6437
-5701
-5485
-5597
-5525
-5289
-4869
-4172
-3869
-3925
-3719
-3325
-3017
-2837
-2529
-1788
-1061
-829
-266
897
1567
1574
1845
2595
3131
3164
3257
3736
3887
3598
4005
4936
5042
4458
4346
4638
4517
4037
3795
3763
3326
2577
2146
2207
2118
1447
916
917
651
-28
-315
-317
-569
-995
-1424
-1532
-1582
-2085
-2401
-1951
-1712
-2182
-2580
-2491
-2261
-2152
-2370
-2553
-2533
-2677
-2757
-2430
-2090
-1481
0
1527
2302
2432
2486
2944
3719
4822
5986
6100
4872
4278
5343
6569
6828
6524
5767
4508
3570
3447
3721
3271
1377
-497
-1181
-1641
-2219
-2224
-2319
-3457
-4811
-5377
-5198
-5149
-5463
-5824
-6288
-6939
-7118
-6527
-5757
-5534
-5799
-5698
-5180
-4813
-4334
-3724
-3713
-3795
-3411
-2991
-2709
-2349
-1949
-1423
-810
-269
558
1422
1621
1794
2481
2847
3062
3651
3913
3741
3928
4503
5028
4992
4449
4391
4791
4500
3852
3925
3996
3222
2499
2484
2542
2218
1529
884
834
743
7
-353
-144
-582
-1270
-1214
-1132
-1573
-1979
-2019
-1838
-1717
-2027
-2378
-2245
-2050
-2329
-2663
-2578
-2470
-2558
-2431
-2265
-2377
-2321
-1662
-436
1204
2348
2441
2422
2971
3622
4446
5593
6004
5348
4708
4961
5784
6330
6352
6150
5417
4036
3126
3307
3423
2204
212
-1036
-1628
-2252
-2592
-2516
-2955
-4144
-5391
-5796
-5313
-5147
-5812
-6445
-6714
-6839
-6607
-6125
-5777
-5629
-5638
-5515
-4933
-4276
-3986
-3991
-3931
-3373
-2765
-2699
-2501
-1659
-949
-721
-391
465
1434
1770
1706
2305
3111
3065
2883
3415
4030
4121
4091
4352
4765
4826
4600
4584
4711
4409
3918
3660
3503
3132
2660
2305
2018
1552
1178
1057
809
278
-49
-226
-556
-746
-859
-1205
-1465
-1527
-1703
-1883
-1992
-2166
-2158
-1832
-2053
-2591
-2529
-2294
-2558
-2623
-2375
-2457
-2606
-2390
-2182
-1534
-263
1008
2077
2787
2870
2955
3605
4433
5390
6185
5723
4594
4757
5790
6311
6320
6151
5276
3929
2934
2842
3148
2375
327
-1106
-1672
-2338
-2837
-2758
-3074
-4168
-5314
-5825
-5527
-5310
-5783
-6294
-6603
-6947
-6750
-6157
-5906
-5726
-5362
-5270
-5094
-4539
-3947
-3491
-3540
-3767
-3047
-2135
-2159
-1914
-929
-427
-163
529
1251
1891
2272
2267
2720
3327
3245
3387
4000
3973
3907
4428
4640
4611
4781
4647
4443
4427
4080
3777
3720
3159
2375
2288
2338
1855
1314
1098
839
450
85
-122
-196
-484
-1024
-1232
-1193
-1472
-1877
-2010
-1916
-1864
-2070
-2376
-2374
-2332
-2519
-2552
-2385
-2428
-2503
-2331
-2245
-2131
-1793
-1701
-1652
-751
681
1975
2874
3156
3133
3400
3834
4721
6013
6276
5126
4290
4905
6038
6198
5660
5435
4632
2938
2275
2864
2647
1049
-774
-1742
-2026
-2516
-3087
-3134
-3598
-4887
-5800
-5765
-5533
-5586
-5996
-6533
-6819
-6817
-6571
-6060
-5743
-5737
-5473
-5100
-4900
-4345
-3555
-3369
-3436
-2934
-2190
-1818
-1634
-1262
-605
141
718
1235
1859
2234
2358
2780
3366
3560
3533
3739
4026
4065
4185
4584
4728
4530
4496
4593
4500
4195
3764
3521
3437
3032
2560
2376
2046
1490
1110
931
796
502
-7
-386
-592
-890
-1154
-1302
-1477
-1748
-2056
-2165
-2014
-2077
-2496
-2670
-2465
-2380
-2509
-2600
-2558
-2444
-2375
-2286
-1885
-1459
-1454
-1366
-793
-339
17
895
2141
3117
3549
3711
3969
4132
4344
5128
5707
5115
4333
4521
5085
5094
4864
4854
4325
2974
2074
2214
1975
509
-869
-1197
-1785
-3075
-3598
-3347
-3787
-4873
-5559
-5415
-5166
-5718
-6314
-6023
-5914
-6524
-6538
-5901
-5776
-5813
-5403
-5002
-4621
-4119
-3892
-3574
-2959
-2596
-2192
-1477
-1150
-913
-200
397
779
1465
2082
2272
2555
3148
3554
3563
3632
3872
4065
4245
4415
4483
4640
4697
4468
4424
4555
4323
3888
3644
3413
3048
2619
2342
2206
1840
1306
1067
815
307
-68
-373
-885
-1295
-1517
-1780
-2023
-2190
-2382
-2489
-2510
-2700
-2813
-2556
-2431
-2669
-2635
-2321
-2283
-2329
-2099
-1729
-1402
-1263
-1222
-785
-186
-104
-253
-38
245
573
1530
2868
3585
3503
3296
3384
3700
4224
5030
5380
4546
3483
3741
4674
4901
4649
4483
3710
2411
1730
2037
2109
901
-886
-1732
-2202
-3126
-3512
-3214
-3819
-5199
-5897
-5678
-5340
-5686
-6360
-6431
-6312
-6764
-6882
-6113
-5529
-5669
-5596
-4853
-4128
-3791
-3426
-2984
-2510
-1925
-1535
-1332
-826
-334
-16
590
1313
1846
2306
2563
2820
3444
3856
3833
3858
3928
3999
4314
4591
4650
4638
4582
4621
4719
4624
4494
4180
3611
3397
3338
2779
2346
2145
1571
1106
904
335
-200
-419
-954
-1538
-1760
-1992
-2270
-2447
-2679
-2788
-2640
-2611
-2730
-2654
-2414
-2332
-2389
-2196
-1896
-1826
-1735
-1450
-1234
-992
-698
-603
-385
5
74
19
123
14
-73
316
1112
2243
3080
2914
2630
2989
3345
3634
4411
4884
4303
3310
3183
4151
4816
4351
3851
3457
2323
1546
1818
1655
601
-684
-1934
-2617
-2860
-3486
-3859
-3979
-5100
-6032
-5512
-5249
-5916
-6066
-5944
-6275
-6373
-6028
-5637
-5270
-5134
-5018
-4327
-3525
-3299
-3101
-2540
-2083
-1740
-1182
-617
-364
-185
292
908
1446
2009
2382
2572
3079
3588
3703
3905
4109
4018
4166
4480
4640
4873
4871
4563
4588
4726
4521
4279
3981
3523
3198
2864
2330
1809
1420
1025
566
168
-131
-543
-1076
-1442
-1635
-1818
-1993
-2274
-2509
-2435
-2363
-2441
-2368
-2227
-2233
-2155
-1947
-1794
-1561
-1449
-1599
-1526
-1200
-1065
-936
-723
-760
-760
-450
-245
-134
125
116
-214
-229
159
493
823
1632
2557
2875
2790
2922
3275
3570
3975
4216
4074
3488
2995
3343
3840
3574
2958
2709
2056
1103
866
816
189
-1163
-2124
-2424
-2840
-3502
-3709
-3682
-4482
-5119
-5128
-4999
-5025
-5315
-5540
-5430
-5305
-5561
-5251
-4592
-4537
-4402
-3702
-3087
-2742
-2335
-2056
-1712
-1134
-692
-445
-60
313
519
952
1593
2110
2402
2692
2903
3203
3789
3914
3795
4087
4192
3933
4232
4598
4211
4113
4252
3930
3816
3785
3280
2910
2649
1979
1689
1641
1028
592
531
179
-165
-330
-582
-790
-1099
-1435
-1445
-1562
-1936
-2030
-2057
-2082
-1768
-1776
-2101
-1950
-1801
-2054
-1815
-1386
-1676
-1812
-1480
-1402
-1242
-862
-939
-957
-488
-352
-321
8
8
-111
116
221
225
290
76
83
651
1292
2069
2670
2500
2411
2744
2674
2867
3636
3394
2367
2172
2484
2608
2723
2531
2102
1749
975
310
625
567
-768
-1653
-1668
-2193
-2874
-2955
-3046
-3516
-4017
-4246
-4046
-3969
-4409
-4542
-4291
-4333
-4416
-4186
-3919
-3683
-3453
-3165
-2593
-2143
-2057
-1721
-1181
-918
-717
-423
-176
62
335
733
1230
1524
1696
2009
2313
2669
3092
3210
3207
3334
3334
3306
3533
3683
3577
3531
3464
3294
3268
3231
2926
2668
2558
2217
1840
1613
1269
1016
942
617
242
94
-164
-409
-508
-788
-1046
-1238
-1633
-1744
-1604
-1811
-1865
-1671
-1906
-2011
-1722
-1807
-1890
-1683
-1803
-1799
-1427
-1452
-1532
-1138
-882
-858
-685
-495
-341
-276
-251
-84
37
79
136
37
28
264
173
49
425
767
1174
1806
1901
1759
1974
1951
1886
2367
2555
2103
1805
1830
1923
1972
1987
1989
1678
1055
736
750
558
106
-389
-846
-1207
-1473
-1684
-1856
-2131
-2493
-2768
-2893
-2967
-3168
-3423
-3518
-3555
-3703
-3746
-3601
-3548
-3495
-3175
-2794
-2504
-2184
-1936
-1725
-1300
-927
-832
-604
-216
19
336
818
1070
1200
1530
1834
2102
2559
2835
2765
2837
3047
3135
3297
3377
3173
3173
3314
3140
3011
3014
2730
2453
2353
2068
1869
1800
1372
1100
1235
920
442
458
215
-268
-258
-400
-910
-1076
-1236
-1594
-1627
-1629
-1862
-1890
-1804
-1868
-1851
-1773
-1791
-1837
-1773
-1640
-1653
-1645
-1446
-1396
-1417
-1174
-989
-916
-666
-507
-474
-309
-203
-145
-19
-25
-4
201
262
224
285
247
218
336
423
680
1153
1310
1316
1650
1849
1738
1902
2184
2128
2038
2059
2014
1995
1922
1753
1774
1738
1351
1114
1091
708
158
-88
-283
-712
-1174
-1467
-1674
-1977
-2299
-2473
-2638
-2934
-3171
-3234
-3238
-3235
-3259
-3358
-3330
-3110
-2994
-2851
-2417
-2079
-1884
-1415
-1017
-951
-707
-389
-331
-80
295
343
482
875
1050
1228
1664
1923
2024
2286
2474
2508
2650
2743
2724
2849
2911
2760
2756
2849
2690
2503
2445
2218
1888
1747
1607
1351
1173
951
627
467
338
45
-135
-253
-559
-821
-965
-1198
-1420
-1571
-1789
-1969
-2012
-2035
-2031
-1916
-1805
-1831
-1835
-1677
-1580
-1542
-1371
-1268
-1271
-1139
-997
-895
-648
-434
-315
-115
69
217
374
455
586
756
788
851
909
858
992
1102
957
990
1052
845
835
950
805
731
754
658
680
804
798
789
782
656
639
813
834
624
481
413
274
195
190
98
-42
-186
-294
-276
-359
-645
-815
-839
-952
-1100
-1177
-1267
-1433
-1594
-1575
-1480
-1602
-1702
-1585
-1574
-1554
-1361
-1409
-1470
-1198
-1069
-990
-625
-457
-490
-285
-53
114
319
356
405
571
603
668
844
906
924
1004
1076
1199
1311
1300
1306
1284
1155
1134
1178
1063
944
865
744
735
735
580
536
513
332
323
205
126
986
1389
18
-1203
-753
306
390
-561
-1176
-930
-663
-797
-1125
-1153
-658
-153
-73
-457
-799
-443
46
-80
-240
18
290
189
-173
-225
31
39
16
269
504
570
437
232
193
195
302
618
655
387
316
279
132
186
275
237
270
270
267
276
-45
-379
-209
82
32
-240
-421
-433
-498
-582
-484
-450
-595
-613
-546
-624
-757
-792
-679
-546
-546
-535
-410
-328
-323
-303
-173
69
119
5
128
233
128
251
427
312
305
446
462
477
395
226
308
400
266
280
375
252
168
214
172
157
211
150
39
-11
-62
-139
-229
-290
-278
-260
-280
-344
-448
-452
-422
-466
-369
-256
-394
-440
-321
-404
-487
-403
-405
-393
-318
-372
-366
-263
-296
-258
-33
15
-78
18
185
204
238
381
428
414
595
727
633
711
941
928
884
931
855
859
952
786
675
896
931
718
707
727
563
518
588
497
310
225
234
183
-17
-218
-295
-276
-278
-435
-569
-517
-577
-769
-730
-661
-787
-854
-903
-977
-829
-681
-782
-855
-824
-775
-721
-753
-657
-404
-440
-547
-338
-280
-374
-222
-138
-117
138
262
215
244
170
169
383
378
275
366
363
283
312
302
292
346
314
277
294
289
319
324
247
216
198
166
206
247
289
315
185
112
209
186
98
85
-12
-63
18
-12
-95
-94
-129
-158
-144
-187
-220
-228
-327
-428
-388
-284
-306
-399
-380
-339
-316
-198
-131
-172
-122
-90
-95
31
43
-53
92
236
205
248
229
200
354
370
279
369
372
293
344
295
254
363
327
302
415
289
144
249
243
180
221
117
-13
20
-20
-123
-136
-167
-202
-167
-153
-248
-422
-542
-542
-472
-367
-281
-284
-317
-356
-393
-339
-230
-183
-162
-179
-245
-262
-247
-215
-140
-62
38
163
210
252
310
285
286
307
263
277
258
160
216
272
179
201
228
110
178
307
225
232
293
122
72
202
66
-53
131
140
19
133
76
-185
-118
-13
-150
-112
-37
-226
-288
-212
-342
-403
-270
-289
-328
-190
-231
-425
-363
-215
-254
-236
-153
-178
-115
33
-3
-79
21
92
93
189
197
94
140
170
88
235
372
214
182
259
209
299
377
213
209
285
152
121
158
99
183
247
154
173
149
16
44
75
63
133
75
-83
-123
-172
-215
-207
-270
-270
-245
-362
-442
-464
-524
-474
-374
-356
-318
-354
-422
-312
-254
-300
-191
-140
-217
-123
-20
-70
-32
49
75
193
299
243
218
264
266
267
308
328
322
327
368
406
391
413
453
412
417
491
423
319
379
383
271
250
223
121
131
143
-21
-115
-59
-139
-283
-259
-279
-409
-427
-447
-540
-474
-382
-459
-457
-345
-385
-438
-357
-330
-313
-221
-246
-311
-230
-175
-195
-144
-94
-69
5
41
56
124
122
84
147
217
251
274
238
232
252
204
207
269
282
320
336
267
265
293
290
333
349
324
367
342
243
243
240
183
176
135
51
23
-70
-174
-134
-156
-279
-272
-256
-338
-333
-331
-417
-390
-332
-386
-351
-287
-359
-334
-232
-290
-290
-186
-222
-206
-78
-119
-171
-90
-93
-109
-24
-13
-24
84
165
148
155
200
204
201
290
359
306
311
351
261
237
306
228
192
314
277
151
160
95
-19
40
54
-51
-43
-40
-151
-165
-127
-170
-143
-71
-93
-95
-59
-72
-59
-49
-73
-30
-19
-72
-37
-22
-92
-54
-32
-107
-53
-17
-109
-74
-6
-76
-66
-7
-62
-58
21
4
-14
35
39
22
50
95
94
85
116
120
91
108
118
85
97
101
39
23
39
4
-16
-3
-27
-47
-36
-59
-96
-98
-116
-131
-98
-88
-120
-130
-122
-122
-92
-63
-56
-35
-7
12
37
50
59
80
92
114
144
117
80
96
96
75
92
79
43
68
60
7
38
66
29
44
61
33
44
50
13
14
25
-5
-31
-39
-42
-36
-60
-87
-92
-107
-109
-111
-133
-128
-122
-141
-144
-145
-154
-136
-130
-131
-93
-93
-98
-47
-39
-35
22
24
22
75
79
69
94
92
91
115
113
108
113
104
114
113
88
108
114
85
110
125
73
78
110
59
53
90
37
6
48
16
-23
13
-10
-47
-10
-16
-51
-29
-29
-50
-40
-46
-64
-51
-52
-71
-64
-70
-86
-77
-87
-101
-86
-91
-99
-82
-85
-95
-71
-61
-58
-28
-24
-25
7
8
5
33
33
21
47
45
16
38
48
16
34
54
28
33
69
53
38
74
69
46
76
77
40
51
64
26
23
43
8
-1
20
2
-4
13
11
-1
9
11
1
2
-1
-7
-21
-26
-25
-46
-43
-34
-53
-51
-41
-56
-55
-32
-42
-43
-18
-25
-28
-4
-12
-16
6
6
4
17
23
16
22
29
22
30
29
27
29
22
20
12
3
5
5
0
6
8
-5
-7
-8
-18
-11
-2
-3
-6
-4
-7
-14
-9
-9
-7
-1
5
4
1
1
-3
-4
9
14
14
24
20
12
11
12
16
22
23
15
17
14
0
1
-3
-13
-8
-6
-16
-22
-28
-39
-44
-35
-38
-37
-33
-30
-34
-31
-24
-23
-17
-8
-3
-5
1
10
8
9
21
20
23
29
26
22
25
32
31
34
37
34
28
29
24
20
24
19
12
14
12
7
6
6
3
-1
1
3
-2
-2
-3
-7
-9
-5
-5
-7
-6
-5
-13
-10
-6
-9
-9
-7
-9
-15
-8
-11
-17
-14
-13
-21
-17
-16
-22
-20
-16
-20
-15
-9
-16
-11
-4
-9
-8
-2
-1
-1
2
3
3
12
11
6
13
17
10
14
18
13
17
16
14
13
16
12
10
5
3
4
4
4
1
-1
-2
-2
-1
5
5
-1
-2
2
-2
-4
-2
-2
-7
-9
-7
-7
-5
-6
-7
-5
-4
-5
-5
-3
-6
-3
0
0
2
2
4
8
5
1
5
2
1
2
4
3
2
2
3
1
-2
2
2
0
2
5
4
4
2
4
4
3
1
3
2
-2
0
4
0
-3
-2
-1
-2
-2
-1
-3
-2
-1
-3
-2
-2
-2
-2
-2
-1
-2
-4
-6
-4
-2
-2
0
-1
-2
-2
1
2
0
1
1
0
3
5
4
5
6
5
5
4
5
4
7
6
5
4
4
2
0
0
-6
-6
-7
-8
-8
-8
-8
-9
-10
-11
-11
-9
-7
-9
-9
-7
-7
-7
-6
-3
0
-1
0
2
2
5
4
6
6
6
6
6
5
8
10
7
8
9
5
6
6
5
6
4
4
4
6
6
5
7
6
4
9
6
6
8
6
5
6
6
7
4
5
2
1
4
-2
-3
-1
-5
-8
-7
-8
-9
-8
-9
-11
-9
-10
-13
-11
-8
-10
-9
-9
-7
-5
-6
-7
-5
-5
-5
-6
-6
-3
-1
-2
-1
0
-1
2
1
1
4
4
3
7
7
5
5
4
5
4
5
5
5
5
4
2
2
5
6
5
2
2
5
1
3
3
1
3
1
-1
1
-1
-2
-4
-2
1
0
-1
-3
-4
-2
-3
-3
-1
0
0
0
-1
-1
-2
-3
-4
-2
-4
-4
-5
-2
2
3
4
3
1
0
2
3
3
3
2
2
3
3
3
5
5
3
4
5
4
4
6
2
2
2
0
2
5
3
5
6
0
2
4
2
4
3
0
