SAMPLES:	6551
BITSPERSAMPLE:	16
CHANNELS:	1
SAMPLERATE:	16000
NORMALIZED:	FALSE
5
1
-1
-1
0
4
1
1
1
1
0
-2
2
1
2
4
4
2
4
0
0
0
-2
1
4
3
0
2
1
-2
0
0
-6
-5
-4
-2
-3
-3
2
2
2
0
-1
-1
2
0
0
3
5
3
1
0
1
1
-1
-1
0
0
1
2
0
-1
-1
2
4
3
1
-2
-2
-2
-3
-1
-4
-4
-2
1
2
2
2
1
0
-4
-6
-10
-9
-7
-3
1
1
5
1
2
-1
-2
0
-3
-6
-6
-3
-1
1
5
1
4
6
2
3
2
0
-3
-1
1
2
-1
-2
2
3
1
1
2
4
3
1
0
0
1
-5
-5
-3
1
2
4
6
5
4
3
-3
-1
3
3
5
6
5
7
6
4
3
0
-1
-3
-2
0
1
2
2
5
3
5
6
5
4
2
-2
-4
-3
-3
-8
-6
-5
-5
1
-1
2
2
-1
-4
-6
-3
-3
-8
-7
-2
-3
-6
-1
3
2
2
3
0
-3
-3
-5
-7
-9
-11
-7
-5
-3
-4
-2
0
-1
1
2
4
-2
-4
0
-1
1
3
1
0
4
2
-1
1
4
6
4
5
6
5
5
5
6
5
5
4
3
1
1
2
3
5
4
3
4
4
6
5
2
2
5
5
4
6
4
2
2
0
0
-4
-3
-1
-4
-2
0
-2
-2
1
3
-2
-3
-2
-2
-1
-6
-8
-12
-10
-5
-6
-6
-3
-3
-2
-2
0
0
-3
-3
-1
-2
-1
2
1
-1
-4
-2
-6
-5
-2
0
-2
0
0
1
1
1
4
2
5
5
6
6
11
8
2
1
3
2
0
5
4
3
3
1
1
2
4
2
0
-1
-1
-2
-2
-1
-1
-1
0
2
1
-3
-1
-2
-5
-4
-7
-4
-4
-5
-2
-2
-1
0
3
0
0
5
1
-2
-2
-3
-6
-7
-7
-4
0
2
2
1
-2
-2
-2
-3
-2
1
0
-3
-2
-3
-4
-4
-4
-3
-2
1
3
1
2
4
5
4
2
5
5
7
8
6
5
4
5
6
8
7
7
7
9
9
7
8
3
2
0
1
-2
-2
2
1
0
-1
1
1
-3
0
-2
-6
-4
0
-2
-2
-4
-1
-3
-4
-4
-4
-6
-9
-6
-7
-4
-4
-4
-5
-8
-8
-7
-6
-7
-8
-3
-4
-2
-3
-2
-1
-1
2
0
-3
-4
-3
-3
-3
-2
0
-1
0
-1
0
-1
-1
1
3
2
7
9
5
4
5
1
-1
3
4
3
7
2
5
2
3
5
3
3
4
7
3
6
5
1
-2
1
-1
-1
1
-3
-1
1
3
0
0
1
-2
-2
-2
-5
-6
-4
-8
-4
-3
-3
0
-2
1
2
5
5
6
6
4
5
6
4
2
0
-2
-2
-4
-2
-3
-2
-1
0
-3
-3
1
0
-2
1
-3
-3
-2
-1
1
1
4
5
3
3
2
2
0
-3
2
1
1
2
2
0
-2
-7
-6
-6
-5
-6
-8
-4
-5
-5
-6
-7
-6
-4
-5
-2
4
4
1
1
0
1
3
4
4
-3
-2
-3
-3
-2
-1
1
1
1
3
0
1
2
1
0
-4
-3
-3
-6
-5
-3
0
-3
-3
1
2
1
1
4
4
1
2
6
7
5
3
-1
0
3
3
2
4
2
0
-3
1
0
-3
-4
-5
-2
-4
-1
1
0
0
3
-2
-2
-1
1
1
-1
1
1
2
-1
-3
0
2
3
2
1
4
-1
-4
-2
-3
-1
0
0
0
0
1
-1
-4
-5
-6
-5
-6
-7
-7
-4
2
6
8
9
14
18
22
25
35
45
55
69
85
97
124
147
156
163
171
177
192
191
180
177
167
176
202
198
187
177
154
125
90
35
-25
-82
-127
-177
-231
-272
-316
-366
-414
-494
-564
-603
-646
-665
-684
-743
-770
-758
-757
-738
-728
-759
-745
-713
-690
-640
-604
-571
-493
-415
-336
-258
-193
-135
-72
-17
42
102
171
260
352
444
536
615
712
776
808
837
855
864
862
849
819
789
759
737
718
714
709
696
684
674
656
614
562
501
426
347
294
256
204
151
102
57
0
-69
-179
-324
-476
-608
-725
-844
-954
-1091
-1265
-1448
-1594
-1688
-1728
-1662
-1400
-803
136
1307
2528
3712
4706
5424
5898
6222
6330
6032
5336
4348
3362
2449
1676
945
211
-569
-1348
-1934
-2276
-2420
-2609
-2894
-3258
-3543
-3709
-3775
-3883
-4167
-4594
-5077
-5411
-5586
-5623
-5637
-5595
-5474
-5183
-4613
-3798
-2901
-2127
-1402
-666
91
783
1366
1772
1918
1886
1819
1791
1775
1771
1712
1590
1611
1949
2378
2766
3219
3767
3999
4018
4205
4362
4071
3475
3078
2535
1823
1241
983
593
184
128
123
61
76
314
203
50
129
166
-182
-519
-577
-951
-1434
-1623
-1579
-1899
-2176
-2056
-1925
-1957
-1801
-1391
-1263
-1226
-1008
-736
-694
-640
-481
-482
-530
-420
-252
-300
-299
-96
36
9
82
258
218
85
102
189
159
120
153
45
-75
-151
-222
-494
-730
-874
-1146
-1513
-1732
-1115
240
1940
3263
4679
6391
7739
8188
8314
8889
8736
7455
5491
4148
3148
2229
1224
46
-1017
-2139
-2885
-3505
-3489
-3466
-3755
-4296
-4578
-4454
-4503
-4448
-4704
-5227
-6164
-6699
-6851
-7051
-7298
-7489
-7340
-7250
-6703
-5755
-4450
-3353
-2508
-1623
-657
532
1414
2099
2378
2534
2500
2450
2565
2593
2542
2246
2174
2211
2480
2800
3101
3350
3405
3593
3824
4164
4206
4146
4095
3952
3657
3331
3345
3156
2730
2285
2212
2135
1822
1605
1474
1354
956
596
207
-85
-381
-789
-1157
-1339
-1311
-1576
-1875
-1927
-1769
-1839
-1995
-1862
-1698
-1745
-1935
-1885
-1815
-1864
-1981
-2019
-1980
-1929
-1809
-1726
-1598
-1457
-1306
-1188
-1004
-729
-617
-657
-642
-417
-275
-286
-221
-53
70
117
314
553
687
715
747
800
793
776
658
540
388
225
-50
-394
-683
-1078
-1642
-2334
-2315
-1279
264
1378
2410
4240
6220
7347
7719
8589
9232
8529
6661
5052
4121
3109
1928
520
-664
-1788
-2631
-3262
-3476
-3331
-3379
-3547
-3667
-3383
-3251
-3210
-3336
-3797
-4630
-5417
-5694
-6044
-6548
-7024
-7040
-6896
-6578
-5840
-4785
-3666
-2745
-1755
-720
470
1562
2368
2787
2944
3011
2869
2651
2382
2080
1623
1211
1074
1169
1406
1699
2053
2316
2566
2930
3399
3709
3704
3608
3570
3377
2910
2589
2605
2451
1950
1772
2076
2191
1878
1794
1895
1617
1099
788
537
-13
-491
-840
-1193
-1428
-1372
-1425
-1733
-1683
-1423
-1504
-1803
-1602
-1392
-1765
-2170
-2084
-1974
-2286
-2400
-2285
-2249
-2302
-2077
-1766
-1575
-1277
-1032
-868
-670
-268
-164
-319
-243
4
29
-98
93
280
278
265
482
677
739
841
967
1018
955
946
811
569
241
-38
-566
-1196
-1760
-2453
-3303
-3411
-1802
-66
683
1263
3679
6482
7716
8142
9290
10592
9780
7983
6417
5669
4420
2718
1042
-538
-1599
-2747
-3346
-3795
-3641
-3782
-4082
-3954
-3608
-3259
-3577
-3608
-4207
-5172
-6150
-6429
-6620
-7516
-7987
-7929
-7402
-7271
-6518
-5209
-3864
-2745
-1633
-101
1180
2431
3201
3702
3774
3730
3550
3145
2789
2215
1628
1046
992
1069
1212
1522
1980
2411
2634
3127
3525
3691
3501
3361
3183
2696
2170
1745
1688
1421
1104
976
1323
1586
1557
1919
2438
2638
2205
2102
2003
1452
576
-181
-829
-1610
-1930
-2185
-2347
-2325
-1881
-1631
-1590
-1120
-735
-835
-1248
-1167
-1196
-1610
-1968
-2039
-2024
-2224
-2126
-1915
-1670
-1504
-1254
-958
-728
-327
-127
-130
-230
-113
-45
-245
-283
-149
-58
-171
3
339
452
509
740
977
903
814
686
409
40
-237
-655
-1157
-1637
-2080
-2683
-3533
-4426
-4532
-2638
-580
124
233
2953
6780
8508
8852
10035
12087
11376
9662
8160
7620
6037
3717
1813
-253
-1352
-2858
-3506
-4535
-4552
-4536
-4631
-4049
-3564
-2868
-3552
-3482
-4011
-4918
-6098
-6597
-6750
-8278
-8972
-8994
-7942
-7766
-6989
-5433
-3798
-2135
-970
1011
2316
3867
4493
4980
5079
4826
4554
3615
3167
2109
1431
564
472
560
560
923
1264
1880
1907
2467
2873
3057
2802
2622
2517
1870
1425
951
723
425
767
1089
1151
1610
2431
3036
2888
3261
3422
2827
1713
1287
833
-391
-1298
-1822
-2143
-2607
-2220
-1912
-1803
-1614
-1157
-906
-878
-483
-540
-931
-1439
-1467
-1810
-2356
-2675
-2594
-2462
-2552
-2045
-1367
-912
-809
-467
-152
-126
94
182
42
-326
-297
-283
-505
-526
-373
-234
-206
254
626
555
321
329
403
123
-178
-484
-923
-1522
-2237
-2759
-3482
-4394
-5487
-5016
-1983
563
883
998
5330
10201
11909
11868
13451
15702
14388
12326
10486
9834
7288
3907
801
-1903
-3189
-4870
-5283
-6372
-6241
-6368
-6010
-5010
-4499
-4134
-5152
-4728
-5393
-6504
-8003
-8354
-8692
-10705
-11375
-10976
-9232
-8929
-7832
-5807
-3463
-1184
532
3183
4835
6548
7042
7547
7637
7214
6523
4929
3907
2305
1359
320
17
-198
-436
43
582
1447
1663
2351
2721
2801
2509
2219
2111
1277
478
55
690
933
846
1225
2093
2702
2768
3275
3342
2973
2206
1565
657
-144
-674
-1686
-2560
-2620
-1969
-1927
-1784
-1163
-497
-365
-277
-88
-337
-951
-1681
-2070
-2578
-3021
-3405
-3131
-2768
-2279
-1614
-900
-232
-64
351
136
220
219
438
270
-430
-415
-350
-236
-642
-246
-46
-180
-214
37
-22
-525
-551
-938
-1263
-1690
-2223
-3274
-4210
-5057
-6569
-7353
-4422
178
1872
1152
4223
11914
16634
17366
17662
20646
21131
18285
15406
13508
11288
5961
1163
-3143
-5296
-7465
-9372
-10837
-11793
-11022
-10649
-8702
-7439
-6397
-6889
-6996
-6227
-7348
-8807
-10349
-10228
-11995
-13886
-13664
-11768
-9920
-9403
-6770
-3656
116
2888
5911
8697
10440
11852
11790
12088
11075
9930
7551
4944
2599
299
-1053
-2367
-2728
-3359
-2960
-1942
-572
404
1153
2320
2631
2649
2495
3018
2572
1341
796
926
1074
746
1197
1665
1935
2271
2890
3259
3099
2802
2056
1127
515
281
-680
-1795
-2228
-2099
-2122
-2017
-1552
-1315
-1367
-1633
-1442
-1184
-1184
-1860
-2459
-2677
-2557
-2205
-2184
-2190
-1740
-742
-262
320
860
1259
1317
978
835
646
30
-746
-945
-1241
-1636
-1891
-1997
-1960
-2048
-2497
-2762
-2709
-3089
-3859
-4652
-5778
-7141
-9066
-7531
-624
5323
5464
4968
13727
24325
27416
25139
26240
29981
27001
21164
16428
13908
7641
-1172
-8024
-12757
-14544
-17164
-18865
-20829
-20075
-18082
-15946
-12781
-10925
-9400
-10008
-8374
-7528
-8637
-10261
-10545
-9638
-12279
-13156
-11002
-6383
-4372
-3392
641
5644
10269
12332
15295
17022
17412
16070
13968
12145
8777
5315
504
-3294
-6568
-8324
-9006
-9587
-9060
-8276
-5715
-3312
-828
987
2645
4119
4383
4828
5352
6518
5823
4435
4171
5326
6043
5361
5490
5515
5387
4660
4476
3911
2444
659
-1446
-2684
-3348
-3613
-4975
-6145
-5946
-4896
-4316
-4254
-3512
-3042
-3053
-3282
-2619
-1898
-2174
-2973
-3296
-2595
-1902
-1271
-649
-15
557
1246
1976
2312
2393
2056
1121
-120
-714
-954
-1913
-3600
-4827
-4939
-5104
-5979
-6786
-6887
-7548
-8729
-9471
-10044
-10898
-7323
4328
12492
11502
10398
18981
29950
31865
27964
27201
29956
26085
18439
11776
7733
1426
-8161
-15691
-20410
-21020
-22582
-23730
-23953
-21643
-17690
-14540
-10393
-8090
-6673
-6806
-5222
-3640
-4639
-5699
-5535
-3778
-5181
-5555
-1838
4271
7390
6958
9431
13618
16766
15642
14294
13446
10864
6364
1090
-2122
-6046
-10086
-14333
-16661
-16922
-15804
-13324
-11363
-8364
-5130
-827
3040
6217
8611
9599
10449
10535
11105
11169
10568
8955
7319
6871
6277
5425
3778
2038
-132
-1950
-3216
-4581
-5987
-7456
-8353
-8721
-7760
-6258
-5040
-4218
-3189
-1592
-165
900
1246
1156
708
24
-383
-376
-354
-824
-1093
-394
846
1955
2713
3163
3224
3124
3012
2589
1551
256
-1165
-2765
-4267
-5252
-5892
-7240
-8672
-9110
-9150
-9457
-9956
-9874
-9737
-4423
7572
14972
14061
13166
21382
30785
31062
25704
24025
24923
18773
9457
2491
-1244
-7503
-16083
-21628
-23655
-22317
-21890
-21184
-19882
-16761
-12545
-8971
-5098
-3139
-2259
-2459
-1200
-234
-1303
-1877
-665
1555
584
609
4598
9953
11183
9082
10150
12358
11961
7674
4251
1657
-2937
-8477
-12861
-14487
-16060
-17083
-17350
-15818
-12521
-8158
-3218
507
4087
7246
10427
12566
13789
14088
12813
11429
10284
9550
7702
5687
3963
2026
148
-1173
-1810
-3560
-5592
-6873
-7018
-6849
-6529
-5600
-4735
-3543
-1965
194
1964
2989
3426
3191
2817
2350
1783
397
-1220
-2277
-2710
-2776
-2413
-1323
-427
189
951
2223
3097
2944
2123
1091
250
-843
-2152
-3624
-4857
-5947
-6801
-7366
-7495
-7385
-7391
-7070
-6725
-6366
-3979
5407
15605
17347
14669
18678
29162
32075
25674
20362
20756
16732
5547
-3404
-6877
-10022
-17909
-24189
-25035
-22045
-19256
-17835
-15072
-11770
-7727
-4129
-443
1722
1459
894
970
1658
574
51
1556
3856
3725
2314
5262
10447
11794
7395
4879
5974
4283
-1779
-7201
-8922
-12045
-16942
-19670
-18242
-15507
-13611
-10941
-7117
-1865
3426
8339
11716
13534
14513
14545
14112
12519
10981
9029
6121
2927
1616
2240
707
-2343
-3994
-3917
-5033
-6379
-5979
-5914
-6552
-6162
-3831
-1664
551
2815
3862
4511
5974
7414
6384
4227
2357
563
-1518
-3239
-3876
-4290
-4616
-4644
-3204
-593
1499
2128
2307
3024
3141
2437
1292
-194
-2289
-3965
-4975
-6020
-6443
-6324
-6492
-6877
-5701
-3837
-3494
-4107
-3376
2328
12180
18753
17303
15828
23803
32256
29296
20183
16828
16125
7458
-4557
-10863
-12132
-16596
-24396
-27898
-25007
-19444
-16344
-14228
-11057
-6860
-2592
1171
3927
4023
3399
3456
3886
3159
2767
4590
6714
6841
4690
4947
8678
10674
6087
-692
-2431
-2952
-8188
-15229
-17086
-16327
-18519
-20774
-17944
-11144
-5823
-2437
1225
6423
11804
15298
16569
16205
15394
13374
10577
8070
6411
4537
1062
-2196
-3058
-1844
-2591
-5756
-7506
-6842
-6570
-7439
-6425
-4158
-2913
-2023
652
4429
7108
8367
8000
7018
6538
5935
3393
-382
-2988
-4710
-6242
-6865
-5644
-3932
-2866
-1764
274
2921
4378
4094
2830
1706
568
-1096
-2876
-4158
-5060
-6101
-6445
-5644
-4496
-3661
-2808
-1706
-1218
-1286
-1675
2498
13721
21818
18801
14110
22058
32078
28480
17543
12661
12058
3151
-9348
-15704
-15646
-17823
-25473
-29398
-24934
-15932
-11678
-10679
-7619
-2787
1100
3382
5869
5915
4671
3790
3720
3412
3756
6618
8515
7423
3900
3720
7332
7399
-119
-8680
-10145
-10606
-16089
-21582
-19914
-15826
-16131
-16189
-10103
67
6512
8247
9698
14141
18429
17415
13718
11810
10930
6628
1612
373
1135
-73
-3830
-6156
-5309
-2880
-3563
-7017
-7571
-4913
-3783
-4611
-2020
2498
3937
3598
5634
8953
9655
7687
4392
1920
515
-1510
-4638
-6438
-5921
-5948
-5947
-3413
622
2553
2508
2841
3564
3824
2546
-176
-2927
-4082
-4897
-6444
-6459
-4572
-3616
-4257
-3315
-612
595
31
-714
-1563
-3171
-73
12565
21884
18932
13295
20962
31768
28959
17443
10672
11007
1576
-13775
-21200
-18167
-17929
-26886
-30934
-22875
-10461
-6437
-6381
-2226
3496
5664
4793
5942
6207
4648
2137
1046
1820
3929
7636
9044
7463
3885
3293
5151
2792
-5903
-14418
-15615
-15967
-20265
-23019
-17690
-10167
-8819
-8031
-241
11637
16296
13266
11575
14561
15876
10976
5732
4207
3506
-135
-2749
-1042
1502
159
-4118
-6044
-4441
-2835
-5698
-9449
-8381
-4523
-3012
-2064
3100
8128
8237
7123
9207
11117
8425
2762
-1765
-3331
-4188
-6314
-7999
-6227
-3299
-2589
-1302
2906
6075
4598
1805
1018
895
-627
-3431
-6016
-6424
-4950
-4254
-3923
-1712
816
597
-479
802
1503
-431
-3443
-4888
-5112
1975
15651
21877
17082
16045
28700
30966
24652
13687
7898
5575
-8181
-22353
-26346
-19074
-18998
-27184
-26790
-11933
1674
691
-2137
1988
6990
5429
1327
778
1670
2256
359
268
4225
10792
13263
9722
5157
1735
1028
-2330
-10544
-19884
-22387
-19205
-19165
-19518
-13431
-2482
2871
2945
6478
14853
19730
14286
6273
4827
7730
4905
-1706
-2435
1406
1527
-2108
-878
3368
2561
-4214
-8574
-6149
-3216
-5247
-8689
-5578
1075
3817
3853
7190
11442
9485
4152
2110
3185
1175
-4808
-8751
-6927
-3021
-2352
-2611
417
4251
3983
2080
2985
3943
794
-4120
-5518
-3786
-3110
-4715
-5232
-2209
821
572
127
1636
2078
-992
-3422
-2933
-2769
-5157
-6785
-5391
5144
19912
26364
20723
19881
29624
29097
20233
5851
242
-3117
-15699
-26093
-25651
-15588
-12017
-17274
-15652
-1585
9854
5513
-1469
-736
2577
368
-3376
-2683
896
4791
4576
5073
9153
13954
11749
2565
-5573
-10223
-12025
-15836
-21871
-25235
-20442
-12717
-9087
-4976
3931
12319
11603
7592
8212
11754
10231
1716
-3857
-1369
4197
3934
1449
3715
6705
4243
-1490
-2412
-1869
-5774
-12514
-13349
-6439
-712
113
1012
7404
12096
10803
8303
7868
6060
-539
-5858
-6210
-3202
-3027
-5448
-4221
1302
5053
2949
1320
2115
1285
-2664
-4822
-3378
-2761
-4136
-4954
-1849
2120
2817
712
199
1844
829
-1849
-3186
-2697
-3792
-5193
-4354
-2323
-1312
-1737
-1501
5661
20298
26489
19466
13781
22535
26937
14406
401
-3432
-2328
-10351
-19769
-19475
-9487
-4663
-11886
-13608
-3045
7133
2096
-5419
-3901
1028
1449
-1070
1618
6454
9782
7041
4649
7042
8262
2869
-7524
-13649
-15716
-14926
-15440
-17754
-17137
-10869
-3281
-1704
96
5348
9566
6253
1021
2021
6338
6864
835
-1596
3557
8826
5889
909
2157
3023
-2712
-9338
-7765
-4730
-7006
-9907
-5143
4310
8363
7284
7076
10597
10715
5516
855
161
-272
-4486
-6671
-3174
1752
1157
-1406
402
3802
2894
-1417
-2552
-1598
-2139
-4260
-3835
-809
528
-852
-1875
424
1845
-234
-2792
-1861
-379
-1374
-2109
-958
747
-195
-1422
-1978
-1381
-2397
-4703
-5508
547
15588
23282
19370
13378
21455
28679
17704
1768
-5648
-3504
-9340
-19144
-19897
-9554
-2468
-8402
-10323
-695
9673
3950
-6048
-5834
343
1640
-2841
-317
6920
12067
8251
4183
6474
7178
415
-11326
-16987
-17235
-15674
-15870
-16070
-12223
-5700
-199
366
2338
5940
6760
1921
-2521
183
5204
6237
1815
1604
6988
9702
4698
-1107
-1048
-1485
-5378
-9545
-7265
-3076
-2815
-3895
-356
7096
8071
4106
2907
5020
4310
248
-1754
-579
1237
566
-74
2194
5000
3406
-494
-491
824
-1334
-4990
-5077
-2935
-2250
-2580
-2167
-331
812
-188
-1319
-595
194
-1101
-1975
-816
1076
1031
169
280
356
-178
-2209
-3178
-4229
-4718
-4188
7403
22362
23814
14673
13413
25683
22921
5469
-7546
-7057
-5668
-13757
-17943
-9991
563
-2535
-9452
-3755
7462
5048
-7511
-9814
-2194
3189
720
1156
8093
13015
10043
4851
4473
2682
-5707
-14471
-17292
-16185
-14667
-13433
-10975
-7632
-3368
225
1051
-218
-1302
-645
-238
-770
-273
4177
8044
7780
6161
7133
7928
3074
-2531
-5191
-5502
-7605
-8177
-5198
-1844
389
2396
5124
6268
6363
4375
1420
-357
305
-93
-2114
-792
1696
2006
1256
2509
2672
560
-812
-678
-343
-418
-325
-655
-21
718
-44
-1726
-2275
-2771
-4140
-4364
-3271
-2103
-1355
137
1544
2098
2279
1888
879
-647
-1779
-2883
-3028
-3297
-3621
-2846
1690
16269
25570
21779
11446
13974
22161
13653
-2669
-10522
-5846
-5084
-10797
-10909
-861
2944
-5439
-10751
-2448
5441
-2864
-12460
-8902
3067
7181
4432
6013
11501
11015
3184
-263
465
-2596
-12945
-17724
-13405
-7766
-7203
-9421
-7877
-5702
-3881
-4539
-4819
-4564
-4384
-3470
-711
4488
7869
8723
6342
4786
4682
5198
2121
-3495
-5371
-3462
-1721
-1267
1595
2311
873
276
2726
2613
-189
-1382
-1292
248
2517
4031
2283
1315
1779
1735
601
-63
-1074
-2671
-1347
1300
2326
1023
70
-551
-702
-791
-1942
-3493
-3946
-2871
-1874
-328
150
-497
-1027
-168
934
396
-609
-1833
-1465
-679
103
-253
-366
-1536
-2481
-1904
3577
17568
22825
16401
7454
14707
22067
11832
-3724
-8340
-2957
-3936
-8730
-7553
1618
706
-8440
-10656
595
5880
-5555
-12715
-5789
6388
7229
3658
5212
9436
6397
-1464
-2050
433
-3584
-14256
-15392
-7912
-2909
-5965
-10203
-8754
-5707
-4648
-6500
-5787
-3995
-2928
-2207
1926
7102
8126
5126
1004
1018
3307
4160
-506
-4767
-3576
429
1464
720
1301
604
-191
814
3580
2547
16
-730
971
3296
4322
2609
-377
-372
1103
1260
-201
-586
-1051
-926
774
2339
1361
-1422
-2658
-2339
-1456
-1917
-3196
-3688
-2201
-312
436
378
-383
-906
-863
-220
-270
-658
-1264
-999
-107
424
493
-346
-557
-2039
-1869
-421
8055
19544
20566
12707
8305
17169
17774
5474
-6463
-5305
-502
-2620
-6128
-2581
3784
-1455
-9298
-8064
1992
633
-9476
-10682
-57
8765
5776
2256
4202
6697
878
-5019
-4019
-1694
-6516
-12879
-9412
-2282
-947
-7330
-10957
-9235
-6472
-6824
-7829
-5651
-2587
-282
1270
5123
7179
5480
881
-1256
508
2696
2059
-1524
-1264
1361
3606
2312
966
296
-1239
-1727
84
2392
1400
-5
730
3642
4259
2885
532
-842
-17
1076
1393
688
907
861
720
838
732
-1524
-4160
-4315
-3000
-2040
-2350
-2297
-1756
-752
-39
-224
-816
-1242
-1099
-832
-155
363
334
-130
-203
95
-16
-630
-1214
-1758
-1627
-180
5038
16250
20594
15027
7577
11443
16196
8331
-2718
-5163
915
1782
-1692
-2171
3056
1129
-7147
-10056
-3189
1261
-5563
-9418
-2462
7698
7476
1707
729
3285
576
-5858
-6133
-2313
-2034
-7516
-8273
-3051
-558
-5637
-11674
-11453
-8740
-7564
-7819
-5200
-1685
417
727
1896
3900
3179
13
-2485
-192
3869
4971
3150
1814
3303
3498
1691
-118
-858
-1215
-1400
-41
1819
2450
1447
863
1066
1827
1382
240
-18
797
1941
2188
2021
1608
961
-70
-883
-1413
-1748
-2140
-2479
-2148
-1740
-1594
-1775
-1823
-1880
-1930
-1693
-1251
-753
-484
-290
-29
201
229
-132
-740
-1022
-1132
-764
-555
-630
-1051
-72
2636
10988
18496
16929
9391
6861
13249
12301
3432
-2863
577
4168
1851
-1072
775
2132
-3928
-9345
-7297
-97
-651
-6470
-5850
2148
6514
2046
-1979
-960
4
-4019
-6392
-3308
-243
-2329
-6297
-4978
-2026
-3404
-8927
-11348
-9375
-7311
-6810
-5479
-2221
-740
-993
-1133
471
1278
251
-980
-297
2505
4808
5306
4121
2964
2129
1640
1580
1563
1245
464
868
2188
2974
1798
88
-451
-249
184
698
1353
1171
1178
1730
2190
1404
211
-435
-944
-1350
-1534
-1485
-1854
-2118
-2262
-2450
-2491
-2116
-1754
-1769
-1354
-631
-318
-400
-137
-21
-554
-861
-488
-57
-526
-714
-534
-185
-105
-374
-778
-555
1535
7615
14327
15532
10730
6709
9387
10997
6613
738
790
4238
4626
2536
1572
1709
-1103
-5125
-6763
-3877
-1046
-2037
-3959
-2279
1728
2203
-1108
-3725
-3710
-4153
-5260
-4635
-2557
-1565
-2735
-3809
-3895
-4204
-5748
-7809
-8661
-7837
-6180
-4765
-3250
-1949
-1604
-1948
-1942
-1221
-843
-680
180
1817
3235
4025
4561
4271
3059
1571
1099
1753
2549
2957
2613
2203
2132
2275
1639
219
-737
-431
578
1191
1447
1440
1401
1265
886
68
-813
-1063
-952
-1123
-1648
-1824
-1785
-2054
-2440
-2433
-2114
-1742
-1033
-103
486
519
569
852
999
923
735
741
931
1198
1185
1037
938
935
955
826
465
3
-163
543
2210
4208
5524
5318
3992
2670
2566
3113
2990
1952
1532
1995
2456
2604
2782
3024
2200
635
-267
340
1029
140
-1811
-2563
-1486
-562
-1319
-2713
-2984
-2612
-2641
-2922
-2799
-2889
-3411
-3499
-2762
-2293
-3133
-4240
-4263
-3507
-3281
-3769
-4095
-3686
-2896
-2282
-2030
-2102
-2345
-2579
-2389
-1651
-988
-1004
-1067
-454
502
970
1085
1439
1816
2015
2119
2188
2026
2077
2573
2985
2958
2817
2754
2518
2339
2382
2253
1753
1435
1475
1483
1255
965
650
223
-42
-242
-552
-763
-628
-441
-529
-663
-574
-616
-947
-1180
-1167
-1197
-1328
-1182
-871
-872
-1119
-1049
-855
-1060
-1478
-1559
-1449
-1501
-1591
-1246
-552
873
3119
4602
3737
1951
2153
3833
4638
4196
4352
5074
5515
5664
5958
5956
4853
3274
2355
2710
3051
1985
-30
-592
658
1342
-167
-2117
-2445
-2220
-2755
-3393
-3243
-3608
-4816
-5030
-3625
-3076
-4747
-6495
-6369
-5379
-5192
-5629
-5834
-5457
-4692
-3824
-3456
-3612
-3912
-3941
-3590
-2680
-1852
-1773
-1861
-894
919
1881
1805
1668
2054
2375
2589
2624
2466
2570
3306
4216
4319
3964
3572
3313
3144
3092
2882
2422
2267
2628
2990
2751
2077
1312
846
643
329
-162
-468
-337
-162
-209
-366
-700
-1303
-1707
-1657
-1587
-1929
-2285
-2118
-1722
-1584
-1727
-1879
-1986
-2084
-2093
-2016
-2062
-2195
-1999
-996
1137
3514
4189
2549
1187
2325
4298
4478
3620
4050
5290
5838
5781
6095
6081
4820
3215
2870
3667
3650
1957
221
660
2165
1968
-298
-1992
-1881
-1802
-2767
-3479
-3286
-3658
-4660
-4462
-3065
-3080
-5216
-6729
-6142
-5121
-5365
-6122
-6064
-5260
-4448
-3983
-3867
-4142
-4565
-4782
-4214
-2959
-2024
-2024
-1970
-554
1202
1611
1041
1084
1735
2135
2424
2790
2986
3153
3794
4311
4055
3546
3216
2928
2838
3248
3325
2748
2580
3163
3389
2702
1963
1511
1129
868
750
476
121
97
188
-11
-505
-973
-1393
-1716
-1698
-1575
-1791
-2175
-2060
-1581
-1474
-1862
-2100
-2069
-2167
-2299
-2098
-1808
-1874
-2001
-1619
-818
631
2778
4116
3068
1286
1739
3742
4543
4005
4320
5333
5653
5429
5742
6021
4947
3187
2404
3177
3819
2932
1163
661
1742
2154
507
-1666
-2278
-2204
-2836
-3501
-3164
-3100
-4284
-4857
-3688
-2920
-4619
-6748
-6825
-5622
-5241
-5700
-5788
-5411
-4863
-4343
-3974
-4141
-4613
-4887
-4523
-3312
-1999
-1509
-1755
-1202
445
1639
1441
850
1112
1895
2660
3116
3292
3305
3564
4094
4279
4047
3528
3102
3074
3583
3919
3532
3034
3005
3213
2987
2431
1762
1329
1320
1402
1154
611
270
-6
-416
-825
-1125
-1550
-1999
-1912
-1529
-1573
-2115
-2367
-2076
-1870
-2101
-2395
-2349
-2219
-2195
-2065
-1799
-1714
-1744
-1462
-1106
-1112
-1327
-926
841
3428
4700
3325
1577
2301
4574
5354
4561
4311
4830
5047
5042
5691
6075
4956
3109
2663
3898
4442
2786
454
216
1670
1948
-53
-2193
-2630
-2495
-2865
-3197
-3020
-3594
-4984
-5152
-3731
-3182
-5193
-7353
-7331
-5884
-5334
-5953
-6345
-5964
-5050
-4311
-3837
-3955
-4485
-4919
-4469
-2949
-1657
-1601
-2115
-1085
1206
2449
1743
909
1238
1860
2405
3134
3802
3801
3918
4624
4946
4391
3657
3337
3243
3649
4223
4028
3352
3481
4171
3830
2680
1926
1694
1334
1049
1000
604
-36
-347
-295
-634
-1333
-1908
-2174
-2203
-2119
-2074
-2375
-2633
-2443
-2043
-2146
-2629
-2689
-2349
-2169
-2269
-2061
-1739
-1708
-1660
-1237
-885
-1143
-1376
-1051
296
2665
4789
4469
2272
1730
3676
5192
4555
3944
4650
5406
5390
5574
6199
5772
4066
2769
3265
4221
3569
1475
250
1101
2096
1125
-1158
-2383
-2353
-2661
-3437
-3581
-3447
-4507
-5667
-5032
-3685
-4581
-7185
-8180
-6952
-5827
-6114
-6415
-6004
-5275
-4677
-4111
-3817
-4182
-4732
-4748
-3582
-2014
-1229
-1574
-1545
29
1918
2307
1286
885
1617
2546
3056
3563
4150
4465
4832
5248
5249
4507
3798
3777
4290
4796
4718
4196
3789
3915
3893
3104
1982
1305
1257
1313
1208
820
308
-195
-633
-1016
-1531
-2189
-2789
-2763
-2254
-1989
-2318
-2683
-2563
-2359
-2459
-2797
-2911
-2791
-2536
-2193
-1835
-1635
-1654
-1509
-1164
-869
-928
-1112
-1159
-979
-643
-65
1480
3899
5386
4324
2543
2812
4485
5006
4445
4724
5518
5564
5311
5919
6506
5565
3666
2665
3313
3948
2989
954
112
923
1177
-441
-2485
-3134
-3394
-4158
-4514
-3831
-3920
-5566
-6331
-5111
-4249
-5919
-7924
-7967
-6702
-6026
-5973
-5702
-5356
-4945
-4457
-3817
-3683
-4075
-4576
-4338
-2923
-1254
-633
-1110
-822
719
2080
2118
1721
1842
2253
2908
3872
4747
4938
4956
5299
5581
5343
4664
4026
3835
4376
5025
4899
4187
3727
3672
3303
2509
1627
962
670
778
959
657
28
-577
-983
-1386
-1865
-2475
-3046
-3029
-2448
-1972
-2152
-2503
-2570
-2521
-2619
-2753
-2716
-2665
-2530
-2151
-1587
-1298
-1384
-1365
-1027
-742
-802
-840
-687
-548
-467
-216
302
1528
3791
5662
5238
3422
2983
4050
4672
4707
5334
5934
5515
5151
5765
6058
4726
2928
2233
2571
2748
2098
880
-118
-303
-328
-1134
-2645
-3717
-4207
-4582
-4610
-4102
-4161
-5447
-6179
-5419
-4881
-6128
-7479
-7344
-6600
-6175
-5593
-4701
-4580
-4830
-4375
-3479
-3475
-4131
-4138
-3407
-2389
-1331
-312
23
91
785
1835
2293
2158
2321
2703
3253
4102
5089
5426
5179
5203
5461
5399
4762
4210
4053
4282
4520
4442
4116
3637
3239
2844
2444
1826
1182
879
877
872
611
254
-337
-1005
-1487
-1764
-2178
-2709
-2765
-2443
-2182
-2277
-2400
-2539
-2747
-2871
-2846
-2742
-2781
-2671
-2328
-1857
-1624
-1565
-1386
-1167
-1016
-903
-615
-445
-393
-228
85
288
337
722
1980
4116
5555
4880
3322
3281
4405
4610
4200
4641
5252
4805
4327
4790
4988
3914
2591
2125
2229
2100
1320
88
-733
-693
-760
-1841
-3170
-3576
-3668
-4235
-4548
-4068
-4135
-5304
-5783
-4973
-4753
-6061
-6900
-6374
-5782
-5739
-5308
-4540
-4490
-4572
-3941
-3207
-3435
-3744
-3249
-2502
-1946
-1156
-180
114
273
1128
2128
2162
1941
2623
3522
3743
3791
4484
5040
5061
5211
5619
5360
4517
4325
4648
4629
4291
4309
4220
3681
3249
3052
2544
1721
1472
1576
1362
794
477
243
-388
-1061
-1448
-1780
-2491
-2886
-2673
-2515
-2913
-3191
-2913
-2837
-3123
-3269
-3053
-3063
-3100
-2691
-2143
-1974
-1965
-1560
-1181
-1121
-1119
-837
-623
-597
-367
22
212
150
334
660
737
718
1682
3885
5580
5187
3758
3500
4203
4442
4229
4423
4549
4160
4055
4509
4522
3500
2322
1664
1529
1470
996
-131
-1202
-1314
-1112
-1732
-3032
-3753
-3964
-4313
-4514
-4241
-4375
-5384
-5752
-4997
-4627
-5600
-6396
-6094
-5621
-5387
-4861
-4163
-4139
-4080
-3233
-2390
-2591
-3054
-2670
-1968
-1450
-794
135
557
719
1479
2455
2604
2218
2508
3354
4004
4295
4605
4853
5023
5364
5683
5575
5033
4684
4684
4711
4488
4149
3852
3489
3116
2785
2385
1698
1067
883
811
415
-111
-370
-679
-1212
-1673
-1994
-2480
-2992
-3061
-2938
-3037
-3268
-3237
-3080
-3109
-3241
-3279
-3206
-3149
-2906
-2443
-2063
-1931
-1724
-1262
-970
-965
-924
-689
-526
-416
-92
295
452
478
698
917
874
715
701
904
1833
3843
5436
4812
3048
2863
4045
4363
3778
3819
4158
3794
3564
4060
4051
2771
1588
1373
1388
956
322
-378
-1110
-1299
-1086
-1531
-2922
-3859
-3833
-3815
-4185
-4247
-4160
-4670
-4982
-4414
-4036
-4940
-5811
-5482
-4844
-4714
-4492
-3809
-3531
-3427
-2766
-1986
-2163
-2637
-2163
-1244
-723
-353
488
1071
1271
1804
2677
2882
2459
2710
3485
3830
3704
4082
4670
4843
4915
5106
4960
4262
3853
3850
3812
3551
3386
3276
2936
2528
2147
1724
1082
583
425
321
6
-294
-405
-708
-1223
-1629
-1896
-2360
-2827
-2895
-2796
-2884
-3005
-2927
-2887
-2978
-2958
-2816
-2814
-2908
-2746
-2345
-2005
-1804
-1537
-1224
-1098
-1058
-874
-597
-506
-438
-151
203
387
549
825
947
911
959
1071
986
824
854
1378
2825
4627
5047
3652
2564
3088
3816
3595
3366
3618
3530
3247
3558
3839
2971
1681
1166
1203
1025
627
124
-597
-1047
-937
-1016
-2078
-3269
-3555
-3413
-3632
-3898
-3790
-3961
-4360
-4180
-3634
-4022
-5055
-5204
-4560
-4243
-4266
-3833
-3372
-3241
-2826
-2042
-1868
-2395
-2332
-1524
-900
-663
-121
579
925
1298
1976
2365
2057
1928
2552
3417
3819
3788
3766
3948
4261
4375
4197
3826
3485
3366
3472
3454
3036
2632
2551
2494
2111
1630
1251
863
566
481
361
-91
-546
-682
-757
-1123
-1635
-1944
-2114
-2295
-2422
-2426
-2507
-2696
-2689
-2475
-2397
-2496
-2399
-2115
-1984
-1990
-1862
-1673
-1598
-1443
-1107
-872
-855
-748
-452
-238
-185
-53
242
515
666
802
954
984
924
965
1088
1075
960
939
1154
1870
3130
4048
3674
2692
2502
2984
3042
2756
2848
3045
2899
2858
3073
2756
1838
1245
1205
1032
613
343
72
-376
-657
-739
-1288
-2288
-2863
-2826
-2942
-3372
-3499
-3406
-3626
-3905
-3792
-3814
-4414
-4883
-4665
-4333
-4303
-4096
-3540
-3114
-2921
-2602
-2275
-2274
-2272
-1820
-1243
-979
-689
-51
541
831
1184
1729
2135
2344
2500
2588
2704
3019
3404
3712
3953
3965
3758
3728
3785
3437
2995
3012
3077
2781
2609
2624
2234
1626
1399
1275
811
377
284
220
-45
-352
-603
-877
-1210
-1485
-1616
-1779
-2067
-2172
-1971
-1912
-2119
-2145
-1927
-1871
-1914
-1731
-1562
-1675
-1740
-1494
-1259
-1212
-1096
-841
-697
-715
-658
-465
-319
-261
-97
196
375
420
564
804
887
858
959
1100
1042
954
1106
1288
1296
1552
2276
2748
2543
2389
2663
2650
2237
2230
2523
2355
2068
2292
2391
1822
1298
1238
1028
504
250
212
-133
-584
-663
-717
-1254
-1879
-2071
-2210
-2713
-3105
-3061
-3128
-3496
-3566
-3367
-3547
-3950
-3949
-3761
-3870
-3923
-3564
-3192
-3090
-2862
-2396
-2114
-2028
-1744
-1326
-1116
-888
-389
89
339
645
1113
1559
1989
2308
2311
2262
2591
2988
3034
2974
3055
3108
3132
3260
3203
2849
2639
2738
2691
2350
2094
2013
1861
1606
1418
1200
842
537
475
428
104
-275
-363
-311
-510
-830
-992
-1120
-1355
-1460
-1411
-1546
-1773
-1727
-1494
-1452
-1509
-1425
-1311
-1331
-1375
-1296
-1206
-1180
-1079
-816
-615
-617
-576
-327
-109
-93
-51
134
310
418
581
774
862
890
973
1059
1002
899
937
1040
1033
979
1009
1109
1312
1581
1645
1395
1254
1465
1655
1547
1387
1337
1256
1169
1147
992
582
237
155
70
-186
-417
-535
-690
-860
-959
-1145
-1527
-1828
-1877
-1918
-2145
-2371
-2409
-2393
-2443
-2497
-2524
-2619
-2717
-2666
-2526
-2454
-2428
-2318
-2124
-1883
-1663
-1496
-1351
-1148
-887
-630
-396
-113
297
646
694
650
877
1190
1303
1448
1771
1984
2105
2398
2583
2376
2196
2308
2344
2198
2176
2225
2140
2043
1986
1777
1429
1201
1162
1143
975
754
681
659
478
250
129
-70
-372
-445
-341
-441
-661
-669
-599
-735
-942
-1035
-1107
-1176
-1106
-914
-790
-770
-767
-768
-803
-830
-770
-643
-542
-489
-396
-245
-174
-195
-165
-76
-25
44
199
305
302
330
438
506
495
480
496
515
508
488
478
446
386
384
428
384
314
406
533
454
282
217
180
94
95
163
116
2
8
49
-46
-190
-232
-245
-327
-381
-359
-368
-437
-460
-436
-504
-667
-766
-774
-823
-914
-939
-921
-962
-1046
-1075
-1067
-1098
-1139
-1108
-1022
-970
-937
-821
-636
-548
-576
-538
-388
-267
-196
-58
99
168
247
406
493
454
472
611
712
730
753
837
944
1018
1029
987
931
876
883
942
912
768
722
799
781
651
588
589
532
467
428
351
239
186
202
197
126
34
8
2
-74
-154
-138
-103
-143
-172
-157
-163
-162
-70
19
-12
-83
-103
-109
-136
-120
-49
4
16
36
86
83
13
-58
-71
-75
-82
-50
23
79
58
19
-2
-24
-70
-96
-97
-111
-124
-120
-126
-163
-164
-134
-139
-180
-205
-208
-218
-226
-249
-287
-277
-188
-139
-185
-214
-187
-191
-203
-129
-65
-130
-192
-128
-73
-113
-103
-17
17
13
66
120
96
81
148
196
132
29
4
22
5
1
52
55
-56
-132
-104
-133
-272
-354
-327
-329
-393
-418
-394
-411
-467
-485
-451
-422
-424
-415
-373
-364
-418
-428
-355
-293
-285
-240
-148
-99
-64
33
117
109
110
185
219
182
212
317
376
394
470
529
486
455
561
693
701
640
646
700
722
712
693
657
607
587
569
501
416
403
457
483
446
397
347
279
225
201
148
54
28
86
105
31
-37
-62
-111
-172
-174
-137
-129
-156
-186
-232
-296
-338
-337
-340
-372
-397
-393
-392
-414
-414
-384
-362
-343
-302
-283
-311
-319
-273
-211
-148
-82
-63
-132
-216
-256
-256
-215
-142
-78
-45
-29
-30
-50
-79
-100
-97
-62
11
103
191
235
208
115
5
-63
-63
-48
-73
-115
-111
-83
-95
-124
-105
-77
-98
-133
-143
-150
-161
-146
-133
-183
-249
-248
-213
-247
-333
-386
-371
-315
-265
-258
-287
-290
-248
-193
-158
-108
-15
97
155
135
94
107
176
223
218
208
234
289
331
334
318
323
367
417
447
465
492
520
526
506
475
459
448
422
386
365
365
372
362
336
301
266
239
219
202
195
193
181
154
113
56
14
-6
-23
-51
-83
-109
-139
-177
-201
-202
-196
-192
-181
-173
-195
-232
-264
-285
-297
-293
-272
-252
-244
-233
-223
-226
-235
-219
-195
-192
-195
-175
-139
-114
-103
-93
-75
-60
-59
-78
-101
-92
-47
-2
0
-19
-4
33
36
-12
-60
-68
-57
-71
-118
-167
-184
-156
-110
-96
-123
-155
-185
-237
-300
-320
-287
-241
-202
-170
-141
-133
-153
-186
-209
-191
-132
-77
-51
-34
-4
12
-8
-23
27
139
244
300
324
358
400
408
360
293
273
304
331
313
298
323
362
389
410
436
467
475
444
395
343
318
302
255
200
170
148
106
51
15
-1
-17
-33
-37
-35
-45
-71
-102
-126
-136
-142
-155
-182
-205
-206
-220
-257
-293
-299
-280
-278
-291
-276
-237
-215
-209
-211
-204
-187
-178
-172
-174
-163
-128
-94
-84
-82
-54
-22
-15
-17
1
28
37
34
30
30
38
57
64
58
58
78
97
89
75
81
95
99
93
84
76
66
54
41
18
-4
-9
1
4
0
10
28
33
25
18
18
7
-4
-8
-13
-25
-41
-53
-73
-87
-76
-45
-12
9
31
50
52
29
2
-7
-4
8
24
36
39
39
40
36
30
38
62
92
117
135
139
133
118
96
78
55
38
36
43
50
51
52
54
48
38
26
15
13
14
9
-5
-28
-51
-72
-94
-112
-119
-118
-111
-100
-89
-77
-66
-61
-62
-74
-93
-107
-124
-141
-145
-139
-126
-110
-99
-92
-85
-78
-75
-78
-78
-73
-64
-58
-51
-46
-40
-34
-31
-24
-12
6
25
49
70
86
100
107
108
99
92
88
85
89
91
97
102
105
107
106
104
97
92
88
83
75
63
54
40
33
25
19
18
17
16
13
8
-1
-10
-17
-22
-23
-24
-19
-13
-11
-12
-18
-21
-26
-31
-33
-32
-27
-22
-18
-16
-17
-15
-14
-14
-13
-12
-12
-13
-11
-8
-3
1
6
6
7
2
0
2
3
12
17
21
22
19
13
4
0
-7
-8
-7
-5
-1
0
-3
-4
-6
-11
-15
-15
-14
-10
-7
-8
-10
-17
-26
-33
-40
-45
-44
-41
-34
-29
-25
-22
-25
-29
-32
-33
-36
-36
-33
