SAMPLES:	8031
BITSPERSAMPLE:	16
CHANNELS:	1
SAMPLERATE:	16000
NORMALIZED:	FALSE
1
0
0
2
2
0
-1
2
2
0
-3
1
-4
-3
3
1
-1
-3
-2
0
2
0
-1
-6
-3
-1
0
0
-2
0
1
1
-1
-1
0
-1
0
2
1
5
0
-1
2
0
2
4
-1
2
-1
0
3
2
1
-2
-3
-3
-1
-2
-2
-1
-1
0
0
1
0
1
4
4
3
1
0
-1
-3
0
0
4
3
3
4
2
4
3
4
5
1
-1
-1
-1
1
0
2
0
-1
-2
-1
1
-4
-5
-5
-4
-3
-3
-4
-1
-4
-1
-6
-5
-5
-6
-1
2
0
-2
0
0
2
4
1
1
3
2
-1
0
2
1
-1
-1
2
1
0
-1
-2
-3
-1
0
-3
-3
-1
3
1
4
2
0
3
3
4
3
0
3
1
0
0
-2
-1
-3
2
2
-1
-2
0
1
-1
2
5
1
3
0
0
-1
2
0
-2
-3
-3
1
-4
-3
-2
-1
3
4
3
2
-1
-3
-1
1
0
-1
0
0
0
0
-2
2
0
1
5
4
4
4
1
1
0
0
-2
-2
0
-3
1
2
0
4
3
4
4
-1
0
-6
-4
-5
-6
-2
-2
-2
-2
-1
-4
-4
-3
0
-1
-4
-4
-1
3
0
0
4
1
0
0
-2
-1
-1
-1
-4
-3
-2
-3
-1
2
0
0
4
1
4
2
2
0
-1
2
4
4
1
2
-1
1
1
2
4
4
1
0
2
0
1
0
-1
2
2
-3
-1
1
4
1
0
2
4
6
0
1
3
4
4
1
-1
0
3
2
0
-3
-1
1
-2
-5
-4
0
-3
-6
-4
-4
-4
-6
-6
-5
-7
-5
3
2
-6
-8
-2
7
2
-9
-2
3
6
2
-2
3
8
8
-2
-3
3
7
2
-2
-1
4
6
-2
-2
1
2
2
-2
-4
-1
13
9
-4
-7
1
12
7
-4
-9
5
9
4
-5
-4
6
4
2
-8
-5
3
3
-3
-6
-1
0
1
-11
-7
5
2
-2
-4
2
3
-1
-7
-8
-2
3
-1
-10
-11
3
7
-1
-15
-7
15
4
-10
-4
11
11
-5
-10
4
12
3
-13
0
16
5
-9
-1
13
12
-3
-22
-4
35
6
-37
-17
26
28
-11
-38
-1
40
13
-38
-16
44
21
-29
-22
23
44
3
-46
-6
53
15
-46
-11
41
11
-39
-7
58
20
-52
-35
40
58
-2
-48
-22
28
24
-26
-16
35
14
-51
-33
59
56
-48
-67
19
30
-29
-6
33
-17
-61
3
53
-2
-42
-36
-6
62
16
-99
-24
75
-13
-55
19
24
-20
-50
23
100
-40
-126
65
114
-57
-72
12
18
56
25
-79
-34
39
37
36
5
-77
-41
71
34
-6
41
-40
-86
60
78
-27
5
-45
-44
120
35
-114
-24
122
22
-83
-18
2
66
58
-62
-43
3
1
68
67
-86
-107
67
158
-80
-113
47
74
21
-94
-17
86
53
-142
11
110
-42
-71
3
142
-79
-90
76
-26
44
-15
-64
40
27
-44
-78
127
-30
-80
65
-66
-27
106
0
-163
37
98
14
-129
-68
177
22
-116
-53
42
4
88
12
-147
-22
46
85
109
-88
-249
155
94
-43
90
-44
-143
-59
255
86
-175
-79
16
69
132
52
-301
-83
314
84
-150
-8
-85
-70
244
9
-177
37
70
-57
10
7
-27
-40
22
230
-70
-209
-85
115
271
-81
-263
161
82
-214
105
11
-51
136
-54
-70
39
-189
184
109
-137
153
-38
-172
-152
175
316
-192
-43
-2
-213
80
193
60
60
-258
-94
148
-32
121
-17
-24
-76
49
-34
-55
89
133
-111
-35
-100
-58
265
47
-136
-228
73
257
139
-271
-241
57
287
84
-251
-43
248
-76
-273
104
252
9
-247
-92
267
101
-280
-77
186
112
-27
-88
-153
82
19
-6
332
-236
-243
268
-196
62
187
11
-80
-127
-114
92
167
149
20
-291
-405
97
780
-27
-419
-201
84
-35
95
431
-246
-260
105
132
-154
-179
355
111
-249
-221
125
300
-109
-102
-40
-118
43
78
189
61
-242
-26
12
114
47
-391
215
349
-191
-160
277
-29
-363
-57
64
463
131
-316
-300
-98
156
552
-100
-485
29
143
419
-563
-207
769
2
-641
-63
392
39
31
59
-138
-341
-54
316
363
189
-923
17
606
-287
88
-12
40
-285
197
299
-149
-286
-87
273
-42
-195
223
472
-400
-443
76
312
-73
170
57
-655
447
369
-327
-378
106
399
16
-391
99
559
-309
-419
-142
485
336
-579
84
217
-11
-43
21
-432
-33
572
211
-269
-321
148
-24
68
-19
105
-113
-207
309
-168
179
484
-738
-381
116
440
659
-468
-273
-384
218
493
-405
310
73
-438
102
90
203
-151
62
-258
-419
601
503
-185
-556
32
116
48
-141
248
141
-356
-33
327
22
107
-545
-452
508
710
145
-630
-468
75
253
448
184
-967
16
596
23
94
-252
-514
219
497
-177
170
-130
-273
77
-94
520
-308
-518
639
218
-250
-240
-111
-276
643
232
-359
112
-113
-280
57
568
-166
-521
376
-196
309
123
-230
-102
-422
346
313
190
-526
303
-404
91
735
-570
-647
450
841
-367
-636
148
198
131
152
-335
-428
732
216
-687
-105
443
240
-197
-456
-198
708
324
-604
-478
505
517
-414
-249
-106
223
334
-47
-416
-63
723
-336
-517
304
366
-93
-108
-266
222
74
-115
478
-494
-543
372
574
262
-562
-547
-5
615
657
-618
-1087
589
887
64
-530
-619
106
291
452
269
-593
-571
201
860
214
-996
-596
766
991
-654
-456
111
-210
504
346
-355
-949
168
1363
382
-1464
-816
1063
402
-205
432
-419
-1179
592
1281
213
-1855
-276
1135
884
-364
-975
-623
588
1813
-756
-1382
-542
1827
476
-793
-149
-715
-52
971
712
-779
-934
664
746
-567
-481
147
220
270
486
-756
-431
359
-30
407
45
-460
134
38
-44
246
-338
25
207
6
-199
-45
315
88
-316
-215
66
-69
571
255
-620
-558
344
600
-437
-82
566
-158
-1215
693
1413
-706
-1084
-56
1207
83
-974
684
-148
-313
-265
317
970
-673
-459
-195
639
78
-1366
1640
776
-1640
-806
1257
961
-811
-1158
-31
1418
801
-1068
-1485
943
1285
-204
-1491
-920
1676
1785
-932
-2033
224
976
690
-88
-1429
-354
1595
958
-1275
-1113
140
1266
193
-528
-63
-1143
641
1673
-297
-1640
-543
1539
785
-970
-568
582
-219
63
505
-534
-77
540
-323
-137
-566
1018
540
-1301
-669
1729
653
-1873
-977
1634
1648
-1472
-1149
-4
1783
676
-2721
-663
2938
480
-1580
-1395
582
2251
-668
-1749
260
636
1082
-750
-827
134
343
1451
-1473
-1062
186
1256
2132
-2172
-2443
1360
2438
-481
-2847
618
2008
-172
-643
-625
-762
1926
848
-1555
-1211
888
161
1202
408
-2348
-601
2242
1296
-2816
-1242
2071
1528
-780
-914
-1150
-36
3554
-3
-4315
-202
3626
925
-2635
-1129
1424
1211
-663
-872
-663
1162
2202
-3241
-702
2738
-1041
-329
1451
-627
-2385
1747
1094
-515
336
-1011
-1461
1925
1705
-2690
-52
1202
-335
168
126
-739
-437
1137
-64
304
-599
-513
777
-3
143
-25
-1677
1959
305
-3032
2606
2364
-3393
-2499
4219
430
-3372
1586
2045
-1984
-1160
2105
-1292
-539
2706
-994
-1991
679
1264
-905
1088
-712
-1438
503
2663
-1492
-2224
2064
745
-1012
-587
724
-185
-294
771
1427
-3061
-932
3394
-309
-920
-993
1539
-355
-1098
1923
-1144
-392
146
1112
-717
-801
2077
-1130
-1027
-235
2532
-547
-2336
390
2690
-104
-2954
-165
2624
130
-2398
645
2599
-1447
-2277
1915
-430
-73
855
1144
-1966
-2343
2896
2865
-2247
-4434
2524
3119
-141
-2680
-1923
4772
-1181
-3686
2228
3337
-2325
-3032
3187
1587
-4789
692
4783
-2523
-335
-1430
730
3432
-2873
-2130
592
3886
-10
-4258
640
2415
-398
-68
-2831
1291
2840
-2126
759
698
-1868
-1691
2040
2479
-1615
-2049
-818
4755
1670
-5920
-2698
4114
3886
-2601
-1711
-26
-511
2093
1859
-4837
-1307
6033
-11
-3046
-1790
1445
4674
-3873
-3542
2872
3002
-294
-1774
-2561
2770
1023
-2986
2520
-234
-2272
1228
2833
-1893
-3945
4004
1369
-3728
1052
2170
-1260
-558
784
-789
-923
1354
1056
-620
-1009
434
-357
-882
3644
-509
-4688
1360
4024
-2300
-2481
3020
-679
-1706
2200
119
-1149
748
1683
-2903
-2715
4449
3140
-5074
-1672
3536
-18
-1065
-1078
206
2822
344
-4636
135
6446
-2490
-6575
4472
5085
-5452
-2499
4854
1542
-5392
-1181
4459
1991
-2612
-3394
3478
1539
-2487
-385
460
250
2532
-1396
-2980
3179
-887
-359
2185
-3442
-891
4941
762
-5601
268
2066
-7
790
-1030
-1156
1332
918
1464
-3582
-213
4310
-2231
-624
-21
1070
1545
-1108
-3711
874
3392
1182
-2269
-3467
2156
3329
-2279
-3192
4501
1138
-4636
284
2068
1754
-190
-4145
49
3148
723
-604
-2298
-939
2321
-140
-1684
2250
67
-4098
1644
4561
-3598
-1919
1794
1315
-810
108
-119
-883
395
-965
948
-249
1304
1280
-2947
-1350
2649
298
659
-1094
-291
1022
-2423
-441
3742
516
-5144
435
4652
-528
-2704
1908
-105
-2446
-962
3330
2641
-3130
-916
1933
-1708
-879
2204
-366
-1183
1407
389
-2864
2187
-10
-2184
848
2182
-1436
-108
2850
-3380
-44
2117
-1973
619
1886
-1522
-160
797
-1270
-1493
3062
-333
-780
371
-497
1728
-960
-2657
1378
2956
-1029
-1519
423
321
-897
970
-962
-136
-932
853
1965
-157
-1650
-2779
4194
-1007
756
1227
-2933
1207
187
-1105
742
1609
-2621
-1303
3209
1676
-2600
-3573
2249
3445
-621
-1685
-2335
2960
1888
-2797
-1200
1482
1583
-1455
-700
858
-267
-328
-254
618
191
346
-880
190
501
-701
1556
-960
-1222
1920
919
-2119
425
892
-2512
22
2465
1287
-1800
-3154
1930
2974
-2981
-946
2370
480
-1295
127
-240
1462
-1354
-2188
3170
656
-521
-1995
-238
3046
-309
-3803
1341
3480
-1939
-1763
273
2191
-811
-2667
3236
1434
-3082
-1607
4292
1217
-4748
-161
2122
181
-673
1238
-1315
-725
305
639
1715
-2632
-803
2873
541
-2014
-1023
1282
1760
-2417
-1278
4004
-839
-3311
1221
1600
-316
417
-1693
-1129
895
2442
149
-3055
385
2358
-228
-2237
858
1402
-634
-272
-561
963
990
-3010
-596
3154
145
-1596
76
524
1435
-133
-2417
-1302
2874
1648
-1267
-1463
-150
1157
-730
-1497
1544
1298
-1480
-799
-128
1131
2019
-1459
-2364
1121
1559
491
-326
-603
-452
-1074
741
2227
-254
-1431
-1192
-487
1639
444
674
127
-2405
-1176
2343
1749
-1256
-1581
-362
999
777
1462
-878
-2111
-779
1668
531
272
826
-1281
-1371
524
1094
321
366
-1431
-304
1718
384
-1259
-241
-288
195
586
63
330
-566
-967
-39
890
364
-1284
1
872
-86
211
103
-508
-267
901
-191
-235
808
739
-1008
-1322
475
1044
67
-52
-197
-579
189
-631
232
860
-486
-620
205
517
-386
-675
690
532
-949
-263
999
301
30
-376
-818
68
906
528
-383
228
-134
-720
394
166
-495
1037
220
-506
-54
-448
-238
81
616
303
-48
-224
376
143
-1405
134
1436
-337
-488
230
-326
141
-662
-871
1224
873
-1112
-934
716
822
-669
-383
988
290
-791
86
691
-826
-916
420
1039
-445
-1658
271
598
-1581
19
1473
-206
-1309
-659
881
-155
-1242
146
1194
59
-932
-765
182
418
359
-656
-723
1043
809
-786
-764
382
-289
-820
-208
541
416
-931
-1725
-131
787
-177
-680
-328
-97
17
-413
-486
160
-179
-231
407
1146
1231
935
648
1269
2385
2878
2990
3338
4163
4648
4307
4311
4699
4339
3725
4010
4463
3803
2634
1664
1050
433
-292
-869
-1488
-2361
-3148
-3506
-3998
-4824
-5469
-5747
-5603
-5454
-5697
-6035
-6300
-6323
-5902
-5466
-5336
-4810
-4554
-4386
-3839
-3393
-3078
-2980
-2386
-1495
-768
-155
-132
-903
-641
218
1199
1817
1426
911
738
640
430
848
996
465
-201
195
822
535
-323
-819
320
1181
678
479
1847
10660
17511
15784
6728
3094
11515
16715
14554
10920
14217
17953
15238
9348
7350
7236
3363
1295
3903
7839
4878
-4849
-10052
-9468
-7574
-10649
-13815
-11540
-9065
-10888
-15073
-15621
-14991
-15928
-16695
-12459
-6652
-5961
-8329
-9453
-7213
-4952
-4390
-1802
2081
5404
5761
4778
5785
7043
6693
6488
7630
8625
8709
6813
5003
2660
377
-114
-362
-697
-2113
-4293
-5608
-6532
-7040
-7367
-7370
-6434
-5231
-5548
-6119
-6006
-5755
-5311
-4532
-2246
-517
-314
-188
550
1358
1728
2061
3169
4312
4821
4481
3738
3205
2415
1610
993
1575
1645
1602
-18
-94
-809
7710
22296
20734
6703
-5930
7011
22930
17945
7244
10222
22200
20429
8703
4216
8589
5862
-203
2923
10876
11728
-3700
-15349
-11680
-5222
-7069
-15994
-13922
-6510
-7833
-16314
-18919
-15415
-15705
-18237
-14943
-5396
-3173
-8684
-12737
-10895
-4897
-3941
-4301
-1413
4378
8346
5652
3159
3076
4418
4219
6513
10456
11635
8998
5146
3902
993
-1304
-1581
-303
-37
-2438
-4692
-7096
-9385
-10986
-10150
-7489
-5479
-5382
-6827
-6996
-7090
-7211
-6701
-4243
-900
-178
-925
-1117
-112
209
67
1018
2934
4757
4865
3872
2384
1866
981
384
1090
3227
3787
2923
1064
11131
27464
24333
7619
-5246
10612
28108
21891
10426
13524
24730
20722
7889
4451
9372
6156
202
3429
11160
10239
-7233
-19091
-14267
-6589
-7831
-16315
-13818
-7357
-10310
-18914
-20445
-15512
-14518
-16252
-12542
-3174
-1539
-7390
-11982
-9966
-2861
-610
-321
2199
6616
7906
3086
922
3895
6522
4624
4909
9261
10881
5935
454
742
1252
-262
-1157
-87
-1634
-6996
-8851
-7486
-8327
-11281
-10342
-6231
-5399
-7678
-8226
-6801
-6889
-6148
-3159
-416
-81
-1128
-1203
-1143
-505
478
1424
2072
2672
2945
1728
319
230
827
116
-938
-930
-741
-428
-1048
-664
-618
7285
24711
26134
12264
-2965
6299
25761
24785
15701
15929
26464
25827
14160
7477
10102
9345
4279
6200
12716
13185
-2645
-17306
-14934
-8103
-8006
-15368
-14033
-8418
-11862
-19860
-22276
-18365
-17123
-17384
-13979
-5854
-2845
-7665
-12904
-12204
-4447
-350
-89
2506
7060
8528
3317
669
3291
5059
4661
6222
11277
13022
7770
1084
-1182
-68
1232
1817
1462
-306
-5573
-9451
-9957
-9393
-10006
-10526
-6998
-4067
-5566
-8574
-9049
-7589
-5520
-2305
1415
2621
693
-1134
-1874
-1126
900
2947
3650
2832
2732
1964
-178
-2216
-1416
-23
-954
-2199
-2794
-1906
-2913
-3706
-3307
6034
25080
25915
10542
-4864
5075
25465
23872
15102
16610
27885
25916
12656
6457
10404
10342
4891
6913
13474
13386
-3157
-18216
-15705
-8252
-7148
-14285
-13413
-8451
-12322
-20699
-23510
-18301
-15582
-15566
-12697
-5030
-2165
-7558
-13139
-12043
-3155
1945
2564
4689
8074
8657
2946
568
3660
6393
5990
6842
10161
9841
4459
767
1326
2220
1927
2224
4011
1307
-5165
-8880
-8627
-8045
-8782
-7814
-4936
-5729
-8839
-9799
-8626
-7096
-5161
-1971
1016
1161
-97
-1094
-2026
-1298
817
2888
3348
2643
1473
-620
-2674
-2440
-1203
-820
-1433
-2525
-3800
-5474
-5777
-5025
-2904
-1092
10173
25274
23086
7286
-5213
8144
26016
25160
18318
20976
29455
23423
9384
5872
12128
12527
8028
9290
13866
9629
-8502
-19752
-15321
-7205
-6730
-13154
-12421
-10798
-16566
-24491
-24577
-17379
-13538
-13462
-10950
-5081
-4888
-10832
-14425
-9383
511
4664
5218
6522
8252
6210
1032
1427
6169
9632
8949
8523
9320
8020
2300
-2563
-1569
3136
6452
5739
3691
-3285
-10736
-13949
-9369
-4437
-5518
-6575
-5815
-7111
-11596
-12756
-9291
-5097
-2228
1204
2823
-12
-2912
-3560
-2094
1473
5198
6402
3449
1081
30
-1529
-3160
-1891
848
748
-858
-3574
-5548
-8572
-8335
-4856
-1822
155
9898
24556
21658
4564
-7513
7070
27148
27419
20804
22434
29050
21059
6597
5462
14864
17668
11821
10603
13321
7489
-10384
-20284
-13067
-3698
-4133
-11805
-12639
-13212
-20524
-27225
-24792
-15080
-11058
-12568
-12297
-8900
-9422
-14508
-15372
-7901
2501
5755
4616
4688
5172
2897
-535
3025
9796
12989
10933
8482
7418
4661
2572
2348
4407
4639
3611
3129
1500
-3418
-9208
-10672
-7972
-5260
-6297
-7470
-7627
-9207
-11640
-11322
-6971
-3337
-2470
-1868
-829
-658
-1790
-1861
-94
2994
4943
4471
2708
2108
1736
-380
-1564
-72
2125
824
-2099
-3521
-4783
-7012
-7928
-5599
-1782
-1294
5853
20751
21789
6911
-8277
1929
23857
27412
20981
20342
26245
20368
6306
4814
15557
20175
14043
9524
10697
7912
-6663
-16920
-11704
-1861
-1185
-10272
-13749
-13991
-19417
-25479
-23708
-14001
-9662
-12745
-14825
-12685
-11710
-14336
-14625
-8118
1057
4088
2433
1236
2234
2241
388
3668
10289
13921
11282
7352
6942
5640
3280
4354
8317
9707
6423
2128
359
-3079
-6902
-7027
-4877
-3503
-5693
-7799
-8762
-10785
-11851
-10471
-6748
-3298
-2902
-3906
-4216
-3538
-2403
-1490
23
2425
3236
2161
606
769
1837
992
-13
352
1329
747
-1533
-2902
-3451
-4012
-5554
-5985
-4291
-2313
-1322
8404
22121
19653
3365
-8421
6341
24896
24945
19787
21260
25205
14738
3026
7194
18764
20428
12625
8490
9260
4714
-8214
-13639
-6640
1199
-1840
-11654
-13761
-14187
-19052
-23453
-19382
-10300
-9635
-14465
-16400
-13692
-12356
-14009
-12591
-5934
694
1234
-1247
-1753
957
1483
540
4700
10842
12768
7831
4524
5395
5554
5019
7001
10907
9653
4149
172
144
-1398
-3946
-3819
-2536
-3303
-7130
-8635
-8805
-9766
-10273
-8435
-5226
-4301
-4958
-5365
-4531
-3193
-1794
-658
290
1601
1576
512
-170
1241
2819
1913
770
1113
1496
-95
-1454
-920
-142
-1813
-4047
-4896
-4439
-3567
-3633
-719
12805
23385
16085
-1381
-7848
9709
22858
22102
20217
23333
22261
7676
10
8870
20774
20427
12583
8421
7242
285
-9939
-10043
-1268
4163
-3140
-12615
-13687
-14934
-19084
-21461
-15151
-8007
-10317
-15445
-17220
-14693
-13510
-13948
-11168
-4815
-165
-1190
-4374
-4282
-659
562
1472
5899
10621
9986
4837
3826
5894
6613
7438
9731
11437
8027
3079
1488
1540
676
-566
-590
-1155
-4243
-8292
-9018
-7687
-7165
-7985
-7543
-5437
-5812
-7286
-6433
-3461
-2115
-2729
-1660
553
886
-323
-741
-35
1051
2409
2951
2461
1827
1697
874
-355
525
1572
521
-1990
-2379
-2138
-3619
-5483
-4037
-2103
7148
19698
17838
4278
-10127
-42
16741
20380
19992
20761
21978
8221
-3219
3983
18693
23516
15576
9119
6539
1175
-6788
-6720
1395
7243
1458
-10223
-13494
-13545
-14465
-16456
-12950
-6290
-9179
-15904
-19438
-15926
-12341
-13040
-11682
-7560
-3916
-5167
-8198
-7209
-2850
-883
-842
1988
6428
7558
3178
1551
4372
7014
8966
8685
11022
10193
5993
3463
2757
5965
4429
1945
665
-914
-3999
-7260
-5198
-3062
-5220
-7982
-6343
-4930
-6244
-6758
-3896
-2274
-4059
-3285
-1722
-1516
-2251
-1367
-101
-1499
-891
1235
1885
1291
1660
2384
677
-378
1353
2707
1509
386
58
-969
-2692
-3042
-2538
-2880
-3317
-1292
11864
18159
10555
-4712
-9302
7034
15192
17183
17348
20312
14680
-2307
-3017
10500
22880
20283
11994
8236
3258
-3467
-5205
1999
9685
8444
-2747
-10918
-11740
-10030
-9912
-10396
-5275
-5395
-12234
-18219
-16630
-10007
-10155
-11698
-11094
-8407
-7861
-10314
-9318
-5812
-3209
-4187
-4769
-1257
2982
2508
-83
648
3354
4011
3016
5245
9645
10966
7359
4337
4392
4962
3942
4499
6363
3726
-2431
-4438
-859
-633
-4197
-4186
-1227
-3628
-7924
-5307
-467
-2042
-5664
-3508
-881
-2821
-3994
-1486
-931
-2956
-2161
320
-27
-499
1663
2110
-35
429
3280
3002
949
1956
3622
1833
-204
1147
1977
315
-1019
-192
-1130
-3030
-4468
1315
12079
13440
5924
-6073
-2448
6719
8797
10579
14000
18373
6436
-4024
288
10646
15013
10517
10148
7968
1375
-3664
-1531
4899
7033
3182
-2469
-5357
-5804
-5907
-7000
-4655
-3017
-6243
-11241
-12317
-7948
-8040
-10106
-10784
-9757
-9212
-10614
-8432
-6243
-5743
-7186
-8290
-6186
-3198
-1088
-1331
-1443
-182
-420
-1299
539
4234
5119
4164
6454
8746
5884
1538
2330
5304
4811
4048
6066
5285
-148
-3446
-1362
769
34
-63
271
-1144
-3090
-2829
-2260
-2739
-2001
-976
-1718
-3090
-2321
-1530
-2769
-2880
-483
1187
401
-56
1100
1430
981
1658
3257
3657
2805
2337
2130
2162
2669
3183
2683
2038
1845
1300
599
640
1155
947
97
-424
-685
-1326
-1505
501
2496
3980
2783
1049
586
544
2732
4361
6055
6020
4494
2901
1754
3036
4135
5213
5518
4755
2968
1004
839
1232
1520
1489
921
-563
-2272
-3209
-3286
-3801
-4423
-4770
-5329
-5497
-5936
-6111
-6739
-6943
-6587
-6735
-6512
-5783
-4599
-4819
-5599
-5296
-4525
-4088
-3748
-2542
-1684
-1704
-1937
-1305
-383
398
1696
2116
1711
760
715
1247
1839
2660
2467
1469
379
857
1457
1178
688
939
1170
662
885
1674
1549
184
-479
107
855
1110
1164
919
413
325
853
1437
2073
2397
1894
1111
1044
1826
2394
2579
2719
2483
1766
1372
1605
2229
2388
2230
1966
1792
1731
1634
1657
1608
1562
1188
901
732
774
862
634
244
-34
-248
-640
-901
-911
-823
-1090
-1318
-1108
-1218
-1525
-1694
-1496
-1066
-895
-795
-783
-808
-886
-845
-389
201
469
176
-39
14
131
300
554
850
718
346
-132
-185
-94
-214
-403
-582
-595
-893
-1473
-1839
-1894
-1959
-2179
-2359
-2175
-2180
-2579
-3161
-3281
-2982
-2794
-2470
-2065
-1825
-2205
-2615
-2323
-1687
-1026
-675
-498
-547
-787
-675
-233
443
771
736
524
503
822
1084
1322
1499
1553
1343
1127
1303
1726
1830
1707
1756
1883
1846
1736
1844
2132
2227
2191
2109
2152
2187
2050
1984
1927
2048
2015
1689
1527
1565
1683
1470
974
681
506
345
276
362
385
110
-402
-614
-526
-297
-110
-186
-404
-802
-839
-670
-353
-13
75
-74
-630
-814
-512
-145
136
148
8
-357
-876
-981
-653
-244
-122
-534
-939
-1107
-1077
-1011
-1148
-1351
-1653
-1848
-1790
-1546
-1372
-1594
-1902
-2075
-2000
-1755
-1434
-957
-724
-879
-1165
-1222
-933
-564
-192
116
299
173
-147
-292
-66
277
485
511
454
322
104
115
180
164
33
4
224
390
444
493
550
544
373
424
864
1363
1499
1180
1049
1213
1359
1469
1605
1842
1802
1411
1104
960
1023
997
843
831
785
561
99
-153
49
178
-8
-275
-270
-206
-412
-649
-605
-412
-421
-599
-446
22
299
121
-151
37
335
447
482
787
1115
918
419
182
380
514
432
346
369
182
-330
-790
-854
-706
-840
-1224
-1500
-1520
-1605
-1906
-2104
-1962
-1726
-1701
-1807
-1767
-1610
-1491
-1330
-1132
-753
-419
-134
57
68
91
14
231
662
980
1049
863
772
671
536
631
810
863
698
494
378
171
0
0
111
204
202
39
-190
-284
-133
125
337
546
625
496
418
638
903
945
902
1007
1026
831
712
853
1026
898
608
406
349
271
140
99
113
-51
-465
-770
-665
-443
-454
-640
-657
-504
-519
-588
-463
-89
153
95
-2
36
158
230
315
496
690
641
443
358
511
538
349
188
74
-112
-481
-579
-552
-625
-881
-1137
-1171
-1238
-1275
-1400
-1463
-1467
-1497
-1489
-1389
-1122
-956
-875
-787
-605
-435
-283
29
323
486
492
515
639
730
816
847
992
1165
1105
881
669
703
724
629
591
553
398
66
-124
-72
-36
-63
-115
-8
98
-2
-91
-135
77
229
250
334
408
509
436
449
572
633
584
549
570
525
399
337
443
393
180
-106
-186
-44
32
-15
-202
-299
-312
-363
-373
-222
-2
1
-162
-174
-36
39
55
202
413
416
258
129
187
255
190
93
-4
-56
-271
-485
-518
-504
-560
-760
-852
-989
-1221
-1393
-1406
-1305
-1377
-1378
-1313
-1153
-1048
-1045
-966
-882
-637
-426
-231
-95
21
209
344
462
528
748
993
1093
1021
916
981
1043
1128
1146
1068
924
766
709
669
572
457
279
146
200
300
353
180
8
-56
-89
-83
-110
11
117
110
7
-40
-15
-6
30
165
286
166
49
67
274
287
123
29
44
166
113
80
38
44
50
49
67
-22
-96
-84
19
9
2
55
138
80
-69
-86
-45
64
24
-62
-110
-95
-142
-394
-516
-410
-301
-382
-462
-389
-432
-751
-1006
-938
-709
-684
-837
-855
-749
-707
-841
-869
-657
-469
-474
-526
-368
-156
-90
-55
76
230
268
282
395
517
568
593
667
757
722
572
472
537
697
719
588
458
461
518
478
413
376
393
366
309
295
334
382
323
218
209
338
384
240
71
49
104
101
74
-2
-125
-295
-407
-412
-328
-203
-226
-415
-562
-490
-346
-307
-272
-146
-34
-22
-4
104
232
280
331
474
632
672
545
466
571
695
617
428
409
457
268
-56
-145
10
-10
-307
-578
-666
-729
-887
-984
-926
-894
-1096
-1382
-1395
-1114
-927
-1016
-1043
-854
-772
-901
-858
-489
-172
-137
-145
-6
104
75
64
230
490
651
632
516
436
387
334
374
580
758
669
401
230
251
311
342
427
535
523
405
336
365
420
482
602
707
712
656
613
577
552
574
604
577
511
425
315
212
108
-3
-78
-83
-111
-250
-391
-399
-399
-525
-632
-553
-440
-449
-470
-399
-354
-408
-409
-252
-94
-40
-15
25
34
36
93
148
143
120
103
75
65
85
42
-122
-266
-284
-306
-407
-453
-424
-478
-644
-755
-755
-753
-760
-684
-542
-482
-568
-685
-661
-451
-184
-5
75
84
12
-41
68
349
609
677
579
437
345
339
396
478
551
545
421
254
176
171
124
87
174
289
258
113
45
57
46
71
220
393
428
332
240
230
279
342
414
471
458
354
226
193
199
154
111
150
155
3
-157
-162
-117
-151
-144
-39
-40
-204
-291
-172
-30
20
52
78
52
15
39
98
167
229
205
95
29
63
45
-62
-113
-80
-121
-253
-325
-342
-404
-498
-541
-547
-542
-534
-565
-664
-733
-705
-647
-623
-586
-542
-568
-614
-560
-410
-305
-272
-246
-197
-161
-111
-28
77
150
185
180
196
223
234
245
296
379
376
318
254
242
234
303
418
434
328
248
308
376
429
520
593
547
491
550
603
564
553
660
715
668
600
537
461
392
408
374
254
108
16
-72
-182
-222
-294
-389
-478
-448
-463
-512
-554
-534
-503
-496
-411
-310
-251
-294
-282
-213
-73
-7
30
67
155
166
82
65
163
215
142
156
175
177
66
33
65
66
-9
-151
-150
-157
-269
-418
-448
-454
-528
-585
-568
-574
-548
-536
-570
-543
-579
-528
-538
-398
-379
-387
-367
-383
-237
-169
-9
-10
78
144
59
48
72
288
353
401
424
420
251
132
318
586
660
349
261
-161
416
413
585
159
2385
4240
2522
395
-552
-242
-1820
-1697
-1032
528
623
761
735
421
-346
-950
-899
-470
-30
249
640
695
601
143
-45
-114
61
20
94
179
291
120
-93
-223
-291
-382
-420
-328
-193
-221
-283
-254
-352
-414
-473
-438
-560
-603
-563
-365
-275
-158
1448
985
10
-568
-209
-569
-967
-772
-619
-414
-643
-282
-433
-513
-718
-433
-445
-340
-259
37
96
6
-84
-83
5
24
260
518
586
435
347
249
252
187
197
133
243
294
228
195
253
313
262
226
249
346
355
302
343
390
331
171
147
201
220
307
320
367
258
197
16
26
128
152
153
11
108
117
26
-14
-15
-99
-81
-90
25
-3
151
108
170
149
29
8
-113
67
-64
136
-13
76
-270
208
1557
1193
294
-470
-330
-708
-579
-453
-258
-17
-141
-216
-810
-1176
-1322
-1184
-1073
-754
-493
-260
-388
-535
-607
-609
-278
-245
-154
-72
117
138
-138
-173
-165
139
60
219
94
-350
-273
-33
383
450
524
107
-101
161
-108
80
690
378
202
1073
73
-252
431
-14
-143
806
1116
281
-97
258
5
-294
434
426
472
856
224
90
-204
-314
107
249
40
647
923
-652
-393
634
286
-626
32
569
964
1246
-913
-276
1014
-563
-942
913
1608
-177
-1094
30
-88
-390
52
778
-172
-999
1330
240
-1679
-1516
1024
232
-1717
985
249
-1836
-335
362
-1394
-1438
667
1222
-644
-1995
-640
687
328
-1784
-1111
1222
837
-1178
-1094
251
1179
-231
-2312
-107
1741
94
-1105
-1056
1034
223
-1655
797
1232
108
-480
-1388
-136
788
-131
-598
57
1811
2180
-1380
-2038
1850
1893
-1947
-319
3565
2065
-961
-1193
243
2539
-387
-1606
1682
2729
169
-1846
-514
669
-954
-379
2140
2
-1565
874
781
-2626
-1654
3780
-511
-3397
2693
475
-2140
106
597
405
-249
-668
1270
1059
-890
-167
451
336
1461
1075
-3335
745
3637
-1522
-2162
1395
164
352
2090
-1716
-2344
536
651
-477
-1664
2
1449
699
-2630
-2380
1221
-742
40
625
116
-1758
-1327
2089
-2112
-1890
1362
675
-178
-946
741
342
-2185
-1373
2425
2120
-1965
-737
1650
937
-2259
-2244
2066
2690
-922
-2031
1778
2712
-2637
-2475
1957
-153
972
2404
-406
-3035
603
1151
-1309
138
966
2337
-78
-1593
184
-145
-753
1472
1395
-221
726
320
-1511
-636
819
-943
760
1532
1765
-627
-2238
-496
1527
539
-1910
1821
1570
-888
90
-101
141
66
-398
-145
1787
1945
105
-2445
-191
1544
289
-867
-305
1911
-1392
-901
1557
-336
-1951
-409
1406
-87
-2051
-259
1448
236
-1957
-675
-877
1121
739
-2367
-1502
1806
657
-1974
-992
-502
1806
430
-1598
-524
-626
-156
1364
336
-1140
-1798
-530
2443
1273
-3161
143
2584
-749
-3866
1046
3163
-625
-1150
60
2832
-1642
-2655
876
1351
1753
751
-127
-149
-475
87
1502
115
-1928
1498
1926
696
-449
-2125
-85
2195
405
-1180
-1615
2418
2077
-3021
-1137
-420
1563
954
-440
-1294
-298
1188
-141
-1334
33
1383
1656
-958
-1417
2517
-361
-2315
1470
2427
-782
-178
1202
-147
-1085
-27
1596
486
-225
-140
1504
-570
-1702
-449
-1469
2227
259
-1234
780
-1062
-190
729
-561
-2571
-308
2041
2266
-1766
-3206
925
-602
1303
673
-4316
465
3966
-1373
-2411
1698
-581
-1346
6
105
83
-511
450
-358
1362
-1522
-3783
3475
3369
-5623
-575
6188
-2022
-4035
2660
2040
-2524
-752
1394
1521
237
92
-803
-285
415
-1222
1894
1624
-1663
-90
1124
129
-1189
668
376
-767
923
1946
-3015
-1982
4061
405
-3244
342
2303
212
-74
-286
-279
-645
793
1686
-356
-731
2019
-832
-524
1493
-1982
-384
4135
-141
-2178
660
-198
-381
545
-205
-1848
1154
2938
-2881
-2219
2310
-137
-1937
973
567
-1614
924
873
-1950
-1340
1736
-770
-349
1100
-279
-1056
172
1454
-917
-1547
457
3034
362
-3335
-125
3161
-800
-3228
828
4304
-1778
-2419
1221
850
-503
-1341
135
285
265
-381
-10
-491
-639
0
331
-1190
1437
2033
-2975
-1362
3188
102
-4101
2048
2786
-722
-1741
136
620
1411
-1341
-1886
3043
230
-2588
1689
2202
-3974
-537
2539
2034
-2449
-1128
2366
-29
-1970
1475
154
-2129
3428
865
-1668
-1550
2016
1171
-1481
-497
987
1824
717
-2014
-1182
1380
344
-1327
1102
1402
-2180
-426
1986
-195
-3527
1441
2713
-1864
-2264
1848
243
-2373
2635
602
-4298
739
3715
-395
-3967
-905
3597
2064
-4399
-1199
2922
1387
-1870
-639
160
-434
1077
-90
-90
585
-396
-1622
2574
-15
-2275
201
806
2711
-1231
-3500
313
4709
303
-4823
202
3320
113
-2003
-831
1512
704
-1236
1141
83
-585
18
839
-751
-1702
1521
191
-162
700
21
-2167
67
2675
-550
-2959
408
2984
89
-2467
-60
716
-148
691
571
-1001
82
1542
-205
-580
-973
158
363
3107
348
-3578
-214
1962
928
-1594
-1230
497
2287
-298
-978
-715
-2127
2906
188
-1060
-860
-184
2642
-1775
-1836
56
1208
-372
564
504
-1623
-799
1540
930
-1937
-2504
3077
2165
-1482
-1984
-126
1911
-347
386
-669
-934
1272
2803
-2279
-3259
1612
3603
431
-3320
-1208
2320
2091
-1676
-1624
357
550
948
511
-1048
-1535
954
705
-510
124
-225
-363
2015
-819
-1999
-473
1998
1853
-1947
-1477
435
2176
179
-1738
-263
731
935
302
-482
-1288
167
1742
871
-1566
-1971
2001
1842
-253
-2147
-419
1295
1098
-470
-267
-1713
905
2563
-1349
-2106
-242
2136
1034
-1634
-716
779
-967
751
1161
-1109
-2736
1967
3429
-2704
-2880
1178
2864
-669
-2705
1122
-8
46
434
260
-1466
-845
2136
-480
-312
-650
-1189
1976
952
-1885
-1002
776
1595
-632
-1053
668
-534
15
1151
176
-615
-1612
381
3128
-145
-2354
-241
660
2202
-347
-2831
-440
3734
1592
-3338
-1905
2252
2297
-1659
-1981
1795
297
-1301
1947
-29
-2044
-420
961
1337
87
-991
-1990
1493
2091
-1749
-957
906
476
-254
1141
-1106
-1520
730
2855
-1423
-2032
1171
765
1284
-1361
-1016
10
933
1293
-1264
-877
474
-66
747
-327
-739
-299
1444
-552
-760
844
-730
330
-901
393
1070
-441
-879
253
275
945
-243
-1819
69
1627
955
-883
-1934
427
2249
-2
-1399
-1006
781
1203
-259
-1338
261
467
392
-772
-11
566
-942
288
942
-830
-532
536
-489
903
-548
-570
548
-23
16
-638
1014
-157
-1117
1654
-456
-881
607
344
-566
1144
-360
-2010
1087
2039
-1415
-1133
408
1168
828
-1627
-445
312
979
113
-757
183
-265
-348
913
994
-821
-931
129
1156
304
-182
-1294
318
2148
-1603
-154
941
-1106
-483
2109
136
-2138
592
980
214
-681
-984
272
966
1096
-1169
-1637
690
1566
-500
-1430
215
902
-263
-379
1147
-269
-1835
-129
1660
956
-1163
-876
442
260
-373
570
-62
-1196
842
-177
525
936
-2526
-287
2960
-1446
-1359
1353
194
-178
-654
-697
445
354
507
-839
-161
169
-259
-90
546
471
-1128
-1566
2121
2069
-3553
-799
1550
1763
-1457
-1722
1299
2057
-2257
-839
2238
-1325
596
-384
-35
687
-43
-1335
1403
639
-817
-933
1148
2884
-2067
-1485
860
1966
-129
-879
-212
1454
-795
635
1479
-398
-1418
763
1271
-493
652
-1738
-189
1594
1392
-1608
-1639
1607
1488
-875
-1540
637
330
-708
931
529
-1598
-303
891
136
-244
181
-1146
-227
383
285
-152
-857
-1145
722
1027
-424
-1132
-1562
1607
-35
-1401
-351
605
-1023
259
84
-1175
-529
-960
2448
-654
-2309
112
1534
-440
-697
-376
-774
1048
131
130
143
-310
-1086
1887
2226
-1839
-1459
1519
2389
69
-1496
556
263
1471
910
-423
766
655
618
213
-114
159
895
164
566
16
768
-617
1046
724
-785
-108
-546
1607
794
-1399
-2130
2052
911
-1738
-864
610
785
-1899
-51
1008
-464
-2173
49
1025
-495
-823
-374
-1092
94
742
-1425
-152
-395
572
-962
-1260
177
-684
-970
85
-47
-1040
-474
-360
197
132
-736
-1814
1557
1378
-1914
-635
1052
1365
-292
-791
320
1493
1658
-1452
-484
3526
-22
-2335
2521
1862
-94
-1041
418
2478
171
-657
-263
1538
875
-579
366
805
374
-1145
612
2097
-993
-2265
1863
1449
-886
-41
-987
300
577
218
-282
-1254
16
650
218
-1358
-206
-309
36
1594
-1897
-2021
952
848
-1095
-1268
-283
-437
207
-1032
-761
315
-721
-1302
-616
304
148
-1261
-1631
231
1911
-747
-2285
401
1151
-311
-663
1473
-1058
-286
1795
370
-473
-42
622
1435
444
-194
687
978
769
-127
614
-251
1123
1926
-355
-883
2064
353
-968
788
1271
-736
-227
806
930
667
-1327
-643
1140
303
-1032
1267
-541
-660
267
-159
-195
98
-1123
-549
524
-446
-773
155
-274
-2487
1466
-31
-1807
-437
512
-466
-1389
23
-112
-770
-1148
21
1003
-452
-2352
428
1078
-1097
-1426
401
1450
-851
-1035
881
-164
-363
256
399
329
-503
912
986
-339
-156
1579
315
-558
1356
956
-310
939
1522
-388
92
912
1387
461
571
245
549
-430
461
1881
-421
-513
-61
1412
483
-982
-425
221
934
-542
-1260
534
317
-1101
-826
-207
523
-966
-853
14
-224
-1221
-1090
750
-731
-1537
-17
742
-807
-1996
897
310
-1696
-1375
1334
957
-2018
-398
441
236
-1303
-350
1528
-132
-1644
929
501
-41
-357
-318
540
-346
2001
-759
-573
-71
543
1886
-90
-1501
389
3544
-255
-1734
1424
2029
-644
-520
490
928
2487
-1483
-1526
2790
822
-2143
691
1877
-810
-1077
1196
789
-767
160
-1373
99
601
-651
-607
618
-59
-2164
283
747
-453
-746
-1360
70
1860
-908
-1560
-317
177
-559
288
902
-1396
-1410
816
1318
-340
-788
-1736
1303
2311
-1147
-1093
757
800
64
-581
-268
1887
92
-1008
435
821
748
-289
-1391
689
2194
-227
-1626
-391
1790
473
-1693
-723
1630
727
-1890
-705
546
1630
-1437
-2102
1358
1348
-1503
-334
224
-805
-29
-563
343
1001
-1123
-1711
955
1459
-805
-1042
-374
1379
1001
-1946
275
2155
-673
-1909
1101
1852
-209
-901
72
1309
191
-67
-286
219
1530
-1170
77
874
1167
-984
-1769
1945
1667
-1424
-1507
1895
1199
-1122
-1218
227
1478
149
-1153
-1414
935
2033
-1445
-2144
-14
1987
-850
-1830
195
525
640
-2816
65
1585
-1203
-1347
456
1585
-1898
-1239
2205
339
-2306
-787
2355
879
-1846
-334
1153
-73
186
964
-144
-778
1013
1441
-606
-1452
2736
1019
-3022
1399
2408
415
-2898
230
3313
-186
-1280
-1088
1484
1881
-910
-2716
850
2902
-2225
-1946
2130
0
-64
-1812
-1162
2413
-475
-1959
-502
908
59
-1440
-1279
1321
852
-2099
-2482
2064
2624
-2192
-2617
1078
1604
-253
-1611
133
2174
-709
-1943
1478
2972
-1394
-2001
900
2818
209
-1134
393
328
2104
-472
-1846
2034
1888
-1230
-1163
1473
1566
-191
-2375
154
3114
587
-2317
-1419
2095
1023
-1963
-372
-389
462
614
-1864
-652
1740
-727
-3334
310
2050
-131
-2182
-1032
1066
865
-1432
-1657
18
825
-558
-927
951
675
-658
-2530
2293
2085
-1263
-1802
-207
4701
561
-3544
-404
2178
2042
-292
-2223
2376
2102
-1698
-551
1550
792
-183
-415
-1708
2418
2650
-2022
-2323
38
2638
-21
-1937
-733
1365
467
-1700
-565
268
408
-873
-2031
1641
548
-1461
-379
-1188
665
411
286
-2318
-620
2075
751
-926
-1493
247
1069
0
-261
391
807
-796
-814
1955
1263
-627
-667
44
2305
897
-2138
1315
1256
-615
335
309
466
1077
-37
-2071
889
2197
-351
-531
-1211
-29
1300
91
-948
-1180
-259
648
159
-2245
-382
986
-362
-1858
-1273
1066
-151
-1090
-1297
-882
1146
323
-1708
-1170
-130
1106
28
-1504
-54
1469
-398
-706
174
1483
427
-2109
702
2580
637
-1161
423
637
1541
456
-890
1451
857
-302
1149
330
-583
1047
822
-633
-157
1188
891
-595
-1209
729
936
-593
-793
342
151
-397
-75
370
-960
-495
-349
-349
1079
-82
-1391
-709
1147
-19
-451
-1115
-726
816
734
55
-2019
901
814
-1598
281
497
584
-741
-1372
762
1695
-574
-1075
98
-221
1782
-416
-1613
534
989
-1176
-880
1778
1084
-1901
-1656
951
1326
-16
-993
-610
-480
949
283
-1077
443
370
-1921
-229
1946
289
-463
-187
-792
-187
1965
708
-2193
-698
1855
198
-360
411
236
784
-564
-1073
1652
1811
-461
-1420
88
1506
648
-1088
-1056
1180
1755
-1747
-813
1993
562
-1004
-580
71
197
1031
-778
-909
635
-500
-234
794
-1356
-21
599
589
-1410
-386
1980
-1064
-1611
391
954
298
-583
-866
188
345
1007
-607
-1731
756
1758
-545
-898
55
694
-31
-1152
-128
1030
1030
-1689
45
386
-17
215
100
-414
-610
309
212
409
-628
184
171
-599
-438
105
1370
-224
-1198
164
276
556
133
-851
954
0
-1304
1238
682
-1198
-273
1064
426
-1485
-194
2036
130
-1149
-461
72
1644
335
-1695
380
508
-350
533
144
-1286
807
763
-945
-652
279
1343
-32
-1377
-944
1714
694
-1932
-792
1539
605
-1129
-465
211
1294
-66
-950
-567
-18
1304
1053
-1547
-1102
1099
1396
-999
-1106
747
460
476
-900
-847
1017
765
-897
-978
206
547
829
-451
-1047
60
1137
-273
-1497
763
926
2
3
-1120
112
1537
-176
-911
-677
380
967
845
-479
-1713
723
1391
-443
-1739
593
1320
-210
-1027
-113
852
271
-978
-773
1195
500
-914
798
509
-1396
-477
960
1065
-1048
-664
1082
997
-1222
-1261
865
852
-471
-392
-556
506
960
-163
-1263
-501
694
-489
-212
578
919
-78
-1501
-470
673
-351
804
642
-1494
-56
1761
-198
-1022
478
70
-121
-372
316
753
368
-316
-262
-127
143
538
-306
156
253
-467
92
610
-293
-347
527
-252
412
-244
-159
376
288
291
-1211
594
1106
-864
-406
823
-416
205
71
-1222
125
1526
-547
-532
-13
-449
65
-496
676
-702
-488
978
-697
-448
717
-734
-612
619
374
-507
-1005
454
1163
-844
-411
1369
-1340
-1086
1344
592
394
-1473
-609
1813
228
-1430
415
1661
-350
-1062
-102
871
580
113
-893
35
1371
409
-1429
-288
1185
459
-213
-1432
541
848
-379
58
62
407
-219
-721
192
1024
-509
-1178
742
1193
68
-1064
-173
723
273
-1188
18
1161
-509
-468
676
469
-1215
120
272
-488
772
-595
-1040
886
2006
-1450
-2690
1673
1454
-916
-727
-153
281
259
-357
191
-371
127
791
-705
-190
334
-562
-356
650
745
-280
-593
146
99
-241
45
493
-258
-1213
219
1059
108
-327
-299
257
-569
-299
566
372
361
-854
-721
1330
748
-656
-322
-437
428
639
-116
-714
183
1085
-49
18
-315
-253
269
-250
282
653
-152
-428
-431
31
732
-460
265
462
-1580
14
990
365
-511
-430
614
301
-541
-136
-31
375
43
-987
1109
184
-909
378
-266
160
682
-628
179
369
-279
-212
112
533
-64
-753
178
632
-355
-620
-9
791
-437
-449
478
-1
183
-56
-802
220
401
-180
-293
-314
443
493
422
-708
-1419
849
752
-588
-137
-206
769
889
-1163
-650
621
779
-208
-1439
379
1375
-332
-1063
242
1060
190
-448
-516
15
200
28
126
-660
363
1131
-583
-288
108
-544
162
72
-235
161
-39
156
201
-136
436
-63
-444
-444
-169
733
279
-687
-719
1093
1122
-950
-562
469
-205
-500
526
-15
-491
1148
-69
-1086
728
789
-646
-858
2
398
529
282
-800
-400
996
625
-542
-442
2
114
250
-336
-322
379
520
273
-316
-431
128
270
-291
-770
16
828
449
-80
-236
-365
-31
157
-385
-629
356
708
-251
-422
76
4
265
242
-779
-196
537
-196
-424
-286
-70
1061
257
-977
160
770
-277
-712
-376
199
649
180
77
86
-77
-106
63
222
-217
-489
194
733
102
-153
-181
-85
727
290
-733
-219
205
27
-148
-196
343
479
84
-257
-52
122
-105
-539
-406
436
348
-8
-125
39
353
-70
-301
-351
-58
270
-81
-342
52
413
80
-177
16
322
39
-464
-520
-47
421
134
-136
12
347
680
-132
-988
-317
663
133
-671
-231
677
596
-115
-190
-56
-112
41
-248
-362
442
471
-315
-233
222
84
-59
-326
-58
403
367
-77
-650
-211
422
81
-355
14
283
115
448
21
-807
-179
201
-156
52
196
39
423
383
-627
-666
247
221
-307
-155
475
665
-7
-450
-224
-8
-251
-247
310
262
-72
305
463
-282
-633
-137
88
124
157
-159
91
633
175
-738
-498
152
215
8
-66
282
399
57
-387
-249
-90
-121
97
77
-11
178
348
178
-133
-468
-397
105
357
143
-154
-122
311
388
-222
-427
-235
-84
131
304
247
-190
-244
313
369
-399
-569
-41
306
369
-36
-379
-102
381
357
-163
-530
-202
331
410
-67
-434
-163
170
375
136
-318
-224
185
188
-127
-162
1
-37
-37
239
273
-153
-289
63
189
-69
-225
-63
105
127
106
139
-19
-193
-64
58
-48
-179
-70
167
158
62
214
173
-258
-352
-60
19
14
-21
-65
155
361
224
-186
-333
-35
126
20
-260
-200
198
265
40
-88
34
173
160
-123
-438
-185
180
61
-115
-19
304
347
39
-160
-186
-187
-93
-18
-75
33
192
188
62
5
14
-30
-152
-309
-93
146
135
10
-63
140
222
53
-168
-165
-30
-13
-60
-51
-21
23
122
141
142
39
-124
-95
-15
-98
-182
-73
60
120
114
193
165
-56
-165
-161
-43
-31
-107
-53
57
205
227
6
-156
-34
73
52
-88
-155
-77
9
115
18
-6
107
103
59
-29
-100
-97
-80
-26
-47
-31
109
103
52
35
48
15
-93
-92
-27
-72
-81
28
42
103
143
25
8
11
-46
-71
-123
-139
-64
49
150
67
11
73
42
-3
-50
-85
-74
0
19
-59
-6
109
115
32
-42
41
49
-58
-84
-121
-42
47
-39
-6
139
136
4
-33
-20
-62
-42
-55
-68
-5
56
75
47
70
39
-42
-40
-79
-60
24
26
-11
-46
26
74
36
-3
-81
-58
46
33
-2
-29
-57
28
32
-60
5
80
17
-41
-11
62
39
-55
-56
4
4
12
19
-14
14
22
3
-11
-31
38
10
-43
17
15
3
-16
-17
4
4
8
4
2
-23
-12
26
10
-19
-19
38
34
-49
-31
24
23
15
-16
-35
23
20
-17
-17
-36
-8
43
30
-11
28
51
-38
-31
32
8
-41
-70
7
31
-7
29
34
3
14
25
-3
-46
-31
1
-41
-10
40
0
13
18
7
18
-12
-6
-26
-52
4
21
3
2
9
13
16
14
-21
-29
5
16
-6
-15
20
11
-22
1
-6
-15
3
-21
6
56
4
-13
10
-12
10
-2
-37
-6
3
7
20
6
10
16
2
7
-27
-34
20
0
-9
18
7
23
25
-30
-5
37
-2
-31
-14
19
10
-19
-9
-1
-5
12
2
-9
14
7
-20
0
1
-23
-1
0
-14
6
11
2
3
-3
4
19
4
-18
-16
5
5
-18
-17
3
9
9
1
7
27
9
-19
-9
5
-1
-10
-8
12
3
-16
-6
13
9
-10
-11
0
2
5
9
-2
-7
-6
-4
4
5
-6
-15
2
24
4
-20
-6
7
0
-10
-4
9
10
6
2
-7
-2
2
-1
-5
-6
11
11
-6
3
9
-3
-5
1
10
21
