SAMPLES:	7666
BITSPERSAMPLE:	16
CHANNELS:	1
SAMPLERATE:	16000
NORMALIZED:	FALSE
4
6
0
1
3
1
2
4
0
2
-3
-3
-1
-3
-5
-8
-8
-9
-1
0
-4
-5
-5
-3
-4
3
4
2
2
3
2
3
2
2
0
0
0
-3
-2
-1
0
-2
2
3
4
3
7
4
3
3
3
0
-1
-1
-1
1
1
6
3
5
7
1
4
3
4
10
10
6
7
5
4
6
10
9
4
3
0
-4
-5
-2
0
5
3
0
1
-1
-3
-3
-8
-5
-8
-12
-10
-13
-10
-8
-11
-11
-9
-4
-2
-5
2
7
8
5
4
-5
-3
-3
-4
-7
-8
0
-1
1
0
-1
0
0
2
2
1
2
1
1
-1
-7
-6
-1
1
-3
-7
-9
-7
-8
-5
-5
-2
2
2
2
-2
-3
-3
-3
-4
-4
-2
-4
-1
2
1
3
10
8
3
8
12
18
16
18
20
14
12
7
1
0
-2
-1
-3
-8
-6
-8
-5
1
-1
1
4
4
1
-2
-4
-3
-5
-5
-9
-8
-9
-12
-8
-4
-6
-5
-1
3
5
4
5
10
11
12
9
7
7
5
3
0
0
0
0
2
0
1
1
2
2
1
-1
0
2
6
6
8
11
5
1
-3
0
-2
-1
-2
-8
-9
-9
-7
-3
2
2
2
4
9
7
5
8
7
5
6
5
5
-1
-1
-2
-4
-3
2
6
3
3
1
2
1
1
-2
0
-2
-6
-8
-12
-7
-1
-1
-3
0
-3
-2
1
1
3
0
-2
-2
-4
-8
-11
-10
-4
-5
-6
-6
-6
-6
-6
0
1
3
2
2
1
-1
-2
0
0
2
2
3
2
2
5
1
-2
-2
0
2
2
2
2
-2
-5
-5
-3
-2
1
0
0
2
4
4
5
6
8
8
6
3
10
9
5
5
2
1
2
3
3
3
0
0
-1
-2
0
1
4
4
4
5
4
5
7
7
3
2
-3
-7
-6
-6
-6
-2
-2
0
-1
1
-1
0
3
3
2
2
2
-5
-6
-2
-5
-3
-5
-7
-5
-3
0
-3
-6
-6
-6
-6
-4
-4
0
-2
-6
-3
-6
-8
-7
-7
-5
-3
-4
1
5
6
7
9
10
10
12
13
13
6
0
0
-2
-1
1
0
3
-1
2
7
7
9
8
5
2
0
-2
0
0
-1
0
-6
-2
-1
-3
-1
-6
-4
-3
-2
3
2
4
4
1
-2
-6
-6
-6
-9
-4
0
0
3
0
-6
-5
-7
-10
-8
-3
-2
-3
-2
0
6
3
0
-1
-4
-8
-11
-9
-4
-4
-4
-2
-1
0
2
6
8
5
6
3
1
5
1
4
2
0
0
-3
0
0
0
0
4
5
6
6
7
13
8
5
7
2
2
-2
-3
1
0
0
-1
-1
2
2
0
3
5
8
7
7
3
-1
2
3
4
5
3
4
1
-3
-1
2
0
0
-1
2
3
4
4
7
9
5
3
-4
-7
-6
-4
-6
-3
-4
-5
-1
-1
2
4
5
3
5
5
1
1
-1
-1
-8
-5
-10
-14
-10
-9
-6
-2
-2
-3
-3
-1
-2
1
1
-1
0
-2
-2
-5
-3
-2
1
2
-4
-1
1
-1
0
4
7
7
6
7
6
3
-1
-6
-5
-11
-11
-11
-10
-8
-9
-4
-1
1
5
-1
4
6
4
8
5
4
7
1
1
1
0
-3
-8
-7
-3
-2
4
6
5
6
6
8
7
7
4
-1
-1
-2
0
1
-1
-5
-4
-4
-3
-2
-2
1
5
7
7
10
7
0
0
1
1
1
-3
0
1
0
0
0
0
0
4
6
3
4
5
7
10
10
10
11
11
10
14
11
5
0
-5
-4
-4
-1
-1
-3
-2
-1
-2
-2
-3
-2
-3
0
2
-2
-2
-10
-9
-12
-10
-11
-12
-7
-9
-5
-1
0
0
0
1
1
1
2
1
-2
-2
-2
-6
-1
2
-2
-2
1
1
-2
1
2
-3
-2
0
-4
-2
0
-2
-3
-5
-5
-8
-11
-7
-8
-3
0
2
1
1
4
2
2
6
4
6
6
8
6
6
5
5
4
5
6
4
5
5
6
5
7
8
9
2
3
1
-1
5
1
-1
-4
-9
-7
-3
-4
-1
-4
-8
-7
-6
-4
1
2
0
-2
-7
-11
-9
-8
-6
-6
-3
1
3
7
7
8
6
6
8
9
9
7
7
9
6
1
4
4
0
1
3
2
1
0
0
2
0
8
5
2
5
0
0
1
-6
-3
-5
-9
-8
-10
-9
-5
-7
-6
-2
-1
5
7
14
14
7
7
3
1
1
-3
-4
-4
-1
1
5
6
6
6
6
8
5
1
2
3
-3
-3
-5
-7
-9
-11
-12
-11
-8
-7
-1
0
2
2
2
-1
0
0
1
-1
-2
0
-1
1
-1
-4
-4
-3
0
2
8
8
4
10
5
6
7
4
1
0
-6
-6
-7
-5
-6
-2
2
2
7
10
9
4
5
1
2
-2
-4
-3
-7
-9
-13
-10
-9
-12
-5
-4
-2
-2
-3
0
4
8
12
10
7
7
3
1
2
-1
-1
-3
-2
4
4
5
5
5
6
5
5
6
11
12
11
9
7
6
2
-4
-5
-8
-7
-9
-15
-16
-19
-16
-15
-10
-4
-3
0
-1
1
1
5
4
7
8
7
11
8
6
7
7
5
8
7
13
13
6
1
-4
-4
-4
-13
-21
-25
-27
-29
-24
-21
-16
-16
-14
-9
-7
0
9
11
16
9
5
10
12
15
16
15
13
13
9
7
10
5
7
2
0
1
-6
-11
-11
-15
-14
-12
-12
-7
-7
-3
3
8
9
12
13
14
17
14
11
10
6
5
0
-8
-7
-6
-7
-3
-4
1
2
-3
-7
-13
-13
-8
-10
-7
-9
-13
-8
-10
-8
-5
-6
-2
1
3
2
2
10
19
26
33
36
34
24
19
6
7
11
9
20
15
7
10
3
6
15
19
26
22
17
11
6
12
24
31
36
41
46
47
38
31
28
36
44
51
57
71
82
80
94
91
100
109
97
91
69
48
49
56
69
82
90
101
115
125
123
132
147
148
152
151
140
108
57
23
13
-10
-61
-292
-561
-718
-1014
-1125
-1071
-960
-749
-719
-879
-1202
-1362
-1181
-839
-504
-161
116
221
166
-22
39
343
757
1185
1280
1066
825
660
660
775
815
810
724
618
549
495
354
309
237
20
-87
-273
-389
-244
-172
-169
-398
-738
-730
-567
-274
-30
-99
-143
36
-2
-75
117
366
652
755
549
376
375
494
628
578
344
262
251
99
56
48
39
-39
-218
-355
-354
-270
-222
-187
-256
-300
-209
-263
-247
-198
-155
-57
-5
-29
-118
-60
-22
-114
-193
-212
-177
-150
-196
-195
-147
-212
-255
-228
-159
-101
-130
-165
-325
-416
-345
-363
-349
-264
-196
-77
-164
-349
-440
-519
-546
-607
-471
-163
61
296
273
110
117
-167
-321
-105
68
278
561
759
768
684
424
238
64
4
144
364
619
682
887
969
882
746
610
545
598
803
1023
1272
1449
1557
1738
1921
1843
1754
1030
265
-133
-88
165
-30
-29
270
245
-619
-1727
-2487
-2357
-2349
-2714
-2693
-2302
-1492
-1029
-1001
-651
-398
-512
-967
-1228
-657
253
706
983
1323
1619
1685
1222
929
927
817
372
-18
72
548
839
566
161
-399
-1009
-1542
-2053
-2029
-1856
-1645
-1588
-1619
-1443
-1274
-1254
-1364
-1420
-1401
-1199
-951
-451
247
820
1030
952
807
605
322
216
262
292
308
350
479
643
478
211
-199
-455
-476
-535
-478
-236
-69
-13
239
310
552
576
442
467
370
517
914
1392
1788
2261
2490
2720
2839
3020
3259
3412
3602
3973
3266
1870
1276
882
1438
406
-369
-72
252
-549
-2513
-3865
-3586
-3357
-4706
-5311
-5325
-3949
-3186
-3232
-2321
-1265
-546
-1189
-1867
-1330
-4
487
460
991
2005
2979
2690
2822
3338
3636
2973
1738
1346
1653
1885
1674
1480
1303
1164
271
-501
-687
-795
-963
-1944
-2726
-2987
-2919
-2858
-2794
-2311
-1927
-1825
-2187
-2014
-1644
-1219
-1049
-720
-251
72
443
913
1700
2040
1941
1488
1319
1262
938
184
-425
-587
-855
-1077
-1305
-1110
-772
-875
-1091
-1168
-1052
-815
-864
-821
-400
37
677
1123
1433
1898
1943
1769
1655
1721
2007
2338
2602
3075
3403
3824
4095
4368
4617
4801
4119
2180
1157
276
746
-284
-1369
-1095
-539
-970
-2905
-4358
-4404
-4159
-5577
-6628
-6989
-5811
-4913
-4582
-3343
-1735
-616
-659
-1056
-706
226
299
252
368
1091
1885
2194
3086
4082
4629
4052
3095
2368
2011
1687
1445
1387
1300
1134
959
792
718
603
-52
-897
-2404
-3424
-3877
-4017
-3678
-3290
-2731
-2280
-2166
-1914
-1551
-1347
-1009
-929
-810
-584
-88
882
1817
2405
2732
2788
2829
2748
2357
1837
794
-215
-861
-1198
-1286
-1199
-903
-691
-649
-669
-801
-797
-861
-961
-1043
-1058
-573
8
748
1595
2405
3168
3595
3724
3953
3915
3689
3424
3398
3742
4383
5002
5983
4799
3475
2333
1654
1296
-979
-2006
-1997
-1942
-3420
-4724
-5153
-3862
-4432
-5800
-6760
-6939
-6469
-6702
-6262
-4990
-3427
-2671
-2067
-1461
95
960
1151
866
566
636
517
1093
1952
2952
3493
3903
4081
4076
3783
3674
3484
2663
1491
716
750
849
889
694
720
469
-388
-1316
-2013
-2473
-3164
-4128
-4676
-4600
-4181
-3696
-3047
-2095
-1078
-726
-946
-938
-616
-45
211
386
791
1309
2107
2620
2881
2908
2392
1686
777
106
-354
-839
-804
-761
-518
-253
66
463
454
146
-339
-374
-238
-181
-234
207
1009
1890
2431
2925
3671
4333
4533
4150
4057
4409
4980
5368
5160
3597
3095
2175
2130
1008
-297
-275
-420
-1651
-3808
-4808
-4869
-4784
-6830
-7385
-7617
-7003
-6952
-6887
-5387
-4146
-3596
-3631
-3053
-1805
-466
-348
193
510
1068
1210
1328
2419
3141
3573
3373
3593
3841
3978
3727
3879
3937
3492
2804
2084
1827
1415
923
458
-115
-486
-886
-1432
-1912
-2588
-2966
-3379
-4045
-4279
-4259
-3956
-3437
-2960
-1811
-1005
-586
-186
121
909
1312
1384
1456
1752
2266
2438
2070
1789
1951
1788
1103
197
-78
-67
-588
-1207
-1304
-926
-492
-524
-676
-610
-375
-178
-230
-286
92
611
929
1256
1800
2775
3488
4121
4663
5262
5474
5820
5982
6514
5204
3832
3237
2443
2151
-32
-491
-329
-783
-2947
-5021
-5816
-5219
-6436
-7830
-8283
-8164
-7605
-8332
-7329
-5561
-4076
-3886
-3771
-3023
-1291
-589
-280
338
801
1593
1176
1680
2816
3963
4482
4197
4383
4867
5074
4777
4462
4193
3626
2728
1892
1599
1455
1118
495
-414
-954
-1549
-2106
-2609
-3357
-3703
-4262
-4558
-4651
-4602
-4091
-3657
-2828
-1977
-1368
-883
-207
768
1711
1915
1964
2307
2716
2856
2700
2427
2277
1684
875
343
119
45
-463
-874
-1015
-892
-725
-431
-387
-233
-403
-753
-684
-381
182
567
787
1428
2027
2486
3159
3830
4721
5033
5062
5587
6152
6938
5498
4836
4160
3611
2421
5
-242
-116
-939
-3455
-5206
-5478
-5205
-6899
-8044
-8019
-7611
-7920
-8695
-7845
-5869
-4893
-4595
-4081
-2831
-1145
-849
-287
303
1231
1580
1230
1676
2699
3657
4017
4012
4564
4999
4793
4642
4425
4359
3589
2657
2110
1683
1316
801
360
-78
-587
-1610
-2550
-2891
-2974
-3538
-4395
-4595
-3926
-3831
-4224
-3822
-2519
-1397
-1510
-1221
142
1487
2030
2238
2825
3507
3514
3013
2871
2769
2601
1827
638
-46
-475
-654
-1190
-1589
-1490
-1503
-1655
-1641
-1016
-325
-475
-885
-899
-506
-224
11
565
1217
1782
2172
2692
3477
4570
5321
5612
5868
6562
6368
5291
4871
4424
4147
1652
13
52
-117
-1485
-3650
-4254
-4282
-5453
-7265
-7545
-7337
-7036
-7954
-7963
-6836
-5838
-5073
-4604
-3336
-1959
-1307
-1137
-654
240
860
735
867
1712
2302
2665
3058
3948
4688
4475
4358
4422
4593
4302
3589
3106
2773
2185
1637
883
661
657
99
-989
-2252
-2325
-2512
-3358
-4242
-4118
-3537
-3811
-4420
-3675
-2329
-1751
-1875
-1346
216
1070
1431
1907
2856
3616
3302
2754
2474
2409
2225
1390
589
-98
-435
-890
-1371
-1239
-936
-1035
-1257
-1183
-620
-354
-608
-579
-673
-532
-539
-168
623
1170
1710
2232
2893
3685
4674
5556
6357
6540
5398
5310
4754
4757
3633
1496
1301
596
-211
-2361
-3130
-2858
-3134
-5318
-6337
-6166
-5880
-6460
-7459
-6384
-5649
-5599
-5774
-4997
-3305
-2383
-2333
-1983
-1185
-232
111
21
738
1521
1870
1944
2042
3386
4117
4213
4010
4038
4532
4395
3919
3411
2953
2604
2052
1290
971
1013
775
-334
-1489
-1838
-2080
-2909
-3805
-3988
-3901
-4362
-4542
-3910
-3006
-2638
-2236
-1222
-141
476
1208
2196
2918
3121
3085
3132
2624
2093
1860
1558
1085
223
-33
-63
-388
-524
-946
-930
-951
-914
-611
-670
-378
-48
-384
-667
-717
-132
287
148
640
1475
2374
3173
4152
5408
5916
4929
5082
4562
4627
3299
1860
1727
918
-123
-1983
-2418
-2322
-2566
-4447
-4936
-5090
-4711
-5126
-5598
-4451
-4232
-4687
-5137
-4541
-3143
-2934
-3100
-2509
-1841
-1190
-976
-248
1015
1370
1413
1462
2075
2915
3123
3366
3348
3391
3295
3247
3472
3573
3301
2759
2290
1889
1547
984
275
-399
-1148
-1692
-2473
-2784
-2877
-3019
-3497
-3985
-3776
-3263
-3048
-2987
-2354
-1552
-871
-363
684
1998
2692
2764
2753
2939
2919
2509
2004
1537
1023
331
-244
-437
-199
150
1
-310
-380
-91
83
-197
-265
-210
-191
-491
-499
-136
346
806
1161
1636
2376
3227
4570
4584
3899
4286
3875
4196
2199
1523
1783
1181
-290
-2310
-2268
-2053
-2726
-4386
-4177
-3857
-3570
-4452
-4484
-3050
-2634
-3066
-3797
-3268
-2298
-2366
-2818
-2619
-1952
-1537
-1521
-968
300
1013
1304
1397
1887
2503
2634
2819
2872
2830
2701
2486
2351
2279
2144
2170
1864
1555
1419
1035
748
176
-332
-742
-1493
-1780
-2194
-2600
-3066
-3274
-3181
-3247
-3285
-2810
-2061
-1664
-1229
-508
582
956
1128
1604
2164
2147
1571
1527
1606
1385
656
204
354
303
-143
-384
62
810
1023
674
682
1023
1141
614
39
243
559
269
-147
305
1372
2181
2608
3353
4388
3882
4091
3534
3913
3038
1049
837
-33
-411
-2439
-3117
-3114
-3074
-4413
-4826
-4288
-3528
-3190
-3818
-2533
-1928
-1654
-2050
-2085
-1151
-1267
-1729
-1950
-1742
-1442
-1644
-1641
-661
28
499
851
1488
2499
2669
2875
3039
2991
2793
2125
1886
1932
1567
1299
889
961
1064
837
581
512
351
164
-567
-976
-1003
-1351
-1899
-2642
-2559
-2356
-2556
-2895
-2532
-1929
-1453
-1530
-1079
2
544
849
731
1153
1308
953
733
601
683
355
-129
-100
167
623
582
636
981
1293
1490
1437
1755
2020
1650
1122
925
954
1063
734
1122
1462
2048
2370
3153
3195
3601
3601
3170
2746
914
959
86
-791
-2662
-3703
-3780
-4054
-5046
-5269
-4468
-4139
-3759
-3981
-2310
-1374
-1085
-977
-731
123
-208
-767
-948
-881
-981
-1415
-1542
-842
-549
-375
-113
584
1562
1767
2024
2365
2532
2386
2012
1862
1814
1256
719
507
491
580
244
253
336
350
492
236
319
107
-311
-785
-1199
-1044
-1000
-1329
-1619
-1629
-1375
-1205
-1348
-911
-557
-473
-364
-375
218
122
-68
-147
-436
-478
-850
-815
-474
-442
-157
126
573
1255
1430
1951
2313
2458
2656
2348
2475
2562
2382
2279
1886
1984
2425
2596
3077
2877
2542
3037
2518
2807
1434
820
605
-462
-1728
-3584
-4020
-4397
-5222
-6520
-6072
-5666
-4888
-4958
-4094
-2151
-1448
-896
-724
365
1370
1170
877
697
456
66
-761
-934
-609
-625
-560
-508
113
1062
1416
1881
2038
2234
2212
1802
1562
1227
851
320
-154
-377
-308
-295
-171
-55
2
265
353
763
866
687
447
243
275
17
-395
-527
-455
-571
-737
-796
-308
-132
-301
-351
-251
-240
-619
-995
-915
-1065
-1538
-1906
-1844
-1314
-1258
-1110
-769
-128
513
863
1496
2166
2669
2831
2848
3075
3424
3409
3236
2987
2805
3116
3120
3462
3240
2699
3034
2515
2503
1211
608
497
-607
-2103
-3795
-4235
-4782
-5885
-7371
-6880
-6642
-6147
-6325
-5315
-3197
-2366
-1589
-1059
549
1641
1647
1541
1756
1847
1435
587
287
444
188
-11
-280
190
714
1022
1399
1679
2074
2086
1835
1462
1119
679
228
-445
-902
-1009
-1058
-968
-1016
-708
-310
-80
306
601
855
774
754
997
966
511
292
384
411
3
-304
219
521
424
130
296
461
-9
-537
-741
-824
-1447
-2044
-2179
-1865
-1805
-1738
-1376
-683
-71
346
832
1510
2115
2425
2492
2741
3185
3310
3192
2983
3095
3279
3262
3423
3488
3020
3116
2541
2635
1620
784
622
-240
-1369
-3198
-3899
-4429
-5256
-6808
-6892
-6899
-6666
-6739
-6268
-4351
-3588
-2714
-2044
-591
852
1176
1497
1802
2085
1727
1163
872
1100
761
392
259
517
1150
1156
1598
1963
2108
2053
1796
1771
1549
904
471
-31
-526
-850
-1107
-1002
-1310
-1415
-1152
-881
-489
-262
151
436
414
622
790
703
512
459
660
456
123
362
732
801
507
522
815
599
245
104
82
-332
-1108
-1396
-1386
-1425
-1590
-1528
-1123
-617
-223
304
836
1405
1781
1801
2020
2249
2588
2402
2091
2135
2349
2503
2583
2918
3352
2954
2788
2612
2676
2153
987
677
-75
-968
-2634
-3437
-3937
-4555
-5856
-6477
-6329
-6266
-6028
-5998
-4679
-3766
-3063
-2399
-1368
-3
489
715
996
1444
1401
1060
812
974
807
376
316
590
1201
1396
1750
2045
2300
2383
2312
2307
1954
1481
1004
439
6
-363
-404
-445
-766
-878
-764
-487
-300
-308
-156
107
49
106
-63
40
-63
-464
-707
-782
-460
-204
-141
125
484
657
773
650
979
928
553
235
-109
-79
-385
-618
-494
-464
-312
-250
50
603
925
1195
1365
1535
1798
1841
1730
1709
1540
1555
1289
1089
1205
1180
1607
1689
1992
1781
1754
1760
1623
1150
260
-12
-615
-1344
-2801
-3391
-3833
-4144
-5162
-5529
-5164
-4897
-4733
-4903
-3749
-2870
-2207
-2019
-1359
-276
165
303
339
855
990
711
328
357
605
473
453
394
981
1361
1681
1941
2205
2581
2562
2384
2128
2021
1815
1364
812
556
539
424
236
65
145
-14
-221
-300
-290
-204
-549
-613
-745
-831
-1122
-1286
-1190
-1037
-1067
-1006
-696
-258
166
253
556
601
817
795
785
936
776
808
530
615
723
730
828
783
1005
997
1044
1122
1310
1240
1133
937
1003
1049
815
761
536
677
564
457
529
739
1060
1020
548
695
620
634
-15
-577
-405
-696
-1284
-2299
-2542
-2676
-2951
-3983
-4054
-4016
-3833
-3905
-4092
-3140
-2866
-2372
-2206
-1676
-808
-625
-279
-91
318
578
539
564
642
647
659
657
661
949
993
1350
1478
1749
2161
2446
2708
2646
2602
2635
2552
2300
2016
1683
1384
850
366
47
-212
-646
-1069
-1406
-1534
-1786
-1895
-1828
-1747
-1781
-1907
-1659
-1283
-906
-724
-369
-23
297
481
738
1089
1271
1334
1347
1452
1511
1542
1549
1576
1428
1327
1180
1142
975
702
522
344
247
54
-30
-35
-104
-217
-345
-281
-222
-165
-152
-114
30
153
390
628
760
599
813
756
1018
551
328
376
181
-238
-1143
-1400
-1719
-2101
-3101
-3264
-3532
-3597
-3976
-4102
-3337
-3179
-2800
-2644
-1918
-1117
-848
-400
-28
451
507
424
433
628
544
555
587
710
1062
1154
1729
2114
2527
2833
3057
3439
3584
3525
3399
3090
2749
2219
1616
1108
460
-230
-755
-1374
-1573
-1961
-2086
-2095
-2300
-2014
-1963
-1651
-1677
-1495
-1181
-790
-679
-479
-90
351
731
784
1274
1533
1817
1713
1683
1885
1780
1686
1300
1075
832
414
93
-264
-498
-615
-839
-939
-887
-849
-610
-695
-528
-379
-311
-229
-293
-210
-213
-274
-232
-175
68
400
800
1112
1090
1598
1749
2235
1826
1811
1767
1446
688
-435
-846
-1682
-2386
-3819
-4136
-4560
-4691
-4880
-4755
-3878
-3425
-2776
-2256
-1271
-405
50
317
497
754
663
460
191
280
218
197
288
569
1297
1682
2384
2847
3453
3875
4023
4156
3961
3735
3282
2613
1865
1117
584
-56
-710
-1226
-1346
-1600
-1843
-1963
-1727
-1383
-1468
-1235
-1026
-692
-784
-725
-496
-261
-306
-309
38
367
622
671
975
1096
1224
1212
1244
1191
868
615
171
-179
-570
-847
-1083
-1402
-1517
-1606
-1466
-1328
-1044
-791
-613
-416
-222
34
46
111
29
3
-141
-115
107
284
456
727
1280
1824
2179
2318
2883
2912
3035
2313
1991
1730
1092
236
-1180
-1755
-2520
-3117
-4207
-4477
-4460
-4340
-4379
-4250
-3239
-2682
-2048
-1797
-1038
-339
-140
59
95
425
378
394
322
495
636
826
1126
1276
1820
2164
2651
2769
2964
3245
3371
3328
2973
2860
2589
2206
1597
1111
784
345
-142
-681
-703
-1015
-1035
-1399
-1392
-1117
-1250
-1057
-1212
-749
-670
-525
-588
-351
-254
-237
-192
-221
24
-207
-180
-385
-364
-451
-683
-754
-961
-926
-1019
-1022
-975
-953
-929
-920
-807
-681
-473
-558
-317
-340
-203
-184
-214
104
99
247
242
454
757
919
1103
1356
1618
1772
1925
2170
2568
2764
2403
2472
2174
2317
1756
1139
962
415
15
-1209
-1630
-2173
-2404
-3369
-3836
-4014
-4004
-3917
-4083
-3368
-3024
-2361
-2093
-1398
-603
-53
448
534
926
1024
1221
1197
1144
1162
1053
1160
1020
1292
1422
1803
1997
2143
2524
2764
3094
3057
3056
2914
2645
2122
1550
1026
439
-156
-850
-1163
-1378
-1499
-1485
-1470
-1024
-803
-529
-277
-192
-12
-220
-321
-607
-912
-1278
-1636
-1948
-2182
-2322
-2314
-2249
-2184
-1848
-1521
-1065
-790
-482
-126
26
84
16
-11
-109
-361
-581
-721
-685
-648
-497
-334
52
457
893
1280
1551
1910
2022
2057
1897
1799
1672
1425
1169
1016
953
1028
1127
1385
1623
1529
1887
1813
2051
1591
1172
1038
436
-191
-1264
-1738
-2327
-2822
-3772
-3819
-3913
-3702
-3568
-3344
-2275
-1860
-1156
-811
-69
569
715
840
907
1027
852
671
507
608
431
411
583
829
1253
1352
1827
2140
2482
2612
2660
2758
2543
2257
1805
1453
1001
528
100
-186
-408
-602
-600
-646
-450
-476
-425
-429
-586
-558
-888
-1031
-1519
-1744
-2145
-2341
-2608
-2689
-2706
-2686
-2462
-2429
-1980
-1856
-1293
-1119
-821
-570
-386
-71
-111
35
50
121
6
38
121
270
339
361
744
904
1257
1391
1672
1924
1955
2053
1956
1963
1714
1503
1224
1049
835
684
625
587
642
798
1025
1379
1269
1468
1563
1731
1721
1124
1185
756
538
-387
-926
-1299
-1666
-2426
-3069
-3121
-3237
-3101
-3411
-2723
-2277
-1765
-1406
-923
3
335
622
679
962
964
805
540
386
343
-65
-58
-214
138
330
512
935
1232
1834
2083
2446
2577
2727
2575
2340
1980
1589
1164
497
25
-609
-819
-1211
-1402
-1498
-1592
-1339
-1460
-1299
-1306
-1131
-1209
-1464
-1778
-1936
-2159
-2551
-2736
-3004
-2796
-2945
-2678
-2362
-1846
-1302
-893
-286
130
652
931
1199
1293
1270
1232
1130
981
849
854
897
1032
1100
1344
1678
1947
2223
2290
2415
2398
2254
1958
1536
1181
718
276
-222
-381
-418
-326
-251
123
731
1364
1675
2056
2536
2719
2641
1962
1760
1178
497
-765
-1667
-2446
-3018
-3744
-4254
-4103
-4036
-3547
-3302
-2354
-1545
-783
-302
141
603
744
720
497
282
-73
-412
-740
-841
-896
-801
-500
-216
296
782
1450
2052
2368
2655
2838
2929
2713
2283
1854
1426
725
118
-367
-632
-889
-1241
-1221
-1079
-869
-789
-699
-491
-464
-558
-778
-966
-1283
-1768
-2225
-2613
-2921
-3137
-3296
-3168
-2942
-2636
-2105
-1582
-868
-294
232
746
1122
1432
1630
1665
1680
1625
1524
1485
1325
1444
1445
1524
1594
1724
2040
2148
2244
2256
2245
2096
1812
1472
1182
783
255
-137
-478
-537
-682
-652
-438
-209
197
545
1077
1579
1725
1814
1909
1809
1687
928
566
-15
-581
-1417
-2108
-2462
-2753
-3070
-3389
-3064
-2943
-2437
-2384
-1703
-1212
-844
-562
-370
20
-21
-83
-227
-191
-414
-574
-717
-617
-455
-441
-107
186
662
1006
1302
1696
1985
2150
2190
2131
1984
1757
1315
1046
617
334
-42
-356
-469
-559
-518
-554
-539
-449
-415
-540
-623
-874
-988
-1340
-1845
-2108
-2472
-2556
-2809
-2935
-2785
-2599
-2170
-1777
-1167
-594
-22
530
1074
1553
1870
2096
2193
2262
2110
2104
1917
1835
1699
1533
1570
1476
1606
1624
1741
1736
1741
1653
1552
1331
1002
704
204
-212
-721
-1034
-1305
-1576
-1600
-1584
-1294
-1031
-606
-75
439
990
1334
1704
1658
1762
1554
1370
874
208
-126
-659
-931
-1632
-1741
-1963
-1918
-2083
-2022
-1651
-1549
-1325
-1377
-897
-842
-733
-865
-766
-638
-831
-821
-871
-664
-680
-586
-439
-71
165
376
753
973
1328
1319
1504
1567
1532
1414
1143
1040
767
596
326
256
109
-6
-89
-100
-35
-121
-93
-190
-199
-353
-459
-548
-748
-912
-1126
-1185
-1294
-1373
-1379
-1275
-1098
-1000
-851
-598
-207
73
313
439
753
990
1141
1253
1281
1461
1417
1375
1386
1424
1464
1356
1266
1270
1238
1130
1064
881
759
490
237
88
-218
-425
-688
-869
-1044
-1186
-1173
-1090
-1066
-1002
-856
-572
-331
-102
200
475
682
752
925
1129
1227
1007
992
817
823
443
183
153
-62
-315
-825
-883
-994
-1116
-1547
-1572
-1648
-1654
-1851
-1860
-1560
-1510
-1404
-1435
-1093
-810
-649
-465
-327
-129
-27
29
153
197
223
209
256
282
376
439
566
636
716
821
935
1058
1088
1129
1119
1154
1108
1025
961
923
816
660
493
438
358
201
75
-55
-116
-234
-379
-489
-619
-718
-860
-973
-1101
-1103
-1135
-1073
-1049
-921
-694
-486
-219
-1
349
562
825
978
1197
1278
1279
1294
1240
1173
969
899
721
568
349
211
145
-25
-118
-245
-265
-364
-422
-465
-505
-550
-641
-649
-733
-707
-754
-714
-705
-639
-497
-365
-176
-10
208
417
666
857
971
1065
1169
1244
1104
888
793
628
364
-168
-428
-687
-955
-1420
-1638
-1659
-1769
-1853
-1902
-1560
-1447
-1284
-1145
-812
-561
-463
-307
-126
-49
-83
-69
-17
23
-47
16
117
228
392
592
924
1148
1415
1671
1896
2089
2139
2209
2126
1984
1717
1457
1119
809
419
109
-164
-434
-573
-738
-739
-783
-869
-872
-866
-844
-933
-1024
-1047
-1099
-1212
-1289
-1262
-1193
-1128
-1032
-761
-495
-165
155
541
907
1174
1436
1609
1679
1667
1587
1422
1151
805
550
243
-79
-349
-506
-634
-775
-850
-806
-718
-719
-694
-667
-633
-715
-816
-905
-1012
-1139
-1294
-1354
-1384
-1323
-1192
-988
-761
-416
-22
417
821
1215
1587
1890
2102
2228
2213
2164
2024
1756
1440
1013
790
378
28
-403
-587
-800
-1041
-1221
-1244
-1167
-1258
-1230
-1155
-918
-887
-799
-686
-493
-400
-385
-263
-140
-47
-12
68
203
276
379
475
615
692
810
855
906
930
930
935
805
732
575
465
251
110
-44
-176
-291
-402
-403
-408
-343
-314
-195
-75
38
153
199
341
376
407
353
320
337
288
224
141
182
147
174
149
246
296
285
309
306
339
217
111
-59
-202
-435
-656
-839
-1020
-1164
-1302
-1373
-1383
-1323
-1234
-1161
-1074
-957
-818
-752
-717
-672
-663
-693
-771
-779
-783
-760
-713
-618
-461
-251
27
350
688
986
1288
1568
1813
1977
2091
2135
2109
1995
1885
1776
1614
1441
1228
1111
911
799
640
582
414
236
27
-176
-374
-684
-898
-1243
-1459
-1779
-1923
-2059
-2108
-2109
-2082
-1925
-1762
-1506
-1281
-1003
-763
-571
-397
-264
-93
-25
50
57
124
162
230
366
491
670
781
993
1212
1443
1602
1752
1879
1946
1964
1931
1906
1802
1627
1453
1276
1125
891
684
519
320
143
-99
-192
-358
-518
-737
-864
-983
-1134
-1254
-1346
-1356
-1460
-1460
-1459
-1343
-1315
-1239
-1123
-1018
-910
-860
-719
-640
-581
-578
-529
-485
-476
-455
-439
-372
-344
-292
-260
-173
-90
-23
39
89
172
211
252
271
307
320
339
356
417
474
553
635
738
870
990
1122
1230
1333
1408
1439
1440
1429
1386
1287
1157
1011
846
634
435
218
10
-230
-463
-681
-936
-1147
-1387
-1558
-1788
-1964
-2113
-2190
-2261
-2272
-2178
-2040
-1858
-1668
-1349
-1018
-693
-392
-47
299
563
780
1006
1212
1355
1430
1537
1635
1725
1756
1846
1912
1997
2018
2041
2055
2004
1942
1786
1652
1419
1189
892
611
315
33
-223
-474
-671
-846
-947
-1071
-1116
-1185
-1199
-1274
-1329
-1371
-1444
-1509
-1609
-1651
-1721
-1726
-1714
-1629
-1507
-1335
-1109
-847
-534
-246
69
349
606
782
911
989
993
917
799
658
480
313
159
53
-50
-100
-102
-62
-5
56
135
194
216
203
161
101
15
-93
-186
-264
-314
-329
-295
-216
-93
31
190
336
477
560
612
607
540
429
251
69
-149
-351
-565
-720
-833
-878
-898
-850
-742
-583
-426
-279
-99
71
186
253
316
363
363
298
282
265
253
230
261
351
466
564
730
916
1096
1219
1331
1462
1498
1458
1374
1284
1129
903
689
496
297
81
-98
-200
-278
-350
-388
-389
-369
-381
-412
-432
-467
-531
-654
-743
-846
-939
-1064
-1110
-1132
-1133
-1106
-1048
-911
-805
-662
-526
-352
-222
-98
6
116
205
247
288
318
347
348
352
350
359
338
319
298
276
235
169
109
50
-21
-115
-188
-268
-344
-411
-472
-495
-523
-520
-510
-467
-412
-353
-296
-218
-141
-106
-79
-61
-38
-69
-123
-163
-181
-229
-283
-292
-268
-248
-254
-209
-141
-90
-63
-45
-7
3
-14
-54
-59
-44
-43
-31
26
133
255
391
571
802
1000
1190
1376
1550
1673
1718
1744
1710
1627
1469
1306
1114
917
692
506
348
203
84
-7
-45
-101
-138
-190
-222
-297
-390
-511
-633
-777
-936
-1096
-1237
-1331
-1405
-1435
-1427
-1348
-1231
-1100
-925
-732
-530
-357
-194
-41
70
137
184
212
199
161
132
115
79
66
72
120
167
226
310
401
473
525
573
588
557
492
426
325
196
57
-55
-159
-268
-350
-375
-384
-387
-373
-310
-243
-203
-165
-94
-53
-60
-81
-89
-105
-168
-228
-276
-299
-337
-361
-350
-305
-261
-217
-154
-78
-5
46
82
122
132
117
96
65
27
-27
-74
-97
-94
-87
-61
-7
75
146
229
322
428
508
557
605
628
620
588
546
487
422
364
311
257
223
222
227
228
238
264
287
283
260
231
196
114
2
-95
-204
-329
-461
-563
-627
-678
-705
-695
-655
-589
-510
-414
-306
-207
-128
-75
-31
-6
-20
-42
-72
-111
-155
-186
-186
-178
-149
-101
-34
38
118
198
252
287
304
290
246
184
102
17
-77
-160
-222
-265
-272
-252
-202
-119
-14
96
216
335
444
524
574
615
615
595
552
501
437
364
303
242
186
133
101
68
46
25
2
-19
-43
-69
-110
-155
-197
-230
-284
-321
-338
-354
-363
-365
-330
-286
-240
-182
-112
-45
7
57
103
134
145
155
149
123
93
60
23
-20
-57
-88
-122
-154
-187
-221
-268
-312
-363
-421
-470
-518
-563
-606
-632
-635
-625
-602
-552
-485
-396
-307
-216
-107
0
87
167
245
315
365
397
420
430
432
418
411
405
401
405
408
409
411
414
412
402
375
333
270
195
116
24
-73
-171
-250
-323
-375
-404
-406
-379
-346
-275
-184
-84
21
127
229
314
377
426
461
487
500
509
511
506
511
521
527
547
566
578
575
554
524
463
385
291
183
69
-59
-184
-310
-419
-505
-564
-582
-569
-540
-492
-418
-344
-268
-204
-152
-116
-100
-100
-117
-151
-187
-228
-261
-288
-299
-296
-271
-234
-179
-120
-76
-24
14
43
47
36
7
-31
-82
-142
-193
-233
-271
-305
-323
-329
-320
-308
-291
-263
-241
-223
-207
-195
-185
-188
-199
-216
-243
-266
-290
-313
-319
-328
-317
-296
-259
-205
-147
-82
-16
57
136
203
267
327
372
405
428
457
463
477
489
492
494
496
500
499
490
463
444
406
378
336
293
249
195
156
121
97
85
83
87
113
149
188
241
289
337
372
397
412
417
401
368
340
289
237
185
134
95
39
12
-30
-60
-92
-142
-169
-217
-276
-351
-420
-496
-557
-626
-679
-716
-749
-764
-772
-734
-699
-656
-591
-512
-428
-359
-266
-191
-128
-64
-6
46
81
118
147
181
196
229
255
282
307
334
360
366
379
381
379
358
330
282
208
134
45
-49
-140
-226
-304
-370
-422
-454
-462
-464
-445
-415
-377
-329
-277
-226
-176
-132
-99
-66
-33
-3
27
64
102
152
198
256
313
363
420
462
488
506
510
499
479
438
387
326
267
205
150
101
63
35
12
9
10
18
30
46
56
65
57
54
48
27
11
-7
-26
-35
-41
-42
-40
-35
-31
-19
-5
8
27
41
53
60
62
63
53
43
20
-13
-52
-103
-153
-206
-262
-312
-358
-396
-417
-440
-444
-445
-434
-410
-384
-355
-313
-280
-245
-204
-168
-130
-107
-77
-50
-25
-2
14
42
72
104
130
151
172
188
192
194
186
177
165
144
120
91
60
22
-7
-35
-62
-77
-79
-82
-75
-58
-30
6
40
87
125
157
192
231
264
293
324
348
366
384
399
413
418
417
420
408
383
357
318
268
201
128
48
-34
-108
-176
-225
-260
-283
-299
-303
-299
-291
-277
-256
-231
-213
-194
-175
-161
-142
-125
-109
-96
-81
-62
-40
-22
-3
17
31
41
47
58
60
53
46
31
11
-14
-37
-62
-88
-105
-125
-129
-131
-126
-110
-97
-76
-57
-29
-11
8
29
44
62
67
78
77
75
70
66
62
53
50
36
25
6
-9
-18
-31
-45
-62
-79
-107
-130
-153
-176
-204
-226
-244
-263
-271
-277
-276
-273
-264
-249
-227
-192
-164
-126
-90
-50
-11
28
80
123
172
208
251
279
300
325
336
351
359
368
365
367
366
357
350
338
326
298
273
231
192
148
96
52
9
-39
-70
-101
-131
-153
-175
-186
-193
-198
-189
-176
-165
-147
-128
-107
-93
-74
-55
-39
-24
-10
3
16
33
44
58
63
72
74
70
68
68
65
47
30
13
-7
-21
-46
-57
-73
-87
-98
-109
-106
-107
-110
-110
-117
-121
-122
-119
-121
-125
-126
-121
-117
-115
-104
-90
-76
-67
-50
-28
-6
13
32
47
54
58
54
50
44
32
22
14
5
-1
-6
-6
-2
-3
0
0
5
13
20
26
32
44
58
64
77
84
89
94
96
103
108
116
122
132
125
129
120
111
106
89
79
62
44
24
5
-13
-33
-51
-70
-87
-103
-117
-124
-131
-130
-126
-121
-110
-105
-93
-69
-54
-32
-9
12
33
50
64
80
95
102
109
111
112
113
108
101
98
93
81
71
55
39
30
14
2
-6
-24
-41
-62
-79
-95
-116
-130
-135
-138
-138
-137
-130
-122
-112
-95
-79
-67
-49
-39
-17
4
20
41
51
66
79
89
94
96
97
84
69
56
45
26
5
-9
-28
-42
-64
-85
-95
-113
-133
-139
-150
-155
-153
-147
-140
-134
-122
-107
-90
-69
-42
-20
7
28
54
77
104
134
158
187
207
226
237
243
252
256
260
257
254
240
219
200
174
145
106
71
35
0
-30
-58
-91
-115
-138
-156
-173
-187
-196
-202
-193
-188
-177
-166
-155
-140
-122
-103
-90
-71
-53
-39
-25
-12
-5
1
11
21
31
39
41
46
54
54
52
44
39
28
13
0
-16
-31
-45
-57
-67
-62
-67
-67
-58
-50
-41
-27
-13
-2
19
33
52
65
78
94
101
115
120
123
128
124
121
116
103
98
86
69
51
32
13
-5
-22
-39
-51
-67
-81
-94
-109
-120
-129
-145
-149
-155
-158
-151
-150
-137
-123
-105
-83
-66
-42
-19
3
30
58
80
108
129
143
165
169
172
178
172
170
161
155
145
140
130
127
114
98
89
69
53
34
18
-4
-24
-48
-68
-90
-109
-121
-138
-146
-152
-155
-155
-148
-140
-129
-117
-100
-81
-67
-47
-33
-21
-5
9
24
30
42
58
70
81
93
100
104
102
101
99
90
81
68
53
37
15
-6
-26
-51
-83
-110
-132
-152
-167
-185
-200
-206
-215
-216
-214
-214
-203
-193
-181
-159
-140
-119
-94
-62
-27
11
46
79
109
141
171
187
204
225
235
241
245
240
234
217
200
185
165
152
136
118
100
83
72
65
52
46
39
36
34
30
32
28
27
29
29
31
34
31
35
39
32
29
24
17
4
-14
-25
-40
-56
-73
-91
-112
-125
-135
-141
-150
-153
-155
-155
-147
-144
-128
-115
-104
-89
-78
-55
-33
-20
0
17
35
56
66
75
89
88
87
87
81
78
67
54
45
30
14
-2
-17
-34
-45
-52
-62
-71
-76
-83
-91
-86
-80
-80
-72
-66
-62
-58
-59
-58
-67
-68
-65
-68
-68
-69
-70
-66
-63
-55
-51
-44
-37
-28
-22
-14
-6
-1
8
18
20
32
48
58
70
78
95
107
112
125
136
134
137
138
140
137
130
128
124
119
115
108
103
93
79
71
60
56
47
34
19
5
-9
-22
-28
-40
-45
-51
-58
-63
-67
-75
-74
-75
-77
-71
-68
-64
-62
-62
-53
-47
-35
-26
-20
-10
-1
2
9
21
27
39
48
55
65
71
71
72
66
67
54
40
29
11
0
-17
-32
-43
-57
-66
-75
-84
-83
-89
-96
-90
-95
-96
-93
-100
-95
-97
-93
-83
-78
-64
-52
-39
-23
-9
7
22
40
48
60
65
70
77
83
76
75
71
64
60
52
42
34
26
13
7
-1
-3
-10
-24
-21
-30
-36
-29
-38
-34
-32
-29
-17
-8
3
21
27
39
52
58
74
78
88
94
90
93
91
82
79
74
61
56
44
32
20
3
-7
-14
-31
-35
-45
-53
-53
-59
-60
-63
-71
-58
-56
-56
-46
-42
-34
-28
-24
-10
-2
-1
17
23
28
38
40
44
48
44
44
39
29
31
22
10
5
-7
-13
-17
-24
-26
-33
-37
-44
-50
-56
-58
-64
-70
-65
-68
-65
-59
-59
-58
-56
-50
-49
-46
-40
-36
-33
-30
-22
-17
-7
1
4
6
5
5
9
5
8
1
-3
-1
-3
-8
-8
-13
-13
-6
-4
-1
0
4
6
8
15
16
24
36
40
46
49
56
66
73
90
95
99
101
101
105
102
98
99
92
86
87
85
84
83
75
65
55
47
42
32
23
18
8
-3
-8
-18
-22
-34
-43
-47
-53
-57
-66
-74
-78
-83
-87
-94
-100
-93
-97
-95
-90
-84
-71
-57
-47
-32
-18
-8
-4
2
15
23
31
34
34
39
41
41
47
44
47
44
34
35
36
26
19
17
14
5
-5
-10
-21
-35
-41
-54
-60
-66
-74
-80
-87
-90
-94
-92
-95
-90
-83
-73
-60
-53
-44
-37
-34
-30
-26
-18
-9
-1
6
17
17
18
27
32
35
41
43
51
57
54
59
58
59
62
60
56
49
47
48
42
43
47
48
46
50
52
52
57
61
66
68
71
74
77
77
75
72
64
51
37
24
8
-1
-9
-22
-26
-36
-43
-51
-61
-72
-77
-92
-96
-100
-109
-106
-113
-112
-109
-102
-89
-79
-74
-58
-47
-31
-9
7
31
48
64
86
97
107
125
124
133
137
137
139
131
128
119
98
88
74
51
33
8
-12
-40
-79
-104
-128
-153
-168
-190
-202
-211
-216
-206
-203
-198
-183
-175
-154
-132
-112
-85
-65
-43
-15
7
32
53
67
87
102
116
135
145
157
161
161
162
156
150
142
127
114
99
79
65
48
31
19
5
-3
-5
-13
-9
-14
-16
-10
-10
-6
-2
-4
-1
-1
0
7
2
9
13
11
22
20
24
27
21
22
22
16
14
8
-3
-9
-20
-25
-36
-44
-47
-58
-63
-62
-67
-67
-69
-68
-62
-65
-64
-57
-53
-43
-34
-25
-13
-4
6
15
19
26
32
28
27
25
24
22
18
13
8
-3
-12
-17
-29
-34
-37
-48
-51
-56
-56
-54
-57
-52
-47
-41
-33
-28
-21
-12
-7
0
9
4
11
15
13
21
28
31
33
32
37
37
38
41
39
40
40
38
45
46
47
54
53
57
62
64
68
73
77
77
76
73
71
68
70
63
53
51
45
37
27
19
10
4
-1
-1
-9
-14
-18
-22
-27
-29
-24
-30
-30
-31
-30
-25
-25
-25
-24
-19
-17
-12
-9
-4
1
-2
-4
-8
-6
-8
-19
-26
-36
-51
-61
-66
-75
-85
-93
-100
-107
-109
-110
-114
-114
-109
-106
-102
-97
-91
-84
-78
-70
-63
-57
-45
-33
-19
-7
6
21
34
49
62
73
76
85
92
91
91
89
80
69
62
63
62
54
51
47
35
27
24
16
12
7
10
7
4
7
0
-5
-2
0
1
2
-1
8
19
30
40
45
48
58
60
64
66
64
61
57
57
47
44
37
25
22
13
7
6
1
-2
-3
-9
-9
-12
-15
-12
-8
-1
1
3
4
2
6
13
18
20
26
30
33
32
32
31
29
24
18
11
-1
-9
-29
-43
-58
-78
-94
-104
-113
-125
-138
-147
-152
-164
-164
-162
-160
-147
-141
-128
-113
-103
-78
-56
-32
-8
14
38
65
79
97
118
130
142
152
159
163
166
161
155
147
134
121
103
83
67
41
21
5
-24
-45
-60
-77
-91
-105
-115
-113
-120
-121
-117
-114
-103
-95
-82
-66
-51
-30
-8
4
20
37
52
65
74
82
88
89
95
97
91
93
90
81
75
66
62
52
42
31
14
-3
-18
-27
-36
-43
-51
-59
-62
-69
-64
-62
-54
-44
-38
-30
-21
-8
0
14
26
31
38
47
49
47
47
41
38
33
24
24
14
4
-2
-12
-18
-31
-40
-46
-50
-55
-62
-74
-73
-69
-72
-65
-62
-62
-54
-54
-46
-31
-26
-8
1
6
19
27
33
41
44
52
54
55
55
50
50
53
50
42
35
25
19
10
2
-6
-14
-22
-26
-27
-30
-32
-31
-27
-26
-15
-15
-14
-4
-4
-1
6
10
15
22
29
36
35
40
43
48
50
47
49
44
42
39
39
34
24
20
9
7
4
1
-6
-13
-20
-29
-30
-32
-32
-35
-31
-31
-36
-36
-33
-35
-35
-34
-28
-20
-13
-6
-5
-3
-1
1
1
-1
-2
-1
0
0
-3
2
2
2
6
2
-3
-2
-7
-10
-9
-17
-17
-18
-23
-20
-23
-22
-21
-17
-11
-12
-2
4
6
11
17
20
25
26
24
21
19
22
20
16
15
11
7
7
9
14
18
13
12
9
9
15
17
18
16
12
11
10
6
4
1
-1
-1
3
5
8
10
8
2
2
-2
-5
-10
-13
-19
-23
-22
-23
-22
-21
-20
-14
-12
-11
-2
4
8
9
13
14
16
18
15
11
6
7
4
8
6
5
8
4
5
5
4
6
3
2
4
-8
-16
-19
-25
-26
-32
-34
-35
-34
-32
-29
-19
-15
-11
-9
-3
3
1
3
2
3
4
4
