SAMPLES:	6527
BITSPERSAMPLE:	16
CHANNELS:	1
SAMPLERATE:	16000
NORMALIZED:	FALSE
0
-1
2
2
2
-2
-4
0
4
1
6
6
3
0
-2
-2
-4
-6
-4
-8
-5
-5
1
7
6
2
-1
1
2
5
4
3
3
5
7
4
3
1
1
0
0
-4
-4
-2
-4
-1
0
1
1
-5
-3
-4
-5
-3
-2
0
-1
-1
-1
3
4
6
1
2
2
3
4
3
2
-2
-2
-2
0
0
4
-1
-4
3
0
-1
-3
-2
4
3
1
-2
0
2
0
-3
0
0
-1
0
-2
3
5
2
1
2
1
1
-2
-2
-2
-3
-1
-4
-11
-8
-6
-4
1
-3
-2
0
-3
-2
0
1
1
3
4
4
6
2
0
-1
1
5
1
1
1
2
2
1
4
-2
-3
-2
-2
-1
0
1
0
0
-3
-1
0
-2
1
2
1
4
2
4
4
3
3
2
3
2
2
3
2
-3
0
-1
-2
-4
-7
-8
-6
-6
-4
-2
-4
1
-1
-1
0
1
2
1
-2
-3
3
-1
-2
2
0
2
0
0
-1
-2
2
2
1
0
2
-3
-2
1
-1
-4
-3
0
4
8
9
6
4
2
5
4
0
2
0
0
3
6
2
-2
0
0
-1
-2
1
0
0
0
-1
-3
-4
0
-3
-2
-2
-3
-3
-1
-3
-6
-2
0
0
1
5
5
4
6
5
1
-1
3
5
1
1
2
2
3
-2
-2
0
0
-2
-4
-4
-6
0
1
1
1
-2
2
1
0
-1
-4
-1
0
0
0
-1
2
0
-2
-3
-6
-1
-1
-3
-2
-1
-1
-1
3
5
2
2
4
5
1
6
3
1
2
0
3
0
-3
-3
0
-2
1
3
0
-5
-6
-2
-5
-2
-1
-1
2
2
2
3
1
2
1
-1
-3
-2
1
-1
3
2
3
3
2
4
4
1
1
0
0
1
-3
-2
0
-2
1
0
1
0
-1
0
1
0
-3
2
3
0
-2
-1
-2
-6
-7
-5
-1
1
-4
-4
-1
-5
-5
-3
-4
-2
3
0
1
2
1
-1
0
3
0
-1
0
4
1
5
7
3
5
1
0
0
0
6
6
4
3
6
10
14
17
21
27
35
33
30
20
16
21
27
24
11
4
14
28
39
33
14
0
-11
-11
-13
-6
9
25
38
28
11
-1
-5
-6
-17
-37
-36
-14
4
-16
-64
-104
-83
-20
12
-22
-98
-129
-95
-50
-75
-152
-178
-91
7
-29
-211
-197
492
1953
3556
4218
3548
1330
-1284
-3168
-3814
-3377
-2368
-823
603
1385
1074
-127
-1382
-1405
243
2719
4165
3559
1113
-1750
-3354
-3480
-2775
-2232
-2125
-2122
-1904
-1611
-1543
-1710
-1656
-1067
-178
245
-450
-1967
-3080
-2803
-1184
702
1592
1100
-37
-634
-167
817
1415
1365
1236
1581
2179
2227
1323
-38
-820
-326
1031
2014
1888
1047
393
379
656
573
11
-420
-103
868
1793
2131
1925
1512
1050
592
299
468
1274
2411
3102
2802
1807
987
883
1317
1811
2060
2097
2021
2034
2044
1780
1274
720
310
133
-109
-526
-857
-824
-440
-97
-272
-937
-1649
-1967
-1882
-1659
-1490
-1374
-1257
-947
-560
-333
-314
-563
-872
-1056
-858
-545
-478
-757
-1273
-1661
-1657
-1226
-758
-612
-743
-754
-397
-161
-553
-1587
-2666
-3202
-3060
-2377
-1567
-1075
-1008
-916
-636
-761
-1577
-2480
-2635
-1982
-1083
-198
582
892
375
-815
-2267
-3305
-3627
-3620
-3804
-3860
-2976
-1564
-701
73
2302
5928
8402
7846
5200
3546
4590
5410
3335
-4677
-17955
-29430
-32074
-27331
-23422
-23897
-24379
-20309
-13752
-8339
-3720
1443
5693
8616
13484
22352
30741
31948
25896
18899
15540
15084
15955
19120
24643
29649
31510
31253
31489
32419
32069
28879
23428
17172
10844
4551
-1506
-6877
-11373
-15175
-18376
-20804
-22372
-23227
-23414
-22957
-22320
-22263
-22971
-23818
-24105
-23594
-22340
-20550
-18707
-17222
-15930
-14374
-12571
-10954
-9727
-8744
-7858
-6863
-5352
-3222
-1191
-239
-624
-1776
-3012
-3950
-4457
-4588
-4547
-4442
-4176
-3649
-2913
-2099
-1351
-803
-409
109
933
1943
2995
4156
5442
6639
7635
8567
9448
10020
10178
10150
10125
10092
10086
10206
10319
10172
9833
9595
9412
9002
8496
8290
8291
8062
7672
7498
7386
7279
8481
12223
16744
18310
16181
13935
14260
15084
13402
10407
9407
10186
9515
6834
5369
6654
7528
4647
-655
-4502
-5936
-7363
-10123
-12590
-13305
-13541
-15094
-17231
-17911
-17192
-17205
-18831
-20513
-20656
-19551
-18210
-16746
-14833
-12775
-11220
-10284
-9682
-9371
-9535
-10124
-10791
-11233
-11168
-10201
-8144
-5621
-3596
-1983
409
3778
6269
6463
5665
5784
6098
4928
3176
2899
3476
2757
1231
1084
2196
2619
2235
2430
3211
3697
4123
5044
5898
6345
7021
7905
8184
8094
8562
9018
8418
7546
7655
7986
7265
6226
5977
5910
5182
4456
4307
3967
2958
1891
1122
313
-362
-559
-705
-1188
-1529
-1496
-1699
-2173
-2262
-2135
-2525
-3134
-3188
-2937
-3024
-3351
-3448
-2290
1654
7575
11036
9564
7276
8694
10964
8929
4595
3648
5250
3914
-191
-1295
1964
4147
1429
-3377
-5943
-6457
-8177
-11998
-15168
-15699
-15468
-16859
-18357
-16922
-13430
-11693
-12643
-13559
-12813
-11553
-10737
-9800
-8270
-6342
-4078
-1553
914
3506
6541
9091
9751
9028
8956
10237
11605
12108
12293
12858
13463
13473
13164
13279
13391
11913
8567
5379
3819
2662
483
-1769
-2911
-3977
-5980
-7581
-7468
-6739
-6774
-6866
-5875
-4184
-2722
-1882
-1949
-2937
-3983
-4268
-3978
-3468
-2665
-2001
-2233
-2978
-3198
-2979
-2877
-2148
153
3215
5656
7514
9250
10137
9344
7220
4340
658
-3553
-7325
-9894
-11043
-10727
-9278
-7428
-5572
-3673
-1857
-324
899
1668
2749
6557
13591
19177
19009
16699
18631
22724
21644
15931
13105
14041
11931
5682
2570
5421
7646
4152
-1346
-3465
-3240
-5124
-9858
-14194
-16306
-18085
-21232
-23783
-23013
-20006
-18161
-18127
-17629
-15534
-12966
-11016
-9910
-9569
-9228
-7838
-5805
-4270
-2518
924
4777
6360
6332
7964
11499
13475
12350
10761
10922
11280
9812
7894
7950
8905
7584
4207
2345
2803
2075
-1442
-4602
-5217
-5624
-7556
-8553
-6810
-4798
-4685
-4590
-2476
182
1295
1330
1643
2265
2652
2819
3159
4010
5165
5791
5740
6182
7459
7905
6681
5509
5582
5431
4002
2709
2509
2064
604
-501
-437
-358
-1116
-1959
-2151
-2082
-2391
-3175
-4164
-5139
-5999
-6510
-6434
-6173
-5957
-4296
-57
3777
3212
528
1806
6209
6634
2295
230
2270
1940
-2628
-4489
-407
3314
1826
-899
20
2621
2515
-345
-3025
-4578
-6505
-9401
-11555
-11398
-9841
-8901
-8796
-8098
-6090
-3422
-1152
-187
-578
-843
298
1803
2233
2897
5694
9079
10305
10556
13151
17276
18685
16677
15211
16055
15980
12910
9870
9411
8715
4872
788
139
418
-2602
-7098
-8830
-8911
-10982
-13961
-14503
-13503
-13886
-14925
-14069
-11734
-10140
-9679
-9229
-8188
-6855
-5974
-5894
-5745
-4691
-3681
-3767
-3669
-2083
-618
-977
-1529
-359
1056
785
-17
238
455
-639
-1856
-1902
-1737
-2566
-3658
-3837
-3359
-3022
-2730
-2133
-1504
-1117
-672
-88
743
3281
8639
14191
16020
15553
18109
23517
25474
22353
19978
20846
19776
14393
10320
11192
12244
8910
4340
3303
4491
3771
642
-2491
-4814
-7531
-11032
-14068
-15657
-16310
-17037
-17914
-18097
-16772
-13964
-10917
-9247
-8900
-7886
-5350
-3272
-3141
-3056
-1073
1006
906
629
3353
7494
8964
8045
8687
11385
12385
10389
8517
8240
6757
2702
-662
-1142
-1712
-5063
-8562
-8995
-8207
-9310
-11069
-10878
-9901
-10495
-11465
-10406
-8226
-7398
-7643
-6821
-4616
-2570
-1419
-420
991
2270
2789
3012
3788
4700
4484
3305
2861
3681
4371
4249
4374
5120
5280
4447
3806
3613
2398
-389
-3264
-5139
-6649
-8180
-8776
-7976
-6663
-5352
-3643
-1581
847
4931
10720
14852
15172
15281
18935
22703
21428
17522
16525
16921
13587
8307
6844
8285
6877
2360
-216
445
635
-1595
-4454
-6567
-8703
-11488
-14304
-16410
-17684
-18470
-19182
-19685
-19140
-16916
-13768
-11386
-10347
-9170
-6463
-3418
-2166
-2073
-662
1847
2779
2307
3785
7605
10027
9786
10338
13335
15491
14612
13269
13472
12847
9468
5790
4227
2884
-624
-4636
-6364
-6580
-7715
-9424
-9652
-8610
-8253
-8653
-8068
-6360
-5405
-5810
-5895
-4641
-3292
-2982
-2792
-1600
-138
452
781
1972
3313
3286
2238
1841
2264
2165
1289
732
695
258
-538
-679
-306
-642
-1840
-2880
-3439
-4038
-4765
-5262
-5424
-5301
-4979
-4559
-2963
1503
7614
11229
11602
13469
18969
22979
21642
19001
19214
18997
14676
9946
9259
9845
7154
2833
1148
1923
2073
584
-1582
-3825
-6054
-8326
-11009
-14019
-16418
-17940
-19546
-21339
-21636
-19440
-16434
-14810
-14074
-11840
-7739
-4372
-3336
-2706
-568
1418
1236
795
2811
5709
6410
6077
7938
11331
13073
13066
13544
14314
13324
10762
8587
6928
4143
-27
-3859
-6079
-7353
-8910
-10506
-10819
-9805
-8926
-8498
-7140
-4853
-3728
-4199
-4022
-2444
-1580
-2227
-2367
-1145
-211
-51
922
2867
4002
3927
4082
4879
5309
5048
4559
3823
2713
1737
1219
745
37
-761
-1670
-2674
-3273
-3387
-3821
-4727
-5025
-4511
-4475
-4648
-2346
2832
6887
7451
8271
13067
18496
19382
17392
17433
18563
16278
11624
9539
9841
7910
3293
242
312
726
-328
-1948
-3414
-4970
-6478
-7915
-9976
-12599
-14727
-16377
-18522
-20435
-20086
-17842
-16466
-16574
-15373
-11381
-7153
-5236
-4247
-1819
1022
1877
1584
2876
5401
6299
5451
5897
8589
10885
11224
11374
12639
13369
12163
10374
9349
7756
4098
-259
-3089
-4782
-7172
-10013
-11388
-11027
-10494
-10146
-8732
-6227
-4399
-3850
-3045
-1284
-88
-480
-1191
-978
-542
-699
-610
541
1875
2403
2798
4005
5447
6048
5882
5565
5050
4139
3222
2546
1673
319
-1128
-2274
-3138
-3797
-4327
-4829
-5044
-4691
-4274
-3953
-2107
2141
6061
6951
7366
11290
16508
17723
15774
15734
17319
15809
11586
9614
10082
8430
4077
1190
1163
1220
-144
-1845
-3326
-4868
-6128
-7175
-9037
-11630
-13581
-14889
-16815
-18829
-18967
-17494
-16845
-17391
-16556
-13099
-9318
-7510
-6531
-4179
-1106
441
753
2147
4597
5565
4753
5142
7956
10435
10543
10236
11575
12980
12327
10787
10187
9155
5671
1315
-1079
-2302
-5069
-8797
-10552
-10203
-10110
-10367
-8991
-6355
-4830
-4387
-2862
-343
798
136
-334
130
220
-474
-741
-106
507
701
1303
2784
4370
5213
5491
5807
6091
5845
5092
4275
3355
1882
4
-1561
-2610
-3672
-4955
-5784
-5612
-5022
-4831
-4156
-1158
3457
6368
6827
8578
13464
17310
16701
14941
15763
16407
13321
9431
8656
8629
5638
1719
567
1170
719
-642
-1786
-3083
-4546
-5414
-6475
-9007
-11926
-13593
-14985
-17412
-19258
-18720
-17447
-17701
-18131
-16020
-12025
-9174
-8072
-6475
-3440
-842
33
686
2609
4518
4611
4020
5261
8034
9599
9296
9494
11334
12682
11923
10713
10520
9426
5758
1881
286
-1096
-4950
-9045
-10044
-9464
-10240
-10866
-8841
-6121
-5332
-4640
-1781
1029
1195
415
974
1675
966
42
131
350
64
213
1328
2703
3776
4628
5390
6129
6746
6834
6326
5684
4845
3195
1045
-565
-1771
-3537
-5501
-6306
-5967
-5750
-5750
-4279
-463
3784
5984
6988
9998
14899
17428
16088
14810
15738
15322
11476
8033
7498
6516
2786
-440
-608
-56
-890
-1966
-2538
-3432
-4368
-4735
-5908
-8758
-11401
-12709
-14476
-17381
-19037
-18441
-18002
-18888
-18677
-15703
-11982
-9860
-8518
-5990
-2599
-290
564
1580
3456
4736
4459
4202
5675
7764
8361
8005
8881
10883
11725
10952
10440
10518
9109
5780
2988
1661
-565
-4687
-7956
-8610
-8819
-10130
-10448
-8456
-6443
-5821
-4492
-1431
821
829
707
1783
2357
1493
743
895
838
334
529
1595
2564
3223
4096
5173
6069
6601
6695
6421
6015
5311
3871
2014
427
-1103
-3089
-4918
-5668
-5707
-5949
-6148
-4973
-1697
2403
5060
6212
8680
13456
16866
16303
14911
15792
16052
12566
8566
7658
7089
3478
-548
-1425
-778
-1400
-2623
-3169
-3624
-4197
-4386
-5116
-7306
-9580
-10868
-12672
-15724
-17840
-17820
-17803
-19162
-19749
-17587
-14211
-12017
-10627
-8109
-4449
-1542
-132
1221
3455
5216
5237
4790
5794
7594
8119
7445
7598
9096
10126
9724
9217
9488
9060
6769
4256
3157
1884
-1490
-5211
-6638
-6909
-8374
-9804
-8939
-7151
-6665
-6047
-3361
-530
111
116
1508
2876
2550
1853
2109
2226
1540
1337
2157
2863
3051
3578
4626
5565
6165
6485
6435
6180
5882
5086
3582
1963
441
-1516
-3675
-5033
-5597
-6276
-7093
-6991
-5082
-1644
1698
3502
5001
8729
13521
15287
14033
13968
15418
14050
9710
7214
7127
4955
262
-2403
-1999
-1996
-3401
-4182
-4099
-4348
-4536
-4345
-5158
-7140
-8598
-9559
-11727
-14491
-15545
-15377
-16382
-18075
-17635
-14769
-12132
-10879
-9203
-5803
-2099
140
1522
3645
6066
6968
6413
6539
8043
9000
8199
7266
8018
9486
9614
8743
8714
9221
8166
5691
4164
3536
1143
-3016
-5686
-6219
-7559
-10100
-10768
-9236
-8508
-8681
-6817
-3375
-1756
-1797
-500
1813
2385
1547
1556
1996
1321
442
804
1518
1442
1350
2112
3280
4315
5081
5335
5277
5540
5728
4899
3480
2342
870
-1489
-3490
-4327
-5164
-6494
-7099
-6583
-5324
-2572
1504
4231
5173
8104
13726
16850
15601
15004
17028
16566
11954
8753
8879
7138
1836
-1854
-1708
-1582
-3274
-4357
-4124
-4251
-4512
-3900
-3815
-5431
-7125
-7934
-9517
-12322
-14159
-14490
-15601
-17918
-18690
-16631
-14119
-13108
-12075
-9041
-5095
-2526
-1045
1241
4005
5122
4674
5094
6875
7693
6764
6426
8003
9583
9603
9469
10523
11227
9935
7936
6998
5899
2647
-1544
-4136
-5637
-8216
-11169
-12024
-11183
-10885
-10670
-8446
-5000
-2823
-1573
736
3456
4491
4216
4383
4675
3777
2285
1649
1676
1323
730
841
1872
3208
4279
5036
5780
6529
6880
6638
6064
5107
3269
797
-1298
-2879
-4809
-6909
-7853
-7647
-7681
-7423
-4593
218
3324
4171
6807
12442
16296
15677
14579
15902
16034
12189
8184
7141
5821
1475
-2636
-3414
-3050
-3909
-4706
-4503
-4538
-4763
-3973
-3445
-5120
-7509
-8448
-9396
-12241
-15024
-15527
-15682
-17670
-19303
-17732
-14545
-12917
-12236
-9773
-5652
-2379
-519
1667
4588
6546
6880
7105
8286
9399
9275
8519
8435
9224
9980
10061
9868
9943
9762
8401
6357
4865
3283
11
-4006
-6227
-6977
-8614
-10518
-10124
-8122
-7088
-6164
-3003
800
2328
2870
4967
7101
6839
5659
5625
5334
3430
1764
1719
1643
496
-234
275
956
1345
1922
2326
2039
1752
1891
1513
131
-1491
-3063
-4961
-6778
-7953
-8996
-10101
-10310
-9559
-8828
-7289
-3355
1139
3072
4109
8240
13796
15572
14200
14636
16565
15331
11446
9703
9869
7591
3184
970
1324
1015
-383
-1008
-1158
-1901
-2234
-1669
-2236
-4646
-6649
-7454
-9165
-12146
-13909
-14014
-15021
-17234
-17579
-15009
-12433
-11648
-10587
-7442
-3775
-1526
61
2365
4580
5326
5222
5879
7307
8061
7558
6950
7568
9099
9952
9666
9600
10304
10196
8542
7204
6839
4949
713
-2615
-3437
-4846
-8337
-10568
-9919
-9502
-10419
-9413
-6042
-4190
-4452
-3126
61
1344
350
265
1133
435
-1193
-1314
-666
-1204
-1973
-1312
-4
893
1994
3473
4347
4676
5354
5964
5615
4692
3669
2057
-24
-1563
-2737
-4549
-6321
-6642
-6121
-6168
-5762
-2987
1053
3586
4810
7543
12152
15426
15671
15227
16091
16453
14190
11044
9497
8374
5400
1771
140
68
-586
-1851
-2608
-2973
-3331
-3273
-3300
-4734
-6966
-8278
-9219
-11495
-14166
-15177
-15523
-17236
-18886
-17830
-15162
-13806
-13312
-11143
-7471
-4547
-2727
-617
1862
3468
4024
4611
5810
6934
7036
6395
6472
7896
9185
9066
8767
9664
10422
9418
8049
7886
7045
3722
195
-1127
-2202
-5305
-8309
-8781
-8452
-9224
-9193
-6856
-4591
-4094
-3198
-494
1689
1693
1278
1774
1849
810
9
8
-225
-823
-703
322
1469
2485
3586
4669
5640
6555
7077
6898
6413
5858
4708
2904
1269
-51
-1820
-3884
-5107
-5359
-5552
-5817
-5287
-3400
-543
2275
4215
5891
8766
12227
13644
12817
12532
13359
12392
9097
6780
6372
4806
1208
-1225
-1210
-1229
-2432
-3220
-2991
-2745
-2473
-1793
-1705
-2710
-3576
-4027
-5604
-8344
-10289
-11298
-13284
-16034
-17050
-15888
-14768
-14484
-13333
-10497
-7424
-5336
-3642
-1518
481
1366
1370
1659
2453
2614
1665
835
1147
1768
1596
1186
1513
2097
1995
1561
1607
1660
727
-872
-1951
-2347
-2979
-4062
-4610
-4094
-3204
-2380
-938
1391
3503
4729
6007
7938
9310
9210
8640
8499
8012
6671
5494
5051
4469
3508
3258
3962
4528
4653
5170
6116
6586
6422
6178
5816
4911
3550
2022
239
-1754
-3629
-5351
-7028
-8308
-8742
-8577
-8348
-7809
-5986
-2714
555
2505
4155
7382
11265
12859
12197
12316
13613
12894
9599
7252
6891
5268
1317
-1613
-1968
-2325
-4013
-5154
-4913
-4636
-4556
-3856
-3302
-3850
-4418
-4290
-5115
-7570
-9527
-10107
-11579
-14756
-16969
-16808
-16584
-17802
-18441
-16922
-14856
-13845
-12818
-10458
-7642
-5683
-4213
-2144
572
3001
4549
5597
7043
9062
10634
11059
11212
11950
12349
11365
10092
9719
8839
5992
2902
1697
904
-1563
-4016
-4103
-3319
-3787
-3793
-1389
1218
1773
2267
4713
6915
6753
6126
6768
6971
5598
4547
4775
4512
3223
2761
3568
4038
3803
3981
4566
4678
4511
4485
4032
2886
1747
756
-684
-2395
-3790
-5186
-6845
-8002
-8343
-8605
-8784
-8112
-6994
-5982
-3940
-451
2156
2852
4535
8514
11100
10283
9679
11424
11824
8860
6490
6874
6293
2787
30
98
10
-1836
-3167
-3264
-4021
-5388
-5711
-5908
-7733
-9872
-10598
-11383
-13662
-15511
-15417
-15404
-16895
-17657
-15869
-13479
-12571
-11837
-9383
-6124
-3923
-2469
-329
2236
3777
4281
5143
6753
7930
8091
8175
8943
9986
10775
11368
11854
12200
12468
12465
11829
10837
9846
8186
5395
2785
1340
-365
-3283
-5519
-5738
-5791
-6763
-6564
-4468
-3052
-3067
-1892
808
2001
1278
1452
2630
2244
671
441
966
45
-1284
-894
205
259
204
1130
1906
1914
2290
3028
2663
1367
614
169
-1106
-2721
-3794
-4948
-6551
-7508
-7529
-7702
-7977
-7211
-5869
-5070
-3662
-285
3165
4417
5233
8299
11903
12761
11885
12276
13220
12016
9409
8154
7841
6058
3083
1239
799
167
-1057
-2177
-3206
-4298
-4911
-5135
-6097
-7870
-9101
-9556
-10523
-12092
-12752
-12352
-12579
-13630
-13476
-11322
-9086
-8090
-6934
-4231
-1038
1191
2985
5334
7484
8325
8467
9076
9857
9781
8947
8251
8060
8216
8487
8540
8215
7849
7627
7028
5824
4475
2900
404
-2589
-4695
-6031
-7988
-10356
-11505
-11420
-11459
-11391
-10009
-8047
-7029
-6221
-4152
-1777
-842
-718
-7
701
432
-1
207
195
-517
-814
-137
602
1015
1756
2805
3498
4019
4855
5520
5416
4941
4504
3791
2834
2163
1564
436
-772
-1217
-1221
-1504
-1769
-1464
-875
-359
287
1254
2668
4664
6547
7294
7752
9761
12371
12723
11301
11290
12488
11541
8653
7365
7595
5864
2308
468
551
-423
-2676
-4030
-4563
-5684
-6718
-6828
-7450
-9233
-10323
-10220
-10969
-12801
-13383
-12648
-13109
-14660
-14462
-12289
-10936
-10987
-10096
-7573
-5323
-4182
-2911
-961
642
1338
1846
2810
3980
4797
5150
5458
6224
7358
8150
8246
8160
8263
7990
6813
5345
4254
2892
499
-1975
-3196
-3833
-5234
-6663
-6578
-5664
-5496
-5363
-3838
-2036
-1701
-1798
-656
561
188
-615
-303
63
-629
-1020
-86
793
836
1413
3041
4341
4917
5843
6990
7212
6808
6779
6682
5730
4518
3655
2606
1310
610
387
-324
-1249
-1376
-1090
-1320
-1661
-1428
-1124
-1275
-1375
-1006
-281
829
2044
2572
2919
4713
7370
8323
7757
8505
10450
10447
8587
8149
9015
7836
4748
3165
3276
2229
-120
-1622
-2374
-3721
-4963
-5288
-6073
-7910
-9067
-9163
-10116
-12004
-12660
-12232
-13099
-14947
-15081
-13489
-12775
-13266
-12792
-10879
-9166
-8147
-6773
-4786
-3036
-1813
-591
985
2759
4314
5342
6076
7165
8649
9725
10030
10164
10442
10252
9281
8215
7357
5909
3520
1235
-125
-1319
-3092
-4633
-5059
-5014
-5276
-5129
-3926
-2726
-2471
-2240
-1159
-263
-544
-1085
-974
-991
-1716
-2125
-1558
-974
-856
-217
1368
2968
4109
5356
6753
7652
8051
8348
8258
7415
6288
5312
4087
2473
1122
312
-446
-1233
-1552
-1471
-1483
-1488
-1188
-981
-1171
-1189
-819
-886
-1451
-1137
390
1431
1287
1910
4442
6816
7289
7514
9267
10971
10543
9269
9226
9387
7706
4998
3313
2365
689
-1478
-3091
-4351
-5680
-6563
-6957
-7798
-9036
-9528
-9517
-10417
-11938
-12415
-12130
-12934
-14556
-14871
-13753
-13241
-13657
-13137
-11160
-9282
-8099
-6401
-3702
-1132
675
2451
4641
6586
7689
8240
8696
8983
8865
8464
8148
8048
7946
7692
7496
7510
7344
6528
5188
3761
2194
159
-2097
-3953
-5341
-6616
-7607
-7753
-7132
-6405
-5707
-4599
-3118
-1909
-1130
-319
595
1145
1334
1735
2462
3027
3375
4021
5036
5914
6537
7270
8054
8423
8373
8308
8171
7528
6395
5198
4022
2697
1309
30
-1202
-2394
-3257
-3694
-3999
-4385
-4720
-4886
-4995
-5179
-5506
-5913
-6178
-6316
-6661
-6951
-6230
-4499
-3207
-2750
-1302
1996
5004
6131
7129
9595
11670
11478
10728
11290
11564
9683
7194
6066
5341
3623
1771
704
-296
-1488
-1921
-1848
-2615
-3829
-4084
-4017
-5201
-6831
-7234
-7302
-8774
-10652
-10877
-10088
-10223
-10848
-10218
-8531
-7224
-6310
-4810
-2848
-1344
-392
596
1724
2582
3010
3200
3322
3520
3808
4057
4186
4318
4552
4688
4544
4231
3836
3096
1798
263
-1089
-2445
-4103
-5702
-6654
-7103
-7506
-7541
-6685
-5393
-4404
-3401
-1789
-187
569
924
1576
2023
1661
1168
1239
1348
1078
1141
1981
2925
3644
4703
6127
7169
7755
8424
8940
8670
7898
7212
6321
4839
3268
2087
974
-202
-980
-1289
-1503
-1508
-1011
-417
-180
62
564
748
272
-354
-776
-1304
-2054
-2702
-2989
-2687
-1663
-465
420
1773
4340
6822
7729
8148
9634
10840
9790
7781
6952
6231
3652
424
-1314
-2355
-4273
-6201
-6883
-7128
-7756
-7932
-7460
-7537
-8155
-8119
-7868
-8823
-10324
-10719
-10717
-11915
-13365
-13197
-12107
-11783
-11597
-9999
-7536
-5630
-4046
-1875
518
2290
3544
4685
5597
6160
6520
6623
6457
6469
6888
7205
7193
7490
8336
8902
8745
8574
8712
8246
6695
5002
3776
2192
-212
-2332
-3389
-4209
-5372
-5865
-5021
-3896
-3281
-2312
-457
1133
1664
2016
2757
2954
2127
1271
944
405
-543
-971
-588
-128
240
1110
2401
3432
4169
4956
5486
5330
4769
4100
3047
1539
45
-1266
-2658
-3985
-4746
-4994
-5135
-5077
-4533
-3726
-2961
-2150
-1293
-789
-733
-738
-766
-1211
-2020
-2610
-2805
-3042
-3325
-2870
-1340
475
1819
3220
5564
8312
9987
10495
11075
11821
11328
9362
7472
6195
4209
1114
-1505
-2810
-3873
-5290
-6212
-6345
-6435
-6497
-6013
-5545
-5919
-6522
-6607
-7000
-8375
-9569
-9747
-10147
-11487
-12179
-11107
-9669
-9071
-8162
-5905
-3363
-1579
139
2386
4293
5219
5811
6562
7009
6892
6648
6455
6117
5889
6200
6783
7126
7429
8118
8926
9278
9209
9029
8500
7215
5464
3794
2114
55
-2117
-3744
-4774
-5553
-5956
-5610
-4754
-3917
-2975
-1587
-155
654
966
1255
1319
753
-144
-874
-1558
-2433
-3126
-3211
-2904
-2494
-1844
-849
224
1189
2072
2745
2981
2838
2459
1749
693
-414
-1452
-2557
-3599
-4193
-4363
-4436
-4333
-3736
-2842
-2078
-1382
-509
305
694
803
845
632
64
-558
-1135
-1855
-2513
-2614
-2316
-2076
-1476
140
2208
3708
4979
7023
9242
10195
10133
10348
10637
9621
7560
5966
4891
3164
916
-527
-1063
-1718
-2497
-2641
-2344
-2348
-2508
-2385
-2466
-3241
-4183
-4874
-5883
-7427
-8677
-9239
-9849
-10700
-10851
-9963
-8939
-8185
-6967
-5012
-3173
-1881
-554
1010
2135
2539
2806
3210
3331
3022
2774
2814
2846
2856
3212
3899
4525
5049
5729
6433
6754
6680
6429
5833
4654
3144
1665
77
-1755
-3425
-4559
-5334
-5897
-5904
-5218
-4283
-3325
-2060
-506
769
1569
2227
2744
2723
2246
1772
1285
548
-185
-479
-447
-351
1
787
1701
2483
3305
4162
4674
4706
4510
4124
3323
2193
1056
-68
-1266
-2335
-3028
-3434
-3685
-3656
-3294
-2805
-2309
-1717
-1099
-670
-455
-302
-249
-427
-744
-1043
-1373
-1795
-2141
-2288
-2339
-2348
-2149
-1663
-1047
-326
649
1824
2962
3991
5046
6053
6757
7111
7241
7127
6632
5851
4966
4001
2898
1763
780
-59
-818
-1449
-1916
-2310
-2718
-3107
-3469
-3906
-4490
-5144
-5815
-6520
-7245
-7878
-8343
-8663
-8812
-8705
-8307
-7682
-6893
-5940
-4847
-3706
-2588
-1518
-519
349
1052
1619
2097
2487
2790
3061
3360
3701
4072
4495
4998
5512
5950
6314
6601
6730
6602
6233
5671
4876
3846
2697
1535
368
-767
-1721
-2396
-2825
-3024
-2930
-2555
-2035
-1444
-775
-103
419
740
918
941
760
431
70
-283
-612
-830
-846
-680
-375
85
677
1301
1890
2408
2788
2947
2878
2610
2136
1465
687
-126
-939
-1691
-2288
-2693
-2929
-2996
-2860
-2565
-2198
-1802
-1378
-982
-694
-516
-406
-364
-428
-562
-686
-774
-858
-931
-922
-816
-694
-568
-351
-27
296
615
1067
1677
2268
2817
3460
4166
4669
4921
5146
5289
5042
4417
3762
3083
2106
934
-35
-808
-1691
-2547
-3028
-3242
-3559
-3880
-3919
-3874
-4060
-4342
-4465
-4634
-5058
-5492
-5710
-5886
-6142
-6215
-5960
-5584
-5169
-4510
-3575
-2634
-1751
-766
273
1141
1815
2462
3031
3376
3567
3769
3953
4027
4083
4239
4433
4581
4748
4967
5122
5144
5068
4895
4539
3985
3307
2534
1653
734
-110
-844
-1460
-1900
-2103
-2100
-1947
-1650
-1241
-818
-459
-164
18
30
-128
-401
-755
-1179
-1603
-1938
-2151
-2238
-2161
-1895
-1483
-984
-430
139
638
1014
1249
1323
1205
920
520
49
-466
-954
-1354
-1638
-1786
-1779
-1615
-1326
-957
-538
-108
278
581
789
879
854
733
545
324
90
-104
-231
-286
-261
-151
22
224
429
610
746
806
780
680
518
307
90
-95
-212
-226
-130
83
418
863
1383
1919
2420
2855
3189
3359
3354
3180
2842
2349
1740
1077
406
-250
-844
-1327
-1694
-1950
-2111
-2177
-2188
-2194
-2226
-2292
-2415
-2620
-2893
-3206
-3533
-3847
-4107
-4271
-4312
-4220
-3981
-3591
-3071
-2447
-1757
-1032
-314
372
996
1535
1992
2349
2615
2800
2928
3008
3049
3067
3077
3076
3061
3038
2997
2920
2791
2622
2413
2140
1814
1457
1079
686
286
-80
-409
-698
-949
-1136
-1264
-1354
-1403
-1414
-1400
-1378
-1343
-1292
-1233
-1174
-1104
-1016
-916
-807
-685
-552
-422
-283
-153
-39
66
153
211
250
265
262
244
202
152
118
86
54
36
33
46
72
107
151
194
232
267
300
325
344
361
376
388
407
435
464
497
529
559
589
607
608
597
559
501
420
319
201
73
-57
-187
-300
-387
-443
-461
-441
-376
-267
-118
54
240
427
607
755
859
918
930
888
791
663
515
352
175
19
-110
-223
-327
-403
-461
-531
-615
-702
-813
-957
-1132
-1312
-1493
-1682
-1854
-1985
-2074
-2119
-2108
-2039
-1921
-1771
-1592
-1388
-1178
-977
-779
-589
-413
-240
-74
91
251
412
566
706
826
927
997
1031
1025
994
936
847
737
630
525
423
337
275
226
184
157
144
137
123
114
118
127
148
190
259
348
456
593
746
900
1049
1183
1287
1362
1404
1411
1379
1319
1238
1144
1038
933
829
719
609
496
376
244
106
-42
-191
-334
-473
-597
-697
-777
-826
-836
-810
-762
-686
-593
-484
-379
-287
-202
-136
-93
-74
-64
-74
-92
-112
-131
-142
-141
-126
-97
-64
-36
-14
-4
-9
-43
-99
-168
-264
-369
-476
-576
-664
-736
-785
-809
-808
-781
-733
-664
-589
-507
-426
-354
-292
-245
-213
-195
-193
-196
-202
-205
-191
-157
-108
-41
37
119
203
273
321
348
345
306
238
145
37
-75
-189
-286
-367
-428
-465
-472
-455
-424
-379
-320
-262
-202
-141
-79
-20
36
92
148
210
272
339
403
459
520
581
635
687
731
768
797
818
817
806
775
722
655
571
474
363
241
115
-4
-120
-225
-318
-396
-450
-480
-501
-510
-507
-495
-464
-423
-366
-296
-216
-123
-19
104
232
368
509
655
808
962
1107
1229
1330
1411
1469
1513
1546
1562
1562
1541
1502
1441
1358
1260
1147
1012
866
707
541
369
195
28
-132
-288
-435
-587
-743
-918
-1114
-1323
-1542
-1755
-1954
-2121
-2242
-2309
-2328
-2306
-2251
-2176
-2103
-2052
-2031
-2046
-2094
-2164
-2239
-2307
-2346
-2340
-2283
-2166
-2005
-1806
-1590
-1374
-1170
-1005
-878
-790
-740
-717
-690
-641
-551
-412
-205
66
393
763
1164
1571
1967
2336
2660
2921
3113
3245
3318
3349
3339
3308
3254
3190
3133
3081
3034
2982
2932
2869
2782
2673
2540
2373
2171
1936
1672
1384
1086
786
509
255
33
-150
-293
-403
-490
-549
-602
-664
-740
-839
-968
-1119
-1285
-1483
-1689
-1880
-2047
-2181
-2266
-2285
-2253
-2163
-2020
-1847
-1660
-1479
-1312
-1186
-1110
-1095
-1135
-1219
-1314
-1402
-1456
-1464
-1417
-1305
-1136
-915
-672
-416
-175
29
176
254
270
228
140
18
-120
-251
-360
-430
-434
-369
-253
-83
122
342
566
773
942
1068
1137
1148
1109
1030
924
811
700
614
567
563
608
696
821
966
1122
1268
1374
1421
1406
1323
1173
973
746
514
302
123
1
-62
-71
-34
29
103
166
196
176
105
-29
-220
-449
-704
-970
-1216
-1415
-1552
-1619
-1611
-1536
-1424
-1280
-1132
-994
-877
-793
-744
-722
-717
-717
-715
-678
-598
-477
-313
-103
147
413
687
959
1215
1442
1631
1783
1903
1981
2039
2073
2097
2120
2148
2170
2184
2175
2142
2080
1964
1803
1589
1346
1079
807
544
306
104
-52
-165
-240
-299
-353
-436
-573
-758
-1004
-1313
-1672
-2065
-2455
-2803
-3095
-3290
-3380
-3342
-3201
-2980
-2698
-2396
-2112
-1878
-1750
-1737
-1833
-2026
-2292
-2604
-2880
-3080
-3153
-3056
-2773
-2303
-1632
-806
127
1095
2017
2832
3462
3842
3953
3789
3364
2739
1991
1208
477
-133
-563
-778
-779
-596
-262
171
649
1123
1559
1932
2237
2467
2623
2705
2728
2702
2627
2492
2301
2057
1750
1387
978
534
72
-395
-835
-1218
-1527
-1750
-1869
-1875
-1781
-1592
-1316
-966
-566
-132
313
747
1147
1499
1783
1981
2082
2086
2007
1848
1640
1410
1205
1047
958
957
1037
1186
1384
1594
1781
1919
1980
1942
1802
1561
1237
847
405
-61
-534
-997
-1445
-1878
-2300
-2717
-3131
-3545
-3967
-4386
-4786
-5157
-5476
-5731
-5904
-5982
-5960
-5835
-5605
-5288
-4901
-4466
-4005
-3537
-3087
-2660
-2273
-1927
-1615
-1317
-1026
-725
-401
-40
359
793
1253
1728
2190
2621
3002
3323
3581
3767
3879
3936
3946
3931
3912
3901
3912
3948
4002
4064
4122
4160
4159
4111
4002
3839
3631
3383
3117
2847
2583
2345
2126
1934
1758
1585
1408
1212
998
737
421
91
-236
-554
-845
-1094
-1287
-1431
-1522
-1570
-1595
-1610
-1634
-1687
-1776
-1892
-2036
-2187
-2331
-2452
-2537
-2577
-2569
-2505
-2392
-2246
-2078
-1901
-1739
-1608
-1505
-1439
-1407
-1404
-1432
-1473
-1524
-1560
-1573
-1549
-1478
-1365
-1203
-1004
-782
-544
-303
-83
99
246
344
396
409
395
368
336
310
304
326
376
449
543
650
757
855
934
986
1008
999
961
892
799
692
570
439
314
195
91
5
-62
-110
-139
-144
-133
-98
-54
0
61
116
162
197
216
218
201
169
132
93
56
35
44
70
123
202
299
408
523
634
732
812
871
911
933
935
923
897
863
828
793
764
737
719
710
702
699
692
675
653
619
574
515
441
354
261
167
71
-24
-110
-188
-254
-311
-354
-388
-421
-451
-478
-507
-540
-575
-626
-680
-733
-790
-849
-911
-968
-1019
-1061
-1093
-1113
-1126
-1124
-1110
-1089
-1053
-1011
-967
-921
-875
-826
-789
-752
-723
-693
-663
-635
-598
-553
-503
-441
-375
-298
-218
-133
-46
34
113
182
243
294
333
359
377
387
395
397
396
397
402
411
428
453
482
518
559
604
646
686
716
739
751
749
737
713
686
649
606
565
525
490
461
435
418
400
389
386
380
374
365
353
336
320
303
282
263
241
218
192
167
140
117
86
56
30
0
-24
-53
-77
-95
-114
-128
-144
-163
-181
-199
-224
-249
-278
-308
-341
-375
-404
-435
-458
-474
-483
-488
-484
-468
-443
-411
-376
-333
-291
-248
-205
-166
-136
-104
-78
-58
-42
-29
-18
-12
-3
3
8
15
18
15
7
-1
-14
-31
-56
-87
-117
-149
-180
-208
-233
-251
-263
-274
-276
-268
-255
-243
-222
-194
-166
-133
-101
-67
-28
8
41
75
107
139
172
198
215
233
247
250
247
241
224
204
184
162
135
105
75
48
29
6
-7
-15
-16
-14
-8
1
14
32
48
62
77
88
101
116
131
143
151
159
176
188
191
198
201
200
191
176
166
158
146
124
104
83
66
54
40
27
14
9
4
1
2
5
17
27
37
54
72
89
105
123
142
160
175
189
193
199
202
203
206
204
196
187
176
165
148
126
101
74
42
5
-35
-70
-109
-148
-188
-225
-259
-287
-316
-347
-368
-385
-401
-411
-416
-423
-422
-417
-411
-398
-384
-371
-357
-338
-314
-292
-266
-239
-215
-190
-166
-141
-119
-97
-82
-67
-54
-38
-29
-23
-16
-13
-13
-14
-12
-13
-16
-20
-25
-32
-38
-46
-48
-50
-55
-57
-57
-53
-50
-43
-38
-27
-8
14
33
55
85
119
149
183
223
262
296
340
380
419
460
494
528
559
589
612
635
644
656
661
664
656
655
653
627
594
555
507
466
417
356
298
234
169
107
41
-25
-89
-152
-206
-268
-319
-360
-401
-429
-456
-490
-505
-510
-515
-504
-494
-489
-462
-430
-397
-362
-331
-304
-269
-240
-216
-198
-193
-196
-203
-227
-256
-296
-357
-423
-490
-569
-648
-734
-837
-927
-996
-1070
-1123
-1184
-1241
-1257
-1259
-1246
-1211
-1179
-1136
-1054
-957
-844
-719
-595
-458
-303
-144
14
173
336
494
643
782
912
1035
1169
1268
1345
1415
1463
1514
1571
1586
1589
1586
1571
1551
1521
1488
1451
1408
1365
1318
1266
1214
1161
1106
1051
999
947
894
840
786
733
676
622
562
499
431
363
289
212
135
49
-34
-122
-207
-304
-393
-483
-572
-662
-748
-826
-904
-975
-1036
-1092
-1140
-1182
-1213
-1237
-1252
-1257
-1254
-1240
-1223
-1194
-1157
-1117
-1070
-1019
-966
-913
-854
-795
-738
-684
-632
-579
-526
-477
-427
-376
-332
-289
-253
-215
-180
-150
-120
-93
-66
-38
-9
18
49
80
116
150
186
221
259
298
338
377
417
455
493
522
549
578
606
629
650
655
659
670
672
670
660
632
615
599
574
552
524
485
455
429
404
379
351
317
293
270
250
232
209
187
174
159
144
133
113
100
86
72
62
49
33
20
6
-12
-28
-40
-56
-77
-96
-115
-136
-154
-165
-184
-202
-217
-231
-238
-242
-252
-255
-265
-271
-268
-266
-269
-264
-262
-257
-242
-234
-228
-218
-211
-200
-183
-174
-166
-157
-151
-140
-130
-127
-121
-113
-106
-98
-89
-84
-78
-72
-66
-56
-49
-41
-33
-22
-12
0
11
25
39
52
65
72
81
88
93
101
104
103
103
101
98
95
89
82
79
77
73
66
59
53
49
43
37
31
27
23
20
14
15
16
15
20
26
29
36
42
49
54
60
65
69
69
69
71
74
79
75
74
69
67
65
59
53
47
39
32
25
18
8
-1
-9
-18
-25
-36
-42
-47
-52
-57
-58
-61
-60
-57
-56
-55
-55
-52
-52
-50
-54
-54
-48
-48
-45
-41
-39
-37
-32
-31
-27
-21
-16
-16
-13
-9
-5
-3
-4
-4
-4
-1
-1
-1
0
-2
-3
-4
-2
1
0
1
2
6
7
8
11
15
20
22
20
23
25
25
22
21
20
17
18
14
13
11
11
7
4
5
2
-1
-1
-6
-9
-10
-15
-16
-15
-16
-17
-12
-11
-10
-9
-12
-13
-13
-11
-9
-13
-11
-7
-5
-3
-4
-2
0
3
1
1
4
3
6
7
8
8
10
13
11
10
8
8
5
5
5
2
4
6
4
5
5
7
7
5
6
3
0
-2
-1
3
5
1
4
4
3
3
0
-1
-1
-2
-4
-6
-7
-4
-5
-5
-5
-7
-6
-9
-11
-10
-10
-12
-12
-8
-5
-5
-5
-3
-2
-3
-5
-6
-5
-2
-1
-5
-5
-4
-3
-3
-5
-7
-8
-9
-10
-10
-9
-9
-9
-10
-7
-7
-7
-3
-5
-3
-3
-1
2
7
7
7
8
10
12
11
10
14
16
13
11
8
9
7
6
7
6
2
0
3
1
2
0
0
-4
-4
-3
-4
-5
-8
-7
-6
-10
-12
-10
-8
-7
-6
-1
0
1
1
0
1
1
2
3
1
0
1
-1
-3
-3
-1
-1
-3
-4
-2
-6
-5
-3
-4
-3
-4
-6
-6
-4
-3
-4
-4
-1
-1
0
0
-1
3
2
-1
0
2
1
5
7
7
7
7
5
7
8
3
1
0
-1
-1
-4
-6
-6
-7
-10
-7
-7
-7
-5
-6
-5
-7
-5
-6
-5
-4
-5
-5
-2
1
1
2
3
3
3
4
3
4
2
3
2
1
0
4
4
4
5
1
2
4
1
1
3
3
4
1
3
2
-1
-3
-5
-5
-7
-7
-6
-4
-3
-1
0
-2
-1
0
-2
3
-1
0
0
2
4
0
3
-3
-4
-1
-5
-3
-2
-4
-5
-4
-3
-5
-2
-2
-4
-4
-5
-2
-2
0
-1
0
-1
1
0
1
1
2
2
2
5
6
6
4
1
1
3
1
3
3
0
3
3
3
-2
-2
-3
0
-3
-3
-4
-6
-2
-2
-4
-4
-4
-3
2
1
-3
-5
-1
-1
-2
-1
-3
-4
-4
-5
-6
-4
-6
-6
-4
-4
-4
-2
-3
-2
-2
-1
1
1
-1
2
4
0
1
-1
-1
0
-3
-1
-1
1
1
2
5
7
6
7
9
4
3
3
3
3
3
2
0
0
-2
-2
-2
-3
-4
-1
-3
-4
-1
-1
0
0
0
-1
3
2
-1
-2
-2
-2
-3
-2
3
2
2
5
5
5
4
7
6
2
3
3
1
1
0
-1
-3
-6
-8
-8
-9
-8
-9
-7
-7
-10
-11
-9
-5
-6
-6
-8
-5
-4
-5
-4
-3
-3
0
0
3
5
7
10
6
7
7
9
8
3
6
3
3
-1
0
-1
-4
-3
-2
0
-3
-1
1
1
1
-1
-2
-6
-5
-3
-6
-2
-2
-3
-1
0
1
1
1
3
5
3
0
