SAMPLES:	8304
BITSPERSAMPLE:	16
CHANNELS:	1
SAMPLERATE:	16000
NORMALIZED:	FALSE
-6
-7
-6
-2
-1
-3
0
-1
0
1
-1
0
0
-1
-1
-5
-3
-4
0
0
1
3
5
8
7
10
9
3
2
3
1
2
2
6
9
11
11
12
10
6
3
1
2
-3
-6
-3
-4
-3
1
2
1
4
5
7
4
0
1
-3
-4
-3
0
-3
-7
-4
-2
-1
1
0
-2
-2
-5
-4
-6
-6
-8
-6
-6
-6
-3
-3
-1
0
-1
0
-2
-3
-5
-5
-6
-9
-7
-4
0
3
5
4
4
4
7
2
1
1
-1
1
-3
-1
2
4
4
5
7
8
9
5
1
-2
-5
-5
-5
-5
-3
-1
1
4
3
5
4
-1
3
0
1
-1
-4
-5
-6
-1
0
0
2
0
4
6
1
5
1
-1
1
2
3
5
3
6
7
5
6
6
4
3
1
-7
-5
-3
-3
-4
-5
-3
4
4
5
4
1
-2
-3
-2
-6
-7
-6
-9
-9
-3
-4
1
2
0
1
0
-2
-4
-1
-5
-5
-3
-4
-5
-4
1
0
1
5
2
0
-4
-4
-4
-2
0
-3
-1
-2
2
2
5
8
5
2
2
1
-3
-4
-2
-2
-3
2
2
4
3
6
7
8
7
6
6
2
-1
-2
-2
-2
1
1
3
5
5
7
5
2
0
-4
-4
-5
-8
-3
1
1
3
3
2
5
2
-1
-4
-6
-8
-7
-6
-6
-4
-2
-2
-3
3
2
1
-1
-1
-3
-2
-4
-8
-3
-6
-2
1
2
5
7
7
5
5
4
0
-3
-1
-1
-4
-4
-2
1
5
4
5
3
5
5
5
4
1
-2
-5
-4
-4
3
2
2
1
3
2
2
0
-3
-3
-4
-7
-6
-8
-7
-3
-3
0
1
2
3
-1
-1
0
-1
-3
-7
-3
-1
3
2
2
2
2
5
2
1
-1
0
-2
-4
-4
-2
1
3
4
5
7
5
3
1
-1
-3
-3
-3
-5
-4
-3
-3
0
6
4
4
0
2
0
-2
-1
-2
-2
-4
-1
-1
2
2
2
6
7
4
1
3
2
-2
-4
-5
-4
-1
1
3
2
1
4
5
4
3
2
0
-1
-5
-5
-4
0
-1
-1
4
4
4
3
2
3
-2
-4
-7
-5
-5
-6
-4
-2
1
3
2
2
2
2
2
-3
-2
-5
-6
-3
-5
-6
-1
2
5
4
-1
1
-2
-4
-5
-8
-7
-5
-4
-2
2
2
2
4
6
6
4
3
0
1
-2
-2
0
0
1
2
4
4
4
4
1
0
0
-2
-4
-3
0
-4
-3
1
2
7
9
8
4
5
4
0
1
1
2
1
0
-1
3
2
4
4
3
-1
-2
2
-5
-4
-5
-4
-7
-9
-6
-2
2
5
5
4
4
2
-5
-5
-5
-5
-5
-6
-3
-1
1
-1
0
1
1
0
1
-4
-5
-4
0
1
2
2
3
6
6
4
3
1
-3
-3
-4
-5
-4
-6
-2
-1
-2
1
2
4
2
0
-1
-2
-4
-2
2
0
2
3
4
4
4
2
1
4
3
-1
-1
-4
-2
-1
-3
-1
2
3
3
3
4
3
6
1
2
3
1
0
-5
-5
-3
2
1
4
3
3
2
1
-2
0
2
-1
-1
-1
-4
1
4
4
4
1
0
-1
-3
-2
-2
0
-3
-1
1
-1
-1
1
0
0
-1
0
-2
-6
-5
-5
-3
-4
-4
-5
-3
2
1
-1
2
2
0
-3
0
-4
-6
-4
-6
-2
-2
-2
-1
-2
1
3
3
7
4
1
-4
-10
-5
4
8
4
9
16
9
-1
6
8
-1
2
1
-3
3
7
-7
-15
-5
5
12
9
4
2
-7
-21
-7
11
6
-16
-16
5
10
5
2
15
8
-3
-5
-8
-5
9
1
-19
-15
-1
8
16
4
-11
5
28
7
-27
-31
-14
28
46
-14
-54
3
34
-21
-35
31
55
3
-32
-14
23
9
-36
-22
26
22
-16
-36
-39
10
57
23
-1
28
12
-36
-56
-76
-46
24
32
33
65
80
88
14
-104
-65
-103
-235
-41
-68
-309
1008
2292
-374
-3721
-1523
2594
1819
-1259
-921
1472
1315
-1224
-2164
-11
1794
501
-1335
-448
1381
800
-1109
-1011
709
856
-593
-843
364
777
-19
-468
-81
304
122
-341
-383
189
542
88
-381
-102
274
-10
-376
-85
360
192
-219
-163
141
144
-112
-223
-34
238
231
-95
-244
11
148
-88
-177
110
236
12
-119
10
69
-68
-127
33
148
21
-118
-29
88
6
-97
-34
95
84
-51
-51
103
76
-144
-193
-24
160
155
-46
-66
48
-28
-42
-32
-278
197
900
-333
-1495
394
1688
-449
-1539
361
1223
-123
-891
-206
622
475
-443
-609
324
649
-217
-612
123
515
-175
-521
250
612
-162
-523
132
412
-86
-320
-24
159
58
-37
-72
-31
119
136
-119
-205
73
174
-75
-150
85
146
-55
-155
-32
110
92
-58
-119
68
195
-54
-252
46
247
-113
-259
195
286
-247
-305
274
331
-271
-342
252
346
-225
-337
190
295
-183
-306
126
316
-32
-278
-4
268
8
-282
-4
327
43
-377
-140
341
149
-318
-75
362
32
-343
27
270
-126
-249
200
338
-158
-463
38
552
69
-589
-152
574
292
-410
-398
185
485
28
-545
-225
476
322
-348
-384
174
446
11
-477
-150
446
212
-380
-240
255
201
-145
-132
72
68
-12
19
6
-103
-39
165
109
-168
-155
150
184
-120
-200
68
202
18
-164
-66
127
63
-118
-48
77
5
-35
19
-55
-78
121
116
-156
-108
180
72
-165
-50
82
7
28
36
-101
-68
151
106
-189
-158
202
230
-139
-209
52
113
-2
-72
-95
93
233
-140
-341
246
450
-349
-542
355
564
-260
-540
78
514
128
-536
-329
576
567
-499
-735
341
903
-102
-1075
-169
1184
364
-1236
-417
1221
354
-1196
-268
1198
274
-1176
-342
1114
356
-1136
-359
1192
368
-1237
-405
1233
482
-1229
-625
1214
829
-1123
-956
951
873
-809
-659
690
398
-507
-85
313
-237
-193
496
183
-664
-203
819
238
-1023
-363
1132
522
-1087
-625
1028
749
-1031
-910
1093
1020
-1180
-993
1130
792
-795
-481
113
92
681
272
-1243
-440
1511
494
-1539
-639
1398
897
-1232
-1225
1134
1510
-1058
-1638
979
1636
-775
-1576
432
1513
-9
-1477
-431
1443
826
-1409
-1063
1375
1201
-1277
-1237
1137
1251
-1029
-1362
937
1527
-790
-1679
545
1811
-174
-1936
-301
2019
705
-2027
-924
1998
893
-2059
-832
2185
863
-2326
-968
2389
1118
-2287
-1267
1952
1321
-1507
-1362
1164
1467
-1013
-1714
926
1950
-791
-2000
638
1897
-437
-1699
232
1509
-104
-1362
144
1286
-321
-1228
526
1137
-678
-1038
750
993
-699
-945
604
860
-641
-802
819
822
-1011
-901
1125
1078
-1094
-1173
1077
1032
-1152
-544
1312
-187
-1473
951
1502
-1544
-1378
1901
1159
-1929
-1007
1687
1004
-1403
-1125
1192
1133
-1145
-893
1088
522
-932
-319
734
363
-549
-505
471
437
-458
-2
456
-671
-588
1256
864
-1363
-1133
1161
1247
-1126
-1039
1317
737
-1711
-571
1883
730
-1916
-854
1787
593
-1477
-95
1197
-205
-989
164
709
-126
-49
284
-864
-404
1480
417
-1523
-223
1277
-108
-1089
411
1220
-506
-1443
57
1508
704
-1245
-1170
620
1266
61
-1120
-605
1109
717
-1322
-562
1448
581
-1381
-852
834
1292
148
-1568
-1210
1606
1919
-1454
-2030
1056
1906
-705
-1863
585
1597
-386
-1160
-86
618
1060
-400
-1894
211
2477
-147
-2664
66
2498
236
-2134
-896
1705
1914
-1419
-2882
1173
3636
-895
-3809
342
3330
607
-2792
-1577
2381
2373
-2202
-2618
1688
2723
-962
-2755
434
2476
210
-2484
-475
2362
957
-2690
-870
2301
1218
-1833
-1355
1285
1142
-989
-359
655
-499
186
421
-907
-44
1749
-493
-1997
354
2225
-337
-1633
1
767
349
-5
-1049
239
1352
-880
-1237
1102
1117
-874
-1182
450
1609
-488
-1922
417
2535
-722
-2925
845
3183
-951
-2795
437
2394
466
-2287
-1319
2758
1536
-3302
-1146
3470
625
-3321
-325
3182
448
-3476
-477
3807
612
-4326
-456
4413
564
-4398
-693
3658
1455
-2908
-2496
2762
2956
-2915
-2608
3081
1504
-2503
-1075
2348
581
-2134
-405
2198
341
-2447
-218
2611
151
-2522
17
1587
662
-1381
-858
1584
428
-2143
761
2343
-1765
-1896
1559
1504
-361
-1377
-1260
2098
1661
-2676
-911
2554
-256
-1928
1207
1062
-1369
-448
876
507
-239
-1372
439
1739
-726
-1529
651
1180
-258
-1547
826
1655
-1880
-1402
2879
1319
-3905
-1029
4359
736
-4534
-210
4220
22
-4305
631
4271
-1529
-3855
1785
3520
-1295
-3475
670
3593
-1060
-2670
1671
1008
-2031
426
2074
-754
-2481
503
2545
247
-2098
-1378
1475
2953
-1869
-3493
2403
2758
-2332
-1547
2375
-264
-1800
1401
1548
-2092
-1072
1218
1634
-567
-1252
-289
-250
1404
1806
-1753
-3554
1615
5058
-766
-6683
1075
6169
-1131
-4278
959
1291
-100
1490
-466
-3459
381
4170
380
-3787
-1580
3022
2369
-1802
-2629
502
2223
521
-1499
-1023
423
1290
839
-1259
-1949
512
3012
-71
-3262
55
2246
231
-384
-1099
-1141
1910
1473
-1291
-2164
806
2489
-213
-2727
-205
2334
529
-1788
13
643
-580
652
901
-1387
-1590
1562
2861
-2104
-3736
3169
3628
-4667
-2042
5243
-223
-4298
2318
2220
-3144
-117
2846
-1522
-2413
3005
2081
-5041
169
5500
-3171
-4232
5347
1945
-5738
108
5004
-1513
-3963
2830
2203
-3394
-553
3438
-321
-3131
-67
4033
-280
-5431
2139
6083
-4670
-4911
6160
2399
-6064
399
4793
-3064
-2683
4763
528
-4890
414
4133
-151
-3593
-605
4178
80
-4466
1013
4422
-2774
-3145
3810
1638
-4313
428
3731
-2391
-1911
3008
-182
-2677
2248
1453
-3357
-51
3214
-1115
-1376
625
-73
249
736
-345
-1618
-258
3398
164
-4599
-171
5411
448
-5429
-1658
5271
2718
-4053
-3949
2314
4984
-497
-5256
-1046
4774
1909
-3149
-2781
1299
3244
1040
-3941
-2327
3505
2892
-1582
-3274
-1613
4308
4175
-4755
-5983
4740
5903
-2859
-5684
445
5818
1709
-6230
-2945
6210
2772
-5198
-2025
3768
515
-676
-185
-2213
114
4015
394
-5094
-684
5475
182
-4595
-83
2973
459
-1249
-1231
426
1500
617
-2253
-1376
2782
1705
-2190
-1993
1314
1533
269
-1697
-668
651
1698
290
-2347
-1270
2659
1530
-1851
-1915
790
2705
-621
-2159
-168
1133
554
804
-1089
-2083
866
3553
-1203
-3975
1028
3708
-609
-2455
-146
848
901
933
-1684
-2444
2393
3012
-2140
-3350
1752
3010
-842
-2691
84
1572
1476
-988
-2430
496
2732
280
-2359
-1685
1992
2244
-1685
-1212
510
594
937
-904
-2594
2096
2491
-2189
-1398
1775
-299
-535
1025
-734
-1321
1190
2061
-1029
-2266
262
2935
-842
-3445
1468
3486
-1060
-2373
-436
1807
1836
-2639
-2337
2905
2980
-2960
-3126
3292
3081
-4615
-2403
5268
1427
-5045
423
4470
-2584
-3062
3409
766
-3271
1463
2119
-1761
-451
1317
-904
-506
666
-431
344
691
-690
-574
1013
449
-1634
-720
2832
710
-3978
173
4795
-1529
-5564
3077
4910
-3689
-4000
4533
2696
-4128
-1978
3081
801
-1361
328
-592
-667
1204
1457
-1424
-1276
334
1969
-285
-1402
-708
1377
1170
-1560
-1565
1533
2434
-1776
-2630
1398
3055
-1359
-2651
354
2409
-306
-1631
270
1355
420
-1822
-1149
2221
1257
-1765
-1182
711
1368
919
-2413
-2543
3779
3607
-5420
-3139
5954
2427
-5177
-1866
3706
1562
-1973
-1683
1112
1052
-697
-168
795
-376
69
-331
-977
562
1313
-675
-565
1297
-233
-1938
474
1621
-149
-880
-1114
1131
2740
-1914
-3754
2798
3707
-3290
-3122
3263
2353
-2988
-1634
2605
888
-1760
-434
951
376
-995
-892
2152
688
-2941
249
2947
-1052
-2245
1091
1670
-927
-2038
1061
2801
-1535
-3301
2382
2678
-3075
-2009
3508
1418
-3553
-890
3305
238
-2820
-7
2771
-173
-3229
885
3036
-1027
-2194
804
1564
-318
-1560
277
1182
224
-57
-942
-768
1327
990
-1105
-559
103
525
980
-978
-2360
1312
3024
-1088
-3228
445
3368
97
-3904
-659
4350
947
-3907
-591
3140
-170
-2576
1364
2548
-2303
-2942
3049
3584
-2850
-4277
2097
3930
-1617
-3034
1764
3027
-1758
-3897
1185
4079
-1416
-3117
1700
2223
-1418
-1835
454
1563
-451
-1869
1073
3588
-1101
-4775
474
4252
-165
-2913
140
2691
-334
-2981
928
3129
-2202
-3384
2801
3010
-2860
-2036
3244
682
-4305
-487
4414
841
-3201
-1552
1986
2636
-1056
-3352
567
3412
-322
-2387
1434
2318
-1797
-2436
1826
2212
-1347
-1434
1606
565
-2101
-104
2273
-1091
-2367
1719
1344
-2192
-775
1444
-343
-751
673
-113
-1410
545
1473
-578
-1669
-25
1159
574
-47
-213
-347
-100
143
-65
788
1083
-652
-1825
976
2950
-529
-2977
680
1748
-653
1097
2178
-2201
-2926
1812
3408
108
-2493
-548
2201
274
-2138
832
2827
-1713
-4336
1103
5446
691
-5459
-2694
3550
2105
-2744
-926
2672
-326
-3891
-141
4252
954
-4500
-2272
3916
2461
-3682
-1735
3330
-229
-4263
799
4801
-181
-5001
-1535
3281
1522
-2383
-1481
1329
787
-1159
-163
1177
-159
-1421
-618
995
1936
640
-1398
-1145
661
1485
514
-784
-206
1318
838
-764
-310
1123
-121
-2008
265
3041
727
-2208
-1021
954
341
-1075
-543
1057
420
-1043
-339
1060
224
-1861
-1635
1403
1988
-1147
-1749
1043
810
-1575
-564
1390
374
-949
-501
451
1113
524
-1224
-1062
1453
1935
-388
-1127
522
854
-513
-649
504
423
-594
-599
234
771
725
-155
-643
711
1552
-380
-1450
313
888
-359
-272
395
-196
-726
-121
864
1052
64
-925
-290
1598
2069
76
-1753
-960
1299
1669
146
-65
341
-667
-723
741
1102
-84
-1489
-925
1636
1808
-842
-1411
-87
-434
-1206
-336
621
22
-1641
-2012
192
1442
-699
-2024
-304
555
-501
-715
-201
-622
-1288
-1028
-213
365
-51
-1469
-1682
-36
384
-955
-1331
-896
-1178
-1455
-1009
-642
-1165
-2174
-2100
-333
679
-1087
-2476
-369
1438
-413
-1913
-492
335
-638
-894
71
580
-791
-2881
-2305
506
1309
-186
-878
-811
-2279
-3465
1623
13433
21574
17322
7163
4306
9821
13068
9952
7825
10462
11696
8474
6145
5987
1472
-7631
-11570
-6213
-189
-1457
-7045
-10560
-11564
-12813
-13772
-12337
-9969
-9407
-9142
-5775
-920
133
-3009
-4770
-2188
2015
5295
7269
7038
4453
2099
2147
3528
3796
1873
-987
-2097
-1083
-1318
-4637
-8031
-8749
-7869
-6640
-4949
-4453
-6755
-9400
-8981
-6325
-4255
-3439
-3120
-2720
-1538
-156
53
-295
755
2510
3172
3381
4092
3353
992
144
1463
1507
-926
-3145
-3521
-3559
-4053
-4593
-4326
-4602
-5567
1405
19583
32495
20742
-2968
-5154
15974
25411
12072
4454
16254
23189
11089
622
5685
7825
-6395
-19252
-9911
9187
8974
-11318
-24105
-17060
-8813
-14296
-19908
-12261
-3305
-6294
-11837
-6269
2583
-439
-10976
-11731
1535
14608
13986
5165
1769
5097
5260
734
601
6159
7035
945
-2168
1702
2718
-5332
-13637
-11948
-3739
324
-2359
-5633
-6109
-5712
-4885
-2553
-657
-1838
-3349
-884
3577
4464
1002
-2015
-1033
2310
4898
5656
4644
2072
-622
-628
2076
3129
203
-3098
-2969
-1242
-1724
-4098
-5844
-6258
-5415
-3538
-1650
-1828
-4175
-5965
-4967
-2378
-576
-795
-1786
-2580
1016
14383
30165
29087
8565
-5137
7144
24695
20718
6656
8197
18966
14739
-574
-3871
3307
-917
-16990
-20485
-3097
9177
-3569
-23531
-24136
-10920
-7631
-14977
-13324
-1444
2617
-4879
-6941
2668
8564
1082
-6678
-174
14404
18827
9604
1029
1747
3846
84
-3227
547
4284
-574
-8151
-8233
-3890
-5700
-12786
-14152
-7289
-1135
-41
57
152
-3150
-6416
-2920
3913
5459
2650
1758
2769
2225
742
44
-308
-54
1440
2998
3421
2107
-1495
-4969
-4022
-128
484
-2509
-3933
-3402
-4541
-6355
-5668
-4029
-3463
-2550
-870
-427
-1463
-2278
-2212
-1404
-117
1612
8915
24014
32767
20403
-434
-1471
16188
22700
10891
5040
14484
18342
5058
-7350
-4959
-1329
-10235
-19996
-12363
4007
3521
-14610
-24861
-16385
-7082
-9960
-12239
-2825
6458
3437
-3454
-824
6813
6406
-646
-1022
9323
18082
13788
2953
-1670
-209
-1348
-5142
-4080
889
349
-6913
-11858
-9979
-7886
-10995
-13621
-8874
-903
1551
-1177
-1719
1041
2190
2138
4994
8565
7430
3469
2514
3689
2434
-313
-887
373
861
60
-1023
-2172
-3367
-4129
-3623
-1573
-75
-1706
-5093
-6422
-4993
-3937
-4215
-3782
-2522
-1710
-1180
-515
-394
-981
-1037
-124
641
605
803
7335
22575
32597
21063
-1217
-5002
12933
22663
11810
3082
10587
15886
3882
-9463
-7155
-951
-7724
-18753
-13764
2719
4975
-11865
-23713
-16152
-4758
-5504
-8706
-1251
8030
5680
-2554
-1788
6676
9023
2589
-390
7158
15524
12012
819
-4803
-2842
-2336
-5620
-5588
-1155
-908
-7791
-13658
-11990
-7754
-8021
-10173
-7290
-227
3527
1738
120
2101
4721
5979
7668
9615
8113
3305
238
857
1440
-289
-1878
-1500
-1284
-2762
-4343
-4493
-4114
-4221
-3653
-1524
-5
-1650
-5146
-6322
-4077
-2062
-2352
-2709
-1488
-225
-292
-511
-37
0
-706
-769
444
1281
2123
9779
24997
31484
16155
-4456
-2756
16266
21786
8926
3061
12181
14146
-803
-11867
-5990
-265
-9536
-19538
-11007
5005
2792
-15343
-23113
-12430
-2766
-5530
-6988
2455
10076
4599
-3798
-702
8670
9450
1964
122
8597
14858
8383
-2855
-6320
-3509
-3878
-7377
-6335
-1697
-2437
-9756
-14598
-11671
-7099
-7232
-8528
-4955
1150
3091
1674
3475
7815
8451
6034
6657
9593
8296
3027
-82
-175
-722
-2283
-2900
-2985
-4086
-5599
-5901
-4608
-2734
-2143
-2611
-2095
-947
-1631
-3858
-4126
-2084
-1195
-1909
-1899
-920
-524
-770
-498
160
146
-476
-1094
-1321
-1192
2377
14989
30253
29104
7931
-7753
2077
19320
17709
5764
6494
15130
10087
-5998
-11020
-3001
-2133
-13829
-18652
-5391
6955
-1227
-18148
-20540
-9423
-3466
-5770
-3031
6525
9847
2505
-3339
1424
8974
8018
1790
1959
9586
12654
4898
-4587
-6880
-5169
-6011
-7594
-5287
-2275
-4986
-11795
-14544
-10573
-6174
-6069
-6409
-2643
2509
3898
2752
5037
10400
12219
8941
6329
6636
5167
792
-1467
-888
-1782
-4186
-4850
-4497
-5741
-7194
-6467
-4371
-2229
-727
-582
-1131
-1497
-2605
-4182
-3181
-101
430
-1853
-2515
-953
-264
-431
110
215
-1033
-1996
-1956
-1954
717
12069
28004
31057
13575
-5041
-1581
15540
19369
8632
5828
14410
13033
-3073
-11953
-4623
-398
-11091
-19503
-9261
5599
2050
-14700
-20989
-11925
-4580
-6113
-4336
5745
11334
4536
-3203
-38
8119
8911
3120
1717
7787
11972
6741
-2382
-6644
-6336
-6887
-8202
-6218
-2693
-3796
-10349
-15176
-13029
-7773
-5478
-5249
-2491
2240
4776
4676
5417
7696
9013
8542
7806
7656
6276
2514
-1743
-3744
-3645
-3578
-3907
-4013
-4586
-6022
-6429
-4848
-2762
-1614
-1058
-628
-907
-2013
-3159
-2971
-1609
-888
-1525
-1746
-359
588
-319
-1286
-938
-1064
-2122
-2107
-1042
1361
10505
26251
32054
16201
-4079
-2985
13893
19367
9970
6956
14916
13306
-3546
-13671
-5559
1287
-8985
-19834
-11116
4792
2402
-14122
-20103
-11065
-5124
-7907
-5189
6950
13181
4903
-4301
-1040
7990
9174
3699
2911
8226
10269
4665
-1943
-4454
-5613
-8344
-9683
-6469
-2380
-3367
-9720
-14865
-13865
-8997
-5015
-2727
-293
1662
2200
3491
7395
10670
9589
6423
5691
6916
6049
2618
-1012
-3707
-5628
-5925
-4144
-2635
-3614
-6342
-7575
-5600
-2363
-666
-770
-1186
-1819
-3005
-3010
-948
239
-1462
-3477
-2350
558
1500
362
-959
-1649
-2198
-2503
-2009
258
8330
22833
31543
21374
1434
-3719
9766
18456
11646
6867
14544
17014
1410
-13488
-8899
1161
-5167
-18807
-15252
1796
4912
-10782
-20845
-13176
-4907
-8403
-9533
2911
14477
9035
-3610
-4008
6170
10254
4698
2008
7765
12057
6913
-920
-3153
-2833
-6268
-10732
-9091
-2989
-879
-6510
-14071
-15734
-11590
-7495
-5447
-1987
3064
5142
4534
6253
9081
7704
3784
3550
6496
7107
4527
716
-3343
-6427
-7052
-5437
-3046
-1363
-2356
-5206
-5630
-3056
-1717
-2352
-2040
-1249
-2392
-3386
-1964
-1103
-2734
-4347
-3308
-486
1843
1988
-449
-2800
-2797
-1865
-1519
1561
12570
27711
31856
17109
-1330
-1499
12918
18066
10151
8525
17116
15259
-2911
-14247
-6488
1008
-8341
-19536
-12120
3634
2578
-13761
-20962
-12155
-5923
-10057
-8485
5773
15157
6843
-5239
-3584
6537
9526
4584
3456
9233
12009
5949
-1434
-2830
-2223
-5922
-10571
-8893
-2578
-247
-5854
-13597
-15512
-11368
-7200
-5640
-3088
1648
4234
3829
5153
8632
8890
4920
2409
4114
6283
5387
1625
-2497
-4975
-5702
-5115
-3288
-1264
-1656
-4479
-5756
-3836
-1940
-2074
-2688
-2815
-3020
-3004
-2394
-2461
-3527
-3971
-2943
-896
1128
1478
-371
-2221
-1929
-937
13
6612
21531
32522
24801
5052
-3036
7468
17143
13215
8430
14308
17505
4103
-11634
-9911
394
-2746
-16288
-17313
-3009
3914
-6820
-18125
-15509
-8757
-10344
-11889
-1658
11604
11207
-460
-5782
793
7805
7255
4710
7099
10987
9211
3020
-864
-905
-1887
-6256
-9259
-6458
-1121
-905
-7815
-14541
-14172
-8660
-4131
-2202
-396
1206
571
-728
723
4610
6791
5269
3238
3598
4753
3448
-91
-2584
-2913
-2218
-965
600
980
-1374
-4998
-6652
-5437
-3174
-1979
-2127
-2702
-3616
-4763
-5354
-4743
-3408
-2614
-2092
-1052
-312
-899
-1984
-1758
-407
2903
12669
26898
31654
18586
1917
1346
12297
15850
11207
12692
19424
14327
-3172
-12109
-4583
1121
-8201
-18167
-11983
105
-1403
-12940
-16582
-11172
-10795
-15849
-11883
2849
11960
6255
-3052
-3363
2251
4876
4684
7222
11569
11648
6889
2883
2096
1384
-1838
-5703
-6842
-4392
-1097
-1448
-6502
-11891
-13507
-11971
-9113
-4690
365
2635
1254
-529
-508
422
1120
1818
3087
4732
5634
4483
1676
-940
-2443
-2721
-1169
1727
3309
1828
-1342
-4123
-5893
-6297
-5024
-3138
-2301
-3067
-4680
-5911
-6137
-5742
-5068
-3655
-1750
-854
-1087
-888
225
3385
11982
24065
28317
18516
6390
6475
14453
16337
12219
13053
17837
13683
-38
-7508
-1999
2293
-6111
-16250
-13369
-3959
-3950
-12102
-14756
-10628
-10776
-16204
-15074
-3700
5930
4271
-2325
-3112
1471
3972
3422
5156
9746
11526
8304
4662
4357
5252
3301
-1640
-5442
-4589
-1022
-191
-3626
-7450
-9187
-10624
-12199
-10601
-4847
428
879
-1832
-3034
-1687
-658
-990
-106
2986
5151
4267
2658
2395
1795
-435
-1897
-268
2747
3786
2103
-434
-2498
-4415
-6026
-5798
-3650
-2296
-3559
-5609
-6108
-5597
-5523
-5474
-4562
-3221
-2204
-1596
-988
1629
9301
20275
25546
19166
8724
6690
12806
16041
13544
13694
18255
16847
5615
-3373
-938
3780
-1366
-11179
-12242
-5330
-3178
-8951
-12842
-10564
-9955
-15149
-17728
-10729
-833
1699
-2219
-4235
-1854
337
163
974
4850
8589
8602
6177
5109
6151
6366
3459
-940
-2907
-1057
1259
418
-2323
-3779
-4863
-8101
-11086
-9369
-4511
-2007
-2685
-2943
-1850
-1814
-3384
-4171
-2589
160
1852
2048
2303
3085
2558
294
-891
592
2381
2400
1790
1518
393
-1934
-3684
-3700
-2926
-2749
-3314
-3706
-3448
-3412
-4166
-4531
-3676
-2859
-2987
-2910
-1473
1970
8563
16661
19763
14440
7242
6285
9795
10968
9988
11913
15449
13711
6275
1333
3033
4572
-608
-7518
-7704
-3208
-2364
-5598
-6568
-4855
-6373
-11776
-14380
-10573
-4827
-2638
-3552
-3749
-2335
-1624
-2355
-2370
-469
1631
2219
1963
2419
3906
5110
4257
1323
-1122
-998
268
290
-261
336
728
-1417
-4664
-5511
-3827
-2620
-3077
-3441
-2612
-1728
-1836
-2226
-1882
-1218
-1347
-2012
-1570
430
2111
1917
900
748
1144
954
445
402
450
-148
-1027
-1241
-671
-262
-841
-1912
-2254
-1722
-1305
-1236
-782
-70
-136
-944
-1378
-1125
-713
383
3556
8309
11444
10518
7261
5474
5828
5655
4280
4423
6827
8015
5888
3281
3171
3999
2626
-605
-2663
-2403
-1710
-2003
-2112
-991
-281
-1828
-4452
-5617
-4961
-4051
-3765
-3673
-3216
-2510
-2136
-2349
-2529
-2064
-1521
-1918
-2945
-3092
-1726
-102
201
-670
-1293
-1252
-1509
-2187
-1959
-531
462
168
-86
652
1210
402
-974
-1479
-1014
-541
-568
-693
-564
-580
-1021
-1083
-127
862
701
54
179
701
557
-5
-132
43
-157
-737
-1153
-1120
-908
-923
-1073
-865
-306
1
-99
-92
213
436
449
467
389
-86
-833
-1230
-387
2388
6273
8550
7359
4449
3045
3524
3790
3230
3270
4232
4510
3362
2351
2916
3946
3294
1017
-709
-831
-452
-443
-175
712
1084
-86
-2051
-3138
-2794
-2106
-2232
-2958
-3276
-2924
-2562
-2614
-2790
-2765
-2761
-3197
-3897
-3998
-3047
-1916
-1824
-2578
-2891
-2386
-1967
-2054
-1853
-878
35
32
-287
253
1457
1946
1267
505
469
614
361
124
295
361
-134
-637
-412
271
520
170
-34
268
519
309
48
55
-46
-491
-837
-716
-387
-245
-328
-422
-345
-109
117
306
597
840
691
287
71
-38
-455
-1192
-1808
-1532
592
4266
6913
6240
3452
1732
1993
2547
2461
2699
3784
4429
3494
2105
2249
3637
3897
2177
450
391
1040
872
377
807
1557
818
-1410
-2905
-2348
-1226
-1550
-2967
-3691
-3390
-3278
-3780
-3951
-3315
-2759
-3140
-3979
-4127
-3267
-2285
-2101
-2484
-2487
-1912
-1515
-1577
-1334
-359
481
346
-159
116
1077
1579
1231
866
998
985
299
-398
-367
-97
-343
-717
-385
403
691
306
3
187
408
298
210
545
944
820
302
14
77
10
-344
-499
-107
420
526
344
388
630
553
52
-354
-415
-548
-1086
-1788
-2266
-2018
-250
2989
5576
5263
2911
1499
1906
2323
1983
2331
3785
4468
3395
2417
3310
4821
4526
2491
1008
1048
1230
658
444
1288
1621
-16
-2357
-3110
-2252
-1729
-2525
-3702
-4155
-3964
-3768
-3689
-3381
-2863
-2664
-3070
-3577
-3418
-2530
-1718
-1723
-2232
-2271
-1629
-1130
-1103
-820
-19
352
-229
-726
-111
1054
1520
1116
687
648
526
41
-242
28
183
-300
-694
-187
640
748
332
334
798
979
747
689
982
1092
723
298
255
390
249
-146
-326
-103
161
163
95
187
236
-24
-409
-597
-676
-981
-1546
-2080
-2438
-2519
-1616
974
4179
5471
4048
2165
1899
2451
2330
2201
3360
4848
4741
3450
3240
4601
5349
3879
1550
527
691
497
-54
301
1158
517
-1830
-3537
-3147
-2108
-2326
-3524
-4204
-3942
-3518
-3404
-3230
-2721
-2358
-2699
-3446
-3692
-2998
-1931
-1455
-1813
-2234
-1982
-1371
-1093
-950
-309
428
252
-570
-539
782
1928
1670
762
597
1044
960
286
4
237
101
-461
-401
525
1091
537
-142
182
994
1178
886
946
1215
982
395
207
472
538
70
-542
-712
-392
-128
-219
-338
-239
-272
-636
-919
-846
-780
-1108
-1684
-2190
-2591
-2778
-1919
839
4470
6145
4679
2467
2124
2885
2764
2354
3420
5087
4947
3310
2959
4655
5740
4127
1305
-40
202
226
-222
197
1231
742
-1698
-3688
-3484
-2350
-2333
-3481
-4389
-4286
-3648
-3182
-2943
-2625
-2393
-2801
-3789
-4339
-3583
-1967
-939
-1272
-2049
-1939
-1120
-710
-689
-111
773
651
-450
-802
512
2084
2114
1068
890
1710
1666
420
-143
409
299
-768
-881
427
1324
843
82
177
834
1040
573
407
1009
1224
352
-277
240
539
-396
-1365
-1282
-794
-653
-655
-516
-344
-346
-650
-995
-863
-449
-613
-1381
-1869
-1975
-2437
-2795
-1247
2573
6099
6414
3982
2136
2549
3314
2767
2576
4401
6173
5289
3324
3624
5712
5978
3245
339
-243
446
273
-351
240
1169
-110
-3267
-4974
-3883
-2402
-2810
-4366
-5108
-4530
-3659
-3400
-3458
-3102
-2668
-3180
-4377
-4549
-2916
-919
-417
-1334
-1954
-1351
-545
-578
-618
432
1554
1092
-174
22
1813
2954
2225
1031
1008
1651
1569
903
744
790
-94
-1310
-1120
292
909
67
-741
-414
307
428
236
475
845
491
-299
-372
244
215
-843
-1681
-1439
-821
-647
-701
-563
-463
-726
-1068
-930
-406
-266
-906
-1703
-2004
-2219
-2987
-3466
-1609
3040
7515
8020
4780
2110
2527
3745
3469
3588
6197
8733
7578
4321
3655
5960
6617
3279
-423
-578
1243
1297
-59
-30
665
-1294
-5540
-7715
-5879
-3136
-2905
-4678
-5766
-5295
-4716
-4983
-5102
-4110
-3007
-3244
-4231
-3936
-1755
433
488
-1201
-2096
-946
592
882
949
2132
3064
1864
-101
156
2543
3848
2576
1012
1389
2352
1536
-275
-775
-461
-1418
-2878
-2311
-218
346
-1282
-2583
-1876
-412
17
-338
-59
772
608
-534
-755
148
-22
-1717
-2502
-1299
-39
-119
-620
-674
-780
-1300
-1605
-1103
-271
-361
-1758
-3146
-3474
-3714
-4276
-2109
5236
13165
13580
6181
172
1766
6241
7189
7048
10873
14992
11965
4203
1655
6019
8017
2742
-2550
-758
3716
3014
-1581
-3656
-3468
-6351
-11605
-12373
-6835
-1665
-2587
-7257
-10001
-9375
-7975
-7268
-6016
-3419
-1169
-1207
-2664
-2611
-49
2224
1275
-1259
-870
3160
6305
5468
3235
2724
2382
178
-1006
2147
6414
5958
1353
-1680
-1337
-1029
-2388
-3030
-1838
-1242
-2805
-4370
-3655
-2218
-2912
-4746
-4032
-582
1665
925
-199
52
66
-855
-658
1233
2174
589
-1379
-1287
13
54
-1397
-2258
-1614
-989
-1490
-2040
-1929
-2603
-4754
-6271
-5815
-5005
-3263
4188
16484
21562
11439
-2359
-2559
8818
15552
14125
15716
21572
18589
4590
-3367
4404
13622
8955
-1704
-2105
4903
3838
-6287
-11832
-9052
-8490
-13725
-14734
-6965
-856
-5641
-15576
-19241
-14480
-7768
-3801
-1857
-467
-535
-2795
-4945
-3467
1936
6985
7189
3777
2789
6321
8554
4769
-238
290
3997
4627
3273
4211
4478
-1015
-8030
-8147
-2344
871
-1515
-4800
-5722
-6100
-7379
-7396
-4460
-1233
-1198
-2739
-1578
1421
1367
-1496
-1667
1932
4520
4029
2902
1919
-199
-2217
-1575
1060
2452
899
-2092
-3683
-3324
-3394
-4805
-5295
-4257
-4303
-6280
-8117
-7516
-667
14105
25745
18548
-1276
-7460
8063
22834
21294
16923
22017
23459
9235
-4246
3218
19571
17538
-789
-7613
3430
7559
-6808
-18849
-13705
-6633
-11860
-17384
-10348
-2420
-9311
-23241
-25009
-12468
-894
32
-3857
-4536
-3186
-3768
-3821
1091
8415
11257
7748
3184
3404
7613
8991
4214
-350
2165
7289
6317
1144
-775
-1068
-5216
-8867
-5150
561
-1345
-8439
-11535
-9341
-7026
-6253
-4881
-2578
-1566
-2823
-3632
-1086
2305
1995
261
2680
6838
6022
1630
11
1016
993
1038
2878
3508
265
-4327
-6028
-4099
-2025
-3186
-6063
-6680
-5672
-6919
-9831
-9185
-431
15410
26785
19227
-1690
-9016
8192
25990
24335
17659
22430
24955
10148
-4555
3536
21216
19101
-221
-7347
4178
7513
-9787
-23461
-15442
-4012
-8785
-17157
-12126
-5344
-13787
-27068
-24288
-7306
3815
313
-7119
-7639
-3694
-2237
-1807
3444
11057
12799
7733
3401
4775
8061
7105
2612
1514
6408
9532
3704
-5323
-7792
-4733
-3049
-3098
-2087
-2957
-8544
-13576
-11987
-6183
-2867
-3751
-4953
-3908
-2425
-2406
-2179
261
2912
3504
4118
6304
6658
2884
-801
108
3365
4612
3732
2182
-478
-4147
-6044
-4351
-1554
-1296
-3972
-6730
-7320
-7005
-7478
-7691
-6928
-6523
-3448
9706
27153
26876
3689
-12569
1500
26514
31420
20596
18147
21722
12253
-3351
377
19827
23123
2998
-10872
-2122
6191
-6366
-22055
-18131
-5696
-6462
-15220
-14511
-8876
-14058
-24886
-22588
-6172
5749
2191
-7363
-9882
-5052
42
2979
6694
11084
11604
7195
2957
3750
7614
8121
4036
1816
5244
7621
1413
-8105
-10426
-6219
-2853
-1209
204
-2947
-11912
-17026
-11505
-2530
672
-1443
-3818
-4504
-4096
-2780
-323
2744
4451
3810
3816
6128
6086
1316
-1669
1968
6500
5754
2415
97
-2545
-5554
-5587
-2316
-113
-1887
-5628
-7719
-6926
-5830
-6579
-6956
-5270
-4680
-5820
245
17997
30322
17115
-6836
-8488
15300
32767
25038
12690
14957
17866
6104
-3448
7840
21720
12070
-8557
-9998
3996
3360
-15194
-23480
-11530
-1749
-8208
-15989
-12532
-9601
-17149
-22138
-11477
4073
5779
-4934
-11062
-5908
1708
4110
4286
7227
10314
8670
4154
2781
5569
6937
3883
1271
3623
6371
2015
-6904
-10306
-6368
-2901
-2831
-2063
-1773
-7252
-13939
-11588
-2404
1859
-1067
-3355
-2233
-1661
-2241
-722
2850
4888
4020
3077
4400
5202
2026
-1422
1018
6327
6239
1155
-1967
-2248
-3391
-4398
-2552
-372
-1602
-5030
-6782
-5674
-4113
-4433
-5457
-4523
-2406
-2279
-4330
-5234
-148
13496
26634
22215
1638
-7647
9311
28417
24893
12792
14459
19421
8729
-4830
1377
16206
12163
-6470
-11099
1474
3679
-13730
-24936
-14518
-2275
-6408
-14620
-11826
-7876
-14583
-20825
-12388
2670
6604
-1493
-7438
-4287
1454
3273
3436
6264
9532
8781
5163
3092
3609
3717
1716
315
2325
4851
1835
-6140
-10549
-7679
-3891
-3658
-3589
-2191
-3700
-7913
-8294
-3894
-826
-942
-419
1376
1161
-1090
-1644
797
3687
4702
4332
4144
3493
1104
-616
1534
4978
4352
359
-2003
-2266
-3124
-3784
-2366
-1021
-2461
-5012
-5586
-4235
-3117
-3468
-4188
-3348
-1654
-1600
-2941
-3388
-3258
-1453
8801
25410
28420
8012
-10929
-834
24065
29422
15624
10169
15939
11280
-3557
-3995
11588
14986
-2274
-13115
-2500
5917
-8038
-24738
-19160
-2844
-950
-10531
-12634
-8590
-12366
-19573
-14145
1700
8956
1050
-7805
-5773
1618
4300
2883
4059
7809
8349
4557
1182
913
1146
-528
-1514
1519
5164
2144
-7041
-12321
-8342
-2307
-1357
-2530
-1743
-1686
-4216
-5030
-1781
1546
2120
2127
3136
3123
656
-1828
-972
2553
4602
3452
1700
890
-505
-2003
-760
2229
2527
-263
-2307
-2398
-2722
-3789
-3688
-1872
-394
-1098
-3106
-3981
-3092
-2054
-1207
515
1790
441
-1962
-2207
-640
191
-392
-1245
1785
13646
26594
21221
-2517
-13984
5125
28205
24491
7357
5081
10831
2648
-9926
-3063
13471
10331
-8995
-13426
1039
4576
-12762
-22802
-8820
6612
2042
-9387
-9015
-4628
-9036
-12772
-2708
11156
10223
-2962
-9808
-4095
2765
2400
-107
1412
3586
945
-4308
-6466
-5262
-4720
-5457
-3915
63
404
-6204
-12833
-10651
-2153
2657
1443
277
994
140
-745
3278
9137
9006
4342
3389
6131
5265
507
-968
2290
4104
1894
-571
-1330
-2658
-4720
-3759
883
3613
457
-4253
-4457
-1715
-1169
-2325
-1652
-279
-1231
-2846
-2076
-444
-745
-1567
-84
2556
2900
590
-1425
-1202
-92
-239
-1293
-1757
-2226
-4260
-4126
6168
22169
22712
583
-16630
-2467
24249
26318
7807
1854
10929
8839
-5155
-4542
11599
13684
-4339
-12704
1239
9688
-6419
-22641
-13182
5746
5536
-8062
-11274
-5213
-6738
-12748
-7279
6254
8651
-2914
-10770
-5397
2452
1678
-3060
-2135
2875
3580
-1086
-4746
-4466
-3599
-4107
-3028
923
2504
-2848
-10056
-9893
-2572
2451
1085
-978
12
472
-1309
-397
5229
8823
5676
2034
4311
7204
3596
-1397
295
4646
3828
168
-849
-1171
-3347
-3644
38
3018
1396
-2305
-3487
-1507
218
-447
-1267
-433
-364
-2445
-3489
-2009
-1120
-1679
-775
1239
1009
-994
-1529
-305
738
993
660
-403
-1819
-2909
-3284
-2786
-2396
-3197
-930
10316
22061
15613
-6145
-13578
6334
26121
20318
4910
4913
11381
4333
-6510
-454
12904
9082
-6649
-8189
4205
4115
-12905
-20137
-5970
7053
1252
-9937
-10160
-6354
-9058
-10801
-2316
7408
4783
-5742
-9006
-2412
2928
972
-1998
258
4138
3174
-1833
-5029
-4333
-2765
-2089
-553
1694
337
-6053
-10942
-7735
-101
2854
-147
-2396
-1241
-737
-1919
-544
3918
6481
5546
4828
5232
3698
948
1369
4804
6311
3864
334
-1660
-2296
-2221
-1134
762
1634
58
-2293
-2619
-1361
-903
-909
285
1356
87
-2378
-3486
-2939
-1766
-330
992
1228
109
-1298
-1636
-565
903
1550
1164
202
-1014
-2082
-2629
-2955
-3267
-3006
-2297
-2813
-4388
-1282
10161
19155
10887
-6886
-8078
11989
25364
15349
2357
5687
11896
4718
-3424
3157
11737
4379
-8156
-5466
5219
1360
-14140
-16811
-2711
5622
-2452
-11193
-8804
-4613
-6689
-7086
89
5608
988
-6443
-5470
1554
4084
119
-2429
652
3879
1770
-2999
-4889
-3607
-2644
-2692
-1762
-817
-3334
-8375
-9628
-4573
523
-160
-3365
-3225
-759
-437
-1470
-4
3063
3947
3294
4906
7642
6314
1964
1505
5490
7033
4103
1934
1953
354
-2032
-1087
1553
1093
-1834
-2692
-906
21
-1255
-2192
-645
1292
542
-1414
-1576
-1011
-1759
-2006
-40
1263
-280
-1851
-1044
322
208
-414
-67
553
155
-1060
-1806
-1654
-1804
-2736
-3136
-2611
-2557
-3463
-4181
-4072
-1526
6702
16316
14139
-1099
-8824
4781
21646
18897
5685
4208
10829
7531
-1913
-145
9013
7114
-3894
-5049
4135
3770
-10144
-16693
-5520
5931
1945
-8013
-9279
-5477
-6091
-7345
-1979
4395
2171
-5074
-6252
-758
1943
-1656
-4561
-1446
3086
2094
-3455
-7046
-6222
-4341
-3493
-1958
-106
-1955
-7547
-10108
-5573
413
892
-1972
-1801
1047
1359
-783
-291
3321
5186
4211
4490
6465
5381
1269
1016
6340
9633
6389
1836
808
980
197
583
2237
1835
-1027
-2934
-2294
-1218
-1647
-2459
-1333
1180
1619
-864
-2642
-1614
57
790
1424
1581
7
-1907
-1964
-739
120
455
425
-324
-1555
-2475
-2661
-2196
-1484
-1135
-1408
-2143
-3207
-4160
-4054
-2787
-1635
-1408
-1540
-1668
-1573
1523
9744
16390
11267
-1064
-2510
10950
20118
12881
3317
5345
9628
4393
-1885
1579
6172
680
-6590
-3147
3638
-1063
-12380
-12945
-2219
3304
-2430
-7943
-6087
-3648
-5168
-4726
545
3468
-408
-4632
-2854
1097
565
-3175
-3975
-752
1361
-983
-4968
-6386
-5287
-4286
-3730
-2370
-1495
-3514
-6653
-6197
-1863
1071
-108
-1479
561
3320
2899
970
1471
3796
4671
4349
5196
5975
3756
412
716
4280
6011
4359
2464
1599
193
-1242
-598
1158
1250
-192
-962
-769
-1069
-2070
-2295
-914
878
1365
506
-489
-991
-810
457
2147
2450
1103
-70
-190
-275
-798
-968
-570
-313
-585
-1265
-2280
-3380
-3764
-2856
-1387
-911
-1941
-3297
-3699
-3183
-2392
-1530
-837
-802
-1164
-990
-413
-94
1958
8259
14306
11290
1167
-1823
7468
15242
10930
4023
5353
8078
2973
-3058
-649
3769
484
-4901
-2407
2793
-901
-10031
-10861
-2347
2750
-857
-4670
-3217
-1894
-4098
-4368
234
3545
957
-2777
-2162
149
-1053
-4508
-4966
-1745
409
-1492
-4958
-6488
-6212
-5873
-5078
-2904
-1223
-2475
-5036
-4909
-1877
191
-253
-177
2324
4451
3551
1646
1786
3221
3719
3850
5017
5564
3279
147
-43
2174
2916
1432
694
1779
2322
928
-628
-367
1108
1904
1614
1201
663
-621
-1419
-146
1491
843
-771
-548
541
168
-736
-269
808
1085
885
750
373
-347
-913
-858
-299
-146
-1098
-2292
-2476
-2025
-1976
-2132
-2007
-1975
-2143
-1958
-1551
-1638
-2006
-1858
-1209
-720
-662
-870
-1110
-1046
-359
577
997
1919
5779
10855
10251
2658
-1687
4584
12548
10636
3710
3063
6086
3342
-2236
-1433
2861
1300
-3733
-2800
2106
558
-7070
-9283
-2765
2577
383
-3442
-3007
-1628
-3057
-3755
-640
1988
-30
-3207
-2763
-762
-1839
-5129
-6057
-3684
-1586
-2294
-4452
-5734
-5899
-5676
-4656
-2476
-840
-1587
-3328
-2971
-498
1013
446
290
2198
4134
3867
2515
2215
2665
2598
2721
4041
4923
3314
734
362
1975
2548
1348
656
1484
2217
1880
1523
1665
1275
341
602
2249
2753
892
-965
-688
390
333
-330
-460
-379
-467
-191
378
393
-56
42
809
1246
767
-120
-613
-539
-330
-356
-620
-1058
-1549
-1760
-1598
-1589
-2020
-2303
-1984
-1568
-1636
-1971
-2092
-1920
-1645
-1439
-1370
-1414
-1436
-1189
-706
-460
-511
-318
40
707
3862
9428
10733
3615
-2935
1618
10697
10249
2722
1598
6421
5213
-1674
-2623
2380
2117
-3583
-3344
3305
3722
-4962
-9954
-4486
1800
369
-3430
-2544
-422
-2394
-4997
-3006
404
-514
-3613
-3014
189
-117
-4405
-6789
-4520
-1435
-1222
-2622
-3164
-3257
-4124
-4559
-2872
-458
-158
-1614
-1579
704
2067
714
-592
946
3629
4311
3303
2874
2971
2181
1340
2347
4182
3951
1734
702
1945
2757
1295
-375
83
1469
1583
1099
1590
1919
521
-834
177
1876
1406
-163
-92
948
629
-559
-741
-221
-126
104
1061
1551
700
-273
-103
610
786
479
214
27
-254
-612
-1064
-1642
-2057
-1949
-1526
-1386
-1764
-2323
-2681
-2677
-2281
-1696
-1360
-1414
-1422
-1075
-757
-925
-1277
-1185
-633
-126
1
-216
-555
-744
-674
-498
-364
-341
-248
807
3427
5653
4420
922
363
3854
5834
3318
1267
3640
6007
3650
261
1026
3179
1675
-999
445
3826
3030
-1101
-2363
-73
434
-2279
-3647
-1692
-244
-1800
-3511
-2723
-1431
-2281
-3987
-3895
-2512
-2290
-3345
-3520
-2260
-1498
-2227
-2866
-2128
-1173
-1413
-2042
-1617
-584
-319
-749
-762
-296
-223
-542
-327
530
986
581
197
594
1245
1369
1189
1326
1699
1862
1838
1940
2116
2080
1870
1811
1958
1969
1656
1368
1528
1939
2031
1734
1505
1507
1381
1023
858
1038
1080
728
469
617
715
406
69
59
95
-107
-348
-452
-543
-678
-758
-829
-1026
-1289
-1467
-1576
-1705
-1825
-1847
-1832
-1936
-2142
-2232
-2124
-1996
-1964
-1927
-1805
-1652
-1470
-1243
-1058
-956
-807
-557
-338
-202
-13
253
449
543
674
871
957
824
629
621
791
872
713
447
293
518
1347
2447
2943
2519
1925
1857
2138
2455
2837
3057
2764
2399
2680
3223
2999
2064
1449
1521
1656
1415
954
403
-254
-763
-901
-1009
-1545
-2324
-2794
-2803
-2614
-2526
-2763
-3334
-3816
-3795
-3478
-3331
-3320
-3144
-2863
-2687
-2487
-2177
-2120
-2476
-2674
-2191
-1443
-1126
-1168
-1022
-598
-207
77
283
264
50
77
585
1202
1538
1714
1966
2232
2376
2429
2407
2266
2143
2293
2682
2977
2974
2772
2536
2347
2237
2152
2023
1914
1887
1790
1496
1146
860
546
252
170
169
-60
-379
-427
-326
-480
-887
-1225
-1369
-1423
-1471
-1531
-1595
-1632
-1644
-1677
-1747
-1874
-2048
-2157
-2069
-1848
-1682
-1620
-1563
-1461
-1356
-1266
-1141
-958
-776
-636
-496
-306
-122
7
158
383
545
515
428
500
703
845
863
843
777
602
387
278
398
897
1848
2819
3059
2468
1817
1698
1950
2310
2745
2968
2664
2257
2389
2700
2346
1526
1185
1386
1302
706
172
-62
-311
-598
-718
-915
-1621
-2550
-2934
-2637
-2279
-2337
-2700
-3084
-3360
-3490
-3486
-3442
-3374
-3187
-2892
-2644
-2498
-2414
-2415
-2474
-2337
-1887
-1463
-1372
-1326
-869
-138
374
551
599
569
465
555
1038
1606
1883
1970
2196
2480
2478
2189
1933
1876
1927
2017
2125
2139
1997
1857
1908
2035
1964
1656
1307
1094
1093
1289
1499
1465
1193
944
809
587
196
-102
-94
63
94
-43
-264
-549
-845
-994
-968
-950
-1073
-1198
-1184
-1136
-1219
-1370
-1411
-1335
-1295
-1374
-1478
-1464
-1300
-1100
-991
-981
-1009
-1056
-1116
-1109
-961
-744
-602
-517
-367
-182
-140
-239
-257
-77
155
288
376
483
565
594
630
647
533
347
282
328
276
204
543
1395
2230
2490
2226
1801
1439
1342
1694
2247
2420
2124
1935
2159
2321
1967
1355
967
846
721
480
172
-161
-454
-603
-658
-885
-1447
-2119
-2495
-2416
-2130
-2022
-2226
-2535
-2703
-2739
-2816
-2972
-3060
-2963
-2729
-2462
-2243
-2152
-2212
-2268
-2109
-1768
-1500
-1411
-1271
-858
-273
241
570
747
810
849
1009
1304
1580
1775
2011
2364
2666
2716
2540
2333
2213
2144
2060
1954
1876
1855
1890
1954
1956
1784
1463
1192
1126
1158
1132
1111
1210
1318
1241
1006
734
433
156
47
49
-88
-377
-565
-626
-800
-1121
-1366
-1485
-1619
-1745
-1732
-1674
-1730
-1807
-1745
-1650
-1707
-1810
-1749
-1556
-1389
-1237
-1042
-906
-904
-899
-763
-627
-629
-624
-450
-241
-195
-217
-117
49
118
141
233
318
307
331
535
764
793
690
656
678
604
474
435
468
453
491
823
1379
1748
1729
1582
1549
1539
1439
1411
1551
1669
1663
1714
1843
1718
1230
777
655
619
360
9
-194
-285
-398
-521
-686
-1047
-1546
-1901
-1994
-2005
-2058
-2079
-2041
-2036
-2064
-2080
-2162
-2361
-2478
-2310
-1987
-1781
-1676
-1507
-1291
-1146
-1033
-872
-745
-692
-530
-113
360
629
731
864
1042
1132
1144
1199
1311
1411
1537
1794
2086
2143
1931
1748
1790
1860
1720
1501
1432
1450
1386
1320
1334
1242
910
580
484
443
225
12
58
234
259
132
-25
-246
-515
-651
-612
-621
-785
-897
-825
-757
-870
-1049
-1121
-1139
-1177
-1174
-1097
-1052
-1065
-1000
-852
-834
-995
-1090
-972
-810
-765
-716
-553
-392
-331
-269
-155
-118
-171
-110
114
257
198
155
301
465
445
362
405
511
544
561
630
637
523
420
427
411
258
102
96
163
148
80
134
402
789
1100
1175
1035
870
851
988
1184
1311
1311
1243
1238
1321
1321
1108
798
629
612
548
316
39
-109
-138
-193
-373
-677
-1049
-1372
-1524
-1475
-1390
-1439
-1590
-1665
-1628
-1638
-1783
-1931
-1941
-1850
-1755
-1652
-1529
-1446
-1400
-1278
-1043
-863
-851
-870
-719
-423
-145
50
220
418
637
822
894
869
871
986
1154
1274
1335
1349
1317
1299
1351
1362
1183
942
899
1023
1044
910
814
818
788
680
564
431
245
132
204
294
188
4
-15
83
45
-152
-279
-262
-244
-289
-307
-281
-306
-367
-333
-242
-284
-457
-529
-413
-290
-296
-330
-278
-201
-189
-220
-248
-276
-288
-247
-195
-224
-302
-324
-279
-250
-263
-269
-272
-292
-277
-202
-152
-185
-196
-86
19
-10
-67
-2
91
60
-23
-29
-18
-73
-76
51
148
94
65
230
460
590
678
807
886
854
828
881
925
925
956
1025
1023
930
833
732
589
449
380
319
187
58
5
-62
-236
-441
-586
-738
-939
-1083
-1095
-1086
-1152
-1215
-1194
-1186
-1276
-1365
-1349
-1293
-1291
-1299
-1241
-1159
-1118
-1070
-967
-867
-831
-801
-687
-523
-390
-280
-127
52
210
332
434
530
630
745
857
933
981
1031
1087
1138
1186
1222
1221
1181
1155
1148
1106
1028
961
923
861
759
671
621
561
472
398
363
312
224
158
154
148
97
44
35
17
-61
-152
-198
-217
-249
-284
-293
-302
-348
-418
-465
-480
-498
-531
-555
-562
-561
-557
-549
-533
-520
-518
-529
-545
-543
-526
-501
-472
-432
-386
-356
-347
-336
-314
-279
-225
-153
-85
-41
-25
-14
-5
4
25
61
100
128
156
193
227
252
280
322
381
454
553
662
739
771
774
768
758
756
759
769
785
815
836
806
715
607
518
445
371
283
192
106
39
-17
-95
-222
-380
-533
-661
-774
-878
-958
-1015
-1051
-1082
-1114
-1156
-1201
-1225
-1224
-1203
-1178
-1147
-1090
-1003
-908
-822
-747
-668
-587
-504
-414
-315
-208
-94
25
138
233
316
405
501
587
657
716
768
815
852
879
898
906
906
897
874
840
814
803
791
760
713
665
620
572
523
480
444
410
379
351
303
231
159
106
61
3
-64
-119
-159
-196
-231
-267
-312
-364
-403
-421
-429
-441
-452
-443
-420
-405
-401
-397
-384
-366
-350
-334
-314
-297
-286
-281
-279
-280
-278
-271
-258
-242
-220
-194
-164
-134
-107
-78
-42
4
60
116
167
213
258
304
340
366
387
412
443
483
521
548
567
579
587
585
568
540
508
475
438
392
341
280
209
136
63
-15
-102
-183
-251
-307
-364
-419
-470
-513
-555
-599
-640
-682
-721
-755
-784
-808
-829
-842
-846
-841
-832
-820
-799
-764
-720
-668
-611
-546
-478
-408
-335
-262
-191
-119
-47
29
100
167
234
303
373
437
497
549
596
639
678
709
732
748
760
763
757
739
717
691
662
633
606
577
548
518
488
459
428
399
371
345
319
291
261
233
200
162
125
86
47
7
-32
-72
-111
-151
-189
-222
-250
-277
-302
-323
-343
-361
-385
-400
-413
-419
-416
-403
-384
-358
-328
-298
-265
-228
-193
-156
-112
-72
-36
-9
10
18
14
7
-2
-7
-14
-21
-25
-30
-39
-50
-58
-61
-61
-58
-52
-46
-40
-40
-41
-42
-43
-41
-34
-24
-9
6
22
30
31
29
21
11
4
-1
-5
-8
-12
-21
-37
-58
-77
-95
-108
-109
-103
-95
-83
-73
-68
-63
-59
-56
-50
-43
-36
-26
-21
-18
-21
-30
-40
-49
-58
-62
-64
-62
-57
-55
-49
-48
-42
-36
-25
-11
6
20
36
52
67
79
91
108
126
145
166
187
203
219
232
243
250
254
256
259
260
256
254
252
249
245
239
237
230
225
221
213
203
193
181
165
149
129
107
85
58
28
2
-29
-56
-83
-109
-130
-150
-169
-183
-195
-205
-216
-226
-235
-239
-243
-245
-246
-246
-245
-240
-235
-229
-220
-210
-198
-185
-170
-155
-141
-126
-114
-103
-96
-86
-76
-68
-59
-51
-41
-29
-18
-6
6
19
33
49
61
72
82
90
96
101
103
104
102
100
98
91
86
78
71
63
53
40
28
16
1
-12
-23
-33
-46
-56
-63
-70
-74
-76
-73
-68
-60
-52
-40
-25
-7
11
27
44
58
71
84
92
98
107
111
114
112
108
101
92
87
79
72
63
54
47
41
31
24
16
7
0
-3
-6
-11
-10
-13
-12
-10
-10
-10
-10
-10
-7
-8
-8
-10
-11
-10
-13
-15
-15
-17
-18
-18
-19
-19
-18
-18
-19
-18
-20
-17
-16
-16
-13
-11
-10
-9
-8
-12
-15
-19
-26
-31
-38
-45
-52
-57
-62
-66
-71
