SAMPLES:	6273
BITSPERSAMPLE:	16
CHANNELS:	1
SAMPLERATE:	16000
NORMALIZED:	FALSE
0
-1
-1
0
0
0
-1
0
0
0
0
0
-1
0
0
0
0
-1
0
0
0
0
0
0
0
0
0
0
0
0
0
0
-1
0
0
0
0
0
0
0
0
0
1
0
-1
0
0
0
0
0
0
0
0
0
0
0
0
0
0
0
0
0
0
0
-1
0
0
0
0
0
0
0
0
0
0
0
0
0
1
0
0
0
0
0
0
0
1
0
0
0
1
1
0
0
0
-1
1
1
0
0
0
0
0
0
0
1
0
0
0
1
0
0
0
0
0
-1
0
0
0
0
0
0
0
0
0
0
-1
-1
-1
0
0
0
0
-1
0
0
0
0
0
0
0
0
0
1
0
1
0
0
0
0
0
0
1
-1
0
1
-1
0
0
0
0
0
0
0
-1
0
0
0
-1
0
-1
0
0
0
0
0
-1
0
0
0
0
0
0
-1
0
0
0
0
0
0
0
0
-1
-1
0
0
0
0
0
1
0
0
0
0
0
-1
0
0
0
0
0
0
0
0
0
1
0
1
0
0
1
-1
1
0
0
0
-1
-1
0
0
0
-1
0
-1
0
0
0
-1
0
0
0
0
1
0
0
0
0
0
0
1
0
1
0
0
0
0
0
0
1
0
0
0
1
1
0
0
0
0
0
0
0
0
-1
1
0
0
0
0
0
0
0
1
0
0
-1
0
0
0
-1
-1
0
0
1
0
-1
0
0
0
0
0
0
-1
-1
0
0
-1
1
0
1
0
0
0
0
0
0
1
0
0
0
-1
0
0
0
0
0
1
-1
0
0
0
0
0
0
0
0
0
1
0
0
0
0
0
0
-1
0
0
-1
0
0
-1
0
0
0
0
0
0
0
0
1
0
0
-1
1
0
0
-1
-1
0
0
0
1
-1
0
0
0
-1
1
0
0
0
1
-1
0
0
0
0
0
0
0
0
0
0
0
-1
0
0
0
0
0
0
0
0
0
0
1
-1
0
0
-1
1
0
0
0
0
0
0
0
0
0
0
0
0
0
0
-1
0
0
0
0
0
0
0
-1
0
0
0
-1
0
0
-1
-1
0
0
0
0
0
1
1
-1
0
-1
0
0
0
0
0
0
0
0
1
0
0
0
0
-1
1
0
0
1
0
0
0
0
0
1
1
0
0
0
0
0
-1
0
-1
1
0
1
0
0
1
0
0
1
0
0
0
1
-1
-1
1
0
0
0
-1
0
0
1
0
0
0
0
0
0
-1
0
0
0
-1
0
0
1
1
-1
0
0
0
0
0
0
0
0
0
-1
1
0
0
1
0
0
0
0
1
-1
0
0
0
0
-1
1
0
0
-1
0
0
0
0
0
-1
0
-1
1
0
0
1
0
0
0
0
0
0
0
0
-1
0
0
0
1
0
1
0
0
0
0
-1
0
0
1
1
0
0
0
-1
-1
0
0
0
-1
0
0
1
0
1
0
0
1
0
0
1
0
0
0
0
0
0
0
0
0
0
0
-1
1
0
0
0
0
0
0
0
0
0
0
-1
0
-1
0
0
0
0
0
-1
0
0
0
1
0
0
0
0
0
0
0
0
0
-1
1
1
-1
0
0
0
0
0
0
0
0
0
0
0
0
0
-1
0
0
0
0
0
0
0
0
-1
0
0
0
0
-1
0
-1
0
0
0
0
0
-1
0
0
-1
0
0
0
1
0
0
0
0
0
0
1
0
0
0
0
0
1
0
0
0
1
1
0
0
0
0
0
0
0
0
1
1
1
0
0
-1
0
0
0
-1
-1
0
0
0
0
1
-1
1
-3
4
-7
11
-14
20
-27
35
-46
57
-71
89
-108
131
-160
200
-256
356
-594
1965
9267
9575
10903
9063
6872
6319
5762
4501
3790
3965
2882
2303
3483
4366
3949
3812
4218
3655
2682
3004
2733
898
-985
-1417
-2291
-3889
-4211
-4121
-4747
-5361
-4119
-2472
-1623
-835
653
1632
1805
2412
2086
1295
-1244
1609
11262
16102
15836
15447
23267
30228
29688
29582
31121
32095
23292
15176
13410
8243
-2680
-14916
-18965
-22381
-28508
-31804
-30936
-28404
-28779
-26994
-21740
-15729
-12643
-11688
-9545
-7243
-5954
-6822
-6143
-5261
-6124
-7207
-6046
-1827
95
1686
4983
8501
10632
12097
15396
16318
13982
11470
10031
6955
1880
-1996
-5942
-10937
-14972
-15992
-16746
-17923
-17099
-14977
-12829
-10400
-6032
-2328
-539
1885
4801
6390
6763
7994
8354
6671
5551
5796
5328
3557
2989
3084
2039
1361
2178
2871
2199
1856
2374
2228
1834
1820
1441
62
-1091
-1276
-2160
-3153
-3528
-3782
-4430
-4614
-3207
-2274
-1799
-1066
104
898
1128
1807
1771
698
205
5282
11690
14110
14639
18318
27317
30623
29809
30803
32506
29212
19325
14979
12367
4429
-7751
-16359
-18708
-23990
-29214
-30716
-28629
-27629
-28024
-24342
-18678
-13870
-12485
-10985
-8378
-6563
-6141
-6544
-5095
-5011
-6068
-6051
-3174
239
1306
3856
7325
10083
11348
13734
16605
15279
12445
10709
9195
4760
-309
-3470
-7788
-12814
-15776
-15999
-16919
-18054
-16725
-14447
-12333
-9468
-5318
-2569
-986
1747
4349
5473
6247
7562
7200
5572
5503
6096
5043
3467
3607
3461
2100
1890
3014
2942
1600
1588
2155
1735
1064
1230
829
-633
-1200
-1114
-1615
-2904
-3000
-2908
-3243
-2712
-1853
-909
-1144
-313
572
734
1229
1319
1314
1278
6754
13225
15484
16154
20844
29578
31234
29927
31021
32562
27671
18189
14890
11592
2926
-9104
-15805
-18274
-23801
-28253
-29433
-27371
-27202
-26920
-23032
-18070
-13918
-12862
-11177
-8959
-7358
-7041
-7164
-5706
-5801
-6541
-5867
-2513
499
1580
4484
8124
10431
11377
14076
16619
14746
11664
10293
9035
4379
-678
-3475
-7156
-11998
-14971
-14836
-15448
-16877
-16003
-13506
-11233
-9003
-5485
-2659
-992
1259
3710
5213
5978
7046
6903
5810
5919
6543
5761
4261
4274
4214
2925
2590
3601
3421
1620
1261
2180
1764
568
435
463
-748
-1742
-1593
-2005
-3114
-3372
-2894
-2691
-2639
-1845
-1407
-1344
-765
-177
417
779
1341
1450
4000
10283
14859
15915
18132
25911
31447
30438
29806
32113
31033
22247
15623
13822
8197
-3362
-13071
-16059
-19907
-25792
-28678
-27605
-26651
-27352
-24991
-20199
-15904
-13855
-12480
-10128
-8269
-7216
-6991
-6075
-5418
-6023
-5835
-3452
-138
1401
3229
6876
9841
11061
12768
15739
15817
12757
10702
9806
6802
1667
-1954
-4845
-9279
-13194
-14402
-14533
-15825
-16323
-14716
-12503
-10251
-7426
-4377
-2239
-231
2125
4014
5399
6532
6860
6116
6005
6734
6505
5332
4829
4802
3730
2924
3600
3871
2466
1311
1906
2163
1178
462
291
-368
-1577
-2095
-2423
-3110
-3458
-3360
-3014
-2787
-2253
-1819
-1456
-646
-352
-48
757
1854
2088
3788
9669
14768
15998
17567
24889
31383
30640
29377
31682
31712
23734
16195
14367
9846
-1201
-11670
-15165
-18207
-24286
-28129
-27678
-26435
-27226
-25779
-21225
-16846
-14664
-13521
-10987
-8691
-7535
-7155
-6150
-5156
-5759
-5638
-3295
-114
1324
2821
6496
9559
10750
12325
15453
16063
13028
10904
10385
7858
2538
-1387
-3789
-8030
-12592
-14155
-13839
-15196
-16616
-15210
-12554
-10597
-8492
-5305
-2742
-1123
947
3339
5041
5925
6381
6132
6041
6703
6837
5801
4988
5002
4246
3219
3608
4241
3060
1578
2171
2862
1834
737
856
423
-1298
-2221
-2378
-3001
-3827
-3751
-3381
-3700
-3493
-2708
-1959
-1659
-1328
-368
588
1614
2532
5777
11495
15570
16913
19763
27227
32013
30825
30037
32205
30688
22029
15801
14096
8312
-3485
-12547
-14911
-18614
-24780
-27809
-26757
-26426
-27545
-25243
-20568
-17059
-15743
-14166
-11482
-9542
-8287
-7303
-5964
-5485
-5720
-4563
-1709
1102
2412
4530
7990
10474
11691
13661
16109
15514
12634
10952
9947
6644
1757
-1630
-4554
-8822
-12432
-13370
-13580
-15000
-15651
-14041
-11760
-9991
-7807
-5044
-2897
-1338
603
2780
4328
5142
5475
5639
6091
6664
6621
6005
5644
5298
4405
3837
4080
3830
2363
1406
1739
1623
498
-248
-233
-936
-2252
-2823
-2907
-3196
-3563
-3327
-3133
-3234
-2875
-2255
-1556
-1393
-994
-56
1011
2081
3577
8101
13404
16307
17811
22521
29916
32176
30708
31112
32637
28236
19469
15471
12822
4655
-7125
-13508
-15512
-20566
-25989
-27633
-26291
-26849
-27192
-23808
-19543
-16810
-15910
-13816
-11335
-9597
-8320
-7332
-6005
-5848
-5298
-3302
-285
2008
3378
6403
9505
11332
12687
15074
16318
14045
11930
11193
9196
4424
357
-1771
-5658
-10211
-12199
-12131
-13737
-15732
-14541
-12293
-11217
-10045
-7013
-4416
-3380
-1564
1120
3039
3773
4759
5659
6021
6663
7187
6922
6276
6169
5552
4379
4109
4178
2956
1237
1273
1578
436
-708
-510
-596
-2104
-2843
-2681
-3021
-3802
-3599
-2933
-3386
-3573
-2943
-2107
-2008
-1900
-870
161
1265
2375
5696
11193
15605
17674
20316
27015
32126
31916
30848
32272
31262
23523
16748
14143
9099
-1731
-11212
-14423
-17818
-23489
-26993
-26491
-26129
-27082
-25232
-21150
-17790
-16290
-14620
-12281
-10504
-8971
-7716
-6486
-5994
-5640
-4137
-1496
1219
2965
5420
8631
10951
12331
14327
16342
15317
12712
11369
10068
6240
1561
-1116
-4066
-8547
-11696
-12076
-12620
-14530
-14700
-12792
-11172
-10078
-7900
-5291
-3798
-2424
-372
1584
2871
3929
4680
5057
5902
6887
7028
6674
6750
6475
5324
4762
4874
3915
1892
1006
1086
125
-1284
-1610
-1574
-2592
-3533
-3415
-3390
-3777
-3678
-2978
-2837
-3037
-2639
-2041
-1701
-1697
-1389
-588
400
1237
2934
7714
13541
16420
17748
22772
29831
31941
30383
31097
32517
27868
19563
15539
12819
4467
-6708
-12736
-15097
-19925
-25104
-26449
-25523
-25899
-25713
-22513
-18574
-16110
-14644
-12657
-10615
-9058
-7755
-6756
-6139
-5997
-5245
-3217
-628
1401
3381
6544
9519
11089
12693
15262
16020
13464
11181
10608
8237
3036
-763
-2345
-5858
-10628
-11974
-10799
-11993
-14137
-12676
-9627
-8987
-8688
-5737
-3070
-3047
-2531
172
2110
2083
2624
4211
5130
5588
6611
7456
7412
7232
6913
6152
5634
5165
3460
1256
596
415
-1206
-2757
-2531
-2444
-3861
-4399
-3333
-3165
-4076
-3578
-2066
-2148
-2972
-2335
-1248
-1591
-2259
-1451
-261
14
468
3519
9036
13608
15840
18906
25289
30824
31440
30640
32121
31707
25120
17944
14993
10615
486
-9370
-13447
-16442
-22019
-25912
-25720
-25203
-25994
-24544
-20436
-17159
-15562
-13700
-11390
-9936
-8800
-7278
-6228
-6287
-6206
-4606
-2126
-19
1815
4578
7931
10235
11782
14169
16443
15768
13060
11709
10900
7240
1906
-1264
-3399
-7665
-11846
-12434
-11873
-13629
-15018
-12770
-9704
-8960
-8166
-5126
-2503
-2094
-1288
1302
3084
2820
2826
4306
5570
5678
5807
6539
6912
6412
5833
5844
5767
4585
2760
1757
1537
556
-1251
-2237
-2292
-2994
-4244
-4428
-3895
-4182
-4644
-3761
-2506
-2578
-2973
-2131
-1094
-1345
-1669
-538
734
821
1833
6360
11953
14851
16624
21750
28540
31212
30578
31348
32533
28741
21354
16708
13605
6077
-4534
-11491
-14712
-19210
-24399
-26352
-25870
-26158
-26081
-23209
-19276
-16823
-15189
-12952
-10840
-9497
-8085
-6512
-5890
-6109
-5320
-2942
-492
1170
3330
6673
9502
11025
12963
15737
16493
14196
12003
11236
8894
3977
-186
-2618
-6188
-10689
-12520
-11999
-12770
-14383
-13434
-10566
-8866
-7821
-5474
-3026
-2145
-1464
385
2096
2521
2544
3122
4090
5033
5709
6118
6580
6959
6696
6242
6395
6169
4360
2338
1759
1288
-601
-2437
-2893
-3386
-4716
-5296
-4742
-4686
-5156
-4537
-3109
-2546
-2683
-2226
-1366
-1159
-1455
-1163
-199
417
632
2686
7853
13013
15408
17840
23741
29737
31012
30319
31828
32058
26414
19270
15832
11795
2486
-7576
-12799
-16056
-21134
-25311
-26030
-25671
-25988
-24766
-21198
-17706
-15518
-13609
-11532
-9864
-8409
-6837
-5787
-5756
-5758
-4414
-1999
144
1847
4379
7695
10079
11568
13890
16298
15851
13111
11489
10563
7059
1771
-1692
-4086
-8265
-12324
-13019
-12391
-13674
-14705
-12545
-9438
-8183
-7051
-4219
-1793
-1287
-620
1450
2951
2733
2526
3532
4664
5005
5247
6007
6660
6549
6159
6299
6480
5527
3701
2494
2016
806
-1222
-2539
-2969
-3864
-5172
-5486
-5002
-5021
-5175
-4258
-2902
-2537
-2646
-1915
-885
-844
-1231
-596
528
769
1426
5112
10509
13833
15594
20125
27074
30709
30501
31158
32588
29635
22625
17545
14281
7267
-3208
-10914
-14759
-19081
-24144
-26567
-26431
-26469
-26197
-23538
-19599
-16712
-14809
-12696
-10587
-9012
-7541
-6066
-5405
-5577
-5022
-2854
-316
1404
3336
6518
9503
11105
12899
15650
16622
14404
12085
11259
8936
3898
-519
-3103
-6802
-11467
-13472
-13039
-13738
-15124
-13875
-10767
-8772
-7319
-4621
-1952
-868
-45
1659
3045
3249
3101
3340
3889
4549
5052
5353
5866
6430
6341
6059
6451
6472
4882
3042
2490
1821
-305
-2270
-2906
-3722
-5350
-6112
-5695
-5707
-6053
-5236
-3670
-2899
-2699
-1967
-966
-581
-631
-378
260
696
908
2692
7168
11937
14469
16896
22758
28895
30774
30540
31876
32106
27014
20261
16419
12041
2937
-7081
-12937
-16797
-21818
-25901
-26974
-26911
-26967
-25367
-21767
-18234
-15660
-13320
-11137
-9462
-7841
-6146
-5179
-5226
-5178
-3910
-1719
332
2090
4577
7778
10222
11804
14040
16338
15932
13289
11640
10508
6686
1245
-2129
-4658
-9328
-13496
-13758
-13118
-14834
-15514
-12369
-9202
-8439
-6706
-2878
-768
-917
335
2917
3526
2654
3066
4187
4319
4419
5403
6092
6024
6120
6387
6346
6163
5505
3896
2423
1847
700
-1556
-2979
-3203
-4256
-5966
-6115
-5223
-5331
-5492
-4059
-2623
-2736
-2651
-1210
-414
-1104
-1127
81
510
225
2536
7844
12306
14281
17413
23833
29391
30836
30769
32189
31921
26495
19854
16091
11549
2194
-7920
-13406
-16704
-21661
-26109
-27060
-26468
-26529
-25285
-21560
-17747
-15549
-13689
-11290
-9286
-7879
-6439
-5339
-5312
-5325
-3799
-1238
741
2292
4995
8454
10731
12078
14350
16569
15712
12664
11005
10063
6145
304
-3187
-5272
-9543
-13882
-14172
-12940
-14366
-15489
-12351
-8331
-7385
-6445
-2729
113
-128
311
3026
4217
2788
2362
3905
4692
4310
4772
5943
6291
6064
6270
6707
6580
5521
3833
2561
1993
724
-1660
-3259
-3501
-4408
-6156
-6424
-5421
-5548
-6052
-4529
-2475
-2529
-2964
-1447
-32
-812
-1339
52
769
-132
1301
6638
11448
13271
15982
22363
28210
30105
30507
32064
32063
27300
20972
16963
12541
3923
-6103
-12430
-16123
-20760
-25209
-26711
-26336
-26306
-25266
-21784
-17873
-15505
-13681
-11279
-9278
-8053
-6660
-5321
-5221
-5562
-4249
-1560
502
1954
4611
8193
10540
11825
14065
16463
15892
12846
10972
10065
6435
605
-3136
-5132
-9190
-13784
-14389
-12871
-13962
-15402
-12571
-8252
-7099
-6467
-2846
300
-24
-41
2642
4110
2575
1860
3429
4316
3870
4405
5830
6269
6009
6323
6901
6866
5932
4255
2756
2090
1006
-1380
-3264
-3562
-4293
-6123
-6580
-5418
-5337
-6002
-4658
-2411
-2253
-2803
-1426
28
-727
-1394
-110
564
-493
495
5508
10468
12599
15046
21083
27407
29978
30507
31857
32270
28139
21573
17068
13014
4997
-5344
-12416
-16092
-20332
-24883
-26715
-26265
-25992
-25072
-21804
-17792
-15181
-13386
-11241
-9375
-8162
-6837
-5594
-5485
-5849
-4705
-2073
223
1878
4495
8134
10777
12219
14333
16687
16334
13367
11175
9836
6183
577
-3339
-5829
-9832
-13784
-14311
-13248
-14023
-14590
-11902
-8352
-6842
-5491
-2565
-395
-232
275
2014
2887
2282
2009
2759
3660
4343
5046
5809
6525
6961
6947
6963
7115
6247
4076
2381
1825
564
-1895
-3499
-3829
-4702
-6027
-6020
-5212
-5269
-5315
-3867
-2231
-1998
-2040
-1154
-439
-865
-1179
-545
-193
-688
155
4330
9522
12604
14824
20027
26887
30303
30609
31560
32456
28771
21714
16758
12980
5309
-5191
-12578
-16314
-20366
-24653
-26376
-25938
-25502
-24383
-21251
-17473
-14747
-12833
-11089
-9704
-8513
-7142
-6146
-6093
-6186
-4990
-2470
123
2254
4895
8427
11311
12831
14554
16738
16566
13262
10376
9070
5734
-271
-4637
-6523
-9949
-14354
-14939
-12815
-13034
-14225
-11512
-7015
-5558
-5119
-2171
534
67
-380
1568
2775
1584
945
2221
3356
3738
4656
5983
6744
7072
7342
7481
7436
6593
4504
2491
1701
574
-2060
-4068
-4226
-4704
-6252
-6497
-5188
-4780
-4973
-3538
-1561
-1420
-1893
-988
-177
-1031
-1691
-922
-643
-1485
-204
4893
10191
12727
15270
21369
28079
30803
30789
31839
32297
27679
20236
15487
11600
3222
-7629
-14410
-17253
-20936
-25140
-26383
-25206
-24375
-23167
-19828
-15846
-13403
-12130
-10793
-9479
-8413
-7371
-6662
-6699
-6637
-5034
-2042
857
3204
6142
9856
12611
13928
15509
17275
16218
12076
8773
7235
3554
-2699
-6874
-8312
-11228
-15035
-14755
-11763
-11577
-12657
-9711
-4952
-3779
-4035
-1565
773
-357
-1402
572
1962
586
-71
1825
3640
4254
5386
7096
7947
8008
8098
8130
7660
6218
3700
1454
515
-639
-3195
-5080
-4948
-5037
-6266
-6174
-4437
-3852
-4270
-2921
-744
-722
-1774
-1204
-339
-1374
-2431
-1639
-1006
-1760
-566
4807
10557
13325
15858
22080
29001
31558
31308
32093
32095
26882
19001
13987
9907
1529
-9068
-15511
-18052
-21298
-24893
-25564
-24045
-23096
-21912
-18685
-14886
-12763
-11917
-10965
-9954
-9210
-8362
-7436
-7035
-6720
-4903
-1370
2166
4808
7854
11698
14306
15039
15991
17266
15631
10795
6895
4921
1179
-4699
-8486
-9703
-12048
-14860
-14086
-11043
-10303
-10732
-8192
-4255
-2968
-3055
-1505
0
-857
-1815
-582
793
354
-72
1396
3637
5143
6249
7604
8721
8881
8355
7982
7577
5868
2864
524
-395
-1662
-3965
-5350
-5131
-5227
-6057
-5696
-4118
-3400
-3439
-2394
-878
-834
-1513
-1183
-788
-1756
-2618
-1970
-1449
-1873
-33
5831
11576
14040
16814
23737
30704
32379
31479
32254
31658
25260
16995
12343
8050
-969
-11367
-16779
-18511
-21371
-24577
-24821
-22933
-21715
-20523
-17567
-14084
-12330
-12112
-11723
-10801
-9951
-9201
-8324
-7558
-6619
-4182
-92
3859
6766
9978
13690
15734
15879
16383
16804
13906
8342
4369
2033
-2171
-7429
-9983
-10757
-12926
-14418
-12061
-8842
-8464
-8398
-5488
-2550
-2333
-2382
-994
-681
-2323
-2810
-1169
-57
-286
193
2154
4307
6070
7731
9059
9580
9245
8457
7724
6815
4658
1404
-966
-1835
-2951
-4803
-5606
-5135
-5153
-5494
-4585
-3137
-2850
-2908
-1821
-731
-976
-1519
-1355
-1415
-2309
-2681
-2026
-1653
-1888
-270
5109
11287
14758
17106
22604
29705
32557
31510
31224
30902
25457
16627
10961
7349
-85
-10309
-16677
-18425
-20329
-23017
-23559
-21877
-20540
-19660
-17494
-14448
-12492
-12288
-12531
-12134
-11182
-10060
-8833
-7525
-6082
-3560
576
5031
8383
11301
14518
16406
16102
15562
15421
12898
7217
2173
-370
-3331
-8025
-11217
-11452
-11585
-12557
-11448
-7862
-5557
-5658
-4873
-2161
-830
-2085
-2928
-2245
-2532
-4152
-4014
-1628
-129
-88
1410
4899
7520
8399
9428
10725
10417
8595
7174
6216
4079
736
-1943
-3065
-3731
-4889
-5757
-5343
-4380
-4114
-3999
-2901
-1682
-1721
-2038
-1181
-431
-1349
-2448
-2121
-1836
-2771
-2972
-1587
-780
-373
3500
10598
15506
17162
20878
28005
32313
31329
29929
29868
26182
17597
10384
6940
1822
-7418
-15281
-17741
-18374
-20598
-22232
-21048
-19209
-18847
-18178
-15592
-13125
-12982
-13886
-13601
-12341
-11163
-9652
-7377
-5172
-2935
840
5866
9795
12121
14468
16424
16030
14196
13123
11435
6556
624
-2608
-4323
-7568
-10859
-11222
-10284
-10596
-10277
-7270
-4331
-4214
-4607
-3065
-1679
-2533
-3723
-3493
-3388
-4267
-4124
-1997
191
1275
2565
4985
7473
8883
9435
9696
9414
8058
6046
4480
3279
1171
-1677
-3281
-3197
-3369
-4389
-4538
-3510
-3059
-3354
-2869
-1926
-2098
-2741
-2132
-931
-878
-1491
-1313
-700
-805
-1139
-520
410
426
622
3955
10006
14593
16399
19243
25217
29788
29702
28232
27836
24890
17217
9836
6141
1893
-6269
-14280
-17579
-18272
-19838
-21279
-20630
-19155
-18667
-18077
-15955
-13548
-12854
-13445
-13492
-12458
-10868
-8821
-6363
-4122
-1861
1673
6271
10047
12378
14330
15540
14576
12386
10956
9196
4790
-764
-4099
-5668
-7920
-10078
-9907
-8652
-8684
-8521
-5987
-3100
-2913
-4032
-3598
-2680
-3450
-4589
-4085
-3309
-3835
-3720
-1135
1996
3467
4407
6404
8426
9110
9100
9158
8477
6424
4049
2622
1792
315
-1780
-3094
-3072
-2889
-3270
-3310
-2698
-2576
-3183
-3210
-2586
-2694
-3327
-2903
-1665
-1273
-1527
-974
43
136
-321
125
1119
1191
988
3362
8776
13604
15697
17954
23302
28402
29055
27385
26802
24768
17861
9837
5497
1976
-5224
-13441
-17404
-17970
-19029
-20378
-19850
-18189
-17492
-17247
-15766
-13536
-12501
-13033
-13533
-12780
-11012
-8786
-6171
-3411
-696
2602
6750
10569
12932
14367
15096
13943
11066
8592
6744
3132
-2241
-5976
-7092
-8388
-10400
-10120
-7508
-6427
-7041
-5482
-1984
-1189
-3234
-3572
-2277
-3341
-5749
-5199
-2975
-3116
-3803
-1214
2616
4150
4940
7184
8946
8676
8086
8072
7306
5454
3354
1472
324
-89
-1047
-2637
-2894
-1978
-2305
-3354
-2741
-1778
-2860
-4022
-3101
-2482
-3577
-3469
-1236
-46
-529
20
1571
1888
1206
1129
1379
1082
532
789
3723
9354
14088
15801
18332
24585
29462
28778
26528
25932
22514
13883
6052
2585
-1344
-8956
-15993
-18396
-18111
-18182
-18369
-17387
-15812
-15158
-15256
-14468
-12766
-12276
-13579
-14448
-13384
-11207
-8445
-4920
-1472
1456
5087
9482
12630
13890
14486
13944
10940
7046
4542
2333
-1589
-5857
-7963
-8283
-8441
-8258
-6909
-5143
-4332
-4204
-3397
-2108
-2118
-3797
-5127
-4988
-4749
-5023
-4292
-2212
-590
301
2366
5539
7391
7364
7282
7664
7240
5901
4857
4204
2957
1190
179
425
756
17
-1203
-1641
-1510
-1964
-2857
-3172
-3190
-3746
-4207
-3586
-2587
-2149
-1526
57
1670
2325
2492
2795
2841
2071
877
136
-79
-628
-1253
846
6911
13034
15605
17455
22896
28611
28933
25727
23831
21238
13490
4050
-870
-2952
-7950
-14963
-18215
-16886
-15395
-15642
-15368
-13584
-12723
-14164
-15528
-14728
-13570
-14501
-16039
-15138
-11949
-8406
-4641
-48
4339
7558
10302
12815
14009
13510
11830
8790
4548
947
-936
-2658
-5296
-7124
-6747
-5642
-5307
-4658
-2806
-1661
-2744
-4167
-3832
-3316
-4770
-6451
-5811
-4203
-3820
-3094
-99
2986
3849
4333
6276
7748
7072
5905
5556
4875
3451
2521
2448
2447
2181
1732
1308
1441
1733
730
-1319
-2412
-2587
-3674
-5091
-4805
-3674
-3640
-3583
-1963
-274
109
658
2160
2971
2498
2000
1795
1087
103
-664
-1196
-1369
-1211
-820
1721
8094
14744
17010
17408
21798
27315
26810
21796
18952
17005
10020
759
-3234
-3073
-6006
-12328
-15403
-13250
-11001
-11982
-13493
-12783
-12056
-14270
-17234
-16876
-14360
-14047
-15552
-14183
-9169
-4371
-1185
2574
7016
9593
9921
10103
10578
9756
7069
3556
433
-1592
-2485
-3039
-3827
-4274
-3966
-3588
-3585
-3277
-2629
-2922
-4616
-5993
-5778
-5064
-5144
-5256
-4047
-2180
-815
525
2677
4626
4992
4524
4683
5154
4763
3726
3076
2924
2771
2686
3024
3573
3653
2878
1803
1251
956
-229
-2289
-3723
-3997
-4165
-4532
-4022
-2595
-1598
-1292
-575
618
1248
1256
1505
2051
2156
1702
1212
1006
895
484
-26
-98
76
30
1231
6129
12755
16184
16115
18124
23436
25697
21985
17482
15651
11893
3698
-3007
-3783
-3605
-8153
-13938
-14450
-11020
-10116
-12862
-14405
-13082
-13059
-16309
-18391
-16019
-12883
-13194
-14089
-10629
-4319
-89
1841
4809
8620
10011
8766
7822
8028
7127
4006
626
-918
-934
-1063
-1853
-2408
-2210
-2156
-3056
-4216
-4438
-4267
-5042
-6425
-6599
-5006
-3397
-2677
-1860
-86
1438
1583
1426
2124
2836
2211
1068
1052
1982
2551
2645
3163
4115
4642
4506
4316
4210
3501
1785
-188
-1382
-1936
-2748
-3881
-4260
-3529
-2638
-2192
-1590
-421
483
404
-160
-354
-83
232
515
987
1575
1845
1706
1624
1760
1593
878
111
-478
-616
1447
6888
12873
15376
15591
18502
23546
24853
20789
16504
14252
9797
1847
-4088
-4477
-4183
-8174
-13192
-13277
-9476
-8101
-10799
-12985
-12249
-12171
-15337
-17978
-16136
-12517
-11786
-12399
-9370
-2848
2224
4078
5546
8088
9389
7866
5501
4459
4000
2152
-702
-2208
-1498
-325
-355
-1028
-1250
-1371
-2265
-3826
-5319
-6298
-6535
-6382
-6483
-6347
-4713
-1908
-51
570
1578
3190
3646
2850
2643
3165
2984
1959
1459
1781
2354
2966
3370
3126
2666
2673
2491
1395
147
-474
-1216
-2442
-2988
-2423
-1991
-2214
-2045
-1177
-504
-403
-313
-27
193
268
155
59
606
1971
3131
3313
3084
3078
2818
1768
336
-763
-1466
-2245
-3022
-2115
2686
10139
15610
16744
17380
21056
24617
22863
16851
11903
8630
3719
-2857
-6527
-5652
-4365
-6233
-9282
-9394
-6996
-6381
-9467
-13424
-15349
-16156
-17635
-18833
-17610
-14240
-10762
-7895
-4750
-793
3297
6245
7133
6104
4491
3473
2739
1446
-119
-676
126
1339
2103
2565
3112
3085
1555
-1314
-4126
-5905
-7131
-8565
-9793
-9278
-6091
-1453
2247
3850
4522
5571
6391
5724
3663
1589
39
-1131
-1713
-1149
527
2436
3788
4296
4397
4575
4633
3752
1700
-523
-1953
-2507
-2651
-2578
-2239
-1717
-1131
-702
-578
-591
-541
-666
-1318
-2140
-2346
-1710
-754
98
984
2080
3280
4106
4062
3136
1841
592
-711
-2116
-3136
-3504
-3564
-3065
-137
6210
13632
17943
18130
17493
18542
19679
17545
12230
6665
2857
198
-2139
-3492
-3394
-2598
-2506
-3486
-5190
-7308
-9586
-11837
-14072
-16504
-18546
-18881
-16903
-13589
-10339
-7317
-3911
-327
2268
3235
3180
2930
2563
1829
941
518
852
1858
3295
4846
6036
6368
5703
4127
1857
-865
-3642
-6014
-7643
-8344
-8142
-7089
-5184
-2395
881
3565
4625
3960
2496
1107
42
-893
-1747
-2265
-2080
-901
1034
3054
4486
5185
5346
5006
4052
2547
918
-375
-1082
-1250
-1052
-651
-185
237
455
338
-164
-949
-1815
-2559
-3058
-3227
-2984
-2284
-1238
-48
1086
1991
2564
2758
2632
2178
1358
319
-623
-1267
-1631
-1661
-1329
-886
-617
58
2478
7114
12457
16007
16797
15789
14370
12869
10893
8393
5726
3419
1738
791
203
-613
-1861
-3078
-3797
-4450
-5914
-8537
-11623
-14140
-15429
-15304
-13952
-11841
-9627
-7618
-5686
-3734
-2090
-1177
-922
-864
-690
-468
-305
-99
339
1123
2272
3678
4986
5647
5321
4109
2415
581
-1208
-2772
-3874
-4313
-4078
-3295
-2214
-1146
-368
-27
-78
-428
-970
-1633
-2286
-2672
-2496
-1607
-155
1492
2942
3947
4412
4346
3826
2978
1989
1104
554
482
878
1546
2210
2665
2890
2970
2908
2538
1778
785
-160
-831
-1153
-1078
-644
10
645
1069
1273
1338
1263
985
558
169
-74
-211
-209
11
453
944
1333
1531
1473
1145
646
168
-228
-582
-951
-1271
-1474
-1502
-1273
-680
316
1538
2735
3670
4193
4155
3467
2219
661
-864
-2023
-2512
-2201
-1220
110
1412
2360
2719
2354
1274
-367
-2256
-3991
-5172
-5563
-5197
-4286
-3086
-1826
-756
-117
-36
-453
-1216
-2124
-2951
-3472
-3554
-3237
-2644
-1907
-1142
-470
-22
124
-37
-449
-993
-1507
-1851
-1952
-1803
-1409
-781
18
866
1618
2173
2478
2505
2294
1949
1595
1312
1125
1072
1204
1525
1946
2333
2598
2708
2647
2405
1998
1488
987
581
336
283
399
611
800
885
835
667
393
33
-351
-658
-787
-706
-447
-87
297
637
862
932
845
633
354
56
-191
-325
-332
-244
-148
-100
-119
-197
-330
-523
-753
-966
-1114
-1191
-1212
-1177
-1100
-1013
-952
-909
-851
-782
-727
-703
-687
-642
-563
-454
-282
-11
369
826
1334
1845
2286
2564
2608
2420
2046
1553
1030
600
362
366
577
904
1225
1405
1323
923
231
-637
-1529
-2280
-2742
-2819
-2522
-1952
-1262
-625
-198
-82
-299
-775
-1370
-1934
-2323
-2438
-2255
-1821
-1245
-660
-181
106
174
37
-232
-544
-805
-958
-973
-853
-624
-330
-20
262
490
654
749
767
728
651
544
430
330
283
316
431
621
869
1151
1415
1615
1723
1738
1672
1543
1397
1287
1244
1271
1341
1423
1477
1454
1328
1093
768
391
6
-338
-606
-777
-860
-869
-827
-772
-723
-688
-683
-694
-704
-694
-661
-607
-523
-424
-315
-213
-129
-52
17
86
161
233
290
331
348
334
283
202
100
-14
-140
-260
-368
-467
-551
-619
-661
-668
-621
-515
-346
-118
153
430
681
877
984
998
924
788
633
506
439
447
516
621
722
778
753
635
431
168
-103
-341
-513
-603
-613
-580
-540
-537
-589
-712
-892
-1104
-1317
-1484
-1575
-1585
-1505
-1368
-1210
-1058
-946
-878
-847
-850
-866
-858
-803
-692
-520
-301
-62
174
381
544
655
711
728
718
698
682
676
689
710
737
761
771
760
728
672
598
514
422
345
301
288
316
390
489
610
738
838
911
919
855
771
658
550
474
424
428
488
557
607
622
561
447
297
99
-107
-293
-427
-515
-557
-561
-549
-529
-499
-491
-514
-553
-606
-639
-638
-632
-591
-511
-405
-275
-146
-46
28
63
62
36
-2
-29
-28
3
84
198
332
471
588
673
702
647
561
445
315
188
75
6
-21
-5
29
66
83
71
24
-71
-191
-316
-413
-475
-511
-499
-447
-379
-297
-238
-220
-229
-280
-353
-405
-435
-456
-434
-367
-281
-202
-140
-91
-82
-97
-112
-132
-150
-156
-140
-109
-81
-45
3
42
77
111
123
129
151
175
188
211
239
277
344
393
417
421
399
385
373
372
369
365
357
356
358
318
261
211
158
110
65
34
29
40
38
18
-3
-17
-37
-73
-119
-149
-163
-129
-65
-36
-10
30
55
48
32
-3
-54
-76
-78
-88
-70
-26
14
39
37
11
-15
-41
-70
-111
-124
-110
-92
-56
-20
6
21
24
16
10
12
27
41
54
72
95
114
116
114
100
83
70
51
40
40
46
41
37
36
20
-8
-35
-59
-83
-99
-102
-102
-96
-90
-84
-75
-88
-106
-101
-107
-142
-165
-161
-152
-137
-102
-64
-50
-44
-32
-14
-1
-3
-5
-12
-26
6
49
64
67
74
89
104
82
60
61
50
47
48
49
34
32
54
69
73
75
78
80
69
58
66
58
60
66
57
53
43
52
71
83
91
109
119
91
68
68
46
27
19
6
0
16
30
43
48
31
6
17
20
-8
-20
-35
-48
-49
-38
-18
3
17
31
30
-1
-33
-40
-39
-54
-58
-44
-20
-3
-4
-11
3
18
23
32
20
-7
-24
-20
-17
-6
17
42
58
69
74
71
61
47
34
30
18
2
-3
2
9
16
26
37
30
18
9
-11
-28
-44
-56
-63
-70
-54
-20
-13
-4
16
-2
-30
-52
-66
-61
-66
-55
-48
-42
-34
-24
-10
-7
-9
5
8
-18
-22
-23
-19
-2
5
15
38
64
67
72
48
27
42
62
56
48
54
51
39
36
47
48
39
49
63
58
46
43
39
23
23
42
45
33
39
48
41
31
50
55
42
38
40
36
25
12
20
21
3
24
30
19
25
31
19
-5
-10
-16
-26
-23
-21
-31
-22
4
19
10
11
9
0
-8
-23
-27
-12
5
2
4
4
-12
-1
18
23
18
10
14
17
15
11
0
4
20
19
12
-4
-1
22
29
15
10
3
-12
-15
-16
-7
-15
-30
-40
-37
-26
-20
-12
-19
-29
-14
2
-31
-41
-31
-39
-30
-22
-13
-5
-12
-17
7
12
-8
-9
2
-10
-22
-26
-9
31
21
10
17
40
60
51
30
7
35
50
19
34
51
53
85
86
74
57
74
89
34
24
42
63
64
59
74
61
67
61
66
43
20
24
25
31
-2
-2
3
21
50
74
75
52
46
12
-12
-18
-13
-2
-10
7
22
36
37
20
-15
-15
-6
-15
-27
-26
-3
-8
-34
-54
-46
-13
-12
-24
-17
-45
-73
-64
-66
-55
-43
-30
5
6
-13
-21
-12
-24
-26
-7
-12
-28
-23
-15
-21
-7
10
37
62
41
25
23
14
-1
-26
-23
32
37
24
56
40
14
23
25
27
14
-5
-10
-16
-26
10
52
41
22
2
4
27
17
-19
-6
2
-10
1
22
7
0
25
30
26
14
-6
33
49
22
36
10
8
-12
-12
43
42
8
18
61
10
6
48
19
-22
-1
24
15
27
65
61
31
7
3
14
25
49
27
20
30
30
3
12
57
21
-3
23
4
-5
4
19
21
18
-3
-22
-20
-12
-18
-25
-9
-15
0
9
9
-1
-21
-20
-20
-11
-15
-37
-37
1
1
-21
11
30
0
-47
-42
-11
-25
-19
21
18
4
19
19
5
5
3
2
15
3
-12
29
23
-19
4
41
30
18
47
58
25
-6
-3
-4
-12
-3
24
35
26
51
46
9
1
14
9
-36
-5
38
0
18
52
17
19
27
23
39
-19
-46
-3
39
21
11
30
56
19
-10
8
0
29
27
-16
-30
-20
1
43
65
26
-13
-4
2
36
-3
-31
-15
4
33
55
23
-5
10
18
-23
-19
-5
3
38
18
14
17
-7
3
53
-13
-74
-20
11
27
24
-3
24
28
-18
0
-6
-48
-12
2
-20
-7
21
1
-8
-3
-4
11
15
-27
-52
19
49
44
34
-45
-67
9
48
36
-19
-43
10
53
65
16
-16
16
18
-3
-22
-15
32
79
35
-26
-10
57
40
-21
-46
-38
38
89
54
-14
-38
-3
50
48
-13
-7
27
21
34
50
35
-4
12
13
-14
-7
27
62
52
20
-15
-10
48
40
-56
-47
-24
-3
66
62
-28
-94
-1
70
44
-55
-65
-63
-25
30
37
52
10
-18
-40
-43
3
60
40
-13
-72
-19
78
101
62
-8
-68
-56
27
61
31
-27
-31
35
21
-72
-30
62
47
-26
-40
-4
19
40
11
-61
-92
-6
59
56
43
-7
-15
26
52
81
17
-78
-32
49
40
45
29
4
10
15
23
18
-8
-20
-12
-14
-25
29
37
-17
-8
-1
-20
15
74
65
-24
-70
-21
28
72
23
-37
20
88
201
242
99
-51
-108
-70
-4
-53
-67
0
22
21
-33
-34
-32
-65
-73
-65
-77
-66
-30
-1
30
28
22
15
17
22
37
33
1
-11
4
30
41
37
38
34
22
7
1
-2
-8
-13
-30
-26
0
9
2
18
5
22
76
77
53
27
-11
-44
-15
31
18
-14
-38
-24
45
53
28
31
20
-15
-36
-39
-41
-23
14
41
-1
-68
-3
48
26
32
-6
-78
-86
9
94
96
39
-22
-7
45
73
23
-36
-24
25
19
18
38
23
10
16
7
3
42
28
-15
-25
1
2
-5
-4
5
-3
1
-1
-18
14
40
-7
-62
-22
8
-12
-72
-70
-9
29
9
-26
-28
-14
11
-14
-91
-96
-49
1
43
30
18
-4
21
53
52
34
8
6
-15
-6
46
73
63
99
115
58
-14
15
83
83
72
38
-8
-3
63
83
61
37
15
78
131
84
24
10
33
45
27
-10
-57
-16
100
141
77
-4
-24
-2
-15
-45
-86
-124
-115
-59
3
38
44
-39
-121
-97
-73
-104
-137
-148
-131
-106
-79
0
33
-7
-45
-68
-75
-76
-111
-147
-115
-40
9
25
11
-7
58
88
-5
-96
-91
-28
37
62
18
-16
46
96
107
94
13
-17
5
-10
9
59
59
43
78
119
110
81
58
38
29
-4
-17
14
46
82
100
94
78
70
65
44
14
-35
-62
-9
64
94
90
84
67
57
50
36
-3
-48
-54
-27
4
32
31
-11
-8
34
74
48
5
-32
-39
-10
-3
-29
-50
-28
-1
11
-2
-8
-23
-8
0
-43
-58
-24
2
-15
-45
-66
-55
-30
-15
-23
-33
-42
-25
8
13
-12
-37
-47
-39
-29
-15
-19
-40
-33
-13
9
34
47
23
4
8
10
29
24
10
22
18
22
40
48
36
17
5
23
55
44
14
5
12
26
42
43
26
7
19
30
20
14
18
25
13
6
4
-6
4
5
-2
16
28
20
19
16
6
9
4
-6
-11
-7
-3
-6
0
6
6
7
1
-6
1
7
8
4
-2
-9
-18
-15
-2
14
16
4
2
10
15
14
3
-2
0
8
9
8
13
4
8
14
7
1
2
-1
6
11
8
1
-1
4
8
13
8
-1
-12
-10
-2
2
2
4
6
9
9
10
8
0
-1
-5
-8
-3
5
11
17
21
15
4
-3
5
5
-2
-4
-2
2
5
2
-1
4
4
6
10
12
7
2
4
8
4
2
3
2
3
3
6
7
4
6
12
13
16
15
7
5
4
5
1
-1
-1
7
9
8
8
5
8
8
3
-1
-2
0
6
6
8
7
2
0
0
-1
-1
0
4
0
0
3
1
0
5
12
10
5
1
-3
3
4
2
2
2
-1
2
6
9
5
4
6
8
8
5
8
