SAMPLES:	7037
BITSPERSAMPLE:	16
CHANNELS:	1
SAMPLERATE:	16000
NORMALIZED:	FALSE
2
0
-2
0
4
5
5
2
-1
3
1
5
2
-1
1
2
2
3
5
3
3
3
4
4
4
5
4
7
-1
-6
-2
-3
-8
-11
-10
-11
-13
-13
-12
-8
-6
-4
-6
-10
-8
-6
-4
-4
-5
-9
-5
-6
-5
-5
-9
-4
-4
0
0
2
4
3
4
6
2
4
3
2
2
-1
-2
-1
1
3
4
-1
0
-1
1
3
2
1
0
2
4
4
3
6
1
0
1
0
4
2
-4
-1
2
6
9
7
6
5
7
4
5
10
4
4
2
7
7
4
8
10
7
2
6
4
2
3
2
2
-4
-1
-2
-5
-6
-8
-9
-7
-7
-6
-2
-4
-6
-6
-5
-4
-5
-2
-4
-7
-6
-8
-9
-5
-5
-3
-5
-5
-5
-7
-5
-5
-3
1
1
3
2
1
1
-1
-4
-5
-1
-1
-1
-1
-1
-2
3
3
0
-2
-3
0
3
-1
-1
-2
-1
-2
-1
-1
-1
1
1
2
-1
1
3
6
4
2
1
1
4
4
2
2
3
2
4
5
3
3
2
0
-3
2
6
6
5
4
6
1
1
3
3
-1
-2
1
4
3
0
1
3
2
3
6
5
1
-6
-2
1
3
3
2
3
1
-1
1
0
-1
-2
0
-6
-5
-4
-2
-1
-2
-1
-3
0
-3
-2
-1
-6
-7
-5
-5
-5
-4
-6
-5
-6
-4
-5
-4
-4
-2
-3
-5
-1
-3
-4
-5
-3
-5
-7
-3
0
-1
0
0
0
0
0
2
1
1
0
0
3
-1
1
4
4
2
3
2
4
4
1
0
-1
-1
0
2
-2
2
4
0
1
4
2
-2
5
5
3
3
3
5
1
1
6
9
7
5
11
9
8
6
6
4
1
1
2
0
-1
-1
2
2
4
4
5
4
2
-1
1
1
-3
-1
-6
-8
-7
-1
1
-1
-2
1
-2
-6
-4
-3
-7
-9
-9
-12
-11
-6
-3
-7
-7
-5
-6
-7
-9
-12
-12
-11
-8
-5
-7
-3
-2
0
1
2
6
3
2
1
1
-4
-5
-3
-5
-2
3
5
8
11
12
10
9
5
1
5
5
4
7
6
0
3
4
5
6
7
10
12
11
12
9
3
5
8
7
5
6
7
6
4
6
3
0
1
-5
-6
-7
-4
-2
-4
-1
-1
-4
-4
-4
-6
-6
-9
-10
-9
-7
-5
-7
-12
-6
-3
-5
-6
-4
-5
-3
-2
-2
-1
-5
1
1
-1
1
1
0
3
0
0
1
1
2
5
2
2
10
9
7
6
4
5
2
2
3
-2
-4
-3
-3
-3
-4
-3
-1
4
2
1
-1
-3
0
-3
-4
-1
-1
3
1
1
3
4
0
-1
-1
-2
3
3
4
2
4
1
-2
0
-2
-1
-2
3
3
0
3
4
0
-2
1
2
2
3
3
4
3
1
0
-1
-1
-2
-5
-6
0
-2
-1
-1
-1
-2
3
8
3
0
6
11
6
3
3
0
-6
-5
-1
-2
-2
-2
2
4
2
4
2
0
-5
-5
-2
2
-5
-7
-10
-7
-6
-6
-2
-2
0
0
2
-2
0
1
0
1
0
3
3
1
1
2
4
3
2
3
2
2
3
-1
1
1
0
1
3
-1
1
3
1
1
-1
1
1
-2
-3
-4
-3
-4
-2
-2
-2
-1
-4
-1
1
-3
-2
-3
-3
-3
-4
-2
-1
-4
-3
-5
-3
-4
-6
-5
-8
-6
-1
2
3
4
4
2
4
3
4
5
4
4
7
2
0
4
6
8
3
3
4
5
5
5
6
4
3
5
8
5
3
4
3
4
3
4
6
4
4
5
7
4
4
2
2
-1
-7
-2
-3
-3
-4
-3
-4
-8
-6
-6
-3
-5
-2
-2
-5
-6
-7
-5
-6
-7
-8
-3
-1
-9
-12
-9
-8
-7
-9
-7
-7
-9
-5
-1
-1
-1
-6
-6
-7
-6
-4
-4
-4
0
-1
-4
-1
1
2
2
6
3
-1
1
3
6
6
7
9
7
2
5
7
6
3
5
6
3
3
5
6
10
11
8
8
7
4
5
4
3
3
3
2
2
0
3
3
7
8
6
5
6
8
8
4
0
3
2
-3
-1
-2
-7
-10
-6
-3
-2
-2
1
-1
-7
-4
-5
-9
-10
-11
-9
-10
-12
-9
-9
-9
-9
-8
-7
-8
-6
-7
-8
-5
-4
-6
-2
1
-2
-3
-5
-2
-2
-4
-1
-3
-6
-8
-3
1
0
2
8
9
2
3
6
5
5
2
2
3
3
5
1
1
1
0
2
0
4
8
8
9
6
6
4
5
1
1
0
3
4
3
1
0
7
4
4
7
11
7
8
11
7
5
5
6
6
0
3
3
4
3
1
2
0
3
2
2
2
-1
-2
-3
-4
-3
-7
-7
-7
-6
-6
-8
-10
-8
-5
-6
-6
-8
-8
-6
-7
-10
-15
-13
-12
-12
-11
-9
-10
-10
-7
-10
-7
-7
-7
-6
-2
-1
0
1
5
1
-1
-2
-4
-3
-7
-5
-4
-1
1
2
4
1
-2
5
8
8
1
2
5
2
6
10
11
12
10
8
14
18
18
19
16
19
25
22
20
18
16
12
11
8
7
9
8
9
11
15
13
15
15
11
7
2
-1
-2
2
12
22
34
43
52
61
72
80
85
80
80
84
87
92
99
112
120
141
157
164
165
165
160
155
146
126
102
79
56
32
0
-29
-67
-100
-143
-193
-236
-280
-320
-350
-395
-448
-476
-496
-515
-528
-559
-584
-585
-592
-587
-581
-593
-583
-553
-525
-483
-439
-409
-349
-281
-219
-157
-104
-58
-6
42
96
143
188
236
278
314
351
389
441
502
533
566
584
596
634
645
627
600
573
542
538
526
531
544
534
537
546
535
505
483
447
400
330
250
170
82
10
-27
-66
-120
-198
-278
-380
-528
-694
-846
-925
-976
-1007
-1047
-736
-140
619
1344
2146
2991
3500
3764
3986
4223
4242
3912
3120
2428
1847
1367
960
538
58
-556
-1091
-1419
-1454
-1481
-1649
-2026
-2404
-2692
-2975
-3075
-3332
-3855
-4559
-5059
-5326
-5429
-5432
-5352
-5231
-5133
-4761
-4041
-3094
-2333
-1798
-1366
-855
-285
230
625
789
783
660
634
777
1026
1180
1190
1251
1452
1836
2275
2775
3154
3277
3298
3410
3660
3714
3709
3660
3594
3282
2970
2816
2590
2268
1821
1514
1020
714
550
524
357
194
99
-217
-411
-546
-589
-1013
-1265
-1377
-1525
-1770
-1834
-1725
-1957
-2087
-2042
-1828
-1890
-1841
-1708
-1678
-1619
-1431
-1136
-1099
-944
-783
-686
-648
-430
-180
-182
-172
-144
-122
-177
-99
-26
-112
-160
-138
-118
-222
-261
-294
-504
-728
-852
-922
-1194
-1019
170
1844
3067
4065
5798
7409
7927
7812
8498
9267
8592
6731
5058
4228
3400
2436
1253
227
-716
-1530
-2164
-2417
-2160
-2176
-2663
-3440
-3831
-4020
-4092
-4375
-5286
-6564
-7439
-7500
-7687
-8099
-8208
-7751
-7471
-7348
-6545
-5020
-3521
-2744
-2208
-1449
-287
749
1297
1500
1585
1636
1467
1465
1663
1907
1913
1890
2006
2261
2856
3591
4045
3888
3820
4083
4327
4156
4019
4029
3618
2860
2425
2606
2623
2397
2162
2104
1981
1919
1866
1701
1545
1349
820
61
-188
-212
-695
-1460
-1636
-1635
-2026
-2381
-2156
-1951
-2226
-2341
-2136
-1975
-2062
-2003
-1974
-1960
-1884
-1812
-1828
-1718
-1371
-1304
-1336
-1087
-558
-452
-527
-305
-29
-50
-172
1
99
79
51
191
237
220
226
200
159
107
7
-233
-556
-794
-997
-1388
-1947
-1885
-313
1741
3002
3654
5707
8290
9477
9468
10250
11667
11049
8839
6644
5834
4751
3150
1250
-461
-1699
-2846
-3476
-4139
-4059
-4182
-4376
-4891
-5207
-5218
-5233
-5210
-6338
-7793
-8882
-8692
-8927
-9855
-10308
-9719
-8861
-8649
-7557
-5552
-3249
-2073
-1285
-83
1544
2975
3477
3664
3552
3569
3273
3036
2828
2659
2599
2481
2504
2549
3207
4042
4533
4265
4038
4418
4890
4652
3737
3218
2961
2323
1346
1264
1681
1560
961
1001
1556
1769
1885
2029
2125
1814
1500
896
302
64
-213
-1109
-2063
-1979
-1907
-2424
-2788
-2279
-2100
-2578
-2471
-1794
-1607
-2064
-2086
-1908
-2072
-2253
-2155
-2081
-2131
-1866
-1578
-1436
-1063
-519
-326
-384
-87
261
143
-81
61
171
-88
-324
-262
-297
-538
-764
-904
-993
-1254
-1495
-1902
-2378
-2949
-2233
704
3567
4549
4903
8482
12258
13163
12339
13770
15651
13847
10632
8369
8027
5871
3161
96
-1945
-3406
-4714
-5525
-6508
-6259
-6654
-6554
-6952
-6946
-7240
-7303
-7230
-8872
-10664
-11603
-10548
-11161
-12632
-12934
-11081
-9334
-8996
-7367
-4534
-1371
-207
1055
2870
5063
6256
6251
6090
5645
5539
4857
4289
3436
2915
2603
2496
2481
2408
3161
4096
4511
3733
3372
3968
4252
3179
1868
1658
1393
411
-420
-115
358
352
548
1419
2628
3552
4081
4309
4574
4663
3868
2495
1395
711
-645
-2208
-2884
-2828
-3231
-3930
-3700
-3080
-3057
-3553
-3349
-2826
-2800
-3120
-3222
-3052
-3106
-3279
-3459
-3267
-2623
-2092
-1911
-1572
-585
136
232
318
582
539
137
84
181
55
-326
-511
-603
-686
-918
-1109
-1454
-1927
-2107
-2602
-3450
-4012
-635
4232
6689
6229
8855
15475
18738
18248
17533
20722
20350
16294
11601
9787
8420
4147
-151
-4749
-6367
-8309
-9066
-10574
-11007
-10582
-10492
-9655
-10081
-9533
-10052
-9249
-10310
-12630
-14246
-13582
-11899
-13635
-14569
-13414
-9330
-7601
-6462
-3406
1134
4619
5178
6897
8923
11093
10455
9077
7671
6490
5499
3619
2236
374
-84
-344
-128
-217
106
1499
2324
2284
1106
1605
2551
2273
37
-993
181
577
-556
-918
1530
3378
3867
4715
7361
9178
8960
8437
8196
7848
6139
3802
901
-987
-2145
-3869
-5862
-6214
-5006
-5266
-6014
-5120
-3263
-3525
-4785
-4601
-3802
-4110
-4898
-4529
-3896
-3615
-3415
-2572
-1425
-255
526
632
828
1496
1932
1210
546
658
549
-596
-1419
-1167
-1134
-1987
-2878
-2900
-2951
-3746
-4573
-4795
-5167
-6231
-3559
4055
9954
9970
10559
19168
26846
27245
24433
26804
29278
24117
16176
10829
9560
4213
-3298
-10310
-13345
-14545
-16422
-17399
-18088
-16571
-16200
-14583
-13575
-12588
-12471
-12175
-11355
-13737
-15765
-15913
-12142
-11486
-13232
-12341
-6860
-814
575
3095
7922
13643
14240
13157
14007
15549
14281
9014
5054
1990
164
-3040
-5536
-7242
-7971
-7379
-6566
-4750
-3777
-1685
314
1656
938
432
2126
3071
1542
-889
955
4133
4677
3848
6993
12143
12967
12166
14104
16647
14246
10171
7959
5444
1353
-2593
-5907
-9478
-10607
-9871
-10488
-11129
-8158
-4929
-5605
-5722
-2281
-292
-2830
-4388
-2928
-2646
-4303
-4355
-2573
-1743
-1408
-414
952
2165
3341
3516
2262
1589
1890
1128
-1434
-2800
-2249
-3140
-5684
-6250
-4648
-5158
-7503
-8005
-6661
-7111
-9164
-8993
-1253
10217
14661
12771
14895
25048
31993
30025
25753
27780
28061
20170
10294
5292
3210
-4039
-12512
-18808
-20309
-20572
-20404
-19838
-19648
-17737
-15459
-11953
-10709
-9953
-9193
-7743
-7366
-9677
-10351
-8321
-3761
-3063
-4020
-1892
4944
10652
10707
11230
14417
17452
14220
9701
7921
6649
1868
-5326
-9763
-12248
-13060
-14192
-14545
-14332
-12259
-8409
-5047
-2188
89
3373
5500
6044
5194
5247
7022
7851
6468
4828
7424
11343
12327
11403
13103
15666
13870
10119
8101
6655
1654
-4559
-8668
-10839
-12071
-13134
-13645
-12983
-9470
-5706
-3720
-1699
1993
4202
2842
1947
3016
3237
481
-1767
-1639
-1016
-1225
-1298
27
1186
1464
999
1092
1572
1056
-885
-3202
-4047
-4248
-4704
-5935
-6708
-6240
-5907
-6660
-7039
-5837
-5099
-5964
-6641
-6498
-2708
7953
17043
17351
14722
20403
30138
31595
25188
22204
23354
17687
6217
-2911
-5556
-8960
-16071
-23322
-26111
-23274
-20046
-18109
-17265
-13862
-9781
-6659
-4558
-3034
-1493
-1105
-564
-1771
-2890
-2007
2038
5306
4339
3606
6995
13026
13660
10079
8155
8942
6092
-1806
-7388
-8817
-10408
-16013
-20473
-20352
-16737
-13056
-10618
-7474
-3045
2586
6507
8941
10743
12272
12524
10902
8680
6636
6475
6996
6190
3745
3896
7965
10567
8437
5815
6468
5086
-481
-4856
-5571
-7887
-12584
-14080
-11817
-8930
-6186
-2896
-352
2483
6420
8482
7630
6995
6853
3572
-784
-1722
-934
-2760
-5323
-4836
-2648
-1315
-839
26
885
754
-777
-2293
-2389
-2431
-4059
-6120
-6103
-4538
-3563
-3587
-3235
-2384
-2044
-2376
-2730
-2291
-2198
-3838
-4355
4194
16287
18747
14246
17552
28774
31891
24356
18478
19291
14686
2189
-9247
-13198
-14345
-19514
-25996
-28471
-23451
-17477
-13922
-11231
-6662
-1959
476
2826
3704
3394
2474
2915
1682
-1381
-1101
3287
7574
6317
4218
6006
10746
10813
4502
-531
-1517
-4071
-12631
-19010
-18537
-16261
-18080
-19775
-15632
-8198
-1509
2683
6726
10615
13975
15446
14757
13266
11150
8717
5435
2225
-247
-339
1379
1687
-302
-1020
2085
4684
2998
-317
-750
-749
-3628
-5853
-4290
-2726
-4091
-4465
-1404
2115
3934
4505
4001
3435
3727
3142
660
-710
-420
-1991
-4500
-3433
-115
344
-1308
-1251
81
336
-512
-1536
-2497
-3246
-4367
-5457
-4802
-2768
-2063
-2760
-1615
1119
2256
1692
1463
958
-900
-2719
-3680
-4736
-6106
-7786
-4649
7744
18542
17628
13826
21251
31452
28616
16831
12130
12251
3151
-11360
-19558
-18074
-17374
-21500
-25008
-20897
-10969
-4842
-2924
-962
3184
4423
3405
2579
1192
-582
-1204
-169
-1595
-1738
2775
9271
10663
6904
5169
6691
6969
175
-8670
-12668
-12857
-16492
-22264
-20881
-13103
-7737
-7682
-4245
4480
11778
13270
12246
12553
12086
9547
5548
2995
1831
727
-590
-1261
-271
1721
4057
4130
1672
-532
-275
-961
-4569
-6226
-4670
-4112
-5197
-2189
3490
5710
5354
6229
7179
5978
4657
2592
-1107
-3786
-4144
-4890
-5466
-2910
-451
-820
-705
2156
3501
1923
395
-868
-2683
-3947
-4117
-4730
-4524
-3146
-2624
-2447
-22
2873
2438
1278
1893
2106
317
-1102
-1626
-3172
-4899
-5418
-5494
-5790
-5408
895
13961
22971
19631
15280
24091
32467
24629
9220
4336
4338
-5439
-18868
-23284
-16937
-13644
-17637
-20540
-13134
-1226
1874
-1318
-2121
1013
466
-1649
-1734
-1009
-461
1389
4541
4929
6862
11732
14679
9613
1119
-2556
-3036
-6426
-15400
-21441
-19844
-15723
-16105
-15789
-7111
3259
5489
2538
5657
12453
13667
8061
3501
3749
4314
2483
434
2382
5721
5714
2982
2040
3493
2987
-885
-5626
-7452
-6509
-5957
-6377
-4221
787
3137
2885
5322
9806
9479
4741
2044
1574
150
-2205
-3501
-3676
-2703
-1442
-1050
152
2771
3066
-222
-1890
-601
-813
-3358
-4317
-3395
-3208
-3004
-1544
113
609
66
-873
-1065
221
624
-1008
-2102
-1122
-440
-1348
-1609
-1002
-1219
-2793
-3762
-3961
2464
16322
24065
18191
13213
22825
29596
20348
5739
1062
-7
-9249
-20510
-23732
-15472
-10146
-14215
-18125
-10093
2329
3628
-1104
-2551
-39
-992
-2081
-968
1449
4460
6258
6955
6539
9564
12127
9497
800
-8113
-11388
-11498
-13862
-20120
-20913
-14545
-9255
-9302
-5978
4326
10708
7692
2673
4830
9314
8597
3009
328
3441
5680
3980
3180
6693
7410
2014
-3269
-3824
-3166
-5511
-9393
-10699
-6680
-1660
398
2429
7831
10922
7723
5121
6764
6596
1033
-3793
-4369
-3219
-2390
-1798
-760
1020
2236
1049
268
1856
1935
-2025
-5026
-3520
-1582
-1871
-2157
-1017
-363
-566
-699
-604
-618
-1307
-2817
-3210
-1468
97
71
68
755
393
-566
-852
-1232
-2922
-4657
-4546
5004
20497
26308
18262
15911
27158
28394
13288
-920
-2574
-5827
-17614
-25996
-22830
-11452
-7602
-11615
-11925
-1371
6610
2314
-3104
-2963
-1498
-4290
-3891
97
5430
9807
11000
9642
8117
10240
8584
261
-11067
-17729
-17798
-16507
-17446
-18575
-12083
-3657
-1128
-2033
3464
11069
9062
1067
-1885
3129
6044
3823
1818
5485
10294
8819
5136
5523
6565
319
-8574
-11380
-9169
-8187
-9582
-8451
-2849
3343
5709
6664
9945
11395
6501
841
830
2308
-375
-3969
-3522
-519
1008
687
647
1521
813
-2226
-3819
-1745
55
-1652
-2982
-750
1802
1479
110
-407
-1118
-2975
-4803
-4991
-3275
-1756
-1690
-1117
1760
4248
3556
1810
887
-543
-3399
-5059
-5444
-5273
-4970
5091
23154
30847
22282
17025
27431
28451
11016
-6610
-8919
-8122
-17068
-24601
-19866
-5865
-1794
-8227
-9252
210
4972
-3362
-9526
-7698
-3414
-3179
-1036
5003
11993
16350
14254
9972
6009
3431
-2166
-10435
-18294
-21987
-18324
-13184
-11152
-9981
-3331
2354
715
-2217
306
4223
1135
-3816
-2848
5289
11373
10522
8962
11453
12749
6320
-1012
-3105
-2766
-7804
-14349
-12261
-3112
1088
-1824
603
7401
7745
2738
2315
4146
917
-2863
-2079
1107
3084
3146
1532
1358
3007
1272
-2866
-3364
-1749
-3608
-4589
-325
3212
2274
1081
1659
1056
-1080
-3220
-4786
-5307
-5600
-5854
-4261
-408
1457
992
1844
3778
3135
500
-1290
-2190
-3350
-4316
-4622
-3325
-1415
2025
16329
30762
28860
14642
15143
25010
17169
-1518
-10261
-6557
-8681
-16187
-16267
-5882
1547
-5568
-13205
-7501
1397
-3299
-11262
-8386
-1084
1903
3615
9297
13902
14204
9867
4624
1485
-1944
-7656
-12676
-14795
-15191
-13133
-8272
-6256
-7622
-6191
-3189
-4468
-7581
-5655
-1346
479
975
4419
10625
14104
12295
8661
8341
6034
-892
-6652
-5922
-2924
-5471
-7883
-4225
2678
2379
-498
2072
4802
1971
-670
2273
3899
2280
797
1501
2605
3568
1763
-1333
-920
5
-2117
-2995
489
1299
-1341
-1096
1699
1363
-887
-1715
-2180
-2457
-2778
-2929
-2529
-1439
-2030
-2839
-1031
573
-310
-1456
-488
-48
-873
-1632
-1811
-1703
-1682
-2247
-2211
-1344
2013
16741
29695
26217
12056
14469
24190
15855
-1790
-9424
-5334
-6591
-12809
-13140
-3010
2319
-6307
-15090
-8519
1003
-2989
-10784
-9791
-90
7387
9257
9157
12550
14602
7167
-1881
-2766
-567
-7328
-15709
-16781
-10486
-5791
-6843
-9481
-9153
-6636
-8072
-9119
-6432
-2263
-964
39
3914
9590
13991
12078
6370
2798
3590
1719
-1672
-2003
-2260
-3534
-3274
-1
146
-1678
-3378
-4418
-2746
1680
3314
2558
4004
5747
5755
5224
5275
1745
-2016
-2508
-1177
129
342
-313
-674
836
1702
882
-502
-1563
-2965
-3056
-1495
-506
-914
-1890
-1944
-1271
-543
-1303
-2109
-2236
-1691
-579
969
1125
-813
-1984
-1991
-1551
-2192
-2945
-4114
-2756
-933
10803
27047
30251
16234
8150
18703
19448
4613
-9739
-7280
-2937
-6495
-10463
-2217
6083
-2325
-16616
-15901
-1821
-1109
-10633
-13143
-916
9610
9469
9285
13017
12981
2931
-4634
-3781
-158
-4549
-11815
-12806
-6935
-2502
-5242
-9266
-12152
-12296
-12074
-10267
-7290
-2097
1837
2545
4271
9478
13524
9020
1218
-2223
860
3196
836
-770
1984
2571
-800
-1640
674
-2119
-7235
-6080
-1149
2281
3633
4408
4026
4513
5010
2887
46
-275
-843
-1560
1187
4659
3660
302
48
535
-717
-2425
-3535
-4072
-3187
-1476
-331
321
-227
-2332
-3555
-2007
-967
-2027
-2258
-104
2139
2601
2158
1352
105
-1920
-3014
-2983
-2142
-3201
-3276
-1469
5162
20659
28137
20108
5535
10322
18282
10319
-5158
-7871
537
823
-4903
-5038
4542
2109
-12325
-20220
-7600
1974
-5344
-11555
-3160
10701
11169
5851
4757
7665
1967
-7503
-8199
-322
1273
-7297
-10378
-5079
92
-4405
-11181
-14282
-12622
-10639
-9617
-6369
-1112
2591
1635
2045
5128
8177
5119
-435
-1951
2528
8207
7278
2659
102
1719
202
-2616
-2463
-1760
-4901
-5795
57
4183
2635
-85
151
482
1805
2804
1888
887
2484
3944
3436
3888
3342
-42
-2780
-1216
76
-1148
-2339
-2247
-2157
-1685
-827
-1665
-3039
-3654
-3390
-2600
-746
-73
-698
-120
1731
2112
862
164
-679
-1354
-1382
-931
-1203
-1654
-658
1279
14206
25919
22929
7306
4860
15818
13420
-493
-8524
-820
2772
-1172
-4643
2000
4159
-6416
-16892
-11380
1187
-1446
-9715
-6901
6739
10494
4578
2082
4951
3247
-5017
-7355
-1899
2967
-2948
-8819
-7022
-2014
-4757
-11645
-13359
-11638
-10114
-9421
-5443
-1390
608
-903
-1244
1082
3825
2930
98
662
4150
8703
9207
5724
1400
883
1005
-956
-1821
-850
-1392
-2258
832
3120
948
-1866
-1563
-1500
-1197
1309
2667
1648
2182
4505
3919
2237
1843
548
-1997
-1970
-458
-1117
-2080
-1810
-2103
-2925
-1868
-1269
-2493
-2932
-1833
-1290
-1292
-186
-95
-1212
-1230
-103
382
406
677
271
-40
802
411
-187
-164
6087
17697
22922
15933
4760
9196
15569
10040
-3557
-5044
2155
3300
-735
-1806
1360
-1515
-8267
-11769
-5452
437
-2317
-7470
-3556
5692
6621
1170
-1499
-132
-1644
-4144
-2961
-232
-19
-3388
-4952
-4649
-3866
-7330
-11317
-12179
-9994
-8056
-6223
-3094
-1788
-2619
-3144
-1099
-109
-496
-809
584
3725
6686
7230
4699
3072
3125
2565
767
74
732
1120
1333
1306
951
95
-300
-901
-1245
-578
926
1733
1960
2117
2175
1961
1468
815
257
380
516
32
-649
-963
-1575
-2585
-3059
-2704
-2128
-1751
-1336
-972
-618
-425
-835
-1504
-1627
-1161
-995
-987
-510
111
142
167
437
498
-210
-266
727
2994
9537
16622
18056
10366
5500
8108
11352
6887
-440
-1560
1928
5729
4750
2284
-870
-2257
-4290
-5904
-5020
-2516
-2072
-4275
-3837
-435
1541
-471
-3591
-4976
-5215
-4144
-2790
-1863
-2613
-3643
-3804
-3254
-2961
-4384
-6263
-7561
-6602
-5111
-3909
-3476
-2934
-2524
-2286
-1866
-1316
-1062
-1445
-1349
-342
1049
1717
1597
1456
1825
2524
2752
2128
1358
1342
1920
2242
2266
2347
2666
2732
2491
2035
1748
1547
1446
1365
1519
1672
1506
1188
872
681
132
-681
-1349
-1298
-810
-511
-480
-397
-205
-292
-421
-375
-428
-980
-1479
-1226
-672
-530
-876
-894
-685
-584
-730
-770
-722
-885
-912
-587
-189
-348
-555
-181
1013
2674
3594
3321
2529
2918
4015
4521
4128
4139
4387
4727
5187
5849
5976
5200
4418
3897
3849
3606
2834
1373
722
889
859
-349
-1646
-2327
-3046
-3937
-4346
-4306
-4884
-5868
-5902
-5056
-4823
-5767
-6591
-6502
-6171
-6221
-6381
-6245
-5848
-5241
-4596
-3776
-2995
-2635
-2977
-2935
-1963
-1010
-1027
-1188
-604
344
1030
1523
1820
1930
2276
2918
3228
3201
3405
3745
3917
4029
4201
3946
3383
3037
3005
2887
2584
2265
2022
2009
1978
1558
817
352
93
-398
-892
-946
-811
-863
-833
-669
-600
-941
-1268
-1388
-1345
-1564
-1848
-1849
-1697
-1516
-1563
-1509
-1651
-1711
-1435
-605
965
2395
2548
1423
1485
3011
4308
3737
3446
4136
4930
5065
5136
5800
5875
5354
4386
4495
4736
4249
2137
935
1514
2147
921
-1034
-1507
-1514
-2232
-3228
-3176
-3253
-4319
-4959
-4066
-3323
-4672
-6434
-6760
-6090
-6006
-6503
-6542
-6146
-5325
-4584
-3929
-3813
-3962
-4256
-3880
-2974
-2534
-2734
-2506
-1068
496
1231
1367
1064
995
1442
1982
1788
1625
2273
3232
3737
3903
3924
3353
3103
3191
3189
2704
2621
2893
2897
2854
2896
2377
1190
800
1117
845
-37
-291
221
145
-264
-479
-633
-1228
-1591
-1405
-1398
-1848
-2115
-1747
-1649
-1820
-1836
-1604
-1756
-1938
-1882
-1913
-2038
-896
1793
3502
2805
1439
2026
3629
4538
4366
4534
4711
5186
5739
6315
6392
5726
4571
3602
3966
4590
3731
1277
731
2080
2591
510
-1461
-1742
-2076
-3122
-3507
-3275
-4147
-5379
-4904
-3309
-3292
-5233
-6614
-6616
-5940
-5941
-6396
-6756
-6303
-5111
-4188
-3852
-4107
-4440
-4855
-4099
-2758
-2296
-2981
-2679
-681
1037
1366
1225
1266
1293
1651
2128
2023
1767
2421
3759
4411
4426
4220
3701
3307
3385
3463
2853
2329
2580
3105
3185
2810
2141
1345
1115
1196
763
-131
-383
93
202
-214
-545
-733
-1255
-1569
-1414
-1277
-1710
-2002
-1639
-1289
-1543
-1926
-2024
-2041
-2134
-2053
-2067
-2307
-2263
-645
2248
4073
3177
1086
1187
3124
4454
3791
3473
4223
5539
6120
6468
6698
6121
4704
3580
4099
4672
3521
1151
947
2605
3057
724
-1597
-1838
-1815
-2851
-3890
-3890
-4234
-5145
-4873
-3489
-3402
-5626
-7255
-6859
-5631
-5783
-6687
-6818
-5841
-4490
-3818
-3820
-4350
-4688
-4787
-3978
-2661
-2067
-2564
-2474
-534
1397
1651
995
998
1326
1678
1941
1923
1775
2386
3665
4262
3907
3512
3259
2959
3140
3428
3108
2622
3030
3755
3621
2793
2144
1544
1204
1220
1147
553
163
460
629
27
-695
-1061
-1543
-2035
-1987
-1703
-1834
-2090
-1568
-986
-1316
-1953
-1976
-1786
-2067
-2298
-2043
-1969
-2208
-1758
-205
2265
4064
3730
1639
1173
3053
4622
3772
3296
4562
5841
5774
5621
6356
6130
4647
3402
3999
4644
3783
1782
1311
2439
2676
686
-1760
-2229
-2050
-2891
-4117
-4043
-3743
-4598
-5157
-4312
-3740
-5626
-7612
-7377
-5926
-5838
-6704
-6553
-5534
-4627
-4320
-4133
-4430
-4859
-4974
-4329
-3182
-2118
-1520
-1319
-728
551
1506
1263
696
1114
2024
2244
2149
2699
3487
3805
4090
4332
4045
3308
3234
3533
3421
3186
3370
3526
3199
3121
3105
2499
1426
1158
1447
1110
489
392
666
256
-353
-552
-745
-1495
-2083
-1832
-1620
-1813
-1928
-1548
-1454
-1861
-2120
-2160
-2288
-2434
-2210
-1948
-1907
-1746
-1535
-1418
-1280
542
3302
4362
2562
1020
2244
4232
4626
4064
4606
5142
5489
5687
6308
6149
5127
4070
3736
4308
4562
3453
1290
1035
2177
2082
-542
-2503
-2182
-2088
-3276
-3929
-3400
-4119
-5638
-5496
-4007
-4580
-7130
-8008
-6847
-5828
-6195
-6469
-6189
-5633
-4852
-4121
-4199
-4931
-5044
-4605
-3788
-2811
-1936
-1701
-1322
228
1590
1107
139
619
1915
2552
2786
2954
3119
3515
4462
4887
4296
3849
3788
3907
4007
4341
4082
3643
3748
4081
3593
2533
2087
1837
1673
1493
1225
527
145
392
238
-671
-1506
-1529
-1674
-1960
-1916
-1772
-2078
-2437
-2086
-1830
-2346
-2987
-2732
-2262
-2270
-2373
-2092
-1815
-1794
-1533
-1132
-1275
-1673
-1539
-464
1871
4246
4450
2234
1382
3607
5932
5302
4134
4714
5910
6238
6166
6625
6200
4959
3941
4402
4866
4059
1820
408
1227
2182
1014
-1956
-3131
-2499
-2407
-3773
-4473
-4354
-5115
-6014
-5459
-4261
-5616
-8010
-8203
-6321
-5504
-6506
-7002
-6265
-5110
-4497
-4194
-4525
-4992
-4894
-4160
-3144
-2455
-2108
-1924
-984
892
1967
1209
211
1018
2614
3270
3206
3494
4153
4644
5348
5437
4772
4047
4236
4656
4686
4619
4317
3971
3879
4205
3536
2212
1518
1760
1807
1288
853
372
-54
-293
-446
-1190
-2022
-2185
-2000
-2011
-2200
-2233
-2455
-2693
-2559
-2290
-2590
-3066
-2791
-2119
-2012
-2392
-2302
-1799
-1611
-1594
-1331
-998
-1067
-1149
-952
-718
-522
1036
3994
5680
4424
2568
3235
5131
5748
5245
5519
5938
6113
6346
6866
6662
5430
4258
3699
3927
4071
3173
940
-38
822
1217
-951
-3500
-3746
-3377
-4175
-5034
-4444
-4594
-6078
-6650
-5225
-4866
-7099
-8659
-7969
-6592
-6474
-6621
-6404
-5996
-5322
-4446
-4195
-4916
-5156
-4658
-3834
-2828
-1628
-1029
-1309
-675
1261
2472
2053
1557
2133
2914
3624
4284
4795
4803
5106
5796
5892
5395
4644
4359
4532
5230
5386
4779
4170
4250
4225
3362
2437
1663
1239
1172
1528
1352
520
-128
-293
-689
-1602
-2245
-2649
-2928
-2758
-2117
-1938
-2563
-2884
-2530
-2450
-3113
-3518
-3189
-2782
-2616
-2334
-1871
-1839
-1918
-1560
-1045
-1076
-1330
-1101
-553
-226
-131
44
98
95
643
2810
5509
6156
4096
2630
4006
6151
6344
5338
5251
5654
6040
6112
6111
5386
4278
3370
3131
3486
3273
1645
-717
-935
326
132
-2767
-4903
-4271
-3492
-4363
-5373
-4991
-5472
-6844
-7105
-5725
-5842
-8037
-9038
-7729
-6003
-5932
-6322
-6324
-5628
-4665
-3914
-4022
-4641
-4426
-3619
-2616
-1555
-469
-268
-685
185
2125
2837
1743
1431
3108
4733
4788
4256
4728
5497
6038
6395
6421
5686
4750
5066
5834
5878
4986
4454
4228
4034
3938
3399
2231
1170
1616
2132
1473
216
-179
-175
-771
-1430
-1988
-2501
-3161
-3008
-2450
-2438
-3121
-3544
-3175
-2981
-3220
-3675
-3741
-3564
-3071
-2513
-2362
-2448
-2308
-1676
-1247
-1158
-1063
-782
-468
-153
356
569
396
277
647
921
641
370
743
2663
5394
6790
5204
3092
3529
5583
6278
5300
4883
5039
5341
5607
6202
5816
4130
2477
2093
2704
2459
799
-1651
-2277
-1159
-543
-2609
-5282
-5737
-4921
-4867
-5671
-5589
-5900
-6941
-7269
-5706
-4976
-6925
-8809
-8171
-6026
-5349
-5736
-6002
-5501
-4547
-3466
-2948
-3569
-4154
-3826
-2519
-1062
89
404
24
551
2433
3856
3152
1995
2557
4187
5241
5493
5774
5928
6103
6669
7117
6640
5451
4973
5322
5912
5862
5079
4148
3757
4044
3698
2538
1264
992
1242
1247
829
36
-647
-1289
-1466
-1834
-2538
-3417
-3677
-3234
-2951
-3030
-3530
-3749
-3757
-3475
-3479
-3757
-3802
-3411
-2762
-2424
-2180
-2100
-1957
-1713
-1276
-918
-938
-928
-516
224
590
581
673
950
1152
1180
1283
1323
1165
1038
1116
1229
1196
2234
4738
6572
5298
2735
2646
4407
5099
4298
4323
4606
4073
3493
3878
3957
2378
935
606
1046
599
-249
-1473
-2471
-2504
-2039
-2690
-5064
-6059
-5363
-4727
-5575
-5590
-4917
-5494
-6534
-5860
-4265
-5336
-7228
-6993
-4889
-4311
-4741
-4118
-3248
-3152
-3033
-1752
-1418
-2227
-2341
-915
351
750
1433
1948
1932
2202
3534
4132
3203
2837
3984
4999
4720
4807
5691
5966
5410
5290
5739
5264
4336
4333
5137
5105
4131
3694
3614
3048
2052
1721
1440
648
236
537
624
-248
-773
-924
-1393
-2335
-2744
-2706
-3105
-3420
-3186
-2704
-3078
-3517
-3401
-3153
-3483
-3799
-3294
-2756
-2654
-2632
-2056
-1733
-1913
-1878
-1376
-1074
-1235
-1010
-462
-159
-217
-84
224
323
373
525
683
581
585
903
1184
1024
773
851
972
844
663
635
1190
3109
5534
5934
3755
2026
2409
3456
3682
3791
3755
3063
2739
3520
4128
2878
1202
490
691
642
282
-478
-1672
-2159
-1609
-1198
-2706
-4492
-4899
-4251
-4133
-4309
-4162
-4566
-5162
-4947
-3825
-4083
-5539
-6224
-5397
-4441
-4110
-3560
-3124
-2857
-2434
-1416
-1023
-1681
-2108
-1512
-367
395
1135
1679
1917
2214
3008
3612
3133
2523
2733
3479
3797
3956
4343
4543
4490
4546
4793
4543
3917
3736
4195
4557
4203
3726
3439
3121
2578
2157
1802
1046
501
577
778
297
-253
-443
-754
-1266
-1674
-1902
-2482
-2908
-2890
-2680
-2876
-3324
-3465
-3422
-3465
-3789
-3840
-3743
-3654
-3564
-3204
-2827
-2803
-2687
-2338
-1950
-1931
-1792
-1411
-998
-709
-434
-93
73
335
679
1037
1171
1252
1454
1693
1922
1992
2087
2138
2188
2174
2216
2382
2413
2167
1708
1371
1082
1147
2187
3804
4208
2934
1924
2199
2543
2225
2214
2391
1955
1581
2211
2602
1500
295
263
482
-161
-684
-685
-1019
-1646
-1454
-997
-2030
-3642
-3925
-3183
-3420
-4140
-4063
-3767
-4040
-4092
-3364
-3464
-4509
-4953
-4129
-3572
-3730
-3516
-2860
-2361
-2053
-1319
-892
-1120
-1230
-562
172
318
515
1066
1649
2003
2464
2819
2695
2498
2698
3025
2972
2841
2990
3220
3376
3478
3438
3015
2605
2658
2983
3146
3042
2912
2712
2465
2157
1795
1341
865
620
586
494
136
-187
-290
-456
-831
-1204
-1426
-1683
-1843
-1820
-1838
-2114
-2455
-2586
-2620
-2680
-2874
-2979
-2923
-2764
-2665
-2548
-2373
-2269
-2080
-1762
-1453
-1399
-1301
-1037
-724
-484
-257
0
218
490
759
1006
1147
1278
1470
1712
1928
2053
2152
2234
2331
2396
2370
2248
2086
1938
1810
1706
1525
1253
1022
865
648
254
-92
-29
514
977
967
873
949
831
516
575
761
469
182
551
916
614
247
291
149
-339
-525
-419
-724
-1258
-1189
-887
-1154
-1797
-1983
-1989
-2326
-2642
-2594
-2573
-2903
-2922
-2585
-2451
-2795
-2927
-2705
-2647
-2741
-2622
-2234
-2054
-1803
-1336
-867
-728
-671
-427
-214
-43
75
301
504
824
1214
1523
1734
1886
2057
2078
2136
2229
2309
2333
2479
2703
2693
2553
2465
2526
2528
2424
2158
1827
1603
1465
1429
1418
1320
980
717
647
447
31
-212
-144
-169
-283
-318
-356
-574
-767
-774
-810
-1014
-1254
-1233
-1070
-1024
-1098
-1072
-988
-1061
-1114
-1072
-1102
-1265
-1198
-877
-675
-651
-573
-370
-304
-342
-345
-269
-185
-87
95
222
253
232
325
486
552
503
468
567
639
618
548
523
487
391
316
250
181
82
26
1
-68
-218
-384
-447
-484
-478
-309
-58
-49
-229
-171
76
184
202
368
467
374
411
635
653
421
370
502
487
322
265
269
157
54
72
65
-177
-458
-505
-437
-542
-766
-838
-849
-991
-1168
-1228
-1273
-1404
-1465
-1406
-1351
-1389
-1429
-1357
-1219
-1110
-1101
-1073
-942
-734
-548
-453
-390
-304
-172
-34
193
500
714
781
863
1028
1143
1280
1605
2041
2310
2252
1975
1701
1582
1563
1531
1489
1457
1485
1612
1677
1411
968
713
623
481
383
489
579
502
371
269
71
-257
-514
-594
-610
-668
-627
-474
-469
-729
-977
-1068
-1204
-1371
-1375
-1265
-1268
-1292
-1147
-952
-904
-956
-953
-916
-910
-899
-840
-796
-785
-707
-514
-338
-307
-293
-151
38
156
253
398
534
633
711
762
755
730
719
699
659
592
504
421
373
363
387
415
395
355
325
296
234
116
-30
-120
-37
196
447
560
472
282
147
43
-90
-110
50
159
115
117
191
70
-253
-427
-334
-223
-220
-133
92
238
183
87
0
-165
-304
-257
-171
-245
-291
-160
-102
-297
-463
-429
-447
-617
-676
-554
-543
-669
-652
-494
-469
-561
-504
-358
-339
-340
-118
193
276
129
-19
-21
84
176
118
-10
43
290
445
352
221
218
269
255
205
232
295
258
148
146
226
190
27
-78
-78
-71
-67
-57
-76
-111
-102
-65
-60
-82
-90
-57
-3
46
102
197
276
287
262
240
201
153
162
232
300
358
439
548
646
725
757
703
595
506
451
350
230
197
278
370
378
296
152
1
-80
-75
-40
-27
-17
18
29
-50
-192
-306
-372
-436
-496
-500
-457
-436
-444
-448
-466
-505
-529
-520
-521
-549
-546
-487
-420
-397
-415
-427
-402
-368
-379
-417
-385
-251
-104
-48
-94
-162
-179
-122
-48
-5
27
97
209
300
318
296
311
404
504
544
543
556
577
575
524
413
279
197
187
194
211
267
314
259
157
110
62
-76
-232
-308
-352
-431
-497
-521
-535
-544
-554
-563
-551
-501
-478
-520
-528
-436
-345
-345
-358
-331
-305
-293
-247
-190
-175
-153
-69
17
57
111
189
230
221
249
331
425
521
641
744
788
794
779
729
654
594
567
564
562
534
494
476
460
392
295
257
280
289
266
240
209
175
145
103
22
-49
-58
-61
-105
-151
-181
-240
-319
-361
-367
-381
-383
-331
-269
-255
-275
-304
-352
-402
-431
-458
-497
-516
-490
-434
-364
-281
-203
-160
-153
-149
-147
-156
-159
-128
-87
-68
-63
-43
-5
33
66
89
95
83
73
76
87
101
112
112
110
105
84
51
48
79
100
87
82
95
91
73
80
91
74
61
73
82
89
105
75
-52
-183
-209
-192
-219
-254
-233
-172
-96
-12
49
47
21
0
-34
-50
-12
26
15
-2
11
21
10
9
20
20
42
95
138
146
154
182
222
273
326
345
311
265
224
168
90
31
12
30
64
100
123
133
143
143
125
109
110
108
81
57
59
57
22
-25
-56
-90
-148
-216
-280
-337
-381
-387
-369
-367
-390
-409
-403
-372
-336
-311
-270
-192
-92
-17
20
26
13
-15
-33
-40
-58
-67
-31
28
61
67
81
101
104
105
117
125
134
161
200
231
248
267
286
287
282
280
271
251
241
240
226
201
160
108
64
27
4
4
19
34
41
43
46
33
4
-21
-35
-45
-48
-40
-38
-60
-85
-97
-117
-145
-160
-154
-147
-142
-139
-144
-168
-193
-206
-212
-222
-216
-189
-154
-117
-80
-47
-32
-26
-28
-34
-43
-44
-33
-11
18
49
70
71
59
49
39
28
29
41
54
68
83
88
79
61
47
40
33
30
31
18
4
-7
-27
-47
-62
-61
-54
-42
-28
-11
2
14
25
29
26
28
33
32
29
23
11
-1
-5
-5
-10
-16
-12
-3
7
10
2
-13
-28
-31
-26
-23
-17
-3
11
19
21
18
8
-1
-3
6
15
19
26
39
58
69
74
81
87
87
88
85
78
69
61
59
61
62
69
75
77
75
66
62
56
51
43
37
32
24
17
10
-2
-22
-36
-44
-51
-60
-69
-77
-81
-82
-79
-72
-72
-78
-80
-87
-101
-114
-122
-119
-115
-111
-102
-94
-90
-84
-78
-78
-79
-78
-63
-48
-38
-30
-22
-18
-20
-20
-22
-22
-16
-9
2
8
13
19
29
41
54
59
63
69
72
72
69
62
59
57
57
60
60
53
49
44
42
36
27
22
21
20
21
22
18
14
13
16
16
13
11
10
12
12
13
9
9
10
14
16
16
14
12
10
8
8
6
4
2
3
5
6
2
-2
-2
-6
-6
-4
-5
-6
-7
-6
-5
-7
-11
-15
-18
-20
-19
-18
-16
-16
-16
-11
-12
-13
-12
-12
-9
-6
-7
-6
-11
-16
-20
-23
-26
-29
-33
-33
-32
-33
-34
-34
-32
-27
-24
-20
-17
-16
-15
-14
-17
-18
-21
-19
-19
-16
-15
-17
-19
-20
-22
-24
-20
-16
-6
-2
5
10
12
13
13
17
20
24
28
33
32
32
26
21
21
22
24
27
29
32
32
31
34
38
37
40
45
47
48
48
47
46
44
41
39
39
40
42
39
36
35
32
33
31
28
27
28
24
20
13
7
3
-4
-8
-12
-13
-16
-18
-22
-25
-27
-29
-33
-37
-39
-42
-48
-49
-51
-56
-59
-64
-61
-62
-64
-64
-63
-63
-61
-63
-60
-61
-60
-59
-60
-58
-58
-60
-61
-56
-55
-53
-49
-45
-43
-39
-32
-27
-21
-16
-8
-2
5
10
17
25
34
41
48
52
57
62
65
68
72
76
76
79
78
76
76
75
72
69
67
64
63
56
53
50
45
41
38
33
28
27
21
20
16
15
11
12
12
10
9
8
8
5
4
2
0
-2
2
2
2
1
0
-1
-6
-7
-8
-9
-7
-9
-9
-15
-21
-22
-22
-24
-25
-27
-33
-37
-38
-39
-42
-41
-39
-38
-37
-38
-39
-35
-33
-28
-23
-22
-21
-22
-22
-22
-21
-19
-16
-13
-14
-18
-20
-20
-16
-13
-8
-7
-9
-8
-11
-13
-12
-10
-4
-1
-2
-2
0
0
1
4
9
14
15
14
12
13
13
16
20
23
24
23
21
20
20
20
23
23
22
22
22
22
19
19
22
22
19
21
20
19
20
19
22
19
16
18
14
13
11
9
11
7
6
7
4
2
0
-1
-4
-5
-4
-4
-2
-4
-5
-5
-3
-7
-8
-9
-11
-12
-13
-12
-11
-10
-10
-11
-14
-16
-12
-12
-11
-10
-11
-6
-5
-4
-3
-4
-4
-3
-3
-4
-4
-5
-5
-6
-6
-6
-6
-4
-6
-10
-11
-12
-14
-12
-8
-10
-12
-15
-15
-18
-16
-16
-16
-17
-17
-16
-14
-13
-11
-11
-7
-7
-10
-7
-7
-5
-3
2
8
11
13
17
17
16
16
20
19
20
25
30
30
33
37
37
35
36
37
40
36
38
40
41
42
43
39
38
39
36
33
32
29
26
23
21
23
21
18
15
11
3
-5
-12
-20
-25
-26
-29
-28
-31
-33
-35
-39
-44
-49
-55
-60
-61
-61
-57
-55
-52
-48
-45
-43
-37
-35
-33
-32
-30
-29
-28
-25
-22
-15
-10
-6
0
3
3
6
7
6
6
7
9
13
15
18
20
23
23
21
19
17
16
16
18
19
20
21
20
17
13
10
8
4
4
3
-1
-1
1
-1
-3
-4
-2
-3
-4
-4
-4
-3
-5
-4
-3
-3
1
-1
-4
-3
-4
-4
-3
-3
-3
-4
-2
-3
-2
-2
-1
-1
-1
2
3
4
5
6
9
7
9
10
9
10
10
12
13
14
13
15
13
12
13
14
14
13
9
9
7
7
5
3
0
-2
-1
0
-2
-4
1
-1
-1
-2
-5
-7
-11
-13
-17
-16
-16
-18
-21
-21
-22
-22
-19
-21
-22
-19
-17
-17
-16
-15
-16
-12
-11
-9
-6
-2
-1
1
0
0
3
6
9
10
11
11
12
9
10
14
16
20
21
23
21
17
12
10
10
9
11
12
11
10
7
4
4
4
3
4
4
3
1
-3
-8
-11
-11
-12
-13
-12
-12
-11
-10
-12
-13
-9
-11
-8
-8
-9
-3
-5
-4
-6
-4
-3
-2
-1
0
2
5
5
7
7
8
9
10
12
10
12
12
12
12
11
12
10
8
7
6
6
3
2
0
2
4
2
1
0
-2
-5
-4
-10
-9
-7
-6
-7
-5
-4
-2
-1
-4
-7
-9
-10
-8
-8
-5
-5
-4
-3
-6
-6
-6
-6
-8
-7
-5
-6
-7
-6
-7
-6
-3
0
1
4
2
0
-2
1
3
3
6
8
7
7
5
5
1
0
1
1
2
4
7
8
7
7
8
7
4
3
5
7
7
5
4
6
