SAMPLES:	6676
BITSPERSAMPLE:	16
CHANNELS:	1
SAMPLERATE:	16000
NORMALIZED:	FALSE
-1
0
1
2
4
1
1
-3
-3
-4
-3
0
-1
0
4
3
2
1
1
0
1
1
-4
-2
-2
0
3
6
2
3
3
5
5
4
6
2
3
2
2
3
-2
3
1
-1
1
-1
1
2
-2
0
-1
-3
2
-1
0
1
4
2
1
1
-1
-3
-3
-1
-2
-6
-3
-4
-3
-4
-4
-3
-6
-8
-4
-2
-6
-4
-5
-1
2
1
-1
-2
0
2
0
-2
1
1
-2
0
-2
-2
1
1
-1
0
0
0
2
0
1
2
2
2
3
2
4
5
3
2
2
-1
-1
-1
1
0
2
5
7
4
5
1
0
2
-1
3
2
2
2
2
3
0
0
1
0
-2
-3
-2
-1
-1
1
0
1
2
2
0
0
-2
-3
-4
-5
-5
-6
-6
-3
-4
-1
-1
1
1
0
-1
-2
-2
-4
-2
0
-1
-1
3
2
3
4
2
3
3
1
0
1
-2
-2
-1
0
2
3
2
2
0
4
1
-2
0
0
0
-2
1
1
1
2
0
-2
0
1
0
0
0
2
3
3
3
-1
-2
-3
-3
-2
-4
0
-2
-1
-4
-2
2
-1
0
-3
-1
1
0
-3
-3
-2
-2
-2
-4
1
0
2
2
0
2
2
3
2
4
3
4
5
5
6
6
5
4
3
2
2
2
0
-1
-1
-4
-6
-7
-5
-5
-3
-5
-5
1
-1
0
1
4
2
0
3
1
1
-2
-1
-3
-3
1
3
5
0
3
4
4
6
8
8
0
0
3
4
3
2
1
4
4
0
2
0
1
1
1
-1
-4
-3
-7
-5
-5
-6
-3
-5
-5
-5
-6
-7
-7
-9
-4
-4
-2
0
0
0
-1
-1
0
-6
-6
-8
-5
-3
-1
-4
-6
-1
-1
-3
-1
0
-2
2
4
5
4
3
3
2
2
0
1
1
-1
0
3
5
6
6
4
2
3
3
1
4
3
2
4
4
5
4
3
2
0
0
1
0
0
-1
1
-4
-1
1
-4
-3
-2
-1
2
1
1
3
1
1
-2
-4
-2
-1
1
4
7
9
10
7
5
8
3
3
7
6
4
5
5
7
6
6
5
6
9
10
8
7
10
7
9
6
1
3
3
3
0
-3
-3
-3
-5
-7
-9
-6
-10
-11
-9
-12
-14
-14
-17
-18
-19
-20
-20
-24
-23
-24
-25
-22
-21
-22
-20
-18
-16
-15
-13
-12
-14
-15
-14
-13
-10
-7
-8
-6
-3
-3
0
-2
2
4
8
9
9
11
13
14
14
13
11
10
11
13
12
15
12
15
11
26
40
34
36
31
27
33
37
29
28
24
22
27
33
31
23
13
5
4
-6
-20
-33
-48
-71
-91
-108
-136
-176
-198
-238
-254
-214
-177
-131
-54
90
302
539
760
933
1033
1215
1356
1431
1457
1366
1229
1131
958
831
769
655
516
352
168
60
34
11
-90
-294
-523
-716
-849
-928
-1109
-1403
-1720
-2052
-2305
-2478
-2751
-2962
-3133
-3350
-3406
-3354
-3335
-3084
-2790
-2591
-2347
-2083
-1769
-1347
-974
-702
-521
-378
-116
279
659
982
1269
1534
1800
2162
2596
2916
3050
3093
3100
3056
3047
3066
2959
2667
2358
2153
1985
1845
1744
1575
1282
1039
959
893
730
519
280
-26
-274
-362
-463
-712
-966
-1116
-1223
-1315
-1308
-1269
-1352
-1482
-1460
-1330
-1232
-1116
-998
-968
-995
-863
-647
-567
-592
-585
-565
-621
-591
-458
-377
-366
-310
-240
-288
-332
-311
-334
-400
-409
-403
-538
-419
224
1091
1899
2742
3595
3825
3779
4286
5348
5775
5072
4154
3533
3258
3002
2885
2639
2038
1190
361
82
269
617
309
-479
-1183
-1498
-1488
-1455
-1531
-2266
-3318
-4143
-4496
-4838
-5262
-5468
-5880
-6683
-7414
-7167
-6320
-5719
-5543
-5401
-4961
-4337
-3502
-2671
-1982
-1604
-1476
-1325
-936
-241
378
697
716
750
1038
1645
2431
2998
3198
3264
3559
4039
4528
5017
5428
5486
5138
4826
4893
5078
4955
4449
3826
3305
2964
2796
2669
2487
2232
1949
1676
1605
1841
2066
1943
1582
1325
1053
531
-33
-437
-945
-1754
-2478
-2834
-3063
-3349
-3504
-3465
-3429
-3378
-3185
-2948
-2779
-2613
-2506
-2584
-2668
-2574
-2518
-2699
-2834
-2704
-2576
-2573
-2404
-2024
-1767
-1629
-1324
-910
-646
-475
-194
116
320
484
669
801
896
1023
1118
1143
1188
1280
1279
1181
1168
1234
1152
919
765
677
410
-12
-123
307
958
1549
2270
3176
3787
3957
4317
5274
6110
5938
4993
4115
3623
3240
2803
2284
1600
704
-186
-715
-741
-492
-468
-859
-1384
-1662
-1607
-1380
-1265
-1617
-2435
-3234
-3634
-3884
-4319
-4809
-5239
-5840
-6584
-6835
-6314
-5611
-5314
-5218
-4842
-4126
-3233
-2295
-1504
-1051
-858
-667
-345
104
582
891
903
757
742
1017
1514
1961
2096
2032
2183
2692
3250
3688
4105
4425
4404
4155
4114
4326
4411
4094
3525
3021
2852
2951
3032
3014
3041
3037
2712
2391
2490
2656
2124
1096
332
-204
-891
-1633
-2051
-2475
-3107
-3541
-3446
-3026
-2692
-2441
-2354
-2304
-2135
-1906
-1925
-2216
-2456
-2741
-3121
-3354
-3122
-2851
-2860
-2793
-2369
-1838
-1566
-1225
-785
-484
-390
-198
171
373
436
470
577
669
799
930
923
921
930
953
835
808
702
452
145
-126
-365
-610
-25
857
1505
1755
2715
4072
4463
4612
5441
7140
7355
6426
5488
5110
4754
3839
3281
2272
1337
209
-410
-756
-988
-911
-1367
-1714
-2240
-2183
-2114
-1952
-2057
-3028
-4023
-4734
-4763
-5492
-6397
-6968
-7286
-7823
-8412
-7861
-6964
-6225
-5968
-5363
-4356
-3225
-1985
-1021
-250
144
618
1062
1506
1882
2057
2139
2045
2001
2028
2387
2922
3164
3054
3054
3603
4243
4541
4627
4836
4971
4721
4365
4324
4397
4006
3256
2580
2146
1819
1869
2063
1907
1729
2019
2344
1834
1469
1667
1321
-75
-1060
-1078
-1909
-3339
-3903
-3515
-3745
-4082
-3321
-2472
-2271
-2096
-1333
-1195
-1457
-1235
-1107
-1780
-2437
-2268
-2596
-3440
-3453
-2621
-2473
-2763
-2082
-1136
-956
-891
-97
450
256
231
632
684
387
504
679
465
276
446
470
172
258
489
326
-90
-143
-8
-432
-924
-1217
-642
285
1024
1396
1909
3537
4614
5115
5495
7167
8426
7833
6874
6231
6391
5444
4593
3485
2285
1090
9
-168
-853
-1058
-1651
-1928
-2338
-2708
-2499
-2455
-2220
-3289
-4449
-5281
-5299
-5642
-6955
-7799
-8374
-8617
-9319
-9198
-8301
-7327
-6609
-6048
-4777
-3351
-1735
-515
385
994
1426
2040
2560
2975
2950
2862
2828
2708
2482
2429
2866
3176
2986
2714
3106
3919
4371
4351
4384
4582
4585
4255
3968
3895
3620
2959
2105
1665
1448
1413
1429
1411
1411
1517
1923
1843
1547
1314
1083
182
-941
-1261
-1610
-2455
-3317
-3124
-2823
-2894
-2525
-1692
-1123
-1115
-706
-416
-676
-1066
-1255
-1715
-2499
-2657
-2581
-2811
-3006
-2549
-2084
-2184
-1968
-1280
-771
-760
-418
267
439
191
-13
30
-242
-500
-490
-447
-517
-560
-312
-286
-313
-242
-163
-545
-915
-1060
-1461
-2296
-2150
-422
789
791
1003
3532
5684
6227
6446
8076
10026
9658
8920
8210
8333
7464
6249
4971
3179
2035
676
193
-875
-1431
-1893
-2334
-2369
-2833
-2782
-3126
-2754
-3317
-4801
-6060
-6418
-6397
-8225
-9819
-10525
-10338
-10944
-11474
-10477
-9048
-7687
-6894
-5162
-3266
-1348
309
1580
2493
2913
3739
4356
4696
4390
4080
3985
3874
3642
3211
3290
3643
3768
3388
3386
4236
5002
4911
4455
4568
4836
4381
3516
2945
2609
1933
923
272
175
490
515
195
183
830
1351
838
521
909
978
-267
-1329
-1278
-1521
-2540
-3252
-2776
-2487
-2458
-2101
-1324
-763
-476
-148
-369
-578
-625
-720
-1495
-2042
-1937
-2182
-2872
-3135
-2470
-2127
-2168
-1813
-899
-287
-151
55
261
199
-58
-215
-363
-472
-434
-406
-506
-553
-449
-585
-973
-1184
-1412
-1715
-2396
-2987
-3690
-3208
-962
948
1212
969
4047
7694
9161
8848
10173
12994
12950
11488
9933
10305
9524
7446
5190
2810
1598
7
-528
-1935
-2973
-3493
-3594
-3238
-3953
-4053
-4518
-4256
-5010
-6812
-8375
-9060
-8894
-10797
-12884
-13785
-12732
-12148
-12525
-11551
-9402
-6812
-5591
-3817
-1262
1374
3180
4098
5282
5975
6766
7196
7323
6642
5707
5590
5470
4970
4007
3890
4309
4391
4010
3768
4444
5155
4963
3881
3260
3389
2920
1246
-391
-1038
-1502
-2610
-3507
-3182
-2188
-1605
-1452
-602
861
1921
1774
1499
1795
1883
845
-788
-1527
-1902
-2462
-3339
-3312
-2494
-1764
-1307
-916
176
1071
1425
1090
830
745
34
-1037
-1939
-2248
-2724
-3265
-3147
-2396
-1699
-1386
-959
-416
58
314
354
149
-214
-410
-607
-754
-914
-994
-1121
-1467
-1765
-1960
-2226
-2893
-3425
-3829
-4656
-5787
-4136
80
2734
2146
2770
8760
13893
14763
13868
16609
19710
18027
15045
13177
13560
10991
7097
3370
353
-1252
-3369
-4226
-6354
-7405
-7993
-7717
-7033
-7597
-7719
-8570
-7912
-8802
-10811
-12557
-12471
-11652
-14297
-16593
-16472
-13264
-12051
-12459
-10562
-6813
-2930
-1590
979
4448
7665
9144
9423
10440
10633
10884
10016
8978
7147
5376
4855
4218
3475
1918
1764
2255
2518
1978
1517
2542
3162
2389
181
-548
-83
-803
-3275
-5117
-4462
-3590
-3397
-3048
-1024
1362
2834
3854
5254
7193
7820
6726
4936
4288
3906
2016
-702
-2287
-2472
-3225
-4235
-4172
-2918
-2372
-2926
-3118
-2390
-1579
-2087
-3114
-3818
-3758
-3841
-4255
-4148
-3403
-2291
-1960
-1408
-251
1275
1977
1556
1580
2048
2468
1638
723
340
-106
-1025
-2278
-2696
-2811
-3450
-4716
-5623
-5955
-7151
-7780
-3630
3318
6280
4445
7051
16777
23603
22863
20938
24886
27658
23491
17006
14133
13731
8638
1166
-5357
-8481
-10200
-12482
-14283
-16419
-16403
-15873
-14356
-13042
-12480
-12103
-12308
-11148
-11905
-14002
-15451
-13888
-12434
-15301
-17346
-14632
-8257
-5726
-5687
-2118
4701
10001
10953
13278
17356
20124
18786
15871
14600
13191
11095
7210
3521
10
-2249
-3077
-3929
-4590
-5417
-4556
-3414
-2540
-2546
-2328
-585
115
-1458
-4307
-4215
-2470
-2819
-5187
-5546
-1057
3875
5693
6328
10647
16175
16608
14224
14649
16190
12263
5222
1542
97
-3128
-7763
-10515
-11323
-10894
-9761
-9382
-8737
-6332
-3944
-4703
-6217
-4591
-2587
-4369
-7534
-7051
-4431
-3908
-4626
-3032
302
1964
2191
3344
5473
6426
5392
3738
2459
1912
1062
-933
-3308
-4784
-5236
-6862
-8926
-9560
-9277
-10846
-11616
-4034
7599
11465
8333
12558
25034
31796
29024
26315
30916
32310
24669
15449
11458
9864
2491
-6789
-13897
-16555
-17458
-18830
-19817
-20834
-19042
-17013
-14739
-12925
-11416
-10425
-10689
-9673
-10672
-12849
-13842
-10877
-8342
-11041
-12132
-7017
1490
4098
3837
8182
15153
18257
15787
15460
17229
16617
10797
3862
168
-2439
-5532
-10332
-13609
-14867
-14285
-12859
-11438
-8715
-6060
-2874
-320
1697
2904
4059
6333
6806
4835
2403
3895
6920
7195
6851
10900
17625
18779
17415
19996
23663
19932
12075
8428
5133
-1887
-9795
-13843
-17048
-20078
-20210
-18982
-17112
-13541
-8021
-5429
-4394
-569
3576
3239
169
507
1706
54
-2743
-2409
-50
144
-766
-92
2763
3953
2553
1179
899
191
-2171
-4057
-5490
-6969
-8545
-9946
-10923
-11817
-11447
-11387
-12045
-12925
-9679
1840
12420
14911
13065
16876
26739
32412
29458
24740
26021
25402
17081
6149
1012
-449
-6848
-15902
-22232
-22300
-20618
-20144
-20127
-19266
-15765
-12341
-9259
-7474
-5480
-3548
-2850
-2746
-3791
-3654
-2345
662
2312
1290
1805
6339
12530
13368
11326
11969
14639
13085
6465
2340
1298
-1661
-9540
-16262
-17581
-16539
-16592
-17913
-16371
-12315
-7404
-3565
-74
4361
8130
10489
10478
10273
10537
11065
10607
8277
6031
5456
7866
9605
8692
7475
8531
8932
5074
1885
1271
-1174
-7983
-12763
-12361
-11985
-12935
-12711
-9821
-6783
-3279
771
3737
6064
7610
7728
5671
4592
4624
2766
-1066
-3811
-3418
-2816
-3062
-3304
-1949
-429
-754
-1287
-573
545
-1290
-4061
-4777
-4504
-5305
-6793
-7065
-7268
-7582
-7466
-6744
-5954
-5454
-4132
2494
13491
19005
16759
16258
24629
32112
28533
19933
18349
19202
10845
-2306
-9298
-9089
-12541
-20964
-26352
-24329
-18968
-16815
-15754
-12813
-7497
-3507
-1540
355
2137
3453
2932
2254
1217
975
2122
4186
6024
5130
4556
6765
10804
10574
5399
2353
2514
-80
-8366
-14079
-13607
-13504
-18270
-22092
-18430
-11750
-7733
-6149
-1797
5110
10094
11944
12710
14832
15526
13188
9143
6241
5173
3940
2111
-100
-830
21
1215
1183
824
1724
1528
-1096
-3735
-3218
-2614
-4856
-6915
-5842
-3242
-1930
-376
2038
4006
4756
5053
5336
4959
4102
1979
-779
-2654
-2906
-2981
-3795
-3787
-2858
-1723
-1130
-320
731
922
-179
-1874
-2451
-2461
-3236
-4694
-5147
-4496
-3962
-3780
-2982
-1855
-1756
-1942
-1755
-1629
-2177
2285
12465
18702
16000
13852
22582
30777
27383
17514
13626
13560
5302
-7909
-16441
-15732
-16397
-23517
-29299
-26190
-16607
-11591
-10041
-7088
-803
3738
4751
5638
6417
7332
5848
3799
1633
1280
3490
5618
6506
4031
2453
3749
6020
3572
-3776
-8015
-8645
-11176
-18302
-21351
-16960
-12639
-13561
-14415
-7078
3301
9012
9232
11123
16116
17820
14713
10570
9820
8512
3832
-1794
-4059
-2284
-1073
-1858
-3516
-2560
-340
177
-951
-1583
-397
-1132
-3371
-3882
-759
1947
895
439
2806
5601
5186
4177
4342
3313
548
-2102
-2469
-2508
-3037
-4360
-4810
-2869
-286
858
266
937
1680
696
-1089
-1724
-1571
-3206
-5287
-5895
-4415
-2583
-1989
-1879
-801
1598
2255
964
300
593
-697
-3710
-5411
-4300
3468
14529
19393
15840
16476
27150
31923
24003
13177
10043
6363
-6275
-19492
-24098
-20202
-20237
-25607
-27053
-17813
-5333
-909
-353
2557
7697
8079
5096
3078
2523
2703
806
-1314
-2262
1473
7148
9485
7887
4397
3358
2702
-381
-7790
-14985
-17294
-18086
-20815
-22917
-17245
-7290
-1361
-546
2883
12347
19314
18262
13097
11699
11557
6587
-464
-3134
-1003
-1238
-4301
-5011
-1190
3117
3353
1201
-202
81
-778
-3604
-5160
-3347
-1002
-1540
-1276
3634
9130
9019
5892
5766
6477
3374
-1723
-4091
-4384
-5829
-7620
-6849
-2827
1077
1836
1234
2731
5090
3877
72
-2081
-2776
-4962
-7424
-6975
-4657
-3366
-3152
-1874
639
2952
3518
2538
1812
1182
-405
-3115
-4695
-4674
-5278
-6497
-7006
355
15729
26130
23363
18374
25802
32433
24590
9648
2015
351
-9318
-22569
-28531
-21617
-13535
-15239
-18493
-12110
1771
6425
2613
499
2740
2314
-2605
-4540
-3096
1150
3517
4064
4842
8033
13361
14153
9731
1393
-5176
-8753
-12534
-18449
-23430
-21286
-16578
-14242
-12343
-4041
7456
12121
9718
7578
10939
12801
8094
1230
-301
2207
717
-2678
-1101
5445
7559
2787
-922
193
1317
-3062
-8880
-10139
-7690
-6294
-5294
-299
7199
11293
10711
10647
12783
12772
6919
-905
-4753
-5829
-8130
-10404
-8185
-3505
-1507
-1127
1849
6226
7134
3995
377
-934
-1304
-2992
-5213
-5165
-3245
-2941
-3399
-1344
1872
1608
-1214
-1945
-711
-810
-2097
-2151
-1133
-1048
-1854
-2171
-1301
-694
-1735
-3691
-1886
10124
22392
23022
16099
18480
27961
24710
11164
849
-38
-4371
-16862
-25585
-22438
-11440
-9884
-15378
-14096
-1823
6542
2383
-1680
109
3060
-486
-3688
-1412
4223
8088
6419
5353
6818
10041
8715
2220
-5260
-11351
-13566
-15749
-18225
-19467
-15214
-8686
-6190
-4804
823
10151
12745
7712
3269
5258
8416
4985
10
390
5102
4959
680
707
4978
5267
-2347
-8553
-7687
-4966
-7090
-10739
-7818
-300
3971
4005
7742
15121
15919
8587
4070
5505
3466
-3961
-8876
-7875
-5705
-5255
-4466
-1315
3199
4415
1678
1015
4315
4407
-1308
-4447
-1798
-378
-2990
-4007
-1893
-800
-2292
-3725
-2911
-1134
-1260
-3408
-3277
182
2243
1023
660
2026
1671
-1386
-3273
-3196
-3626
-5087
-4379
8957
24803
27044
18015
18933
30248
25469
7757
-5076
-5630
-8693
-20457
-27176
-21393
-7351
-4365
-9693
-7741
4123
9037
230
-4763
-2863
-498
-4274
-5483
85
7930
13010
10161
7825
7931
7962
2211
-6939
-14160
-19646
-20085
-18739
-16499
-13573
-6281
1015
2054
2688
6311
10933
7866
756
-2433
810
5006
3030
1671
5699
11047
7853
1468
1251
2464
-2594
-12317
-13923
-9180
-5350
-5953
-3830
5338
11094
10383
8228
11984
12465
4551
-2677
-3583
-1626
-4007
-6377
-5730
-1570
1101
-333
-515
2126
3758
-917
-3358
213
3129
1022
-1401
767
1886
134
-2951
-4041
-3782
-4990
-7137
-7374
-3425
-413
-279
190
3412
5866
4028
1731
137
-957
-4140
-6769
-7010
-5249
-3908
-15
16649
30907
29214
17428
19513
27642
17340
-1397
-12046
-9381
-10892
-19125
-20944
-10044
2857
-1029
-8892
-4788
5874
2819
-8869
-10512
-4529
471
-854
1700
9214
15919
14528
7013
4163
2073
-3524
-11896
-16889
-18747
-18362
-13877
-9998
-7547
-4482
898
2392
-759
-2331
-675
2191
658
-1744
1066
9140
12939
8713
6858
9611
8166
-1410
-8248
-7261
-5901
-9127
-11653
-5603
3089
4690
1783
4802
12021
11024
3876
1889
4994
3756
-1888
-3072
522
1943
-1429
-3848
-1564
894
-1585
-5401
-3490
949
1431
-321
1777
5987
5449
1451
-380
276
-1625
-6467
-8947
-7263
-5136
-5372
-4929
-1505
2164
2362
1002
1855
3021
1159
-2249
-2780
-1973
-2838
-4370
-3205
-768
548
145
9117
24475
28037
17291
10456
19524
19716
5400
-7230
-6993
-3764
-9759
-15728
-10415
1258
727
-10175
-11723
-742
3440
-5251
-9490
-3584
3547
3939
3469
8302
13412
10365
1433
-2199
-711
-2958
-10512
-14657
-14259
-11722
-9151
-7423
-6476
-5878
-4656
-5374
-5587
-3838
-904
1016
1199
2288
6102
11789
11953
7173
3737
3740
1528
-4147
-6511
-4867
-3649
-5194
-4315
992
5941
4056
1493
3192
5497
4297
2102
2743
2696
2155
1912
1963
2231
1719
-1515
-3894
-1979
-183
-1922
-3188
-370
1716
1483
2282
3618
2918
349
-1518
-1900
-1541
-2988
-5399
-5863
-3948
-2644
-3009
-2572
-1781
-1229
-1201
-491
528
571
-727
-1766
-916
-508
-1683
-2631
-2281
-1228
-1260
2153
16740
27287
23373
11196
13050
20842
13450
-1548
-8990
-5049
-5269
-11473
-12359
-892
5236
-3987
-13789
-7823
3346
-376
-8370
-7679
1592
6804
5152
6514
11878
12268
1897
-5952
-4850
-1920
-6801
-13384
-13692
-9915
-5353
-5244
-6179
-6723
-6737
-8396
-9589
-6839
-2312
1098
1209
1939
5736
11728
11987
5632
757
549
788
-2809
-4711
-2459
358
387
-581
1410
3715
2034
-767
14
3331
4819
3651
3104
3901
3962
2116
-420
-935
-1057
-2999
-3484
-804
1714
1356
561
1527
2303
1388
45
-460
-217
-477
-1293
-999
-188
-919
-2650
-3382
-2834
-2990
-3973
-4118
-2992
-1602
-887
-243
460
609
-765
-1247
-1256
-1154
-2385
-2873
-2536
-712
359
7255
21389
25571
17244
7646
14402
17280
6870
-5294
-6188
-532
-2833
-8203
-6155
3909
1461
-10308
-14609
-4536
1419
-5611
-8772
-2623
7685
8474
5414
6859
9686
4218
-6244
-7971
-3615
-2646
-9046
-11646
-8499
-3528
-2844
-6691
-8323
-8320
-7960
-9005
-6920
-2825
931
2020
1526
3458
6837
8003
2689
-1902
-1629
917
759
-1176
-172
2877
3038
913
537
1934
548
-2818
-54
5513
6773
4264
3967
5538
3594
-15
-1727
-2170
-2793
-2394
-1158
1269
2894
2007
102
-422
856
-428
-2684
-2241
-131
446
-66
461
839
-1072
-3524
-3331
-2312
-2210
-3016
-2512
-669
503
220
-591
-906
-1341
-2439
-3197
-2299
-1618
-1398
-1556
-460
158
1217
1663
10625
21093
20422
11123
7235
15604
13868
3019
-5015
-1340
2189
-1938
-6070
-2194
3453
-2835
-10973
-9653
-252
-16
-6628
-5772
2153
8606
5245
2309
3746
4780
-1724
-8285
-7202
-3829
-5044
-10149
-9733
-6443
-3693
-6016
-8970
-8339
-6332
-5576
-6411
-2702
1370
2334
1012
1598
3525
4507
2195
-1977
-1544
658
1350
602
1868
2592
3328
2049
797
2145
2821
1273
-869
1914
4159
2587
1130
2300
1720
-95
419
1059
553
255
1628
1733
1424
1524
166
-1219
-1841
-1641
-1915
-2030
-1978
-1333
-1001
-951
-715
-860
-1139
-1507
-714
-472
-736
-402
151
-118
-610
-630
-1197
-1774
-2356
-2234
-2404
-1957
-1445
-958
-658
-352
339
4142
15716
20599
15954
7812
9971
14061
7719
-809
-2879
1879
1800
-995
-1396
2242
477
-6253
-8858
-4654
-306
-3198
-4919
-1122
4295
5842
2659
1140
501
-1016
-5335
-7255
-5943
-4286
-5788
-8117
-7047
-5964
-6184
-9208
-10030
-8256
-6134
-5120
-3734
-245
2293
2092
458
1115
2216
1571
-26
-416
1925
2828
3050
3343
3027
1303
-6
1092
1803
783
380
1861
2360
2484
2693
2562
1509
436
760
1198
1254
1515
1800
1826
1682
1337
570
-653
-1745
-2257
-2663
-2740
-2399
-2004
-1632
-1444
-1155
-788
-623
-448
-155
-136
-256
-259
52
289
120
-143
-146
-208
-429
-766
-1001
-1194
-1508
-1458
-1258
-1402
-1428
-1043
3620
13788
18566
15063
7985
8550
11823
8709
1179
-2790
570
4307
3661
-266
-107
725
-1712
-6902
-7598
-2375
370
-2252
-3853
298
5505
3722
-1954
-4227
-2376
-2638
-5812
-7351
-4898
-2567
-4731
-7455
-8002
-6593
-7753
-10291
-10296
-7214
-4548
-3771
-2712
-298
1447
591
-645
-305
906
1668
1830
3307
4859
5073
3886
2558
2092
1613
839
-62
361
1679
2832
2244
1218
1345
2252
2346
1097
201
814
1893
2331
2051
1654
1352
1191
779
54
-792
-1553
-1935
-2300
-2258
-2167
-2196
-2557
-2358
-1553
-789
-570
-436
88
506
584
374
254
214
273
474
696
589
391
446
801
968
576
79
141
578
740
802
2702
5715
8621
8841
6615
4913
4803
5089
3822
1805
1188
2392
2330
1819
1859
2806
2624
366
-1990
-2256
-928
-363
-1947
-4211
-3958
-1942
-864
-1999
-3442
-4115
-4506
-5029
-4729
-4203
-4900
-6224
-5936
-3975
-2751
-3560
-4845
-5077
-4257
-3369
-3211
-3525
-3452
-2448
-1367
-669
-248
115
-169
-435
291
1335
1014
-184
-112
1367
2540
2657
2523
2212
1860
1965
2648
2762
2267
2279
2968
3380
3298
3052
2374
1615
1562
2091
1817
974
898
1444
1447
941
535
-74
-899
-1124
-714
-753
-1319
-1429
-922
-458
-188
-131
-647
-1314
-1187
-639
-812
-1491
-1476
-989
-956
-1182
-1047
-1014
-1553
-1824
-1232
-660
-842
-1172
-747
145
2006
4417
5451
3727
1897
2673
4485
4658
3817
4086
4621
4920
5112
6084
6312
5183
3401
2422
2648
3077
2033
-296
-1119
373
1669
267
-1842
-2432
-2580
-3905
-4790
-4430
-4670
-6554
-7386
-5822
-4297
-5252
-7043
-7584
-6795
-6010
-5897
-6208
-6361
-5551
-4203
-3064
-2507
-2059
-2126
-2448
-2055
-822
-123
-555
-516
1027
2536
2797
2313
2145
2101
2158
2387
2775
2897
3094
3827
4442
4581
4159
3641
3126
3004
3181
3148
2628
2305
2568
2788
2431
1656
890
437
215
70
-234
-632
-838
-688
-353
-280
-678
-1427
-1763
-1494
-1210
-1332
-1664
-1709
-1641
-1680
-1704
-1779
-2136
-2566
-2637
-2264
-1862
-1064
1213
3737
4314
2661
1809
2821
3989
3902
3781
4214
4462
4554
4923
5882
5947
4775
2930
2298
3072
3656
2065
-150
-154
1514
1942
185
-1271
-1561
-2244
-3483
-3599
-2926
-3655
-5374
-5479
-3774
-3042
-4602
-6381
-6948
-6436
-6151
-6356
-6795
-6632
-5810
-4838
-4187
-3522
-2981
-3398
-3910
-3019
-1237
-862
-1663
-1116
1071
2462
2448
2344
2519
2219
2094
2510
2728
2359
2537
3421
4037
4231
4285
3797
2811
2687
3382
3296
2247
2000
2775
3027
2496
2158
1746
850
210
413
376
-302
-753
-444
-207
-383
-556
-921
-1462
-1724
-1324
-1248
-1720
-1846
-1371
-1218
-1476
-1545
-1492
-1892
-2243
-1966
-1665
-1935
-1381
1333
4105
4095
1804
1072
2374
3706
3820
4056
4440
4407
4543
5378
6454
6111
4503
2572
2070
3085
3847
2239
-155
-182
1715
2110
-4
-1754
-2092
-2811
-3912
-3734
-2920
-3913
-5767
-5605
-3583
-2992
-4816
-6660
-7011
-6235
-5629
-5627
-6196
-6331
-5569
-4432
-3837
-3528
-3267
-3701
-4177
-3248
-1249
-551
-1413
-1332
637
2214
2220
1957
2170
2210
2159
2712
3326
3119
2947
3708
4489
4455
4048
3630
3127
2953
3411
3545
2810
2452
3033
3420
2912
2248
1768
1058
358
262
240
-337
-935
-806
-422
-521
-949
-1393
-1758
-1912
-1749
-1703
-2094
-2301
-1949
-1494
-1533
-1745
-1806
-1843
-1880
-1779
-1485
-1585
-1778
-1590
-115
2553
4467
3694
1284
847
2712
4356
4072
3829
4359
4965
5213
5689
6346
5746
3987
2371
2624
3771
3914
1836
-94
402
2074
1900
-546
-2322
-2493
-2696
-3567
-3715
-3338
-4214
-5692
-5491
-3659
-3426
-5479
-7255
-7109
-5899
-5426
-5742
-6290
-6090
-5178
-4167
-3804
-3806
-3908
-4307
-4254
-2793
-769
-439
-1441
-1016
1118
2314
1851
1525
2020
2164
2306
3026
3622
3395
3531
4442
4898
4583
4196
3880
3269
3369
4077
3943
2803
2576
3570
3789
2869
2196
1921
1137
468
671
593
-498
-1287
-860
-587
-1184
-1629
-1640
-1902
-2234
-1910
-1727
-2372
-2823
-2230
-1677
-2000
-2333
-2133
-2049
-2185
-1840
-1244
-1445
-1931
-1737
-1107
-880
108
2688
4512
3457
1533
2098
3829
4332
3915
4556
5119
4840
4805
5843
6516
5588
4091
2963
2945
3488
3593
1867
45
332
1803
1248
-1174
-2324
-2179
-2855
-4096
-3714
-2997
-4278
-6090
-5515
-3719
-4076
-6212
-7401
-6959
-6338
-6051
-5846
-5890
-5825
-5121
-4096
-3740
-3768
-3814
-4128
-4150
-2740
-789
-537
-1395
-689
1475
2396
1651
1352
1966
2246
2432
3379
4238
3992
3888
4727
5339
4901
4286
3950
3578
3681
4336
4343
3370
3025
3720
3791
2775
2013
1770
1115
391
458
440
-482
-1256
-962
-705
-1316
-1942
-2051
-2106
-2205
-1953
-1897
-2436
-2780
-2270
-1785
-2066
-2454
-2345
-2214
-2303
-2086
-1701
-1801
-2080
-1697
-1003
-935
-1253
-965
654
3135
4850
4275
2368
1980
3533
5094
5187
5013
5022
5093
5216
5941
6577
5721
3801
2363
2854
3884
3688
1555
-251
-40
1189
928
-1112
-2699
-3194
-3502
-4061
-3833
-3560
-4626
-6170
-5982
-4432
-4352
-6251
-7937
-7734
-6559
-5815
-5760
-5937
-5766
-5127
-4282
-3727
-3558
-3804
-4247
-4053
-2504
-660
-145
-686
-327
1188
2332
2385
2101
2181
2450
3183
4115
4840
4899
4891
5098
5391
5522
5084
4292
3682
4070
4624
4490
3740
3362
3365
3071
2504
1859
1163
365
123
387
316
-406
-1076
-1183
-1228
-1495
-1905
-2324
-2678
-2613
-2121
-1953
-2349
-2721
-2613
-2477
-2527
-2555
-2571
-2707
-2629
-2094
-1596
-1614
-1726
-1464
-980
-808
-845
-818
-747
-516
860
3732
5812
4985
2688
2508
4283
5446
5080
4888
5090
5097
5307
6113
6628
5587
3896
2537
2543
3241
3390
1622
-547
-556
920
835
-1705
-3513
-3668
-3814
-4745
-4665
-3932
-4779
-6514
-6466
-4696
-4576
-6565
-8176
-7858
-6770
-6033
-5671
-5627
-5505
-4795
-3759
-3338
-3543
-3789
-4022
-4043
-2824
-759
145
-597
-299
1920
3488
2755
1839
2466
3122
3251
3965
5339
5428
4941
5505
6376
5834
4656
4368
4209
4014
4431
4987
4037
2873
3267
3883
2753
1189
1044
1064
355
181
888
465
-926
-1183
-495
-1032
-2521
-2926
-2535
-2601
-2760
-2273
-2265
-3073
-3310
-2630
-2494
-3269
-3482
-2920
-2551
-2456
-1938
-1486
-1685
-1773
-1081
-489
-706
-963
-582
-182
-193
-16
1024
3059
5015
5500
4035
2732
3180
4587
5178
5099
5267
5284
5173
5282
5982
5828
4428
2602
1887
2523
3076
2209
29
-1006
-440
105
-1318
-3339
-4261
-4520
-4966
-5101
-4332
-4462
-5881
-6797
-5682
-4612
-5576
-7411
-7942
-6915
-5798
-5182
-5085
-5087
-4841
-4150
-3472
-3207
-3262
-3506
-3606
-2734
-789
681
475
-53
985
2832
3641
3232
2939
2957
3169
3875
5159
5927
5627
5311
5605
5981
5517
4745
4094
3907
4208
4816
4839
3962
3311
3301
3165
2199
1358
916
517
248
614
811
-156
-1319
-1549
-1397
-2119
-3056
-3376
-3314
-3359
-3124
-2669
-2817
-3403
-3548
-3173
-3211
-3555
-3552
-3129
-2693
-2165
-1577
-1380
-1489
-1300
-744
-517
-711
-799
-473
-119
185
520
724
649
1341
3748
6124
5825
3384
2491
3957
5408
5426
5286
5358
4902
4631
5313
6017
4912
2912
1597
1662
2264
2303
978
-1211
-1964
-1010
-448
-2223
-4302
-4769
-4476
-4786
-4897
-4199
-4667
-6379
-6905
-5178
-4313
-5932
-7672
-7334
-5932
-5188
-4857
-4616
-4553
-4380
-3524
-2555
-2389
-2786
-2964
-2590
-1465
168
1179
762
426
1807
3713
3984
2973
2781
3339
3753
4266
5381
5934
5388
5224
5940
6221
5260
4378
4123
4144
4339
4670
4313
3221
2843
3230
2905
1530
667
545
220
-144
91
24
-1140
-2068
-1812
-1635
-2630
-3640
-3695
-3439
-3422
-3196
-2921
-3221
-3651
-3377
-2878
-3072
-3531
-3402
-2797
-2293
-1819
-1383
-1240
-1287
-933
-322
-159
-446
-462
48
510
738
837
913
795
740
1086
2256
4200
5544
4948
3189
2863
4092
4924
4575
4390
4631
4397
4089
4384
4768
3892
2412
1375
1244
1406
1125
-89
-1746
-2099
-1291
-1088
-2742
-4265
-4407
-4245
-4814
-5115
-4506
-4770
-5965
-6207
-4666
-3984
-5328
-6629
-6196
-4982
-4570
-4487
-4311
-4002
-3624
-2864
-2066
-1843
-1995
-2083
-1705
-735
630
1396
1111
1142
2595
4211
4238
3407
3405
3853
3947
4236
5166
5554
5095
5174
5824
5772
4782
4169
3892
3542
3590
3968
3596
2486
2346
2751
2117
648
46
-7
-729
-1232
-837
-726
-1820
-2413
-1852
-1797
-2927
-3714
-3410
-3308
-3556
-3345
-2847
-2991
-3274
-2786
-2257
-2521
-3001
-2754
-2183
-1864
-1546
-1108
-897
-930
-642
-132
-51
-352
-409
-33
253
373
549
773
802
766
964
1094
986
1484
3492
5565
5389
3427
2608
3647
4470
4232
4132
4322
3817
3318
3950
4745
3857
1979
863
831
988
791
-14
-1402
-2076
-1411
-758
-1931
-3815
-4473
-4247
-4484
-4814
-4363
-4406
-5474
-5848
-4377
-3384
-4642
-6237
-6000
-4723
-4234
-4146
-3788
-3440
-3288
-2620
-1563
-1258
-1766
-2054
-1487
-488
549
1252
1314
1290
2188
3781
4472
3821
3239
3578
4060
4099
4374
4928
4950
4582
4810
5252
4622
3365
2801
2965
2934
2766
2672
2373
2006
2036
2003
1105
5
-457
-545
-837
-957
-911
-1255
-1787
-1784
-1557
-2088
-2973
-3304
-3088
-3054
-3099
-2923
-2787
-2811
-2680
-2312
-2322
-2674
-2753
-2325
-1861
-1607
-1350
-1115
-914
-630
-245
-91
-235
-286
-64
260
471
629
786
921
1074
1206
1249
1119
1059
1447
2480
3852
4657
4312
3336
3032
3571
3978
3778
3500
3452
3328
3332
3575
3463
2486
1408
1062
1001
608
-27
-524
-993
-1297
-1252
-1308
-2091
-3232
-3731
-3651
-3741
-4159
-4344
-4316
-4389
-4338
-4039
-4056
-4735
-5247
-4969
-4386
-4155
-4047
-3660
-3130
-2618
-2113
-1698
-1664
-1794
-1571
-912
-274
97
490
998
1564
2130
2658
2889
2992
3402
3816
3744
3420
3519
3741
3862
4131
4393
4049
3390
3308
3403
3130
2678
2538
2355
2089
2067
1989
1483
770
470
223
-229
-747
-983
-1108
-1329
-1440
-1488
-1619
-2030
-2261
-2221
-2203
-2462
-2694
-2547
-2322
-2155
-2051
-1839
-1762
-1783
-1732
-1620
-1529
-1510
-1253
-894
-589
-475
-357
-185
-83
57
222
401
414
543
821
1041
1033
956
1039
1091
1104
1035
1004
903
868
1045
1618
2785
4159
4677
3428
1665
1200
2094
2652
2486
2501
2725
2664
2548
2788
2254
744
-331
5
415
-97
-651
-772
-967
-1463
-1444
-1567
-2697
-4061
-4036
-3153
-3255
-4042
-4269
-3849
-3907
-4066
-3883
-4034
-4871
-5225
-4240
-3316
-3291
-3435
-2762
-1939
-1596
-1436
-1299
-1296
-1307
-655
310
929
1170
1628
2280
2649
2791
2807
2703
2655
3070
3553
3536
3422
3701
3966
3796
3590
3413
2852
2326
2498
2801
2409
1933
2066
2092
1505
968
874
529
-78
-186
91
-51
-592
-721
-562
-741
-1277
-1546
-1499
-1578
-1712
-1613
-1405
-1535
-1763
-1726
-1629
-1809
-2020
-1870
-1622
-1551
-1558
-1414
-1250
-1199
-1135
-979
-826
-795
-705
-450
-156
-26
28
200
452
628
706
839
1004
1125
1180
1258
1350
1342
1274
1289
1402
1384
1235
1163
1175
1158
1265
1636
1852
1649
1414
1504
1612
1496
1399
1347
1172
947
944
953
682
283
29
-96
-313
-558
-784
-980
-1194
-1339
-1390
-1557
-1870
-2173
-2258
-2331
-2491
-2614
-2658
-2721
-2809
-2731
-2663
-2716
-2777
-2677
-2539
-2443
-2261
-2094
-1960
-1750
-1354
-1056
-933
-735
-372
46
377
626
734
857
1095
1345
1532
1726
1934
2034
2156
2332
2364
2236
2216
2349
2368
2315
2338
2325
2123
1924
1894
1792
1527
1293
1247
1173
951
736
601
452
211
43
-31
-129
-319
-442
-443
-488
-633
-768
-790
-826
-913
-977
-994
-1051
-1164
-1183
-1064
-876
-741
-655
-609
-604
-628
-642
-572
-458
-356
-253
-93
40
37
-10
37
147
203
253
360
443
470
530
664
746
712
648
646
666
627
542
486
498
521
507
473
393
218
1
-87
6
105
59
-33
-37
-37
-114
-180
-218
-355
-506
-446
-289
-325
-478
-498
-456
-530
-608
-599
-654
-770
-729
-575
-585
-741
-793
-731
-750
-841
-877
-876
-899
-883
-785
-724
-760
-777
-694
-607
-554
-499
-458
-445
-365
-197
-79
-38
40
166
243
292
349
359
339
413
545
569
532
584
689
726
724
759
777
758
763
796
783
724
711
769
817
800
758
704
624
550
530
520
456
400
408
436
409
363
341
302
231
177
150
123
113
116
108
60
5
-54
-117
-171
-203
-212
-185
-103
-28
-19
-70
-132
-183
-223
-243
-248
-235
-188
-130
-106
-128
-175
-217
-242
-247
-242
-243
-247
-227
-183
-157
-195
-277
-340
-351
-330
-309
-302
-303
-296
-279
-266
-263
-263
-258
-257
-244
-228
-241
-291
-326
-312
-279
-259
-256
-252
-241
-214
-161
-96
-74
-92
-58
29
46
-6
24
128
165
172
270
346
284
258
349
369
260
224
260
207
157
260
381
339
219
141
106
78
54
11
-36
-36
-12
-10
-41
-79
-124
-151
-154
-184
-246
-269
-216
-141
-104
-134
-205
-251
-234
-202
-210
-231
-207
-133
-52
-4
-17
-46
-32
8
10
-16
-3
54
109
155
209
246
251
270
325
360
361
388
444
462
429
370
292
332
660
1055
1034
549
104
33
185
253
159
34
17
123
165
31
-120
-88
-12
-178
-487
-545
-300
-134
-265
-468
-480
-348
-260
-267
-301
-312
-260
-133
-23
-16
-37
14
54
-62
-243
-270
-142
-64
-118
-164
-106
-13
47
92
125
137
143
155
110
-15
-107
-99
-97
-176
-210
-99
22
12
-45
-25
13
-20
-75
-96
-101
-90
-29
31
0
-109
-199
-252
-308
-352
-328
-231
-131
-59
-8
-4
-70
-166
-236
-265
-279
-274
-243
-180
-101
-34
-10
-41
-82
-78
-29
13
39
97
196
262
252
223
227
234
217
206
247
339
443
513
508
472
473
489
438
335
292
323
332
281
232
217
195
142
78
30
15
40
70
43
-26
-60
-59
-96
-183
-242
-234
-219
-233
-259
-275
-275
-256
-223
-211
-210
-185
-163
-173
-198
-197
-179
-173
-166
-129
-84
-56
-26
10
19
-13
-36
-25
-1
10
18
40
70
105
141
152
127
95
105
142
166
173
168
160
154
154
165
168
153
134
121
103
71
40
25
23
10
-22
-60
-84
-77
-77
-116
-177
-213
-216
-216
-228
-231
-224
-231
-254
-278
-301
-321
-316
-291
-258
-217
-176
-132
-106
-102
-100
-86
-78
-85
-88
-64
-18
30
69
104
142
177
196
219
244
261
276
294
308
310
294
276
272
269
258
246
235
224
223
228
230
235
225
198
150
94
53
23
-6
-26
-34
-24
-26
-53
-95
-138
-150
-139
-140
-161
-172
-162
-146
-149
-167
-185
-199
-217
-226
-216
-193
-156
-125
-105
-95
-94
-106
-130
-139
-121
-91
-74
-57
-31
-9
-2
-7
-12
-8
13
36
48
46
46
66
81
77
64
65
80
89
98
106
100
85
71
67
63
53
45
44
39
31
28
22
9
-6
-11
-7
-5
-7
-10
-9
-14
-22
-32
-43
-54
-66
-70
-68
-62
-57
-44
-31
-14
0
5
-5
-13
-16
-14
-11
-13
-6
7
32
57
62
55
49
55
65
69
65
66
79
92
94
89
78
74
72
74
77
84
89
87
84
76
69
61
46
28
18
18
22
13
0
-14
-23
-31
-39
-42
-46
-50
-55
-64
-80
-101
-117
-124
-126
-122
-116
-108
-104
-105
-113
-122
-125
-128
-122
-111
-103
-91
-85
-83
-85
-88
-88
-81
-65
-48
-34
-25
-19
-16
-7
-4
0
10
24
43
55
58
61
66
64
60
59
61
67
77
81
86
89
88
87
85
85
84
83
80
78
71
64
56
49
45
40
32
30
28
25
15
3
-7
-9
-10
-12
-17
-21
-23
-24
-30
-37
-39
-38
-37
-39
-38
-36
-28
-25
-26
-28
-22
-13
-7
-5
-7
-1
8
9
6
-1
-1
3
6
5
9
15
20
25
27
28
26
28
28
29
25
24
20
12
3
-2
-1
-2
-3
-6
-4
1
-1
-7
-15
-16
-15
-17
-23
-28
-30
-30
-28
-31
-34
-35
-33
-31
-34
-36
-39
-38
-37
-37
-37
-37
-35
-32
-27
-28
-28
-29
-28
-21
-18
-13
-10
-3
1
7
10
10
15
16
22
26
30
32
33
35
39
43
44
47
48
48
49
48
47
44
42
39
38
35
33
29
26
22
19
17
15
14
11
8
5
2
-1
-3
-5
-6
-7
-10
-12
-14
-12
-12
-13
-14
-15
-15
-17
-16
-17
-17
-16
-16
-15
-16
-15
-16
-18
-15
-15
-14
-15
-14
-12
-11
-11
-11
-11
-9
-11
-9
-4
-3
-1
2
2
2
4
4
4
5
7
8
11
10
8
9
9
11
9
7
6
7
4
4
3
2
3
0
-1
-3
-2
-2
-3
-4
-5
-6
-8
-8
-10
-9
-10
-9
-10
-9
-6
-6
-6
-5
-5
-4
-4
-5
-5
-5
0
1
1
4
8
8
9
11
11
10
9
10
10
11
13
13
15
13
13
13
12
11
10
8
5
7
4
1
0
-1
-3
-5
-2
-3
-3
-1
-3
-3
-6
-8
-11
-9
-7
-8
-7
-8
-9
-8
-6
-7
-6
-3
-6
-5
-3
-5
-6
-4
-7
-6
-6
-7
-5
-3
-5
-4
-2
-1
0
2
3
3
3
2
4
4
6
4
5
9
8
7
7
7
6
6
6
8
7
9
10
7
8
10
8
5
4
2
1
2
5
3
0
0
-1
-3
-4
-3
-4
-4
-5
-4
-5
-6
-5
-6
-8
-9
-8
-10
-9
-9
-10
-8
-8
-7
-5
-4
-3
-2
-3
-3
-4
-3
-1
1
0
-1
2
1
2
-1
-2
0
-1
0
0
2
3
2
2
3
3
0
0
0
-1
0
0
-2
-3
-3
-1
-2
-4
-3
-2
-1
0
1
1
1
1
0
1
0
1
3
5
4
5
4
4
6
6
6
5
8
8
8
7
7
6
4
5
5
7
6
5
5
3
3
2
1
0
2
2
1
4
1
-2
-2
-4
-5
-7
-5
-5
-7
-9
-11
-13
-14
-15
-14
-11
-11
-8
-9
-7
-3
-7
-5
-4
-2
1
2
1
5
6
4
2
3
6
7
7
8
8
5
5
6
6
8
7
7
6
2
2
2
3
3
4
4
3
1
0
0
0
-2
-1
-1
-2
-2
-4
-6
-4
-6
-7
-9
-8
-9
-7
-7
-5
-5
-7
-5
-5
-7
-7
-9
-7
-6
-5
0
1
-1
-1
1
0
-2
-2
-1
-3
-1
3
2
3
2
1
1
1
3
4
1
3
2
3
3
1
0
3
2
4
5
