SAMPLES:	6603
BITSPERSAMPLE:	16
CHANNELS:	1
SAMPLERATE:	16000
NORMALIZED:	FALSE
-3
0
-2
0
1
5
1
1
2
3
1
0
-2
-5
-4
-3
-1
-2
3
-1
-3
-1
-2
-2
1
1
3
1
0
-1
-2
-3
-2
-3
-2
-3
-1
1
-2
-3
1
1
1
1
-3
-5
-1
3
3
0
1
2
-2
0
2
2
-2
2
-1
0
2
2
6
5
4
1
4
4
6
6
6
4
1
1
4
3
3
4
5
5
2
4
4
1
1
-1
0
0
2
2
4
5
0
1
0
0
1
1
1
1
0
0
0
-2
-1
1
-1
4
3
0
5
-1
-1
0
-2
0
-5
-4
-6
-7
-7
-6
-7
-6
-3
-6
-7
-4
-4
-4
-4
-5
-5
-8
-9
-9
-8
-12
-12
-8
-5
-7
-7
-9
-9
-7
-8
-4
-5
-8
-6
-6
-4
-3
-3
-2
-3
-3
-6
-5
-4
-1
-1
-1
2
2
2
5
2
3
7
8
10
10
11
13
14
15
14
17
19
19
22
24
24
23
25
24
23
23
23
26
23
24
26
24
19
21
26
24
26
26
23
20
26
25
27
28
30
32
32
31
38
37
34
39
37
36
35
35
41
45
42
40
42
46
50
48
47
44
42
47
40
34
28
15
7
-6
-21
-36
-54
-70
-98
-122
-139
-161
-183
-207
-243
-269
-286
-310
-325
-350
-393
-410
-412
-418
-406
-418
-437
-425
-413
-401
-384
-378
-370
-333
-297
-259
-216
-190
-156
-118
-83
-47
-11
38
89
142
196
245
300
357
396
421
448
469
508
556
582
599
609
601
604
606
575
552
526
502
501
492
461
423
385
340
310
265
200
124
34
-67
-177
-276
-356
-406
-430
-430
-414
-403
-390
-358
-304
-207
-54
166
448
773
1103
1385
1565
1660
1744
1827
1917
2023
2123
2181
2182
2120
1980
1754
1452
1116
784
475
202
-43
-285
-553
-865
-1235
-1646
-2055
-2411
-2687
-2883
-3015
-3103
-3171
-3226
-3260
-3290
-3327
-3354
-3336
-3245
-3081
-2841
-2552
-2251
-1978
-1749
-1544
-1358
-1157
-942
-704
-438
-148
163
477
773
1019
1205
1360
1514
1684
1883
2101
2307
2485
2624
2724
2777
2782
2754
2699
2629
2560
2490
2409
2291
2141
1955
1744
1526
1314
1111
897
681
470
275
91
-101
-301
-523
-751
-956
-1120
-1257
-1382
-1494
-1591
-1675
-1744
-1789
-1810
-1808
-1764
-1663
-1554
-1457
-1398
-1384
-1392
-1412
-1408
-1340
-1209
-1048
-888
-782
-712
-619
-477
-331
-248
-188
6
507
1352
2323
2991
3117
2893
2744
2925
3377
3817
4021
4017
3986
4044
4102
3898
3352
2655
2056
1680
1449
1206
880
519
122
-421
-1194
-2081
-2817
-3241
-3381
-3421
-3575
-3878
-4165
-4275
-4253
-4317
-4586
-4921
-5070
-4926
-4543
-4076
-3689
-3380
-3090
-2787
-2559
-2475
-2448
-2324
-2033
-1623
-1207
-855
-488
-8
562
1044
1305
1435
1668
2114
2710
3260
3610
3783
3956
4227
4487
4580
4501
4389
4360
4420
4448
4318
4062
3796
3561
3276
2856
2353
1918
1618
1401
1106
666
171
-249
-549
-843
-1233
-1704
-2120
-2375
-2481
-2575
-2737
-2913
-2993
-2959
-2918
-2951
-3005
-2983
-2852
-2690
-2582
-2546
-2507
-2353
-2073
-1771
-1571
-1468
-1340
-1096
-798
-608
-556
-493
-292
1
218
277
241
220
269
337
323
232
301
832
1864
2957
3544
3493
3239
3279
3672
4104
4335
4383
4419
4564
4788
4865
4558
3882
3144
2623
2266
1850
1316
839
521
193
-418
-1318
-2243
-2955
-3414
-3720
-4009
-4342
-4650
-4767
-4652
-4538
-4690
-5062
-5370
-5409
-5220
-4948
-4637
-4252
-3776
-3263
-2805
-2501
-2372
-2301
-2135
-1817
-1447
-1093
-702
-193
400
908
1197
1344
1535
1911
2434
2942
3288
3493
3719
4062
4442
4647
4587
4392
4295
4343
4397
4301
4069
3811
3583
3339
2972
2466
1956
1595
1368
1128
748
279
-124
-409
-674
-1053
-1544
-1995
-2269
-2385
-2491
-2673
-2892
-3020
-3009
-2951
-2939
-2981
-2981
-2851
-2651
-2535
-2563
-2620
-2544
-2299
-2005
-1784
-1643
-1467
-1161
-791
-520
-419
-382
-247
-33
124
152
145
232
358
334
96
-37
525
2028
3859
4899
4599
3557
2935
3337
4379
5169
5183
4752
4640
5143
5728
5639
4706
3457
2561
2226
2086
1710
1103
609
306
-192
-1206
-2549
-3710
-4328
-4424
-4371
-4592
-5116
-5482
-5338
-4953
-4915
-5428
-6114
-6487
-6315
-5726
-5055
-4542
-4110
-3553
-2937
-2541
-2480
-2565
-2543
-2252
-1744
-1218
-817
-392
277
1048
1551
1710
1768
1927
2276
2844
3474
3894
4125
4440
4882
5205
5268
5171
5036
4925
4889
4905
4831
4630
4378
4073
3624
3031
2430
1906
1481
1138
795
363
-123
-542
-903
-1321
-1825
-2306
-2672
-2920
-3076
-3186
-3322
-3486
-3586
-3560
-3480
-3439
-3422
-3340
-3175
-2981
-2849
-2810
-2783
-2613
-2265
-1898
-1658
-1500
-1275
-951
-636
-438
-319
-192
-39
70
119
168
249
365
445
392
295
643
2041
4257
5936
5838
4291
3035
3323
4755
5959
6116
5569
5188
5491
6217
6481
5587
3828
2372
2006
2206
1907
957
194
42
-148
-1144
-2782
-4252
-5043
-5211
-5106
-5167
-5670
-6317
-6384
-5677
-5041
-5369
-6456
-7221
-7027
-6267
-5580
-5111
-4603
-3936
-3217
-2627
-2343
-2430
-2635
-2490
-1862
-1157
-794
-592
-54
917
1851
2289
2263
2164
2401
3119
4120
4947
5230
5117
5132
5562
6123
6385
6226
5869
5552
5351
5176
4906
4546
4154
3770
3330
2777
2108
1464
1000
660
170
-572
-1308
-1721
-1845
-2037
-2509
-3162
-3725
-4046
-4151
-4215
-4365
-4510
-4465
-4195
-3940
-3881
-3882
-3706
-3359
-3061
-2988
-3007
-2855
-2435
-1916
-1539
-1366
-1256
-1053
-692
-277
-4
13
-62
53
343
544
493
343
325
794
2278
4805
7038
7203
5303
3497
3669
5327
6637
6698
6086
5752
6183
7162
7760
6960
4829
2793
2112
2419
2305
1239
159
-9
203
-499
-2339
-4246
-5305
-5661
-5799
-5953
-6337
-6999
-7301
-6546
-5373
-5300
-6642
-7949
-7982
-7137
-6419
-6033
-5581
-4875
-4004
-3102
-2454
-2398
-2798
-2988
-2518
-1693
-1119
-915
-547
433
1731
2598
2721
2516
2538
2908
3483
4191
4904
5376
5587
5874
6363
6744
6808
6747
6676
6392
5862
5406
5206
5060
4747
4239
3606
2896
2214
1645
1121
506
-208
-926
-1525
-1929
-2201
-2517
-2983
-3487
-3885
-4226
-4578
-4835
-4887
-4808
-4720
-4617
-4491
-4378
-4254
-4030
-3756
-3570
-3443
-3221
-2861
-2496
-2182
-1831
-1441
-1119
-855
-554
-245
-99
-107
-54
115
211
158
134
252
649
1897
4464
7313
8197
6350
3861
3341
4954
6799
7410
6861
6102
6167
7387
8673
8358
6089
3420
2082
2158
2346
1621
394
-168
156
129
-1246
-3350
-4913
-5677
-6107
-6338
-6514
-7145
-7942
-7538
-5784
-4721
-5809
-7694
-8280
-7602
-6977
-6720
-6284
-5611
-4903
-3995
-2888
-2146
-2221
-2724
-2877
-2313
-1440
-1037
-1139
-724
800
2466
3064
2906
3035
3356
3340
3436
4172
4903
4940
4964
5881
7234
7927
7689
7059
6437
5884
5455
5219
5178
5288
5387
5175
4514
3546
2600
1754
871
-79
-799
-1088
-1247
-1598
-2033
-2397
-2938
-3791
-4624
-5078
-5223
-5165
-4979
-4864
-4917
-4941
-4780
-4665
-4757
-4748
-4386
-3894
-3521
-3259
-2998
-2827
-2841
-2893
-2788
-2550
-2373
-2198
-1743
-1275
-1528
-2531
-3093
-2468
-1853
-2319
-1710
3747
13073
18900
16820
13015
14741
17057
10718
276
-941
6923
10287
5195
2196
5917
7741
2892
-1998
-2499
-3197
-6833
-8390
-3877
2946
5654
2853
-845
-957
377
-2530
-8885
-11214
-7538
-4619
-5692
-5703
-2801
-2807
-7570
-10782
-9669
-9459
-12489
-13491
-9024
-2817
465
436
-670
-853
64
281
-974
-1534
163
2488
4209
6344
8083
6594
2788
949
1559
1070
-974
-1245
1282
4183
5879
6590
6348
5452
5381
6736
7842
7440
6876
7745
8835
7808
4602
980
-2022
-4176
-5105
-5030
-4742
-4271
-3132
-1848
-1500
-2286
-3452
-3974
-3254
-1865
-1184
-1613
-2114
-2021
-2147
-3394
-5263
-6474
-6438
-5397
-3951
-2818
-2312
-1934
-1270
-745
-810
-1205
-1348
-752
557
1584
1423
543
-116
-554
-1054
-1787
-2778
-3517
-4112
-5106
-1786
12138
29030
30370
15939
9539
19012
20068
144
-16040
-8061
7015
6753
-1672
-1510
3196
-675
-9762
-10855
-4226
-2996
-9729
-9812
4537
17877
13325
-811
-5233
-331
-1221
-9826
-13927
-9446
-4708
-4487
-4454
-2183
-2603
-8848
-14890
-13277
-6726
-4349
-7350
-7234
171
7661
7318
1168
-3248
-3052
-1055
59
714
2063
3570
4419
5252
5961
4011
-1282
-5621
-4871
-727
2017
1702
1235
3555
6942
7588
5342
2783
1875
5096
12355
16212
11896
6496
6009
4621
-1604
-7229
-9277
-9414
-6754
-1850
172
-1366
-2440
-2011
-887
881
1101
-1130
-1005
3222
5475
1926
-3262
-6035
-6807
-6752
-6743
-7317
-7206
-4820
-1773
-436
-716
-1524
-2119
-1215
1140
2162
787
-289
492
937
-21
-1285
-2318
-3101
-2728
-1871
-2413
-3636
-4977
-6563
-2621
13686
30716
28182
11391
6822
17618
16934
-3224
-17957
-10088
4407
5299
-2192
-2574
2474
-1037
-10226
-9794
-41
1364
-7950
-8292
7123
19375
12184
-2668
-6905
-1733
-1124
-8383
-12728
-9047
-4101
-4427
-5017
-1993
-1316
-7353
-12865
-9482
-2269
-383
-4608
-6339
-679
6613
6787
-18
-4709
-3489
-457
154
-26
957
2107
2606
3163
4622
4133
-85
-4909
-4777
-25
2970
1527
-229
2529
6832
7780
5170
3683
4755
6738
9109
9248
6185
1996
919
968
-784
-3024
-4720
-5192
-3637
-964
-714
-1836
-1548
31
1467
3040
3054
295
-1015
402
1030
-1475
-4710
-6284
-5849
-4100
-3768
-4991
-5172
-3370
-1851
-866
67
56
-446
-114
1196
1346
-34
-1654
-1873
-999
-682
-1646
-2955
-2948
-2397
-2331
-2886
-4125
-5235
-5152
6090
25668
32002
17610
3536
10536
17802
4701
-15535
-17525
-2088
6066
-41
-5445
489
3698
-4610
-10843
-3072
5408
-951
-8853
-1551
15179
17871
3578
-7627
-5059
917
-4034
-12415
-12567
-6165
-3890
-5644
-3714
231
-855
-7612
-9724
-4276
1318
-996
-6597
-4739
3429
8234
3580
-3009
-4363
-1538
-142
-1741
-1784
303
2203
2308
3525
5299
3593
-1661
-5409
-3087
1236
2086
-506
-91
4904
8575
7230
3653
2433
4498
7321
7722
6079
3750
1767
399
671
-547
-4707
-6922
-4913
-2037
-873
-225
-467
-361
1809
3936
3106
833
-727
-1241
10
445
-2521
-6109
-6065
-4080
-3677
-4202
-4561
-4140
-2313
-12
859
707
436
-150
-86
903
495
-1495
-2415
-1633
-1079
-1303
-2139
-3000
-3571
-3175
-3301
-4437
-5337
-1685
15077
30899
27505
9345
3686
14252
12722
-5685
-20105
-12527
2031
3299
-4721
-4298
5026
3892
-6918
-9136
1840
5869
-3186
-7357
3926
17889
13462
-1964
-8599
-2214
413
-8783
-15242
-11110
-3764
-3642
-5361
-1742
3050
479
-7378
-8217
-1515
2540
-2802
-7532
-2711
6014
7535
49
-5123
-3586
-381
-1750
-4056
-1719
2225
3343
2250
3918
6083
3626
-2779
-5811
-2019
1984
1152
-1513
857
6434
8496
5680
2530
3007
5918
7927
7195
5058
2480
56
-1968
-2918
-3994
-5999
-6129
-3688
-128
2075
2028
886
599
2048
3072
2060
-123
-1489
-1047
20
-955
-4124
-6336
-6043
-4685
-4142
-4013
-3273
-1732
-199
772
1653
1724
475
-866
-696
296
-114
-1811
-3236
-2628
-1288
-1380
-3191
-3979
-3870
-4443
-5451
1643
20747
32392
22877
4546
4868
15525
9518
-11121
-22260
-10313
3848
2429
-6032
-2920
6766
3867
-6748
-6984
3759
5643
-3275
-5858
6381
17938
10268
-5171
-8999
-1282
-1123
-11402
-16338
-10040
-1660
-1938
-4296
-853
4143
1214
-6746
-7305
-944
1779
-3946
-7666
-2017
6514
6462
-2016
-6599
-3786
-158
-2001
-4334
-1545
3270
5013
3331
3619
5121
3343
-2279
-5388
-2369
1413
1201
-853
1198
5966
7613
4812
1777
3509
8258
8464
4525
2201
2417
716
-2653
-3683
-4384
-4867
-3629
-1999
-466
1942
2615
873
1070
3005
2778
571
-801
-1612
-1660
-1164
-2859
-5271
-5402
-4288
-4117
-3814
-2862
-2030
-503
893
982
731
702
-114
-1118
-1098
-855
-1529
-2585
-2789
-2664
-2125
-2653
-3524
-4173
-4465
-4365
4466
23396
32581
21073
3638
4919
13571
6857
-12280
-21665
-9708
3068
1277
-5617
-1126
7591
3284
-6989
-6389
4540
6947
-1849
-5067
6572
17798
10228
-5144
-9706
-3350
-3368
-12325
-15851
-8676
44
-618
-3582
-209
4875
1715
-6914
-8066
-1494
2320
-2486
-6605
-1891
5625
5011
-3432
-7643
-4574
-957
-2168
-3776
-288
4534
5521
2907
2634
4261
2628
-2492
-5302
-2179
1728
1842
-37
1290
5280
6450
4370
3859
6828
8082
5141
2207
1119
25
-2269
-3941
-4325
-3561
-1916
-900
-119
1236
2262
1841
1527
1801
1680
1460
1040
-31
-1428
-1986
-2735
-4232
-5407
-5921
-5302
-3743
-2085
-1092
160
1544
1826
1091
211
-462
-1060
-1707
-1935
-1905
-2212
-2931
-3070
-3127
-3782
-4701
-5259
-5712
155
18158
32130
26486
8064
2145
10118
9508
-5739
-19954
-14568
-527
2615
-3403
-2891
5387
4693
-5193
-8646
765
8369
2757
-4384
1748
15289
14792
324
-9639
-7043
-3643
-9416
-14626
-10414
-1071
1091
-2832
-1743
3879
4180
-4196
-9385
-4728
2188
1454
-4017
-3292
3023
4814
-1970
-7768
-6146
-2012
-1751
-3433
-511
4895
6518
3064
741
2359
2389
-1560
-5165
-3081
1540
3033
1547
1422
4121
5086
2738
1108
5652
9246
6432
2383
1816
2250
-1339
-4270
-5924
-5593
-2791
-803
-9
1649
4113
3151
1511
1631
1536
491
-30
-183
-822
-149
-962
-3546
-5115
-5387
-5424
-4933
-3150
-1884
-134
1872
2264
1569
1022
525
-739
-1526
-2068
-2427
-2571
-3179
-3658
-3689
-3625
-4832
-5544
-4233
7429
25615
31349
17927
2240
5169
11550
4265
-12079
-18271
-6701
3269
809
-4902
-264
5553
-792
-9686
-6517
5757
8645
601
-2773
7856
17334
8859
-6313
-11088
-5673
-5523
-11491
-11957
-3893
3166
-214
-4673
-1731
3210
-269
-8420
-8097
-15
5015
923
-3526
-794
3503
411
-7349
-8755
-3871
-354
-1728
-1767
3226
7284
5276
-77
-970
1211
464
-3323
-4205
292
4092
3470
991
1623
3765
3282
2036
4566
8623
7841
3929
1298
957
-340
-3224
-5930
-6297
-2750
257
717
903
2481
3183
2121
1254
765
862
1069
679
-215
-189
-624
-3027
-5187
-5947
-5486
-4452
-3104
-1902
-438
1379
1980
1147
213
-175
-488
-807
-1179
-1637
-1910
-2302
-3266
-4227
-4880
-5407
-5862
-3977
9943
28122
31409
14857
-901
3259
9827
2541
-13459
-16982
-3579
5949
2169
-3797
558
4259
-3653
-12013
-6280
7476
9897
1110
-1917
9150
16468
6032
-9135
-12495
-6250
-5934
-10366
-8835
-44
4597
-1289
-5866
-2130
2485
-2136
-9475
-7175
2228
6718
1787
-2494
-403
1870
-2838
-9185
-8369
-2768
274
-1005
129
4843
7075
3396
-1668
-1860
101
-260
-2303
-1463
2488
4697
3282
733
588
1214
934
1428
5186
9069
8748
5911
2605
103
-2482
-4862
-6671
-5928
-1832
1243
1819
1772
2172
1706
809
72
-324
871
2230
1966
674
53
-1296
-3942
-5814
-6374
-5296
-3183
-1344
-507
416
1418
785
-589
-1259
-1007
-607
-573
-911
-1122
-1075
-1829
-3474
-4679
-5672
-6251
-4938
7885
26928
32075
16554
-1452
881
8798
3675
-11478
-16382
-3726
6227
2917
-3578
79
3764
-4616
-13556
-7291
8462
12092
2742
-1884
8122
15838
5636
-9642
-13105
-6353
-5564
-9720
-7384
1515
4989
-2867
-8419
-4010
1982
-1722
-8721
-5981
3800
8221
2698
-2371
-1371
142
-4169
-9063
-6882
-1151
1438
-294
177
3591
4634
926
-3459
-2983
-203
1188
801
1457
3517
4253
2933
892
253
949
2502
4519
5966
5709
4598
2099
-1073
-2669
-2851
-3028
-3486
-1748
1013
2507
2465
779
-818
-363
857
814
909
1962
2470
1417
-400
-2528
-4352
-4974
-5363
-5059
-3087
-625
466
377
285
5
-293
-727
-1436
-1020
-286
-377
-1547
-2373
-2628
-3140
-4061
-5251
-5933
-643
17100
31511
26574
5512
-4920
3665
8308
-1152
-14417
-10911
2592
6061
-1443
-4952
727
-283
-10010
-12423
1610
15102
11563
232
108
11093
11034
-3027
-13741
-10223
-3542
-5377
-7606
-2930
3544
-294
-9323
-9653
-1515
2400
-3319
-6349
-3
7896
6487
-864
-4175
-2717
-2812
-6344
-6224
-1635
2212
1359
-563
758
2352
1251
-2273
-3244
-877
1857
2912
2506
2228
1445
715
-109
143
1383
2857
5007
7679
9005
6343
1682
-2264
-3749
-3483
-2698
-2273
-1498
645
1652
939
-392
-1245
-1411
-514
1431
3111
4088
3659
1719
-673
-2311
-3859
-5355
-5633
-4603
-2740
-1067
-435
-1187
-1812
-1636
-1145
-131
947
1853
1558
572
-940
-2385
-3553
-4770
-5625
-5727
-5146
-953
15944
31297
27366
5348
-7379
2010
9460
2513
-10921
-8637
4763
7601
-2035
-7761
-2295
-2560
-11829
-13903
1542
16487
13138
562
-1053
9958
10379
-2635
-11999
-7219
-386
-3079
-6065
-2623
1786
-4202
-13680
-12897
-2878
2392
-1889
-3518
2392
8399
5203
-1994
-4878
-3395
-2887
-4691
-2871
1216
3178
558
-2154
-1889
-1202
-1289
-2299
-1283
1247
3634
4178
3070
1184
-786
-952
-467
582
2012
6843
9900
7476
3903
625
-1593
-3603
-2368
-1110
-732
1382
2526
1011
-860
-1812
-3800
-3444
-619
2069
3587
4572
3498
449
-394
-1798
-4142
-4809
-3327
-1824
-708
-147
-1402
-2207
-2529
-3352
-3780
-1512
648
1254
1656
1370
442
-1199
-2713
-4318
-4325
-3785
-4211
-2227
12805
29460
27901
6655
-9472
-1357
9410
5988
-6848
-6929
5365
7931
-2257
-9295
-4082
-2378
-10707
-13842
1184
17419
14194
-581
-5226
5302
8430
-1573
-9539
-4447
2994
-87
-5006
-3217
472
-5536
-14835
-14123
-3573
3061
-540
-3822
-677
4262
2282
-2588
-4022
-1806
-173
-685
880
2884
2985
-607
-3979
-4154
-2266
-349
-259
-380
310
2347
3159
1640
-850
-1537
447
1678
3637
7311
9658
7116
1471
-1147
-1198
-665
-1020
-1490
-614
1590
2210
157
-1751
-2453
-2403
-1874
469
2816
3587
2764
713
-636
-972
-1422
-3010
-3719
-2721
-1256
-502
-1077
-2287
-3041
-2655
-2116
-1622
-740
487
1103
938
154
-1042
-1894
-2244
-2575
-2207
-2174
-2235
-3248
3866
21842
29509
15660
-7012
-7032
8410
13124
1945
-7496
-106
7014
493
-10412
-8048
-973
-4521
-11953
-4901
12909
16162
3042
-8602
-2645
6800
3737
-4269
-4174
2644
1583
-4163
-5329
-1854
-4161
-11829
-13229
-5420
2511
615
-4167
-4747
-1252
-503
-2246
-2254
-1247
374
616
1901
2643
1885
-289
-2567
-3071
-1998
956
2674
1709
-1259
-1405
905
1611
-94
-1261
1524
4443
5608
5952
6415
4322
488
-1289
-532
1059
1156
483
-570
335
1357
-91
-2111
-2202
-997
-60
1333
1916
1335
251
-622
-1635
-1686
-982
-1695
-2758
-2800
-1953
-1666
-1819
-2613
-3195
-1852
-382
-416
-795
-262
164
-222
-895
-1454
-1414
-1153
-1038
-1636
-1896
-2700
479
16687
28551
19907
-3430
-9973
5857
15430
7992
-3838
-497
6973
2109
-9768
-9710
-1424
-3134
-11339
-7706
9827
15147
2792
-9560
-4901
6745
6215
-1030
-2202
3067
980
-5891
-6781
-1988
-2650
-9929
-12060
-5692
1396
-665
-6024
-7593
-4498
-1779
-1187
-306
-854
-1038
-711
709
1104
702
984
935
-149
-1315
690
3009
1853
-2440
-3078
928
2855
894
-627
1674
4678
6392
5531
3096
1282
1214
1179
787
2045
2168
325
-822
529
1309
552
-411
-1025
-265
1309
1487
-389
-859
-222
-550
-1463
-1617
-1616
-2178
-2887
-3773
-3444
-1858
-1322
-2595
-2658
-1242
-581
-722
-1096
-1073
-919
-573
-972
-1250
-871
-805
-1629
-2493
-3138
-303
15521
27041
18312
-4284
-9592
8128
18089
10115
-2221
655
7108
1525
-9680
-7778
1317
-1471
-10822
-7792
8492
11042
-2255
-12102
-4724
7859
7909
1927
538
3312
-795
-6546
-4777
929
-736
-8130
-9828
-5553
-1834
-4874
-8251
-8573
-5557
-2275
-361
155
-2761
-4444
-2983
233
1083
1214
2573
2800
438
-1624
690
2841
1343
-2336
-1505
2548
3287
256
-1542
743
3932
5671
4403
2198
578
1311
2334
2863
3130
1760
174
-208
961
1297
832
190
164
1091
2422
1951
-575
-1816
-1467
-406
-250
-891
-2152
-3206
-3468
-3527
-2830
-2045
-2624
-3757
-2860
-789
17
-1192
-2439
-2083
-944
-287
-599
-681
-603
-940
-2029
-2256
-1689
8677
21775
19176
186
-12036
2525
18977
16783
3100
-461
5031
2851
-6634
-7302
2786
3758
-5941
-9407
2967
9305
-1899
-12720
-8198
5414
8609
3179
-419
744
-1532
-5758
-3058
3913
4050
-4369
-8463
-6073
-2875
-4653
-7196
-7319
-6030
-3677
-2368
-2130
-5074
-7172
-4959
25
2438
1579
1289
685
-1209
-2516
1066
4740
3562
-527
-1023
2339
3574
2070
299
2060
3732
3329
1428
335
355
-380
-214
1369
3130
2105
266
-445
1098
2580
2663
2243
1869
2212
1874
1542
971
158
-1072
-1664
-1457
-1537
-2254
-3281
-3494
-3107
-1973
-1572
-2030
-2921
-3192
-2360
-1326
-666
-1140
-1527
-1602
-1281
-1227
-1483
-1090
-611
-753
-1957
-7
13351
22441
12388
-8113
-9725
10970
21751
12054
-54
1903
4836
-1950
-8354
-424
8374
1255
-10330
-6835
7148
5501
-7768
-10984
491
8779
3777
-2117
-1685
-389
-4703
-5569
1189
6616
729
-7861
-7894
-3329
-1508
-3849
-4708
-5209
-5611
-5020
-3873
-4341
-6512
-5695
-1905
843
-619
-1598
-638
-545
-1973
-390
4817
5813
1503
-1829
577
3326
3015
1670
2314
3621
2572
360
-689
1050
2282
1584
658
1581
1920
313
-655
637
2799
2991
1936
623
586
1354
1604
1078
774
1119
631
-502
-1818
-2420
-2331
-1715
-1850
-2444
-2425
-2562
-3103
-3468
-2489
-1361
-1326
-2121
-2310
-1619
-518
-345
-735
-1025
-583
-948
-1667
-2465
3523
16948
18323
2932
-11623
-587
18998
19073
4976
-270
5204
3466
-4466
-3491
8232
8345
-5450
-12584
-1877
7452
-1848
-11025
-5224
6161
5017
-2624
-3529
-82
-1201
-4559
-888
5034
3453
-5982
-9261
-4769
-934
-1931
-3816
-3974
-5920
-6735
-4976
-2825
-4134
-5615
-3670
-1076
-1278
-3134
-2164
-828
-947
-1298
1609
4101
1562
-1802
-494
3679
4154
2349
2578
4718
4351
2425
1064
1301
2385
2138
1389
883
1212
-110
-1651
-295
2764
3092
1245
628
1069
1766
1943
1945
1036
348
91
-618
-1063
-968
-1035
-1662
-1694
-1965
-2496
-2688
-2755
-3264
-3060
-1703
-1426
-2178
-2822
-2347
-1725
-1220
-705
-793
-925
-888
-631
-631
-240
810
9618
16735
8999
-6724
-7863
11440
21537
11844
708
2519
4623
-1104
-3494
5707
12004
1353
-10636
-7380
4968
3757
-6963
-7155
1837
3958
-3932
-6252
-1462
776
-2620
-2231
2702
3293
-3420
-8656
-4919
-243
-317
-3392
-4476
-5627
-7573
-6234
-2959
-2395
-5172
-5420
-3169
-1849
-2656
-2334
-463
-224
-1021
-835
1125
1124
-355
246
3435
5007
3319
1955
2149
3316
3399
3388
3346
2839
1659
181
448
1335
1116
-232
175
1189
1236
633
1002
1914
2218
2320
1925
1464
686
21
-408
-208
-311
-1448
-2374
-2199
-1820
-2225
-2270
-2152
-2247
-2488
-2243
-1621
-1409
-1681
-2349
-2389
-1947
-1379
-1327
-1073
-755
-730
-1001
-887
-227
5632
13774
10607
-2399
-7613
6975
20111
13890
1656
948
5181
1942
-1234
5135
11797
3554
-8933
-7955
3413
5729
-3854
-6638
217
2634
-4567
-7629
-1906
1264
-2788
-4783
26
2171
-2698
-7356
-3823
1435
507
-3943
-5497
-4555
-5348
-5435
-3207
-2033
-4848
-7175
-5360
-2428
-1566
-2141
-1591
-1266
-1549
-1308
182
1269
895
1173
2779
3629
2164
1333
3492
5877
4322
1622
1832
3378
3037
1445
1365
1587
648
-48
694
1677
1780
705
-56
979
2324
2011
598
558
1111
768
247
173
-318
-1185
-1335
-1132
-1412
-2108
-2605
-2915
-2711
-2151
-2018
-2008
-1692
-1809
-2480
-2369
-1174
-815
-1497
-1549
-967
-639
-826
-753
-490
1319
8250
11076
3052
-6264
-663
15107
17811
6398
-166
4096
5303
1263
2742
10312
8508
-4035
-8889
-251
7291
1474
-5985
-3284
1329
-2376
-7684
-4156
1378
-695
-5718
-3860
326
-1516
-6034
-4948
471
862
-3611
-6251
-4593
-3275
-3798
-3206
-2091
-3598
-6767
-6306
-2799
-847
-2042
-3154
-2637
-2312
-1950
-614
1470
1910
988
500
1091
2423
3610
4117
3545
3094
3095
2902
2580
2879
3009
2066
1539
1858
1655
715
904
1791
1594
920
970
1198
883
975
1238
916
167
-223
-400
-528
-362
-527
-1053
-1354
-1356
-1675
-1908
-1769
-1982
-2442
-2323
-1748
-1933
-2546
-2563
-1654
-1058
-1353
-1763
-1596
-1036
-767
-907
-731
-443
2012
8180
9002
842
-5712
2804
16602
14873
2646
-720
5328
5849
2154
5300
11251
5552
-6196
-6279
3988
7999
35
-5573
-1920
766
-3805
-7030
-2104
1773
-2435
-7302
-4564
-702
-3088
-6461
-3820
841
-726
-5584
-6728
-3799
-2215
-2983
-3175
-3014
-4414
-6131
-4520
-1115
-298
-2684
-4241
-3208
-1954
-1153
-163
1087
762
-151
413
1869
2766
2615
3211
4272
4137
2555
1760
2861
4152
3786
2299
1453
944
1067
1922
2956
2830
1318
321
682
1779
2070
1319
301
-128
-190
-244
-98
-74
-411
-1191
-1445
-1200
-1170
-1600
-2024
-2033
-2059
-2113
-2141
-2237
-2341
-2146
-1676
-1380
-1615
-2013
-1841
-1275
-902
-666
-796
-934
-1001
2131
7803
7373
-708
-4924
4924
16190
12125
806
175
7176
6884
2346
5280
10485
4146
-6014
-3687
6779
8164
-1154
-5384
-869
1133
-3811
-6235
-1457
1433
-3181
-7717
-4778
-869
-3170
-6723
-4264
-1
-2270
-7449
-7162
-2507
-1236
-3707
-4452
-3375
-4092
-5599
-3726
-345
-298
-3239
-4342
-2408
-918
-1057
-968
469
1066
-23
-576
764
2779
3706
3967
3698
2689
1765
2532
4341
4756
3340
1638
1247
1800
2512
2894
2788
2218
1345
967
1529
2283
1962
794
115
213
213
-244
-460
-308
-433
-1118
-1734
-1757
-1559
-1532
-1718
-1883
-2075
-2201
-2113
-1959
-1911
-2004
-2073
-2142
-2121
-1862
-1320
-1035
-1121
-1229
-1223
-1147
-434
2977
6487
4559
-1413
-1754
7124
13308
8211
897
2315
6993
5652
2900
6278
9272
3226
-3699
-543
7040
6158
-1239
-3211
447
710
-3374
-4312
-965
-293
-4242
-6451
-3783
-1489
-3618
-6348
-4806
-1766
-2822
-6396
-6804
-3872
-2705
-4355
-4759
-3318
-3478
-5191
-4421
-1240
-413
-2684
-3677
-1928
-771
-1314
-980
589
680
-734
-449
1702
2770
1926
1784
3193
3789
2921
2506
3394
3914
3425
3175
3484
3048
1967
1920
2938
3406
2612
1808
1661
1595
1351
1250
1176
697
4
-366
-316
-325
-537
-882
-1238
-1489
-1568
-1596
-1822
-2179
-2241
-1975
-1789
-1899
-2138
-2170
-2003
-1646
-1366
-1423
-1599
-1432
-985
-739
-659
-515
-334
-24
1353
3179
3277
1449
838
3568
6327
5521
2926
2686
4466
4661
3140
2892
4108
3919
2201
1720
2944
3129
1348
141
721
1242
308
-925
-1323
-1561
-2143
-2374
-2016
-2062
-2901
-3613
-3632
-3451
-3644
-4025
-4313
-4563
-4676
-4560
-4341
-4245
-4229
-4094
-3832
-3440
-2934
-2439
-2170
-2061
-1902
-1647
-1290
-896
-557
-448
-327
211
977
1380
1312
1414
1947
2440
2550
2599
2837
2972
2882
2895
3110
3121
2869
2816
3074
3169
2914
2609
2447
2265
2013
1752
1462
1225
1125
1005
577
67
-162
-197
-484
-1032
-1389
-1416
-1463
-1799
-2078
-2055
-1998
-2188
-2337
-2157
-2035
-2273
-2484
-2237
-1765
-1532
-1562
-1612
-1549
-1363
-1079
-610
164
1162
2022
2559
2861
2953
2911
3178
4082
4887
4655
3784
3512
4007
4377
4374
4346
4082
3208
2429
2507
2780
2250
1079
50
-701
-1240
-1367
-1311
-1764
-2775
-3515
-3612
-3554
-3787
-4109
-4379
-4831
-5361
-5462
-5028
-4656
-4712
-4921
-4881
-4520
-4010
-3582
-3381
-3223
-2895
-2503
-2197
-1804
-1246
-828
-659
-315
426
1124
1377
1427
1676
2023
2254
2478
2790
2951
2918
3097
3550
3824
3785
3801
3812
3501
3197
3381
3608
3162
2440
2237
2387
2192
1722
1438
1174
624
104
36
6
-550
-1324
-1633
-1579
-1802
-2263
-2438
-2311
-2359
-2562
-2525
-2361
-2500
-2778
-2635
-2204
-2041
-2155
-2072
-1754
-1556
-1504
-1310
-801
-24
902
1736
2256
2484
2634
2980
3688
4517
4787
4254
3634
3687
4207
4598
4756
4698
4129
3172
2691
2957
3051
2273
1143
340
-265
-851
-1142
-1193
-1610
-2517
-3310
-3659
-3805
-3914
-3990
-4303
-4991
-5506
-5336
-4899
-4854
-5043
-4941
-4627
-4437
-4220
-3758
-3344
-3276
-3236
-2842
-2268
-1835
-1494
-1089
-688
-316
146
651
1008
1283
1665
2083
2341
2511
2710
2837
2897
3142
3618
3955
3937
3779
3717
3755
3831
3842
3598
3113
2763
2744
2711
2345
1849
1484
1124
672
350
177
-177
-726
-1071
-1155
-1370
-1804
-2119
-2248
-2426
-2606
-2556
-2446
-2580
-2748
-2566
-2257
-2290
-2489
-2331
-1913
-1746
-1786
-1558
-1141
-1039
-1038
-356
957
1887
2014
2036
2430
2859
3160
3752
4517
4641
3976
3469
3777
4468
4866
4811
4363
3622
3032
2910
2911
2525
1728
722
-347
-1053
-1005
-775
-1356
-2590
-3384
-3487
-3597
-3928
-4093
-4230
-4821
-5514
-5549
-5043
-4767
-4915
-5014
-4833
-4532
-4168
-3716
-3310
-3093
-2977
-2777
-2407
-1893
-1400
-1147
-1117
-934
-363
328
792
1130
1593
2040
2247
2425
2832
3221
3246
3158
3359
3680
3791
3858
4102
4207
3930
3665
3709
3724
3413
3073
2890
2586
2083
1708
1455
975
367
57
-70
-500
-1148
-1529
-1658
-1896
-2186
-2258
-2311
-2635
-2903
-2710
-2369
-2393
-2607
-2582
-2434
-2429
-2382
-2101
-1884
-1895
-1748
-1257
-884
-945
-1026
-599
333
1374
2136
2430
2366
2315
2632
3375
4226
4606
4236
3624
3535
4032
4594
4883
4837
4336
3451
2812
2821
2963
2502
1478
405
-477
-1070
-1224
-1220
-1713
-2801
-3716
-3931
-3797
-3855
-4177
-4645
-5220
-5648
-5582
-5111
-4776
-4858
-5062
-4946
-4407
-3719
-3253
-3125
-3097
-2898
-2551
-2216
-1873
-1487
-1210
-1048
-683
9
641
893
1039
1493
2180
2738
3028
3122
3131
3197
3495
3971
4276
4191
3956
3929
4089
4179
4141
4006
3652
3093
2709
2672
2574
2052
1386
953
645
249
-111
-354
-721
-1300
-1790
-1987
-2085
-2294
-2516
-2616
-2646
-2675
-2663
-2600
-2529
-2436
-2301
-2199
-2142
-2011
-1806
-1714
-1713
-1505
-1083
-840
-868
-818
-552
-243
286
1325
2404
2693
2319
2239
2831
3589
4111
4357
4216
3737
3496
3893
4503
4679
4351
3793
3175
2737
2676
2699
2245
1237
157
-608
-991
-1140
-1416
-2150
-3147
-3816
-4018
-4107
-4270
-4454
-4815
-5455
-5838
-5448
-4755
-4597
-4882
-4867
-4418
-4020
-3773
-3409
-3038
-2954
-2901
-2450
-1817
-1516
-1461
-1168
-598
-77
358
836
1227
1427
1723
2344
2989
3239
3188
3215
3447
3766
4060
4231
4222
4128
4092
4079
4000
3910
3778
3419
2879
2524
2436
2227
1704
1186
871
540
88
-270
-535
-960
-1462
-1704
-1781
-2084
-2526
-2672
-2533
-2493
-2588
-2546
-2393
-2377
-2411
-2241
-1965
-1873
-1910
-1808
-1564
-1406
-1364
-1250
-1031
-827
-662
-491
-354
-193
301
1240
2145
2507
2484
2553
2820
3175
3709
4332
4467
3914
3377
3483
3951
4258
4295
4031
3360
2667
2556
2729
2334
1296
272
-497
-1241
-1765
-1834
-1995
-2881
-4012
-4483
-4340
-4286
-4553
-4879
-5189
-5482
-5516
-5207
-4887
-4784
-4723
-4542
-4263
-3859
-3293
-2798
-2596
-2483
-2174
-1767
-1461
-1161
-737
-314
28
473
1019
1397
1616
2021
2621
3023
3176
3413
3708
3720
3604
3859
4329
4360
3967
3797
3932
3883
3653
3618
3555
2989
2268
2072
2166
1831
1185
846
708
259
-341
-610
-774
-1324
-1985
-2150
-1994
-2118
-2494
-2667
-2607
-2594
-2575
-2375
-2170
-2173
-2198
-2036
-1843
-1786
-1750
-1674
-1639
-1560
-1243
-848
-693
-693
-517
-164
68
120
183
443
1031
1905
2658
2861
2635
2519
2794
3347
3962
4308
4072
3446
3162
3557
4163
4356
3989
3244
2432
1985
2000
1937
1261
159
-823
-1518
-1990
-2203
-2363
-2940
-3923
-4614
-4655
-4500
-4582
-4789
-5001
-5324
-5520
-5175
-4522
-4265
-4440
-4400
-3910
-3360
-2942
-2522
-2193
-2148
-2127
-1708
-1026
-542
-400
-376
-198
331
1166
1891
2174
2245
2498
2893
3235
3588
3918
3900
3603
3610
4076
4380
4161
3845
3777
3752
3644
3633
3614
3214
2552
2145
2038
1757
1177
646
294
-92
-528
-810
-1027
-1440
-1929
-2152
-2155
-2285
-2554
-2672
-2604
-2551
-2495
-2318
-2170
-2242
-2335
-2155
-1837
-1719
-1761
-1690
-1495
-1334
-1170
-877
-572
-444
-435
-304
-10
270
394
385
333
310
470
993
1795
2462
2674
2600
2579
2771
3213
3830
4176
3811
3084
2846
3267
3683
3704
3478
3001
2186
1525
1517
1634
1000
-228
-1214
-1764
-2213
-2544
-2666
-2985
-3755
-4444
-4506
-4242
-4197
-4395
-4643
-4915
-5048
-4792
-4311
-4054
-4037
-3902
-3551
-3126
-2632
-2104
-1822
-1814
-1644
-1097
-580
-416
-349
-79
301
692
1211
1749
1974
1935
2119
2699
3255
3449
3420
3407
3450
3575
3869
4175
4188
3922
3728
3747
3710
3451
3134
2862
2516
2094
1780
1533
1118
599
270
93
-244
-721
-1052
-1253
-1557
-1904
-2047
-2086
-2298
-2564
-2577
-2425
-2409
-2476
-2374
-2149
-2052
-2049
-1922
-1715
-1640
-1662
-1558
-1324
-1140
-1024
-857
-646
-497
-356
-144
20
47
87
255
395
395
404
472
500
706
1443
2374
2716
2465
2334
2564
2837
3173
3678
3766
3011
2246
2454
3177
3378
3022
2605
2072
1392
1131
1352
1137
37
-1161
-1748
-1967
-2178
-2349
-2646
-3340
-4060
-4195
-3890
-3756
-3924
-4151
-4413
-4621
-4417
-3853
-3523
-3607
-3581
-3183
-2753
-2430
-1995
-1579
-1547
-1643
-1295
-676
-404
-448
-300
85
439
851
1460
1919
1947
1932
2324
2915
3271
3395
3481
3519
3519
3670
3965
4083
3888
3651
3600
3591
3423
3152
2874
2540
2149
1821
1555
1188
709
337
148
-52
-397
-798
-1144
-1423
-1639
-1794
-1999
-2298
-2530
-2536
-2401
-2313
-2321
-2376
-2440
-2443
-2296
-2052
-1904
-1918
-1937
-1826
-1650
-1499
-1346
-1168
-1021
-903
-721
-476
-291
-203
-125
0
148
298
445
554
596
570
566
815
1482
2287
2663
2512
2327
2449
2723
3056
3513
3723
3245
2522
2490
3124
3501
3263
2848
2425
1805
1275
1228
1219
540
-559
-1281
-1541
-1804
-2172
-2486
-2884
-3466
-3860
-3823
-3718
-3911
-4250
-4452
-4506
-4429
-4186
-3949
-3912
-3862
-3513
-3000
-2607
-2303
-1996
-1801
-1672
-1319
-757
-411
-384
-269
107
505
856
1318
1761
1922
1986
2330
2824
3091
3205
3449
3694
3720
3732
3929
4038
3872
3741
3835
3799
3422
3059
2960
2841
2498
2171
1950
1569
1021
686
597
325
-269
-814
-1123
-1417
-1775
-2007
-2147
-2457
-2856
-3002
-2899
-2874
-2973
-2965
-2854
-2832
-2844
-2692
-2467
-2399
-2393
-2210
-1918
-1731
-1620
-1420
-1173
-1002
-829
-530
-193
11
118
288
533
699
746
826
1013
1160
1191
1234
1314
1329
1444
1977
2709
3006
2812
2667
2772
2929
3196
3634
3701
3045
2399
2534
3028
3096
2808
2494
1937
1159
812
954
687
-310
-1250
-1671
-2033
-2508
-2714
-2782
-3274
-3996
-4216
-3999
-4015
-4313
-4415
-4340
-4422
-4510
-4271
-3908
-3756
-3621
-3187
-2626
-2259
-2016
-1697
-1338
-1027
-674
-295
-77
-9
184
590
1006
1356
1756
2156
2393
2574
2922
3299
3464
3557
3816
4031
3932
3762
3836
3949
3828
3682
3647
3439
2946
2588
2526
2330
1792
1277
993
651
171
-144
-298
-657
-1224
-1596
-1722
-1956
-2356
-2608
-2677
-2842
-3094
-3152
-3026
-2998
-3056
-2914
-2612
-2452
-2452
-2337
-2082
-1902
-1804
-1599
-1324
-1177
-1086
-819
-425
-157
-35
154
451
697
868
1075
1288
1385
1405
1488
1605
1633
1620
1703
1841
1858
1723
1564
1508
1640
1971
2332
2439
2237
1974
1930
2124
2382
2481
2265
1806
1400
1301
1405
1383
1073
587
116
-221
-414
-583
-908
-1438
-1989
-2362
-2549
-2676
-2839
-3057
-3298
-3473
-3537
-3525
-3521
-3540
-3529
-3443
-3297
-3126
-2942
-2739
-2485
-2162
-1795
-1436
-1119
-825
-521
-185
155
450
673
862
1091
1377
1654
1882
2069
2238
2395
2551
2714
2846
2896
2886
2897
2917
2874
2757
2629
2519
2385
2227
2063
1869
1630
1390
1186
973
701
392
98
-170
-406
-609
-812
-1042
-1265
-1437
-1578
-1736
-1888
-1993
-2059
-2100
-2113
-2097
-2080
-2058
-1978
-1806
-1608
-1457
-1336
-1185
-1001
-837
-697
-540
-368
-212
-52
160
384
533
625
748
923
1070
1157
1201
1209
1195
1206
1272
1344
1343
1254
1136
1044
1018
1029
987
853
686
558
482
471
536
594
539
420
387
443
478
474
474
409
236
90
84
98
-1
-134
-208
-297
-434
-511
-523
-623
-828
-967
-1019
-1124
-1288
-1394
-1445
-1539
-1622
-1614
-1583
-1638
-1705
-1666
-1578
-1553
-1549
-1476
-1367
-1277
-1133
-897
-679
-550
-414
-185
56
217
347
489
581
619
706
875
1013
1058
1090
1175
1258
1298
1358
1441
1446
1356
1271
1250
1230
1162
1080
996
889
770
688
643
570
438
296
176
70
-35
-122
-176
-227
-293
-359
-379
-365
-362
-383
-387
-372
-371
-385
-377
-343
-335
-358
-342
-268
-215
-190
-126
-43
-19
-41
-6
80
129
139
175
205
194
203
271
297
240
259
417
463
259
50
77
189
123
-51
-125
-102
-122
-225
-366
-466
-442
-287
-207
-342
-507
-470
-339
-356
-423
-285
-7
89
-63
-184
-93
98
220
238
193
144
160
223
228
121
39
103
223
243
157
69
2
-56
-55
22
69
-19
-175
-257
-254
-242
-274
-336
-373
-354
-308
-304
-382
-470
-460
-360
-266
-239
-275
-334
-371
-346
-267
-214
-239
-292
-283
-220
-185
-222
-276
-274
-200
-100
-53
-70
-80
-23
56
81
88
167
290
348
310
274
312
406
488
522
521
510
520
533
544
595
686
693
559
493
639
792
727
546
485
582
669
647
526
390
359
414
395
242
115
118
132
61
-24
-87
-184
-266
-241
-190
-261
-403
-481
-501
-509
-503
-504
-588
-700
-700
-617
-603
-672
-693
-659
-636
-597
-507
-449
-478
-484
-378
-249
-197
-174
-110
-34
23
65
103
151
227
308
324
287
295
360
410
413
399
377
351
345
374
378
330
292
294
287
240
182
151
139
149
145
52
-83
-88
3
-40
-213
-230
-91
-137
-340
-357
-228
-260
-377
-339
-267
-326
-374
-355
-412
-437
-296
-216
-384
-490
-330
-232
-338
-354
-215
-188
-259
-197
-70
-63
-96
-50
10
61
151
202
140
123
245
341
321
322
403
421
376
396
476
498
466
470
484
462
439
442
424
394
384
358
283
227
221
207
144
80
38
-8
-49
-59
-77
-137
-201
-212
-191
-206
-241
-255
-257
-260
-258
-247
-245
-246
-223
-184
-165
-160
-148
-137
-116
-61
9
29
13
12
34
55
93
147
180
179
169
168
164
166
190
218
230
227
206
161
105
66
55
54
50
20
-43
-129
-210
-266
-292
-293
-295
-316
-356
-405
-452
-481
-472
-428
-380
-347
-334
-337
-345
-328
-266
-186
-114
-70
-60
-71
-66
-21
42
96
153
191
176
122
106
151
183
232
315
370
345
279
213
177
208
302
371
387
387
344
252
189
193
229
251
271
278
226
147
74
22
5
22
28
0
-48
-94
-141
-181
-184
-187
-205
-214
-212
-225
-252
-264
-263
-260
-241
-216
-213
-221
-216
-205
-193
-179
-160
-149
-144
-127
-114
-118
-111
-87
-66
-50
-32
-13
0
25
63
94
118
144
164
183
209
234
254
271
290
307
307
295
295
290
282
281
264
234
206
180
148
123
101
74
49
25
-2
-34
-63
-85
-101
-112
-119
-132
-151
-177
-196
-207
-214
-211
-200
-199
-203
-217
-230
-229
-220
-207
-189
-175
-164
-153
-150
-146
-141
-126
-100
-70
-45
-22
-5
10
29
50
75
101
125
151
161
166
172
173
176
181
180
179
176
166
153
142
129
113
99
85
77
66
46
27
15
2
-12
-21
-29
-35
-42
-48
-55
-60
-55
-54
-55
-49
-50
-56
-58
-56
-58
-60
-60
-57
-57
-61
-68
-74
-78
-77
-74
-74
-69
-67
-66
-62
-58
-54
-49
-39
-29
-22
-18
-15
-12
-8
2
9
19
24
30
