SAMPLES:	8069
BITSPERSAMPLE:	16
CHANNELS:	1
SAMPLERATE:	16000
NORMALIZED:	FALSE
3
5
1
1
1
2
4
3
2
-1
1
4
2
1
2
2
2
1
-1
-1
2
1
0
-1
-2
-5
-3
-1
2
-4
1
1
-2
-1
-2
1
-1
-2
-2
-2
-3
-3
-2
-4
0
-2
-1
-1
-3
-1
0
-2
0
-3
-5
-3
-1
-1
1
3
3
3
4
5
2
3
0
-2
-1
0
2
2
0
1
-4
-3
-1
0
2
3
5
4
3
4
1
0
0
1
3
0
2
2
1
-1
0
3
1
4
4
4
3
0
-1
-1
0
-3
-9
-5
-5
-5
-2
-5
-6
-3
0
-5
-3
1
-1
1
3
0
-3
-2
0
0
0
0
-1
-2
3
1
0
3
1
-2
-1
1
0
2
0
0
3
2
1
0
3
2
3
1
-1
0
-4
-1
2
3
3
3
3
5
5
2
0
5
8
1
0
0
-4
-3
0
1
-1
3
-1
-2
-2
0
-2
-1
1
-2
-1
-1
0
1
-1
-5
-2
-2
-5
-3
0
-3
-4
-2
-3
-2
0
-1
0
-1
-3
0
1
4
0
0
1
-3
0
1
-1
-2
-1
-2
-6
-6
-2
-3
-4
1
0
3
4
4
1
0
2
3
0
0
0
0
-1
2
0
-1
1
-1
3
1
3
2
1
2
2
1
1
1
0
0
2
4
2
-1
-1
-3
-2
-2
0
2
-1
-3
-1
1
0
2
0
0
-1
2
4
3
1
2
2
-2
-2
-3
-3
1
0
-1
2
4
2
3
0
-1
0
-4
-1
1
-1
-2
2
0
-1
-2
-1
2
0
1
0
-3
-1
-3
-1
-1
-2
-3
0
0
2
4
5
2
0
0
-1
0
-3
-3
0
-1
-1
-3
-2
1
2
1
-2
-1
-1
1
-1
-1
0
0
2
-1
-1
0
0
1
0
1
3
1
1
4
1
2
2
0
0
1
0
1
-2
0
1
-5
0
-2
-3
-7
-4
-4
-2
-2
-3
1
3
3
3
2
-1
2
4
4
1
1
2
1
0
6
6
1
1
0
5
1
0
1
4
0
-1
-5
-7
-5
-2
0
1
2
-3
-1
-1
-2
-1
0
2
1
1
4
4
-2
1
-3
-1
-5
-5
-3
-3
-1
-3
0
0
0
-2
-4
0
-1
-5
-4
-1
-1
2
0
0
0
0
-2
-3
-2
-3
0
0
1
-4
0
4
3
0
3
4
4
6
2
2
5
7
9
5
5
6
2
0
3
2
1
2
2
3
0
1
3
0
3
4
-1
1
-1
-1
-3
-1
2
-6
-5
-4
-1
-3
-4
-2
-4
-4
-6
-7
-4
-5
-6
-6
-5
-8
-4
-3
-3
1
0
0
0
-1
0
-5
-1
0
-2
-2
-1
-2
2
3
1
4
6
1
-1
1
4
1
3
2
0
3
0
2
3
5
1
3
2
4
4
0
1
2
4
4
5
0
7
6
3
-1
0
1
2
1
-2
1
1
-2
0
2
0
1
-1
-1
0
-3
-4
0
0
-2
-2
-4
-1
-4
-3
-2
-1
-2
-1
-3
-5
-6
-4
0
-1
1
-2
-2
-3
-2
-1
-1
0
-1
1
-1
-4
-2
-2
-3
-2
0
3
-1
-2
-1
0
-3
-2
0
3
-1
2
4
1
2
-1
2
3
1
-3
0
3
4
1
2
2
-1
-1
0
0
0
-1
1
1
6
4
-1
2
2
6
5
6
1
2
0
0
3
1
-1
1
4
5
7
-1
-1
3
3
-2
0
0
4
1
-2
1
1
0
-1
2
2
3
-1
-2
-2
-1
0
-1
-3
-2
-2
-6
-6
-2
-5
-7
0
-4
-6
-5
-6
-4
-2
-4
-4
-4
-7
-6
-6
-4
-3
-7
-2
-1
1
1
3
1
-2
-3
0
0
1
-1
-3
0
-2
-2
-1
4
1
0
2
-3
1
-2
1
3
-2
5
4
2
3
2
0
1
1
2
5
6
7
2
4
1
4
4
1
3
0
-1
3
3
1
1
0
-1
4
4
0
0
0
1
2
0
3
2
-2
2
6
6
1
2
4
1
1
-1
0
0
3
2
-1
0
2
7
5
8
3
3
6
3
6
4
3
2
3
0
-1
-2
1
0
-1
1
1
3
0
0
3
2
0
-2
-4
-6
-4
-6
-10
-12
-15
-15
-22
-26
-30
-33
-35
-39
-48
-49
-49
-52
-50
-55
-63
-61
-59
-53
-55
-57
-59
-52
-48
-46
-43
-44
-42
-39
-35
-30
-24
-20
-18
-9
-1
2
9
19
29
36
46
51
61
75
78
85
92
96
104
114
113
118
123
123
133
133
132
124
115
113
114
108
97
83
71
58
49
36
18
5
-11
-25
-40
-48
-56
-60
-60
-62
-65
-61
-51
-39
-27
-15
5
33
57
88
118
147
184
225
266
320
373
429
485
547
608
667
726
780
830
873
911
935
950
952
944
916
871
813
734
641
534
404
263
104
-67
-247
-431
-623
-816
-1013
-1205
-1389
-1567
-1738
-1891
-2029
-2150
-2251
-2325
-2372
-2400
-2404
-2388
-2340
-2267
-2176
-2063
-1929
-1778
-1612
-1431
-1240
-1040
-827
-613
-397
-179
34
246
449
653
849
1032
1213
1381
1541
1687
1815
1933
2030
2110
2179
2227
2256
2269
2264
2244
2208
2160
2095
2015
1922
1822
1705
1574
1432
1279
1121
948
770
583
392
192
1
-185
-373
-551
-714
-858
-987
-1087
-1161
-1208
-1220
-1202
-1148
-1072
-968
-847
-697
-528
-344
-155
32
220
404
582
743
886
1001
1085
1139
1162
1150
1098
1010
886
733
549
341
103
-150
-414
-686
-960
-1235
-1503
-1756
-1994
-2211
-2399
-2564
-2695
-2795
-2858
-2885
-2882
-2848
-2791
-2701
-2589
-2459
-2312
-2154
-1984
-1805
-1616
-1422
-1216
-1000
-777
-539
-289
-33
229
497
775
1048
1315
1581
1835
2073
2292
2491
2669
2828
2960
3070
3156
3216
3254
3272
3263
3237
3186
3108
3018
2905
2774
2627
2458
2280
2077
1863
1637
1391
1135
869
590
301
10
-288
-582
-870
-1153
-1430
-1692
-1936
-2166
-2373
-2557
-2711
-2839
-2937
-3004
-3046
-3066
-3058
-3024
-2969
-2882
-2770
-2629
-2474
-2310
-2131
-1939
-1725
-1496
-1257
-1014
-777
-539
-315
-96
116
325
520
697
854
991
1105
1195
1275
1342
1406
1457
1492
1507
1513
1515
1525
1551
1592
1638
1684
1718
1748
1775
1803
1844
1895
1952
1993
2018
2022
2013
1994
1971
1939
1894
1819
1697
1532
1321
1083
831
570
291
-8
-329
-682
-1044
-1401
-1735
-2039
-2317
-2571
-2812
-3041
-3243
-3414
-3541
-3616
-3639
-3624
-3573
-3509
-3426
-3321
-3184
-3014
-2817
-2597
-2372
-2143
-1916
-1680
-1439
-1189
-920
-636
-340
-45
260
567
876
1188
1492
1793
2085
2366
2640
2884
3103
3290
3443
3566
3658
3721
3756
3754
3712
3633
3513
3362
3186
2990
2783
2556
2302
2029
1741
1439
1123
806
484
156
-168
-492
-811
-1123
-1422
-1704
-1955
-2181
-2381
-2565
-2723
-2856
-2961
-3034
-3080
-3096
-3088
-3060
-3012
-2946
-2854
-2730
-2570
-2388
-2197
-2007
-1811
-1596
-1363
-1107
-846
-579
-317
-77
143
338
525
721
924
1110
1265
1372
1448
1516
1580
1643
1701
1768
1845
1911
1938
1923
1898
1916
2009
2134
2218
2223
2190
2175
2210
2266
2296
2277
2229
2180
2115
2001
1797
1543
1291
1079
892
656
325
-80
-485
-829
-1120
-1400
-1712
-2045
-2351
-2595
-2793
-2991
-3197
-3377
-3491
-3516
-3483
-3457
-3459
-3460
-3420
-3305
-3144
-2979
-2839
-2706
-2547
-2344
-2121
-1912
-1710
-1489
-1226
-918
-603
-307
-34
244
559
907
1260
1584
1876
2137
2391
2637
2867
3072
3244
3390
3512
3603
3659
3675
3657
3613
3558
3497
3417
3299
3135
2929
2692
2457
2221
1973
1696
1392
1067
732
389
36
-322
-680
-1014
-1329
-1626
-1911
-2195
-2455
-2680
-2864
-3014
-3136
-3224
-3276
-3280
-3261
-3228
-3177
-3099
-2973
-2806
-2625
-2432
-2229
-2007
-1770
-1536
-1316
-1095
-847
-578
-311
-72
122
301
486
688
880
1034
1144
1241
1357
1495
1613
1646
1605
1573
1643
1804
1927
1905
1763
1656
1714
1899
2039
2003
1857
1778
1859
2020
2084
1975
1808
1737
1793
1854
1772
1523
1226
1009
901
805
601
272
-84
-392
-615
-808
-1061
-1366
-1644
-1857
-2005
-2142
-2326
-2530
-2697
-2799
-2803
-2749
-2750
-2814
-2855
-2810
-2694
-2574
-2513
-2476
-2392
-2254
-2093
-1956
-1876
-1777
-1614
-1429
-1212
-957
-737
-540
-306
-55
217
507
768
1007
1261
1523
1773
1999
2173
2372
2615
2805
2919
3034
3119
3141
3167
3208
3226
3192
3100
2970
2878
2811
2672
2455
2218
1993
1809
1600
1300
972
686
406
103
-171
-450
-800
-1132
-1359
-1543
-1762
-1994
-2215
-2422
-2576
-2672
-2761
-2812
-2823
-2869
-2894
-2785
-2669
-2626
-2477
-2295
-2212
-2045
-1799
-1641
-1505
-1316
-1088
-820
-655
-531
-307
-232
-59
893
1534
594
-527
-214
955
1646
1278
383
62
644
1542
2108
1968
1207
572
831
1804
2630
2612
1925
1564
1896
2336
2497
2383
2069
1863
2143
2755
2928
2285
1405
967
1140
1551
1684
1212
239
-686
-971
-713
-623
-1057
-1713
-2135
-2078
-1760
-1829
-2434
-2960
-2927
-2452
-2001
-1995
-2508
-3120
-3249
-2751
-2085
-1824
-2111
-2415
-2307
-1954
-1657
-1536
-1599
-1616
-1390
-957
-539
-545
-819
-806
-411
177
712
933
805
712
1067
1623
1991
2162
2152
2132
2381
2696
2827
2848
2722
2586
2661
2846
2950
2708
2287
2100
2191
2223
2041
1778
1394
1004
965
948
638
382
32
-189
-217
-599
-1094
-1050
-729
-1272
-1924
-1535
-1334
-2156
-2213
-2141
-1646
-1622
-2287
-2419
-2542
-2195
-1342
-1605
-2319
-1690
-1675
-1420
-1188
-1558
-1217
-894
-779
-919
-680
-577
-464
-217
-325
-370
-375
19
156
-176
-316
40
419
230
207
1620
3112
2947
715
-1179
60
3398
5036
3584
1431
1168
2311
3241
3374
2880
2412
2559
3228
3738
3154
1822
874
999
1756
2370
2018
573
-1024
-1800
-1574
-1139
-1057
-1627
-2566
-3315
-3340
-2921
-2965
-3441
-3760
-3486
-2930
-2486
-2545
-3102
-3698
-3907
-2647
-1245
-1030
-1928
-2223
-2137
-1855
-1027
-211
-164
-684
-795
-258
382
501
8
-139
381
1398
1666
1180
960
871
963
1885
2775
2471
2309
2385
2098
1627
2277
3300
3310
2320
1897
1931
1937
2199
2172
1610
1150
1109
1401
1680
199
-12
191
13
324
353
-346
-1764
-1899
-28
-628
-2625
-1120
159
-1763
-2477
-1994
-1635
-804
-1610
-1909
-1778
-965
-1980
-1212
-1272
-1052
-1652
-1415
-381
-710
-1169
-1344
-253
-589
-648
438
-418
-1739
-60
165
-843
-467
483
-1564
-1235
-345
-83
-943
-1109
1680
5032
4995
-366
-4233
-1103
5694
8102
4018
248
1189
3333
3777
3206
3300
3527
3812
3563
3466
3161
2284
1116
337
923
2352
2810
628
-2311
-3763
-3012
-1431
-957
-1828
-3818
-5314
-5224
-4431
-4151
-4494
-4582
-4414
-4315
-3967
-3291
-3529
-4559
-4260
-2266
-551
-705
-1769
-2166
-2054
-974
104
1401
1696
433
-23
996
1477
1525
2180
2127
1942
2371
2496
2176
1921
2078
2635
2851
3292
3667
2973
1489
1021
1990
3564
3731
2393
843
182
793
1622
1492
485
-115
122
126
-467
-738
-772
-942
-1247
-792
-33
-936
-2388
-1822
-1910
-918
458
-846
-2664
-2503
-820
-721
-1488
42
-1803
-2169
-1102
-504
-411
-687
-1007
-1563
-421
-392
241
3
-1080
-1404
24
542
-626
-789
-806
-403
-948
-1144
-561
-355
-1200
-2059
-1641
-1528
204
4134
7481
4954
-4015
-6744
2593
11883
10101
2059
-210
3181
5046
3741
4298
5973
5432
3627
2841
4072
4009
2087
-101
-745
1324
3447
2125
-2482
-5662
-5864
-4021
-2336
-1992
-3477
-6977
-8635
-7812
-6333
-5658
-5410
-5245
-6394
-7147
-5586
-3473
-4148
-5590
-4362
-1358
321
-463
-1285
-1488
-882
700
2778
3984
3478
2395
1574
1889
3093
4795
5373
4306
3379
3195
3824
3905
3653
3677
3678
3836
3839
3155
2181
1818
1827
1878
1836
1753
1020
-266
-1257
-1232
-338
-213
-1091
-1785
-2171
-2473
-2336
-2088
-1869
-1672
-1981
-2031
-1962
-2208
-1895
-1238
-1101
-1295
-1011
-652
-1037
-1733
-885
585
342
-259
-1030
-1810
211
1106
-206
-415
-15
-161
-604
-445
29
14
-259
-1556
-1187
-831
41
-461
-1785
-2296
-1451
-69
-251
-2084
925
8636
10756
2092
-8649
-2626
11451
15413
6389
1200
5046
6822
3179
1985
8024
10602
6170
574
780
4632
4450
767
-2546
-1312
1646
1147
-3009
-6532
-7065
-7390
-6890
-5577
-4155
-6472
-10620
-12067
-11024
-8397
-6219
-4960
-7064
-10083
-9054
-5148
-3570
-5073
-4201
-1489
-132
-961
-748
1139
1576
1425
2319
4803
6278
5635
3785
2699
3812
5897
7277
6772
6040
5031
3920
3706
4851
6449
6050
4661
3361
3011
2872
2761
2256
1404
1463
1788
1212
-598
-1847
-2169
-1820
-1140
-817
-1172
-2809
-4465
-4357
-2788
-1724
-1733
-2467
-3681
-3858
-2989
-2250
-1954
-1811
-1768
-1870
-1585
-1290
-978
-1063
-928
-504
-219
-88
-94
-228
-588
-723
-203
511
408
611
-272
-2092
-2143
-837
757
729
-962
-2910
-3080
-2011
-416
100
421
7268
12655
7358
-6559
-6820
8856
18529
12359
4411
7744
9433
3269
-24
8924
16234
11438
2511
-30
3793
4475
1545
-1025
-509
1229
-828
-5171
-7964
-7538
-8805
-10673
-9537
-6642
-7448
-12438
-14903
-14932
-12974
-10020
-6466
-6621
-10590
-11782
-8961
-6247
-5802
-3432
-38
110
-2260
-2327
1103
3244
3576
3997
5662
6867
6450
5574
4978
5871
7033
7813
7852
8174
7425
5141
3790
4565
6369
6726
5830
6242
6116
2937
-524
-27
4089
5042
2914
358
-1474
-3431
-3258
-768
818
-272
-2443
-3660
-4510
-3892
-2232
-1308
-2011
-2943
-2849
-2798
-3372
-3698
-2899
-2145
-1770
-1485
-1979
-2898
-3335
-2529
-1684
-1018
-200
-344
-1762
-2819
-2016
-495
-68
-483
-620
-1285
-2241
-2284
-1463
-1208
-1727
-1679
-1750
-2070
-1826
-1202
96
8366
15169
10212
-5230
-7405
9223
20141
14766
7503
11510
10904
2148
233
13044
20800
12628
2118
789
5503
5254
2025
652
1226
732
-3754
-6812
-6387
-5851
-10398
-14029
-11604
-7718
-8910
-13956
-15644
-16278
-15674
-12660
-8048
-7588
-11421
-12467
-10174
-8154
-6638
-2706
347
-732
-3151
-2355
1443
3666
4776
5398
5862
6070
5853
6109
6487
7431
7401
6870
7069
8216
7528
5269
4129
4742
5480
6801
8581
6270
1142
-876
2519
4207
3343
2619
1754
-1961
-3980
-1442
848
334
-1394
-2090
-2851
-2796
-1605
-1188
-1859
-1982
-1300
-1773
-2170
-1231
-1095
-2954
-3680
-1293
460
-650
-2445
-2577
-2517
-2317
-1074
235
-536
-2196
-2708
-2250
-1873
-1443
-1187
-2372
-3458
-3323
-2424
-2850
-3444
-3379
-3254
-3863
-3011
-2354
1078
11762
16317
6472
-10109
-4760
15141
21645
12871
10161
15771
9054
-2209
2323
20645
23712
10355
600
2443
6279
3019
1307
3036
3769
-1380
-8655
-8993
-5313
-6115
-13097
-15002
-11230
-9032
-12543
-15404
-15127
-16787
-16660
-12737
-7502
-7916
-11147
-11639
-10536
-8840
-5043
763
2363
-385
-2862
-1363
2162
4839
7300
7882
7203
5694
5089
6095
7773
8811
7685
6704
6783
7075
5887
4779
4704
4611
7504
8821
5327
-375
-2186
457
1485
2811
3911
1143
-4984
-6521
-3437
-136
879
303
-1540
-4464
-4073
-1555
119
98
-390
-1091
-2483
-2250
-309
154
-1790
-2391
-1109
88
434
-130
-1207
-2850
-2200
146
1143
-31
-1328
-2268
-2993
-2777
-1809
-979
-2529
-3721
-4249
-3733
-3642
-3507
-3594
-3162
-2933
4619
16077
15358
643
-11428
1798
18005
19165
12956
15821
16028
2220
-5532
8059
25550
20951
6665
627
3165
2268
-1500
1919
6142
3205
-7094
-12712
-9308
-6120
-9570
-14820
-13739
-11377
-12189
-15366
-14983
-14855
-17082
-16409
-12024
-7296
-7692
-9496
-10567
-10529
-7923
-2475
2772
3497
1316
-841
-395
2046
6369
10147
10185
7907
5100
4827
6403
8267
9156
8361
7193
5699
5210
5098
7544
7581
4672
2058
1934
3169
1381
903
516
-743
-2884
-1914
-312
-580
-2375
-3499
-2896
-2400
-558
317
-62
-1039
-2040
-1879
-1146
821
1362
-338
-2234
-1751
-446
-203
12
200
214
-1387
-1938
-1109
-218
-270
-1114
-1804
-2362
-2195
-2573
-3348
-4294
-4129
-4097
-4459
-4038
-3546
-4090
-4881
-3958
-1425
9824
17476
11884
-4767
-7029
10383
19734
16554
14830
20518
12851
-1984
-188
18868
26446
14678
4697
3525
4205
-459
-656
4854
5592
-2086
-12236
-12461
-7936
-8071
-14064
-16385
-13828
-13680
-16143
-16666
-14391
-16588
-19040
-16871
-11078
-7506
-8228
-9184
-10223
-9438
-6011
-648
3425
4518
2747
122
602
4392
9336
10714
9505
7765
5998
5494
6444
8690
9561
7947
5296
4011
4478
4443
5783
5871
3746
784
359
1672
908
714
201
-1005
-2739
-1333
-146
-984
-1933
-1686
-1265
-1540
291
1547
780
-713
-811
148
948
1978
1648
372
-870
-703
-175
282
945
603
-502
-1915
-1744
-1387
-1344
-1402
-1454
-2468
-3530
-3707
-3894
-4536
-5495
-5194
-5052
-5140
-4824
-4989
-5340
-5625
-4853
-2750
8640
18398
13699
-3291
-7553
9053
19000
17284
17019
23207
15540
-972
-1115
17113
26476
17014
7645
5773
4679
-1395
-2143
4313
6266
-1335
-11830
-12708
-8883
-9716
-15172
-17062
-14825
-15136
-17067
-16809
-14734
-17089
-19586
-17830
-12384
-7632
-6742
-7392
-9218
-9103
-6123
-1115
3928
6629
5673
2223
1188
4237
8900
11066
10899
9657
7397
5513
5371
7488
8817
7523
4964
3549
4051
4046
4695
4154
1924
-869
-1429
744
1262
506
-1668
-3542
-4039
-1696
256
103
-923
-1872
-2525
-2210
924
3219
2580
454
-490
157
1176
2505
2681
1650
85
-499
-78
948
1551
751
-579
-1639
-1556
-1097
-554
-792
-2332
-3836
-3768
-3212
-3564
-4564
-5176
-5481
-6351
-6093
-5116
-4489
-5143
-5276
-4958
2790
14405
16459
4511
-6663
2265
14662
17373
16616
22082
20837
5821
-2275
9024
23395
20939
11458
7032
5715
520
-3544
1109
5415
1493
-8599
-13116
-10338
-9673
-13691
-17325
-16570
-15945
-16774
-16982
-15047
-15566
-18872
-19604
-15932
-9519
-5956
-5769
-7347
-8295
-6942
-3485
1741
6601
8231
5334
2360
3299
7371
10563
10984
10676
9141
6621
4723
5936
8359
7681
4533
2756
3247
3705
5316
3827
572
-2933
-2794
-347
1143
2624
-29
-4975
-6738
-2385
989
1478
846
-242
-2575
-3444
772
4353
4288
2125
571
389
835
2501
3306
2499
706
-220
-5
1009
1524
417
-892
-1946
-1467
-1210
-1140
-1119
-3004
-4060
-4265
-3506
-3469
-4108
-4637
-5943
-6914
-6128
-4553
-4768
-5188
-4862
-4826
-2100
9691
18500
12760
-3143
-3835
9926
17294
16643
19369
24019
13986
-170
1887
17597
22853
14722
8175
7069
4078
-2386
-2213
2602
2043
-5387
-11842
-11131
-9360
-11703
-16698
-18749
-17843
-16764
-16040
-15061
-14335
-16974
-19471
-18315
-12709
-6828
-4664
-5283
-6604
-6420
-4468
-853
3795
7438
7910
5343
3884
5804
9055
9972
9324
9100
8354
6664
5389
6309
6626
4376
2002
1907
3020
2249
1470
3084
2337
-1770
-4428
-1642
893
-146
-1007
-481
-1564
-3507
-1856
1000
1665
382
331
739
851
1945
3257
3376
2316
1793
1994
2083
2015
1932
1295
-86
-534
2
707
513
-423
-1507
-2584
-2642
-1844
-1026
-1740
-2753
-3648
-4187
-4551
-3997
-3176
-3869
-5413
-5753
-5042
-4842
-4886
-4182
-3710
-1105
8268
16056
12849
-256
-4222
5427
14734
16623
17260
20088
15107
4091
62
9192
17786
16701
10445
5743
3259
15
-1781
-989
-247
-2302
-7034
-10281
-9835
-8830
-11620
-16710
-18598
-16578
-13920
-13150
-12290
-12658
-15397
-17928
-16213
-10237
-5267
-3126
-2931
-4097
-5771
-4952
-318
4599
6436
5699
5098
4954
5085
6231
7647
7797
6060
4960
5672
6941
6666
4870
2833
2169
3499
4964
5288
3856
1057
-2158
-3160
-981
1568
1263
-826
-2234
-2699
-2620
-1556
224
960
204
-323
774
2251
2746
2261
1426
871
1054
2017
2578
2525
1852
-161
-1314
164
1595
2218
2098
684
-301
-1154
-133
415
434
366
-810
-566
-1221
-2521
-2440
-893
-1697
-2445
-1481
-2277
-2194
-1543
-1812
-2935
-3610
-2334
903
5303
8016
6239
261
-3426
-1313
4011
8448
9662
7955
4606
1913
1824
3859
5555
5486
4534
3212
2479
2224
2158
1263
-1056
-3318
-4530
-4069
-2620
-1679
-2852
-6283
-9861
-11043
-9709
-7311
-5307
-4817
-6013
-7798
-8406
-7154
-5210
-3860
-3229
-3167
-3108
-2447
-1364
-574
-649
-1372
-1689
-900
342
1430
1678
982
62
-362
-78
726
1587
1959
1686
1222
1237
1583
2183
3057
3676
3851
3338
2815
2849
3406
4355
4867
4676
3857
3501
4089
4960
5037
4212
3416
3030
3059
3445
3602
3053
1748
722
649
1076
888
189
-415
-624
-708
-807
-694
-1058
-1908
-2556
-2429
-1777
-1434
-1827
-2354
-2737
-3071
-2981
-2380
-1821
-1895
-2578
-3114
-3104
-2332
-1668
-1687
-2123
-2422
-2263
-1807
-1272
-1017
-1138
-1650
-1922
-1681
-1205
-872
-212
1229
2817
3164
1780
59
-532
458
2438
4193
4522
3425
1994
1592
2504
3569
3842
3065
1753
1284
2301
3971
4683
3511
1227
-778
-1459
-747
491
1090
234
-1563
-2910
-2989
-2326
-1816
-2109
-2839
-3480
-3607
-3176
-2538
-2466
-3326
-4527
-5227
-4708
-3276
-1829
-1557
-2629
-3679
-3865
-3072
-1906
-1108
-850
-1376
-2038
-1799
-457
806
1088
525
118
480
1092
2074
3474
4390
3969
2685
2042
2551
3497
4140
4306
4089
3703
3391
3672
4321
4469
3685
2502
2040
2792
3679
3555
2691
1383
419
-112
127
864
568
-577
-1540
-1806
-1653
-1277
-1255
-1714
-2662
-3383
-3060
-2462
-1791
-1847
-2507
-3279
-3524
-2972
-1974
-1621
-2372
-3096
-3352
-2506
-1206
-461
-933
-1977
-2417
-1980
-943
-73
-14
-679
-1494
-1837
-1058
738
2984
4284
3358
834
-1073
-824
1487
4168
5438
4735
2848
1568
2044
3800
5143
4677
2666
906
983
2731
4358
4253
2088
-697
-2268
-1635
546
2264
1602
-898
-3064
-3650
-2861
-1825
-1744
-2715
-4039
-4899
-4246
-3090
-2516
-2756
-3563
-4503
-4809
-4002
-2712
-1651
-1313
-1950
-2734
-2727
-1920
-577
221
49
-593
-954
-365
752
1240
1192
1114
1033
1249
2202
3884
4883
4217
2264
918
1038
2469
4373
5091
4056
2136
1266
1992
3183
3341
2329
909
335
1059
2308
2720
1171
-339
-1836
-1305
-848
-266
366
-809
-2007
-2523
-2146
-1434
-387
-1554
-1843
-1915
-2372
-2574
-1213
-1661
-1676
-1685
-1840
-1305
-1073
-1454
-1046
-642
-1127
-525
-493
-906
-1105
-414
-1223
-1784
-1061
-153
437
-11
-1416
-2306
-2320
-1073
1896
5152
6023
3975
734
-1284
-314
2464
5333
6535
5474
3044
1632
2292
3938
4505
3324
1479
537
1302
2888
3795
2670
-123
-2979
-4214
-3320
-1228
70
-552
-2760
-4755
-5615
-5253
-4649
-3688
-3300
-3669
-4232
-4925
-3867
-2668
-3352
-2841
-2556
-3488
-2021
-516
907
1361
-646
-1892
-874
356
1852
2640
2666
2375
1799
1534
2390
3330
3775
4077
3379
2352
1718
1881
2776
2593
822
-125
360
1013
1567
1699
1104
-890
-891
-850
-161
1564
1501
497
-1709
-2009
-727
-452
-409
-1809
-1412
182
-1234
-255
-353
-3003
-2734
-363
428
153
-332
-344
-58
-406
-1622
-1145
-182
-60
923
1118
-1073
-1805
-1779
-1552
829
1050
-824
-1929
-1214
-478
147
-820
-2169
-2851
-1761
-343
-591
-2256
-1906
2586
8328
10471
6112
-66
-1760
2103
7528
10698
9743
6082
2845
2628
5069
6592
4917
1654
-478
-43
1441
1958
381
-2276
-4494
-6101
-7017
-7162
-6386
-5345
-4995
-5906
-7569
-8979
-9073
-7486
-5338
-3941
-4027
-4759
-4656
-3277
-1156
120
-661
-1768
-1276
608
2985
4252
3576
2264
1671
1841
2602
3370
3819
3731
3361
2679
2737
4760
7085
7000
3545
-1269
-3838
-2838
602
3967
3326
-757
-4084
-3474
-437
1176
26
-2557
-3912
-2299
1832
4773
3672
-524
-2928
-2278
-2
989
821
-61
-1699
-862
-135
429
-514
-727
-89
-1086
96
303
-1071
688
1622
1154
-34
-2469
-4309
-1002
1502
861
-555
-2526
-2604
-523
1040
-131
-2193
-3493
-2024
-166
330
-382
-2142
-3747
-4014
-2810
299
7316
14450
15621
9666
1820
-818
3285
10028
14122
13142
8189
4155
4597
7225
7883
4517
-991
-4590
-4539
-2156
-178
-864
-3902
-7783
-10982
-13062
-13436
-12073
-9894
-8450
-8558
-9823
-10993
-10596
-8442
-5838
-4547
-4663
-4892
-3667
-699
2829
4889
4397
2416
1340
2301
4487
6296
6788
6038
4896
3991
3766
3617
2846
2209
1780
1784
2628
3455
3364
1836
-794
-3102
-4068
-3483
-2061
-1148
-949
-1485
-1660
-1184
-563
-131
-228
-161
659
2014
3546
4589
4368
3124
1686
931
552
745
1178
953
200
-64
-99
-287
-358
-719
-1423
-2111
-2732
-2036
-981
-368
253
-191
-911
-1688
-1846
-1288
-1521
-2448
-2183
-1487
-1014
333
998
504
-521
-1792
-2202
-1854
-1420
-2145
-3248
-4413
-3685
1938
11895
19854
18650
10232
2320
1521
6676
12453
14403
12118
8438
7070
8379
8636
5650
833
-3485
-5787
-6714
-6646
-5667
-4371
-4343
-7425
-12721
-17349
-18313
-15775
-12436
-11173
-11796
-12798
-11708
-8456
-5490
-4521
-5379
-5623
-4410
-1992
1217
4279
6702
7791
7452
6300
5377
5507
6491
7233
6446
4930
3989
4301
4929
4507
2364
-585
-2406
-2142
-639
327
-170
-1259
-1974
-2232
-2177
-2309
-2609
-2560
-2187
-1534
-644
468
1936
3004
3117
2678
2542
3149
4161
4704
4344
3300
2461
2535
3000
2649
1121
-718
-2002
-2424
-2395
-2377
-2629
-2898
-2894
-2596
-2265
-2286
-2581
-2689
-2728
-2702
-2258
-1232
-166
188
-287
-939
-1094
-539
161
295
-270
-955
-994
-26
1050
691
-2022
-5228
-2823
6600
17726
20980
15555
8946
7206
9707
11649
10963
8447
6892
7216
8349
7758
5547
3396
1046
-2957
-8637
-12375
-11705
-8313
-6104
-7916
-11991
-14827
-14204
-12421
-12349
-14226
-15583
-14639
-11834
-8807
-6729
-4687
-2392
-473
-189
-1201
-1080
1477
4791
6383
5734
4936
5738
7567
8346
6972
4109
1893
1181
950
491
-53
-30
29
-482
-1900
-3125
-2770
-1729
-1220
-1912
-2225
-1360
745
2474
2766
1992
1449
2073
2891
3301
3150
3502
4325
5013
5192
5144
5022
4592
3554
2088
931
606
979
813
-333
-1510
-2181
-2372
-2853
-3807
-4809
-5126
-4571
-3540
-2464
-1402
-527
-330
-657
-1187
-1245
-736
-240
10
-53
-52
427
958
1128
631
-172
-905
-1315
-1967
-2742
-3378
-3993
-5032
-5293
-942
8103
16585
17837
13417
10540
11518
12841
11304
8708
7335
7316
7234
6742
6295
6173
5748
2447
-3654
-9385
-10706
-9123
-8919
-10950
-12860
-12421
-11221
-10889
-11864
-12697
-12877
-12996
-13516
-13383
-10813
-6625
-3134
-1719
-970
661
2663
3954
4064
3704
3561
3820
4179
4619
5561
6430
6280
4526
2216
716
-17
-868
-2334
-3705
-4170
-3656
-2878
-2541
-1962
-1267
-974
-1079
-741
498
1743
2545
2783
3220
3953
5198
5978
5634
4999
4872
5097
4908
4612
4591
4574
3938
2870
2125
1769
1496
705
-593
-1838
-2315
-2400
-2988
-3822
-4154
-4037
-4067
-3964
-3228
-1805
-597
-113
-153
-236
-62
198
362
241
66
184
438
462
557
662
346
-443
-1216
-1556
-1862
-2431
-3253
-3947
-4544
-5396
-6382
-5113
1046
9421
13947
12786
11609
13664
15232
13193
10050
9224
8197
5294
2821
3481
5702
6157
3555
-737
-3864
-5430
-6864
-9657
-12132
-12786
-12887
-13654
-13823
-11663
-9125
-8617
-10118
-11150
-10324
-8735
-7656
-6920
-5186
-2391
144
1574
3202
5505
6865
6059
4408
3862
4275
4075
2993
2130
2264
2551
1930
849
129
-187
-1315
-3104
-4177
-3957
-3517
-3650
-3548
-2323
-170
1688
3101
4091
4941
5094
4428
3789
3769
4120
3798
3228
3370
4452
5474
5643
5130
4419
3515
2232
1131
482
277
-208
-1057
-1570
-1457
-1131
-1499
-2431
-3440
-4057
-4372
-4400
-3955
-3006
-1895
-935
-76
772
1481
1662
1320
711
195
-195
-560
-688
-575
-486
-628
-911
-970
-984
-1235
-1859
-2604
-3461
-4350
-4855
-5357
-5829
-4465
946
8001
11853
12327
13494
16409
16593
13863
11642
11022
8238
3470
1180
2447
3933
2815
975
-481
-1672
-3730
-6365
-8772
-10759
-12519
-14701
-15609
-14299
-11699
-10103
-9645
-8699
-7561
-6788
-6748
-5983
-4882
-3921
-3231
-2064
172
2643
4732
5587
6017
6158
5914
5067
4020
3244
2106
715
-453
-701
-486
-457
-687
-1216
-1671
-2150
-2486
-2824
-2971
-3027
-3028
-2385
-1082
691
2171
3591
4979
6406
7572
8080
8306
8190
7672
6371
5086
4458
3950
2985
1885
1327
966
503
72
-240
-653
-1241
-1876
-2396
-2603
-2724
-3056
-3586
-3700
-3390
-3259
-3305
-3210
-2826
-2468
-1983
-1130
-142
443
747
991
1269
1439
1313
1098
596
-88
-751
-1227
-1238
-1251
-1496
-1960
-2220
-2258
-2413
-2740
-3111
-3432
-3990
-4823
-5825
-4681
356
6953
10746
11513
13556
16964
17474
15241
13695
12990
9300
3767
1498
2181
2220
315
-1048
-1282
-2141
-3871
-5637
-6825
-8292
-10744
-13451
-14472
-13618
-12509
-12085
-11382
-9472
-7867
-6652
-5507
-3645
-2396
-2258
-2302
-1770
-194
1130
2386
3407
4716
5519
5667
5873
5953
5388
3357
1477
169
-680
-1600
-2209
-2119
-2209
-2353
-2505
-1966
-1516
-1420
-1820
-1849
-1098
271
1792
3271
5234
6793
7653
7555
7830
7725
6618
4799
3356
2624
1680
1170
968
1190
1071
1062
1173
1172
777
-199
-1325
-2441
-3113
-3891
-4442
-4680
-4441
-4289
-4175
-3468
-2505
-1779
-1668
-1335
-746
-127
325
660
1091
1267
1436
1453
1466
1303
791
303
-314
-638
-1079
-1447
-1776
-2114
-2258
-2527
-2474
-2597
-2874
-3273
-3922
-4665
-4334
-817
4927
8884
10271
11948
15146
16632
15228
14204
13533
10806
5667
2416
2024
1424
-515
-2405
-2854
-3245
-4134
-5094
-5577
-6389
-8643
-11589
-13367
-13244
-13029
-13204
-12843
-11259
-9439
-7940
-5812
-3502
-1788
-1209
-719
209
1141
1911
2353
3093
3850
4515
4899
5445
6014
5703
4433
2872
1868
740
-520
-1747
-2548
-3234
-3779
-3742
-3231
-2544
-2087
-1674
-1187
-338
396
1062
1624
2983
4564
5844
7059
8256
9486
9213
8527
7313
6152
4394
2448
808
-647
-1539
-2256
-2195
-1911
-1337
-1372
-1555
-1724
-1830
-2193
-2953
-3334
-3737
-4006
-4402
-4288
-3818
-3267
-2716
-2120
-1232
-428
402
1001
1559
1756
1836
1845
1785
1774
1643
1546
1073
479
-178
-762
-1080
-1499
-1925
-2646
-2990
-3211
-3249
-3215
-3094
-2935
-3144
-3328
-3915
-2812
563
5850
8800
9986
11915
15135
16789
15568
14972
13755
10675
5468
2537
1736
362
-1965
-3872
-4180
-4784
-5574
-6144
-6313
-7084
-9254
-11460
-12708
-12568
-12812
-13196
-12980
-11585
-9810
-8143
-5540
-2891
-556
619
1819
2993
3942
4556
4785
5008
4958
4892
4826
5149
5431
5093
4082
3027
2192
1017
-408
-1848
-2989
-4095
-4941
-5169
-4791
-4053
-3452
-2791
-1843
-648
397
1339
2345
3205
3942
5263
6815
7938
8468
9045
9090
8259
7169
5984
4210
1810
-111
-1653
-2913
-3686
-3732
-3680
-3593
-3022
-2342
-1941
-1888
-2011
-2691
-3467
-3892
-4109
-4354
-4227
-3586
-2926
-2135
-963
354
1131
1605
2058
2473
2605
2643
2639
2440
2096
1626
1189
639
151
-567
-1300
-1861
-2160
-2466
-2912
-3175
-3329
-3335
-3293
-2937
-2643
-2444
-2401
-2264
-2538
-2460
-500
3651
7610
9207
10586
13046
15748
15603
14472
13545
11757
7711
3325
1543
368
-1700
-4406
-5454
-5539
-5932
-6499
-6627
-6535
-7679
-9645
-11294
-11517
-11415
-11799
-11964
-11135
-9277
-7585
-5464
-2930
-268
1648
2843
4030
5000
5765
5819
5672
5244
4809
4254
3963
3916
3728
3122
2114
1443
650
-201
-1494
-2611
-3568
-4491
-5026
-5176
-4773
-4344
-3852
-3113
-2075
-793
385
1511
2643
3633
4557
5778
7266
8121
8313
8315
8429
7896
6915
5770
4060
2003
-51
-1483
-2837
-3799
-4341
-4817
-5029
-4644
-3858
-3295
-2813
-2468
-2403
-2558
-2316
-2130
-2307
-2390
-2132
-1545
-978
0
1009
1675
2125
2463
2762
2897
2909
2626
2017
1411
899
269
-303
-761
-1201
-1723
-2247
-2455
-2689
-2924
-3173
-3397
-3391
-3379
-3155
-2892
-2445
-2070
-1714
-1336
-1024
-856
-911
570
2869
6315
8264
9856
11416
12899
14219
13320
12761
10721
8406
4739
1768
97
-1722
-3602
-5681
-6287
-6718
-6762
-6874
-6467
-6552
-7291
-8102
-8778
-8674
-8992
-8938
-8927
-8081
-6697
-5203
-3205
-1192
993
2392
3519
4507
5179
5297
4790
4220
3441
2826
2265
2110
1951
1734
1328
855
638
173
-509
-1613
-2527
-3390
-4217
-4685
-4799
-4475
-4062
-3322
-2245
-804
888
2486
3648
4608
5462
6254
6640
6644
6415
5673
4785
3963
3462
2875
1902
916
81
-451
-978
-1492
-1887
-2107
-2246
-2410
-2345
-2105
-1882
-2043
-2082
-1956
-1652
-1465
-1279
-920
-707
-356
12
533
960
1208
1312
1322
1457
1528
1262
884
592
386
27
-366
-657
-1081
-1572
-2106
-2442
-2762
-2988
-3148
-3259
-3174
-2963
-2603
-2181
-1605
-1092
-716
-425
-4
460
718
724
663
1283
2732
4236
5968
7541
9287
10042
10327
10909
10548
9438
6940
4845
2483
51
-1673
-3112
-3964
-5055
-5598
-5870
-5817
-5567
-5597
-5998
-6609
-6979
-7386
-7537
-7581
-7208
-6807
-6119
-4881
-3517
-1766
-395
1085
2136
3034
3643
3823
3948
3631
3268
2652
2206
1827
1529
1145
727
317
0
-343
-811
-1189
-1584
-1973
-2535
-2974
-3213
-3261
-3061
-2621
-1979
-1203
-282
1031
2566
3871
4671
5166
5790
6106
6051
5592
4989
4302
3467
2915
2334
1916
1337
654
76
-346
-461
-923
-1422
-1833
-2030
-2263
-2393
-2279
-2062
-2024
-2064
-1916
-1726
-1443
-1416
-1244
-1134
-916
-675
-361
140
394
575
625
766
760
514
182
-198
-527
-884
-1062
-1145
-1262
-1471
-1571
-1471
-1371
-1266
-1260
-1177
-1186
-1029
-846
-623
-409
-201
97
414
727
865
884
831
726
646
1319
2209
3155
3836
5410
6876
7433
7461
7671
7911
6418
4785
3170
1946
-77
-1781
-2595
-3330
-3917
-4571
-4378
-4392
-4267
-4404
-4589
-4731
-5004
-5182
-5698
-5666
-5523
-5119
-4751
-3989
-2892
-1934
-893
-62
902
1379
1795
1903
2041
2022
1728
1475
1181
1245
972
903
826
874
717
388
189
-250
-560
-1087
-1399
-1733
-1775
-1715
-1587
-1133
-627
30
528
1279
1869
2633
3481
4079
4313
4574
5100
4967
4561
4298
4062
3034
2045
1585
1041
152
-610
-1019
-1689
-2052
-2164
-2238
-2423
-2273
-2170
-2350
-2193
-1825
-1807
-2092
-1806
-1437
-1348
-1265
-860
-574
-513
-218
136
352
451
650
678
587
506
406
188
-1
-85
-281
-450
-455
-444
-660
-896
-978
-1054
-1179
-1173
-1069
-1004
-933
-745
-463
-158
175
377
584
849
1110
1115
1043
1016
854
608
440
749
1142
1600
2086
2767
3589
4303
4879
4921
4642
4185
3618
2686
1605
746
-94
-1099
-1987
-2278
-2361
-2547
-2694
-2682
-2682
-2871
-2956
-3072
-3251
-3486
-3759
-3943
-3907
-3566
-3248
-2949
-2492
-1838
-1212
-639
-126
352
612
738
808
862
932
857
829
757
779
701
740
774
780
682
530
429
230
92
-177
-313
-426
-429
-432
-327
-115
99
285
490
858
1143
1362
1677
2524
2977
2919
2863
3267
3282
2639
2405
2148
1534
597
291
-58
-583
-969
-1312
-1628
-1662
-1239
-1341
-1465
-1309
-1092
-1381
-1412
-937
-925
-1189
-1260
-874
-786
-698
-450
-288
-212
-114
164
363
605
614
332
74
56
24
-226
-344
-366
-472
-624
-576
-436
-454
-615
-779
-844
-789
-721
-677
-602
-450
-288
-167
98
383
522
482
487
571
542
493
468
485
490
568
686
807
1083
1367
1592
1754
2096
2339
2344
2329
2400
2439
2183
1919
1646
1430
1046
650
301
8
-376
-883
-1218
-1480
-1664
-2002
-2141
-2233
-2286
-2425
-2496
-2436
-2414
-2353
-2432
-2357
-2254
-2024
-1881
-1663
-1307
-1042
-893
-796
-460
-272
-204
-140
61
212
243
375
462
570
619
635
552
535
609
537
435
438
511
431
351
378
407
424
434
559
722
838
854
1067
1535
1670
1633
2050
2624
2410
1917
1970
1829
1000
384
266
-209
-853
-949
-819
-812
-541
-282
-452
-456
-108
-150
-531
-515
-499
-956
-1232
-990
-866
-1024
-935
-696
-571
-440
-226
-135
-131
-85
-115
-170
-152
-90
-146
-173
-47
81
70
3
16
-46
-202
-366
-470
-603
-780
-899
-922
-793
-641
-494
-381
-172
13
104
210
340
458
392
412
520
713
805
833
885
913
964
931
1026
1094
1109
1010
987
1074
1122
1136
1059
1052
989
965
894
851
781
582
313
20
-98
-251
-415
-609
-700
-786
-918
-967
-1018
-1061
-1186
-1232
-1289
-1310
-1297
-1301
-1302
-1285
-1158
-1117
-1037
-902
-751
-713
-665
-503
-432
-391
-360
-249
-198
-131
-39
26
75
73
82
49
81
70
12
-68
-115
-127
-136
-135
-161
-161
-198
-230
-212
-116
-35
15
110
250
425
583
739
862
955
982
969
1001
1069
1069
999
986
982
925
845
821
790
689
545
408
308
213
117
4
-110
-211
-283
-337
-338
-241
-102
-13
58
173
309
394
406
378
327
269
177
105
64
19
-84
-202
-256
-298
-354
-432
-507
-596
-661
-706
-761
-803
-845
-872
-881
-844
-759
-621
-457
-295
-99
118
286
370
459
544
557
498
449
396
286
206
205
266
297
321
339
350
358
322
250
171
71
-71
-192
-247
-263
-284
-255
-169
-120
-73
-20
-2
-10
-46
-79
-162
-244
-285
-332
-385
-388
-365
-361
-388
-420
-405
-436
-479
-531
-561
-575
-617
-629
-603
-545
-474
-431
-368
-268
-175
-93
-29
47
124
151
171
209
259
265
217
197
195
163
132
120
137
150
166
224
287
373
446
514
582
616
644
653
643
628
608
612
600
578
573
583
578
570
534
521
485
446
427
415
424
390
359
371
315
261
211
141
38
-70
-142
-227
-294
-308
-312
-347
-308
-318
-321
-343
-354
-392
-519
-514
-582
-647
-645
-662
-603
-641
-573
-524
-424
-503
-356
-502
-376
-418
-555
-295
-564
-294
-451
-278
-117
-178
52
59
106
208
139
221
175
131
210
85
177
274
245
338
368
468
569
460
626
555
537
536
445
500
324
305
211
86
115
-80
17
-244
-179
-225
-279
-172
-296
-128
-284
-191
-233
-179
-290
-259
-350
-330
-365
-360
-273
-318
-277
-225
-194
-141
-166
-163
-161
-231
-174
-229
-192
-240
-195
-236
-156
-171
-111
-121
-112
-25
-21
78
115
216
299
379
468
541
587
595
604
601
595
568
531
542
513
517
511
497
463
417
321
252
112
19
-95
-215
-250
-281
-267
-233
-166
-73
-2
25
82
86
75
54
-1
7
-30
-33
-19
1
40
25
46
24
23
-42
-74
-128
-182
-228
-303
-348
-419
-484
-569
-638
-683
-716
-741
-731
-668
-607
-512
-410
-298
-154
-90
42
82
189
233
265
328
348
433
435
481
505
529
512
491
443
428
334
293
204
169
115
43
10
-48
-49
-110
-127
-145
-141
-147
-136
-127
-76
-59
-27
-2
25
49
43
47
24
21
-13
-28
-34
-41
-26
-38
-4
-10
2
-20
-41
-76
-120
-172
-235
-280
-338
-369
-416
-416
-427
-408
-389
-359
-293
-243
-165
-102
-17
66
121
208
254
329
363
377
411
402
412
399
380
394
353
356
324
293
268
196
151
71
11
-50
-111
-137
-163
-156
-135
-107
-45
-15
48
70
116
142
165
184
204
225
243
250
255
260
241
220
177
132
86
21
-38
-93
-160
-203
-279
-311
-360
-389
-414
-442
-443
-457
-455
-443
-433
-403
-377
-336
-283
-230
-168
-111
-53
-15
21
50
75
76
92
96
102
115
129
148
153
165
177
168
158
135
108
81
58
43
31
34
51
71
90
109
124
129
119
119
112
97
95
93
107
119
130
154
141
140
117
67
29
-23
-55
-85
-95
-69
-46
-6
32
47
67
40
24
-25
-84
-121
-185
-206
-223
-219
-196
-189
-149
-137
-134
-122
-149
-150
-179
-185
-187
-193
-164
-152
-115
-79
-50
-13
2
22
33
20
21
0
-6
-16
-26
-5
1
32
75
113
173
215
260
299
316
344
343
340
333
309
297
275
251
235
207
189
162
127
98
58
27
-14
-49
-66
-87
-89
-92
-83
-72
-73
-62
-70
-83
-100
-130
-148
-165
-175
-176
-171
-153
-137
-120
-120
-126
-143
-173
-202
-238
-270
-291
-298
-286
-256
-235
-208
-175
-149
-120
-94
-71
-52
-27
1
32
65
99
133
165
195
211
224
239
236
230
220
195
179
159
141
131
112
106
101
92
102
96
87
80
58
49
27
11
7
1
8
21
40
71
94
110
125
128
118
94
64
24
-7
-43
-84
-104
-124
-139
-143
-157
-154
-167
-173
-172
-187
-187
-187
-189
-174
-169
-155
-134
-122
-100
-81
-71
-61
-49
-39
-31
-15
-4
16
34
47
69
78
86
89
88
93
95
101
112
120
127
138
137
142
140
127
112
97
86
77
64
62
60
54
61
60
58
58
53
48
50
46
42
38
32
27
16
6
-3
-21
-42
-57
-75
-95
-113
-129
-143
-150
-154
-157
-157
-159
-159
-155
-151
-149
-144
-142
-138
-134
-122
-106
-91
-76
-55
-31
-5
24
50
78
97
114
130
142
147
148
141
135
127
123
117
104
98
87
78
64
48
37
24
13
2
-2
-2
-1
7
16
32
41
49
59
64
62
53
44
31
19
6
-9
-21
-31
-42
-52
-60
-72
-85
-92
-99
-106
-116
-115
-112
-113
-101
-90
-79
-65
-52
-38
-21
-10
4
13
25
31
34
36
36
36
34
31
31
31
31
35
37
37
29
23
15
4
-1
-4
0
7
16
29
47
65
82
93
96
97
91
77
61
49
36
24
14
10
10
13
19
25
27
27
18
7
-5
-22
-39
-58
-73
-87
-95
-103
-92
-89
-80
-64
-57
-46
-41
-39
-40
-48
-58
-64
-70
-71
-64
-55
-44
-28
-9
6
13
22
23
20
22
19
13
16
13
19
26
32
39
46
60
67
70
68
65
62
52
42
33
23
18
18
17
14
20
19
23
19
13
5
-2
-13
-21
-18
-28
-29
-27
-22
-19
-14
-13
-14
-5
-2
-1
3
3
4
13
10
6
1
-2
1
-1
-9
-14
-14
-13
-11
-8
-11
-8
-7
-10
-11
-15
-25
-25
-21
-20
-11
-4
3
14
28
35
38
46
45
41
38
33
29
21
15
10
7
1
2
2
4
-1
-5
-6
-11
-15
-20
-20
-22
-20
-16
-11
-3
-2
-2
-5
-3
-4
-8
-11
-13
-16
-16
-15
-15
-12
-7
-4
-4
-6
-7
-7
-7
-4
-3
1
2
5
10
6
10
10
13
12
11
17
18
16
12
11
3
3
0
-7
-8
-4
-2
-1
-5
-6
-3
-8
-7
-12
-12
-12
-9
-7
-3
4
12
17
20
27
28
24
26
23
15
11
10
6
5
5
-2
-4
-5
-5
-8
-9
-11
-13
-10
-12
-14
-11
-11
-8
-7
-5
-4
-2
1
-2
-2
-1
0
-1
0
1
-1
0
3
5
5
4
3
1
0
-4
-7
-7
-9
-10
-10
-10
-11
-8
-4
-1
2
6
9
11
10
10
11
8
11
10
10
13
19
15
11
14
15
11
7
8
5
1
-3
-6
-11
-14
-14
-10
-13
-11
-7
-5
0
5
3
6
4
2
3
2
3
3
7
2
4
7
7
5
4
4
-1
-4
-4
-2
-1
0
2
1
0
-3
-5
-6
-7
-9
-9
-11
-9
-10
-7
-4
-7
-6
-3
-2
-3
-1
-2
-5
-7
-5
-6
-9
-10
-7
-4
-8
-10
-7
-5
-6
-3
-2
-1
0
1
1
5
5
4
5
4
7
8
9
12
11
10
13
9
10
12
13
13
11
10
8
7
9
6
5
4
3
2
-1
2
0
0
-3
-4
-1
0
1
2
2
-1
0
1
2
2
0
-1
0
-1
-3
-3
-4
-4
-4
-3
-3
-5
-7
-6
-3
-6
-7
-7
-9
-5
-5
-10
-10
-9
-7
-5
-6
-8
-6
-3
-4
-2
1
6
3
3
7
6
8
10
13
14
14
13
15
16
14
16
13
10
9
11
8
4
2
5
-1
-3
-4
-6
-9
-10
-9
-8
-8
-10
-11
-13
-15
-18
-15
-17
-20
-16
-17
-16
-13
-14
-11
-12
-13
-12
-14
-14
-13
-11
-11
-7
-6
-6
1
2
3
3
7
10
10
9
9
10
7
11
17
20
23
24
25
25
30
29
26
22
17
17
14
11
11
13
10
9
9
9
6
5
7
5
1
-2
0
-2
-4
-7
-8
-7
-3
-3
-4
-4
-6
-9
-11
-14
-15
-16
-19
-16
-18
-15
-15
-12
-7
-10
-7
-9
-8
-10
-14
-13
-12
-11
-8
-4
0
3
3
5
3
2
4
3
4
3
5
4
9
9
11
15
17
17
14
13
13
12
14
8
8
11
14
11
9
8
7
6
2
0
-4
-9
-5
-8
-13
-13
-9
-8
-15
-15
-15
-18
-15
-20
-20
-21
-22
-20
-21
-21
-22
-18
-14
-10
-8
-8
-3
1
0
1
2
4
8
8
8
11
14
14
14
16
16
14
16
14
12
17
15
8
10
10
13
11
8
6
5
7
6
6
2
7
10
7
0
5
5
3
2
-4
-2
-4
-5
-6
-5
0
5
0
0
-3
-3
-3
-7
-6
-8
-9
-10
-11
-11
-10
-7
-6
-6
-5
-5
-5
-3
-1
-6
-2
-4
-2
-6
-8
0
0
2
2
3
6
4
8
7
4
11
5
3
5
6
6
7
6
10
10
8
10
9
7
3
4
3
-2
0
-2
-1
1
-1
-1
3
0
3
2
1
-1
-9
-9
-7
-8
-10
-8
-8
-7
-8
-8
-11
-9
-5
-5
-6
-5
-4
-1
-5
-6
-4
-4
-2
-4
1
1
0
1
0
5
4
7
4
2
1
2
1
3
1
-2
3
1
2
0
-1
1
1
-3
-8
-6
-2
0
3
2
2
2
3
4
4
4
3
4
4
2
4
6
8
5
6
9
6
6
5
1
-1
-2
2
1
-1
0
-1
-2
-2
-3
0
-1
-3
-1
-2
-3
-6
-3
-3
-2
-1
2
1
-1
0
0
2
2
1
-1
-1
1
-1
-1
-3
-3
-2
-3
0
1
0
0
1
-2
-1
0
1
0
-2
-2
-2
2
2
2
0
0
0
2
5
5
1
1
1
0
-2
0
0
1
-2
0
-1
-4
-3
-4
-3
-2
-2
0
-1
0
4
1
2
0
-1
-1
-1
-1
-1
0
0
-2
0
-1
3
0
-2
-1
-3
-2
0
0
-1
-2
-2
-3
-4
-3
-3
-6
-3
-1
-2
0
2
4
4
3
4
1
3
4
3
3
2
1
-1
-1
1
0
2
3
4
5
6
5
5
3
3
3
2
1
0
-1
0
1
-1
-1
0
1
1
2
1
-1
1
0
0
-1
2
0
-2
-2
-2
-2
-4
-1
1
3
0
0
0
-4
-5
-7
-9
-9
-9
-9
-10
-8
-9
-5
-6
-1
5
2
3
8
12
9
10
10
9
8
6
8
4
2
-3
-5
-4
-1
-1
-3
-1
-2
-3
-1
0
-5
