SAMPLES:	7630
BITSPERSAMPLE:	16
CHANNELS:	1
SAMPLERATE:	16000
NORMALIZED:	FALSE
2
-1
-3
-2
-1
-2
-2
-4
0
1
1
1
0
0
-3
2
2
-3
-3
-6
-4
0
-1
2
1
0
1
2
-2
3
1
0
1
-3
0
0
2
1
2
1
1
2
5
3
2
3
2
4
1
1
1
1
0
1
0
-1
0
0
2
3
4
3
-1
0
-2
-2
-2
-4
-1
-3
-3
-1
0
-2
-4
-3
1
1
-1
-3
-1
2
-1
0
1
2
2
1
2
3
2
2
2
1
4
4
0
-2
-2
-1
0
-2
-1
-3
1
0
-2
0
-2
-2
-7
-4
-4
-2
-1
-4
-1
-2
0
0
1
1
2
-1
0
2
0
-3
-4
1
1
1
1
0
0
1
-2
0
-1
-5
-1
-6
-3
0
-1
-1
-2
-1
2
2
4
4
2
7
6
2
0
4
4
2
5
8
7
2
5
0
1
6
2
3
1
-2
-2
-3
-3
-2
-3
-3
-1
-1
-1
-3
-2
-2
-3
-2
-1
0
-2
0
2
1
1
0
0
1
0
1
-1
0
-4
-4
-2
1
0
-2
0
-4
-4
-1
1
-4
-2
0
-2
-1
-2
-2
-1
0
-3
-1
-4
0
2
-1
4
3
0
-1
2
4
4
-1
2
0
1
2
-2
0
3
5
2
4
3
5
2
1
4
-1
1
1
2
-1
0
2
1
0
0
0
1
1
-2
1
-1
-1
1
1
2
2
0
-2
-2
-3
-3
-1
-2
-2
2
0
-2
-4
0
1
-4
-2
0
2
1
1
-1
2
-2
-2
1
1
1
-1
3
1
1
2
1
0
-2
-1
-3
0
0
0
1
0
1
1
3
1
-2
-2
0
1
-2
-3
-2
-2
-2
2
-1
-2
1
-1
0
0
1
3
-3
-2
3
0
-1
2
-4
-5
-3
1
0
0
0
1
-2
-6
1
0
-2
-3
0
1
-2
0
4
5
4
3
1
1
0
0
0
0
4
4
4
3
1
1
-1
3
-3
-2
-1
-1
-4
-2
0
0
3
0
-1
0
3
2
2
1
4
4
-1
0
-2
1
3
3
5
6
1
0
0
-1
2
0
-3
-6
-7
-7
-7
-3
-5
-3
-3
-2
-3
-2
1
-2
-1
0
-1
-2
4
1
1
1
0
-2
-2
-3
-2
0
-2
-1
1
3
1
2
2
3
2
2
5
1
2
0
1
1
0
1
-1
0
3
-1
1
-1
0
4
3
1
-3
0
2
-1
0
2
3
4
3
3
2
3
2
3
0
-2
-4
-2
-2
-1
1
-2
-1
-1
-3
-3
-1
-1
-3
-4
-4
0
-3
-3
-3
-3
-4
-1
-1
-3
1
3
1
-1
1
2
-2
-1
1
1
3
0
2
1
1
-2
0
2
1
3
5
3
1
1
-2
-1
-2
-2
-2
-4
-2
-2
-1
0
1
-1
0
1
2
3
0
1
2
3
5
4
3
1
1
0
1
-2
-1
2
1
1
1
0
-2
0
3
5
1
-1
-3
-3
1
-2
-4
-4
-2
-3
0
0
-3
0
1
-3
-1
0
-1
1
-2
-1
0
5
3
-1
0
3
3
0
1
0
0
1
0
-2
-2
0
1
-2
1
-1
-2
1
-1
1
4
3
0
1
1
1
0
-2
-3
-4
-2
-3
-3
-2
-2
2
4
1
2
1
-2
2
1
0
0
-1
4
2
0
0
1
-1
0
-1
-3
-1
-1
-2
-5
-5
-2
-1
-1
0
-2
-1
0
0
4
1
2
1
2
3
3
6
3
4
5
5
3
3
2
4
3
1
-3
-1
-1
-2
-2
-1
1
1
4
4
4
3
1
-1
-2
-5
-4
-4
-4
-3
-6
-1
-4
-3
-3
-4
-6
-4
0
0
-2
-3
-4
-2
-7
-6
-2
-1
1
-4
0
1
2
3
2
2
2
2
0
2
4
4
3
0
1
1
-2
1
1
2
0
0
5
0
1
1
1
0
0
3
6
5
1
3
2
1
1
3
4
-1
-2
-1
0
2
1
-1
2
1
1
-1
-1
1
-4
-2
1
1
2
2
2
1
5
3
1
-1
-1
-3
0
3
-1
0
-3
-1
0
-2
-3
-2
-3
-4
-6
-5
-5
-4
-6
-4
-3
-3
-2
-6
-3
1
6
4
3
5
2
0
-2
3
1
2
-1
0
0
-2
3
6
7
5
6
0
0
4
1
-1
-1
-1
-2
-3
0
0
-4
-1
-4
-3
-3
-3
-2
-4
-1
-5
-5
-4
-2
-2
0
1
3
3
-2
2
2
0
2
5
0
0
4
0
-1
1
0
-1
2
2
1
4
1
0
1
4
4
1
2
2
1
1
0
2
1
3
2
0
2
0
1
-1
1
0
0
1
-1
0
0
0
-1
1
3
1
-3
-5
-5
-2
-3
-4
-1
-1
2
1
0
-2
0
-1
-1
-1
-4
-4
-4
-2
-2
0
-3
2
2
6
3
4
3
4
3
3
3
2
4
3
-1
-3
2
3
1
-1
0
-3
-3
-5
-3
-1
0
-1
-2
-6
-5
-1
-2
-1
0
2
0
-1
-1
-2
-1
1
1
-1
0
0
2
-2
-2
0
2
0
4
1
0
1
0
0
-1
2
4
1
-2
-1
1
0
-1
1
1
1
2
-1
-1
0
0
0
-1
0
-1
1
2
1
5
6
3
1
-1
2
1
-1
-1
-1
2
0
-2
-2
1
1
-2
-1
-1
-3
-1
-1
-1
2
2
2
-1
-1
-1
0
-1
-2
-2
-2
2
2
-2
0
1
-1
0
5
-2
-2
0
0
-4
-1
1
-2
1
0
-3
-1
-1
1
0
0
1
0
0
0
2
-1
-1
-2
1
0
2
2
3
4
2
3
1
0
-1
0
0
-2
0
-1
-3
1
3
3
0
-4
-4
-4
0
0
-2
0
0
0
-3
-3
-2
-3
-4
-4
-3
-5
-1
3
3
2
2
3
5
2
4
2
0
3
1
1
3
1
1
0
2
2
0
-1
0
2
1
1
1
0
-2
-2
-4
-3
-1
-1
-2
-2
-3
-1
-4
-7
-4
2
-2
1
-1
-2
0
-3
-2
-2
-3
-1
-1
-6
-4
1
1
0
0
0
1
3
5
8
8
6
5
3
3
6
9
5
2
3
4
4
3
5
1
0
2
2
0
0
0
-1
1
-1
-1
-2
-2
2
0
-3
2
1
-3
-3
-4
-6
-6
-2
-4
-2
-3
-3
-4
-4
-4
-1
-5
-6
-2
-4
1
2
-2
-2
-4
-5
-5
-5
-4
-3
1
1
-4
-3
0
2
2
6
8
2
1
1
5
0
1
4
1
2
2
6
2
-2
-1
-1
2
2
0
5
-1
3
4
0
-1
-3
-1
0
1
-1
-3
-2
0
0
-2
0
0
0
0
1
5
3
4
7
3
3
5
4
6
2
-4
0
1
-2
-2
-4
-2
-4
-2
-3
-3
-3
-4
-5
0
5
2
2
3
-2
1
-1
-3
-4
-4
-1
-3
1
0
-1
2
0
-2
-1
0
-6
1
-1
-3
-3
-2
0
-1
0
-3
-2
0
2
-4
-4
-3
-5
-3
-2
0
0
3
3
6
5
3
2
3
4
4
3
3
1
1
4
3
1
-3
2
2
-1
1
5
2
2
0
3
2
2
1
-2
-1
-2
-4
-1
-1
-2
-1
-6
-3
-2
-1
-1
-2
-1
-2
0
1
1
2
0
0
3
3
1
1
0
-1
0
0
1
1
-2
-3
-4
-1
-7
-4
-4
-5
-3
-3
-1
-3
-2
-2
0
1
-3
-3
-5
-3
0
-1
-1
3
1
2
0
-2
0
0
2
0
3
4
3
3
6
5
3
2
1
3
3
5
6
4
4
7
7
4
4
-1
2
2
-1
1
-2
1
2
4
5
3
0
-2
1
2
5
5
0
-7
-15
-16
-14
-15
-14
-14
-30
-30
-26
-27
-25
-20
-19
-19
-20
-26
-21
-10
8
14
11
-2
-12
-9
-3
0
-1
-14
-19
-11
0
8
7
12
19
19
20
14
10
17
36
42
28
-4
-14
17
56
67
27
-10
4
58
71
15
-10
148
594
1139
1348
1098
609
245
116
85
-1
-202
-378
-444
-412
-415
-531
-677
-734
-658
-502
-381
-349
-382
-405
-382
-304
-187
-90
-36
-10
-13
-20
-22
-35
-40
-10
50
131
199
241
283
333
379
400
405
430
466
486
445
342
160
-63
-264
-411
-475
-440
-331
-217
-155
-143
-150
-145
-139
-172
-258
-367
-416
-400
-370
-359
-369
-368
-331
-285
-269
-278
-281
-202
-17
224
429
516
487
413
380
405
456
503
536
529
492
394
213
38
-23
51
167
263
319
315
233
55
-225
-479
-553
-438
-269
-164
-139
-141
-144
-190
-263
-250
-77
156
254
111
-140
-234
-39
394
866
1094
992
582
-31
-555
-745
-567
-114
401
649
601
553
581
517
294
-40
-432
-646
-580
-461
-220
192
518
627
529
203
-56
-1
46
-91
-308
-610
-817
-677
-480
-474
-499
-574
-761
-813
-808
-920
-838
-569
-413
-207
189
438
355
279
312
408
741
995
771
541
537
332
208
254
12
-240
-309
-529
-711
-463
-325
-507
-523
-800
-1495
-1880
-2067
-2160
-1772
-1488
-1659
-1465
-912
-530
280
1251
1525
1585
1648
1309
1308
1980
2160
2012
2227
2022
1494
1435
1222
866
1087
963
11
-590
-940
-1446
-1012
-21
198
372
663
77
-405
-46
-45
-342
-267
-703
-1428
-1342
-963
-915
-843
-679
-235
741
1560
1799
1619
1265
1298
1832
2136
2177
2430
2560
2451
2421
2058
1256
704
314
-440
-974
-777
-624
-605
-263
-260
-717
-486
-11
-532
-1108
-1094
-1500
-1985
-1998
-2549
-3140
-2608
-2243
-2876
-3270
-3169
-2807
-1707
-573
-249
-45
299
113
-426
-552
-496
-792
-1232
-1557
-2081
-2333
-1693
-1259
-1587
-1478
-918
-899
-807
-379
-782
-1622
-1831
-2058
-2552
-2309
-1642
-1381
-1058
-744
-649
-168
323
238
482
1191
1512
1699
1794
1298
1225
2203
3029
3430
3956
4125
3689
3448
3468
3102
2503
2417
2642
2466
2544
3278
3323
2651
2913
3740
3959
4359
5095
4970
4604
5149
5370
4410
3556
3129
2249
1272
794
424
2
-144
-205
-518
-759
-858
-1510
-2704
-3425
-3462
-3241
-2962
-2581
-2145
-2090
-2378
-2273
-1826
-1763
-1669
-1321
-1448
-1570
-1027
-650
-713
-708
-1055
-1576
-1312
-754
-893
-1554
-2407
-3237
-3749
-4472
-5714
-6542
-6853
-7134
-7261
-6568
-4940
-5144
-8364
-9038
-4256
-269
-597
-637
1086
1350
109
-617
1181
3357
-47
-6230
-5253
-83
-128
1579
8223
6605
-673
-336
3007
2409
1339
-114
-2277
-666
2616
3092
2848
2651
2687
4561
5837
5661
5869
5909
4477
2255
2191
4572
7291
10428
13886
15603
12752
6870
4079
4998
4291
-31
-3954
-5384
-5589
-5613
-6908
-8049
-8111
-8073
-7474
-6034
-3802
-1630
675
2849
3135
2210
1940
2843
5321
7188
5311
4421
4988
1968
-33
473
-290
-987
-1278
-3504
-1322
9508
12646
7144
8664
9450
4775
1068
-4658
-11060
-15035
-16830
-15543
-14056
-13317
-9697
-4713
-3303
-3361
-1242
-1088
-4583
-5871
-5052
-5422
-4860
-3545
-3300
-3524
-2478
-131
1511
2501
2469
1618
1797
1895
1446
1562
1404
692
92
-318
-642
-618
-666
-541
1898
5868
7841
6647
3795
1552
1009
1666
2708
2831
1820
1525
1727
1084
363
86
-515
-1517
-1926
-1972
-1634
-565
-58
-303
-305
346
1176
1431
1286
968
588
17
-574
-727
-957
-959
-405
-270
-606
-934
-1022
-994
-1139
-1009
-727
-916
-1213
-1118
-1078
-1619
-2015
-1795
-1865
-2055
-1563
-881
-445
161
952
1373
2002
3301
4206
4699
5507
6344
6799
7209
7770
7784
7041
6389
6044
5489
4641
3699
2953
2293
1674
1242
816
505
282
10
-154
-362
-929
-1899
-2859
-3612
-4441
-5506
-6644
-7248
-7207
-7212
-7431
-7585
-7842
-8340
-8859
-9222
-9165
-8471
-7114
-5377
-3621
-1885
-305
935
2034
3458
4792
5071
4508
3674
2735
1784
616
-643
-1582
-2280
-2578
-2091
-1036
165
1168
1616
1576
1555
1528
1006
-1
-1091
-1795
-1822
-1686
-1955
-2208
-2088
-2000
-1964
-1337
-131
1052
2047
2868
3152
2926
2901
3218
3298
3002
2748
2708
2847
3158
3454
3661
3893
4033
3997
3759
3298
2838
2642
2771
3127
3438
3492
3468
3570
3721
3805
3707
3316
2835
2468
1854
880
26
-656
-1534
-2444
-3000
-3384
-3705
-3735
-3602
-3529
-3439
-3362
-3498
-3743
-3824
-3747
-3757
-3780
-3510
-3106
-2929
-2682
-2092
-1648
-1588
-1782
-2160
-2513
-2735
-2912
-2999
-2929
-2766
-2524
-2107
-1400
-574
-20
276
507
605
483
146
-372
-951
-1516
-2173
-2793
-3195
-3366
-3437
-3612
-3694
-3432
-3099
-2733
-2015
-1269
-788
-243
305
637
934
1320
1769
2286
2777
3292
3924
4431
4828
5371
5943
6170
6069
6018
5965
5782
5825
6176
6363
6350
6447
6462
6234
6005
5782
5380
4926
4544
4035
3415
2963
2694
2306
1687
1139
802
360
-216
-599
-942
-1490
-1983
-2323
-2710
-3147
-3481
-3674
-3824
-4012
-4077
-3858
-3605
-3513
-3501
-3516
-3501
-3472
-3636
-4031
-4396
-4683
-5017
-5304
-5411
-5393
-5388
-5364
-5271
-5260
-5340
-5196
-4944
-5080
-5286
-4942
-4467
-4256
-3807
-3044
-2389
-1649
-597
385
1132
1807
2366
2681
2929
3329
3633
3604
3541
3632
3564
3491
3805
4150
4180
4185
4295
4218
3977
3901
3985
3825
3336
2968
2908
2959
3056
3166
3141
3106
3211
3261
3092
2802
2548
2275
1883
1614
1712
1867
1805
1785
1835
1716
1523
1430
1247
829
311
-193
-650
-1050
-1304
-1414
-1541
-1689
-1745
-1741
-1792
-1841
-1884
-2067
-2343
-2500
-2522
-2581
-2681
-2708
-2761
-2855
-2823
-2709
-2657
-2537
-2282
-2122
-2121
-2091
-1949
-1773
-1692
-1651
-1500
-1314
-1258
-1239
-1075
-877
-766
-673
-517
-264
-1
143
155
93
-14
-153
-254
-261
-246
-316
-355
-201
21
156
248
373
515
567
515
520
649
818
952
1015
1019
1064
1172
1267
1383
1482
1474
1396
1328
1269
1145
973
795
700
729
896
1150
1344
1494
1649
1719
1606
1502
1535
1450
1180
942
869
804
684
678
773
925
1154
1532
2000
2513
3154
3827
4407
4858
5246
5495
5453
5135
4544
3652
2449
1079
-346
-1798
-3192
-4495
-5626
-6464
-6895
-6959
-6775
-6335
-5701
-4990
-4328
-3736
-3231
-2926
-2844
-2894
-2999
-3213
-3472
-3693
-3842
-3866
-3800
-3664
-3483
-3186
-2830
-2458
-2044
-1602
-1161
-850
-624
-443
-275
-188
-165
-156
-269
-355
-293
-53
231
508
802
1016
1282
1606
2002
2384
2720
2999
3100
3142
3241
3423
3414
3267
3173
3019
2734
2536
2530
2277
1778
1472
1356
1046
669
473
231
-282
-778
-1259
-2104
-2957
-3668
-4480
-5007
-3306
746
5007
9525
15515
21778
25043
26528
28769
29351
25676
19651
14448
7893
-887
-8246
-13063
-17445
-21820
-23021
-21897
-20777
-18375
-14182
-10433
-8977
-7106
-4900
-4934
-6217
-6743
-6824
-8684
-10122
-9662
-8904
-8065
-6186
-3097
-1315
194
2576
4240
4435
4175
4880
3800
1260
-111
320
996
446
785
976
197
-1475
-2990
-3937
-5847
-7449
-8984
-9641
-9177
-7332
-4381
-1906
1345
4686
7671
9525
10940
12048
10899
8309
5067
2358
-570
-3342
-5097
-6326
-6516
-5924
-4013
-1750
743
3289
4844
5592
5771
6209
5884
4785
3640
2557
1517
394
111
191
456
903
1429
1962
2269
2843
2937
2682
1996
470
-1380
-3707
-6260
-8384
-4539
5857
13213
14754
17481
26216
32276
31200
29852
31255
28296
16609
6459
675
-6116
-15274
-21963
-24588
-27824
-28431
-25176
-20782
-17179
-12848
-7762
-6730
-6444
-4240
-2684
-5179
-8725
-9112
-10061
-11769
-11533
-8339
-5352
-3293
226
3369
5646
7799
9686
8788
5615
3364
789
-3547
-7585
-8728
-8684
-9573
-9755
-7674
-4556
-1780
474
2485
3910
4157
3439
2066
1093
135
-1340
-2855
-3391
-2377
-970
655
2393
4364
5881
6363
6444
6304
5983
4548
2550
779
-346
-942
-1520
-1573
-1349
-671
-117
471
1481
2431
2963
2564
2339
2202
2123
1977
1816
1915
1826
2000
1934
1991
2209
2287
1741
1072
635
-246
-1591
-3415
-5105
-5720
444
10417
15368
15359
18992
29119
32382
28943
27516
29448
24405
10401
2252
-1962
-8366
-18122
-23828
-25003
-27997
-27554
-24443
-19821
-16315
-12056
-7657
-7316
-5572
-2972
-1804
-4702
-6945
-6389
-7952
-8913
-7817
-4211
-2148
-262
3439
5488
7429
9209
10509
7970
4165
2313
-1211
-6279
-10357
-10915
-12653
-15709
-15020
-10353
-6110
-4878
-1594
3561
7027
7325
7930
9529
8288
5249
2314
738
-1335
-2685
-2866
-3452
-3226
-1697
491
1125
2469
4895
5549
4329
3762
4680
3687
1665
706
391
-724
-1994
-1868
-1929
-2022
-1580
-1003
-840
-487
980
1666
1510
2087
3347
3841
3156
3242
3672
3070
1496
486
-83
-1489
-2971
-4466
-5841
-6933
-1579
9136
15465
15860
17818
27441
32571
29596
26768
28111
25741
12531
2355
-2021
-6379
-15055
-22747
-24043
-25813
-25838
-24097
-19748
-15296
-11927
-8020
-7186
-5244
-2955
-1543
-3029
-5359
-5018
-6162
-6680
-5826
-2787
-418
1108
4466
6320
7941
9460
10829
8873
4598
2370
-738
-5353
-10028
-11416
-12598
-15548
-16148
-13370
-8480
-5471
-2371
1627
5343
7653
7819
8744
8606
6903
3397
384
-964
-2612
-3286
-3830
-3358
-2618
-1145
890
2246
4334
5580
5708
4473
3939
3891
2462
797
-640
-1255
-2444
-3229
-3204
-2987
-2524
-2256
-1626
-1147
-97
1062
1546
1951
2606
3355
3048
2612
2762
2283
1178
-233
-1037
-2025
-3731
-4840
-4191
2261
11009
15711
16262
19954
29385
32470
29008
26812
27908
23013
9566
1139
-2609
-7874
-17373
-23644
-24515
-26153
-25753
-23427
-18789
-15108
-11629
-7967
-6795
-4445
-2123
-831
-2682
-4433
-4144
-4934
-4876
-3809
-1223
333
2069
5021
6410
7867
9452
10327
7307
3156
1299
-1723
-6528
-10760
-11709
-13302
-16230
-16165
-13166
-9195
-5673
-925
3142
5500
8092
9997
10040
8366
7011
4316
-153
-2844
-3348
-3997
-5544
-5013
-3004
-1733
-143
2712
5402
6037
6194
6133
5018
3635
2647
1366
-1209
-2906
-3261
-3804
-4482
-4123
-2771
-2590
-2564
-1317
314
1114
1461
2537
3132
2993
2920
2836
2190
1112
55
-1028
-2536
-3436
-3550
-578
7227
14348
16978
17724
24677
32134
31147
27272
26573
26325
16183
3981
-1309
-4854
-12206
-21687
-24464
-25045
-25807
-24883
-21506
-16439
-13279
-9712
-7540
-5290
-2504
-955
-1199
-3244
-3435
-4133
-4583
-3652
-1762
-11
879
3890
5940
6891
8436
10221
9265
4623
2043
356
-3578
-8881
-11474
-12068
-14876
-16733
-14327
-9093
-5745
-3390
635
4753
6885
7219
8180
7974
5599
2116
-666
-2431
-3983
-4333
-4521
-4437
-3258
-600
1924
3392
5617
7445
7092
5215
4602
4377
2075
-710
-2283
-3154
-4542
-4830
-3689
-2834
-2348
-1549
-523
-9
1077
2403
2529
1818
1848
2372
1623
601
616
298
-1285
-2633
-2447
-2136
-1778
3522
11759
16642
16853
19697
28518
31921
28749
25566
26140
22384
10280
1928
-1786
-5697
-14698
-22038
-23282
-24049
-24066
-23517
-19480
-15508
-12900
-10600
-8639
-5062
-3034
-2162
-3073
-3615
-3752
-4548
-3535
-2179
-444
252
2306
5259
6312
7627
9357
10467
7389
3539
2158
161
-3808
-8131
-9509
-11215
-13640
-13798
-11421
-8620
-7225
-4524
-1600
690
2527
4115
4954
3907
3073
1813
297
-747
-762
-644
-1529
-1052
531
2072
2870
3994
5233
4902
4122
3608
3212
1857
330
-716
-1962
-2834
-3118
-2758
-2671
-2462
-1628
-1145
-683
-91
875
1199
886
1129
1394
1296
682
618
243
-527
-1488
-1964
-2024
370
7924
14178
16040
16123
22994
30776
29491
25883
25682
27070
17755
5925
1821
-379
-7169
-18208
-21683
-22139
-23588
-24742
-23169
-18246
-15841
-13568
-11915
-8527
-4662
-2940
-2772
-4021
-3246
-3413
-3287
-2409
-1046
395
1080
3779
5402
6916
9124
10968
9869
5862
4808
4217
614
-4830
-7332
-8089
-11978
-14857
-13295
-10094
-9957
-9750
-5785
-2055
-528
801
3490
4284
2879
2269
1944
1122
220
251
-506
-1391
-111
1640
2139
2458
4480
5172
3659
3187
4118
3466
592
-635
-802
-2172
-3688
-3317
-2435
-3113
-3273
-2209
-1351
-1016
-33
979
668
594
1290
1250
409
66
370
-812
-1830
-1149
1916
7676
13268
17062
18293
23323
29981
31247
28297
26501
27060
19679
8644
2319
-278
-6579
-17163
-21839
-22900
-23923
-25542
-23919
-19584
-16958
-14550
-12597
-9106
-5754
-3496
-3212
-4167
-3498
-3326
-3139
-2754
-1003
508
1249
3515
5676
7733
9509
11362
10674
7439
5768
4679
1566
-3428
-6434
-8435
-12214
-14886
-13950
-11797
-11627
-10883
-7433
-4002
-1967
277
3112
4181
3454
3042
2897
2369
1558
930
-53
-716
-7
996
1616
2430
3896
4259
3609
3817
4496
3697
1507
263
-481
-1992
-3453
-3669
-3521
-4190
-4495
-3680
-2648
-1865
-1057
-217
390
845
1323
1470
1167
929
150
-714
-1133
-152
4351
10090
14770
16349
19803
27161
31219
30505
28147
29166
25857
15731
7290
3152
-1145
-11582
-19872
-22672
-23832
-25966
-26873
-23290
-19733
-17253
-15428
-11846
-7425
-4447
-3373
-3920
-3406
-3064
-2950
-2865
-1843
-270
472
2293
4648
7218
9545
11597
12214
10127
8348
7263
4625
-200
-4066
-6436
-10565
-14778
-15131
-12931
-12964
-13469
-10539
-6425
-4515
-2678
1359
3703
2885
2298
3286
3157
1683
1396
1170
-22
-361
1046
2057
2276
3585
4606
3919
3540
4671
4509
2139
733
466
-1229
-3461
-3530
-2941
-4224
-5361
-4444
-3347
-3415
-2817
-1207
-402
-449
156
1137
924
611
308
33
-507
1208
6687
11876
15265
16832
22048
28295
30481
29596
28617
29317
23506
14259
7529
4029
-1985
-12660
-19037
-21509
-23110
-26139
-26107
-22392
-19786
-18278
-16506
-11983
-8065
-5855
-5191
-4804
-3762
-3506
-2948
-2334
-903
339
1366
3433
5757
8416
10616
12209
12027
10317
9144
7752
4673
74
-3561
-6701
-10719
-13844
-14142
-13224
-13730
-13383
-10579
-7112
-5010
-2764
462
1924
1659
1654
2634
2477
1254
747
523
192
260
1409
2484
3197
4030
4483
4505
4774
5099
3969
1938
797
-39
-1702
-3250
-3417
-3637
-4914
-5348
-4320
-3216
-3121
-2684
-1671
-949
-656
-79
500
441
236
-393
-345
294
4461
10040
14096
16439
19224
26018
29767
30225
28882
28820
26516
17857
10732
5897
1692
-7290
-15819
-19285
-21363
-23334
-25081
-22680
-19986
-18509
-17250
-14263
-9921
-7542
-6572
-6659
-5859
-5253
-4876
-3890
-2518
-797
289
2280
5080
7887
10526
12304
12873
11646
10268
9142
6349
1980
-2312
-5624
-9644
-13646
-14829
-14256
-14287
-14760
-12599
-8768
-6032
-3676
-482
3253
5210
6496
7557
8009
7566
5949
4129
1944
693
-913
-2690
-3218
-2594
-2113
-2478
-868
1440
2266
2124
3252
4609
3472
1871
1232
291
-2497
-4746
-5430
-6230
-7396
-7550
-6346
-5320
-3908
-1956
-71
1434
2871
3658
3626
3776
4177
3455
4373
9448
14222
14987
15304
21818
27772
27086
24881
26570
27234
19254
10998
7775
4582
-4348
-13949
-17399
-19461
-22852
-25635
-24067
-21044
-19656
-18327
-15318
-10567
-7463
-6112
-5354
-3931
-2996
-3119
-2419
-1274
-529
-190
1634
4196
5760
7726
10365
11423
9838
8816
9197
6996
2036
-1621
-3386
-7079
-11731
-12541
-11094
-11896
-13369
-10805
-6587
-5146
-4140
-787
1804
861
127
1514
1650
-407
-1530
-1149
-1540
-1812
-397
1284
2126
3429
5057
5460
5720
6641
6122
3610
2029
1640
-445
-3235
-3822
-3633
-5303
-6459
-4753
-3062
-3272
-2816
-780
303
-143
333
1391
709
-409
-1246
-1555
-2164
61
6075
10869
13742
16012
22768
29091
30692
30152
29995
29891
22885
14328
9195
5498
-2431
-13169
-18029
-19428
-21747
-24792
-23413
-19423
-18115
-17787
-14929
-9861
-7509
-7546
-7496
-6792
-6504
-6926
-6112
-4667
-3341
-2094
-34
3476
6897
9984
12388
13513
13163
11989
11182
9038
4947
497
-2981
-6707
-10607
-12084
-11754
-12303
-13432
-11515
-8098
-6475
-5329
-2587
-394
-1407
-1910
-300
210
-1531
-2397
-1251
-1024
-1148
352
2481
3322
3761
4882
5543
5674
5695
4732
2620
1098
485
-1100
-2955
-3223
-3303
-4599
-5289
-3562
-2251
-2658
-2368
-768
-221
-852
-489
259
-289
-1542
-1271
-328
3269
8995
14060
16342
19021
26185
30623
30609
29235
29922
27193
18136
11060
7306
2617
-6775
-14637
-17524
-19386
-21837
-23041
-20684
-18107
-17153
-16564
-13837
-9970
-8348
-8891
-9269
-8071
-7576
-7702
-6376
-3951
-2111
-747
2256
6120
9162
11890
13800
13902
12478
11539
10320
6624
2279
-1151
-4591
-8886
-11436
-11247
-11614
-12877
-12274
-9394
-7250
-6171
-3947
-1682
-1443
-2188
-1593
-728
-1212
-2078
-2057
-1545
-1066
96
1766
3220
4220
4924
5353
5607
5740
4987
3115
1279
-8
-1353
-2989
-3752
-3873
-4426
-5053
-4398
-2829
-2220
-2000
-1242
-243
-293
-348
-14
223
-692
-1116
-500
1414
6341
11602
16075
17819
22594
28792
31059
30172
28779
28746
22694
14086
8384
4673
-1776
-11208
-16298
-18072
-19838
-22022
-21530
-18592
-17003
-16642
-15341
-11861
-9392
-9327
-10069
-9650
-8576
-8455
-7489
-5168
-2691
-869
1415
5410
8944
11582
13685
14360
13412
11493
10432
7985
3453
-790
-3918
-7078
-10696
-11715
-10888
-11269
-12095
-10356
-7129
-5712
-4967
-2687
-1046
-2066
-2820
-1588
-997
-2325
-2931
-1813
-1112
-648
1009
3013
3981
4556
5478
5853
5674
5460
4319
2073
360
-476
-1947
-3859
-4320
-4295
-5166
-5805
-4372
-2809
-2846
-2578
-1345
-430
-832
-642
39
-146
-830
-512
533
3946
9547
15063
17799
20280
26809
31335
31576
29510
29475
26899
18241
10598
6262
1938
-6643
-14391
-17243
-18579
-20478
-21722
-19800
-17235
-16439
-16359
-14395
-11131
-9932
-10912
-11406
-10095
-9341
-8906
-6891
-3705
-1264
828
4422
8483
11352
13622
14913
14401
12386
10549
8498
4323
-210
-3723
-5881
-8564
-10806
-10919
-9994
-9446
-9639
-7745
-5066
-4028
-4399
-3518
-2073
-3141
-4597
-3748
-2428
-3437
-3836
-1328
965
1337
2571
5364
6454
5865
6083
6499
5336
3428
2088
398
-1369
-2229
-3076
-4300
-4564
-3979
-4185
-4602
-3256
-1999
-2541
-2801
-1642
-1205
-2033
-2179
-1212
-1560
-2096
-650
1378
6112
11622
17514
19958
22944
29472
32392
31643
28852
28468
23915
14696
8247
4225
-804
-9215
-14800
-16414
-17688
-19021
-19283
-17219
-15605
-15300
-15448
-13786
-11500
-11462
-12890
-13126
-11356
-10511
-9459
-6246
-2465
264
2842
7180
11169
13265
14949
15291
13728
10927
8771
6037
1392
-2762
-5709
-8328
-10475
-10119
-8540
-8467
-8673
-6722
-4171
-3779
-3759
-2615
-2489
-4698
-6008
-4758
-4262
-5278
-5022
-2723
-1027
148
2899
5830
6714
6646
7194
7208
5930
4542
2917
429
-1826
-2731
-3425
-4363
-4282
-3819
-4116
-4120
-2718
-1589
-2008
-2275
-1504
-1786
-2673
-2491
-1687
-2325
-3212
-2480
-612
572
5160
12271
17995
20094
22513
29499
32608
31430
28372
27450
23602
14268
7262
3726
-279
-8363
-14737
-15427
-15540
-17264
-18097
-15485
-13569
-14723
-15493
-13466
-11505
-12669
-14186
-13830
-12319
-11640
-9826
-5840
-1995
766
3807
8217
12081
13886
15095
15018
13051
9831
7128
4576
333
-3923
-6798
-8795
-10845
-11574
-10264
-9018
-8943
-8479
-6233
-4407
-4113
-3945
-2696
-1674
-2258
-1208
1620
3252
2474
2517
4992
5300
3607
3383
4121
2354
-715
-488
544
-798
-2106
-1011
-82
-706
-93
1399
1034
-556
-1165
-2130
-4109
-5330
-5774
-7176
-8194
-6930
-5425
-4374
-2445
644
1886
2502
4150
5767
5329
4894
5334
6959
10433
14424
17121
17799
22379
26507
26813
24669
24659
23679
16165
8781
5064
1300
-6262
-13282
-15671
-17358
-19744
-20728
-18923
-16582
-15693
-15258
-13685
-10735
-9218
-9496
-9616
-7923
-6860
-6654
-4578
-1043
1332
2786
5717
9228
10898
12036
12905
11771
8957
6538
4393
346
-3674
-5779
-7699
-10387
-11357
-9661
-8387
-8447
-7229
-4672
-3423
-3351
-2275
-1090
-1958
-3691
-3685
-2999
-3277
-3472
-2213
-558
456
1960
4193
5769
6244
6331
6148
5389
4285
3022
1195
-646
-1815
-2795
-3775
-3901
-3486
-3546
-3967
-3369
-2388
-2518
-2567
-2053
-1674
-2155
-2265
-1364
-930
-1199
-1009
-242
327
1189
3066
9186
14920
18770
19958
23610
29651
29925
27457
24957
24232
17986
8558
4284
2107
-3210
-11011
-14150
-13522
-15013
-16835
-16130
-13817
-14077
-15728
-15804
-13918
-13076
-14062
-14383
-13053
-10798
-9157
-6003
-1316
2351
4846
7673
11185
13178
13390
13411
11672
8255
4959
2875
374
-2762
-5055
-6126
-7452
-7637
-6573
-5825
-5962
-6279
-5598
-5766
-6078
-5951
-5889
-6439
-7035
-6325
-4841
-3422
-1942
-369
1439
2999
4436
5655
6421
6290
5273
4170
3333
2562
1503
354
-569
-1214
-1564
-1725
-1743
-1864
-2270
-3043
-3607
-3654
-3759
-3943
-4271
-3770
-3361
-2813
-1949
-694
82
358
1060
2094
3146
5086
10976
16365
19480
20166
24361
29415
29159
26600
24544
23266
16334
8028
4205
1682
-4001
-11282
-14010
-13811
-15388
-17150
-16469
-14354
-14824
-16581
-16374
-14122
-13396
-14339
-14125
-12020
-9714
-7870
-4165
508
3881
6150
8886
11855
13171
13126
12649
10295
6865
3790
1996
-477
-3662
-5449
-6277
-7149
-7845
-6883
-5777
-6375
-7359
-6860
-6063
-6525
-7059
-6290
-5670
-6036
-5492
-3173
-1119
-266
826
2824
4248
4730
5346
5842
5438
4243
3259
2754
2213
1524
489
-330
-585
-858
-1493
-1954
-2026
-2770
-4192
-4773
-4416
-4569
-5227
-4769
-3670
-2867
-2169
-793
795
1311
1648
2411
2843
3415
3737
7030
12685
16825
19191
20441
26021
28809
27379
24907
23468
20464
11859
5249
2258
-1628
-8228
-13516
-14342
-14751
-16453
-16823
-15193
-13916
-14806
-15759
-14987
-13246
-13205
-13536
-12560
-10117
-7907
-5502
-1165
3218
6054
8298
10710
12528
12611
12054
10513
7066
3638
957
-1214
-3956
-5164
-5608
-6872
-7932
-6804
-4564
-5076
-6180
-6076
-5642
-6888
-7752
-6198
-5328
-6003
-5705
-2998
-538
365
1948
4097
4866
4495
4878
5488
4781
3326
2336
1635
1031
927
919
632
419
215
-372
-911
-1145
-1854
-3599
-4721
-5009
-5439
-5828
-5221
-4004
-3381
-2485
-501
1348
1969
2578
3453
3397
2623
2112
2353
2155
3364
9229
14567
17945
18926
23978
28754
27832
25085
22880
20770
12465
3838
14
-2522
-8126
-13979
-15008
-13524
-14319
-15080
-13259
-10941
-11738
-13985
-14216
-12840
-13189
-14327
-13794
-11397
-8894
-6451
-2078
2906
6530
8822
10866
12237
12158
10742
8818
5343
1678
-1161
-3183
-4938
-6111
-6060
-5925
-6197
-5854
-4813
-3752
-2653
-2677
-3572
-4973
-4759
-4114
-4510
-4589
-3842
-3216
-2945
-1215
1533
2437
2090
2725
3496
3201
2833
3411
3131
1736
1252
1799
1747
1307
1125
578
-699
-1583
-1898
-2690
-3671
-4266
-4871
-5329
-4821
-3726
-2916
-2294
-762
473
1268
2215
3143
3305
2619
2046
1728
1154
602
975
2884
9266
14377
17864
19255
23865
28099
26368
23489
21044
18177
10005
2339
-625
-2782
-7644
-11740
-12096
-10770
-11411
-12157
-11145
-10187
-11733
-14470
-15595
-14609
-14873
-15592
-14411
-11167
-7995
-5103
-415
4433
7477
8904
10169
10245
9231
7440
5377
2315
-511
-1924
-2720
-3088
-2843
-2179
-2005
-2374
-2463
-2690
-3774
-5549
-7219
-8120
-8490
-8584
-7657
-5687
-3753
-2261
-249
2469
3752
3676
3773
3874
2585
922
666
781
98
14
1208
2182
2513
3083
3614
2993
1778
741
-665
-2389
-3647
-4513
-5159
-5207
-4426
-3585
-2675
-1383
-220
404
1141
1919
1921
1713
1597
1598
1082
752
746
764
487
1303
2755
8509
14503
18343
19265
21130
25617
24689
21569
18370
16308
10181
2568
-713
-1439
-4344
-8033
-9332
-8892
-9436
-10668
-10685
-10820
-12717
-15409
-17129
-16664
-16081
-15755
-13972
-11008
-7589
-4610
-171
4058
6604
7464
8187
7876
6598
5348
4178
2274
194
-473
-536
-519
-244
191
-294
-1526
-2566
-3607
-5252
-7025
-8337
-9004
-8993
-8043
-6187
-3749
-1718
-135
940
2157
2455
1843
1195
626
-244
-1191
-839
291
1135
1883
3264
4330
4640
4552
4274
3151
1224
-438
-1754
-3051
-3819
-3914
-3525
-3090
-2293
-1193
-304
129
163
129
-38
-60
-265
-47
248
514
807
1456
1924
2055
2056
2088
2285
3476
9368
14649
17440
17224
19937
23879
23104
20252
17355
15196
9500
3125
-471
-1879
-4072
-6948
-9388
-10332
-10146
-10363
-11517
-13184
-14368
-15366
-17461
-17929
-16586
-14021
-12381
-10859
-7165
-2401
1701
3840
6008
7898
8297
6649
5516
5221
4083
2096
504
412
559
598
671
213
-354
-1564
-3127
-5279
-6781
-7844
-8635
-9382
-9242
-7764
-6000
-3689
-1808
291
1522
1870
1826
1832
1683
825
-70
-233
247
872
1929
3082
4020
4568
4584
4298
3444
2500
1172
-460
-1653
-2389
-2701
-2853
-2464
-1800
-1266
-850
-540
-329
-501
-693
-1049
-1058
-769
-369
316
957
1856
2337
2834
2664
2575
1887
1325
1090
3515
10005
14821
17240
17192
20984
24198
23168
19205
15552
13179
7468
717
-3365
-3378
-4345
-8002
-11035
-10237
-8514
-10255
-12998
-13831
-13659
-15845
-19261
-18572
-15285
-12404
-11865
-9438
-4066
874
3346
4774
7352
8522
7184
4655
4020
4077
2896
1000
84
1141
1792
1568
876
405
-539
-2993
-5650
-7680
-8531
-9351
-9864
-9772
-8195
-5939
-3996
-2106
16
2134
2378
1589
1114
1305
862
-136
-220
693
1744
2569
3810
5200
5866
5575
4679
3676
2554
1354
-184
-1488
-2079
-2095
-2071
-1952
-1097
-343
-393
-810
-862
-921
-1591
-2176
-2177
-1785
-1270
-90
1220
2404
3215
3708
3913
3572
2953
2181
917
-171
-395
1797
8410
14397
18087
17810
20156
23666
23048
18222
12767
10307
5366
-1697
-6375
-5625
-4579
-6792
-9663
-9001
-6755
-7683
-11112
-13414
-13798
-15276
-19119
-19816
-16400
-11719
-9875
-8193
-3209
2233
5208
5642
6697
7304
5874
2879
1157
1101
1313
708
-89
456
1657
2230
1356
-268
-1771
-4143
-6874
-9442
-10622
-10682
-10418
-9764
-8573
-5819
-2780
-299
1108
2527
3874
5206
7313
9226
9801
8235
7090
6179
4843
3046
1628
254
-1682
-2432
-1872
-1057
-812
-142
360
139
142
853
1025
-130
-1131
-1915
-3184
-4162
-3894
-3274
-3661
-3496
-2113
-512
572
2038
3587
4108
3983
4173
4395
3840
3263
2650
1686
821
428
448
143
-291
184
817
5253
10823
15018
14575
13320
15917
16900
14808
9684
7778
6474
2938
-1274
-2626
-822
-591
-3282
-6484
-7101
-6807
-8817
-12439
-14695
-14320
-14978
-16104
-15285
-11440
-7471
-6077
-4588
-2754
-120
1038
1164
557
-168
-329
-603
-611
-67
1481
2742
2898
2512
2279
2368
1444
-579
-3366
-4929
-5438
-6130
-7064
-6694
-4463
-2778
-2222
-1569
93
1220
1429
1054
919
816
1264
1775
1938
2294
3438
4293
3933
3522
4045
4293
3208
1951
1487
1371
1005
816
861
991
1090
1066
397
-280
-520
-701
-1619
-2481
-2350
-1729
-1403
-950
-83
780
1163
1446
1803
1976
1931
1778
1344
714
369
203
180
-180
-689
-976
-1326
-1370
-1560
2
5886
12471
16423
14517
14009
16935
18781
16106
9741
7138
5528
3006
-1077
-2781
-1181
-535
-2594
-6426
-8194
-8327
-9490
-12727
-16211
-17562
-17691
-16869
-15514
-12828
-9764
-6641
-3902
-2656
-1662
-595
1339
1331
-351
-1564
-656
1645
2853
3544
4347
5674
6249
5296
3864
2586
1386
-1004
-3888
-5861
-6096
-5292
-4436
-3677
-3060
-1906
-781
-135
-551
-902
-678
-618
-1145
-1604
-753
855
2381
3342
3817
4244
4780
5259
4927
3864
3070
2788
2488
1856
1703
2210
2716
2378
1515
606
77
-410
-1319
-2488
-3322
-3280
-2916
-2612
-2139
-1379
-534
-101
161
380
686
1111
1394
1401
1055
1040
1169
1275
1120
783
658
311
-228
-787
-33
4861
11073
15878
15118
13603
14300
15763
15166
10163
6241
2840
1294
-873
-2612
-3024
-3090
-2720
-4278
-6500
-8969
-10783
-11784
-13611
-15336
-17296
-17029
-14795
-11752
-9305
-7659
-4971
-2703
-1181
-1326
-1028
-422
154
273
217
974
2318
4444
6106
6722
6252
5219
4584
3465
1941
-420
-2269
-3118
-3493
-3444
-3565
-2708
-2073
-1437
-1495
-1810
-2228
-2821
-2763
-2607
-1786
-824
547
1970
3154
4311
4847
5026
4650
4244
3653
2926
2529
2467
2667
2604
2668
2868
3073
2813
1990
913
-252
-1249
-2232
-2978
-3371
-3317
-2913
-2447
-1797
-1214
-732
-550
-449
-349
-260
-140
74
499
918
1382
1758
2081
2156
1911
1548
896
377
-269
-945
-1540
-1379
1506
6132
11296
13521
13506
12515
11473
10483
7754
5102
1949
345
-525
-593
-471
-1244
-1519
-2202
-2614
-4319
-7067
-9828
-12304
-13213
-13873
-13466
-12393
-10369
-7725
-5727
-3702
-2788
-2230
-2699
-3193
-3404
-3481
-2894
-2008
-305
1371
3079
4654
5864
6650
6291
5130
3242
1425
-90
-1337
-1988
-2169
-1443
-186
1676
3150
3498
2465
659
-1161
-2751
-3832
-4473
-4622
-3975
-2239
122
1903
2636
2742
2649
2385
1846
1322
837
649
918
1763
2712
3445
3818
3872
3566
2937
1975
654
-778
-1945
-2516
-2610
-2217
-1522
-675
40
621
1018
1095
818
342
-132
-520
-688
-491
20
718
1441
2030
2340
2356
2229
1894
1217
273
-516
-913
-1060
-1078
-1003
-818
-602
-289
543
1960
3781
5189
5870
5744
5078
4112
2792
1505
337
-164
-15
835
1993
2776
2942
2235
1135
-369
-2049
-3682
-5049
-5738
-5998
-5670
-5151
-4524
-4075
-3958
-3963
-4199
-4386
-4717
-4990
-5169
-5121
-4706
-4116
-3323
-2562
-1712
-947
-377
-77
-30
-45
-247
-478
-699
-594
-209
351
1002
1648
2319
2744
2963
2936
2794
2494
2003
1553
1248
1247
1361
1561
1839
2124
2365
2340
2119
1717
1309
949
619
424
351
502
729
983
1161
1168
987
657
362
103
-65
-70
188
564
852
1022
1149
1270
1226
991
649
346
110
-85
-187
-218
-190
-219
-329
-496
-705
-922
-1175
-1375
-1455
-1394
-1234
-1017
-742
-477
-290
-200
-170
-148
-169
-221
-250
-195
-83
10
89
160
271
352
336
180
-33
-132
-67
120
307
523
785
1050
1226
1247
1171
972
670
326
106
73
118
192
291
453
579
582
466
264
-8
-383
-755
-1016
-1128
-1159
-1185
-1200
-1199
-1196
-1197
-1215
-1260
-1354
-1489
-1604
-1664
-1653
-1621
-1562
-1499
-1430
-1386
-1390
-1402
-1417
-1382
-1328
-1249
-1117
-905
-582
-267
11
203
332
379
356
382
469
650
816
988
1171
1324
1456
1538
1613
1615
1562
1536
1594
1717
1807
1878
1917
1889
1727
1488
1279
1082
835
523
278
151
84
38
30
81
117
126
156
234
266
173
21
-85
-125
-170
-195
-148
-28
93
174
245
287
264
148
16
-97
-205
-305
-357
-330
-280
-249
-251
-278
-359
-527
-723
-860
-921
-957
-1012
-1016
-905
-677
-431
-252
-141
-51
85
233
355
397
391
400
444
499
505
477
451
476
532
600
666
699
678
571
396
179
-54
-310
-583
-832
-987
-1013
-974
-956
-989
-1021
-1030
-1046
-1123
-1251
-1358
-1414
-1426
-1406
-1330
-1209
-1077
-972
-923
-904
-899
-888
-849
-761
-602
-364
-79
200
417
547
598
595
561
506
467
475
543
659
780
878
952
1015
1047
1022
949
874
842
856
896
954
1057
1208
1358
1455
1482
1455
1383
1294
1211
1144
1076
1004
956
920
843
727
628
583
547
432
226
-11
-226
-404
-553
-658
-735
-812
-881
-917
-925
-917
-901
-844
-730
-601
-506
-459
-453
-460
-464
-448
-412
-372
-342
-340
-356
-368
-385
-424
-485
-530
-524
-489
-473
-505
-560
-599
-598
-551
-466
-347
-218
-110
-66
-107
-202
-300
-348
-341
-296
-228
-133
-9
131
265
370
425
420
380
332
303
291
280
276
266
245
224
218
251
294
288
205
72
-75
-227
-378
-477
-496
-493
-524
-593
-608
-495
-336
-286
-353
-374
-254
-98
-38
-64
-71
15
193
396
586
753
862
876
794
685
620
595
579
554
565
646
731
717
607
493
414
370
329
272
218
209
231
258
237
169
104
83
98
93
64
36
36
56
60
23
-32
-68
-88
-104
-112
-106
-122
-180
-266
-327
-320
-311
-387
-514
-596
-573
-480
-463
-562
-668
-680
-590
-512
-547
-651
-676
-542
-316
-160
-156
-240
-280
-214
-89
-44
-122
-202
-146
28
187
198
98
18
51
154
239
249
209
175
143
86
29
3
29
108
214
372
523
539
379
194
178
375
574
583
437
297
279
361
398
317
180
57
7
13
37
52
22
-95
-273
-434
-501
-413
-204
2
69
-27
-222
-376
-388
-255
-135
-202
-384
-405
-135
213
317
110
-152
-173
53
257
240
108
63
168
314
324
164
-50
-165
-135
-26
54
46
-12
-59
-51
-7
-11
-129
-290
-370
-324
-194
-80
-28
-3
6
3
-1
3
11
33
50
58
97
173
264
340
345
283
195
136
98
50
25
38
35
-27
-144
-263
-310
-276
-219
-224
-276
-335
-331
-226
-99
-31
-54
-85
-49
90
253
328
297
258
309
418
474
397
244
135
153
247
290
231
136
57
24
2
-76
-234
-403
-487
-441
-319
-227
-205
-221
-191
-98
-1
36
20
7
46
130
181
156
65
-8
11
117
238
302
319
307
283
231
130
-16
-155
-229
-208
-133
-75
-61
-83
-127
-170
-223
-272
-327
-374
-408
-428
-428
-413
-382
-353
-320
-269
-196
-119
-39
14
30
19
7
2
23
84
176
281
365
404
392
334
238
140
68
54
76
108
132
133
94
24
-59
-127
-156
-134
-81
-33
-6
3
5
20
43
69
112
175
253
319
335
300
250
210
201
214
243
287
339
360
337
271
165
57
-20
-53
-59
-56
-68
-90
-132
-177
-214
-236
-232
-208
-190
-193
-227
-281
-328
-354
-332
-263
-166
-56
22
58
35
-25
-105
-171
-197
-176
-100
-12
61
100
109
92
54
23
13
14
26
36
31
13
5
2
14
39
63
76
60
24
-24
-77
-123
-146
-144
-118
-74
-19
21
36
26
-2
-46
-88
-126
-144
-131
-85
-20
42
89
107
92
70
42
6
-19
-36
-32
-18
6
30
55
75
86
92
89
82
77
75
74
81
86
100
110
119
128
129
126
128
130
120
112
104
100
100
107
115
121
121
115
103
86
70
56
35
17
4
-21
-49
-77
-92
-112
-126
-138
-152
-166
-172
-182
-189
-192
-202
-214
-219
-218
-215
-205
-185
-155
-126
-105
-85
-72
-66
-62
-65
-71
-66
-56
-36
-9
18
52
76
92
102
95
86
82
77
78
86
98
106
111
119
120
114
103
97
79
56
33
8
-11
-21
-22
-22
-19
-18
-16
-18
-26
-33
-34
-34
-28
-25
-16
-6
4
14
21
25
32
40
45
54
56
59
60
59
47
40
28
8
-5
-22
-30
-34
-34
-30
-25
-19
-12
-7
-4
-10
-20
-27
-27
-21
-12
4
24
44
58
67
70
64
54
46
35
25
20
15
12
11
8
2
-4
-9
-17
-24
-33
-40
-47
-58
-64
-71
-76
-84
-87
-84
-82
-74
-70
-64
-57
-51
-47
-46
-43
-39
-35
-32
-26
-21
-13
-4
6
11
22
26
35
40
42
45
40
37
34
31
28
27
22
23
25
26
26
22
17
18
16
11
7
3
-2
-3
-2
2
8
14
20
27
34
39
41
38
37
31
27
23
19
17
20
25
23
26
23
18
10
2
-8
-13
-16
-19
-20
-18
-14
-8
-6
-5
-5
-9
-16
-19
-26
-26
-26
-25
-19
-12
-9
-7
-4
-3
-7
-9
-12
-15
-21
-22
-17
-18
-12
-7
0
4
4
4
0
-2
-10
-16
-23
-24
-23
-22
-18
-15
-11
-7
-4
-4
-8
-11
-12
-18
-19
-17
-15
-11
-6
-1
1
9
12
13
10
8
2
-3
-4
-5
-3
-2
4
10
19
23
24
29
29
26
21
18
15
10
7
6
7
10
8
9
10
12
11
9
5
3
5
1
-1
-2
-1
3
7
11
15
18
18
20
20
17
18
17
15
13
12
8
7
2
0
1
-6
-8
-13
-16
-22
-27
-32
-33
-35
-31
-30
-30
-26
-27
-25
-20
-17
-16
-13
-10
-6
-3
1
6
6
6
7
9
11
11
7
10
10
6
2
-4
-4
-4
-5
-5
-10
-10
-9
-11
-9
-12
-12
-14
-13
-13
-12
-11
-10
-7
-7
-5
-4
-3
-2
0
3
6
6
9
13
15
15
18
19
15
14
13
12
13
11
7
8
8
6
1
0
-1
-3
-4
-4
-2
-2
-1
-1
3
6
10
13
13
14
16
18
20
20
20
20
18
18
17
14
11
8
8
11
8
6
3
3
1
-2
-5
-6
-8
-11
-13
-17
-21
-24
-22
-23
-22
-24
-23
-23
-23
-20
-21
-22
-21
-20
-18
-17
-15
-14
-14
-12
-10
-4
-3
-5
-4
-1
0
-1
-4
-2
-2
-3
-2
-5
-2
-3
0
1
4
4
2
6
5
6
9
11
11
15
13
12
13
9
9
7
5
2
1
0
0
0
3
4
3
5
6
8
7
9
8
6
5
5
6
7
7
10
10
9
13
14
9
11
5
9
8
6
