SAMPLES:	8249
BITSPERSAMPLE:	16
CHANNELS:	1
SAMPLERATE:	16000
NORMALIZED:	FALSE
2
2
2
1
-1
-1
5
7
2
-2
2
4
0
2
3
1
-2
2
1
4
6
-4
-1
-2
-4
3
1
-3
-5
0
3
-3
1
3
-3
-4
2
3
-9
-5
-2
-4
-1
0
3
-5
-3
2
-1
-3
-6
0
-4
-5
-1
3
3
0
3
-1
1
2
2
3
1
1
2
0
2
1
-3
-2
-1
2
1
0
-2
0
-1
-1
2
2
0
-2
2
-2
0
0
4
-1
2
4
3
5
1
3
3
2
2
4
1
-1
-3
-5
-1
3
2
-4
-5
-3
-2
-3
-2
0
0
-3
-3
2
1
1
2
-1
-3
-3
0
3
2
0
2
2
-2
2
2
2
0
0
3
-3
-5
-1
-1
2
-1
-1
-2
3
2
2
3
3
2
2
3
1
3
3
-1
1
1
-1
-2
-3
-2
-2
-3
-2
-1
-3
-3
-2
-2
-3
0
-1
-2
-1
1
7
4
1
-2
-2
-4
-3
-2
-4
-2
-4
-3
-6
-5
0
2
1
5
2
1
5
1
1
1
3
3
1
-1
1
-2
0
3
2
2
2
4
3
1
-1
-1
0
-1
3
3
0
-1
-2
-2
-2
-1
-3
2
2
2
2
1
2
0
-1
-1
2
-2
-1
1
-1
-2
-1
-5
-5
-2
2
1
1
1
0
2
1
1
2
-4
0
0
-3
1
3
-1
0
4
2
0
6
4
2
1
2
0
2
5
3
1
-3
-4
0
7
-1
-17
6
12
-13
-1
20
-15
-31
21
18
-22
-12
14
-6
-21
12
11
-25
-4
9
-10
-28
4
48
-18
-24
12
-5
-2
16
6
-22
-1
11
38
-14
-68
69
35
-56
13
21
2
-18
3
39
-17
-21
72
-41
-124
114
82
-71
-41
-61
53
114
-41
-107
-15
64
141
-41
-279
87
256
-34
-129
-104
101
88
-114
59
66
-60
-31
-126
8
206
163
-129
-448
33
457
121
-250
-362
108
445
8
-416
-183
331
312
-74
-486
-187
550
236
-266
-283
14
281
-30
-162
106
204
-309
-274
343
223
21
-306
-252
193
293
227
-447
-385
420
471
-275
-649
316
489
-67
-184
-450
157
570
-52
-251
-179
-67
277
175
-134
59
-279
-250
553
183
-229
-277
-154
278
319
56
-667
-173
776
193
-561
-403
438
321
1
-201
-677
415
765
-286
-467
-305
391
530
-147
-341
-432
346
521
-182
-128
-405
11
548
166
-377
-496
404
313
-97
-190
-210
228
139
139
-447
-246
625
184
-303
-573
285
602
-120
-333
-381
382
343
26
-362
-530
561
463
-77
-756
-145
822
113
-258
-628
276
596
-111
-324
-385
369
463
109
-1029
-153
1222
-6
-623
-543
550
468
-73
-348
-618
711
454
-177
-817
39
923
-37
-369
-669
563
576
-128
-768
-135
848
81
-306
-729
415
653
4
-803
-383
1143
213
-645
-638
572
569
-120
-513
-396
535
501
-109
-1141
481
768
-172
-693
-143
724
238
-314
-812
492
589
116
-922
-255
912
334
-545
-933
864
463
-184
-538
-296
581
631
-535
-967
791
659
-280
-1061
473
798
-157
-669
-258
637
531
-341
-1195
664
1047
-252
-1319
238
1067
34
-483
-802
462
965
-234
-1081
241
877
43
-1045
-103
1204
67
-1033
-221
741
366
-86
-988
-5
1097
345
-1320
-372
1113
658
-1104
-698
1010
547
-625
-663
383
794
-98
-1272
540
891
-277
-986
363
729
-177
-464
-286
434
566
-259
-1007
216
1395
-437
-1493
827
1007
-758
-705
636
432
-236
-763
526
516
-275
-718
204
821
-212
-326
-463
312
726
-154
-1055
610
686
-952
-160
935
232
-1414
271
1242
-497
-1029
630
894
-724
-434
26
528
414
-259
-974
6
1197
321
-1538
-14
1682
-994
-913
1396
248
-1231
-154
1109
124
-1296
360
1000
-633
-24
182
-843
654
969
-1180
-496
1393
-444
-1263
1493
571
-1946
559
1541
-1340
-741
1271
343
-1047
-78
836
-459
4
716
-961
-530
1202
99
-600
196
-206
-459
885
414
-1201
205
995
-1085
-517
1691
-432
-806
518
-93
-526
651
957
-1445
-539
1018
294
-150
-253
-466
334
490
-351
-107
366
-150
-322
-306
343
1127
-531
-1090
274
433
137
342
-635
-590
1137
-73
-1062
605
906
-689
-984
613
893
-214
-724
-270
368
731
-94
-890
-186
985
433
-1380
-77
1388
-274
-958
159
728
-142
-402
243
-94
77
189
-332
-542
1021
692
-1585
-415
1264
83
-325
-60
-483
523
514
-1140
326
611
-292
62
-387
17
352
126
-523
5
772
-94
-971
17
982
-111
-506
11
384
-28
-390
-236
522
411
-362
-234
-398
492
393
-183
-528
341
254
-908
849
494
-1141
120
784
-603
-68
377
-324
315
-18
-195
-352
642
196
-803
-251
1218
277
-1538
52
1092
-492
-405
1206
-456
-1141
563
418
-37
272
-274
-764
562
537
-439
-572
684
540
-1149
190
432
59
-499
62
894
-925
-367
1052
-241
-369
338
-376
-390
1011
243
-804
-621
546
941
-608
-376
-46
286
266
-159
-210
166
41
-696
604
993
-986
-952
637
1389
-944
-840
712
178
21
64
-426
-570
1429
-283
-1030
828
643
-1687
63
1841
-463
-814
-486
769
342
-205
-380
-179
1068
-480
-1370
1268
1341
-1753
-1428
2429
742
-1873
-610
716
1490
-626
-1586
710
1119
-674
-1127
1484
842
-2243
-221
1651
464
-558
-1031
-884
2303
634
-1985
-239
1027
-113
-196
435
-440
131
-339
-150
640
907
-1090
-1837
1883
1603
-1750
-772
358
729
383
-567
-397
292
-206
-116
1102
-58
-1373
-230
1192
928
-1072
-1198
550
1142
276
-1158
-51
-192
35
1665
-714
-1058
-325
824
1355
-768
-1671
171
1824
68
-1019
-188
-201
-138
1695
326
-2074
-835
1344
1576
-335
-1731
-429
864
1501
-630
-1315
-35
566
1344
-518
-1045
-651
702
1279
-267
-735
-586
166
1086
279
-1044
-1469
1260
2720
-1942
-1864
536
1165
1007
-830
-1116
-130
491
1493
-325
-1561
-36
146
1550
399
-2907
691
2314
-670
-1811
514
959
-487
515
-266
-930
176
891
886
-1313
-1422
1028
1781
-85
-2291
-254
2221
329
-2278
391
1823
-1210
-579
905
149
-335
-903
1075
948
-1600
-1171
2174
1116
-1965
-1313
1085
2000
-760
-1943
1010
993
-967
-406
760
646
-1092
-613
1488
43
-1796
1233
977
-1728
84
1319
-641
-545
654
-267
-303
542
87
-436
-297
789
75
-851
-310
1394
362
-1880
4
1312
0
-278
-327
16
-285
549
594
-1143
-10
824
216
-1229
275
903
-965
431
978
-1511
-687
1671
1126
-2128
-1124
2232
620
-1456
-308
580
121
-152
164
77
-389
-285
948
126
-1512
-78
2608
-800
-2253
654
1227
810
-1329
-974
894
500
-18
-327
-431
478
-181
167
707
-1496
-352
2511
-953
-1536
1008
-244
464
804
-1148
-1020
932
1560
-1008
-1454
942
746
-19
-507
-648
561
116
672
-411
-827
-486
1388
1577
-2676
-631
1855
-161
-107
443
-1711
444
1965
-1394
-674
1407
-1344
480
1433
-1818
-411
2118
-1398
-523
2143
-1778
-727
1841
-17
-984
-435
974
509
-1067
-355
754
427
-278
-567
-85
1013
-1209
450
1223
-1568
72
823
-49
-558
-562
1149
343
-966
328
-250
-465
1234
-686
294
394
-1630
888
588
-420
484
-735
-431
755
604
-434
-1837
1776
1796
-2470
-863
1223
580
310
-769
-675
176
703
687
-434
-1482
-859
3714
461
-4167
-652
3915
1207
-3314
-1934
2984
2072
-2940
-652
1121
147
359
475
-1197
-1729
2115
2147
-2379
-1091
1029
53
1195
-980
-1463
1940
254
-1026
-532
956
-10
-72
-175
-1043
2228
-478
-1681
564
1471
-1240
-594
1584
-1202
372
1030
-1133
-673
867
-508
1420
148
-3211
1156
3684
-2210
-2198
989
560
978
99
-1412
-361
1218
-302
94
140
-1927
1629
2239
-2511
-756
477
952
243
-955
-297
1194
-453
-224
726
-1818
764
1687
-1540
-103
896
-1505
1242
1103
-1580
-1363
1384
1053
402
-990
-2708
2143
2345
-2176
-517
983
-1595
1240
2510
-2142
-3763
2788
3880
-2672
-3316
1852
4220
-3202
-2781
2562
2027
-1795
-2705
3699
325
-2689
663
1569
-429
-1867
575
1298
704
-1894
333
340
-543
306
1022
-289
-1292
841
-1547
2552
842
-4480
1883
2698
-2160
-1478
2300
153
-1713
-197
2117
45
-2457
167
1863
208
-1460
377
449
-471
-54
1182
-1956
63
1973
43
-1513
-880
820
1612
1007
-2893
-2115
3398
1877
-2872
-718
1241
860
-285
-1134
-1233
2814
107
-2430
1870
-124
-2096
2556
-556
-1539
1572
-128
473
-1712
230
871
338
470
-1669
-892
2053
1504
-2820
-656
3030
-919
-2204
1748
416
-457
653
-1121
-860
639
2250
-380
-2504
341
1701
-1138
210
1457
-1669
-1042
1523
1329
-2108
471
1060
-1905
910
1754
-3074
420
2659
-859
-1610
-618
2406
898
-3396
-55
3007
-137
-1987
237
796
-1637
2185
580
-2382
-83
1599
662
-2672
320
2871
-382
-3522
791
2985
-1501
-531
1505
-1901
-1611
3151
1076
-1553
-2044
1292
1310
-1454
976
-536
-296
762
427
-2411
1497
2346
-3360
-572
2364
1117
-1989
-1970
3366
-129
-3210
2557
855
-1960
1278
-2183
1267
3745
-5159
-169
3875
-2093
-1356
2932
101
-3270
35
3487
-784
-1760
-625
3400
-1351
-4007
4236
3196
-5916
-1823
6647
-920
-4463
1638
2392
-370
-2045
-967
3476
-662
-2010
439
1177
710
-2080
716
333
-1222
2274
-748
-2469
3194
468
-4391
2280
3023
-3115
-477
-451
2639
2301
-6300
-128
5654
-1241
-2827
-61
1597
1647
-2067
-1150
1976
-969
433
-411
804
113
-1697
2230
-2196
-457
5352
-5408
-1678
6235
-1041
-4393
869
3457
369
-4927
-41
7157
-4749
-1011
2299
-1556
-1163
2429
2043
-3697
-680
1779
590
-1103
1615
-466
-4614
3491
5429
-6375
-2632
5193
2342
-3692
-5166
5496
4083
-5669
-71
3255
-4294
1682
5204
-6126
-2004
5957
-656
-2689
19
-875
5484
-1443
-7353
4300
5693
-4733
-3839
3268
2669
637
-4770
-717
3495
1570
-2486
-2035
2054
2611
-2178
-4151
2554
7949
-7174
-5351
7655
-1110
755
34
-4671
1802
5343
-5397
-1714
8451
-4791
-5772
6630
147
-2043
1931
-1646
-2053
1438
2772
1274
-4392
-2891
6162
-2611
-207
5934
-7900
-598
6990
-5138
-1757
7915
-2121
-6809
736
4748
3027
-1809
-5396
-2549
7207
3894
-8287
-52
6972
-4472
-4383
5167
2505
-1280
-2984
-2045
2231
4411
-2358
-1040
-1157
-1856
3912
2369
-2752
-2210
987
-545
1556
2082
-1476
-3259
877
4386
-3910
-1858
7637
-2360
-8941
4179
7714
-4459
-2650
2273
-3259
1256
6265
-4576
-2683
3424
-1759
254
1424
311
388
-4287
1164
3990
-1726
-1290
55
1062
-1539
-1075
5619
256
-9386
2954
6401
-3842
-1518
3799
-2404
-2271
3461
-781
-779
2718
-3136
-1676
3605
514
-1835
204
365
-2842
656
6457
-2572
-6641
3871
2833
-2698
125
601
-676
2439
-2663
497
1672
-1756
342
-2264
2753
3422
-4882
-911
3806
-2908
-54
4728
-2372
-5463
2972
5932
-4011
-2796
1215
1214
599
-1636
1337
-44
788
-2366
-2408
5378
1339
-3821
-1964
2086
1378
198
-560
-1739
1450
-265
-363
1789
663
-3116
-382
2446
-943
109
547
-732
1074
-1089
-1307
2722
749
-3356
-1409
4262
1902
-5168
-1653
5120
-382
-2609
-395
2221
-678
-1149
244
892
424
-2895
1022
3347
-3625
-966
6733
-5974
-3371
6805
-690
707
-1842
-3129
2885
3745
-1970
-3895
2544
2088
-1695
-788
1751
925
-2287
-879
1954
509
-2717
3117
1787
-5610
-1952
6613
2270
-7309
-1572
6351
-590
-3873
1615
829
1039
-2659
-2461
6913
-670
-7456
4313
3862
-4790
-104
4426
-2432
-2911
2652
1595
-1176
-1959
2029
1072
-4174
2259
2767
-2580
-1354
646
1879
340
-2657
-929
2327
1912
-3710
-73
2867
-803
-1567
426
450
420
-414
-713
1289
-950
49
574
237
818
-3960
564
6075
-3364
-3014
3580
-709
-657
262
503
699
-122
-1357
133
1156
618
-678
-1614
1737
1018
-1869
367
344
-212
455
-1766
2680
-1084
-3368
3548
681
-2213
836
-1292
-941
4128
-975
-4908
5043
-215
-4100
3058
1006
-2429
1108
-547
552
1766
-3727
648
3114
-1838
-541
204
984
580
-3468
2326
2045
-2293
-1323
1735
1666
-1847
-132
1937
-3578
510
3834
-2321
-1317
506
1942
-512
-2587
2011
1209
-955
-1688
-72
3239
-1595
-1497
1936
-1841
877
1871
-1734
-445
1202
-595
308
153
-558
1134
-1965
1794
1351
-4015
188
6085
-4356
-3972
7072
-582
-3530
-49
421
1338
397
-1765
-339
1143
-557
-228
990
74
-2397
1892
219
-1097
858
-713
718
87
-1180
395
546
-492
1197
-311
-1416
1050
682
-1039
616
645
-802
-1841
2005
2483
-2592
-1401
1095
1521
-905
-946
718
-235
1170
-1613
-1472
2404
1616
-2117
-1651
558
1082
2080
-956
-3460
1074
1988
-376
-61
120
-709
880
-183
-2049
2008
1090
-1415
720
-998
-383
1733
65
-1537
-291
1643
-590
-167
611
-1606
-101
2767
-1945
-1084
1183
-581
481
28
745
-1710
124
450
-23
808
514
-1232
-436
1853
-36
-1491
603
4
359
2030
-3641
919
2038
-2185
-1025
2688
-799
-3008
3692
1287
-3606
-700
2181
-691
470
540
-1150
-333
3480
-2096
-2628
6093
-2382
-6203
6484
3438
-6676
1638
-1554
-630
3701
-2516
-977
2217
263
-1818
-268
1573
133
-2591
-18
4109
591
-4542
-951
4725
535
-4126
2421
929
-3075
4124
-38
-4679
2050
1153
-2793
2632
1199
-3526
1570
-591
-1386
1041
463
327
840
-2593
293
2509
-1951
1211
1761
-2929
-477
2382
589
-160
-1721
-243
-553
-1147
3053
773
-1475
-2052
-1406
3273
2315
-2028
-1568
980
651
594
824
872
-1956
-2067
3266
1875
-2987
22
374
-1887
2517
744
-2986
172
-325
-1661
3745
-1776
-1379
2779
-4328
520
5026
-1818
-2557
1724
-52
137
1934
665
-1276
-813
-25
982
-131
-562
258
-524
680
-818
-1082
1412
-1639
-897
2671
-1078
-1882
1069
2103
-628
-1768
450
-122
-397
3031
815
-2910
-649
1757
-79
-348
2219
-1357
-1570
1521
235
2028
-515
-5198
843
3391
-429
578
-758
-3678
409
3859
-453
-2010
521
-942
190
2092
356
-435
-574
-2007
-335
4109
1106
-2576
-1485
533
1243
249
-63
-1082
-1030
-317
1478
258
-1046
-58
-422
-1050
-160
1516
-336
-1036
1622
1172
-1334
-172
784
397
-803
382
1705
-387
-1021
463
801
-720
-1076
-379
1199
570
-844
-611
453
240
-895
-107
941
404
-672
-290
659
564
-912
-136
507
156
106
766
225
-1398
-98
2112
853
-1112
800
880
-720
495
719
70
1263
86
-1207
857
1376
-917
-733
-23
39
723
-157
-154
-143
-757
-433
40
-715
384
-104
-1454
230
-463
-1092
-319
-1228
-670
653
-286
-444
-1017
-1185
-273
-891
-57
-269
-926
-626
-24
-513
-880
-986
-692
-7
-729
71
720
-1419
-1743
666
-526
-934
-19
-398
362
600
-558
-1407
-75
306
-874
-175
659
-73
-597
-194
-433
-463
-124
-265
399
1634
925
193
1042
1257
3717
5803
5497
4564
3886
5042
5982
5881
6089
5988
5769
6114
5843
4613
3511
2091
1336
1703
1626
968
-337
-1861
-3491
-4004
-4061
-4790
-5301
-5948
-6594
-6641
-7025
-7748
-7969
-7840
-7231
-6434
-6211
-5957
-5868
-5874
-4986
-3867
-3270
-2735
-1910
-1332
-1167
-793
-602
-173
463
66
7
-899
18
1849
613
286
443
-143
-1492
-1414
560
1292
411
-1265
-1676
-936
-322
-800
-621
-401
-339
685
1669
592
3965
11587
13466
10968
5300
6324
12128
14801
14186
13880
15456
14812
12596
10589
10542
9962
7473
6095
6000
7487
5050
-670
-4872
-6622
-5584
-6883
-8219
-8277
-8952
-11889
-15103
-15054
-14250
-14537
-15115
-13409
-11089
-10701
-11044
-11879
-10950
-9171
-7044
-4586
-2444
-127
406
-71
351
2202
6137
8718
12917
12918
7647
3936
4259
7876
6979
6349
5999
3413
-1369
-2109
-1438
-4736
-6535
-5083
-2158
-3407
-5834
-5562
-7717
-10079
-9330
-5085
-3562
-4992
-4941
-4729
-5140
-4803
-1523
249
-111
677
2816
3010
1634
2961
3808
2879
2821
4408
4603
3311
3033
3665
3519
13806
22516
16820
4260
-2574
9644
17696
14868
12439
14704
15307
9346
4725
5605
8537
6030
2716
2980
5420
6518
-1509
-9633
-11907
-8078
-5192
-7931
-6706
-5405
-10000
-17705
-18554
-12465
-9637
-10944
-11209
-8004
-7495
-9547
-11140
-10675
-7132
-5085
-2868
-364
1787
2160
-1206
-2930
-830
3998
6484
12401
21556
14744
897
-6389
-152
5948
5871
9802
8400
-2831
-11889
-7689
-4555
-8309
-7886
-783
-550
-8424
-7167
-4723
-10643
-14429
-7934
-172
-2718
-3864
-1940
-5682
-10195
-5604
2055
2872
2441
4621
3933
-1330
-1466
3508
4321
3260
4831
7444
5519
6565
20844
23964
12183
1
3754
18205
20969
18753
16827
15647
10985
5644
5815
9949
13018
9251
2995
-383
3117
3383
-5885
-10738
-8521
-4822
-8683
-10705
-6441
-8099
-16119
-21214
-16461
-10427
-8886
-9553
-10072
-10364
-11852
-11585
-10230
-6344
-2033
-1219
-2182
-2526
1205
1654
-1255
-995
3800
7177
7996
12244
15797
9782
-661
-1831
3526
7130
7713
7811
3126
-6910
-10908
-6842
-4478
-5229
-3816
-2118
-6465
-11048
-8835
-6020
-7881
-8185
-4206
-2621
-5214
-6705
-5833
-6458
-5958
-1433
2013
1943
874
747
-346
-1598
255
3821
4376
3907
4100
3840
1774
7538
22017
22908
11884
580
5893
17269
18361
17252
18026
18452
11680
4675
5639
11934
14257
8913
2946
1670
4560
1564
-5404
-7107
-5552
-5664
-10850
-9821
-5155
-7661
-15898
-20369
-15678
-11096
-10051
-9954
-8983
-9706
-12936
-14004
-10975
-4666
-1211
-1821
-3314
-2307
10
-754
-855
2339
6009
8142
11003
12780
8480
2154
1697
5221
7124
7011
8081
4450
-4138
-8547
-5906
-3905
-4876
-2903
-1669
-6113
-11125
-9688
-7145
-7768
-7141
-4178
-3745
-6570
-7481
-6933
-7556
-5928
-1294
1567
547
-124
62
-831
-1765
844
4693
4392
3215
3676
3901
2337
2659
15132
24376
19599
7867
1018
9204
15945
18024
18318
19543
18068
8636
1369
4255
13037
14475
8114
3042
3452
2189
-4656
-7129
-4768
-2811
-7023
-10816
-8045
-7153
-10762
-17144
-17914
-13619
-10432
-9441
-9395
-8556
-10246
-14010
-15225
-9779
-2218
383
-1790
-3267
-2273
-3222
-4140
-358
5281
8369
5413
8480
14005
8205
2646
448
6368
6741
5104
8669
5867
-3089
-9606
-6242
-3422
-3856
-1941
1261
-4546
-12098
-9953
-6032
-5306
-5705
-1784
-1973
-8116
-9035
-7143
-5523
-5036
-822
2609
-46
-2274
-906
-372
-1537
1094
4364
4631
1647
2380
3597
1377
704
8865
21524
20954
12105
1971
2735
9963
15082
18564
19887
20643
12588
1285
-1477
7618
16221
13841
7737
4696
2414
-4562
-8142
-3853
770
-960
-7282
-9036
-8956
-10386
-13694
-15121
-12568
-10317
-9795
-11221
-10539
-9199
-11419
-14834
-13459
-6339
-1403
-1595
-3142
-2853
-4183
-6591
-3703
3698
9086
8089
4627
4651
8258
7522
6355
5855
6548
5817
3364
4610
3511
-149
-3908
-4406
-3365
-3258
-1900
-956
-3920
-8439
-8829
-6244
-4626
-3824
-2525
-3725
-8416
-10069
-7928
-4525
-2198
-108
898
-1892
-3866
-2668
-224
1387
2962
3899
3230
955
1041
1833
1960
2502
9239
19800
19010
10741
482
1720
8754
13845
17843
19856
20349
11138
81
-2157
6729
15706
15721
10767
6023
1579
-5557
-8075
-2902
3880
3191
-4199
-8684
-10197
-10565
-12812
-12116
-8578
-7523
-9671
-12884
-12061
-10290
-10841
-12858
-11869
-7348
-4414
-4771
-5711
-4563
-4796
-6079
-5554
-412
4507
6427
6118
7169
6942
2240
1764
3421
8812
9150
8283
6133
643
-3341
-4294
0
1886
1996
947
-1574
-6013
-8007
-5497
-2557
-1786
-2775
-3031
-5847
-8433
-8061
-6148
-4251
-3630
-1410
-1025
-2071
-2616
-2024
-663
-78
1949
4059
4267
3267
2154
1294
641
1736
3931
7267
15339
17707
12937
1737
-1935
5495
11345
15637
17219
19976
13283
1110
-4115
2024
12069
15609
13532
8099
2283
-4680
-8150
-5522
2147
6410
1156
-6477
-11007
-10498
-11719
-11638
-7369
-4170
-6523
-12953
-13955
-11359
-10104
-10880
-10283
-7638
-6431
-7181
-7592
-6155
-4972
-5009
-6481
-4723
-292
4740
6401
3751
1724
406
2054
4127
7533
9435
8259
4272
283
-705
892
3453
4426
3955
1401
-1157
-3012
-2861
-1488
-122
122
-1756
-3447
-4452
-4461
-4782
-4863
-3922
-2974
-2492
-2398
-1669
-1090
-1180
-1323
-230
1545
2778
3296
3077
2790
2199
2139
2179
2809
3425
3352
2151
2725
8900
10865
8589
1660
256
3893
6079
8476
10036
13325
9069
1757
-1973
1671
7970
10289
8689
5859
2976
-1614
-4416
-3512
2404
4753
1185
-4180
-6516
-5743
-7440
-7250
-5334
-3446
-5882
-9928
-10077
-7927
-6825
-8254
-8933
-8091
-7301
-7961
-7499
-5621
-3673
-4605
-6192
-4655
-1684
441
-72
759
1812
2089
1565
2157
4138
4479
4050
3347
3243
2666
2349
2498
2691
2234
1868
1381
386
-250
-470
-381
-1293
-1630
-1690
-1960
-2341
-2583
-2225
-2204
-2177
-1829
-1178
-672
158
868
965
812
1218
1881
2108
2437
3003
3149
2843
2715
2669
2589
2406
2266
2151
1597
1166
604
2805
5608
5789
3373
-49
-81
1305
3153
4330
6239
6895
3587
-634
-1515
1770
4753
5549
4697
3733
1736
-621
-1944
-399
2231
2326
251
-2196
-2402
-2773
-3589
-3949
-3334
-3272
-5076
-6365
-5936
-4822
-5363
-6614
-6905
-6493
-6366
-6157
-5245
-4044
-3828
-4609
-4714
-3216
-1524
-811
-727
-281
-229
-396
199
1463
2643
2281
1762
1331
1313
1369
1763
2302
2249
1799
1297
815
468
644
841
653
34
31
53
-95
-421
-465
-321
-439
-235
17
207
417
496
472
592
907
1506
1662
1679
1896
1935
1804
1793
2399
3051
2918
2488
2285
2149
1830
1650
1967
1924
1535
717
309
643
1338
1945
1410
656
-191
-339
-183
510
1565
1954
1238
71
-450
-312
224
791
1321
1030
253
-575
-779
-553
-381
-326
-660
-1020
-1454
-1666
-1737
-1799
-1904
-2124
-2518
-2793
-2661
-2375
-2176
-2164
-2271
-2572
-2721
-2508
-1940
-1376
-1093
-1300
-1556
-1650
-1567
-1324
-1117
-578
-306
-419
-571
-554
-530
-511
-243
77
146
32
14
-43
-70
-56
-29
-19
42
274
418
329
176
165
190
296
498
777
946
987
879
801
935
1332
1731
1864
1875
1924
1860
1753
1742
1928
2123
1976
1677
1349
1350
1516
1503
1277
1087
888
655
283
115
262
327
92
-271
-343
-289
-475
-770
-730
-709
-773
-877
-810
-680
-765
-799
-830
-817
-592
-229
-82
-180
-357
-303
-286
-174
171
563
727
646
545
374
281
370
667
890
917
849
650
280
-25
-211
-90
108
228
127
-224
-602
-875
-1054
-999
-857
-863
-1027
-1278
-1327
-1477
-1687
-1841
-1719
-1500
-1404
-1412
-1460
-1554
-1739
-1779
-1499
-1093
-748
-587
-676
-788
-885
-726
-310
220
700
733
465
278
337
554
771
1016
1161
1110
935
879
1001
1085
1103
1039
1075
1057
936
855
770
629
433
347
516
725
774
592
224
95
77
103
150
378
621
398
21
-138
15
146
184
354
517
491
303
90
124
382
616
645
481
418
405
323
266
434
706
689
381
208
260
342
172
34
102
139
111
-33
-18
-32
-245
-555
-779
-765
-632
-548
-523
-601
-797
-1064
-1231
-1066
-763
-626
-692
-727
-739
-813
-819
-598
-311
-211
-249
-174
-7
99
117
25
68
91
169
191
188
179
-81
-325
-441
-249
-69
-59
-114
-188
-342
-530
-623
-458
-242
-293
-450
-613
-567
-484
-424
-358
-421
-461
-393
-235
-121
-48
39
53
-43
22
266
358
338
336
381
342
323
464
563
507
464
483
484
525
593
683
591
538
657
751
784
760
748
702
654
767
946
1006
925
825
804
823
852
856
841
682
425
230
170
268
275
200
53
-184
-363
-482
-424
-340
-375
-506
-643
-689
-693
-675
-671
-600
-486
-333
-341
-498
-543
-490
-347
-286
-216
-241
-411
-505
-510
-427
-362
-271
-205
-326
-536
-695
-698
-508
-378
-408
-637
-792
-784
-764
-699
-577
-407
-487
-730
-878
-768
-562
-406
-295
-175
-114
-200
-294
-251
23
219
251
185
268
416
435
370
370
511
610
641
581
602
614
628
623
713
882
921
882
777
785
780
766
871
1065
1189
1092
876
738
694
661
679
721
785
669
389
121
6
36
21
-31
-116
-216
-387
-550
-618
-576
-499
-480
-510
-564
-555
-509
-434
-362
-305
-248
-222
-203
-212
-231
-233
-230
-192
-107
29
98
14
-167
-309
-346
-305
-207
-143
-190
-380
-582
-722
-797
-838
-804
-666
-607
-719
-922
-996
-909
-814
-722
-609
-488
-443
-408
-336
-219
-89
38
159
255
390
453
420
359
419
539
543
475
472
530
520
466
496
576
562
464
439
498
470
360
324
454
590
654
672
638
542
449
486
584
688
759
751
586
354
281
339
368
318
309
282
131
-42
-129
-158
-208
-212
-175
-158
-206
-279
-383
-490
-499
-402
-282
-241
-246
-329
-462
-514
-388
-165
-43
-23
-40
-58
-128
-187
-105
27
74
-30
-161
-254
-343
-398
-408
-424
-508
-590
-637
-696
-784
-834
-795
-740
-727
-743
-733
-653
-564
-506
-471
-380
-237
-114
-33
31
124
204
293
389
458
475
467
472
498
582
672
689
604
536
514
463
423
470
536
497
418
407
416
387
382
417
415
386
407
432
398
381
435
437
328
249
271
298
265
244
237
159
11
-70
-41
4
0
-81
-201
-320
-392
-407
-378
-325
-294
-361
-458
-448
-349
-289
-288
-240
-148
-110
-126
-94
-9
36
6
7
87
158
124
38
-8
3
4
-26
-59
-91
-172
-305
-415
-467
-479
-490
-521
-581
-643
-693
-741
-785
-760
-639
-518
-493
-497
-447
-401
-390
-333
-161
39
140
160
186
221
254
310
425
577
668
627
526
512
606
682
687
712
753
707
575
508
584
652
593
487
445
445
413
333
278
254
203
95
20
65
128
50
-98
-174
-167
-165
-180
-148
-107
-152
-267
-342
-317
-222
-123
-70
-72
-119
-188
-234
-211
-106
13
60
24
-57
-112
-116
-87
-51
-25
-22
-42
-79
-83
-53
-67
-147
-220
-205
-152
-150
-172
-177
-208
-307
-406
-376
-264
-219
-273
-331
-356
-398
-444
-424
-310
-214
-223
-290
-340
-345
-331
-265
-144
-33
-12
-50
-58
-17
42
107
191
272
328
358
378
415
469
513
533
548
583
613
641
635
586
518
467
463
477
458
402
330
243
152
77
57
66
47
-19
-108
-181
-215
-212
-195
-185
-198
-218
-228
-217
-195
-178
-169
-152
-131
-110
-83
-59
-46
-47
-50
-60
-65
-27
41
85
67
27
28
46
39
32
51
77
75
36
9
16
20
-24
-101
-167
-200
-204
-191
-171
-177
-217
-294
-367
-411
-428
-415
-380
-356
-362
-406
-435
-431
-417
-403
-377
-326
-252
-178
-115
-99
-127
-133
-61
80
217
307
347
349
329
328
396
522
622
640
595
531
482
431
405
415
425
408
372
339
312
249
159
109
105
111
102
78
67
37
-42
-100
-81
-14
41
41
-17
-84
-149
-161
-121
-86
-54
-74
-145
-181
-165
-118
-70
-60
-59
-30
-26
-11
-36
-69
-29
30
71
88
21
7
17
9
-17
-117
-193
-190
-142
-135
-152
-180
-155
-195
-247
-250
-232
-202
-247
-280
-286
-360
-318
-322
-218
-165
-256
-449
-356
-372
-312
-251
135
1158
609
-248
-1050
-724
-313
-118
-300
305
823
888
627
78
74
86
34
-84
242
575
781
650
317
247
169
83
42
54
253
365
292
249
203
232
103
-27
-34
23
155
126
179
216
188
155
70
-15
34
-8
39
46
21
91
-53
-126
-147
-114
-99
-91
-139
-170
-200
-260
-85
-27
-12
-42
-123
-102
-64
-141
-118
-121
-90
68
11
-55
-100
130
376
122
-8
-35
38
-43
-234
-288
-214
-158
-163
-199
-200
77
-92
-540
-828
-789
-460
-407
-305
-195
-123
-204
-336
-516
-513
-327
-180
0
124
228
190
86
65
53
60
125
303
417
440
439
351
283
206
269
244
276
314
414
434
328
251
167
160
201
212
198
260
365
332
243
113
139
123
164
218
234
233
137
126
-33
25
10
140
162
254
148
12
129
378
476
247
-116
-296
-364
-386
-390
-203
-186
-120
-318
-565
-672
-683
-519
-570
-285
-82
29
-141
-219
-314
-324
-287
-169
-93
38
114
225
305
137
-32
-100
-308
-262
66
73
144
-94
-64
-121
-466
-839
-546
47
-81
-443
-321
-63
-83
-246
-519
-179
65
245
-86
-238
37
403
98
-409
675
498
-235
596
924
-260
203
1150
2
400
702
-486
171
1428
-322
-743
1318
657
-112
82
-242
-154
182
289
299
-115
709
28
-592
1196
-35
-916
501
875
-91
261
450
223
-213
-545
454
877
245
-1184
143
1112
-712
-942
-959
637
1794
16
-1246
-544
385
-373
-1759
300
1516
-1055
-552
903
-529
-824
168
-375
-686
-934
-1213
892
1001
-1525
-435
1017
-576
-2007
-604
911
-777
-414
771
953
-859
-1146
-176
978
-449
-1670
1178
1108
-1073
55
1130
-835
-334
414
305
-1041
1085
1166
-296
-138
-570
-1121
1432
1519
-2315
1148
3878
-1221
-2841
1172
1488
-2001
-789
1680
1737
2694
-1203
-2955
1003
789
-538
-1135
1038
2329
1247
-947
-2841
-409
2742
55
-1669
1455
2058
52
771
-2749
-1727
2828
579
-493
791
2737
21
-3846
-793
2298
48
-1825
2276
2406
-2375
-2949
1932
876
-1475
-630
359
1098
-524
-1221
-406
157
-803
-686
-1646
3424
499
-4641
-353
2824
-309
-2995
857
1617
1091
-2003
-1013
1843
-1128
-2650
1860
540
-1552
-274
3221
486
-4985
-641
1607
-369
282
675
1154
166
-1972
-1763
231
16
765
929
2409
-648
-3258
86
1044
227
-765
2065
3887
-2067
-5228
821
3485
-1404
2537
885
-1791
1672
-1272
-2289
1914
2461
-2861
2916
2733
-1407
-1190
-863
-296
3180
1948
-2126
286
1236
-279
-1191
1243
-271
-1837
1869
3309
-1277
-1995
1377
-1114
-2701
2632
2553
-2092
-142
-69
-1127
-178
-1446
-1992
1140
4777
-1991
-4482
-667
2221
518
-2408
-1931
1556
2910
-1287
-4642
570
3678
-3265
-1898
1815
1458
-1124
-602
555
-2254
518
186
-509
2707
-1377
-583
-804
823
2998
-3732
333
3064
-388
-332
-562
-60
1528
1554
-2019
207
623
1368
-1396
-1540
3726
372
-2163
2829
22
-1935
949
-2378
1309
3682
-1871
-1322
2331
-311
-3397
1148
2423
-1594
87
773
-653
1386
529
-3307
-505
2029
-1419
839
1160
29
-2536
274
2163
-3032
803
2324
-1967
1077
1771
-4090
-117
2270
-143
-1171
2266
364
-2487
1978
351
-2513
21
1109
576
1548
-1737
-895
647
-300
-833
1540
1270
-1864
453
2378
-1816
-3730
1112
3229
660
-3696
935
2549
-1212
-725
-1933
278
2377
-1125
-197
1483
-1790
-1150
1325
-1021
-250
2275
-1425
-2221
1926
1002
-1006
-1835
744
1370
-439
-367
-1618
715
2005
-2195
-2485
2757
2278
-2262
-2568
3111
-1367
-1383
983
701
208
-1346
1224
461
-1627
412
226
-92
1820
-315
-1223
214
1508
176
-2030
990
2095
-1873
1860
80
-1209
310
834
1079
-1257
76
1784
293
-1722
131
2122
-664
-1037
1344
1673
-1328
-1407
2135
130
-982
164
348
1688
-1708
-355
1758
-1227
-1891
1673
1845
-944
-1810
28
1148
-1169
-675
1484
-107
-1517
180
1407
6
-2641
72
1552
-455
-1641
1101
1096
21
-3266
-1164
3639
-361
-2291
44
1845
-189
-1867
-706
977
766
-1761
127
1687
-1459
-1382
542
472
-1567
-38
1096
632
-1097
-2047
1651
1754
-2387
-829
2323
-282
-2259
541
1952
144
-438
-1515
343
2191
-416
-191
329
196
1847
-831
-1618
1797
1840
-1442
-147
1393
863
-1196
-94
1771
747
-2094
-1370
4466
1912
-4893
-503
4448
-663
-3897
2100
2362
-1998
151
836
-260
-634
123
-525
1174
-136
-2149
1706
2405
-1937
-4504
2643
3533
-3413
-1040
1555
-316
333
-1538
-381
982
-271
184
-209
-1667
902
1962
-2849
-782
2684
-199
-1405
475
217
-61
-1071
1012
-19
-1722
1023
1581
-1709
-1883
2955
1001
-4164
1189
3201
-3033
-849
1878
-719
-1803
1620
775
-1147
-767
1411
-1442
-1385
1958
853
-2241
-188
2883
-1517
-1631
1048
7
-8
1244
-18
-876
-440
877
1235
-1138
8
1131
-1092
1812
778
-3002
1199
2125
-1354
695
693
-1933
1556
2044
-1633
-1394
1041
2140
-1420
-1584
2655
411
-3135
1212
1802
-1844
40
904
511
4
-1478
-255
1263
69
-661
1396
-495
-2078
2167
1783
-2341
-1297
1891
676
-703
-63
-756
437
880
-107
-505
-1609
-170
3981
-344
-5374
580
5033
-1798
-4713
3040
2315
-3029
-2490
2622
1102
-1780
-2760
2308
3388
-5108
-2149
3325
1952
-3381
-2419
3020
1937
-2575
-1743
877
1659
-375
-1829
1056
675
-691
47
609
107
-845
-626
2046
198
-754
-11
118
1675
-921
-1759
1816
1873
-1117
-1321
967
1375
-1249
610
1493
-1128
-444
1288
1585
-746
-1685
527
2601
669
-1982
-997
1144
2186
-77
-3061
507
2262
-1480
-482
1435
-1460
-1848
2625
958
-2738
-2452
2735
3964
-3652
-3530
2031
3433
-1293
-3177
2052
1189
-1534
-292
2315
-1234
-3009
2429
3044
-2644
-3207
1755
2081
428
-2374
-2133
1550
2315
-149
-3428
-314
1788
1377
-579
-2722
219
2527
-899
-1393
746
-505
-253
2265
662
-4252
34
3620
280
-1822
-1380
1652
1776
-1239
-1059
652
245
1313
-901
13
1948
-2124
-1232
2909
521
-3565
234
2826
-16
-796
-1560
-170
2348
-699
-2504
1280
957
-511
-28
-677
342
455
126
332
602
-1734
-255
2371
-673
-1707
1880
140
-1063
562
320
-12
-659
110
1153
-1274
-941
1167
1468
-1320
-1512
1951
244
-1219
1295
338
-1752
838
1082
-569
-1327
1254
385
1
430
-1115
-387
768
1293
-653
-1098
-624
1179
1735
-2748
-1717
2978
488
-1746
-717
1343
-309
-857
-52
114
851
-1038
-168
102
289
670
-1318
-1499
1998
1145
-1081
-1620
725
840
-636
379
714
-1562
670
1132
-996
282
-788
-6
869
553
-1183
360
747
-227
686
-393
-1237
793
753
-26
-873
134
1076
-645
468
-301
-626
627
458
-1692
1204
1251
-1653
-686
733
810
-313
-1923
1127
1115
-1173
-54
-314
1696
-780
-982
1166
195
-1471
1190
1838
-3010
754
1766
-727
-182
571
-553
-157
1012
140
460
-1218
-206
1037
-439
152
431
-39
-1522
596
1654
-1912
-1066
1335
489
-858
-1879
2069
572
-2582
-278
1904
-127
-2140
95
1992
-593
-1545
369
1044
-778
-1070
2001
-410
-385
-76
545
605
-1161
755
559
-985
529
1139
-1238
-1019
2503
-285
-1877
951
1450
-354
-2081
923
1066
286
-1638
-41
913
784
160
-2389
794
1741
-845
-1567
1268
1102
-666
-1330
116
2336
-1164
-1947
512
1858
483
-1980
-961
2171
472
-1380
-403
791
1476
-1737
-723
978
1683
-703
-2488
1108
2865
-650
-3139
1915
2089
-1573
-1659
576
1969
-346
-1350
-960
1602
349
-644
-933
-50
1455
-256
-1473
-264
1891
-695
-2482
286
2380
-898
-1883
475
534
840
-934
-1580
1251
1022
-1673
-653
1657
0
-1181
-55
993
181
372
-872
-314
1869
-175
-1124
116
2216
-185
-1502
-244
2422
478
-1179
-684
1127
1203
-1086
-1016
881
2468
-2466
-1456
2064
940
-1704
-154
271
1096
-694
-1865
606
1256
-466
-1249
-248
1007
826
-1793
-346
1683
-528
-589
-325
564
375
-884
30
740
639
-1600
285
1087
705
-1338
-1278
1755
1169
-1409
-1302
1329
805
-113
-1803
661
2079
-1136
-2299
1801
1419
-1461
-1627
1175
1880
-2570
-212
1450
587
-1125
-1633
1001
1607
-730
-1435
12
693
1335
-1597
-1590
2557
228
-1701
-433
1683
-623
-766
171
882
694
-1683
-861
1832
1182
-1915
-660
827
2171
-1143
-2982
1626
3089
-1444
-2452
1745
856
54
-421
-822
348
1156
-297
-685
1268
-483
-863
1231
105
66
-465
-727
1404
1309
-2433
-931
2354
559
-1039
-712
214
1361
-483
-1036
1749
-1007
-1465
1599
1223
-1951
-196
1057
335
195
-1491
-548
1943
-105
-1121
853
-154
-1152
917
1281
-2563
-458
3004
-734
-2446
1464
1029
-2066
-1117
2514
462
-3113
-351
2724
305
-2820
-134
1134
-562
-420
786
-493
-798
481
49
361
-534
-887
1014
630
-223
-517
-1292
1665
1511
-1876
305
302
-16
367
129
188
-542
312
136
-28
1412
-573
-1432
814
1152
-643
-643
130
460
814
-864
-81
913
-245
-155
234
-651
273
1385
-702
-373
491
379
-791
737
726
-1622
558
269
-133
624
4
-744
-440
575
351
-225
-292
-945
225
1340
-738
-693
616
-318
117
504
-7
-764
-565
888
1053
-543
-1321
383
739
-742
-253
896
-621
-847
102
1641
-964
-1513
1431
-271
-159
-464
-609
674
727
-1557
-616
2154
-821
-1012
886
42
540
-925
-145
454
1112
-637
-545
725
-311
763
-235
-785
453
733
329
355
-1585
55
1299
-89
50
-238
-1253
1196
1495
-1713
-1035
1312
324
-748
-76
-89
799
84
-2155
756
1589
-719
-1101
-475
2068
109
-2128
242
924
169
-386
-41
363
-474
-96
-136
499
576
-773
-531
895
362
-437
-12
-879
793
1651
-1479
-647
1407
-599
-368
709
629
-518
-1255
629
1387
-327
-1424
935
509
-617
-545
899
458
-1427
-135
1330
178
-1100
105
328
55
-316
127
-125
-150
986
-826
-394
1305
-836
-1165
1018
1504
-1308
-1108
596
999
-301
-966
541
-15
87
-370
-137
713
4
-1397
-288
1995
228
-1426
-1058
1079
1087
-773
-1078
468
1171
-481
-727
-145
1215
-296
-1178
98
670
1113
-691
-1431
585
1327
-794
-634
376
-11
773
-212
-1024
427
1015
-884
-604
866
622
-477
-1123
449
1363
-317
-1364
595
79
878
-97
-1466
498
1304
-779
-694
1188
-119
-657
-122
-56
1457
21
-2289
1207
1001
-602
-402
580
-70
-729
578
578
251
-1215
62
755
340
357
-1313
-174
1376
391
-936
-467
854
293
-535
122
797
-1028
-234
984
-115
-192
-605
365
503
-1223
681
302
-1045
-143
439
747
-1029
-1419
869
1238
-1088
-1523
1836
334
-2042
165
1036
-461
-292
-81
-319
1478
-601
-1720
1165
707
-1007
156
268
-165
305
-302
-513
1043
-286
-731
356
597
436
-368
-289
-341
672
1262
-421
-1103
132
2030
-294
-1924
1356
1311
-991
-1136
680
1675
-485
-1679
403
1233
763
-2378
-573
2751
-193
-1884
374
900
-40
-421
-1059
903
1302
-1331
-1319
1516
1151
-794
-1730
475
2089
-492
-1648
-178
1252
508
-498
-851
-95
597
6
-267
-291
713
-76
-1455
537
1298
-484
-1527
127
1264
243
-706
-228
3
50
254
-651
143
1061
-398
-823
84
302
698
-755
-916
690
1049
-336
-1192
-45
797
-87
-1590
268
1655
115
-2056
-272
1996
692
-1941
-834
1678
634
-860
-71
-177
705
598
-1483
131
2093
-597
-1538
891
605
801
-644
-1711
2257
879
-1626
-6
1099
545
-1065
-182
1113
1357
-489
-1319
799
1606
302
-1968
216
1132
411
-4
-1581
632
2175
-413
-1806
-59
849
643
-705
-1698
54
2491
-1052
-3361
777
1838
-900
-2369
-496
915
132
-911
-1963
-559
1420
-194
-2006
-945
925
612
-1392
-1470
688
1044
171
-1392
-724
1913
825
-1146
-817
946
1281
343
-878
303
1822
142
-724
16
1468
992
183
-561
97
1644
778
-517
-679
1295
1112
-689
-480
1161
1255
-135
-1556
20
2181
1143
-2098
-1338
2136
1331
-1223
-1058
229
1435
367
-1841
-836
1504
1066
-1809
-1747
1458
1521
-716
-2971
-82
2020
-210
-1507
-1760
632
1137
-445
-1914
-603
1518
756
-2476
-1351
2048
611
-1679
-1991
1694
2333
-723
-2405
-108
2332
670
-1916
-1066
1658
1214
-402
-1349
921
1375
-270
-770
-491
1117
1533
-362
-2362
783
2458
87
-1963
-1064
1776
1194
-995
-1563
613
637
-315
-556
-150
171
655
-424
-1593
831
733
-437
-731
0
284
181
632
-750
-1270
427
1394
0
-1845
-730
1636
1406
-1773
-1924
1060
2293
-745
-2054
808
1620
787
-1787
-1314
2680
1699
-1804
-929
673
1451
649
-609
-1382
458
1535
429
-491
-1197
608
989
45
-749
-568
1110
1202
-517
-1544
412
1409
723
-846
-1303
598
1258
511
-1537
-961
1473
832
-776
-903
-376
1338
350
-1376
-689
-125
901
535
-1381
-901
939
65
-143
-477
-680
221
444
138
-922
-615
404
1679
-615
-2174
463
1519
227
-1183
-1073
888
1303
-679
-419
-379
10
1143
-89
-1643
437
1046
-177
-181
-731
376
442
240
-514
-720
760
523
-132
-450
-390
457
420
121
-382
-674
420
1037
-460
-758
-2
644
539
-471
-966
272
944
-173
-444
-223
303
506
53
-327
-23
-240
269
774
-616
-771
862
757
-440
-870
482
824
-290
-75
-285
138
235
151
-37
-21
292
-477
-107
1077
141
-1328
-103
626
921
-68
-1355
313
1357
-690
-893
414
501
-174
-531
220
413
-222
-447
291
78
148
-331
-375
238
215
3
-605
-340
979
114
-1336
-206
1535
188
-1521
-75
109
519
515
-1032
-361
1185
327
-1118
-146
644
413
-841
-491
1303
276
-887
-313
729
708
68
-1157
-341
1413
275
-1245
50
867
-242
179
-21
-289
610
-130
-908
694
336
-614
131
213
-89
-171
-474
-11
826
-101
-1278
328
919
-497
-588
-26
224
47
-468
1
75
30
-76
100
-346
-36
411
-151
-604
340
569
-373
-264
0
512
133
-379
-182
547
149
-450
-470
645
390
-276
-79
15
615
8
-1076
11
827
212
-459
-430
582
516
-96
-884
160
1134
-533
-798
602
464
187
-854
-425
1424
204
-719
-78
67
451
128
-723
-10
362
321
587
-604
-947
1022
817
-1048
-857
869
912
-712
-871
1107
233
-871
-88
191
575
-209
-1022
346
423
-36
61
-820
-88
728
189
-750
-675
435
580
-174
-728
-253
691
754
-972
-914
1133
676
-1175
-1109
1197
1354
-229
-1577
-288
1904
333
-1579
-688
983
1104
-335
-970
-55
606
863
-544
-1336
221
1268
378
-1336
-727
1656
1066
-1775
-1206
1299
1435
-929
-1660
479
1774
616
-1663
-1019
1110
1146
-750
-1245
236
1417
416
-1424
-54
471
58
513
-978
-1152
1330
1249
-864
-1057
6
1161
449
-1370
-835
919
779
126
-1165
-533
1292
412
-640
-1024
377
1552
-3
-1405
-879
1260
1246
-681
-1299
833
1042
-353
-488
-646
339
1140
-242
-518
242
135
221
-66
-651
-101
628
628
-178
-1128
126
1304
81
-1640
-111
1275
473
-380
-633
-253
580
424
-706
-376
475
615
-237
-445
-181
-83
13
141
94
-473
-81
410
-46
-176
-841
-135
1072
166
-899
-620
620
805
-502
-1115
369
959
-129
-410
-506
-305
1080
333
-1015
-130
663
-189
50
245
-583
-106
498
603
-10
-962
82
1104
224
-706
-752
820
967
-534
-790
342
762
-109
-712
1
784
5
-484
-108
362
-10
-516
132
861
143
-795
-592
595
622
-4
-598
-638
1008
642
-895
-900
483
936
-58
-913
-181
906
173
-736
-614
322
652
-49
-347
82
448
-400
-463
134
-52
220
251
-122
450
44
-977
-127
436
86
-194
132
619
151
-678
-490
35
110
129
42
139
422
233
-245
-654
-353
34
108
581
210
62
382
-368
-520
-258
-398
231
443
422
450
-172
-631
-360
183
-47
-584
468
889
90
-77
-267
-380
-434
-167
344
443
379
72
72
-33
-495
-513
-185
-51
496
1167
90
-605
7
-293
-800
-94
383
108
686
678
-398
-521
-112
-330
-516
-92
691
909
-103
-164
54
-616
-308
7
-304
415
831
75
-174
-322
-424
-117
-102
97
351
440
400
-324
-786
115
-65
-429
277
514
687
17
-650
-58
206
-629
-359
799
603
-135
-347
98
-45
-310
-205
-52
137
347
580
-188
-797
-79
219
-231
-66
85
198
445
280
-237
-400
-321
-52
25
138
104
49
376
144
-161
-202
-263
-347
-168
100
500
145
-108
253
168
-17
-451
-634
10
672
267
-267
170
393
153
-171
-559
-248
377
140
-177
-165
312
563
-399
-309
396
-178
-503
-19
44
-37
103
165
100
180
326
-268
-614
-210
64
-163
-30
552
408
83
259
33
-559
-546
-346
275
473
-1
31
582
459
-330
-789
-320
273
78
-207
26
252
261
328
-70
-595
-200
279
-34
-322
-25
241
180
186
-21
-157
-75
116
-27
-423
-108
320
281
-71
-156
372
284
-496
-464
140
216
37
-235
-124
393
327
94
-377
-442
250
210
-432
-411
260
591
337
-152
-206
-37
-89
-222
-466
-60
686
579
-122
-213
4
33
-90
-380
-333
98
481
362
-49
-178
9
159
-99
-303
-33
95
-63
-30
94
151
187
-100
-121
182
39
-204
-320
-150
253
272
-109
-68
373
244
-268
-410
-135
147
2
-240
120
392
108
-53
-29
-55
-67
-235
-161
116
93
-11
109
176
71
-20
-166
-162
31
-36
-132
21
113
149
46
-25
52
21
-85
-50
-46
-108
-24
64
35
87
182
-13
-27
22
-140
-96
-52
-33
88
136
26
31
45
-51
-65
-106
-64
13
69
3
-44
40
119
122
-96
-203
7
94
-108
-61
36
8
108
161
55
-116
-189
-63
145
7
-183
-64
279
306
-119
-250
-11
111
7
-109
-119
58
134
97
-17
-88
85
63
-95
-109
-35
81
102
-68
-84
86
90
-47
-113
-39
78
75
-135
-116
161
165
-49
-106
34
109
-88
-210
-41
91
110
36
4
92
81
-80
-210
-114
60
49
-4
34
73
85
53
-46
-112
-68
-15
0
2
-48
30
124
19
12
66
-3
-46
-89
-100
39
21
-87
38
128
58
38
1
-75
-98
-65
5
-3
-17
76
132
73
-68
-104
-38
-32
-11
-22
5
144
112
-39
-107
-55
23
-32
-68
-1
85
133
57
-2
-30
-50
7
-62
-116
-11
42
96
83
-1
39
45
-16
-49
-100
-72
3
12
29
39
33
64
69
-6
-61
-40
-27
-48
-71
-21
91
66
-14
51
86
31
-60
-140
-47
66
-14
-72
0
72
87
3
-44
-19
-12
19
-15
-79
-22
28
1
-4
5
23
40
0
-42
-33
0
7
-55
-64
35
55
-14
-28
7
45
17
-27
-11
5
1
-30
-36
-2
14
16
6
2
29
28
-13
-37
-25
-5
-19
-18
5
18
58
58
8
-4
-15
-30
-21
-19
-19
-7
55
107
35
-2
34
-4
-53
-35
-2
-15
-34
39
80
8
8
29
-2
-15
-28
-42
-25
-9
13
39
38
28
4
-17
-13
-21
-32
-9
19
17
30
37
-18
-52
-11
35
13
-47
-25
42
15
-51
-47
17
65
34
-21
0
28
-28
-71
-46
-14
15
42
27
-6
-3
-1
-31
-36
-13
8
15
7
0
2
-3
-21
-7
29
27
-24
-29
21
20
-22
-26
7
26
14
-8
-7
16
16
-20
-15
27
5
-33
1
36
13
-14
3
5
-11
-12
-12
-10
0
7
7
7
-1
7
2
-13
-3
8
5
-1
0
-5
-2
4
-1
-3
9
15
6
-5
2
4
-2
-1
4
7
6
2
-5
-11
-7
6
11
10
2
4
4
-7
-12
3
9
4
2
4
4
-6
-9
-6
4
4
0
-3
-3
-10
-5
-5
-12
-7
4
5
1
-3
-3
2
1
-2
-12
-4
12
-1
-11
-4
11
13
2
-3
4
5
-11
-18
-5
5
-7
-5
14
19
-2
-6
4
10
3
-5
1
10
6
-3
-3
4
10
3
-2
-6
-10
-7
-1
2
0
5
10
4
-4
-5
-7
-5
3
8
0
-8
-1
0
-7
-7
-1
9
10
