SAMPLES:	9777
BITSPERSAMPLE:	16
CHANNELS:	1
SAMPLERATE:	16000
NORMALIZED:	FALSE
4
1
2
0
0
1
-1
-1
-1
2
1
0
0
-1
1
-1
-1
0
-1
2
2
0
2
-1
-1
2
-1
-4
-2
-2
0
1
-1
3
3
8
5
5
3
2
1
2
0
-1
1
0
-2
0
1
2
4
0
4
7
6
5
5
3
3
3
1
4
2
1
4
1
0
0
-1
-3
-3
0
0
-2
-3
-6
-4
-1
-2
-1
-1
0
1
0
-1
-1
-4
-4
-5
0
-2
-5
1
0
-1
-4
-4
-4
-6
-4
0
-1
-3
-3
-1
-4
-2
-1
-2
-2
-5
-4
-4
-2
0
-2
2
3
2
2
0
2
3
1
-1
2
1
2
2
3
3
2
1
-2
4
2
1
2
3
3
4
2
0
-2
0
2
2
4
1
2
5
6
4
1
1
3
3
2
1
4
4
6
5
2
1
3
0
2
1
1
0
1
-1
-4
-6
-5
-3
-3
-1
-3
1
2
1
2
0
-1
0
0
-1
-3
-4
-6
-5
-2
-2
-4
-6
-4
-3
-2
-5
-5
-4
-4
-3
-3
-1
0
-3
-1
-3
-5
-5
-4
-4
-4
-2
-1
-1
0
-1
-1
1
0
1
3
3
3
6
8
9
7
4
1
2
6
6
8
10
3
2
2
3
3
-3
0
-1
-2
1
2
1
1
0
-1
1
0
3
-3
-3
-4
-1
4
0
2
2
4
4
3
2
4
6
4
1
1
-1
0
1
-4
-2
-2
-2
-2
-4
2
-2
-3
-4
-5
-6
-7
-5
-6
-3
-4
-3
-1
0
1
2
2
1
0
3
3
1
0
-2
-2
-1
1
-2
-3
2
-1
-1
2
-3
-1
-1
-2
-1
0
1
-1
2
1
0
0
0
3
2
1
1
-2
-4
-5
-4
-3
-1
-4
-1
2
-1
2
0
0
-1
1
1
2
5
4
2
2
3
2
5
2
3
3
2
0
1
5
2
4
3
-2
-1
1
-1
1
1
2
0
-1
0
1
0
1
0
0
1
-1
1
4
3
1
1
2
0
0
-2
-5
-5
-5
-6
-4
0
2
-1
-1
-2
0
1
-4
1
-1
-1
0
-2
-5
-4
-3
0
-1
0
-1
-2
-1
-1
0
-1
-2
0
-1
-4
-4
-2
-1
0
1
2
0
1
3
2
4
2
0
1
1
0
0
1
1
-1
-3
1
1
0
3
4
1
3
4
1
3
1
1
-3
-1
-2
-4
0
-2
2
-4
-4
1
-1
1
-1
0
2
1
1
1
2
1
1
1
-1
2
3
4
0
1
-2
-1
0
1
-1
1
2
4
1
1
2
2
4
0
1
3
0
3
2
2
2
0
-1
2
-1
-3
1
-3
-1
-2
1
1
2
1
1
-3
-4
-3
-7
-4
-5
-5
-5
-5
-4
-3
-4
-3
-6
-6
-4
-3
-3
-1
-1
0
-1
0
-2
-2
1
-3
0
3
1
1
-2
-5
-4
-3
-2
-1
2
5
5
5
4
8
5
4
6
4
2
2
0
1
1
-1
-1
-1
-3
0
1
2
7
5
9
8
6
8
9
7
4
5
0
2
3
0
3
1
-1
-2
-5
0
4
0
-3
-2
1
-2
-1
-3
-3
-3
-2
-2
-1
0
-2
1
0
-1
-3
-4
-3
-5
-6
-7
-7
-7
-7
-8
-5
-7
-8
-4
-1
-3
0
-2
-1
1
0
1
-1
1
-3
-3
0
0
1
3
1
2
3
5
2
2
1
-3
-1
0
0
3
1
0
-2
-1
4
4
2
5
6
2
2
2
3
2
1
2
1
-1
-3
-3
0
-2
-4
-1
3
2
0
-3
4
5
5
1
-2
3
4
6
3
4
2
1
2
2
-1
-2
2
1
1
2
-3
-2
0
-1
0
2
3
4
3
1
-1
-2
-3
-7
-2
-2
-6
-3
-5
-8
-7
-5
-5
-4
-5
-4
-3
-1
0
-2
-1
-4
-3
0
0
1
2
2
3
1
0
2
4
0
-1
-2
-1
0
2
2
2
2
3
1
0
1
0
-1
0
2
-1
0
-2
0
1
0
-1
1
0
0
0
-2
-3
-2
-1
-4
-4
-4
0
1
3
0
-2
-1
-3
1
1
7
3
2
6
2
1
-2
1
1
-1
4
2
3
0
0
-1
-1
0
0
2
1
3
3
3
5
7
4
5
5
2
1
3
4
2
0
0
1
-3
0
-3
-3
0
-2
-1
-2
-3
1
-1
0
-1
-2
-2
-5
-7
-3
-5
-6
-6
-7
-3
-4
-3
-6
-7
-3
-3
-4
0
2
3
0
1
0
0
0
-1
4
4
4
6
4
3
3
3
2
0
-2
1
3
0
-3
0
0
0
0
-1
1
2
4
3
1
2
2
2
2
1
1
2
3
0
1
1
2
0
-1
2
-1
-1
0
-2
0
0
0
-1
2
-2
-2
-3
-4
-3
-5
-6
-3
-2
-2
-2
-3
2
1
-5
-1
2
-1
0
1
5
8
6
2
0
1
-1
0
-2
0
-2
-1
1
-2
-2
-2
-2
-1
1
2
-1
1
-1
-4
-3
-4
-1
0
0
0
0
0
-1
-1
0
-1
-1
4
1
2
1
-2
-2
-2
2
-1
4
5
2
4
4
2
3
5
6
8
6
5
2
4
3
2
-2
-1
0
-1
-3
-2
-4
-8
-9
-7
-5
-6
-4
-4
-4
-1
0
-2
-2
-1
-2
1
1
-2
1
0
2
2
-3
-1
1
1
1
-1
-1
0
0
-1
1
0
-2
0
-1
-4
-3
-3
0
-2
-4
-2
-1
4
0
3
4
2
0
3
5
4
6
2
1
3
3
4
2
4
8
5
3
2
1
0
-3
-4
-2
-3
-1
-3
-4
-6
-4
-4
-3
2
2
0
-2
-2
1
1
-3
-2
1
2
2
3
6
3
-5
-8
4
8
-5
-19
-13
13
18
-10
-25
0
31
19
-22
-38
4
42
14
-36
-31
24
44
0
-56
-22
45
42
-24
-60
0
58
21
-51
-39
33
52
-11
-43
2
52
18
-39
-14
46
37
-34
-28
48
37
-49
-58
38
73
-35
-96
12
106
-2
-143
-48
132
79
-133
-138
96
175
-38
-189
-27
186
98
-145
-147
78
175
-7
-168
-62
122
116
-62
-155
-21
143
97
-108
-176
44
221
46
-220
-125
201
203
-139
-250
64
279
16
-271
-79
244
124
-208
-162
167
202
-123
-216
94
230
-74
-256
48
287
-9
-310
-39
336
120
-337
-209
315
311
-242
-391
126
430
10
-434
-157
390
275
-311
-361
205
397
-103
-402
4
380
68
-342
-113
304
131
-277
-139
265
156
-251
-178
231
200
-218
-242
171
250
-123
-247
77
224
-54
-197
43
177
-38
-157
44
166
-50
-182
58
208
-55
-240
15
262
34
-271
-91
264
154
-234
-198
189
222
-134
-211
84
176
-52
-136
31
91
-10
-22
31
-22
-48
67
90
-92
-136
96
175
-84
-204
56
206
-37
-207
31
209
-30
-215
33
234
-21
-257
-7
275
51
-261
-78
237
119
-182
-154
103
157
-43
-175
-44
154
106
-147
-181
113
236
-74
-278
21
296
38
-281
-77
260
96
-224
-87
186
58
-162
-30
147
-1
-151
17
169
-5
-186
-20
195
59
-204
-103
208
168
-187
-210
164
259
-110
-270
74
287
-43
-279
29
276
-1
-245
5
213
-10
-185
33
153
-66
-144
100
134
-151
-134
207
158
-255
-175
296
199
-320
-222
311
214
-311
-227
284
195
-271
-183
207
136
-166
-95
123
32
-95
34
92
-77
-93
120
121
-129
-145
117
161
-100
-165
86
143
-97
-138
122
155
-138
-200
125
269
-51
-312
-48
332
169
-282
-276
191
365
-64
-393
-46
379
130
-339
-181
291
201
-268
-221
246
209
-225
-183
197
139
-163
-92
130
40
-113
25
130
-59
-140
84
183
-55
-202
1
195
84
-133
-178
-5
212
159
-225
-334
163
429
-65
-446
-1
424
46
-327
-11
243
-49
-153
144
86
-212
-21
264
-40
-322
73
360
-111
-434
137
512
-160
-624
153
746
-120
-841
34
895
104
-914
-266
834
438
-665
-574
454
646
-238
-606
84
467
-28
-235
81
-48
-215
336
401
-631
-590
811
716
-884
-791
773
775
-536
-713
264
650
-60
-579
15
540
-132
-501
332
421
-510
-324
542
226
-430
-200
204
214
60
-227
-287
214
477
-106
-550
-53
512
290
-303
-521
4
723
343
-849
-680
826
891
-664
-1003
371
1032
-33
-1036
-248
1044
432
-980
-509
866
566
-601
-611
300
671
-20
-648
-138
471
204
-157
-276
-184
352
444
-428
-627
409
758
-397
-851
423
836
-507
-620
593
320
-544
-64
422
-44
-294
34
190
-28
-83
-13
-147
93
414
-301
-721
490
886
-575
-933
432
924
-57
-923
-408
1023
817
-1160
-1047
1250
1084
-1151
-1018
895
893
-609
-816
367
761
-297
-842
352
999
-483
-1143
618
1191
-597
-1038
456
856
-93
-698
-368
779
866
-941
-1215
1071
1376
-976
-1534
697
1748
-411
-2026
262
2108
-279
-1920
379
1440
-515
-897
611
436
-592
-150
513
74
-290
-102
55
218
228
-437
-525
657
829
-862
-1173
911
1428
-835
-1596
614
1533
-232
-1342
-262
1052
806
-785
-1103
480
1131
-100
-771
-275
288
434
209
-334
-437
12
385
242
-141
-305
-81
-18
226
612
-456
-1292
929
1751
-1606
-1725
2260
1274
-2508
-521
2258
-82
-1603
310
925
-48
-537
-416
382
710
-603
-709
1048
377
-1871
-31
2752
13
-3379
-408
3490
924
-3164
-1077
2720
884
-2209
-473
1679
218
-1134
-145
697
179
-488
-241
376
264
-290
-340
78
318
114
-108
-215
-383
221
974
-55
-1350
-67
1421
133
-1130
67
666
-486
-45
971
-522
-1290
754
1322
-577
-1272
127
1161
121
-931
-41
267
-183
691
120
-1450
215
1680
-353
-1468
163
1433
198
-1720
-75
2222
-591
-2382
1401
2023
-1783
-1538
1401
1270
-757
-1395
284
1358
-208
-818
184
-79
26
825
-189
-1173
69
1276
304
-1285
-444
1161
230
-749
272
61
-799
543
1144
-751
-1369
471
1552
-171
-1468
-4
951
176
-199
-451
-324
578
560
-381
-818
71
1239
165
-1774
-134
2150
-78
-2326
556
1905
-950
-1017
1118
-95
-915
756
749
-899
-737
526
1096
-103
-1451
-67
1427
-167
-688
323
-311
-65
827
-274
-536
321
-295
83
921
-515
-1140
836
857
-679
-544
245
494
131
-927
246
1231
-1104
-994
1812
258
-1792
272
1417
-621
-801
887
11
-1105
1104
687
-1921
201
1898
-894
-1352
1054
818
-1094
-480
1420
-67
-1704
721
1857
-1171
-2184
1613
2603
-2351
-2491
2962
1884
-3184
-1169
3081
535
-3016
399
2505
-1169
-1491
1279
339
-854
440
490
-1098
-138
1649
-115
-2304
728
2408
-1440
-2004
2332
860
-2509
346
2000
-1365
-842
1900
-593
-1955
2132
1362
-3194
-358
3489
-756
-2918
1282
2386
-1334
-2196
1253
2458
-1859
-1919
2354
625
-2237
971
1400
-2046
-543
2696
-142
-2995
1032
2301
-1448
-1172
1554
-630
-908
2129
-57
-3192
1508
2960
-2590
-1656
2957
-545
-1788
2354
-246
-3233
2669
2399
-3497
-1666
3625
633
-2643
235
1259
-1771
1669
2237
-4553
-1744
6047
1129
-5968
-1316
5439
1488
-4895
-492
3293
-834
-752
1574
-1769
-1559
3442
1162
-4060
-561
3554
-451
-1530
1140
-1191
-1330
3639
1090
-5291
-539
6262
-708
-6778
3520
5344
-6056
-2387
7200
-1846
-5079
4354
1763
-5076
1704
3719
-3632
-1945
4482
163
-4528
1566
3359
-2459
-1407
2472
-1389
-670
2968
-985
-3868
2696
3412
-3276
-2713
3337
1837
-2446
-1469
1068
1827
223
-2240
-1869
3451
2541
-4439
-2203
5106
309
-3919
1220
1550
-1233
646
-350
-1194
1901
722
-2750
244
2173
-537
-901
287
-855
956
1647
-1955
-1525
1893
1706
-1914
-1912
1877
2579
-2588
-2668
3121
2617
-3651
-2321
4042
1584
-3530
-985
2367
119
684
-1598
-2411
3325
2808
-5161
-1059
5153
-801
-4252
2166
2318
-1712
-704
-165
346
1979
-600
-3604
2169
3071
-3137
-775
2250
-1685
750
2051
-3764
-450
5256
-1637
-5034
3005
3892
-3148
-3050
2764
2539
-2283
-1632
1207
835
111
225
-2265
-475
4487
-593
-5407
2373
4002
-2558
-2365
1616
1605
-1031
-778
834
-855
595
1856
-3423
-83
4608
-2446
-3874
4349
1363
-4180
1020
3126
-3343
-1105
4821
-1635
-4160
3344
2003
-3673
819
1907
-1922
113
1217
-1037
-218
788
147
-3
-1552
579
2022
-1141
-1231
898
-6
203
590
-1572
731
1397
-2243
-347
2951
-1151
-1638
1525
-356
-1327
1717
1927
-3076
-2783
4569
2649
-5422
-1385
4975
175
-3775
-188
3155
389
-1961
-1628
1488
2223
-1109
-2069
1250
764
-1212
609
1211
-1047
-2206
2221
1604
-2065
-1284
1484
1145
-531
-3035
1366
4223
-2756
-3675
2768
2459
-1423
-1438
208
953
174
197
-695
-637
1310
260
-1013
342
-607
650
2035
-2482
-3027
3749
3655
-4286
-3712
4289
2603
-4509
-535
3628
-1128
-2327
1548
1143
-481
-1080
-1378
1667
2992
-2602
-3408
5116
2922
-7196
-2101
7912
1760
-6409
-2251
5882
2576
-5925
-2220
5573
217
-4609
1241
3147
-1172
-1460
-189
-753
1518
1710
-1912
-304
2648
-1335
-2608
3127
2448
-4258
-1639
4802
79
-4509
1427
2652
-3220
-2205
3167
1533
-3203
-1759
2786
916
-3795
-641
5028
667
-6232
-431
6735
482
-5881
50
5280
834
-4010
-816
4484
1526
-4682
-1350
5691
1085
-5919
236
5322
-2188
-4029
2433
1987
-2096
-1130
963
-150
-1490
1020
2010
-2288
-2827
2642
3423
-2598
-3312
2958
3206
-2721
-2436
2270
2039
-1262
-1429
1027
1535
-364
-1709
-546
771
549
788
238
-1929
-811
1446
-366
-916
1543
926
-1968
-807
2346
521
-2546
78
2563
-101
-1562
335
1250
-727
-1648
93
981
857
498
-1757
-1868
1450
1766
-689
-1201
186
860
505
-32
-665
-146
978
-892
-1575
2352
2067
-3056
-1895
2725
1016
-2164
-382
1396
-60
-715
129
330
350
-504
-1566
703
1966
-898
-1557
908
1487
-660
-2107
687
2314
-1403
-1494
2405
827
-2486
-823
1325
548
-502
-348
228
342
-319
-400
314
362
24
-47
452
1054
-109
-1451
-452
857
707
128
-239
-622
-779
-3
415
-152
306
613
-1019
-983
1422
1215
-1355
-1138
1007
928
-94
299
347
-1261
-1809
614
2342
495
-1521
-664
1059
599
-1116
-540
1002
-150
-1200
760
1761
-222
-1544
-758
171
216
51
519
590
-320
-67
935
82
-1067
-546
133
384
925
879
-104
-635
-517
-438
21
605
639
534
-183
-1109
-313
533
-859
-1613
200
1331
90
-620
439
572
-591
-327
812
700
360
173
-629
-500
297
-190
-695
-312
-396
-770
-626
-10
290
-582
-1227
45
964
-614
-1536
-46
33
-1616
-767
1108
123
-1337
-511
493
155
-589
-785
-92
84
-972
-824
410
-620
-2401
-1448
-51
-909
-1546
-486
-200
-1311
-1483
-412
-183
-1001
-1060
-93
276
-503
-1042
-550
-157
-575
-828
-346
-242
-1136
-1737
-1329
-609
2083
9144
16825
17152
9340
3238
5970
11406
11506
9395
10754
12304
9301
5138
4215
3025
-2534
-7792
-6492
-1530
-390
-4408
-9213
-12131
-13661
-13760
-11669
-8934
-8465
-9773
-9142
-5883
-3772
-4500
-5154
-3751
-1503
969
3638
4596
3042
1528
2088
3888
5191
4597
2024
-294
-603
-469
-1686
-3335
-4455
-5431
-5721
-4657
-4200
-6176
-8417
-8322
-6779
-5069
-3215
-2454
-3417
-3733
-2026
-174
619
1046
1417
1942
3060
4077
3990
3209
2730
2386
1917
1928
2089
616
-2110
-3236
-2833
-3506
-3982
-3802
-4219
2688
20710
32235
19103
-3608
-3807
16326
23726
12139
8124
18686
21718
9680
1628
6118
7117
-4713
-15105
-8694
6680
8411
-8314
-23117
-21418
-13545
-13984
-17875
-13801
-6615
-7505
-13354
-12700
-4913
-1739
-8341
-13105
-4249
11323
15729
6206
-1153
1863
5562
3533
3200
9189
12352
5988
-592
1428
4648
-499
-8259
-7519
-1448
-447
-3308
-4094
-6201
-12379
-14272
-7336
-1554
-3491
-5500
-3157
-2032
-3119
-1701
1154
1378
1287
4432
7536
6790
3840
966
-449
1332
4480
4728
2144
-64
-1728
-4077
-4988
-3571
-3141
-4068
-3660
-3068
-4449
-6276
-6663
-6814
-6589
-3658
-1251
637
11078
27962
30688
11512
-4698
4941
24001
24709
13703
13564
21694
18905
4960
-1745
2729
2655
-8040
-14758
-5574
6166
-499
-19847
-28333
-20277
-12037
-13580
-15033
-8587
-3144
-6597
-12062
-9010
-125
2218
-3109
-3297
7837
18607
15088
3042
-1105
3986
6829
4337
4510
8953
7587
-2239
-8779
-5832
-2448
-6384
-10681
-7334
-2731
-4671
-8526
-8410
-7252
-7913
-6053
-203
2564
-433
-2855
-1485
436
1111
2340
4320
4880
4140
3647
3223
2293
724
-470
419
2445
2554
-382
-3948
-5476
-5713
-5677
-4703
-3642
-3511
-3805
-4252
-5004
-5668
-5076
-3603
-2448
-1196
-206
3602
16259
30697
28223
7584
-4766
8661
26642
24060
11981
12173
18919
13374
-784
-4566
1479
63
-11393
-16016
-5021
4389
-5714
-24155
-27937
-16126
-7643
-10047
-10988
-4417
-515
-5290
-9704
-3935
5995
7088
905
1115
11729
19152
11862
-406
-2154
4423
6733
2850
1618
4018
791
-8789
-13755
-9405
-4767
-7704
-11989
-9198
-3473
-2805
-6007
-6921
-4929
-3071
27
5546
8156
4299
-846
-950
2613
4797
5060
4914
3686
1590
665
1188
916
-1041
-2260
-1012
904
559
-2741
-6534
-7935
-6799
-4949
-3602
-3031
-3633
-4865
-4711
-2891
-1574
-1718
-1927
-1045
510
1625
1649
4501
16273
30540
29030
9360
-3633
7636
24373
21887
9173
8393
15658
11502
-2803
-8316
-2460
-1833
-11849
-17097
-7491
2158
-5688
-22141
-25578
-14157
-5229
-6551
-7658
-2051
2241
-1135
-5388
-1384
7269
9446
4478
3233
10618
16276
9885
-1457
-4065
1630
4263
425
-2280
-1077
-3117
-10876
-15616
-11167
-4721
-5014
-7826
-5828
-2670
-4167
-6148
-2932
1283
1565
1990
5280
6186
2459
-368
1034
3206
3676
4044
4350
2869
-61
-2302
-2174
-600
-257
-1641
-2529
-2212
-3257
-6193
-7269
-5560
-4315
-4377
-3995
-2938
-2634
-3109
-2999
-2409
-1673
-438
510
383
395
5409
18993
31616
26746
6206
-5078
7494
24204
22147
10487
8940
13545
8108
-4511
-7799
-2060
-2677
-12115
-15627
-6003
1690
-7421
-23126
-25289
-12998
-3066
-3555
-5072
-1190
1531
-2026
-5326
20
9476
11246
5283
3450
10416
15057
7627
-3490
-4809
1898
4761
566
-3079
-3222
-6074
-13084
-16048
-10562
-4437
-5797
-9842
-7963
-2174
669
583
1433
2518
1862
2352
5646
7311
4573
936
236
1821
3115
3081
1448
-1149
-2547
-1780
26
1011
-153
-2558
-3954
-3597
-3262
-4481
-5615
-5207
-4572
-4323
-3762
-2915
-2592
-2861
-2278
-765
115
135
-40
-127
-300
2325
13675
29082
30636
11871
-6126
-384
18724
23385
12353
6805
11508
10214
-2270
-9758
-4477
-692
-8388
-15856
-9289
2018
-1713
-18025
-25492
-15863
-3334
-958
-3290
-1079
2303
-32
-4713
-2236
7353
12473
7843
2896
6640
12873
9375
-1834
-6951
-1618
4003
2037
-2810
-4343
-5846
-11587
-16151
-12366
-4493
-2910
-7634
-8260
-1774
2218
-859
-2152
3516
7902
5572
3643
5877
5029
-396
-1756
2497
4372
1689
-417
-861
-2258
-3495
-2544
-784
31
-521
-2162
-3362
-3562
-4702
-6524
-5492
-2084
-1309
-3452
-3779
-2171
-2209
-2618
-545
1556
657
-1048
-722
336
2941
12901
27295
29800
12823
-5093
-923
17861
23784
12492
5507
10907
11439
-1422
-10626
-5103
437
-7042
-15791
-9906
1739
-1405
-17486
-24936
-15115
-2612
-772
-3588
-1247
2547
241
-4533
-2061
7165
12165
8226
3338
5580
10816
8724
-654
-6325
-2618
3106
2220
-2862
-5501
-6871
-11329
-15618
-12612
-4431
-1618
-6749
-10120
-5450
841
2223
3207
7381
8073
2611
-38
4357
6910
2625
-752
1205
2759
827
-1368
-2372
-3482
-4016
-2311
621
2296
688
-3756
-6364
-4667
-2978
-3959
-3964
-1704
-1799
-4907
-5242
-2180
-915
-1593
-736
746
-4
-1570
-1191
583
5421
17227
29390
26671
7943
-5239
3661
20198
21154
10444
7932
13216
8287
-6586
-11139
-2052
998
-9470
-15822
-6556
2384
-5963
-21233
-22784
-10665
-1943
-2790
-3162
1482
3035
-2463
-6133
99
10114
12560
7336
4003
7043
9822
5425
-2270
-4512
-375
2639
67
-3846
-5239
-7499
-13304
-17024
-12275
-3399
-639
-5045
-7724
-3848
836
612
-49
4392
9020
7106
2624
2739
4296
1276
-1904
689
4433
2964
-1210
-3031
-3206
-3667
-2871
-368
1412
507
-2638
-5249
-5563
-5075
-5125
-4061
-1142
-249
-3195
-4989
-3067
-1415
-1733
-1093
932
1116
-485
-811
1256
8177
21087
29628
21072
2418
-3296
10289
22288
17724
8560
9303
12210
3428
-9035
-7912
1453
-461
-13078
-15802
-3977
1411
-10533
-22722
-18777
-6789
-2650
-4897
-2577
2961
1976
-4937
-5919
3645
12812
11629
5141
3823
7923
8813
3523
-1567
-1372
1370
1049
-2317
-4150
-4319
-7628
-14137
-15970
-9013
-1509
-2592
-8521
-9034
-3122
921
692
2632
7617
7857
2049
-414
3787
5754
1613
-850
2030
3796
840
-2273
-2643
-2712
-3302
-2335
406
2080
-99
-4713
-7033
-5552
-3765
-3725
-2983
-1388
-2551
-5237
-4645
-1625
-582
-1481
-1176
96
169
-471
295
6275
19041
28951
23090
5925
-1866
8213
19787
18279
11494
11522
13295
5169
-7425
-8549
217
1199
-9620
-15223
-6667
141
-8456
-20810
-20129
-9934
-4734
-5957
-3842
2167
2675
-4283
-7935
-395
10500
12751
7500
4713
7311
8488
4307
-102
226
2748
2088
-1657
-3504
-2744
-4837
-11798
-16668
-12476
-3772
-1122
-5299
-6991
-2750
-30
-2510
-2870
2702
6567
3896
1238
3335
4586
920
-2262
-200
3605
4143
1777
-302
-1074
-1894
-2939
-2097
664
1193
-2461
-6049
-5987
-4765
-5038
-5059
-3799
-3222
-3787
-3690
-2491
-1805
-2483
-3306
-2697
-749
1477
6521
18127
29155
24992
7028
-3059
6816
20904
21504
14878
14395
15574
6590
-7118
-9132
139
3035
-6687
-13940
-8028
-1372
-8254
-20622
-22133
-13498
-7538
-7140
-4627
928
1599
-4996
-9891
-4510
6991
13308
10994
6971
6989
8186
5995
2231
1598
4266
5353
2014
-1892
-2288
-2382
-7659
-15088
-15458
-7847
-1750
-3044
-7073
-7546
-5426
-4461
-3231
1199
6006
5812
1697
197
2469
3304
1229
393
2564
4404
3602
1811
319
-1311
-2630
-2180
329
2375
987
-3252
-6802
-7397
-6218
-4991
-3811
-3333
-4330
-5481
-5108
-3597
-2742
-2960
-2926
-1962
-623
1186
6716
18215
27785
23341
7716
-524
8007
19942
20813
15660
15101
15307
6801
-5286
-6971
926
2977
-6103
-13194
-8728
-2797
-7862
-18233
-20557
-14503
-9985
-9451
-6535
-430
1390
-4255
-9698
-6173
4044
11068
10576
7460
7043
8013
6650
3713
2932
4947
5885
2893
-948
-1289
-305
-3972
-11405
-14107
-8987
-3442
-3150
-4579
-4147
-5016
-8689
-9273
-3423
2827
3452
826
74
1218
1331
292
451
2595
4626
4642
3908
3980
3028
-456
-3227
-1812
1220
1178
-1620
-3986
-5259
-6320
-6783
-5873
-4358
-3858
-4652
-5239
-4486
-3611
-4112
-4662
-3211
662
7964
18737
26116
21251
7992
1689
8347
17215
18956
17857
19326
17712
7304
-3934
-4503
2124
2422
-5581
-9877
-5524
-2813
-9185
-17247
-18151
-15031
-14332
-13632
-7835
-466
290
-5959
-10704
-7906
-624
5103
7758
9114
9409
7776
5304
4130
4799
6077
6266
4685
2715
2187
2043
-824
-6184
-9778
-9293
-7142
-5880
-4887
-3648
-4315
-7778
-10362
-8186
-2893
596
841
442
803
759
65
376
2192
3835
4204
4210
4735
4791
2969
84
-1412
-756
279
120
-941
-2270
-4022
-5918
-6757
-6010
-4690
-4097
-4258
-4363
-4299
-4568
-4905
-4522
-3024
904
9346
19753
23404
15945
5856
4412
10606
15081
15540
17280
19989
16299
5596
-1974
-179
3615
361
-6331
-7080
-2792
-2768
-9108
-14331
-14481
-13980
-15568
-14851
-8673
-1950
-1410
-6237
-9537
-7512
-2862
749
3270
5915
7834
7549
5694
4391
4757
5790
5545
3719
2519
3531
4673
2736
-1873
-5730
-7010
-6621
-5470
-3648
-2265
-3237
-6389
-8829
-8309
-5787
-3647
-2642
-1879
-882
-214
-164
-50
689
1569
2046
2708
4171
5332
4526
2102
30
-729
-803
-766
-569
-488
-1270
-3001
-4586
-4938
-4362
-3943
-3925
-3806
-3625
-3809
-4191
-3759
-649
6525
15013
18007
12752
5950
5518
9846
12042
11616
13464
16882
15121
7246
1540
3236
6172
2655
-4132
-5618
-1958
-1110
-5373
-8830
-8594
-9089
-12759
-14761
-10895
-4797
-2896
-5636
-7965
-6880
-4364
-2896
-1787
432
2815
3473
2668
2439
3750
5247
4885
2607
846
1555
3420
3726
2169
487
-905
-2913
-4781
-4350
-1863
-551
-2186
-4620
-5275
-4670
-4577
-4747
-3949
-2614
-1976
-1778
-878
602
1355
856
236
841
2348
3130
2593
1773
1311
639
-382
-953
-913
-1021
-1458
-1613
-1284
-897
-841
-1150
-1532
-1626
-1479
-1385
-1282
-1088
-1076
-637
2141
7462
11705
11153
7134
4412
4899
6163
6320
6779
8624
9442
6847
3092
2365
4366
4606
1255
-2333
-3018
-2087
-2146
-2881
-2569
-1890
-3142
-6173
-7911
-6574
-4119
-3290
-3999
-4248
-3409
-2643
-2634
-2648
-1990
-1212
-1286
-2028
-2074
-682
999
1248
-3
-1176
-1258
-928
-1029
-1030
-100
975
612
-918
-1566
-615
293
27
-309
267
679
-244
-1588
-1830
-1213
-1002
-1293
-1001
183
1090
776
14
49
596
533
53
236
885
766
-262
-1120
-1255
-1154
-1216
-1148
-586
180
486
284
252
705
1091
1001
843
1015
1172
859
245
-350
-947
-1172
227
3685
7046
7395
4859
2523
2119
2280
1861
2090
3839
5224
4258
2199
1828
3197
3610
1783
-349
-760
-177
-249
-631
-25
906
199
-2102
-3609
-3000
-1773
-1841
-2973
-3692
-3558
-3309
-3317
-3132
-2569
-2283
-2819
-3728
-4111
-3636
-2724
-1998
-1771
-1868
-1870
-1653
-1428
-1194
-674
52
452
307
199
819
1939
2459
1894
1245
1449
1791
1249
420
246
128
-683
-1283
-732
115
94
-462
-610
-252
32
-81
-226
87
547
355
-294
-349
205
296
-249
-426
98
619
777
929
1249
1445
1250
765
379
347
411
157
-321
-711
-1218
-2153
-2798
-1668
1495
4624
5239
3425
1701
1560
1841
1403
1343
2781
4317
4034
2740
2790
4300
4865
3131
729
-133
391
608
208
351
1001
470
-1696
-3518
-3408
-2410
-2418
-3500
-4280
-4124
-3690
-3596
-3539
-3053
-2517
-2674
-3436
-3835
-3219
-2012
-1160
-1069
-1223
-943
-354
-114
-223
1
603
754
163
-213
475
1689
2200
1666
970
932
1191
930
247
-140
-276
-763
-1269
-871
163
521
-92
-514
12
818
1042
864
931
1217
1184
801
638
861
866
274
-402
-514
-230
-110
-191
-126
78
73
-224
-525
-621
-608
-640
-781
-1017
-1297
-1599
-1983
-2271
-1684
434
3247
4722
3995
2587
2246
2596
2322
1779
2437
4015
4509
3412
2707
3696
4737
3691
1222
-251
-158
-99
-760
-869
118
541
-923
-2942
-3432
-2565
-2206
-3033
-3883
-3781
-3172
-2835
-2684
-2216
-1626
-1657
-2487
-3302
-3165
-2079
-959
-601
-851
-975
-690
-418
-418
-324
90
305
-130
-640
-258
911
1702
1436
736
547
935
1310
1357
1189
876
379
-56
-1
487
755
411
-32
131
741
1057
882
648
534
286
-106
-258
-68
24
-368
-1028
-1406
-1319
-1099
-1031
-928
-602
-316
-330
-348
-53
258
152
-212
-406
-414
-518
-817
-1196
-1408
-933
695
2959
4325
3844
2442
1709
1799
1716
1443
2079
3560
4196
3275
2443
3184
4333
3754
1586
-14
-83
181
-140
-245
487
824
-520
-2544
-3228
-2475
-2061
-2862
-3815
-3817
-3197
-2801
-2657
-2325
-1938
-2085
-2798
-3339
-3040
-2008
-942
-486
-658
-883
-723
-394
-272
-162
300
791
694
258
509
1648
2482
2119
1365
1321
1564
1144
491
540
816
303
-561
-606
2
109
-503
-923
-589
-40
-39
-436
-449
-60
-113
-726
-945
-458
-191
-601
-946
-730
-440
-502
-612
-373
105
370
204
-45
58
301
155
-268
-448
-468
-822
-1474
-1980
-1969
-946
1408
4057
5011
3728
1994
1527
1912
1966
2013
3188
4928
5234
3801
2854
3729
4567
3221
777
-149
566
876
192
-73
428
-16
-2238
-4375
-4375
-2946
-2350
-3169
-3977
-3866
-3507
-3544
-3515
-2910
-2212
-2163
-2662
-2872
-2207
-955
-13
44
-417
-565
-154
352
657
1033
1623
1870
1325
680
1094
2341
2819
1876
747
520
581
117
-388
-357
-395
-1114
-1801
-1523
-695
-508
-1193
-1714
-1254
-354
-9
-153
-47
190
-170
-846
-809
-155
15
-547
-975
-801
-457
-332
-277
-97
86
24
-226
-274
0
131
-228
-740
-1006
-1236
-1775
-2285
-1675
953
4738
6938
5703
2745
1354
2130
3017
3273
4390
6590
7421
5391
2814
2777
4481
4352
1588
-552
105
1465
991
-376
-728
-1033
-3256
-6260
-6874
-4537
-2211
-2378
-4147
-5193
-4993
-4693
-4657
-4042
-2678
-1687
-1790
-2193
-1655
-110
1157
967
-215
-684
315
1681
2248
2360
2678
2634
1466
108
330
1973
2756
1561
164
295
757
-326
-2071
-2443
-1819
-1954
-2611
-2205
-982
-811
-2074
-2960
-2118
-476
244
-23
30
619
582
-268
-598
-27
114
-752
-1387
-868
42
300
-45
-334
-320
-348
-697
-978
-710
-354
-764
-1696
-2248
-2472
-2598
-1115
3536
9063
10424
6259
1459
1064
4021
6080
6722
8615
11061
9811
4609
1184
2932
5608
4070
173
-817
1250
1848
-628
-3065
-3661
-4719
-7683
-9558
-7324
-3143
-1766
-4259
-7335
-8224
-7308
-5982
-4434
-2429
-691
-365
-1364
-2080
-1081
1063
2295
1646
621
1239
3193
4254
3463
2245
1747
1131
-80
-81
2243
4259
2817
-764
-2509
-1712
-1190
-2141
-2755
-2158
-1956
-2999
-3656
-2671
-1505
-2006
-3235
-2723
-352
1302
826
-175
-52
434
192
21
800
1306
114
-1699
-1888
-302
964
521
-745
-1353
-1324
-1564
-1959
-1757
-1408
-2037
-3371
-4206
-4017
-1847
4085
12007
14852
8654
158
-713
5787
10982
11565
12385
14868
12955
4797
-869
2807
9185
7860
739
-1926
1437
2220
-3087
-7726
-7180
-6247
-9150
-11422
-7950
-2702
-3321
-9609
-14001
-12160
-7300
-3841
-2086
-749
-462
-2098
-3950
-3236
459
4545
5968
4227
2052
2374
4493
4972
2807
1085
2033
3427
2582
1005
1232
1557
-951
-4081
-3307
49
327
-3271
-5835
-5128
-4054
-4349
-4049
-2147
-844
-1733
-3001
-2076
439
1521
435
56
1980
3511
2339
480
202
96
-1188
-1575
455
2332
1111
-2149
-4191
-3846
-2702
-2300
-2383
-2406
-3097
-5061
-6928
-6002
-52
10187
18090
15177
3181
-3904
2639
13762
17114
15029
16006
17041
9986
-134
20
10017
14206
5598
-3411
-1517
3509
-821
-10269
-12153
-7325
-6850
-11392
-11277
-5464
-4343
-11995
-18765
-15504
-6062
-390
-1117
-3079
-3100
-3204
-4165
-2712
2595
7785
8385
4927
1793
2206
4903
5694
3096
968
2822
5754
4669
291
-2618
-3047
-3607
-4188
-2352
454
-527
-5690
-9445
-7893
-3733
-1493
-1556
-1617
-1301
-1867
-2691
-1568
1341
3100
2530
2056
3322
4120
2334
-159
-573
523
1113
1230
1527
806
-1993
-4960
-5230
-3032
-1392
-1976
-3521
-4687
-5818
-6982
-7093
-5619
-1830
6289
16511
18976
8231
-4193
-2163
11897
20968
19311
17124
18478
14182
2269
-3056
6348
16628
12129
-325
-3705
1165
-659
-10875
-15302
-9084
-4260
-8088
-12170
-9704
-7698
-13210
-19565
-16281
-5336
1897
299
-4481
-6160
-4962
-3245
-303
4801
9308
9499
5562
1501
1041
4014
6366
5099
2657
3018
4506
2240
-3132
-5957
-4166
-948
972
958
-1688
-6455
-10053
-9428
-5059
-317
1206
-1352
-4777
-5326
-3248
-996
971
2991
3831
3109
2595
2804
2315
1251
1274
2326
2849
2008
-126
-2566
-3508
-2616
-1788
-2034
-2587
-3548
-5393
-6626
-5996
-5086
-5432
-6033
-4805
738
11222
19513
14965
406
-5917
5439
20869
24194
18602
15628
14301
7224
-519
3335
15490
17778
4748
-6756
-4299
1062
-4423
-13676
-12917
-5844
-5398
-11188
-12948
-10057
-11166
-16963
-17399
-7855
2360
2604
-4757
-9162
-6539
-1556
2144
5577
8794
9028
5507
1622
1254
4499
7338
6145
2673
1684
3230
2208
-2877
-6729
-5562
-2705
-2348
-3087
-2448
-2975
-7289
-10844
-7597
-549
2036
-875
-3272
-2778
-2067
-1479
1111
4473
5132
3140
1775
2533
3609
3115
2003
2520
3967
3011
-673
-3348
-3205
-2419
-2293
-1913
-1892
-3901
-6739
-7475
-5772
-3995
-3932
-5063
-5814
-5810
-4849
394
12091
21802
16735
846
-4867
8422
23629
23997
16305
14321
15052
8782
928
4124
14111
13612
468
-7789
-2547
2040
-6162
-16809
-15466
-7132
-5526
-10591
-12733
-11135
-12678
-16856
-15089
-5222
3291
1957
-5282
-8176
-3690
2383
5208
5956
7038
7804
6537
3998
3002
4582
5842
3914
1056
1467
3495
1258
-5313
-9193
-6818
-2970
-2480
-3676
-3753
-4387
-7227
-8795
-5537
-451
1028
-951
-2124
-1251
-473
-226
1209
3728
5042
4245
3000
2745
2790
2245
2083
3225
3970
2084
-1445
-3745
-3985
-3153
-1896
-1205
-2654
-5651
-7271
-6344
-4748
-4185
-4405
-4628
-4762
-5186
-4649
1055
13083
21960
16039
865
-3379
10103
24027
23137
15162
13684
15174
9352
1263
3597
12543
11568
-874
-7724
-1944
1548
-8076
-18721
-15872
-6126
-4581
-10900
-13934
-11908
-12312
-15586
-13343
-3558
3884
1170
-5972
-6877
-632
4844
5423
4847
6682
8812
7725
4340
2650
3854
4680
2811
1027
2175
2873
-1601
-8169
-9488
-5407
-2730
-4093
-5422
-4634
-4635
-6592
-7152
-4235
-594
572
-89
-282
140
73
174
2000
4663
5462
4023
2683
2588
2593
2323
2768
3446
2536
105
-1850
-2596
-3127
-3576
-3021
-2009
-2599
-5069
-6907
-6295
-4669
-3992
-3803
-3142
-2921
-4094
-5500
-4551
1723
13526
23025
18979
3588
-4246
6770
22722
24709
16170
12765
14668
10088
675
445
9420
10929
-217
-8066
-3015
1149
-8563
-20841
-18426
-6380
-2588
-9290
-13835
-12047
-11850
-15096
-13002
-2667
5536
2891
-4688
-5886
174
5173
5187
4644
7160
9813
8489
4252
1494
1846
2702
1941
1293
2411
2087
-3354
-10259
-11115
-5567
-936
-1662
-5002
-7191
-7506
-6128
-3283
-538
381
-255
-734
13
1391
1969
1559
1854
3724
5326
4844
3041
1518
913
1608
3362
4082
2053
-1244
-3164
-3294
-2862
-2548
-2416
-2637
-3435
-4771
-5866
-5566
-4082
-3067
-2934
-2636
-2394
-3233
-4284
-4170
-2626
2737
14335
24650
19918
2211
-6293
6760
24265
25136
14854
11394
13855
8622
-1644
-1178
8992
10276
-1507
-8562
-2649
206
-11340
-22674
-17272
-3844
-1153
-9174
-14100
-12541
-12337
-14269
-10211
459
6784
2295
-5143
-5099
1273
5406
4743
4450
7529
10145
7944
2570
-687
102
1846
2029
2155
3034
943
-6060
-11926
-9974
-3447
-855
-3441
-5540
-5147
-5355
-6340
-4485
155
2844
1877
877
1789
1903
150
160
3750
6909
5968
2960
1315
850
323
764
2803
3957
1953
-1531
-3234
-2906
-2827
-3576
-3426
-2083
-1805
-3614
-5497
-5638
-4653
-3522
-2121
-711
-510
-1948
-3664
-3894
-2770
-1948
109
8711
22052
25373
9836
-7633
-3066
18370
28499
18695
9039
11193
11587
1364
-5005
3278
11461
4006
-7986
-6524
930
-5230
-20692
-22664
-7808
2439
-3698
-13458
-14266
-11337
-12223
-11607
-2969
6628
5871
-2925
-6933
-1487
4917
5039
2872
5096
9760
9623
3470
-2088
-2020
1086
2467
2283
2718
1497
-4633
-11568
-11369
-4433
287
-1581
-4935
-5319
-5092
-6070
-4623
679
4408
3233
1860
3653
4037
371
-1192
3471
8318
7278
3249
845
-629
-1994
-748
3172
5095
2200
-2362
-4064
-2815
-2003
-2769
-2723
-1298
-1612
-4348
-5646
-4113
-3171
-3818
-2838
-9
755
-1494
-3267
-2454
-680
-65
-566
-1137
-2130
-3043
2023
16754
28040
17291
-6716
-11254
11773
29995
20780
4723
6244
13551
6294
-5147
-585
10703
5953
-9015
-9216
4025
3380
-16301
-26543
-12174
4396
1054
-11513
-13774
-8841
-9496
-12491
-6671
4240
6112
-2468
-7587
-1719
5643
4179
-1373
-10
7796
11352
5926
-1346
-2787
-100
1048
909
2973
4479
-600
-9296
-11127
-4203
984
-2025
-6315
-4627
-1480
-3357
-5647
-1271
4920
4337
654
2178
5325
2413
-1864
923
6428
5833
1356
-82
657
-380
-1584
174
2982
2750
-476
-2452
-1128
3
-1772
-3068
-1133
-5
-2904
-5731
-4805
-2842
-2358
-1779
-722
-1105
-2512
-2591
-1114
202
389
-295
-1046
-1378
-2055
-3885
-4380
2408
17160
26600
15755
-6371
-10993
9446
26447
18933
5236
7840
14940
6785
-5649
-1772
9438
5961
-6591
-5653
5860
2827
-16931
-25636
-10870
4574
600
-11131
-12480
-8080
-10120
-13680
-7613
3101
4658
-2871
-6266
-575
4507
1579
-2847
505
8799
11509
5767
-809
-1950
-31
641
1308
4222
5393
-135
-8153
-9504
-4036
-847
-3494
-5369
-2541
-711
-4175
-7659
-5679
-1190
1724
4552
7388
5435
-943
-3036
2630
8097
7137
3832
2969
2363
-333
-2062
-467
1530
1146
270
969
951
-2222
-5365
-3648
1239
2982
9
-3281
-4322
-4634
-4562
-2533
354
958
-840
-2168
-1706
-856
-788
-697
455
1658
899
-1653
-3772
-4266
-3834
-3558
-3600
-744
9715
22004
18953
-1947
-14418
1544
25070
24702
7767
3510
11968
9772
-3233
-4498
7754
10570
-1594
-7047
2697
6082
-9873
-23751
-14262
4365
6197
-6501
-13026
-9291
-7564
-10193
-7278
2196
6480
270
-6433
-4130
2052
1937
-3064
-2724
4968
9872
4755
-4217
-7032
-3606
-976
-844
812
2952
-538
-8451
-10977
-4871
653
-1117
-4124
-1385
2534
153
-5163
-4806
651
3789
3895
6094
8775
5491
-945
-805
5699
8649
5648
3576
3827
1266
-3073
-2918
989
2104
-380
-1553
-481
-1146
-4335
-5420
-1787
2313
1928
-1258
-2770
-2777
-3513
-3419
-711
1542
377
-1819
-1917
-978
-1040
-1417
-647
799
1325
182
-1918
-3572
-3938
-3307
-2497
-2182
-3099
-5333
-5112
3923
18589
21633
4607
-11619
-2251
21190
26015
10088
2005
10538
13703
2515
-3715
4420
8816
-1289
-8422
677
8711
-3156
-20732
-18459
-802
6413
-3032
-11315
-9003
-5740
-7858
-7736
-654
4925
1505
-4502
-2966
3660
4438
-2370
-6005
244
8280
6979
-1776
-7149
-5661
-3566
-4020
-2809
696
-305
-7523
-11753
-6933
-782
-2151
-6280
-3700
3004
3775
-1574
-3693
275
3751
3953
5550
9166
8455
2399
-337
5062
10991
9324
3980
2755
3844
1479
-1837
-909
1037
-856
-2996
-1492
-904
-4723
-7484
-4592
-39
1150
-337
-1717
-2174
-2033
-1298
209
1609
1238
-411
-653
536
277
-1208
-737
1318
1541
-243
-1563
-2087
-2832
-3220
-2532
-1973
-2850
-4483
-5510
-5653
-5407
-5373
-5406
-1902
9562
22352
19540
-193
-11079
4619
25786
24036
8569
6235
14339
10792
-2304
-3733
6202
6737
-4233
-6596
3676
5030
-11556
-24052
-14438
2635
4640
-5335
-9976
-6841
-5911
-8212
-5576
2319
6019
1647
-2771
-169
4332
1858
-5258
-5927
2449
8754
3985
-5809
-9411
-6653
-5220
-6032
-3695
252
-1830
-8826
-10412
-4171
-49
-3163
-5214
412
6763
5214
-318
-984
2643
4286
4297
7051
10063
7189
622
-1087
3380
6280
3632
843
2434
4303
1641
-2273
-2429
-911
-1178
-612
2415
2413
-3083
-6673
-3194
1564
1601
-315
-157
589
-107
-696
312
1573
1506
1001
1805
2814
1048
-2747
-3877
-1126
1232
508
-1479
-3122
-4498
-4763
-3422
-2275
-2541
-3057
-3059
-3286
-3838
-3969
-3616
-3179
-2448
-1307
-980
-1851
559
10922
21582
17134
123
-5415
10060
23653
16726
4580
6548
12703
6355
-3870
-1931
5025
937
-8602
-6566
3638
2539
-11823
-19343
-10095
1445
1240
-4782
-5557
-2824
-3395
-5321
-2563
3220
4858
1002
-1703
1046
4105
603
-6386
-7165
-379
4079
-168
-6933
-8432
-6863
-7673
-8679
-5276
-1145
-2933
-7724
-6999
-1328
521
-2953
-3444
2520
7686
6442
3062
2960
4288
3680
3464
6491
9074
6286
926
-342
2333
2967
128
-1441
405
2128
1060
-715
-786
-299
-592
238
3142
4152
686
-2511
-887
1847
1073
-401
703
1504
24
-522
878
893
-722
-476
1894
2993
1431
-926
-2021
-1631
-1107
-1390
-1859
-2090
-2746
-3445
-2987
-2234
-2814
-3657
-2981
-1668
-1264
-1500
-1829
-2266
-2240
-1394
-739
-1107
-1781
-1789
-1428
-1418
43
6673
15939
16492
4325
-5160
2575
16244
15405
4343
2916
10832
10297
-108
-4064
1504
2379
-4789
-6386
2016
6363
-2230
-12677
-11674
-3023
616
-3022
-5358
-2325
167
-2504
-5589
-3451
462
-472
-4106
-2708
3125
3882
-3442
-9398
-6538
-663
-583
-4299
-4513
-2074
-3308
-7359
-7265
-2773
-1247
-4548
-5547
-793
3128
773
-3142
-1992
2234
3561
2257
2940
5470
5377
2510
1783
4505
5895
3418
1225
2917
5423
4384
1338
563
1830
1559
-417
-687
1332
2164
508
-421
1110
2056
291
-1271
66
1933
1359
-79
265
1267
820
30
696
1630
1088
199
694
1644
1311
213
-126
176
42
-566
-929
-982
-1189
-1590
-1847
-1935
-2107
-2384
-2549
-2529
-2423
-2265
-2064
-1891
-1771
-1646
-1500
-1310
-1042
-790
-672
-580
-343
-112
-140
-288
-245
-74
-95
-291
-283
77
576
985
1246
1341
1287
1242
1425
1956
2689
3175
3089
2778
2859
3260
3384
3234
3396
3866
3916
3331
2768
2601
2331
1563
790
570
491
-217
-1408
-2228
-2411
-2585
-3176
-3815
-4105
-4343
-4961
-5645
-5658
-5043
-4648
-4811
-4901
-4468
-4008
-4001
-4059
-3592
-2756
-2115
-1718
-1211
-663
-509
-615
-299
524
1152
1250
1319
1752
2237
2355
2227
2246
2506
2742
2747
2654
2685
2778
2731
2617
2644
2731
2602
2271
2120
2346
2641
2620
2372
2237
2260
2286
2324
2371
2214
1838
1569
1540
1438
1100
778
606
347
-108
-481
-632
-874
-1426
-1953
-2035
-1846
-1912
-2290
-2608
-2750
-2921
-3077
-2947
-2600
-2418
-2505
-2604
-2602
-2619
-2611
-2360
-1913
-1609
-1581
-1594
-1453
-1303
-1310
-1369
-1278
-1026
-715
-394
-117
-28
-153
-254
-32
521
1080
1290
1100
858
959
1429
1997
2475
2824
3053
3195
3241
3137
3057
3355
3892
4013
3607
3377
3587
3594
3142
2894
3124
3132
2523
1922
1821
1739
1088
105
-607
-971
-1349
-1908
-2459
-2822
-3109
-3549
-4155
-4643
-4853
-5025
-5350
-5504
-5184
-4781
-4842
-5098
-4906
-4408
-4184
-4087
-3498
-2567
-2018
-1852
-1382
-528
44
114
298
983
1741
2069
2114
2325
2754
3096
3203
3242
3363
3405
3194
2953
3001
3202
3132
2765
2512
2488
2363
1995
1669
1582
1570
1504
1486
1531
1444
1154
878
782
780
744
701
693
604
358
123
56
-36
-397
-838
-1002
-975
-1114
-1408
-1597
-1731
-2029
-2368
-2469
-2394
-2403
-2475
-2388
-2149
-1982
-2018
-2175
-2262
-2100
-1686
-1259
-1033
-971
-917
-847
-794
-680
-454
-230
-111
-4
186
327
265
118
131
328
535
676
776
805
750
732
831
918
831
654
633
955
1553
2076
2209
2086
2084
2210
2279
2474
3009
3392
3092
2600
2724
3174
3066
2496
2289
2486
2406
1917
1492
1198
679
-51
-621
-988
-1457
-2113
-2730
-3095
-3216
-3262
-3469
-3924
-4418
-4687
-4758
-4760
-4619
-4285
-4025
-4047
-4014
-3559
-2956
-2704
-2687
-2400
-1775
-1162
-698
-266
100
301
492
879
1334
1569
1568
1586
1805
2175
2518
2650
2515
2238
2069
2147
2349
2435
2337
2214
2200
2214
2119
1943
1794
1650
1444
1286
1356
1558
1557
1264
990
966
955
672
328
318
550
571
305
95
-7
-266
-611
-690
-597
-759
-1082
-1077
-821
-867
-1213
-1358
-1283
-1385
-1581
-1459
-1157
-1152
-1368
-1382
-1269
-1415
-1699
-1720
-1517
-1392
-1308
-1112
-981
-1086
-1169
-992
-772
-712
-601
-299
-58
-16
59
242
268
111
136
434
631
565
523
618
597
415
338
357
188
24
457
1443
2124
2060
1803
1842
1904
1867
2253
3111
3497
2941
2408
2760
3322
3090
2388
2142
2298
2179
1755
1454
1173
513
-363
-951
-1227
-1590
-2189
-2784
-3092
-3053
-2896
-3024
-3521
-4000
-4153
-4156
-4184
-4011
-3572
-3311
-3440
-3435
-2920
-2413
-2470
-2710
-2473
-1879
-1436
-1142
-686
-189
18
55
295
700
912
883
979
1425
1995
2333
2355
2241
2163
2159
2238
2418
2612
2652
2512
2409
2477
2551
2413
2115
1884
1796
1765
1759
1810
1836
1701
1444
1231
1080
844
541
362
379
421
345
188
2
-237
-495
-671
-783
-933
-1072
-1065
-977
-1011
-1159
-1271
-1359
-1498
-1581
-1486
-1390
-1481
-1597
-1510
-1364
-1440
-1645
-1693
-1560
-1422
-1312
-1186
-1106
-1132
-1124
-959
-757
-685
-697
-632
-470
-268
-50
126
186
175
245
392
454
394
380
477
544
488
353
184
-5
-130
-139
-89
103
673
1501
2027
1982
1761
1721
1769
1894
2365
2970
3007
2487
2323
2813
3077
2552
1903
1787
1838
1555
1160
931
570
-105
-706
-993
-1298
-1870
-2430
-2637
-2489
-2185
-2014
-2273
-2872
-3309
-3324
-3209
-3163
-2978
-2638
-2486
-2516
-2284
-1821
-1716
-2054
-2171
-1763
-1310
-1117
-879
-434
-94
44
299
696
822
630
637
1111
1678
1968
2061
2132
2145
2066
1995
1991
1960
1851
1741
1726
1820
1901
1783
1427
1078
982
1034
964
787
741
840
880
821
773
672
385
84
75
284
380
296
212
160
33
-140
-280
-488
-777
-897
-723
-555
-660
-862
-914
-930
-1088
-1253
-1282
-1297
-1370
-1319
-1075
-907
-989
-1125
-1124
-1086
-1096
-1044
-905
-833
-838
-752
-613
-647
-820
-832
-629
-448
-366
-246
-96
-49
-33
111
268
230
124
193
359
393
331
328
310
158
2
-25
-91
-362
-638
-592
-127
622
1402
1868
1825
1529
1443
1707
2157
2650
3053
3140
2959
2951
3269
3411
2987
2402
2213
2270
2090
1661
1266
882
348
-181
-537
-956
-1687
-2437
-2704
-2472
-2186
-2192
-2500
-2932
-3292
-3462
-3474
-3424
-3313
-3112
-2867
-2614
-2333
-2116
-2141
-2345
-2375
-2059
-1675
-1476
-1335
-1030
-627
-289
-29
133
104
-40
13
407
916
1271
1462
1624
1794
1936
2018
1987
1826
1662
1680
1888
2113
2190
2091
1894
1722
1627
1524
1340
1174
1154
1221
1222
1157
1070
899
647
492
485
404
164
32
190
400
383
208
4
-268
-593
-741
-648
-575
-671
-715
-586
-552
-807
-1141
-1289
-1313
-1344
-1318
-1189
-1105
-1156
-1191
-1128
-1116
-1245
-1351
-1290
-1137
-996
-846
-666
-526
-444
-352
-264
-241
-243
-134
87
265
333
348
352
315
259
236
224
156
70
71
115
67
-86
-220
-293
-415
-586
-569
-110
750
1647
2192
2261
2016
1764
1764
2104
2607
2958
3009
2935
2989
3114
2995
2516
1932
1535
1323
1092
733
302
-99
-420
-696
-1049
-1598
-2293
-2864
-3028
-2799
-2472
-2355
-2521
-2803
-3013
-3105
-3153
-3208
-3223
-3096
-2784
-2388
-2077
-1966
-2000
-1999
-1865
-1670
-1516
-1384
-1160
-779
-285
214
583
706
629
578
744
1076
1385
1632
1922
2292
2606
2738
2701
2585
2448
2312
2229
2209
2185
2120
2083
2122
2124
1904
1481
1086
872
764
646
543
512
518
481
377
209
-48
-344
-515
-467
-332
-301
-379
-448
-485
-576
-760
-958
-1092
-1137
-1095
-1000
-934
-955
-1027
-1083
-1126
-1211
-1333
-1408
-1364
-1208
-1033
-934
-911
-899
-836
-747
-688
-669
-639
-546
-401
-230
-81
0
15
32
112
212
268
293
358
458
527
531
496
446
374
293
244
220
178
116
63
13
-56
-95
-22
122
204
208
279
540
920
1248
1447
1547
1586
1612
1668
1754
1789
1741
1712
1783
1864
1772
1478
1142
906
763
613
410
166
-70
-255
-404
-592
-888
-1250
-1557
-1736
-1833
-1938
-2074
-2184
-2221
-2204
-2199
-2257
-2351
-2405
-2357
-2215
-2054
-1912
-1779
-1615
-1421
-1234
-1097
-1002
-894
-710
-450
-174
69
278
497
745
987
1156
1221
1238
1297
1441
1638
1808
1903
1925
1904
1860
1789
1662
1485
1318
1221
1187
1154
1083
980
861
721
559
379
211
92
54
83
110
77
-26
-150
-258
-347
-431
-499
-523
-508
-489
-503
-556
-622
-660
-656
-629
-604
-594
-568
-510
-440
-389
-378
-400
-416
-394
-343
-295
-264
-237
-192
-141
-119
-130
-150
-148
-107
-41
28
85
128
170
209
223
202
155
117
109
125
143
146
123
80
22
-52
-137
-225
-283
-297
-271
-232
-197
-177
-171
-169
-160
-133
-81
6
136
302
476
614
705
753
780
802
837
889
955
1015
1062
1082
1052
975
859
730
607
496
397
315
236
141
24
-120
-283
-458
-619
-750
-847
-922
-978
-1025
-1076
-1142
-1224
-1309
-1375
-1418
-1434
-1419
-1390
-1353
-1302
-1243
-1181
-1128
-1078
-1010
-914
-796
-656
-500
-341
-187
-37
110
247
370
486
600
705
796
872
934
976
998
1003
992
967
925
880
837
798
754
712
674
636
601
571
547
526
510
502
507
512
513
507
498
484
459
435
408
380
354
327
303
273
232
190
147
105
59
19
-16
-53
-87
-125
-167
-212
-261
-308
-347
-373
-395
-408
-415
-423
-435
-454
-470
-485
-491
-482
-463
-439
-418
-406
-413
-434
-462
-488
-499
-487
-461
-428
-399
-379
-373
-374
-379
-373
-346
-296
-222
-141
-63
-1
44
72
85
98
121
157
207
259
312
350
367
371
363
352
340
334
337
344
351
351
346
334
315
287
258
229
195
163
135
110
81
51
17
-23
-66
-113
-160
-201
-237
-264
-281
-292
-298
-295
-282
-263
-247
-228
-210
-191
-167
-136
-99
-59
-19
21
53
75
86
86
90
97
107
121
139
158
173
179
181
173
155
130
104
78
44
7
-29
-67
-106
-143
-178
-202
-220
-231
-231
-223
-208
-181
-148
-111
-73
-31
14
64
113
158
200
237
270
298
319
334
342
351
357
359
355
344
331
308
277
247
212
179
153
128
105
84
61
34
9
-16
-41
-61
-79
-92
-102
-111
-118
-131
-148
-171
-195
-223
-248
-275
-294
-308
-317
-323
-322
-314
-305
-293
-280
-265
-247
-229
-210
-188
-165
-144
-125
-105
-89
-80
-72
-66
-65
-61
-53
-41
-21
2
22
43
59
70
80
90
105
120
140
161
183
201
211
218
216
212
211
210
211
210
207
201
190
171
140
106
69
31
-9
-49
-85
-120
-145
-163
-171
-172
-168
-157
-140
-117
-96
-77
-58
-40
-22
-11
0
9
15
15
16
14
17
22
28
33
33
35
30
20
6
-13
-36
-61
-83
-97
-111
-118
-120
-117
-108
-93
-76
-53
-27
-1
24
50
74
89
103
113
118
117
113
102
93
84
78
76
75
80
90
105
122
138
156
172
177
178
169
154
133
107
78
54
33
13
2
-4
-5
2
11
26
40
51
58
58
53
41
22
-3
-28
-54
-82
-105
-125
-140
-152
-158
-161
-161
-160
-160
-158
-153
-150
-146
-146
-144
-143
-144
-145
-147
-151
-152
-150
-150
-145
-138
-133
-125
-115
-103
-88
-77
-67
-57
-49
-43
-34
-21
-9
7
31
56
87
116
149
179
206
224
235
238
235
227
210
182
155
126
99
73
51
34
20
10
4
4
6
11
18
23
29
33
33
33
33
28
25
20
16
10
6
-1
-9
-14
-16
-18
-23
-25
-25
-27
-25
-27
-27
-29
-32
-38
-45
-55
-68
-75
-84
-90
-94
-95
-91
-83
-76
-62
-50
-39
-26
-18
-9
-2
2
5
7
11
10
14
18
25
30
37
44
50
58
63
68
70
69
66
63
62
60
59
57
55
55
54
53
52
50
48
44
37
30
26
20
11
7
3
-4
-11
-19
-26
-34
-47
-56
-65
-75
-86
-91
-94
-99
-102
-104
-107
-109
-109
-114
-116
-115
-113
-112
-110
-110
-107
-100
-94
-82
-71
-57
-41
-23
-6
8
23
37
50
64
77
88
99
109
122
135
145
156
165
173
179
184
186
185
181
178
174
164
152
141
127
109
91
70
50
31
7
-15
-36
-55
-73
-87
-99
-110
-116
-120
-124
-124
-121
-118
-115
-112
-110
-109
-104
-99
-98
-95
-94
-89
-89
-86
-81
-79
-79
-76
-73
-72
-71
-71
-68
-67
-64
-60
-54
-47
-40
-30
-18
-7
3
13
24
33
41
52
61
70
76
82
88
94
99
103
106
107
109
112
110
107
104
103
99
97
94
92
87
80
73
67
59
51
41
33
26
19
13
7
-1
-6
-13
-16
-20
-25
-30
-34
-41
-48
-51
-59
-64
-69
-74
-81
-79
-82
-81
-78
-77
-77
-74
-70
-72
-71
-73
-74
-74
-72
-70
-69
-65
-63
-57
-52
-49
-41
-37
-29
-21
-8
0
7
19
29
39
47
56
64
71
76
80
84
87
89
91
89
87
87
85
83
79
73
66
60
53
43
35
27
18
9
0
-6
-16
-23
-30
-32
-34
-38
-39
-39
-40
-42
-44
-43
-43
-44
-43
-44
-43
-44
-43
-43
-42
-38
-36
-34
-29
-26
-23
-22
-16
-14
-12
-8
-7
-3
-1
1
4
8
9
13
17
19
24
25
26
27
29
27
28
29
24
26
27
28
27
26
27
24
19
19
18
17
17
15
15
17
16
17
16
15
12
7
6
3
1
-1
-3
-6
-8
-10
-10
-8
-7
-6
-6
-4
-2
-4
-7
-7
-9
-14
-13
-16
-15
-16
-18
-19
-21
-22
-24
-25
-27
-27
-32
-35
-36
-40
-42
-44
-46
-46
-48
-47
-48
-47
-45
-42
-38
-36
-31
-24
-19
-10
-1
5
11
20
25
30
37
41
44
46
49
49
51
54
55
55
55
57
58
58
55
56
53
52
52
50
50
44
38
34
32
26
20
16
11
11
7
3
-1
-3
-9
-15
-18
-22
-23
-25
-27
-29
-30
-30
-32
-30
-31
-33
-35
-38
-39
-37
-36
-35
-35
-35
-34
-30
-27
-28
-26
-23
-19
-18
-14
-8
-5
-1
1
4
2
5
10
10
8
6
7
4
2
1
3
4
3
2
3
3
4
7
8
6
7
12
12
13
14
14
12
12
10
11
12
10
11
10
11
12
10
12
13
13
12
9
9
8
10
12
8
9
8
8
3
4
6
3
1
-1
-1
-2
-5
-8
-11
-15
-19
-20
-19
-18
-18
-18
-17
-16
-16
-15
-14
-16
-15
-14
-14
-12
-12
-10
-10
-11
-9
-9
-8
-8
-6
-4
-5
-2
2
5
5
10
13
14
13
16
17
19
22
20
21
22
20
19
20
18
18
19
18
17
17
19
17
14
13
11
7
6
2
0
-1
-3
-2
-5
-6
-8
-8
-8
-9
-8
-7
-10
-10
-12
-17
-20
-21
-19
-20
-19
-18
-18
-19
-19
-21
-19
-18
-17
-16
-15
-8
-9
-5
-6
-4
-4
-4
-2
-2
-2
-1
-1
-2
1
2
1
2
3
5
7
9
11
12
11
11
10
11
8
8
11
12
10
11
14
12
12
13
15
14
13
13
13
11
9
10
11
11
12
14
15
15
13
10
9
8
6
3
-1
-3
-3
-4
-6
-5
-8
-8
-8
-8
-8
-11
-13
-15
-18
-17
-15
-14
-13
-13
-12
-12
-12
-12
-13
-13
-14
-13
-13
-14
-14
-13
-10
-9
-8
-7
-6
-2
0
3
4
4
3
3
5
6
4
5
5
8
9
9
15
13
15
15
13
13
11
9
8
8
4
7
6
8
10
8
8
6
7
6
3
1
2
1
2
-1
-1
-2
1
1
1
-2
-2
-2
-4
-5
-5
-10
-13
-9
-10
-9
-7
-6
-5
-3
1
0
2
1
-1
-2
-3
-5
-3
-1
-3
-2
-1
0
2
2
4
2
1
2
0
0
-1
-2
-1
-1
0
0
1
4
7
7
5
5
5
4
0
-3
-3
-3
-1
0
3
5
7
7
7
7
6
4
3
2
-1
2
0
-1
2
1
-1
0
1
-1
-1
-2
-2
-2
-5
-7
-7
-8
-8
-8
-6
-4
-4
-2
-1
-3
-1
-2
-2
-4
-7
-5
-5
-3
-1
0
1
3
4
5
6
5
5
4
5
4
3
3
3
2
3
7
9
9
10
11
10
8
9
8
7
2
0
0
-2
0
2
3
2
3
2
1
-2
-4
-7
-9
-12
-13
-11
-10
-10
-9
-5
-5
-4
0
-1
-3
-6
-5
-7
-9
-5
-7
-5
-5
-4
-2
-1
-1
1
1
-1
-2
-3
-3
-3
-2
-2
-2
-1
0
3
6
7
6
5
6
6
4
3
1
-3
-2
-1
1
5
8
10
11
13
12
12
10
11
10
9
7
5
6
7
8
8
11
11
10
8
7
4
1
-1
-3
0
-5
-5
-3
-5
-1
0
-1
0
-3
-7
-8
-12
-14
-16
-14
-15
-15
-14
-12
-11
-9
-8
-8
-9
-8
-6
-7
-9
-11
-10
-10
-8
-6
-6
-4
0
1
0
1
0
0
-4
-4
-4
-3
-3
-1
4
6
8
10
15
14
13
11
7
5
2
0
-2
0
2
6
3
5
9
8
9
10
8
6
5
4
4
1
1
-1
1
2
1
3
6
5
4
2
2
-1
-4
-5
-6
-7
-4
-3
-1
2
2
3
4
3
1
-2
-5
-5
-8
-8
-9
-7
-5
-1
2
5
5
5
4
5
3
0
-3
-4
-5
-6
-4
-2
1
3
8
6
6
3
1
0
-4
-5
-7
-5
-5
-6
-3
-2
1
3
4
2
2
1
-3
-5
-8
-7
-7
-7
-6
-4
-1
1
3
1
1
1
0
-2
-5
-10
-10
-9
-10
-8
-6
-4
-1
4
1
0
2
-1
-4
-6
-5
-5
-4
-3
0
5
5
10
11
10
10
9
7
6
4
5
4
6
6
5
10
11
12
13
