SAMPLES:	9074
BITSPERSAMPLE:	16
CHANNELS:	1
SAMPLERATE:	16000
NORMALIZED:	FALSE
-1
-3
-7
-7
-6
-5
-6
-6
-4
-2
-4
-3
0
1
-1
-4
-2
-1
0
-1
-3
0
1
3
6
2
1
-1
2
0
0
3
2
3
2
2
0
0
0
0
1
2
-1
3
5
2
0
1
4
-1
0
-5
-2
1
-5
-1
-2
-2
-2
0
0
-1
2
4
4
4
2
5
4
2
-2
-1
2
2
0
-3
-1
1
2
3
2
-1
1
1
-1
-3
-2
-2
-2
-2
-3
-1
-2
-1
-4
-2
2
-2
0
3
2
2
-2
3
-1
0
2
1
0
-4
-4
-2
-1
-4
0
-4
-1
1
0
5
1
0
2
1
1
2
4
1
-1
1
1
3
2
2
1
-1
-1
-3
-5
0
2
1
-1
-4
-2
-2
0
0
-2
-2
-1
-2
-2
0
-2
0
4
4
2
2
6
4
2
3
-2
0
-1
-1
-1
-2
1
0
-2
0
-2
-3
2
-1
-1
1
3
4
4
3
1
4
3
3
2
1
-1
-4
-1
-2
-5
-3
-4
-5
-1
1
-1
2
1
2
4
2
-2
-2
-4
-1
-1
-3
1
0
-1
-3
1
-1
-4
-3
1
2
2
3
-1
2
0
-1
2
1
-3
-4
-4
-1
-1
-1
4
2
2
4
6
5
2
2
0
1
2
-1
2
2
-1
0
1
-1
-1
-1
1
-3
-3
1
1
-1
-2
0
-1
-2
-4
-1
-1
-1
-1
-3
-5
-1
0
1
2
-2
0
1
0
-2
0
4
4
4
5
6
2
4
4
4
1
4
0
-5
-3
-3
0
0
0
-2
0
4
4
0
1
2
0
1
3
5
2
-2
-2
-2
-6
-6
-7
-8
-7
-6
-3
0
-1
-1
0
0
-1
-2
1
-3
-5
-1
-1
-2
0
1
-1
-1
2
2
2
1
-1
0
-1
-1
2
-2
0
0
-1
3
5
3
1
2
1
2
0
3
1
3
3
3
2
0
1
0
-2
-4
2
3
-2
2
0
1
4
4
5
3
3
2
2
1
-4
1
0
-1
-2
-1
1
1
0
1
-3
-5
2
0
2
-2
-2
-2
-4
-3
-2
0
1
0
1
4
3
2
1
0
-2
-5
-5
-7
-6
-6
-4
-1
-1
-1
0
-1
-2
-1
-2
2
-1
2
3
0
-1
2
1
-2
-3
0
-3
-2
-3
-2
-1
-1
-2
-1
3
2
3
0
0
2
0
2
3
1
1
2
3
6
3
-1
1
5
3
1
3
4
4
6
5
4
4
-1
0
3
3
-1
-1
2
0
-3
-2
1
0
-3
-4
-3
-4
-4
-4
-5
-3
-4
-4
-1
0
1
0
1
0
0
4
2
6
3
1
-2
-3
-4
-4
-4
-4
-5
-2
-3
-4
-2
-3
-1
-1
0
-1
1
2
-1
-1
1
3
4
5
4
2
3
-1
2
2
1
1
-1
0
-3
1
1
3
5
1
0
2
1
2
1
1
1
2
0
-1
1
-3
-4
-5
-3
-5
-1
1
-1
-2
-1
1
0
2
5
1
0
0
-1
-1
0
1
3
2
0
1
0
2
0
1
0
0
-1
-1
-1
0
2
1
3
1
3
3
2
0
0
2
0
-3
-2
1
-2
-1
2
1
1
2
-4
-1
-2
-5
-5
-8
-8
-5
-3
-6
-6
-4
2
2
0
-1
3
4
1
-3
1
7
6
-3
-3
0
5
0
-7
-2
1
5
2
-3
0
6
4
1
-3
2
4
4
0
-3
-1
1
0
-4
3
3
3
2
0
2
2
1
-1
2
5
6
3
2
5
3
1
5
4
-4
0
-1
-4
-4
-5
0
1
-7
-7
-4
2
-2
-9
1
9
3
-13
-11
-1
2
-1
-10
-8
2
2
4
2
-7
-12
4
6
-5
-2
5
2
-8
3
16
3
-11
4
13
8
-12
-11
20
21
-14
-16
17
3
-27
2
30
12
-30
-25
9
31
28
-19
-27
22
9
-39
-4
36
28
-2
-45
-41
32
29
-24
20
23
-52
-39
27
24
12
13
-24
-14
16
-17
-25
17
36
22
-25
-52
-8
36
5
21
80
-22
-127
-20
105
37
-50
26
-25
-129
20
184
72
-143
-121
57
84
-50
-42
66
40
2
-29
-74
-20
91
78
-28
-90
-34
73
-1
-10
148
-83
-287
111
237
-61
-92
17
-33
-61
6
70
75
-93
-58
191
-21
-310
72
305
30
-212
-194
201
211
-82
-80
-164
-12
220
30
-10
-39
-208
17
238
35
-187
-125
94
227
-15
-348
64
313
-124
-138
-49
60
232
69
-191
-303
113
283
4
19
-220
-137
190
118
113
-225
-206
172
240
-56
-271
132
174
20
-282
-155
350
160
-5
-332
-197
299
208
-16
-285
-89
207
134
-144
-200
258
82
-142
-57
-131
187
131
35
-236
-273
312
313
-61
-451
-25
339
145
-228
-275
189
281
-30
-416
74
276
14
-218
-185
113
294
226
-566
-174
417
85
-126
-281
143
314
109
-510
-98
497
60
-252
-281
197
312
76
-504
19
397
-23
-449
-42
480
113
-133
-329
23
172
136
-192
-84
123
192
56
-412
-93
366
203
-484
-79
413
241
-426
-314
312
342
-195
-506
180
596
128
-840
-97
661
68
-604
20
590
214
-733
-419
771
524
-703
-669
724
646
-554
-826
684
664
-503
-636
308
461
60
-504
-204
469
327
-383
-427
288
533
-238
-726
309
705
-93
-809
137
765
-196
-898
174
1034
88
-1065
-80
771
92
-862
85
789
93
-582
-360
421
697
-807
-960
1225
1021
-1009
-958
699
694
-802
-496
953
648
-717
-1108
497
1539
-759
-1454
835
1346
-750
-1330
816
1296
-1015
-1331
1114
1311
-946
-1163
644
1082
-509
-977
311
1176
-438
-1405
767
1274
-302
-1631
87
1820
-578
-1508
1214
1120
-1365
-910
1116
939
-972
-1008
816
971
-505
-666
508
146
-639
-262
698
795
-517
-682
-37
520
84
-808
376
1219
-718
-1088
830
295
-619
-23
623
204
-677
-252
568
402
-809
-277
573
178
-168
97
274
-174
-863
-435
1034
909
-461
-346
-259
-652
817
477
-345
-481
62
612
-410
-406
1398
-261
-2004
376
1582
79
-417
-376
-12
-304
-244
968
708
-975
-893
711
480
-332
-68
772
-760
-1255
1093
1494
-801
-721
-300
65
1047
-312
-805
772
542
-1092
-512
1270
543
-1478
-310
1128
101
-199
-420
270
115
-537
291
-24
38
1034
-634
-1547
717
1386
-877
-535
1088
-73
-935
-373
618
792
-143
-385
-492
117
701
-536
-106
699
-349
-426
43
690
444
-960
-1061
604
1549
39
-1166
-527
973
-369
-946
1611
652
-1492
-796
634
1398
298
-1944
-945
1958
103
-981
1395
253
-2022
-306
1239
431
111
-565
-847
535
640
-522
1025
-241
-1846
521
548
91
499
382
-673
-904
311
554
-718
801
1241
-2044
-525
2140
-958
-1100
1966
-81
-2096
354
2033
121
-1855
-450
1691
-483
-642
858
678
-1284
-1544
2422
1248
-3209
620
2459
-2468
-453
2962
-1238
-1962
1368
572
-779
638
-139
-712
797
-128
-946
1500
-115
-1930
1012
1603
-1057
-939
410
439
511
-1189
-864
2686
325
-3209
195
3586
-1278
-4230
2940
3184
-2790
-1694
1593
1461
-1007
-2338
1134
3127
-2023
-2119
2363
358
-1859
551
645
322
439
-2138
-296
3181
-780
-2140
254
1250
199
-356
-55
224
198
-2953
1563
4781
-2723
-5424
2740
4388
-1937
-2100
965
1396
-1961
-1384
2653
2936
-4286
-3429
5582
2131
-4956
-452
3725
-421
-3531
-166
5027
-225
-5332
884
4378
-1291
-2297
577
1195
-785
-638
458
2025
35
-3985
232
4462
-721
-4218
2278
2917
-3025
-2359
3170
2207
-2457
-2052
1642
2634
-3338
-1582
3950
907
-2663
-1554
1788
1984
-2896
-1449
5399
-1140
-5021
2248
3171
-1866
-1897
834
1298
499
-1114
-1374
928
2498
-1909
-3243
4679
1280
-6527
1960
6323
-2937
-6013
2880
5150
-2977
-3381
2260
3681
-2980
-3907
3340
4252
-4317
-3432
5503
1138
-4943
-661
5021
998
-5536
-1424
6074
464
-4680
-251
4481
-920
-4903
1796
5916
-2515
-6681
5001
3961
-5276
-1783
3695
2018
-2506
-2363
2151
1765
-2577
-1153
3545
877
-4647
-114
5738
-2323
-4200
2817
2355
-2175
-1520
1690
1524
-1806
-1064
2588
-1015
-1553
53
2463
430
-2278
-301
78
1948
-151
-2003
507
1041
-738
-576
1802
1141
-3467
-663
2524
183
-1404
1183
849
-1837
-232
-237
1454
786
-1510
-1887
3156
1833
-5403
-239
4874
730
-4374
-610
4482
-2225
-4344
5832
3917
-7945
-2524
7275
594
-4322
-477
3155
271
-3533
1219
2060
-1226
-305
363
31
-460
-714
1533
1325
-2549
-1039
2306
510
-1556
493
773
-1806
671
1813
-2327
-473
2803
-152
-2311
-479
2890
-108
-3312
1371
2801
-2182
-3028
4791
1046
-5170
302
4737
-1487
-4231
3388
2358
-3085
-1281
2367
86
-1374
-180
1245
469
-1888
892
1056
-1396
74
461
952
-1051
-1509
1523
1008
-956
-692
506
-430
1054
485
-1896
712
1420
-1568
-1875
2999
1714
-3902
-545
3504
-64
-4106
1431
4675
-3039
-4629
4868
1985
-4019
774
1599
-588
-1870
-302
3179
273
-2775
-377
2803
-683
-2444
1030
2734
-1768
-2281
2392
1257
-2614
221
1718
-504
-2254
1664
2963
-2616
-2261
1670
1924
-1861
-1087
3151
-1224
-2431
1905
2276
-3167
-1595
4717
-569
-2907
296
1509
-695
-361
682
234
-412
401
-558
-926
2093
10
-2203
65
2385
-976
-1547
2398
-158
-2272
-74
2387
-767
-632
1184
-979
-458
1690
-703
-1697
1535
-441
-149
1070
132
-668
-1761
1022
2033
-301
-2881
1157
2190
-2645
667
1441
-712
-1432
199
1497
155
-564
-603
446
292
-558
842
-157
-1229
1417
-80
-2493
1475
3231
-2385
-3317
3671
1685
-4551
283
3884
-320
-4104
-267
4842
-409
-4747
2277
4586
-3892
-4506
6070
2204
-6175
513
5239
-2653
-3259
3174
1048
-2241
-257
1575
-13
-1972
-17
2445
-731
-1553
652
1018
27
-2510
723
3995
-2339
-2744
2370
1710
-2413
-630
3161
-308
-3417
718
2857
-2217
-1201
2450
749
-1890
-1490
2308
115
-2808
1736
2001
-2261
-432
818
1072
842
-2671
-726
2722
-270
-1956
1584
1961
-1284
-3101
966
3029
-1002
-2849
2655
2563
-3479
-2344
2234
3157
-2994
-3512
5651
2212
-6654
-310
5342
-596
-4754
1971
4269
-3915
-2148
3907
383
-2007
-11
48
530
813
-645
-919
1063
-746
-766
1735
-552
805
-566
-2324
1834
2772
-2935
-2901
3643
1737
-3433
268
4104
-2559
-5531
3870
5232
-3039
-3946
2437
2400
-2615
-734
1863
679
-1748
-1917
3542
2436
-4428
-1398
1954
1752
-1401
-1673
2984
663
-3126
17
2851
-1231
-3632
1727
4118
-540
-3036
66
874
-1920
299
3084
836
-3428
-1479
3808
1244
-3246
-1728
2502
295
-54
773
-1251
483
369
-2985
590
5696
-2380
-5172
3429
4501
-3590
-4563
3792
3158
-4196
-2157
6160
1102
-7209
1084
5584
-2698
-3364
2401
2814
-1776
-2004
2588
88
-3168
-538
2455
2261
-1607
-2196
1941
1503
-3601
-682
2573
1684
-1552
-2783
2672
2118
-4137
-2863
3963
2836
-4009
-1339
5795
-128
-6475
74
5426
714
-3757
113
3089
-1944
-2999
1722
3291
-1335
-4553
1970
4214
101
-2815
-441
1795
-925
-1666
1828
3176
-1805
-4107
1335
3211
-1590
-1645
146
1934
-1026
-1076
2517
149
-797
-956
-1697
789
3107
-1147
-1990
1360
1323
-2424
-791
3140
-19
-2326
-343
2719
1932
-1988
-3230
126
2652
-390
-1054
2713
365
-4633
-538
5247
20
-3244
-470
207
1008
1160
586
-297
-2392
-2373
1665
3630
-95
-2788
372
1278
-1055
110
1508
143
-1786
-748
2728
1854
-3338
-2521
1912
2497
-423
-1062
801
-1092
-2494
1860
3154
-2013
-2965
1354
1027
-1175
126
1419
-139
-1662
58
2972
-176
-2368
398
297
463
1187
-928
-2034
459
598
-243
-532
-338
-12
-69
276
762
-180
-508
-988
458
1563
-914
26
1582
-654
-1817
1681
125
-1982
691
641
-327
274
461
-111
-903
-719
58
-17
482
1447
762
-121
-2161
-1178
1736
723
363
-284
-1195
878
866
-1974
614
1429
-2192
55
3029
582
-1691
-254
1185
-510
202
1458
-1248
-143
1271
-691
98
877
-1063
-1336
841
-71
-21
818
210
-779
-1798
-32
185
-524
418
1843
5
-2218
232
920
-382
-532
934
205
-15
610
-319
-320
-504
-285
-16
655
1322
589
-988
-1519
-253
1
-887
674
1435
-412
-1983
572
1197
-1505
-911
819
215
-556
1051
1485
-645
-1259
-485
-223
398
640
-92
-523
329
392
-950
-449
1097
-760
-877
1982
1353
-1668
-1253
217
-519
-16
224
-39
327
90
-1197
-834
668
-6
-679
787
1190
0
-705
-518
253
206
-214
-180
188
149
-412
-338
366
133
-638
-712
140
679
506
252
366
167
-293
153
850
925
845
502
799
1069
359
249
1124
1834
731
176
917
888
-332
-227
1141
745
67
135
542
176
-559
-179
190
-98
-423
-393
-460
-529
-676
-1142
-975
-1129
-954
-549
-733
-918
-1074
-1581
-2038
-1207
-1012
-1898
-1674
-1239
-2229
-2404
-1878
-1991
-2217
-2097
-1611
-1641
-1858
-1752
-1586
-1279
-739
-386
-1025
-1115
-362
-264
-337
-184
-109
37
179
-158
238
495
-411
-80
814
530
133
493
6978
14413
14781
8277
3468
7393
10894
8680
7186
11969
15293
11004
6130
5616
4385
-1285
-3603
963
4246
1191
-5357
-7732
-7604
-9686
-12268
-12199
-8968
-7533
-8739
-9080
-7610
-8542
-11511
-11246
-6382
-2329
-1648
-1256
484
-45
2251
9604
8151
993
-782
6796
8703
2014
1162
3530
-1623
-6181
-641
1265
-6478
-9760
-3045
-1437
-8389
-8047
-5094
-9553
-11613
-5954
-3529
-9688
-9862
-3868
-4383
-8025
-3641
-96
-4184
-3633
2698
3796
-746
732
5182
2011
40
4980
7562
3399
4157
8545
20604
32431
27741
12303
806
16688
29068
17200
9886
24071
32594
14096
-1085
5504
9970
-4378
-9748
5732
12168
-39
-17619
-19409
-12585
-13800
-18189
-19098
-10172
-5415
-13479
-21430
-16471
-10522
-15960
-18937
-8170
5497
1556
-7908
-4869
569
-63
-4060
118
8802
10487
7304
4093
4286
3502
362
-1466
5539
15636
12989
2853
-2472
-1276
-5792
-11519
-4541
3302
-1825
-10465
-7700
-5924
-14723
-18053
-7203
1098
-3064
-3860
201
-2781
-10148
-8672
-813
552
-164
2446
3315
44
-1638
-1072
-1980
-284
3892
4641
919
513
1952
-2249
-4149
-173
3402
2410
16914
31506
21836
889
-3051
16886
20368
10868
15565
30304
28699
9904
1514
6170
8338
1575
2543
12711
15476
4262
-14707
-17034
-8378
-7277
-13583
-12915
-958
-2372
-17523
-22860
-13259
-10563
-17911
-15159
-1971
3480
-5688
-10562
-6722
-4818
-5191
-3984
3064
8732
8518
4337
1
585
1890
1087
4367
16123
18557
4505
-6618
-4866
-2665
-9491
-6675
5333
2871
-11522
-15246
-9297
-13713
-19598
-9692
3076
-870
-8751
-6319
-5955
-11369
-10717
-1291
2422
-940
-576
-518
-3480
-2947
1141
1125
595
5111
7073
815
-2409
2062
3531
-949
1653
6616
18405
29603
24076
9244
-3943
11020
23217
15560
13344
26513
31380
10083
-4828
3343
12271
3115
508
13129
15126
465
-17115
-15980
-7349
-6573
-8791
-9543
-3160
-4110
-15740
-22575
-14754
-6342
-10419
-12903
-3688
4639
-4702
-13726
-8301
-1076
-1127
-3235
3900
9750
5660
-548
-2298
675
2382
2457
4324
8138
9878
6716
785
-1327
-1819
-4685
-4884
-321
2034
-3942
-10917
-10316
-8851
-11647
-10893
-4222
-660
-4726
-7907
-5737
-4676
-6685
-4622
685
1868
-1829
-4281
-3214
-2166
-676
1252
2556
2048
905
-441
-1848
-1536
507
1646
1693
1551
6804
21309
22773
11685
-798
3338
17940
17248
14138
20157
27923
16787
-1407
-1567
10646
12097
4642
8036
12919
5157
-12228
-17357
-6067
-670
-4084
-8734
-6407
-5546
-14975
-21012
-15342
-5659
-6118
-11225
-8940
-2869
-5421
-12396
-9998
-2444
1611
-299
663
4940
3921
55
-1981
1816
6316
6674
5115
5396
6773
9041
6487
690
42
-597
-466
-1840
-255
8
-7402
-12009
-8827
-6020
-8910
-8579
-2799
-2339
-9607
-10186
-3313
-3059
-5612
-2051
2640
-1736
-8252
-4411
-39
-364
964
4357
2952
-1840
-1586
720
-180
-347
3767
3601
684
1267
15234
23485
14481
4346
650
12023
16207
14421
17114
23192
20765
3199
-4951
4729
14899
9377
5512
10498
7697
-8267
-18847
-6864
3287
-914
-7471
-7425
-6239
-15046
-19567
-13584
-5692
-5045
-9847
-11001
-8803
-8014
-10861
-9961
-4685
501
-575
-3874
-1199
1240
185
-2489
390
6068
5847
3319
3570
5447
7306
7021
5129
4158
852
-1095
-1620
-13
1194
-3282
-6880
-6529
-5755
-7959
-8342
-3455
-1698
-6777
-8396
-3924
-2743
-5301
-3687
1134
-785
-6473
-4978
-657
-225
-383
2343
3452
-74
-1459
722
1125
915
2600
3617
1574
235
2471
14185
19525
14207
4193
-200
10210
12698
12720
16434
22522
16394
-911
-3151
7468
12551
8150
9708
11552
2567
-11084
-11537
-754
2621
845
-3097
-5860
-10201
-15080
-13422
-9039
-3581
-4131
-9710
-12749
-10904
-9014
-10174
-7986
-2573
-1014
-5851
-7067
-3156
-1075
-1965
-2011
2009
2746
1327
898
4151
8521
6740
3721
2057
3501
2082
520
3859
5455
-498
-7200
-4972
-1939
-4204
-5618
-489
-217
-7528
-9286
-4210
-2070
-4797
-2963
255
-3104
-6994
-4995
-1931
-2650
-1672
1370
760
-1666
-47
2372
913
665
2959
3561
787
1765
4270
2972
591
9141
17137
12288
3809
746
7838
7627
8253
13228
16623
12185
1145
-929
2901
7825
8875
8902
7278
2475
-4332
-7026
-1887
3140
3819
-1425
-4515
-6667
-9587
-9422
-5782
-1210
-3209
-7392
-9501
-9566
-8964
-7351
-4196
-3305
-4801
-6680
-6977
-6445
-4131
-1674
-1259
-1983
-2150
-1465
-1725
-685
1445
2305
4025
5477
4998
1747
-711
1344
1575
977
1858
3315
1166
-3348
-3266
-1534
-1616
-2018
-685
-430
-2561
-3603
-2344
-1894
-2267
-1946
-2107
-2735
-2445
-835
-448
-737
294
1187
745
772
2194
2841
2208
2292
3048
2729
2371
2500
2987
2573
2234
1845
3265
6987
7174
4209
-681
621
3310
3616
5114
7707
7979
1215
-2485
42
3830
4728
5604
6346
3102
-2005
-3346
-600
1428
3189
2743
149
-3563
-4845
-3838
-3497
-1555
-90
-1629
-5779
-6862
-4799
-4383
-5014
-3926
-2815
-4536
-6021
-5130
-3582
-3807
-3967
-3565
-3838
-3815
-2750
-1302
-1348
-1576
-1965
-1671
150
1977
2151
481
-159
-353
-487
1063
3533
3132
561
-140
790
320
115
2567
3475
1066
-439
1072
1315
20
750
1976
706
-848
325
1267
158
-23
1238
685
-738
224
1843
1149
272
1179
1185
-106
208
1707
1359
99
429
919
-225
-637
592
1117
594
659
1218
10
-737
564
1827
1461
1200
2056
1671
548
827
2406
2879
2377
2302
1988
1298
1453
2168
2162
1633
1238
502
-684
-711
163
306
-330
-643
-891
-1993
-2748
-2265
-1574
-1867
-2370
-2625
-3076
-3613
-3869
-3690
-3447
-3030
-2776
-2844
-3040
-2882
-2666
-2680
-2410
-1875
-1251
-915
-609
-367
-334
-516
-609
-165
481
1094
1321
1141
870
517
505
827
1172
1308
1202
953
456
56
184
545
578
537
847
892
466
197
401
488
288
402
828
1015
649
372
427
462
341
484
879
1118
882
421
313
432
442
408
642
932
635
183
360
822
849
642
772
1159
1398
1442
1536
1504
1413
1379
1519
1934
2341
2279
1876
1459
1249
931
714
900
1315
1056
279
-316
-575
-766
-1218
-1279
-1175
-1201
-1815
-2400
-2580
-2546
-2773
-2927
-2705
-2516
-2627
-2876
-2730
-2444
-2424
-2552
-2388
-2011
-1638
-1499
-1384
-1244
-1155
-933
-698
-438
-103
194
373
294
152
107
283
609
923
1054
939
765
544
426
536
715
669
529
420
414
239
53
184
244
153
-55
91
350
377
214
115
199
260
332
575
891
1115
1058
906
968
1008
1147
1335
1702
1931
1709
1219
941
975
1127
1274
1270
1258
914
649
501
352
171
-60
123
367
330
4
-224
-171
-227
-540
-546
-126
130
38
-210
-193
-349
-724
-730
-298
225
298
61
-189
-374
-528
-592
-451
-107
28
-265
-627
-718
-621
-688
-813
-812
-838
-1052
-1116
-1132
-1290
-1622
-1777
-1543
-1435
-1454
-1401
-1285
-1309
-1446
-1430
-1262
-1016
-839
-621
-526
-477
-376
-353
-185
18
217
322
440
595
557
398
489
737
801
797
958
1220
1245
1056
930
934
1038
1176
1316
1458
1469
1248
848
714
853
1035
1131
1142
1117
826
515
336
265
286
436
604
547
259
-3
-159
-303
-235
-12
188
79
-216
-430
-473
-528
-570
-544
-351
-220
-392
-483
-395
-265
-518
-768
-574
-285
-235
-241
-76
54
-208
-455
-394
-175
7
48
101
24
-249
-519
-498
-162
93
-17
-147
-174
-166
-314
-366
-101
17
-52
-229
-202
-24
-19
-2
-73
-95
-89
-89
-33
-20
-71
-267
-449
-507
-316
-174
-82
44
66
-76
-378
-352
-10
325
438
391
316
128
-112
-50
262
543
472
243
228
159
94
-39
8
101
21
-17
-81
-96
-166
-216
-218
-129
-42
-21
-67
-176
-239
-370
-410
-312
-133
0
-38
-97
-129
-127
-141
-94
30
126
190
198
215
233
267
368
363
300
314
439
604
572
451
316
299
403
510
571
524
429
280
197
161
219
256
306
260
30
-121
-73
44
-38
-113
-50
-11
-195
-274
-191
-159
-248
-341
-312
-362
-307
-261
-200
-123
-63
-111
-267
-102
169
188
41
114
218
17
-102
150
375
182
-51
-46
-11
-185
-351
-356
-296
-327
-456
-571
-662
-698
-787
-734
-569
-423
-443
-539
-519
-589
-653
-582
-319
-120
-101
-114
-77
-91
-100
-20
96
231
235
217
166
151
198
199
252
330
349
273
210
238
239
126
134
325
465
415
275
264
236
154
217
387
485
408
382
407
332
359
518
673
601
528
547
435
286
222
378
434
341
161
5
26
39
32
-6
94
138
-31
-170
-115
18
-91
-196
-119
-52
-102
-199
-55
89
13
-195
-320
-196
-123
-215
-320
-232
-181
-411
-664
-643
-470
-474
-497
-446
-484
-635
-698
-582
-540
-546
-443
-352
-389
-429
-343
-263
-272
-219
-103
-88
-136
-108
-4
33
28
49
105
155
185
189
130
74
31
51
77
127
169
153
82
10
69
168
230
225
239
257
237
253
351
508
576
566
543
547
541
527
556
590
589
553
508
448
383
346
325
280
229
241
252
163
-1
-102
-75
-58
-92
-114
-107
-153
-256
-284
-248
-199
-197
-244
-283
-216
-109
-153
-288
-260
-79
-97
-264
-213
22
82
-96
-158
-62
-30
-89
-97
-68
-152
-310
-435
-444
-372
-334
-411
-546
-604
-617
-648
-616
-476
-377
-410
-450
-385
-301
-259
-171
-34
38
25
45
127
201
243
276
312
326
303
272
297
366
376
298
267
327
307
211
219
318
273
139
189
323
256
97
158
324
312
196
186
217
158
123
227
389
456
386
261
185
206
266
304
336
394
382
220
51
32
108
124
77
24
-48
-125
-160
-180
-226
-233
-206
-269
-401
-414
-273
-196
-254
-295
-275
-244
-223
-189
-136
-81
-96
-209
-269
-161
-37
-74
-146
-147
-220
-407
-479
-328
-192
-229
-331
-398
-429
-468
-482
-405
-241
-145
-228
-307
-237
-137
-122
-47
123
185
118
131
237
251
235
337
447
400
324
372
424
369
287
283
316
327
344
364
340
264
174
145
192
244
236
215
243
266
206
107
103
181
220
197
196
213
161
50
-10
5
30
50
47
-5
-102
-172
-201
-223
-217
-154
-106
-160
-274
-331
-300
-268
-245
-182
-80
-51
-141
-197
-121
-25
-24
-30
63
155
117
26
20
73
61
-29
-58
31
87
-26
-175
-147
-63
-146
-276
-220
-96
-163
-324
-327
-223
-219
-292
-283
-208
-201
-270
-289
-203
-108
-108
-134
-93
-31
-22
-2
79
144
155
153
181
225
280
328
324
293
294
317
331
369
430
437
370
317
308
282
264
302
346
322
252
173
97
25
-22
-2
57
37
-71
-173
-233
-268
-287
-265
-215
-179
-213
-289
-322
-265
-174
-112
-102
-87
15
93
-27
-86
199
341
17
-48
366
383
2
31
269
134
-50
41
92
-2
-28
-48
-155
-213
-178
-172
-201
-175
-123
-145
-250
-313
-273
-198
-150
-143
-150
-156
-192
-249
-242
-156
-117
-152
-179
-171
-148
-123
-113
-123
-112
-95
-73
-32
42
118
100
42
37
84
120
178
264
315
292
229
220
253
286
314
355
422
430
340
292
297
284
271
284
302
268
157
96
102
56
35
52
19
-60
-141
-193
-185
-143
-97
-71
-85
-146
-219
-232
-176
-105
-74
-106
-116
-91
-123
-160
-114
-53
-63
-118
-73
31
-31
-128
-43
36
1
-21
0
21
6
-2
54
59
19
38
39
-11
-74
-58
-74
-149
-171
-96
-100
-109
-283
-458
-215
-83
-174
-201
-160
-200
-158
-248
-249
-104
-89
-64
-80
-82
-43
-57
-103
36
65
101
92
134
197
241
367
397
433
315
221
123
245
371
409
353
320
277
71
368
210
-533
-234
404
134
303
143
39
409
-120
-180
187
371
-294
106
-303
1401
2260
648
173
-651
-915
-1460
-917
-1299
-390
-31
422
55
-442
-502
-846
-936
-863
-466
-220
333
414
278
190
97
-53
-215
-49
203
360
334
651
1184
486
229
90
136
-75
43
-37
-130
177
104
-62
-316
-337
-608
-542
-490
-388
-296
-191
-182
-300
-384
-387
-192
-75
-109
-164
-120
-231
-308
-196
-21
127
260
312
340
421
203
110
18
31
-73
92
305
356
478
574
734
599
216
5
48
44
102
105
181
484
401
15
-189
-112
-11
47
64
-12
48
-205
-92
-69
-83
64
239
122
99
190
-40
-144
-152
-97
-187
-38
-22
47
-41
-154
-251
-261
-248
-332
2
68
-312
-324
-38
-515
-761
128
464
-138
264
-311
-773
-73
304
-194
12
613
-50
41
56
-168
180
234
-346
-133
764
257
-201
-556
-256
-394
204
550
-736
-237
455
-436
-1104
691
411
-258
205
-333
-111
267
229
-564
428
932
-38
-271
-678
406
234
-609
443
476
480
335
-170
-137
465
-72
-304
1000
105
329
1101
-804
-691
583
62
518
741
-55
-816
267
241
-709
-459
2272
13
-1834
895
-31
248
-481
345
565
909
-316
-1317
-221
-511
-272
572
1046
-914
-14
949
-1489
-777
147
266
648
-920
-743
-928
-39
1832
-1220
-1948
2187
937
-2357
-975
533
-615
148
600
545
-169
-68
1046
-2418
-927
1446
-449
474
1296
-15
517
-522
-1814
915
181
-477
2044
569
-269
-568
-735
-1063
620
251
282
1193
-863
-1175
207
1259
-3416
-149
2658
-76
363
-324
36
-967
-1206
294
944
2080
1650
-988
-1083
1218
-91
-2386
274
3621
1370
-1774
133
160
-892
-147
-665
372
1575
732
1015
-611
-87
-650
-2297
-156
1543
1697
1633
-1199
-1877
-525
-457
429
192
765
1664
-870
-977
-1432
145
840
-449
-1140
1051
1075
-477
62
-1442
-897
1275
1520
-1341
603
1451
-1359
-2175
-1933
1513
1773
233
-906
897
-964
-3362
1324
828
910
-606
-100
496
128
-1781
-669
276
-574
1850
917
-985
-749
-1133
530
-50
-1704
2888
728
-1771
943
-726
-1327
1510
-1126
-1099
3164
1475
-836
-2604
119
1338
1169
-1227
966
1461
-1997
2003
-727
-2295
2398
1453
-2758
1399
1582
-1869
-300
755
-621
348
1295
-266
-433
-641
351
836
-422
-336
494
-222
52
1081
2573
-2907
-1943
2989
-1066
-40
365
561
1053
-831
-3305
2348
1030
-2125
1417
1230
-1562
777
1458
-3258
368
1990
-574
-816
2489
-913
-2443
2050
-458
-1222
1069
-179
-1072
529
813
-1880
-543
750
-1394
-1172
1796
307
-1137
48
-579
-1498
1146
551
-1216
251
1132
-792
-252
21
-2396
1862
1074
-1524
1266
810
-1643
-1086
-49
832
817
-430
-798
1765
216
-789
-455
-771
1061
987
-496
215
120
1630
-505
-2090
428
1778
-150
-901
2384
-1051
94
471
-1793
697
2054
-374
-465
801
785
-1516
-1305
2431
877
-1262
45
870
-93
-338
-36
248
-511
1333
662
-2159
815
963
-1385
-703
2120
211
-602
39
-426
1621
-1902
68
802
-730
1196
482
-1416
-698
392
143
-727
-7
411
-144
-65
-857
-635
-471
301
-530
232
373
-565
-794
-338
-46
-463
1028
-1465
-339
1719
-731
-1170
632
-101
-1052
1594
-45
-1330
1185
1054
-2898
-520
3068
-1100
-932
1821
48
-1636
1153
250
-1050
25
1226
-521
274
873
-577
-136
-428
396
-354
749
78
-155
197
30
-103
-784
962
1072
-623
-1420
1710
1246
-1449
-52
297
385
1211
590
-1348
-407
2088
399
-1313
330
338
812
378
-1195
-411
1767
594
-2583
544
1214
-337
22
-233
-154
-91
267
498
-1005
48
1474
-1768
-538
2031
-886
-1408
1336
-179
-205
-131
-295
-207
-66
-234
-943
757
390
-1304
-480
945
-1234
41
953
-844
-478
738
-589
37
254
-429
-316
-451
856
-210
-332
-756
300
-48
-852
239
802
-711
227
591
-1420
625
405
147
-913
598
957
-459
-251
620
240
-1152
470
778
-200
153
311
-972
566
176
-926
1275
860
-1213
5
481
297
784
-248
-362
437
650
237
727
-1162
-421
1548
-176
-263
-194
1483
127
-1987
0
1894
-123
-1527
213
1090
361
-56
-934
-841
862
654
-213
204
-506
-337
926
-585
-720
853
133
-390
-67
-610
356
694
-1244
-284
528
-704
1024
-136
-1709
804
1106
-1059
-1237
392
1110
-1169
511
377
-1815
872
204
-1012
550
828
-1185
-754
701
-218
-192
391
-230
-680
-123
429
-456
-2
242
1
-541
-319
998
-278
-263
453
-659
-153
1259
-582
-400
709
446
-364
94
-295
416
1206
-1063
347
1190
-695
-113
208
207
1546
-417
-1128
806
772
107
-959
573
946
-636
-224
297
382
-229
-45
72
7
-42
89
-572
1288
160
-1282
1100
14
-1254
653
782
91
-347
-1292
259
951
-317
-313
248
-755
79
310
-1070
445
-666
-284
1150
-533
-1675
382
1743
-1253
-789
279
107
494
-527
404
-75
-116
-52
933
-969
-637
1604
-184
-1007
-55
395
-117
-152
-627
766
424
-1985
-32
855
-462
522
-258
-1122
1606
-521
-1045
1759
-174
-1117
545
821
-423
343
-311
133
1075
-832
362
384
-1304
675
808
-701
22
1019
-920
-481
1480
426
-1327
-958
1855
621
-1626
1049
803
-1906
976
1206
-1340
45
856
-371
-310
890
-494
-541
519
357
-982
1133
88
-1435
1005
580
-1089
-195
836
-112
398
-448
-15
198
-201
165
-572
152
1155
-44
-1729
108
1629
-768
-989
912
34
-376
181
-827
300
473
-649
-189
-191
536
212
-401
-1519
860
802
-1680
831
431
-1110
178
345
-1008
362
631
-914
-127
412
570
-140
-1422
709
1064
-1067
-344
1019
-104
356
666
-2020
407
1998
-1107
-1061
1196
750
-700
-609
-81
1285
510
-1089
-622
1517
120
-867
396
250
329
-4
-56
1274
-967
-1691
2685
10
-1299
750
13
-656
673
17
-360
-245
-380
1198
-789
-808
897
106
-1382
653
1079
-987
-798
412
422
-289
-121
-103
339
373
-1123
533
1477
-1978
-407
2167
-499
-981
1061
-381
-627
1349
-916
-689
1506
-349
-905
674
-207
-266
660
-950
-289
1133
-501
-336
25
-153
296
-584
-625
792
317
-305
-908
-305
1028
-119
-834
278
630
-401
-456
242
509
-4
-241
-208
143
855
164
-584
433
-158
695
460
-1085
75
1159
-43
-486
394
786
-731
-443
887
439
-446
-521
-300
1156
638
-1902
211
533
-657
396
89
-746
-171
545
-874
847
195
-967
527
-271
-627
269
879
-233
-492
-63
536
951
-748
-57
103
-318
815
686
-1346
-307
1453
230
-928
-614
1788
18
-1857
837
887
-1184
148
134
-1072
57
1896
-397
-2709
1401
1638
-2160
-352
525
-546
698
-488
-1013
1162
375
-1294
578
-976
441
1567
-2609
-898
2627
413
-2421
-141
1176
177
-467
-329
-332
216
397
-697
-114
1261
-282
-238
1
-322
1067
496
-818
-696
1406
1819
-1102
-1259
1165
1289
-110
-572
19
1136
517
-1671
668
1344
381
-419
-1265
296
1428
1067
-1623
-1265
1329
897
-310
-352
2
-388
649
-179
-1227
1225
1464
-1913
-1538
1015
1495
-143
-1608
-254
69
490
-27
-482
-566
-466
189
339
-200
-1235
488
920
-2108
-925
1927
500
-1702
-1336
1159
599
-211
-1134
-114
933
-49
-692
-328
813
230
-538
-101
1084
-608
-266
775
342
-685
-92
1069
701
-1212
-963
2823
-210
-2224
1299
1051
-857
34
382
108
35
60
-318
550
242
-519
292
-201
498
55
-576
457
179
-642
655
-78
126
87
-822
-169
965
561
-1259
402
9
-182
505
-258
-280
60
5
492
40
-886
120
959
-453
-786
795
328
-201
-652
-313
1208
206
-1548
171
1014
-387
525
-908
-601
790
249
180
-880
-560
1213
-61
-703
147
-332
-39
680
237
-1508
354
523
-382
229
-396
-516
596
252
-815
261
-87
163
-252
-211
168
-223
453
-178
91
1
-1139
811
1409
-1173
-668
1151
401
-932
-86
1034
-183
-212
254
-9
249
115
-189
225
158
-302
-21
735
195
-731
-253
258
528
205
-245
-689
-136
669
820
-600
-1230
1138
179
-860
-100
1307
-124
-1170
303
674
-605
-508
1760
-374
-1711
593
1480
-519
-670
-3
-49
739
356
-1230
-566
2368
-233
-3012
1354
1750
-1251
-414
683
-1000
-17
1565
-821
-1600
925
1228
-1085
-313
25
-652
1213
996
-2675
-517
2836
-875
-1725
1932
3
-2205
1400
809
-1890
1406
1340
-2551
-554
2059
-224
-327
412
-280
-535
106
544
745
-352
-1085
563
221
338
183
-952
934
-12
-1340
507
1842
-351
-2359
843
1449
-1060
-455
1062
233
-1206
-634
1173
941
-1070
-763
277
919
-217
-830
1066
-828
-244
1075
-894
407
857
-1772
-21
2369
-1198
-1726
2082
1092
-2406
-185
1721
-367
560
-426
-1336
1667
730
-1882
67
1770
7
-1309
33
1271
-941
-771
1776
569
-2507
-57
2512
-271
-1879
-247
1173
561
-619
-1632
1165
1410
-1415
-1165
1157
183
-1465
1014
1279
-786
-2452
873
2418
-1009
-2215
663
1986
-583
-721
-478
-94
1238
-491
-1482
1730
867
-1461
-697
1106
-129
-772
1404
165
-1297
-357
1195
473
-441
-1035
665
629
-280
-310
56
651
-112
-718
-171
590
325
492
-901
-285
212
-344
807
809
-1095
-997
1075
561
-535
-319
-35
607
115
-401
-107
71
692
-843
8
843
-1045
292
760
-188
-67
-725
120
1085
-822
-302
501
294
723
-1118
-1456
1414
1725
-1540
-1355
2028
602
-2869
959
2124
-2097
-395
1728
-678
-686
290
-294
223
398
276
-1141
-154
1565
-1091
-1055
2219
-236
-2363
1081
1035
-231
-835
714
1347
-1979
-666
1944
-142
-637
102
-748
390
1417
-736
-1265
1028
946
-572
-1498
890
851
-1660
788
726
-1255
208
547
-129
-248
-296
715
-213
-683
548
-557
-219
1344
560
-1866
-562
1331
673
-1045
168
1175
-1781
125
1236
-580
122
56
278
12
-1090
625
926
-610
386
-462
-1302
1511
1105
-1420
-133
363
61
-298
-235
1527
-1089
-975
1913
-970
-552
1282
-1020
11
532
-189
371
-429
-518
1056
-796
-537
1914
-398
-1423
334
396
-192
163
594
-359
-1241
940
589
-1089
730
127
-1125
904
-170
-182
692
-946
601
-184
-880
1532
-267
-1193
1248
-391
-1118
1679
-173
-1108
794
-173
-199
536
-472
119
294
-595
291
128
-361
588
17
-597
39
165
203
-218
257
337
-952
-296
1073
-213
39
478
-1254
116
749
-230
534
-511
-692
823
-48
172
-280
-753
1290
-16
-1135
1021
-321
-1037
1238
455
-110
-995
-542
1157
6
-168
888
-1313
-701
1694
-564
-291
975
-1041
-138
648
-274
429
-644
-62
1193
-1163
-91
1059
-961
-140
896
-89
-515
-42
-52
781
-131
-970
771
-120
-461
1137
-273
-1491
678
1110
-185
-1018
-203
1078
-302
-716
1208
-175
-1936
1065
1190
-641
-403
71
31
-10
226
-155
-719
373
1091
-41
-1074
-821
1251
739
-875
59
637
-1456
-24
2098
-727
-1807
1230
1333
-1576
-207
1054
-397
-538
792
239
-1376
99
1269
528
-1173
-806
1032
245
-836
619
1098
-2005
-569
2698
-605
-2539
1834
1976
-3284
-59
3450
-1955
-2394
2753
1203
-2743
-623
2927
-44
-2886
1058
2178
-1589
-1386
1641
428
-1607
460
2119
-1643
-2106
2390
1283
-2541
-125
2650
-1311
-2226
2142
1233
-2230
-340
2357
-719
-2018
1669
1284
-2172
-909
2910
-59
-3019
1103
2437
-1376
-1980
1707
1110
-1838
-385
1873
23
-1783
-85
1953
-227
-2134
1142
1651
-1771
-876
1915
163
-2220
845
2210
-1680
-1801
2181
925
-2159
39
1665
-467
-1685
1214
1733
-2051
-1336
2375
789
-2294
-260
2091
-57
-1955
531
2007
-1381
-1942
2135
1673
-2602
-652
2542
-502
-2251
1402
1867
-1839
-1266
1868
791
-2098
-369
2511
-316
-2592
1264
2218
-2201
-1502
2675
651
-2522
-128
2152
-217
-1816
503
1904
-1324
-1789
2191
1147
-2384
-568
2044
7
-1573
424
1428
-940
-1544
1498
1257
-2008
-570
2296
-107
-2405
899
1805
-1510
-1003
1700
741
-1941
-377
1839
-130
-1525
566
1670
-1355
-1652
2017
1398
-2335
-753
2215
7
-1772
388
1526
-675
-1175
841
1204
-1460
-1191
2058
767
-2170
-61
2200
-774
-1945
1022
1699
-1108
-1268
1103
995
-1294
-808
1956
158
-2531
780
2528
-1513
-1825
1527
1308
-1397
-917
1621
289
-1848
243
1667
-155
-1340
120
1087
-445
-853
538
768
-553
-820
696
1126
-1095
-1231
1711
670
-2420
239
2914
-1150
-2612
1734
1931
-2052
-1517
2493
925
-2559
-290
2160
-178
-1622
339
1064
115
-1090
-355
1312
344
-1877
-81
2230
41
-2443
255
2325
-1148
-1680
2108
778
-2558
-125
2337
-310
-1854
627
1507
-905
-1177
1064
491
-952
207
255
-179
744
-506
-1029
914
539
-829
295
543
-846
-659
1381
1100
-2077
-918
2184
147
-2176
1282
2192
-2674
-1428
2731
431
-2268
777
1779
-1840
-1062
2116
492
-1881
-111
1047
225
-485
-168
428
-167
-492
328
530
-621
-149
762
49
-779
-151
464
-162
181
537
-519
-606
645
36
-730
820
420
-1160
-60
1290
-396
-1058
1112
322
-1417
126
1700
-481
-1536
659
1131
-613
-1068
1008
458
-1430
459
1591
-1304
-1182
1684
291
-1487
517
1249
-716
-1376
739
1360
-1132
-714
1530
-160
-1636
731
1140
-763
-1012
684
1254
-1115
-883
1604
68
-1787
849
1148
-1353
-24
1558
-663
-1188
758
432
-737
52
866
-212
-801
215
660
-582
-533
1009
153
-1175
211
1052
-150
-771
71
455
-467
-44
1172
-88
-1403
306
868
-470
-351
638
142
-734
-217
525
276
-639
-99
997
-503
-901
983
541
-1128
-182
1287
-284
-938
726
562
-1168
-201
1244
-229
-1091
532
975
-547
-776
296
480
-570
-148
1040
272
-1123
-392
906
152
-629
193
306
-345
-155
383
424
-304
-635
-60
397
-234
184
1067
-481
-1254
119
871
-346
-392
854
240
-723
-313
358
280
-297
-268
462
154
-536
333
420
-623
-262
24
182
471
83
-36
-81
-372
-421
69
427
112
3
196
-61
-398
-92
337
-40
-230
188
280
-3
-226
-95
78
-59
-196
86
266
200
126
-269
-362
-211
105
492
92
-70
17
-134
-188
-80
83
73
-66
155
247
-233
-22
325
-153
-595
57
527
-92
-153
454
84
-680
-157
288
30
-57
246
215
-184
-213
-83
39
11
190
170
-267
-227
139
261
-62
-215
43
-8
-241
259
563
-361
-521
297
-35
-323
232
470
-107
-256
186
-173
-433
78
235
103
355
-122
-437
88
-53
-61
342
16
-449
-57
253
192
37
-48
-130
-196
-19
286
98
-322
-64
210
76
5
157
-97
-352
181
463
-256
-388
157
13
21
158
235
282
-256
-455
97
75
-195
131
247
-84
-55
235
217
96
-400
-519
53
241
62
202
99
-258
105
76
-56
67
-289
-198
192
32
-181
-18
310
210
-183
94
169
-550
-360
397
40
-194
321
164
-77
174
111
-363
-360
119
11
103
283
-203
-162
464
58
-489
160
117
-528
-81
594
45
-468
261
305
-458
28
424
-444
-265
461
-78
-334
162
232
-128
-117
241
139
-407
-292
488
290
-245
-165
-100
14
58
178
221
-30
-351
-204
600
341
-639
-347
348
150
-43
288
93
-364
-160
158
167
106
-40
-217
-176
175
218
-226
-145
304
298
-160
-364
-135
-51
112
132
-28
6
-111
-133
223
309
-188
-468
-43
163
-98
98
189
-112
79
375
-70
-467
3
255
-188
-248
476
528
-330
-388
160
194
-88
47
198
3
-149
-123
117
243
-77
-463
43
591
-47
-374
213
29
-592
-85
440
5
-242
186
304
-227
-308
3
-110
-286
42
255
185
249
-2
-275
-163
-71
-133
-35
139
178
156
109
33
-143
-193
68
134
-21
50
-35
-193
50
235
25
37
137
-103
-126
1
-52
-32
-43
-200
92
478
91
-283
92
174
-496
-374
419
202
-310
89
309
-149
-60
223
-3
-189
-234
-79
147
9
54
280
-38
-215
-9
93
161
-123
-327
28
91
-47
191
183
-59
-37
54
6
-151
-25
84
-221
-104
340
93
-151
293
220
-365
-188
137
-138
-224
80
342
191
-191
-132
13
-29
88
10
-142
-43
-155
-119
327
334
-119
-230
-21
-51
-138
83
254
-33
-340
-28
391
143
-244
-116
10
-110
-31
250
238
-186
-256
113
114
-91
-7
110
-15
-116
77
207
-71
-225
40
68
-87
99
159
-186
-257
159
352
1
-254
-34
89
-84
-58
88
-3
-112
25
223
142
-116
-147
-20
-9
-29
-58
-69
92
228
98
-77
-34
-13
-124
-118
4
53
58
24
-26
92
132
-112
-139
99
-27
-162
159
205
-144
-151
24
-21
0
146
113
-34
-61
-69
-141
-29
128
28
2
112
-6
-104
17
4
-65
-7
-38
-2
195
46
-219
10
155
-113
-89
128
61
-66
-89
-11
91
-30
-141
72
178
-37
-95
70
-11
-144
32
74
-90
-12
90
20
52
99
-9
-118
-100
-21
16
19
16
17
61
49
-22
58
100
-144
-246
-20
96
54
64
47
-18
-26
-3
45
25
-129
-152
75
141
-54
-71
92
85
-38
-21
40
-51
-119
20
125
39
-54
-45
28
75
12
-56
-19
-15
-46
45
85
-58
-81
53
48
-27
-5
27
8
-39
-46
48
53
-79
-31
119
19
-91
38
99
-63
-120
40
79
-87
-67
114
51
-79
13
89
-14
-82
-24
12
-29
-30
57
69
-30
-42
46
13
-89
-43
31
-11
2
63
8
-37
29
43
-39
-65
-28
-7
4
23
23
47
45
-52
-65
15
-13
-42
51
66
-24
-38
37
61
-8
-61
-29
1
4
30
36
5
-5
-23
-13
61
44
-74
-56
32
6
-17
25
22
-10
-13
-6
11
13
-11
-16
12
4
-26
-3
23
-12
-26
2
12
31
28
-9
-4
-13
-57
-20
37
7
-19
24
61
34
-19
-27
-19
-33
-30
-23
-5
32
42
26
32
28
-8
-50
-48
-13
-12
-32
-11
55
74
34
14
5
-36
-55
-33
-24
-6
41
39
2
14
26
-16
-49
-24
-8
-25
-5
41
43
14
-5
-7
1
-14
-31
-17
-9
-24
11
68
47
0
-8
-2
-19
-24
-2
-6
-38
-19
44
45
19
18
-11
-44
-24
-3
-7
2
6
0
27
44
14
-10
-21
-59
-58
3
27
4
20
38
1
-12
23
6
-52
-46
-4
12
15
23
28
17
3
-6
-3
-5
-22
-18
7
10
-10
6
19
6
3
0
-13
-13
0
3
-2
-5
-3
-8
-2
9
6
3
3
-5
-2
11
-2
-20
-8
5
-1
-1
4
5
-2
-1
15
13
-6
-15
-1
-1
-9
6
16
-3
-5
15
14
-3
2
3
-14
-12
7
-1
-6
14
9
-11
-8
13
5
-5
4
6
-6
-5
10
11
-2
-8
1
5
-4
-3
-1
-6
-7
2
6
-1
-3
-1
2
5
4
3
-7
-7
3
5
-1
-4
-8
-9
3
6
0
-9
-9
-6
-2
0
3
0
-6
-2
9
6
-5
-5
-4
-3
3
7
1
1
3
-2
-5
2
2
-6
-4
4
5
1
2
8
5
4
5
1
2
3
3
0
5
8
4
-1
3
1
-5
0
-1
-5
-4
5
-1
-5
5
2
-3
0
14
0
-5
1
0
-7
-5
3
-2
-3
-2
-2
-6
-7
-4
-1
-2
-4
-2
1
-4
-5
-2
3
2
-3
3
2
-7
-8
5
-1
-6
0
5
0
2
4
5
-1
1
1
-2
1
3
0
1
5
1
6
10
5
-3
-2
4
3
0
4
2
-1
1
1
3
0
1
-1
-3
-7
-1
2
-3
-5
-1
4
-5
-3
3
3
-4
1
4
2
-5
-2
5
-1
-3
1
0
-5
1
1
-2
-2
1
2
-1
0
3
2
0
-2
-2
0
-2
-5
-1
-1
-4
-2
1
0
-2
3
4
-2
-1
2
1
-1
0
-3
-1
-1
0
-1
-1
4
2
-1
-4
1
0
-1
4
4
1
1
0
1
-5
-2
1
-1
-1
1
2
2
-1
1
5
0
1
0
-1
-3
0
-1
-1
1
2
-1
0
0
3
3
3
-2
-6
-4
-5
-2
-1
0
-2
0
1
0
2
4
2
-2
-1
4
0
-2
3
0
0
-3
0
-2
1
0
1
0
-1
0
2
4
1
1
-2
0
-1
2
1
-1
-4
1
2
1
2
2
-1
0
-1
-2
2
-3
0
1
0
-1
-3
-6
-4
0
0
3
1
2
0
-3
0
0
0
0
0
-1
0
2
3
1
-1
1
3
2
-1
-2
-1
0
-1
2
0
-2
-2
-4
-1
-4
-1
2
-1
0
4
5
-3
-2
0
-2
-3
3
3
-1
3
0
-2
1
1
-1
0
-1
-1
1
3
1
1
0
-1
1
0
-1
-1
2
4
3
0
1
3
3
2
2
0
0
-1
-2
-1
2
0
-6
-3
1
0
-1
1
-1
-2
-2
-2
0
1
1
1
0
0
1
0
-3
-4
0
1
-3
-1
1
0
1
0
-2
0
-4
-2
-1
0
-1
-1
1
1
0
-1
-3
-2
-2
-4
-2
1
2
1
1
-1
-1
2
3
6
9
4
3
3
4
7
3
1
2
4
2
0
-3
-2
-2
-1
-3
-5
-1
0
0
-4
-3
-2
-5
-5
-3
0
1
-1
0
-2
-1
0
1
0
-2
3
1
-3
-1
-2
-3
-2
1
2
-1
2
3
0
0
0
-1
2
3
1
-1
-3
-3
-1
-1
0
0
0
3
3
2
-1
0
2
0
2
4
4
6
6
5
4
2
3
-1
0
2
4
0
0
-2
-6
-1
-3
-4
-6
-1
1
1
1
-3
-4
-5
-8
-7
-6
-3
-6
-4
-2
-5
-3
0
-3
-3
2
0
1
2
2
0
1
1
0
1
4
-1
2
4
0
4
1
4
2
4
4
4
3
3
1
0
2
3
4
7
7
3
1
2
3
2
4
6
2
1
1
2
1
3
3
-1
-1
-4
-4
-8
0
-2
-4
-7
-5
-2
-5
0
-2
-2
-5
-3
-3
-1
-2
-3
-4
-2
0
1
1
1
1
-2
0
-3
-2
4
2
0
3
0
0
0
-1
-1
0
-1
0
-1
0
1
-4
0
0
-5
-1
-1
-2
-1
1
0
-2
2
5
5
2
4
5
2
3
2
1
2
3
2
0
-1
0
0
-1
1
1
-2
0
3
2
0
-2
-2
-1
0
4
2
-1
1
1
1
0
0
3
2
-2
3
2
-1
3
1
-1
2
2
0
2
0
-3
-5
-2
-2
-2
-3
-3
-4
-5
-4
-4
0
-4
-2
0
-2
-3
-2
0
0
0
1
4
2
1
0
2
1
-1
-2
-1
1
0
-1
1
0
3
4
1
2
4
6
1
2
3
3
2
1
3
3
2
-2
0
0
-3
-1
-2
-1
-2
-1
-3
-3
-4
2
0
1
2
1
1
-2
-2
-4
-4
-3
-2
-2
0
0
-2
-2
0
0
1
0
-1
-1
0
-1
0
-2
-1
-1
1
3
3
3
0
4
1
3
1
1
-1
-1
-3
-2
-3
-2
2
-2
0
-1
-2
-1
-2
-2
-1
-4
0
1
1
-1
-4
2
-1
0
3
2
5
4
3
2
2
6
4
2
1
1
3
2
0
2
4
-1
-2
0
2
2
2
0
-1
1
1
-2
3
3
2
1
-2
-3
-4
-3
-1
0
-2
-4
-1
-3
-6
-5
-4
-3
-2
-1
1
2
2
1
-1
-3
-3
-3
-2
-2
-3
0
0
-2
-4
2
5
3
-1
-3
-1
-2
1
-1
-3
-3
-1
-4
-4
0
3
1
3
7
3
2
2
6
-2
1
5
0
0
-1
2
1
0
0
1
1
2
3
5
4
1
5
3
2
1
2
-1
0
-4
-3
-3
-3
-1
1
2
-1
1
1
-2
-6
-3
-1
-1
1
4
3
-1
-2
-2
1
0
-3
1
-2
-2
-3
-2
0
-2
0
-2
-1
0
-3
-2
-3
0
2
2
1
1
0
2
3
1
2
2
0
-1
-2
-1
1
2
1
0
2
-1
-2
-2
0
-1
-4
-1
-1
0
0
1
1
-2
-1
-1
2
0
0
1
1
2
4
1
2
4
2
-1
-1
-1
0
1
3
3
0
-2
-4
-1
-4
-2
0
-2
-3
-3
0
-3
-1
0
1
1
3
5
5
3
-1
1
0
-1
-1
-1
-3
0
-4
-2
-2
0
1
-5
-3
2
-1
-3
0
0
0
-2
0
2
3
3
3
2
4
4
5
5
3
6
3
4
3
3
0
-2
-3
-2
-3
0
-1
0
0
-2
-2
-3
-1
-6
-6
-5
0
-2
-4
0
0
1
1
1
1
0
0
1
-2
4
4
-1
-1
-1
1
-2
-1
1
-2
0
-1
-1
1
2
-1
3
1
-1
2
0
-3
-1
1
-1
1
3
4
2
-3
-3
-1
0
-1
1
-1
-4
0
-2
-3
-4
0
-1
-1
-1
-1
1
0
1
1
-1
0
-3
-2
-2
-2
0
2
2
2
-1
1
1
3
2
3
6
0
1
1
0
3
5
3
5
5
3
2
-1
2
2
1
1
3
2
0
0
2
1
0
-2
0
0
0
-2
-3
-3
-3
1
-2
-1
-1
2
0
-6
-5
-1
-2
-3
-2
0
-2
-4
-2
2
0
1
-1
2
1
-3
-3
-2
0
-1
-3
-4
0
-1
0
1
0
1
0
3
5
2
1
3
2
3
3
1
-1
-1
-3
-1
-3
-1
2
3
3
3
1
1
3
1
1
0
-1
-2
1
2
2
1
-2
-2
0
0
1
2
2
0
-4
-2
1
1
-3
-2
-1
-2
2
1
-1
1
4
-1
-2
1
0
-1
-3
-2
-1
-3
0
-4
-3
2
2
2
-1
2
1
0
-3
-1
0
-1
-3
-2
-2
-3
1
-1
-6
0
-1
0
-4
-1
0
-4
2
1
6
6
3
2
3
1
4
1
1
