SAMPLES:	12860
BITSPERSAMPLE:	16
CHANNELS:	1
SAMPLERATE:	16000
NORMALIZED:	FALSE
-4
-2
-3
0
1
-1
-2
-2
1
1
3
0
3
4
2
2
0
4
3
2
2
0
-1
0
0
0
3
4
4
6
4
3
1
0
-2
-1
0
-1
-1
-1
1
-2
-4
-4
-5
-6
-8
-8
-8
-7
-7
-6
-5
-2
-5
-4
-2
-4
0
0
-2
1
1
0
4
4
2
0
-4
-3
-1
-1
-1
5
4
4
4
0
4
3
3
3
8
4
3
3
2
4
2
1
1
2
0
-1
0
-1
-3
-6
-3
0
0
0
-3
-3
0
0
3
5
5
6
4
2
-1
0
3
3
2
1
-3
-4
-2
0
0
-1
0
3
3
-1
1
1
2
-1
-1
-2
-2
-2
-3
-3
-5
-2
-4
-4
-3
-1
3
2
4
1
2
1
-1
-3
-2
1
-2
-1
-1
-2
-4
-3
0
-2
0
-3
-5
-5
-2
-1
-3
3
0
0
0
-1
0
2
4
3
2
0
3
4
3
3
1
-1
0
2
2
-2
-2
-2
1
1
2
3
2
1
1
3
3
2
0
0
-2
-2
-1
3
0
1
1
-2
-1
-3
1
1
0
1
-3
-2
-3
0
0
-2
-3
-1
0
-2
0
1
-1
1
-1
-4
0
1
4
2
4
1
0
3
1
0
2
1
0
-1
1
-1
1
-1
-4
-1
-1
-1
1
1
-3
-1
-2
-3
0
1
0
-2
-1
-3
-2
-1
1
-1
-1
2
0
1
-1
0
0
2
2
-2
1
2
4
3
2
3
4
4
-1
0
2
3
1
3
4
2
3
1
0
1
1
-2
-2
-6
-2
-5
-4
-7
-5
-3
-6
-4
-3
-3
-3
1
0
-1
0
0
-1
0
-2
1
0
-2
-1
-1
-3
0
-1
-3
0
0
1
4
2
2
1
0
0
1
1
3
1
1
3
1
3
6
5
3
6
-1
0
-1
0
2
1
1
1
0
1
2
1
3
0
4
3
0
1
1
3
-2
-1
1
-2
0
1
2
0
-2
1
-3
-2
-3
-2
-3
-3
0
-1
-2
-3
0
-5
-4
-3
-2
-1
-3
-4
-2
-1
-3
-3
-1
-4
-7
-4
-4
-1
1
1
3
2
1
4
4
5
1
1
3
3
-1
2
4
1
3
3
3
3
0
1
1
-2
-3
-1
2
2
-1
-3
-4
-3
-3
-3
0
-1
2
3
3
2
-1
3
1
-1
-2
0
0
3
1
0
1
1
3
1
-2
2
0
0
-1
-2
0
1
1
-1
0
1
-3
-2
-2
-1
0
1
2
0
-1
-2
0
-2
-2
-2
-1
-2
-1
-2
-2
1
0
3
6
3
-1
1
1
0
-2
-3
-1
1
-1
1
3
1
1
0
2
-1
-3
-3
2
1
1
2
3
4
1
1
5
2
-2
-1
-1
0
0
0
0
-1
-2
1
2
1
1
0
-3
-2
-2
-1
1
0
0
0
2
-3
0
1
-2
0
1
1
1
2
-1
2
1
0
-3
-4
-2
-5
-3
-2
3
1
-1
-4
-6
-2
-1
0
2
0
3
2
-2
1
0
0
0
-2
-1
0
2
1
1
2
1
2
0
0
-3
-2
3
-2
-2
-1
0
4
3
2
1
-1
-1
-5
1
2
-1
1
5
4
4
3
2
3
1
3
2
4
1
-1
-4
-3
-3
-2
-1
-2
0
0
1
2
1
2
1
4
5
3
0
-2
0
-2
0
1
0
-1
-3
-1
0
-3
-4
-2
1
-2
-1
2
-3
-3
-3
-3
1
0
0
0
-2
-3
-3
-2
-4
-1
-1
-2
-3
-1
2
-2
-3
-2
-1
-4
-6
-2
-1
1
1
-1
0
2
2
-1
-1
0
2
0
3
3
1
3
1
4
3
4
2
0
0
2
1
1
2
2
3
1
5
3
3
3
3
1
1
1
-1
-4
-2
-2
2
1
1
1
-1
0
-1
1
-3
3
3
2
-1
0
2
2
-1
-6
-3
-1
-1
-2
1
-1
-3
0
2
3
2
0
0
1
0
0
-1
1
1
-2
-3
0
1
0
-3
-6
-3
-3
-3
0
-2
-4
-1
0
-1
-3
-4
-5
-8
1
2
0
0
3
3
2
3
3
6
5
5
7
5
-1
1
1
-1
1
3
0
-2
1
-1
1
-1
1
3
3
2
1
0
-2
1
3
-2
0
-1
-3
-1
0
-1
-2
0
-3
-3
0
-4
-4
-2
-1
0
0
0
2
0
1
2
-1
-3
-5
-3
0
-1
1
2
2
3
5
5
3
3
0
-1
-1
-1
1
0
0
0
-2
2
4
2
3
6
3
-2
3
2
-1
2
1
2
1
-2
1
0
1
0
-1
-2
-3
-4
-5
-7
-6
-6
-7
-2
-3
-1
2
2
-2
-2
0
0
-1
-1
-2
0
2
0
2
1
2
-1
2
3
-4
-4
-5
-2
3
1
0
2
1
2
5
0
-3
-1
1
5
6
5
6
4
1
0
-1
-1
1
0
-1
4
0
2
1
-1
1
-2
1
1
-2
0
-2
0
-2
-6
-2
-4
-5
-4
-4
-4
-1
-1
3
3
2
1
3
4
2
1
0
1
-1
-1
2
0
-1
-2
-1
-1
-2
-2
-3
-2
-1
-1
0
5
1
1
3
3
2
3
1
1
1
5
3
-1
1
-1
-1
-1
-2
-1
1
-1
-1
-4
-2
-4
0
-1
-1
0
-3
-2
-4
-3
-1
2
0
-1
1
-3
-2
1
-1
-1
-2
-2
-1
2
2
3
0
0
2
0
0
-2
-2
-3
1
1
1
-3
1
2
0
0
0
3
2
4
2
1
0
1
0
-2
2
0
2
5
2
1
3
2
0
2
-1
2
0
-1
-2
-3
1
5
6
3
3
3
4
3
2
4
0
1
2
1
-2
-4
-3
-5
-6
-6
-4
-5
-3
3
1
0
-4
-2
-3
-1
0
-1
-1
1
-1
0
-2
-4
-2
-1
-1
-3
-4
-1
1
-4
-2
-2
0
-1
-2
0
-2
-1
-5
-2
-2
-4
-1
0
3
0
-1
3
2
1
0
0
2
-1
1
0
1
5
1
5
4
2
4
6
5
4
6
8
7
4
2
-2
1
-2
-1
2
3
4
2
0
0
-1
-3
0
-1
-2
0
0
-2
-2
-1
1
1
-5
-3
-3
-3
-5
-3
-1
-3
0
0
0
-4
-2
-1
2
2
1
0
-1
0
0
0
-1
0
0
-2
1
2
1
-2
-1
0
3
1
-2
-3
-2
-1
-3
-4
-2
-3
-3
-1
-1
-1
-4
0
1
2
0
3
3
-2
2
2
2
1
0
4
5
2
2
4
2
3
5
1
0
-2
2
3
2
2
0
3
1
-3
-3
2
0
0
-2
-4
-4
1
1
-2
1
1
1
2
0
1
2
2
-2
-6
-3
-2
-1
-2
-2
1
-1
0
0
0
3
2
0
0
-2
-2
-1
-2
-2
2
1
4
2
2
4
1
0
-1
-3
-1
-1
1
-1
2
2
4
1
-1
-1
-1
-2
-3
-1
-1
0
-3
-3
0
-1
-1
-1
0
3
1
3
4
-1
1
0
-2
-1
-1
1
-1
1
-1
1
0
-3
-1
1
-1
-1
-1
-1
-2
-1
1
0
-1
3
4
2
1
1
1
-2
-1
-1
1
3
1
0
-2
-1
-1
-1
-1
-1
-5
-2
-1
-2
2
1
0
4
2
1
1
0
2
-1
1
1
0
0
0
2
-1
0
4
0
0
-2
0
-3
1
2
1
-1
2
4
5
5
3
2
2
-1
-2
-1
-1
1
-4
-4
-1
-1
-3
-3
-2
-2
0
0
0
-1
-1
-4
-3
-3
0
4
-1
-3
-2
-2
-3
-4
-3
-2
-3
-6
-1
1
0
2
4
5
4
3
3
2
3
2
0
1
3
5
4
1
3
4
5
3
1
0
0
1
1
0
-1
-3
0
-2
-2
-1
-2
-1
1
-1
-4
-2
1
-1
3
1
-1
-3
-1
-1
0
0
0
-1
-3
-1
0
0
2
0
-1
-2
-7
-6
-3
0
1
1
0
0
2
2
0
1
2
0
1
4
-2
-1
-1
0
2
1
2
-1
0
0
0
-1
-1
1
1
-2
2
0
-2
1
-1
3
1
1
1
1
2
0
-3
-2
-1
-2
0
2
2
-1
1
-1
0
0
-2
1
-1
1
0
0
2
4
3
-1
3
-1
-3
-1
-2
-2
-1
2
3
4
3
1
1
2
-1
1
0
-3
-2
1
-3
-3
-1
0
0
-3
0
-1
2
-3
-1
-2
-6
-2
-2
-3
-1
1
-4
1
2
-1
2
1
7
3
-2
2
-2
-1
2
0
1
-1
-1
-2
2
1
0
1
-2
0
1
2
3
3
2
-3
-3
-1
1
-1
-3
1
2
3
2
2
1
-1
3
0
-2
0
2
2
2
0
0
-3
-1
-3
-3
-2
-3
-2
1
2
1
-1
1
-1
-2
1
1
2
3
1
1
0
2
5
4
2
1
0
-1
-4
-4
-3
-4
-1
0
0
2
-3
-2
1
0
0
0
-2
-2
-2
-4
0
1
0
2
4
5
5
-1
0
1
1
1
1
-4
-5
-1
-2
0
-1
3
4
2
2
0
0
-1
-1
1
1
1
5
2
0
1
-1
1
3
1
3
2
-1
-1
-2
-2
-1
1
-2
-1
2
-2
-5
0
2
0
0
-1
2
4
2
3
-2
-3
-3
-2
-2
0
0
-2
-1
0
1
0
1
-2
2
3
4
1
-1
1
0
1
0
-2
-3
-1
-1
0
-2
-4
-2
-3
-4
-5
-4
-3
-2
-4
-6
-4
-4
-2
-1
-1
1
2
4
4
5
2
3
1
0
0
1
4
1
7
2
-1
0
2
2
1
3
3
3
5
3
2
0
-1
-1
-3
-1
0
-1
-1
1
1
2
4
2
3
2
-1
-2
2
1
1
0
-2
0
2
1
2
3
-1
1
1
3
-2
0
0
-5
-4
-2
-3
-1
-2
0
0
-2
-1
-4
-6
-1
0
-3
-1
-2
0
-2
-3
-3
1
-1
-4
-1
-3
-3
0
2
2
0
-1
2
-3
-2
-5
-8
-4
-1
1
1
2
2
-1
0
-1
-2
2
4
3
4
6
2
3
4
5
4
5
4
2
3
5
2
0
1
0
0
0
1
1
1
-1
3
1
-2
-1
0
2
-5
-2
1
0
0
-4
-1
-3
-1
1
2
-1
-5
-1
-2
-2
2
-2
0
2
2
3
1
2
0
-2
-2
-1
0
-1
-1
0
-1
0
0
-4
-2
1
-2
0
-2
3
1
-2
2
-1
-1
-4
-1
0
2
0
1
-1
-1
1
-1
-5
-5
-2
1
0
-3
0
3
3
2
2
-1
0
3
4
2
0
-2
2
0
2
1
-2
-1
1
1
3
2
-2
-2
-3
0
2
4
4
0
0
1
-3
-2
2
4
2
-2
1
1
-1
0
3
2
2
1
0
1
-1
-1
-3
-3
0
-5
-1
-2
-5
0
0
2
1
-3
-1
-1
-2
-2
1
2
1
2
-3
-1
1
0
4
0
-2
-3
0
4
1
1
2
0
0
-1
0
2
2
2
2
3
1
4
2
1
0
1
1
-2
0
3
3
-2
0
-2
-2
-2
-2
-3
-4
-3
1
-2
-1
-3
-5
-3
-3
-9
-6
-3
1
1
-2
0
-4
3
6
1
0
0
3
0
-1
1
1
-1
-1
1
0
3
4
3
2
1
0
1
2
0
3
-1
0
2
1
2
-1
-1
-1
-1
2
3
2
3
2
3
0
0
2
2
0
0
1
-1
0
1
-1
2
1
0
-3
-4
0
-2
-3
-3
1
0
-2
-5
-3
-1
-3
0
-1
1
4
1
-2
1
2
1
1
0
-1
0
1
0
-2
-3
-1
-1
-2
0
0
-1
2
1
-3
-2
-3
-5
-1
0
-1
-3
-8
-4
-3
0
0
0
4
2
1
2
4
4
2
4
2
-1
0
1
0
1
2
0
2
3
2
3
1
5
6
4
7
6
2
1
2
2
1
3
2
-2
1
0
-4
-6
-1
-1
-2
0
0
-2
-5
1
-2
-6
-6
2
-2
-11
-5
-4
-16
-7
-6
-18
-12
-11
-7
-6
-19
-10
3
-1
-6
-9
2
4
-5
1
6
9
22
32
32
34
47
58
55
34
12
10
26
44
29
-1
-8
5
26
19
0
13
11
-5
8
-3
-7
30
27
-19
8
27
-54
138
810
1063
462
1
179
378
133
-105
-135
-373
-622
-595
-697
-870
-804
-613
-489
-479
-512
-484
-486
-495
-381
-303
-322
-209
6
105
69
60
132
185
265
459
611
545
384
387
382
280
319
347
317
346
268
239
264
167
113
174
254
164
64
184
222
81
-40
-39
92
-100
-292
12
229
72
-240
-267
6
98
7
-85
-122
-61
-13
-158
-384
-186
144
-137
-496
-113
209
-177
-339
-117
31
84
-106
-55
273
13
-146
427
335
-184
155
342
58
72
68
-3
-39
-117
-31
169
203
-104
-187
120
-94
-364
157
263
-342
-215
194
-88
-301
3
209
-121
-258
204
86
-382
-177
126
-335
-417
372
88
-717
-35
495
-451
-681
331
263
-705
-190
475
-93
-566
-144
578
-70
-738
552
593
-666
15
559
-205
18
630
-11
-404
513
713
-364
-359
878
283
-826
646
798
-786
121
962
-204
-331
576
127
-301
414
216
-382
186
309
-343
-270
780
198
-1030
436
924
-997
-175
1060
-752
-346
1116
-511
-726
781
-221
-830
745
203
-1145
64
775
-668
-666
626
-192
-787
143
171
-297
-28
-296
-213
537
-291
-420
528
184
-720
-47
817
-513
-515
711
-363
-394
834
-286
-601
464
271
-100
-160
-275
224
697
-442
-389
1042
-156
-398
873
51
-590
868
541
-1074
726
734
-1212
287
1092
-848
-648
877
-119
-475
366
-730
44
658
-1095
132
380
-926
934
380
-1660
503
1039
-971
-78
830
-519
-917
1006
195
-1115
-326
1058
151
-909
68
567
179
-649
362
183
-54
-27
-256
566
-9
-789
231
837
-419
-874
344
1453
-68
-1392
-76
1608
38
-1271
944
893
-1382
142
1431
-835
-1022
1260
642
-642
-228
-175
721
339
-1158
-328
1399
21
-1264
217
662
-1024
140
727
-1272
35
1159
-906
-913
962
694
-1373
-335
1332
-720
-283
1397
-806
-1187
1820
-265
-1283
1481
311
-1441
771
1102
-1530
140
1397
-541
-1331
982
973
-1070
-549
276
552
-306
-648
797
-136
-1028
703
898
-863
-739
875
557
-1378
25
1692
-1488
-861
1276
-27
-684
450
-209
-414
421
625
-94
-600
-271
926
969
-1491
-392
1503
-261
-1313
829
1093
-923
-1135
821
1009
-1064
360
41
-742
1483
-452
-915
824
83
-291
794
-823
-494
1859
-1113
-1670
2160
1167
-2990
-429
3441
-1120
-1782
1059
202
44
-145
723
-610
-1216
2544
-352
-2761
2016
1700
-2110
-1261
2408
251
-1985
547
692
-24
-589
53
133
103
676
-547
-727
-30
1154
-558
-571
1164
-306
-767
-37
1080
152
-1791
-45
2779
-962
-2549
1363
1401
-1405
-846
777
1404
-2402
-487
2544
-324
-1594
281
1447
-2219
298
1850
-2113
328
1985
-1433
-2304
2613
2518
-4050
-579
4902
-744
-4951
3324
4132
-4839
-1619
5151
-649
-4651
2615
2681
-3239
-1132
3153
-346
-2954
1149
1509
-1497
-784
2090
-296
-2699
2066
1883
-3247
-342
3746
-1629
-3085
3670
1029
-3579
836
3194
-2191
-2137
3110
805
-2100
338
1766
-2121
-600
2318
-1213
-1008
1924
-1701
-145
1964
-2460
693
1209
-1777
919
985
-2276
1348
1594
-2873
398
1742
-736
-1522
1883
651
-2225
233
2127
-1018
-1613
3116
-1656
-1047
3035
-2135
-2041
4027
73
-4428
2242
3226
-4452
-538
4891
-1763
-4569
3642
3715
-6044
130
4711
-3249
-1312
2946
-1796
-855
3491
-2825
-2083
4395
-724
-3925
2708
2893
-4461
-32
4174
-1376
-2951
2275
1807
-1603
-967
589
1647
-1224
-516
521
-796
1149
-357
-1277
1512
376
-1572
-506
2319
-434
-2760
2845
1548
-4068
-240
5068
-2340
-2381
2653
-431
1
62
-352
389
228
-1074
-470
1945
-426
-2147
880
1483
-1831
-1201
2886
-1226
-2491
3551
-736
-2014
2394
98
-2592
1534
3696
-4352
-871
5797
-4070
-2560
5635
-1619
-3491
3212
596
-2687
1022
1100
-1327
-952
1937
-69
-1573
205
1320
-841
-861
2318
-1567
-1105
3465
-1439
-2462
2541
1070
-1736
-1173
3311
-67
-3993
2764
2211
-3402
-875
2981
-426
-1938
1247
36
-159
-186
-613
457
-250
409
-320
182
-965
65
1468
-2607
938
2498
-1732
-1714
1763
1273
-1838
-381
2478
-1533
-1422
3860
-818
-2538
1280
1047
-2698
1791
2338
-3876
237
3963
-4287
-1227
5906
-3140
-2078
3021
-1359
573
1047
-2254
997
1654
-2442
-541
2853
-865
-1168
974
-1077
701
679
-1930
-468
2831
-497
-3450
2128
2957
-4574
212
5105
-3848
-2288
5211
34
-4583
1314
3974
-2905
-3250
4968
314
-4764
1899
4779
-5650
-1609
7271
-2269
-6934
5100
5280
-8692
-1040
10275
-5424
-8460
11142
1727
-11392
4774
9281
-10102
-3114
12611
-3722
-9303
7863
5437
-9234
-215
7290
-2083
-6901
5029
3707
-7214
209
6212
-2809
-5955
6171
1380
-7141
2698
4429
-4306
-2994
6240
1341
-8603
4365
6259
-8317
49
7406
-3624
-4380
5865
967
-5652
1600
4402
-3356
-1857
4192
-736
-4055
1448
4325
-5417
-497
5497
-3234
-2321
4747
-289
-5071
3005
3369
-4099
-774
4396
198
-4366
1098
4255
-3439
-2809
5119
190
-6025
3817
3691
-5255
-1736
5516
-2815
-2498
2797
227
-368
-1985
1267
534
89
-119
-1530
1639
1586
-2687
-11
1108
-122
381
-1800
283
3091
-1122
-3267
3238
1869
-2533
-320
962
455
-117
-1349
703
880
-2502
1090
1305
-2351
-1082
2582
-66
-2928
1140
2388
-1864
-1256
1972
-133
-951
1731
-528
-1747
2873
594
-4041
2260
3354
-4370
-1034
5697
-1019
-4132
3029
2038
-3846
822
2571
-1950
-1249
2122
-672
-1415
2578
-2231
-887
1451
304
-2255
1618
841
-2437
130
2117
-950
-1121
1659
-868
-685
1310
126
-1195
975
445
-1895
1654
905
-1527
-538
489
1319
-1615
-1276
2226
329
-2655
1233
1333
856
-1907
-1266
3725
-2696
-2032
4988
-2035
-4044
4702
1789
-6732
3240
3865
-5991
-270
5808
-2344
-3372
4039
1076
-3336
881
3145
-3135
-156
2701
-2873
807
178
-1790
3121
-1453
-3486
4509
922
-4869
2008
4454
-5250
402
5068
-4086
-340
2784
-1931
-963
2646
-2048
-1994
3858
-1323
-2711
2387
158
-1380
886
1004
-673
-129
645
-1201
101
480
395
-1184
853
2025
-3568
1315
2398
-3101
-571
3179
-1167
-1199
1623
-989
564
-1057
-393
1083
305
-1393
460
1239
-934
-1040
765
-205
-277
658
-769
514
853
-1632
113
1339
-716
-393
430
1912
-346
-1378
1605
-27
-1786
1784
-401
815
201
-1129
62
397
-708
-1884
1809
-315
-1173
239
1224
-276
-575
-914
237
1107
-1803
604
1968
-1850
-988
2336
-1715
692
871
-994
996
1149
-353
-941
1650
-1154
-501
598
867
349
-1492
116
815
-1846
-1049
2686
-1425
-655
1772
-1634
501
-24
-870
-727
892
347
-368
1576
64
-664
528
537
-953
1334
241
-779
958
682
-1218
-568
1203
-1493
-1097
1888
-154
-1806
1482
786
-2682
982
1397
-2074
617
2197
-2766
-76
2561
-1611
-2272
2323
594
-2628
2322
727
-895
295
151
-864
-349
1048
-396
157
1556
-2394
-103
2563
-1922
-1197
1904
-892
-518
2134
-1091
-1719
2071
-293
-2013
2615
1748
-2620
-29
2172
-1419
-1638
1491
337
-1608
11
1109
-676
-442
1567
-1322
-1293
1834
-454
-1897
2446
414
-2594
1393
1844
-2252
-395
2762
-1361
-2291
3277
51
-2431
2079
529
-2777
1441
1235
-1594
503
1138
-718
-1804
2110
484
-1773
44
1249
-316
-1375
536
776
-1598
-247
1194
-1303
-27
1856
317
-1693
1027
1642
-1548
-264
2524
-1228
-1126
1821
257
-1857
637
1220
-2582
750
2594
-2235
-389
1833
-1201
-1041
2178
-854
-1379
1985
-400
-1672
1163
1061
-2314
-498
437
-685
138
123
-134
-378
-69
1234
-444
-895
903
-100
-1435
1072
454
-690
896
-54
-382
-39
122
431
-35
756
675
-62
-305
-53
-664
-509
191
289
159
-79
-162
139
412
126
-38
-499
991
-439
-1003
790
244
-447
-702
92
1496
-740
-1047
876
323
-1569
-778
1074
157
-780
64
374
-430
345
373
-642
-545
238
27
-488
670
828
-1811
-908
3068
-1528
-2778
2944
-1020
-2861
2301
651
-1059
238
480
-70
999
1359
-1354
18
2224
-883
-404
2976
-1113
-1803
1994
481
-418
298
366
-1183
-63
1199
-1208
-857
707
-578
-947
1207
819
-1267
-464
599
-493
678
1089
-1072
30
893
-736
44
1292
-195
-1083
785
1347
-81
-170
297
190
-21
-107
1280
416
-415
-152
-308
354
357
-545
-290
613
-691
-1037
-562
-5
-514
-1565
379
595
-912
-687
747
-82
-578
-175
302
157
-295
536
-71
-155
-165
-859
-538
372
139
-473
228
344
-647
-401
775
78
-462
84
103
-12
-383
244
60
-1254
-371
70
-303
252
504
-119
273
1072
-21
-96
1238
229
-423
1337
1292
-226
-448
157
-491
-1
611
-299
-344
-139
-671
-166
619
-385
-932
548
630
235
914
-231
-515
124
266
667
642
71
-425
25
823
983
175
-83
110
638
613
765
863
-292
-479
129
682
270
-505
-547
-309
-336
-158
-176
-420
-801
-635
-23
317
537
-251
-1029
-183
556
-114
-139
-63
-1051
-891
328
151
-343
-702
-1143
-632
276
-38
-479
-387
-576
-445
271
461
-412
-1128
-292
418
358
-157
12
-94
-595
199
669
-39
-670
-388
-109
488
616
-147
-311
-105
157
576
386
132
-177
-121
547
1004
1004
912
867
994
1230
1660
2091
1801
1830
2439
2883
2787
2617
2292
1833
1660
1668
1553
1296
605
-290
-696
-836
-1256
-1603
-1688
-2079
-2250
-2023
-1930
-2276
-2470
-2608
-2648
-2407
-2270
-2419
-2544
-2473
-2707
-2772
-2530
-2424
-2669
-2483
-1983
-2006
-1938
-1623
-1471
-1245
-758
-326
-19
-150
-134
52
214
344
291
167
378
690
515
1123
1919
1181
614
1597
2095
1039
518
1451
1924
1267
1062
1489
1123
474
132
290
103
-637
-1394
-1733
-2329
-3684
-5414
-4621
2461
10519
14509
15688
16435
14356
8838
7800
12257
13738
10443
9299
10353
7524
1355
-3231
-6491
-11223
-13224
-10226
-6984
-7868
-11401
-14035
-15429
-16442
-15695
-13275
-11109
-9397
-7296
-4321
-1905
-1859
-2386
-1575
392
3388
6684
9202
9732
8384
6513
4919
3693
2745
1773
1110
646
-238
-1043
-2469
-5232
-7839
-8524
-7112
-1935
4320
4339
-1747
-5839
-4339
-2930
-1984
1501
3318
873
685
3735
3740
788
-1078
-201
2531
6512
8779
6943
3261
406
-1027
-294
1825
1539
-875
-2128
-1703
-1809
-3422
-5042
-5705
-5217
-2806
296
1849
1275
-1014
-2727
-1844
359
1550
1117
36
-502
-1206
-585
1217
487
-3943
-7235
-6054
4113
22535
32380
20244
50
-1298
11270
15127
9977
9562
11270
6573
2204
5372
5850
-6419
-19434
-19040
-7979
-144
-2149
-8271
-13314
-17180
-18335
-14160
-8090
-6399
-8483
-6537
236
4881
4299
795
-2430
-3022
1237
8999
13803
11128
5041
1149
-567
-1725
-2323
-2400
-3925
-6338
-6360
-3975
-3827
-8377
-13765
-14833
-11433
-6641
-2475
-179
-127
-71
5146
10812
9087
3266
3764
9436
11486
11105
10770
6518
-809
-2111
1725
3011
306
-1825
-2285
-1727
190
351
-2163
-4078
-3775
-2751
-252
2597
1373
-3378
-5456
-3158
-1059
-236
785
1314
896
1221
2387
3204
2892
2026
2276
3677
4554
2589
-74
-1610
-3097
-4835
-4382
-2485
-2710
-4926
-6101
-5590
-3757
4995
20255
27297
15944
1100
3395
16297
19202
12194
9843
12564
10753
5482
4565
4172
-4172
-15612
-17539
-8915
-2257
-5461
-12825
-17286
-19099
-19107
-16041
-10800
-7970
-8628
-7394
-2227
2211
2404
573
-709
-496
2971
9525
13879
11325
5102
997
-149
-668
-1351
-1514
-2570
-5603
-7851
-6762
-5547
-8519
-13874
-15186
-11222
-6179
-3186
128
6923
8203
943
-4139
1991
9573
9216
9370
13452
11681
3920
2185
4307
2381
-1353
-641
1952
3072
3538
597
-4339
-5632
-3311
-2284
-311
3051
2217
-2671
-4275
-2082
-2350
-3174
-1022
1489
1828
2322
2654
1330
-48
569
2395
3877
5046
4093
1216
-1335
-2761
-4129
-4244
-2983
-2078
-2564
-2898
-3590
-1033
13181
29013
25472
3446
-5478
9644
22937
17675
9472
11120
12401
5579
-261
2130
2265
-7354
-18016
-16736
-5745
-397
-7452
-17394
-21137
-20055
-16930
-12192
-7002
-5547
-6433
-5689
-3312
-580
2080
2861
309
-806
4548
12767
14330
8264
1987
-250
-1050
-2680
-2103
1022
881
-5710
-11411
-9662
-5657
-8271
-14322
-14563
-8311
-3565
-2204
-942
4239
9206
5321
-2209
-1155
10358
15398
10535
8815
11539
6710
-591
1403
5795
2798
-2445
-1390
957
1386
192
-3725
-7316
-5244
-1493
-1111
-147
2035
-299
-6289
-6180
-1510
-250
-1311
-242
1074
1201
1862
2200
1098
617
2174
3057
3714
4739
3218
-1286
-3940
-3477
-2852
-2763
-1739
-2202
-3954
-4711
1238
16610
29128
23235
2572
-4599
10312
23412
18733
11150
12620
13055
5051
-941
2081
3086
-5871
-16841
-16894
-6939
-773
-6771
-17325
-22313
-20915
-17641
-13384
-7495
-4327
-5242
-7402
-6792
-2839
2058
4046
1585
-675
3255
11475
14397
9598
3594
1034
-662
-3138
-2201
2751
3877
-3470
-11919
-12124
-6987
-6920
-12004
-13497
-8775
-4712
-4631
-3516
799
6772
7259
1763
-1404
4713
13033
12895
9774
11530
11354
3967
568
4443
6050
1067
-2517
-1569
87
771
-1239
-5506
-7069
-4221
-3292
-3675
-690
2056
-2012
-7010
-4944
-698
-145
-841
-1
747
1674
2482
2163
1490
2539
3002
1369
1489
3488
2490
-1375
-3177
-2736
-3461
-3889
-2510
-1352
-3176
-503
13919
27943
23519
3510
-4407
8092
19608
15725
10628
15422
18114
7569
-3712
-1551
4608
-238
-13270
-17030
-7835
-473
-5657
-15051
-18746
-18357
-19107
-18414
-11486
-3668
-1559
-5522
-9302
-8058
-2548
2315
2636
793
2430
7919
10927
9284
6533
5178
2350
-2829
-4446
1480
7513
4195
-5798
-11071
-8808
-7430
-10394
-11633
-7506
-4295
-6229
-8090
-4020
1264
3982
4074
3095
3227
6108
10293
10687
9297
9750
7983
2221
1870
7088
7288
624
-2873
-912
-799
-1640
-797
-1153
-3434
-3976
-4059
-4282
-2163
257
-2430
-6674
-4565
-330
-857
-2558
-897
539
-47
176
2059
3374
3929
3505
1518
101
1241
1690
-467
-1935
-1644
-1414
-2538
-2042
-917
4443
15883
23460
15610
872
249
11319
15828
10642
10037
15546
15410
5887
-1163
1067
4549
-411
-10422
-12599
-5339
-977
-6696
-13490
-14304
-13767
-17222
-18684
-13139
-6003
-3708
-6507
-9258
-8680
-4960
-2025
-1630
-1270
1641
4777
5584
5616
6401
6546
3755
-833
-2982
43
4625
4905
233
-3561
-3986
-4987
-8070
-8922
-5399
-2598
-4087
-6493
-4868
-1373
-27
1161
3440
4114
1565
952
4461
7972
8849
8139
5046
1125
1427
3998
3631
1350
1615
1533
-1283
-1978
763
1416
-1007
-2446
-2568
-2213
-687
941
-301
-1994
-1234
-746
-1869
-835
2185
2625
701
53
1358
2124
2342
2362
1641
690
377
-214
-1513
-2133
-1996
-2147
-2933
-2935
-2455
-913
4779
12080
13677
7424
1942
3613
7588
7615
6658
8554
10774
8848
4216
2003
3205
3998
871
-3796
-5197
-3168
-2354
-3678
-4524
-4340
-5768
-9460
-11817
-11084
-8488
-6287
-5513
-6153
-6855
-6548
-5598
-4999
-4670
-3813
-2704
-1731
-1201
-595
439
1278
676
-851
-1706
-1007
1
208
375
950
1045
-441
-1830
-1294
192
517
23
-115
406
915
2377
5061
5981
3673
683
652
1921
2102
2336
2944
1593
-432
-669
-260
-223
355
1121
-78
-851
884
2108
1154
1066
1938
1078
-254
597
2152
1785
1157
1157
803
290
904
1296
546
187
757
391
-899
-827
11
-442
-1941
-2766
-3057
-3143
-3154
-3406
-3910
-3873
-3114
-2516
-996
2781
7032
8043
5802
3697
4557
6928
6940
5170
4976
6930
7333
4655
1973
1951
3238
2633
115
-978
-242
-311
-1799
-2751
-1922
-1162
-2192
-3981
-4899
-4719
-4436
-4781
-4906
-4416
-4135
-4499
-4752
-4323
-3656
-3391
-3580
-3896
-4131
-3808
-3102
-2621
-2764
-3081
-3005
-2832
-3006
-3041
-2185
-947
-286
-558
-450
392
1102
1130
1202
2005
2726
2894
4067
6551
7782
5569
1316
112
1623
1772
1237
1041
155
-141
327
26
-185
784
1137
-64
-95
1625
2192
1193
1273
2172
2039
1194
1014
1068
1036
1272
948
115
40
551
127
-750
-506
86
-753
-2108
-2318
-2046
-2302
-2690
-2749
-2794
-2992
-3343
-3796
-3870
-3141
-1663
-142
1167
3194
5746
6644
5045
3769
4736
5879
5177
3895
4235
5318
4865
2822
1426
2190
3367
2705
753
-149
69
-406
-1593
-1649
56
1283
351
-1946
-3592
-3433
-2441
-2346
-2840
-2944
-2915
-3323
-3967
-3998
-3553
-3277
-3755
-4777
-5189
-4550
-3783
-3732
-4010
-3896
-3482
-3449
-3644
-3199
-1978
-1045
-1007
-1133
-689
15
610
976
1324
1687
1800
1551
1897
3977
5929
4881
1547
763
2257
2041
1317
2085
2155
777
43
220
972
1832
2103
947
403
1868
2950
2415
2280
3208
2866
1351
839
1564
1600
866
-1
-760
-996
-658
-790
-1564
-1600
-1242
-1858
-2906
-2728
-1931
-1972
-2614
-2552
-1879
-1562
-1664
-1871
-1945
-1790
-1603
-1617
-1048
511
2174
3642
5196
5610
3820
2253
3022
4113
3056
2035
3169
4238
2960
876
785
2497
3541
2603
1037
453
931
1070
589
694
1714
2022
400
-1290
-1195
-592
-997
-1888
-2654
-3137
-3273
-3353
-3845
-4466
-4475
-4246
-4574
-5448
-5793
-5057
-4234
-4117
-4194
-3712
-2979
-2857
-3186
-2590
-1125
-334
-786
-1324
-812
-3
230
44
414
1053
1134
769
1381
3453
4823
3588
1379
1577
2147
1194
885
1683
1664
1183
1363
1991
2742
3144
2952
2104
1973
2719
3000
2654
2829
3110
2173
613
25
253
-62
-688
-1236
-1597
-1577
-1324
-1641
-2046
-1763
-1541
-2120
-2411
-1383
-407
-619
-1290
-1130
-625
-496
-797
-1131
-1196
-1103
-1267
-1720
-1725
-349
2016
3340
3730
3257
1690
1019
2329
2971
1823
1522
2978
3917
2897
1796
2126
3543
4383
3581
2296
2106
2528
2096
1240
1352
2271
1857
66
-980
-1058
-1235
-1747
-2658
-3891
-4542
-4528
-4613
-5179
-5293
-4487
-4074
-4746
-5554
-5411
-4553
-3763
-3528
-3381
-2763
-2140
-2217
-2450
-1847
-941
-886
-1612
-1710
-1065
-612
-519
-273
322
595
428
303
1523
3574
3987
1994
1017
2327
2424
1586
2120
3098
2573
1951
2141
2591
2988
3341
3201
2289
2225
2861
2564
1681
1853
1941
781
-471
-450
-221
-743
-1199
-1513
-1760
-1501
-919
-889
-661
-22
56
-869
-1240
-167
668
134
-493
-250
124
-87
-681
-918
-915
-1167
-2057
-2963
-3330
-3288
-3344
-1483
2829
5278
3332
-86
-490
1939
3450
2508
2267
4261
5614
4591
3278
3817
5549
6049
4374
2651
2677
3132
2161
785
838
1484
345
-1836
-2688
-2613
-3037
-4022
-4824
-5482
-5905
-5900
-5731
-5500
-5008
-4303
-4291
-4855
-5173
-4527
-3379
-2481
-2283
-2417
-1972
-1415
-1465
-1613
-945
-201
-473
-1563
-1560
-530
76
-81
-25
486
520
-27
270
2884
5304
4470
1397
1310
2895
2427
1686
2305
2617
1979
1788
1963
2625
3095
3163
1876
786
1675
2529
1729
1023
1617
1450
26
-751
-229
-64
-228
-456
-1100
-1139
-473
-14
-115
-25
439
187
-774
-549
621
628
-165
-620
-651
-916
-1186
-1446
-1750
-2238
-2465
-2721
-3281
-3573
-3770
-4099
-4310
-1822
3589
7888
6379
2208
815
2516
3815
3253
4015
6855
8467
6397
3994
4375
6488
6171
2963
563
884
1545
357
-726
-184
478
-1546
-4840
-6209
-5545
-4670
-4607
-5698
-6526
-6005
-5414
-5298
-5305
-4755
-4113
-4235
-4950
-5052
-3383
-1284
-652
-1465
-2007
-1439
-896
-1407
-1320
182
1283
432
-994
-801
583
1468
1057
681
1053
1273
1115
3006
6006
6115
2373
133
1844
2482
1580
1727
1891
662
507
844
789
1104
1916
1410
-330
373
2590
2519
1080
1660
1693
-77
-781
165
408
4
84
-553
-1276
-744
414
-22
-379
26
235
-668
-941
345
723
-494
-1282
-1145
-1319
-1082
-1358
-1670
-1966
-2017
-2356
-2767
-2812
-2507
-2990
-4089
-5141
-3894
2506
10669
13201
6625
82
1363
6313
6888
5384
7745
11755
10524
4588
2121
5107
8061
4696
-1677
-3341
140
1792
-698
-2764
-2323
-4020
-9748
-12967
-10211
-5561
-3876
-5878
-9398
-10637
-9103
-7141
-6352
-5768
-4054
-3085
-3789
-4120
-1920
1299
2040
-24
-1785
-550
2394
3782
3178
3544
4184
2059
-1312
-1008
2970
5031
2658
173
144
2021
5681
7516
5148
-198
-2918
-2807
-1480
1868
5240
2378
-4389
-5480
-2101
175
48
1200
1266
-538
251
2971
3745
3054
1910
-766
-1656
1265
4341
2438
-1042
-2060
-2467
-3097
-1325
1577
1307
-1180
-2622
-2073
-913
1086
1635
-408
-1570
-966
-708
-1561
-1174
-642
-1832
-3329
-2850
-1766
-2199
-2427
-3021
-4428
-6857
-2580
11799
25562
22714
5027
-5071
693
9372
10418
13788
21112
20060
6221
-4196
-491
5947
4420
-1773
-2910
348
1354
-3145
-8039
-10870
-14117
-18342
-18228
-10713
-3520
-3834
-10378
-16354
-18928
-16621
-10116
-2907
852
834
-342
-2491
-3048
-129
4303
5368
4007
4920
8648
10257
7536
3983
1714
592
-100
1809
5972
7771
2988
-4357
-7511
-5056
656
3409
2029
-2343
-5165
-6013
-5384
-2622
680
591
-2801
-2446
655
2397
830
-291
339
2254
5350
7639
7071
4282
1552
-978
-479
3048
5717
3433
-979
-2897
-2909
-2946
-2812
-2104
-2330
-2837
-3012
-2329
-2055
-2274
-2802
-3363
-2246
396
1563
-142
-2279
-3129
-2566
-1119
565
1460
-821
-3247
-5321
2830
21175
32486
20778
-1578
-3833
9512
16935
14071
18634
22704
12184
-4095
-5470
5558
6956
-1305
-7192
-4293
-1295
-4320
-10872
-14453
-16236
-18359
-18170
-12267
-4855
-6492
-14559
-19998
-18040
-12903
-6285
-941
625
-1375
-3576
-2692
-759
3381
7362
7833
5623
5730
8726
8903
4465
776
1404
3460
4121
3625
2661
68
-4706
-8098
-6401
-123
4021
752
-5935
-8186
-6350
-4512
-2494
890
2260
-1262
-3195
-546
2393
2149
951
1481
3919
6849
7661
5846
3122
2176
2173
3070
5286
5869
2452
-2035
-3145
-1565
-374
-458
-1398
-3347
-4482
-4205
-3632
-3756
-3349
-2825
-2607
-2500
-1401
-942
-2268
-3032
-2188
-984
-90
527
419
-1355
-694
15413
31590
27311
1436
-10003
6480
24495
24285
18760
20511
13039
-1726
-7301
5423
13522
4832
-6431
-7384
-2176
-3858
-12225
-18027
-16643
-14912
-13659
-11438
-7900
-10700
-19761
-23953
-18076
-7778
-1992
-859
-3683
-5463
-5901
-3329
558
4523
8623
8876
6257
4498
5619
5532
2837
1114
3657
6639
5035
393
-3970
-5564
-5402
-1439
2991
2004
-5053
-9792
-8416
-4719
-1529
-551
-1219
-4251
-3962
-1588
40
805
1346
1459
2373
5819
7491
5100
1938
2574
4513
5910
7217
6543
2424
-1417
-1173
1440
2997
1833
-417
-2983
-3801
-3388
-3084
-2845
-2546
-2665
-2884
-2654
-2540
-3571
-4426
-3669
-1687
-1126
-656
-1595
-2688
-4563
4869
24967
32767
14133
-9905
-3458
19751
29253
20148
17019
15838
5917
-2355
4043
14244
7630
-4967
-7517
-468
996
-6938
-16571
-18520
-14913
-11394
-9493
-9470
-12093
-19305
-22654
-17547
-7668
-3071
-4004
-6742
-7858
-5155
-1387
2046
2484
4045
6593
7438
6117
5314
4972
3399
2464
4269
7049
5524
129
-5330
-6586
-4394
-1625
-1375
-2461
-2622
-4739
-7990
-9594
-5927
-2100
-597
50
303
-1786
-4832
-3286
813
4672
6177
6009
4228
2513
2665
4005
5512
6754
6909
4971
2962
1583
555
-184
564
1453
886
-643
-2460
-4074
-5241
-4158
-2204
-1136
-1666
-2910
-3466
-3719
-2862
-2356
-1292
-871
-510
-1599
-2065
-3025
1255
19919
32767
20843
-7745
-9970
15349
31670
22029
13509
15758
9458
-584
1005
13245
10653
-3376
-8113
-328
2759
-6508
-17821
-18901
-12168
-8642
-8454
-9925
-12156
-18107
-20892
-14937
-5574
-2352
-4900
-6471
-6618
-3759
-843
1459
1727
3024
6867
8165
5076
1807
1109
1547
2360
3884
4829
1933
-3884
-7970
-7573
-3960
-353
-531
-3871
-4112
-2400
-3584
-7037
-5962
-767
1275
1055
1104
-129
-3941
-3496
2001
6371
6698
4312
1656
467
2820
5801
5828
4269
3405
1931
152
-405
-327
-1149
-1290
-415
-571
-1857
-3304
-4420
-5015
-3112
-72
332
-1415
-2826
-2670
-2030
-766
567
797
201
-355
-1192
682
17152
32441
23633
-4594
-11694
12911
32370
24092
9509
9214
6961
-119
70
10203
9540
-4375
-10588
-2587
3832
-3856
-15551
-17537
-10019
-5465
-5605
-7357
-9798
-14780
-16740
-9433
-108
1694
-3416
-5674
-4589
-1663
1129
2697
1808
219
2244
4612
2647
-2122
-4353
-3471
-1570
31
511
-2509
-8132
-10863
-7936
-3420
-1918
-3373
-4743
-5130
-1337
2278
278
-3608
-1542
4696
6502
4945
3231
1230
-1755
1772
7963
7645
2613
-829
-322
1915
4701
4741
1666
-593
569
914
-257
-405
-1089
-2658
-2272
-293
-672
-2913
-4128
-3069
-1819
-55
829
-896
-2318
-1043
913
1065
100
-279
-469
-364
-622
-772
-2637
4758
23763
30286
9604
-15825
-6645
22397
31671
16134
7711
9275
3631
-2990
2640
12572
5826
-6807
-6416
3069
2358
-10079
-18333
-13153
-4391
-2899
-5293
-8033
-11496
-16271
-13709
-3919
2740
108
-4608
-4943
-3552
-1042
1127
2219
946
1201
3778
3216
-1949
-5733
-4381
-1250
-122
-1035
-1950
-4628
-8770
-9890
-5633
-935
-887
-3795
-4834
-3632
-3449
-2432
82
2199
2284
1702
2234
2352
1472
1293
3481
5873
6199
3881
1248
650
1680
3331
4609
4198
1732
-959
-1710
-509
270
285
131
-412
-1763
-2772
-2716
-2102
-1610
-1293
-573
46
-615
-1799
-2674
-1465
190
687
-381
-981
-1517
-1922
-3046
3945
23211
29966
9517
-16105
-7012
22821
32235
14726
4326
8653
6650
-53
1781
10431
6419
-4917
-5639
3101
3326
-9212
-18385
-13004
-2036
-30
-4652
-9353
-12272
-14902
-11725
-2680
2844
-566
-5824
-5219
-2727
-144
1019
1199
-52
428
3499
3251
-2364
-7197
-5822
-1416
689
-534
-2879
-6209
-9264
-8686
-3440
638
-126
-3907
-5743
-3965
-1517
221
548
1038
1529
1456
1262
1793
2029
1455
2375
5008
6014
3143
-255
-453
2101
4292
4725
2952
373
-1277
-1325
-535
-129
179
169
-451
-1435
-2147
-1813
-1051
-780
-475
586
1263
-415
-2149
-2103
-348
384
-52
-268
-976
-2231
-3275
-1376
11528
25989
20256
-4609
-15281
6371
29235
24505
7018
4298
7327
3257
305
6278
10088
1360
-6379
-2050
4804
-450
-12922
-16112
-6843
1149
-457
-6074
-10227
-12957
-12771
-6048
1815
2607
-3211
-6490
-5007
-2010
568
977
-215
-1139
1074
3018
-552
-6844
-8310
-3768
454
139
-2491
-5336
-8092
-9136
-5597
59
1568
-1066
-3802
-3932
-2666
-813
1316
2481
2678
2256
1677
721
745
1658
2328
3199
4402
3955
1022
-1529
-681
2354
4407
3949
1432
-868
-1522
-933
-585
-278
487
733
-489
-2068
-2299
-1532
-930
-310
814
1715
730
-1623
-2584
-1188
704
1075
-36
-900
-1598
-2807
-3116
1722
16501
25223
12100
-10422
-9883
15501
30326
18451
2989
3955
7170
3467
1443
6560
7200
-1575
-6334
-438
4191
-3889
-15270
-14619
-2906
3735
-820
-8558
-12176
-11884
-8224
-1351
3267
1490
-4161
-6162
-3743
-157
1676
416
-1625
-1305
1495
1472
-4002
-9358
-8180
-2455
413
-1905
-5782
-8392
-9740
-8970
-4701
139
253
-3382
-5005
-1313
6383
7706
2079
-1844
2539
8300
8027
4710
1965
-283
-1623
2829
5986
2481
-3167
-4352
-999
2656
3531
483
-2593
-1718
1525
1401
-778
-1934
-2599
-2287
561
2682
-6
-4058
-4201
-136
2874
3123
994
-1672
-1764
424
2066
790
-1516
-2800
-2192
-1159
-1215
-2672
-822
12734
24288
14157
-9316
-11996
13462
32037
20915
2696
2373
7821
5384
1737
6472
9243
815
-7046
-2415
4669
-1415
-14133
-15415
-3263
4207
-1346
-10117
-12779
-10927
-7531
-2172
2384
1504
-4201
-7067
-4476
487
2865
981
-1857
-1815
859
1091
-3704
-8915
-7974
-2500
255
-2815
-7163
-9022
-9166
-8890
-5541
-550
482
-3999
-6788
-3780
3647
10188
6885
-834
-1875
7858
13720
9200
2305
278
271
2497
8185
6478
-2409
-7375
-2854
3016
4323
1559
-2870
-4715
-835
3602
1497
-2507
-3332
-2238
-918
1268
1136
-2145
-3988
-2051
1062
1935
1503
-884
-2644
-536
2796
2364
-1336
-3318
-2978
-1625
-747
-798
-2953
-4203
-1242
10564
22279
16050
-5402
-13830
7703
30586
26199
5610
-13
6140
6605
3069
6271
10636
3439
-6559
-5182
3548
1565
-11145
-16569
-6561
4177
1436
-9042
-14361
-12146
-7746
-2300
2197
2400
-3280
-8201
-6373
-19
4176
1928
-2466
-3336
155
1827
-2397
-8384
-8816
-3692
-32
-2012
-6112
-8377
-9449
-9787
-6826
-795
1618
-2436
-7159
-5262
538
7125
8909
4833
853
3848
10393
9994
5071
3002
4068
3219
4416
5676
1533
-4595
-4205
1402
4084
2406
-1518
-4311
-2898
2293
3505
-213
-2074
-898
-371
-562
0
-1110
-2887
-2098
717
1169
-399
-1999
-2839
-1450
1822
2744
-758
-3812
-3508
-1462
-583
-791
-2645
-4138
-3798
-1440
1009
8993
18745
14411
-2846
-9327
9654
28405
22870
4991
1886
8670
8392
2818
3570
8185
3683
-5187
-5059
2212
300
-11600
-16481
-6348
3743
87
-9891
-13543
-10234
-6429
-2746
821
1556
-2579
-6314
-4572
168
2559
377
-2402
-2341
306
965
-2982
-8274
-8939
-4289
-601
-2182
-6560
-9157
-9150
-8098
-5519
-1586
107
-2813
-5613
-3718
1539
2753
5253
9934
9018
2086
599
8888
12212
7654
3542
4580
2633
1117
2346
1311
-1345
-1291
958
565
-251
-657
-1755
-1578
2546
4171
391
-1824
-563
-475
-1292
137
335
-1525
-2075
-401
-605
-2104
-1798
-933
-120
562
405
-1595
-3114
-3155
-2949
-2173
-1213
-2294
-4177
-4236
-2224
-1466
2741
15449
20627
7225
-9687
-2167
21476
29289
13955
1940
5839
8945
4302
1540
6613
6671
-2597
-7680
-1461
2573
-6198
-16527
-13052
-895
2864
-4436
-11644
-11939
-9166
-5300
-571
2580
658
-4404
-5665
-2262
1952
2167
-570
-2179
-596
1388
-687
-6322
-9832
-7199
-2049
-888
-4402
-8047
-9257
-9052
-7984
-3922
456
206
-4338
-5653
-1140
3515
3323
3903
11378
13822
6351
-258
4448
9901
8553
6590
7167
3185
-3188
-2161
820
1141
823
1303
-685
-1786
164
500
-926
923
3942
1967
-443
-189
-1332
-3339
-1232
1491
423
-1011
-1106
-2160
-3588
-1586
513
54
-573
-505
-2056
-3756
-3353
-3008
-3048
-2492
-2115
-3863
-4227
-2883
-1367
-1017
6976
19584
18809
1846
-9490
4918
25524
25804
8939
2499
7207
7128
1014
999
6897
4003
-5539
-7496
-422
-7
-10288
-17131
-9865
953
1316
-6453
-11489
-10231
-7437
-3552
1144
3761
678
-3907
-4303
-788
2485
1664
-1162
-2562
-508
1149
-2173
-8487
-10799
-6698
-1976
-2334
-6010
-8337
-8580
-8643
-7139
-2361
1887
565
-3533
-3225
1914
4546
3083
2323
8279
15220
12307
3401
-15
5229
9113
9353
8463
5386
-1934
-5714
-1327
2963
2850
235
-1954
-2387
-207
1272
-489
-1319
1895
4096
2353
440
-960
-2983
-2995
396
2372
957
-1718
-3785
-4519
-2578
100
-416
-2120
-2093
-1642
-2804
-3891
-3873
-4067
-3703
-2453
-1714
-2620
-3430
-3637
-2565
-392
6063
17820
21145
7794
-9041
-2984
20192
29516
14288
865
3442
7090
2611
-945
3665
4685
-2988
-8421
-3230
1468
-6090
-16911
-14115
-373
5630
-1745
-10254
-10586
-6787
-2922
1335
4724
3120
-2266
-4717
-1977
2081
1772
-1816
-3963
-2353
-117
-2061
-7716
-11622
-9528
-4110
-1807
-4139
-7113
-7908
-8047
-7352
-3291
2399
3359
-968
-3163
925
5208
4704
2788
5088
8795
10353
11152
9486
4882
749
3663
9085
9736
4441
-1545
-4805
-3338
1817
3068
-228
-2625
-1434
-181
445
1274
816
-491
917
3781
3114
-128
-2648
-3473
-2376
685
1852
-1191
-4975
-5322
-3253
-1768
-1410
-2489
-3544
-3252
-2569
-3120
-3969
-3744
-3726
-3245
-1828
-584
-1987
-3602
-3037
-276
1917
9675
20253
17739
47
-10351
5654
26166
24049
5902
416
5992
5877
-863
-933
5236
3186
-5526
-7110
484
1223
-10012
-17047
-7714
5315
5204
-4485
-9710
-7775
-5238
-2567
2122
5467
2030
-4307
-5993
-1792
1705
-410
-4408
-4898
-1342
67
-4218
-10574
-12185
-7668
-2403
-1523
-3891
-6021
-7084
-7616
-5412
434
5261
3865
-837
-1212
3116
5673
3847
2636
5681
8714
7805
4802
3647
3703
6670
10542
9182
2588
-1599
-225
1552
2532
3498
1572
-3683
-3709
787
1444
-1376
-1528
247
1262
2803
2783
-778
-3007
-461
1287
88
-440
-1761
-5357
-6076
-2189
-559
-3408
-5454
-4999
-4098
-2711
-2115
-3986
-5248
-3008
-1263
-1900
-2666
-2428
-2845
-2154
261
1507
24
-485
1073
8795
19528
18528
2195
-8941
4253
23006
22061
6378
569
4015
4293
353
1088
5385
2517
-5634
-7084
641
3202
-6125
-14162
-8105
2849
4146
-2658
-7097
-6626
-5136
-2901
994
3768
1079
-4365
-6304
-2584
944
-1202
-5449
-6358
-3343
-1335
-3515
-8307
-10670
-7969
-3245
-1271
-2277
-3562
-4601
-5734
-4185
1101
5649
4353
-190
-766
3440
6013
3810
1651
3910
6950
6244
3683
3096
3038
2210
6399
11230
7395
-2299
-4584
1055
4663
4588
3254
-424
-4718
-2102
2279
1145
-1330
-463
416
618
2489
1684
-3241
-4515
-278
1350
-340
-1477
-4182
-8034
-6419
-1123
-665
-4178
-5785
-5240
-4482
-2238
-1044
-3131
-3954
-1236
841
68
-900
-1459
-1982
-134
2806
3065
493
-612
-140
3130
13851
20348
10904
-6216
-5430
13034
23315
13452
1541
2141
5785
3587
-322
2678
5086
-717
-7106
-2834
4974
859
-11893
-14461
-3018
6100
2600
-5871
-8471
-6413
-4485
-2618
934
2359
-1684
-6633
-6300
-1407
19
-3749
-7219
-5518
-955
161
-4067
-8854
-8738
-4554
-1046
-420
-1167
-2276
-4182
-5164
-2384
2504
4433
1275
-1737
239
4106
4043
929
563
3734
5971
5281
3949
2936
1297
1207
4910
9232
8257
2735
-886
151
3040
4535
3793
1553
-293
-440
-142
-570
-1307
-1772
-1664
-347
1092
-225
-3629
-4943
-3040
-710
121
-733
-3273
-5624
-5205
-2699
-1012
-1118
-1969
-2730
-2525
-1240
-485
-1216
-1648
-614
784
1054
33
-1531
-2469
-1365
542
1532
543
-770
-1830
-992
476
6557
16255
16738
3422
-8007
1619
19087
20385
6679
1370
6351
7478
1326
-1147
3395
3581
-2948
-5684
710
3842
-5338
-15468
-11346
913
4659
-2194
-8260
-8004
-6078
-4908
-2349
1250
1199
-2804
-5615
-3360
286
-857
-4972
-6087
-2026
1574
-355
-6132
-9569
-7604
-3245
-1156
-1799
-2644
-3322
-5105
-5785
-2684
2299
3349
-14
-1411
1784
4639
2776
144
2000
6283
8103
6995
5062
3100
1876
3016
6186
7755
5185
866
-1217
108
2351
2335
354
-927
-639
276
86
-1063
-1959
-1593
3
1567
1543
-395
-2453
-2790
-1086
750
1037
-399
-2379
-3207
-2475
-1153
-635
-1056
-1545
-1586
-1473
-1486
-1932
-2388
-2097
-1206
-495
-804
-1669
-2434
-2102
-1140
3
763
686
202
-600
-244
1021
8109
16753
15115
1297
-6438
5053
19041
16282
4035
1749
6109
5093
-984
-1415
2552
677
-5658
-5551
1569
2317
-7753
-14812
-8321
1827
2803
-3195
-6438
-5767
-5341
-4455
-965
1993
270
-3768
-4812
-1809
49
-2373
-5897
-5859
-2064
680
-1385
-6645
-9644
-7601
-3334
-1211
-1477
-2127
-3306
-5250
-4813
-375
4107
3386
-235
-142
4109
6076
3073
595
2856
6374
7147
6389
5494
3064
271
1043
5006
7468
5076
422
-1963
-276
2320
2170
496
97
777
738
562
305
-526
-794
830
2665
2470
798
-1113
-2276
-1535
795
1731
-125
-2600
-3534
-2901
-1968
-1915
-2816
-3148
-2295
-1711
-2310
-3114
-3243
-2639
-1379
-53
131
-799
-1662
-1630
-624
720
1457
1032
274
347
482
284
-187
2412
11216
16358
8540
-4977
-4262
9773
16630
8716
1776
4076
5119
-18
-3801
178
3149
-1231
-5871
-2387
2853
-1372
-11043
-11930
-2788
3441
733
-4108
-5334
-5035
-5318
-3848
-10
1859
-684
-4147
-4082
-1322
-1191
-4241
-5925
-3478
148
328
-3460
-7257
-7505
-4767
-2099
-895
-220
-429
-2504
-4313
-2712
1402
3596
2304
1116
2695
4423
3172
906
1374
4099
5488
5311
5432
5149
2339
-286
1216
5445
6426
3272
685
690
1183
883
1231
1954
1878
1292
1266
1213
444
-577
-896
371
2184
2229
-49
-2374
-2596
-1517
-512
-153
-956
-2441
-3061
-2439
-2224
-2839
-3036
-2408
-1678
-1269
-1260
-2006
-2919
-2680
-1228
214
455
-491
-1487
-1359
-467
-222
-483
-231
287
18
-905
-1253
-1282
-857
-601
3588
11694
13492
3274
-7146
-797
13300
15629
5888
1563
4635
4349
-749
-2161
2145
2396
-2850
-5028
226
3190
-3890
-12000
-9134
309
3717
-441
-4169
-4373
-4368
-4671
-2277
1611
2332
-866
-3729
-2674
-257
-1093
-4184
-5193
-2366
756
11
-4312
-7735
-6906
-3732
-1791
-1512
-972
-883
-2876
-4245
-1833
2633
3715
1079
271
3374
5700
3352
89
889
4075
5076
4104
4212
4551
2311
-232
587
4284
5383
2943
588
883
1735
1272
841
1273
1966
1403
1010
1217
955
-191
-804
403
2128
2425
837
-1059
-1659
-949
-212
-453
-1001
-1591
-2177
-2648
-2978
-3182
-3212
-2951
-2532
-2159
-1951
-2354
-3154
-3150
-1971
-755
-598
-973
-1175
-960
-763
-691
-736
-605
-197
-51
-216
-551
-1001
-1152
-764
-425
-255
585
6799
12734
8751
-2816
-5145
6865
15583
10194
1865
3263
6073
2923
-1560
589
4156
909
-3869
-1652
4311
2033
-7488
-10645
-2959
4130
2203
-2830
-4239
-3357
-3846
-3954
-1255
927
-561
-3711
-4048
-1498
-693
-3714
-6518
-5173
-1002
886
-1820
-5916
-6899
-4774
-2595
-1756
-785
322
-802
-3268
-2868
815
3233
1434
-533
1544
4907
4317
662
-470
1834
3707
3390
3545
4320
3042
415
163
2858
4536
3355
1842
2424
3566
2914
1324
1290
2708
3008
2260
2184
2327
797
-1018
-841
655
1158
107
-1325
-2286
-2304
-1820
-1883
-2471
-2603
-2258
-2075
-2185
-2519
-2953
-2957
-2473
-1814
-1337
-1186
-1656
-2493
-2409
-1222
-613
-1194
-1540
-854
-390
-797
-1313
-1043
-356
-34
-161
-457
-417
-316
-671
-892
-256
616
310
-394
-420
2397
9821
13659
6975
-3287
-1030
10949
14708
7060
2373
5454
5771
1087
-1294
2067
2572
-2759
-5216
-129
4417
-892
-9647
-9930
-2543
1790
-472
-3182
-3602
-3754
-4707
-3667
-907
6
-1877
-3706
-2551
-260
-622
-4401
-7132
-5241
-730
867
-2311
-5977
-6124
-4107
-2992
-2519
-721
834
-634
-2678
-1108
2609
3109
-37
-758
3267
6648
4865
1292
907
2745
3292
3031
4430
5361
3008
-3
963
3941
3435
458
617
3645
4104
1823
719
997
624
801
2570
3165
966
-1042
-775
92
110
-302
-657
-831
-705
-876
-1677
-2435
-2873
-2992
-2338
-1035
-1042
-3063
-4238
-3184
-1974
-1892
-1831
-1478
-1497
-1570
-1016
-551
-928
-1198
-433
707
1212
745
-263
-752
-282
474
718
575
300
-96
-500
-454
-449
-756
-848
-479
-238
-253
-259
-81
4336
10782
10421
1292
-3366
4677
12689
9214
2469
3747
6879
3700
-1375
-808
2012
-549
-4731
-3013
2343
1797
-6039
-10510
-6370
-515
-462
-3239
-3706
-2720
-3134
-4155
-2796
-1039
-1148
-2555
-2464
-280
914
-1195
-5016
-6075
-2794
887
341
-3222
-4632
-3110
-2016
-2680
-2333
-84
838
-562
-922
1833
3876
1625
-1400
168
4888
6402
3570
1404
2216
3101
2138
1829
3361
3857
1717
-21
1752
4099
2652
-1018
-1390
2265
4546
3051
1019
722
552
166
1140
2205
962
-1044
-739
646
253
-1416
-2473
-2495
-1870
-686
-363
-1974
-3766
-3675
-2143
-1126
-1134
-1689
-2011
-1538
-752
-826
-1643
-1859
-1169
-449
155
428
-262
-1469
-1512
-52
1069
827
-27
-299
106
637
527
-120
-411
65
808
895
430
-100
-465
-371
107
620
495
-134
-775
-19
3301
7387
7284
1805
-1909
1723
7391
6713
1966
1112
3835
3554
44
-1124
131
-895
-3549
-2522
1708
2518
-2021
-6103
-5017
-1492
-319
-1613
-2453
-1614
-1053
-1576
-1894
-1491
-1639
-2727
-2787
-808
942
-286
-3375
-4794
-3368
-1380
-1262
-2217
-2445
-1611
-849
-867
-982
-751
-584
-512
322
2104
3110
1878
11
82
1945
2925
2074
1133
1613
2390
2209
1608
1406
1080
127
-205
1096
2650
2273
404
-478
542
1631
1359
597
792
1457
1495
1151
1034
607
-376
-735
355
1463
1033
-328
-1081
-918
-569
-543
-1027
-1526
-1439
-720
-478
-1163
-1840
-1743
-1310
-1054
-750
-418
-461
-835
-784
-128
315
-66
-587
-291
532
735
277
-90
11
134
77
-14
-45
-144
-343
-358
-101
31
-350
-912
-899
-365
81
25
-262
-339
-222
-66
-32
-16
-130
-281
-84
622
1272
1290
1074
1156
1432
1445
1207
1189
1411
1477
1277
1182
1350
1357
1147
1017
1186
1289
1182
1081
1071
940
529
119
-81
-297
-623
-753
-588
-695
-1212
-1516
-1406
-1377
-1820
-2090
-1931
-1773
-2047
-2367
-2289
-2143
-2200
-2208
-1859
-1573
-1677
-1847
-1799
-1606
-1448
-1227
-959
-854
-869
-898
-802
-595
-325
-6
284
594
857
1065
1073
929
1002
1444
1959
2017
1883
1974
2200
2240
2218
2386
2512
2485
2459
2528
2485
2269
2004
1767
1676
1773
1817
1512
1069
810
614
231
-59
-44
-76
-421
-797
-926
-1100
-1428
-1669
-1663
-1622
-1675
-1712
-1835
-2040
-2220
-2229
-2200
-2171
-1951
-1631
-1475
-1573
-1652
-1512
-1221
-1000
-962
-860
-569
-387
-483
-493
-165
-12
-243
-268
239
618
323
-12
207
628
616
411
583
878
750
291
227
758
1374
1706
1873
2092
2190
2099
2074
2359
2712
2667
2264
1989
2122
2259
2046
1730
1628
1554
1224
869
753
673
267
-342
-754
-967
-1303
-1770
-2041
-2051
-2046
-2124
-2232
-2392
-2650
-2890
-2989
-2923
-2763
-2645
-2618
-2586
-2428
-2198
-2040
-2029
-2001
-1725
-1283
-991
-917
-802
-592
-452
-366
-148
164
354
396
485
804
1211
1409
1427
1583
1885
1988
1868
1877
2190
2525
2568
2448
2540
2777
2675
2278
2176
2370
2220
1720
1542
1706
1622
1174
789
608
477
368
197
-171
-592
-771
-791
-960
-1179
-1222
-1246
-1507
-1752
-1664
-1519
-1647
-1848
-1789
-1668
-1760
-1902
-1834
-1658
-1654
-1778
-1711
-1366
-1107
-1166
-1186
-901
-611
-520
-327
6
22
-205
-37
569
863
584
348
564
869
881
804
851
832
620
511
709
848
577
153
56
278
425
317
139
189
568
1065
1329
1280
1167
1191
1340
1622
2010
2162
1764
1216
1212
1678
1858
1458
994
842
801
648
472
305
-28
-485
-760
-760
-801
-1144
-1608
-1827
-1717
-1532
-1548
-1841
-2209
-2367
-2222
-1998
-1944
-2033
-2047
-1872
-1592
-1355
-1273
-1351
-1417
-1235
-804
-470
-484
-656
-681
-550
-396
-246
-163
-231
-294
-80
323
574
591
633
870
1222
1531
1694
1668
1548
1547
1735
1947
1986
1833
1612
1500
1568
1598
1346
1011
1005
1264
1279
945
642
518
374
238
324
484
339
-96
-370
-302
-211
-390
-659
-704
-585
-606
-847
-1081
-1146
-1157
-1210
-1192
-1040
-977
-1206
-1488
-1402
-994
-750
-852
-923
-687
-434
-479
-624
-518
-226
-44
-25
4
103
168
153
138
208
300
249
54
-74
-6
118
117
25
-35
-52
-82
-96
-35
58
144
332
708
1107
1280
1228
1189
1352
1698
2021
2038
1742
1508
1580
1758
1759
1612
1447
1235
974
792
689
487
150
-128
-242
-354
-642
-1045
-1355
-1468
-1455
-1449
-1558
-1800
-2078
-2254
-2305
-2323
-2330
-2250
-2104
-1964
-1806
-1608
-1514
-1563
-1497
-1194
-924
-856
-793
-612
-508
-561
-519
-251
10
72
79
234
450
526
553
758
1041
1146
1177
1375
1579
1520
1421
1609
1900
1970
1931
1980
1973
1792
1666
1721
1712
1496
1298
1269
1270
1143
912
645
447
385
333
120
-170
-331
-408
-552
-687
-721
-850
-1189
-1404
-1209
-883
-875
-1115
-1251
-1187
-1083
-1031
-1013
-1020
-1045
-1042
-923
-717
-645
-800
-887
-643
-334
-324
-464
-421
-258
-169
-76
93
144
10
-48
95
215
181
128
119
106
110
181
215
96
-55
-33
141
236
137
-29
-81
12
125
160
149
157
192
260
421
679
896
957
957
1036
1149
1148
1064
1076
1203
1290
1261
1191
1123
1043
966
903
789
619
477
393
300
154
-25
-247
-481
-628
-665
-693
-796
-950
-1103
-1209
-1234
-1245
-1366
-1537
-1568
-1449
-1371
-1418
-1464
-1428
-1358
-1294
-1196
-1064
-980
-983
-986
-888
-730
-622
-581
-522
-408
-308
-246
-130
52
150
142
234
505
704
670
641
837
1075
1134
1136
1265
1400
1364
1281
1361
1497
1446
1227
1127
1206
1233
1086
938
936
957
857
692
581
496
353
196
120
103
38
-136
-343
-442
-431
-444
-575
-728
-773
-733
-728
-787
-829
-819
-819
-829
-778
-689
-669
-716
-694
-606
-574
-601
-586
-537
-529
-503
-390
-302
-345
-427
-417
-361
-368
-396
-330
-183
-98
-124
-144
-51
124
343
637
963
1138
1097
1011
1044
1187
1375
1564
1650
1559
1439
1420
1389
1230
1067
1030
989
846
703
585
349
-1
-224
-251
-299
-493
-694
-795
-885
-1023
-1164
-1262
-1348
-1446
-1509
-1529
-1566
-1657
-1741
-1686
-1517
-1403
-1425
-1449
-1365
-1244
-1167
-1101
-963
-779
-630
-532
-415
-249
-114
-58
25
236
486
601
582
601
741
905
985
989
989
1047
1134
1185
1219
1270
1301
1247
1171
1188
1246
1201
1061
986
1011
994
891
788
729
659
593
575
552
427
231
100
66
45
-45
-193
-337
-439
-499
-528
-531
-522
-537
-581
-615
-609
-591
-605
-648
-662
-590
-490
-473
-562
-634
-604
-538
-501
-465
-419
-409
-444
-446
-377
-311
-313
-349
-352
-314
-262
-240
-259
-288
-286
-237
-163
-87
-31
-22
-53
-38
90
270
356
316
287
385
529
596
597
631
704
743
749
797
854
816
699
645
699
737
664
544
464
407
323
236
184
113
-20
-142
-180
-208
-322
-462
-510
-510
-573
-674
-703
-674
-684
-721
-693
-621
-641
-759
-817
-746
-686
-736
-794
-729
-616
-599
-642
-615
-518
-464
-445
-365
-225
-168
-219
-214
-57
114
167
161
238
391
493
522
559
652
708
667
626
702
823
828
750
763
870
894
766
660
691
725
616
484
479
500
376
199
192
302
291
138
48
69
48
-56
-90
-17
22
-57
-140
-149
-148
-214
-302
-324
-290
-272
-325
-419
-496
-501
-444
-401
-407
-424
-405
-370
-344
-274
-116
84
213
253
283
338
372
384
457
569
595
491
400
419
417
296
138
60
15
-60
-129
-165
-247
-411
-542
-573
-581
-650
-729
-767
-801
-834
-833
-799
-809
-874
-900
-853
-805
-800
-774
-690
-612
-591
-575
-507
-418
-369
-346
-281
-167
-66
11
103
223
318
366
423
549
699
798
845
895
973
1048
1091
1122
1150
1159
1135
1095
1069
1053
1012
920
820
751
688
595
492
427
380
294
175
103
88
45
-47
-118
-137
-169
-254
-347
-387
-413
-469
-532
-563
-595
-674
-755
-767
-726
-697
-708
-725
-701
-644
-580
-546
-542
-517
-434
-334
-271
-240
-193
-138
-102
-68
-6
49
44
21
55
143
195
181
166
195
234
237
239
281
328
332
328
367
423
419
372
368
421
457
429
377
339
303
255
225
221
186
95
3
-45
-67
-116
-177
-225
-250
-267
-287
-321
-385
-443
-440
-394
-377
-404
-424
-417
-407
-401
-368
-326
-323
-343
-320
-241
-183
-192
-215
-172
-86
-32
-34
-33
9
76
130
180
242
283
278
269
327
420
455
409
370
392
426
414
376
358
348
319
297
294
276
221
171
170
190
178
127
80
52
37
15
-17
-62
-115
-160
-182
-184
-204
-262
-318
-336
-320
-314
-340
-379
-400
-402
-394
-362
-333
-329
-351
-344
-292
-233
-201
-183
-158
-117
-64
0
57
79
86
120
183
237
265
274
281
287
306
339
365
365
359
369
382
372
358
367
374
354
335
359
390
363
319
336
365
335
278
281
313
278
186
142
150
126
52
-11
-32
-74
-158
-231
-263
-295
-364
-439
-483
-500
-521
-565
-619
-657
-656
-636
-639
-661
-678
-667
-635
-615
-615
-604
-569
-523
-490
-455
-404
-357
-334
-302
-224
-130
-77
-71
-38
45
137
190
214
249
309
373
419
447
475
508
533
548
571
604
612
589
575
601
632
610
550
515
520
507
457
415
391
349
271
222
221
212
144
64
40
51
19
-52
-93
-90
-101
-151
-191
-187
-209
-284
-345
-320
-272
-303
-389
-432
-408
-393
-413
-419
-391
-378
-403
-407
-347
-275
-260
-267
-227
-138
-65
-44
-30
19
81
131
172
226
262
251
231
255
322
365
340
289
277
300
318
306
287
283
267
236
225
253
268
215
132
105
148
161
83
-9
-43
-48
-90
-157
-195
-217
-265
-338
-367
-353
-368
-428
-488
-481
-436
-429
-459
-485
-466
-428
-413
-416
-401
-364
-333
-322
-311
-274
-231
-212
-207
-161
-93
-51
-47
-30
37
114
148
165
207
270
315
340
371
409
433
435
455
491
506
486
459
461
484
485
456
430
421
415
395
375
362
346
317
285
273
264
225
155
107
104
105
61
-7
-53
-73
-111
-169
-213
-229
-235
-275
-325
-357
-374
-401
-431
-428
-389
-367
-396
-436
-428
-378
-338
-326
-313
-273
-230
-210
-201
-176
-130
-82
-52
-29
0
24
27
23
47
97
135
138
123
126
152
173
180
186
203
212
204
190
195
212
207
183
164
169
163
125
87
67
70
68
45
13
-22
-58
-86
-85
-65
-61
-89
-132
-141
-125
-113
-115
-117
-105
-90
-79
-76
-84
-99
-106
-87
-46
-32
-62
-100
-113
-93
-71
-71
-82
-87
-83
-84
-86
-82
-71
-54
-28
8
35
45
43
62
106
160
185
179
179
192
214
219
202
182
172
160
144
120
91
67
44
28
24
17
-3
-24
-25
-3
15
7
-15
-24
-5
25
45
53
50
46
46
47
45
34
15
11
29
45
29
-27
-75
-86
-65
-52
-60
-85
-124
-151
-136
-90
-74
-104
-115
-87
-66
-65
-70
-81
-87
-46
30
47
-19
-86
-102
-97
-69
-13
-7
-75
-95
-23
15
-44
-88
-66
-50
-52
-10
54
48
9
9
28
11
-15
-18
-7
11
33
40
25
5
0
-2
2
21
48
68
72
68
74
78
79
87
100
113
121
135
138
133
130
126
124
121
126
124
109
98
95
97
88
68
51
28
12
0
-12
-30
-43
-55
-82
-105
-118
-128
-147
-160
-161
-162
-173
-182
-179
-174
-177
-184
-179
-163
-152
-150
-151
-135
-103
-76
-63
-56
-45
-38
-30
-8
18
31
30
43
67
83
84
78
78
85
94
98
105
113
124
122
118
118
109
99
95
95
96
94
88
80
68
58
41
26
14
8
7
-3
-15
-27
-34
-44
-59
-72
-67
-55
-49
-54
-56
-53
-49
-50
-53
-44
-30
-18
-16
-16
-16
-14
-11
-3
9
19
19
14
19
30
34
31
35
45
56
53
40
38
46
57
57
58
60
56
42
33
41
47
45
44
52
54
42
27
17
21
30
29
10
-7
-7
-12
-33
-49
-50
-55
-66
-74
-76
-89
-114
-125
-112
-100
-104
-109
-115
-115
-114
-123
-123
-117
-108
-94
-91
-93
-95
-96
-94
-80
-63
-53
-50
-44
-30
-25
-27
-22
-8
10
22
34
46
53
54
64
78
86
100
109
111
110
109
115
116
112
115
118
115
104
99
97
90
79
72
74
71
60
48
40
35
30
19
11
11
7
2
-3
-7
-10
-20
-27
-26
-22
-25
-32
-34
-28
-32
-36
-42
-42
-41
-39
-36
-32
-32
-35
-36
-36
-33
-30
-27
-26
-24
-21
-21
-23
-23
-16
-14
-14
-10
-8
-12
-16
-14
-10
-8
-10
-10
-8
-8
-11
-15
-14
-11
-6
-8
-6
-5
-1
-1
-2
-5
2
10
11
14
15
15
16
21
27
28
23
17
18
24
27
24
17
14
14
15
15
11
8
6
9
10
5
0
-2
3
4
4
0
-2
-2
-6
-7
-5
-8
-12
-13
-17
-17
-15
-20
-22
-22
-24
-25
-24
-22
-22
-24
-23
-20
-20
-18
-16
-16
-12
-5
1
5
8
8
8
16
22
26
22
18
26
33
37
35
30
29
31
37
38
28
24
23
26
29
23
17
12
12
14
18
12
0
-2
-2
0
1
-4
-11
-17
-14
-9
-13
-19
-26
-30
-26
-22
-26
-34
-39
-34
-31
-30
-34
-35
-38
-32
-25
-28
-31
-29
-25
-23
-19
-15
-16
-17
-6
2
3
5
5
10
16
26
26
22
25
30
33
36
40
35
33
37
43
41
39
37
32
32
32
33
29
20
20
17
15
14
7
-3
-6
1
-3
-5
-11
-16
-21
-21
-19
-22
-25
-28
-29
-27
-24
-25
-31
-32
-29
-24
-21
-26
-32
-34
-27
-20
-22
-29
-27
-24
-17
-12
-13
-19
-19
-11
-5
2
1
-5
-6
3
11
12
9
10
10
15
21
22
24
26
28
27
27
28
30
27
26
34
31
30
26
27
29
25
22
16
20
19
12
10
8
10
9
1
-5
-2
-3
-6
-10
-11
-8
-12
-15
-16
-11
-13
-19
-22
-18
-12
-15
-18
-18
-16
-15
-18
-17
-13
-14
-18
-17
-12
-8
-8
-12
-12
-3
1
1
-1
3
10
11
11
13
18
17
14
14
18
20
17
11
10
12
13
9
5
2
0
3
2
0
-4
-4
-8
-7
-8
-9
-10
-9
-8
-9
-9
-8
-8
-11
-6
-5
-5
-3
-6
-5
-4
-3
-5
-2
-6
-5
-4
-3
-2
0
-1
2
2
0
4
-1
1
2
3
3
2
-2
1
0
2
2
0
1
1
2
2
4
-3
-1
-1
0
3
4
5
5
4
6
4
3
0
-1
0
3
1
3
1
1
4
4
4
0
2
1
2
2
4
3
2
4
4
5
5
4
4
6
5
4
5
3
2
4
6
2
3
3
3
4
3
2
-2
0
0
-1
-6
-6
-6
-6
-8
-8
-5
-9
-10
-7
-6
-4
-4
-5
-6
-5
-5
-4
-5
-6
-6
-7
-6
-5
-7
-5
-4
-2
-2
-3
-1
-1
-3
-5
0
-2
-3
1
-2
-4
1
-1
2
1
0
3
5
5
5
7
9
10
9
9
8
9
9
10
11
9
10
8
4
4
2
1
0
-3
-4
-8
-7
-5
-7
-6
-5
-8
-8
-11
-9
-6
-6
-5
-3
-4
-4
-3
-2
0
-4
-4
-5
-4
-4
-4
-2
-1
-1
1
0
2
2
1
6
6
6
6
8
9
9
9
8
10
9
9
7
5
6
5
5
5
9
8
8
5
4
5
3
-1
-3
-3
-2
-4
-3
-2
-3
-4
-6
-8
-5
-8
-10
-6
-5
-4
-4
-8
-7
-6
-6
-3
-5
-5
-6
-4
-3
-3
-2
-2
-2
-1
-3
-1
1
0
0
3
3
1
2
2
2
5
2
1
3
4
5
6
4
5
4
0
2
3
4
2
4
4
4
7
6
4
2
1
2
2
1
0
0
-1
-1
-1
0
-1
-1
-1
-3
-3
-3
-1
-1
0
-2
-2
-3
0
-2
-4
-3
-4
-4
-4
-3
-4
-4
-5
-2
-1
-4
-2
-2
0
-1
-1
-1
0
-2
2
2
0
1
1
3
2
3
6
3
3
3
3
4
0
0
1
2
3
2
2
2
2
-2
-2
0
-1
-4
-4
0
1
-1
0
0
1
0
0
0
-1
0
2
3
3
3
5
4
2
3
3
3
1
3
-2
1
3
3
3
6
2
-1
0
-1
1
-1
-3
-1
-1
-3
-3
0
-1
-2
-3
-2
0
-1
-3
-2
0
-4
-4
-2
-4
-4
-1
-3
-2
-1
-1
-2
-1
-2
-2
-2
-1
-2
-1
2
2
2
3
2
2
1
1
0
1
2
3
4
1
1
0
1
2
3
3
1
1
2
-1
-1
4
5
3
1
2
0
-1
-1
-1
-1
-1
-2
0
1
-1
-1
-2
0
-2
-2
-1
-2
-2
-3
-3
-1
-2
-2
-3
-4
-1
1
-2
0
2
1
-1
0
-2
2
1
-1
0
-1
0
1
3
4
3
0
2
3
3
2
3
-1
1
-1
-1
3
3
3
3
4
3
3
2
0
4
6
4
1
2
3
2
0
-1
-1
-4
-3
-3
-2
-2
-2
-4
-4
-4
-1
-3
-3
-1
-3
-3
-3
-2
-2
-2
-2
-1
-4
-5
-6
-2
-3
1
1
-1
0
-1
-2
-1
-1
-1
0
1
1
0
-1
1
2
2
6
5
6
4
4
4
7
6
6
4
2
5
3
4
3
1
2
2
-3
1
1
3
2
-1
-2
-1
0
-1
-4
-3
-1
-5
-3
-2
-2
-4
-6
-6
-5
-4
-5
-3
-2
0
-4
-5
-4
-3
-2
-2
-2
0
-1
-1
2
1
2
2
2
1
2
4
2
2
4
4
5
5
4
5
4
2
0
0
4
2
0
-1
2
0
0
2
3
2
1
0
-1
1
3
3
3
0
2
0
0
2
0
1
-2
-3
-4
-3
0
-2
-2
-5
-1
1
-2
-1
0
1
-2
-3
-2
-1
-2
-1
0
0
-1
1
2
0
-3
1
-1
-2
-2
-4
-2
-1
-2
-5
-2
-2
0
0
-2
0
-1
0
4
3
1
1
1
2
4
2
4
4
4
1
2
1
0
-2
-5
-4
-1
-3
0
3
1
1
1
0
-1
-2
-1
-2
-2
2
0
1
3
0
2
3
4
3
2
2
3
2
2
2
3
3
2
4
-1
0
1
-1
1
1
2
2
3
3
0
0
-1
2
-1
-2
0
-1
0
-1
0
-1
-3
-2
0
-1
-4
-3
-3
-3
-5
-1
-4
-4
-2
-2
-2
-4
-5
-5
-4
-3
-4
-6
-4
0
-1
-2
1
-1
-2
-1
-1
-2
-2
2
0
0
2
3
3
3
4
4
3
4
6
4
6
4
4
2
2
3
2
1
1
4
3
1
2
0
1
3
1
1
1
3
4
3
-1
2
2
-1
1
3
1
-2
0
2
-1
0
0
0
-2
0
-3
0
-1
-2
0
-3
-2
-2
-4
-3
-1
0
0
3
0
-2
-1
2
0
-3
0
3
-3
-2
-1
-2
-1
-2
-2
-4
-4
-3
-4
-3
-2
-2
-1
1
0
-2
-2
-2
-2
-4
-2
-1
-1
-4
0
-2
-2
0
0
0
0
3
3
0
1
0
0
1
1
3
2
0
0
1
1
-1
-1
2
2
0
3
7
6
4
6
8
5
4
5
6
3
1
5
6
5
4
5
1
1
3
5
2
3
4
3
5
4
1
1
-1
-1
1
-2
-2
-2
-5
-2
-3
-5
-4
-4
-6
-3
-7
-10
-8
-4
-7
-9
-6
-10
-8
-11
-9
-5
-7
-6
-5
-7
-11
-5
-5
-6
-4
-5
-3
-2
-6
-2
0
-3
-3
4
1
1
5
4
6
7
7
11
11
6
11
9
7
9
5
4
6
5
5
9
8
4
8
6
5
3
4
3
4
2
-1
1
2
-1
-1
2
-6
-4
-1
-5
-2
-3
-7
-1
-1
-4
0
-1
-6
0
1
-4
1
0
-5
3
-2
-4
9
1
-4
8
-4
-3
8
-5
-1
4
-9
-1
2
-5
5
4
-11
6
3
-13
6
4
-10
7
4
-12
6
4
-8
5
5
-8
3
-2
-10
0
-2
-9
0
-4
-9
4
-7
-12
4
-10
-9
4
-14
-12
9
-14
-15
8
-14
-16
10
-13
-20
13
-14
-21
19
-3
-21
28
-1
-25
26
7
-28
33
17
-32
32
28
-31
23
39
-27
10
44
-23
0
43
-15
-10
39
0
-13
28
9
-12
17
12
-5
4
14
-2
-11
10
8
-19
4
20
-21
0
25
-21
-8
31
-16
-15
26
-7
-16
23
-6
-19
8
-5
-15
5
-2
-10
2
-1
-2
4
2
-1
4
1
-3
9
8
-9
2
14
-14
-4
20
-18
-8
26
-18
-18
30
-18
-24
34
-12
-32
33
-7
-37
35
-3
-41
33
-3
-38
33
-4
-38
31
-5
-34
30
-7
-31
35
-7
-32
36
-3
-29
33
-4
-30
27
5
-28
16
9
-19
8
9
-2
1
0
6
-3
-12
16
1
-21
29
10
-33
25
24
-39
18
38
-37
3
47
-30
-18
55
-13
-35
51
8
-53
41
35
-65
26
55
-74
2
77
-70
-18
89
-61
-36
91
-47
-50
88
-32
-60
78
-16
-62
64
-2
-60
45
7
-47
25
15
-26
8
7
-8
0
-10
5
2
-23
10
11
-34
6
23
-33
-10
35
-20
-28
38
-1
-45
30
26
-57
7
48
-53
-13
59
-37
-28
55
-20
-29
45
-8
-16
33
-4
-4
21
-16
7
17
-26
18
18
-34
21
13
-39
29
13
-39
36
7
-43
49
8
-52
48
9
-60
43
21
-64
24
34
-54
5
47
-33
-24
37
1
-36
18
28
-30
-10
42
-12
-36
41
12
-44
31
36
-48
15
50
-43
1
52
-38
-12
48
-32
-22
44
-24
-28
39
-15
-30
31
-5
-33
21
4
-35
5
12
-31
-6
12
-22
-9
11
-6
-14
0
3
-10
-9
3
6
-1
-3
7
5
-13
2
26
-11
-11
38
1
-29
36
15
-39
26
26
-44
9
35
-32
4
34
-27
-4
28
-13
-4
20
-11
-3
9
-10
4
4
-19
7
4
-24
11
7
-24
7
10
-26
8
16
-22
7
17
-17
1
16
-13
-3
15
-5
-5
10
0
-1
4
3
-1
-2
1
2
0
1
3
-3
-3
2
1
-3
2
0
-5
2
4
1
4
4
0
0
1
-2
-3
2
2
-1
0
1
-2
-4
-1
0
-4
-4
2
-4
-4
5
-2
-8
3
0
-7
2
1
-8
1
4
-6
-2
4
-1
-2
6
2
-2
5
4
2
0
2
-2
0
3
-2
1
