SAMPLES:	7541
BITSPERSAMPLE:	16
CHANNELS:	1
SAMPLERATE:	16000
NORMALIZED:	FALSE
3
8
5
-6
-11
-3
0
4
8
4
6
4
1
0
1
3
0
-5
-3
-11
-12
-9
-10
0
4
13
11
4
7
3
-4
-12
-13
-10
2
7
14
17
5
-1
-10
-15
-11
0
12
16
13
3
-13
-13
-7
-3
1
7
6
6
8
1
3
2
1
0
5
12
13
13
13
11
7
6
6
8
15
19
11
3
-5
-12
-13
-10
0
2
-3
-2
-4
-10
-18
-21
-17
-11
-6
1
8
13
14
0
-4
-9
-16
-7
2
17
23
27
19
4
-17
-34
-38
-32
-11
-2
14
20
14
6
-10
-14
-14
-6
2
14
16
13
12
1
-5
-12
-14
-10
-9
-1
0
-1
8
5
2
-2
-5
-5
-10
-13
1
14
22
29
27
11
-4
-24
-34
-28
-15
3
18
21
17
10
-4
-7
-9
-6
2
5
9
5
6
2
-7
-7
-9
-10
-10
-14
-5
-5
4
7
9
11
9
4
-4
-8
-13
-12
-9
-8
-4
2
4
1
1
2
4
5
10
15
3
3
-1
-14
-8
-5
-1
-2
-6
-7
-5
-10
-5
4
13
20
20
20
13
3
2
3
0
1
-3
-8
-11
-12
-12
-9
-2
-1
1
0
6
8
13
21
22
21
15
9
8
1
-2
-5
-8
-10
-12
-6
-5
-7
0
-2
5
10
9
18
20
22
18
14
8
1
-2
-6
-7
0
-4
-6
1
-7
-2
-1
-4
-1
-3
-1
-1
-3
3
1
1
-1
-3
-2
-6
-8
-5
-9
-7
-9
-10
-10
-11
-7
-7
-7
-4
-2
-4
-7
-5
-4
-3
-2
-2
-2
-2
-4
-2
-2
1
4
0
-1
2
2
2
-1
1
-1
3
10
11
10
9
10
10
6
10
9
3
0
-4
-5
-10
-10
-4
-5
-6
-1
-1
-1
1
0
0
-6
-4
-1
3
6
3
3
1
1
4
1
2
0
-1
2
2
2
3
-1
-1
-4
-4
-3
3
9
13
13
11
18
12
10
2
-4
-1
2
2
0
4
-4
-9
-18
-12
-4
-5
3
2
4
-2
-5
-2
0
1
4
6
0
-1
-7
-11
-10
-8
-6
-5
1
3
4
3
5
7
5
8
4
4
4
6
9
13
8
3
-3
-8
-8
-10
-6
-9
-6
-6
-8
-1
-1
0
-2
1
1
0
2
4
2
-6
-10
-13
-9
-6
-5
-4
-7
-3
1
-2
2
4
0
0
0
1
6
7
11
14
11
7
9
10
4
4
-3
-1
-2
-5
-4
-6
-3
-7
-10
-7
-4
-3
-1
0
-4
0
0
2
-2
-2
1
3
7
7
11
6
-1
-3
-7
-10
-15
-11
-12
-7
-7
-4
9
9
11
12
7
8
10
9
2
1
-4
-3
-1
-5
-3
-6
-5
-4
-2
2
1
7
7
4
6
5
10
5
-5
-9
-8
-9
-14
-11
-8
-4
-6
-2
0
1
9
10
14
14
13
9
7
6
5
7
3
3
1
0
0
-1
0
1
3
1
3
1
1
-5
-4
2
-4
-1
-1
-5
-4
-5
-5
-3
1
4
4
2
1
-2
-1
-1
-4
-10
-14
-7
-10
-6
2
7
11
15
13
11
9
6
8
3
3
-2
-13
-15
-18
-16
-16
-8
-2
-2
1
2
5
12
11
8
16
17
20
21
13
5
1
-1
-4
-2
-7
-4
-8
-13
-10
-15
-7
-2
0
-2
-3
-3
1
2
3
3
-1
2
-7
-5
-9
-12
-14
-15
-10
-9
-1
-1
-1
2
8
14
12
12
18
15
12
10
4
2
-4
-6
-5
-4
-5
-3
0
-2
-6
-5
-1
1
9
11
13
9
10
10
4
4
1
-1
-3
-4
-3
-4
-6
-3
0
1
-1
-6
-8
-4
-7
-3
0
-5
2
-3
-5
-4
-13
-8
4
7
8
12
6
5
5
4
-1
-2
0
-3
-3
-4
-1
-3
0
2
-3
7
10
11
12
11
11
2
-1
-4
-11
-10
-9
-5
-6
-13
-10
-9
-10
-8
-2
0
1
0
1
0
5
12
12
6
1
-3
-8
-1
-5
-5
-5
-6
-7
-2
3
3
11
11
11
6
8
5
-1
-1
0
-4
-3
-9
-10
-9
-8
-3
-8
-11
-8
-5
0
2
5
7
7
12
13
14
15
7
5
1
6
8
9
13
8
0
-2
-4
-15
-16
-11
-5
2
3
1
6
2
4
2
1
4
-2
4
2
5
4
3
10
3
-1
-2
-7
-7
-7
-7
-5
1
4
9
12
9
10
2
0
1
-2
-1
1
-3
-3
-4
-5
-6
-7
-3
-3
0
6
8
12
13
7
9
4
0
3
-2
-3
-2
-5
-6
-10
-10
-4
-4
-5
-6
-3
-1
1
2
4
3
-2
-1
0
-1
0
2
-3
-4
-3
-2
0
-1
1
4
5
7
4
2
2
-5
-4
-9
-7
1
-4
-9
-7
-5
-12
-8
-8
-5
-2
-2
-1
-3
4
4
2
1
0
-1
2
6
4
7
10
5
-3
-4
-1
3
8
2
0
-5
-7
2
0
3
3
3
2
-9
-9
-9
-7
-7
-2
1
-1
0
3
6
8
11
13
14
9
10
9
6
7
7
3
0
5
4
7
11
9
9
8
6
4
2
4
6
3
1
0
-2
-7
-11
-12
-13
-7
-4
-3
-2
-1
2
3
11
8
8
10
7
7
2
-2
-1
-7
-10
-8
-8
-4
-5
-2
3
2
5
1
-1
4
3
1
3
2
-3
-7
-6
-6
-6
-5
-2
3
5
9
5
5
7
3
0
0
1
1
2
0
-1
-6
-11
-17
-12
-12
-11
-10
-8
-5
-2
0
1
1
0
-4
-2
0
-3
-5
0
2
3
5
1
-1
0
4
0
-2
0
1
-1
-4
3
-4
-6
-8
-16
-16
-19
-11
-13
-4
0
1
3
0
7
4
10
9
11
8
2
0
-1
-3
-2
0
2
8
7
11
10
12
4
1
1
-3
0
3
10
11
13
12
3
-5
-6
-6
-5
-1
0
3
4
8
7
5
8
8
7
8
3
4
4
5
5
-4
-4
-3
-6
-5
-3
-2
-2
-5
-2
-1
-1
5
0
0
4
1
7
5
2
5
3
4
10
9
8
10
2
1
-3
-8
-3
0
0
3
7
3
5
4
3
4
2
3
0
-6
-7
-11
-11
-9
-6
-5
-4
-2
-4
-7
-8
-8
-6
-4
-4
-3
3
0
0
1
-2
0
-5
-6
-8
-5
-3
-4
-8
-12
-10
-11
-10
-10
-8
-2
-1
4
4
1
1
5
4
4
4
2
1
0
-3
1
-2
0
2
-2
1
2
0
8
12
13
14
13
14
9
8
5
6
-1
-2
-5
-10
-5
-4
-2
3
-2
3
7
3
8
11
7
7
8
7
9
4
2
-1
-8
-7
-9
-8
-3
-2
-6
-3
1
-1
-1
-2
0
0
-9
-8
-9
-7
-3
-1
2
3
8
3
9
9
4
5
1
3
2
0
2
-4
-9
-6
-9
-6
-5
-3
-5
-3
0
1
3
7
9
8
9
9
4
3
1
1
4
0
2
-3
-3
3
-1
2
9
9
13
14
11
11
3
-5
-8
-13
-10
-1
-5
-9
-5
-6
-4
-6
-4
4
3
3
8
8
1
1
-1
1
1
-3
-5
-3
-9
-11
-8
-6
-2
-3
1
2
5
4
-1
2
2
1
1
-1
5
5
1
2
-1
-1
-7
-5
-6
-7
-6
-7
-4
0
-3
-5
-3
-6
-4
-4
-2
-4
0
4
0
9
9
5
2
-3
-5
-11
-11
-7
-2
1
3
1
0
-4
-3
3
6
11
10
5
6
2
6
11
10
7
6
10
2
5
6
8
12
3
-2
1
8
13
13
2
-12
-14
-16
-14
-20
-17
-16
-7
8
8
0
-1
8
12
3
-8
-8
-2
1
5
14
9
9
15
28
29
18
19
24
2
-7
-11
-21
-13
-10
-1
-8
-13
2
4
0
10
4
-12
-9
-7
6
5
4
16
19
20
26
27
7
0
-9
-8
5
8
14
16
24
24
22
25
29
9
-3
-13
-21
-12
-1
-1
22
31
28
28
12
12
9
4
-1
-14
-8
-1
-5
-12
-25
-20
-30
-50
-49
-32
-45
-53
-52
-56
-51
-49
-27
-1
-4
-7
-5
-1
15
22
33
57
53
42
54
52
64
76
78
82
79
62
65
36
26
44
28
32
42
55
91
97
99
101
70
46
21
0
6
4
-2
7
31
20
25
30
13
-91
-445
-557
-412
-284
-362
-566
-645
-421
-167
-90
-56
-86
-183
-337
-399
-324
-227
-252
-214
97
514
792
597
193
-170
106
185
278
501
73
-232
-360
-62
21
-29
20
226
546
658
149
-103
-420
-602
180
407
595
616
116
23
451
880
860
637
277
382
105
237
297
224
231
238
462
334
178
-94
-190
-383
-310
48
-303
-470
-532
-325
-362
-626
-360
-373
-671
-778
-482
-374
-461
-215
-397
-296
-376
-336
-68
-138
-126
-183
-99
-210
2
58
18
92
-68
-109
-258
-117
-199
-107
53
-82
47
-142
-313
-391
-387
-182
-352
-47
83
14
127
-31
248
18
-76
346
369
374
435
740
556
658
679
527
643
561
678
773
829
876
995
942
769
920
794
641
590
488
561
583
795
924
691
305
-137
-381
-562
-862
-963
-870
-835
-1025
-1129
-1203
-1222
-1388
-1743
-1754
-1788
-1679
-1662
-1552
-1147
-520
9
168
351
529
542
436
546
859
1155
1371
1574
1810
2036
2017
1748
1516
1145
799
255
-180
-352
-506
-593
-750
-840
-1051
-1368
-1637
-1845
-1840
-1896
-2074
-2078
-2090
-2117
-1881
-1616
-1296
-960
-784
-559
-361
-244
-55
204
512
760
1039
1131
1221
1331
1389
1482
1526
1689
1654
1496
1484
1412
1398
1377
1393
1527
1705
1720
1737
1962
1790
1722
1622
1575
1467
780
220
-289
-339
-465
-901
-1194
-1370
-1323
-1856
-2447
-2931
-3060
-3394
-3872
-3780
-3454
-2884
-2837
-2493
-1878
-1243
-672
-426
66
683
1118
1378
1664
2192
2764
3093
3252
3505
3788
3861
3718
3503
3369
3006
2401
1782
1222
801
252
-244
-844
-1498
-2223
-2947
-3263
-3732
-4071
-4372
-4670
-4592
-4514
-4194
-3832
-3520
-3187
-2812
-2264
-1572
-779
-241
354
961
1603
2221
2586
3043
3131
3212
3325
3384
3413
3255
3007
2654
2402
2199
2168
1975
1835
1839
1817
1815
1831
1809
1652
1496
1423
1435
1153
250
-453
-996
-952
-1157
-1818
-2065
-1906
-1523
-1982
-2648
-2906
-3161
-3563
-4337
-4223
-3794
-3548
-3634
-3336
-2264
-1154
-329
104
784
1416
1702
1605
1682
2200
2594
2723
2672
2960
3420
3722
3784
3776
3731
3351
2621
1775
1043
393
-301
-979
-1697
-2273
-2736
-3135
-3652
-4105
-4407
-4720
-5117
-5462
-5289
-5017
-4745
-4483
-4005
-3124
-2444
-1580
-723
160
822
1277
1946
2566
3197
3688
4164
4512
4819
5130
5258
5110
4587
4115
3662
3140
2857
2588
2370
2076
1894
1975
2034
1844
1715
1493
1219
766
-474
-1344
-2124
-2159
-2494
-3536
-3544
-3228
-2354
-2868
-3430
-3016
-2978
-3331
-4500
-4277
-3670
-3594
-4000
-3713
-2229
-981
-92
371
1493
2456
2777
2737
2769
3400
3559
3137
2796
2961
3488
3727
3741
3947
4091
3703
3010
2363
1658
779
-348
-1355
-2308
-3218
-3884
-4406
-4735
-5114
-5208
-5113
-5241
-5277
-5097
-4760
-4685
-4773
-4202
-3357
-2510
-1677
-818
261
1104
1852
2859
3708
4364
4699
4899
5068
5059
5081
5067
4816
4400
3988
3640
3373
3026
2874
2631
2347
2109
1948
1801
1456
1255
983
478
-821
-1598
-2017
-2152
-3070
-4510
-4504
-4268
-3812
-4593
-4872
-4096
-4126
-4346
-4865
-3746
-2902
-3016
-3383
-2816
-1220
-334
318
1141
2598
3437
3536
3805
4519
5280
4902
4122
3826
3923
3840
3458
3377
3575
3394
2693
2152
1900
1486
466
-678
-1615
-2656
-3567
-4343
-4838
-5452
-6204
-6521
-6571
-6509
-6359
-5861
-5257
-4989
-4714
-4011
-2953
-2170
-1516
-727
191
1075
1927
2916
3884
4614
5139
5538
5776
5970
6116
5968
5465
4791
4377
4067
3519
3142
2889
2670
2466
2296
2366
2230
1979
1741
1380
-14
-1323
-2063
-2326
-2984
-4870
-5339
-5058
-4592
-4872
-5465
-4485
-4353
-4579
-5191
-4504
-3311
-3367
-3711
-3563
-1987
-877
-102
836
2402
3759
4149
4533
5269
6212
6056
5422
4923
4772
4600
3971
3681
3514
3231
2812
2421
2233
1758
926
-135
-1386
-2622
-3850
-4619
-5570
-6548
-7289
-7697
-7573
-7561
-7082
-6491
-5945
-5513
-5139
-4295
-3421
-2518
-1687
-849
59
920
2052
3117
4224
5071
5788
6488
6914
7234
7278
7170
6750
6132
5411
4825
4281
3634
3074
2439
2177
2007
1806
1636
1318
1138
864
-308
-1429
-2179
-2729
-3360
-5244
-5845
-5640
-5372
-5522
-6149
-5090
-4676
-4820
-5136
-4425
-3050
-3095
-3410
-3163
-1784
-873
-370
421
1822
3062
3449
4165
5088
6138
6092
5409
5149
4908
4604
3918
3460
3315
2837
2286
2104
2071
1858
1176
428
-502
-1644
-2978
-3813
-4741
-6037
-7036
-7941
-7735
-7952
-7679
-7045
-6590
-5751
-5476
-4172
-3173
-2266
-1558
-949
160
875
1924
2800
3806
4563
5276
6077
6912
7574
7801
8009
7706
7453
6787
6116
5470
4562
3779
2906
2526
2286
1935
1690
1290
1202
333
-977
-1763
-2529
-3028
-4966
-6335
-6617
-6764
-6974
-7860
-7114
-6450
-6231
-6267
-5439
-3695
-3198
-2952
-2608
-1102
-177
182
785
1765
2984
3266
3873
4826
6040
6554
6341
6234
6221
6124
5440
4694
3924
3112
2285
1536
1107
573
151
-367
-966
-1791
-2466
-2857
-3788
-4893
-6251
-6680
-7196
-7796
-7836
-7701
-7153
-7204
-6415
-5082
-3747
-2707
-1891
-664
155
1091
1749
2647
3281
3863
4492
4794
5571
6225
6901
6912
6867
7206
7197
6728
5930
5400
4785
3690
2941
2509
2134
1588
1087
889
538
-347
-968
-1444
-2146
-2919
-4520
-5239
-5838
-6326
-6748
-7594
-7189
-7107
-6774
-6432
-5346
-3944
-3561
-2944
-1965
-374
334
880
1751
2670
3089
3212
4024
4841
5300
5349
5488
5802
5780
5726
5612
5167
4546
3576
2894
2164
1266
421
-527
-1273
-2146
-2973
-3479
-3921
-4700
-5522
-6283
-6486
-6796
-7381
-7322
-7310
-7120
-7258
-6648
-5152
-4165
-3245
-2233
-730
552
1500
2595
3627
4254
4819
5345
5645
5967
6249
6547
6297
6123
6527
6593
6294
5883
5765
5504
4479
3863
3382
2673
1942
1246
944
-244
-1281
-1590
-2082
-2645
-4071
-4560
-4854
-5494
-6036
-6577
-6442
-6716
-6891
-6847
-6042
-5096
-4557
-4085
-3232
-1481
-512
266
1177
2508
3446
3443
3985
4839
5347
5070
4940
5235
5349
5045
4919
5024
4626
4026
3416
3171
2487
1419
620
-298
-1291
-2449
-3438
-3790
-4630
-5487
-6178
-6744
-6508
-7169
-7372
-7292
-7086
-6675
-6977
-5999
-4892
-4020
-3374
-2411
-763
430
1405
2496
3821
4556
5294
5900
6514
6766
6879
7233
7068
6932
6765
6629
6179
5616
5395
5071
4505
4016
3559
2995
2345
1794
1137
-264
-1283
-1964
-2653
-3957
-5349
-5550
-5862
-6401
-7205
-7069
-6688
-6926
-6865
-6504
-5274
-4759
-4354
-3637
-2532
-1051
-358
477
1487
2632
3497
3868
4475
5335
5615
5407
5250
5350
5359
4920
4647
4363
3946
3403
2968
2652
1940
1185
497
-441
-1519
-2585
-3315
-3995
-5296
-5992
-6667
-6996
-7283
-7724
-7345
-7379
-7060
-6781
-6166
-5147
-4429
-3439
-2680
-1528
-448
704
1795
2700
3736
4534
5419
5972
6533
7004
7123
7224
7040
7042
6717
6409
6149
5705
5410
4836
4597
4185
3640
3162
2468
1931
701
-403
-1272
-2124
-2999
-4607
-5482
-6038
-6367
-6893
-7510
-7316
-7291
-7232
-7174
-6324
-5257
-4755
-4217
-3400
-1943
-852
74
1070
2127
3010
3681
4469
5218
5703
5860
5979
5855
5654
5475
5328
5080
4339
3777
3312
2887
2248
1378
877
24
-944
-2189
-3152
-3647
-4732
-5759
-6811
-7223
-7340
-7978
-7951
-7695
-7282
-7077
-6791
-5661
-4667
-3905
-3116
-2074
-903
127
1056
2158
3104
4019
4927
5549
6184
6666
7152
7242
7011
6922
6746
6319
5832
5535
5253
4719
4263
4111
3756
3322
2857
2467
1552
205
-571
-1456
-2335
-3957
-5089
-5637
-6312
-6789
-7451
-7201
-7100
-7089
-6844
-6326
-5210
-4694
-4111
-3325
-2117
-946
-247
766
1946
2969
3583
4170
5065
5748
5805
5842
5930
5910
5479
5032
4884
4416
3806
3213
2936
2552
1755
1114
463
-414
-1474
-2704
-3395
-4357
-5591
-6474
-7317
-7388
-8001
-8268
-8013
-7747
-7214
-6978
-6014
-5066
-4176
-3350
-2340
-1172
-258
730
1647
2707
3439
4372
5220
5816
6367
6768
7267
7251
7118
7010
6652
6182
5674
5286
4864
4294
3894
3645
3141
2762
2437
1835
943
-105
-720
-1574
-2903
-4180
-5050
-5679
-6493
-7152
-7333
-7228
-7192
-7023
-6420
-5415
-4545
-3935
-3171
-2224
-1018
-230
466
1414
2390
3188
3676
4416
5340
5792
5818
5890
5988
5902
5380
4990
4662
4013
3303
2652
2325
1726
944
312
-436
-1153
-2170
-3108
-3868
-4929
-5833
-6806
-7522
-7850
-8174
-8240
-8180
-7765
-7028
-6369
-5560
-4348
-3295
-2267
-1329
-270
867
1576
2490
3292
4051
4650
5208
5903
6360
6748
6999
7048
6931
6782
6534
6110
5529
5091
4653
4051
3535
3244
2914
2307
1622
761
181
-710
-1468
-2536
-4031
-4779
-5569
-6086
-7101
-7666
-7491
-7669
-7604
-7243
-5984
-5033
-4595
-3709
-2295
-946
-96
748
1758
2746
3252
3969
4573
5178
5648
5713
5908
5894
6046
5927
5510
5127
4637
4060
3277
2641
2082
1258
336
-622
-1381
-2259
-3221
-4054
-5157
-6016
-6905
-7390
-7854
-8313
-8294
-8327
-7961
-7598
-6611
-5567
-4720
-3684
-2525
-1121
-107
895
1909
2841
3503
4189
4907
5530
5983
6256
6668
6879
7063
7022
6777
6626
6296
5930
5341
4705
4400
3704
3106
2474
1945
1333
64
-506
-1233
-1851
-3155
-4441
-4839
-5627
-6217
-7285
-7469
-7499
-7761
-7685
-7313
-6157
-5545
-4764
-3894
-2371
-988
-61
1025
2000
3215
3777
4353
4946
5515
5840
5761
5852
5962
5957
5768
5474
5214
4872
4344
3814
3127
2349
1518
581
-364
-1492
-2506
-3423
-4368
-5339
-6222
-6749
-7208
-7782
-8160
-8181
-7891
-7700
-7425
-6700
-5775
-4891
-3994
-2770
-1428
-304
583
1630
2676
3536
4211
4794
5370
5718
6040
6353
6549
6659
6669
6536
6345
6176
6039
5739
5065
4607
4110
3610
2952
2139
1485
310
-427
-1213
-1877
-2896
-4139
-4539
-5304
-5885
-6728
-6996
-7074
-7534
-7494
-7166
-6274
-5877
-5165
-4206
-2913
-1722
-769
546
1561
2696
3438
4166
4854
5357
5713
5783
5820
5977
5955
5767
5546
5284
5129
4646
4196
3695
2980
2265
1309
409
-724
-1837
-2841
-3946
-5022
-6131
-6752
-7346
-7915
-8352
-8393
-8155
-8004
-7577
-6938
-5966
-5224
-4352
-3249
-2108
-906
2
1058
2082
2970
3848
4501
5146
5683
6002
6324
6471
6595
6570
6401
6287
6099
5877
5604
5192
4830
4411
3893
3453
2676
1977
942
-37
-769
-1724
-2488
-3766
-4503
-5035
-5515
-6004
-6684
-6712
-6910
-6917
-6924
-6371
-5740
-5298
-4588
-3729
-2334
-1430
-339
744
1764
2733
3412
4248
4812
5210
5406
5517
5555
5470
5399
5264
5026
4760
4463
4171
3864
3351
2778
2074
1262
393
-750
-1737
-2792
-3843
-4987
-6083
-6660
-7346
-7812
-8233
-8257
-7959
-7815
-7296
-6620
-5684
-4861
-4020
-2946
-1779
-693
220
1252
2191
3131
3870
4550
5206
5618
6044
6252
6419
6438
6311
6268
6016
5855
5610
5327
5089
4752
4412
3951
3431
2812
2154
1055
141
-683
-1510
-2425
-3784
-4370
-4898
-5406
-6057
-6635
-6530
-6666
-6797
-6709
-6205
-5564
-5153
-4575
-3542
-2405
-1466
-508
568
1770
2596
3296
4017
4615
5043
5229
5226
5315
5156
5059
4915
4558
4423
4060
3925
3598
3144
2737
2165
1564
646
-286
-1278
-2151
-3330
-4477
-5480
-6274
-6768
-7638
-7829
-8015
-7857
-7730
-7503
-6491
-5840
-4948
-4242
-3113
-1934
-1046
-23
865
1883
2595
3444
4142
4826
5390
5782
6130
6157
6349
6344
6164
5894
5578
5406
4975
4609
4408
4121
3636
3063
2658
2196
1504
554
-160
-993
-1846
-2725
-3706
-4274
-4985
-5391
-5943
-6354
-6334
-6391
-6282
-6242
-5700
-4963
-4427
-3820
-2906
-1772
-791
66
988
2007
2640
3236
3784
4279
4543
4532
4610
4572
4513
4436
4345
4201
3994
3803
3742
3463
3143
2645
2108
1454
618
-294
-1245
-2151
-3239
-4212
-5346
-5917
-6540
-7139
-7467
-7708
-7387
-7379
-6859
-6137
-5292
-4532
-3892
-2687
-1633
-649
107
1072
2002
2728
3386
4124
4815
5209
5503
5636
5892
5988
5947
5733
5382
5231
4992
4696
4386
4139
3941
3398
2955
2649
2225
1632
554
-97
-886
-1661
-2449
-3538
-4090
-4855
-5222
-5700
-6106
-6097
-6156
-5994
-5901
-5271
-4558
-3919
-3360
-2550
-1419
-605
267
942
1811
2426
2854
3418
3664
3990
4065
4143
4156
4039
4114
4111
3996
3806
3682
3610
3429
3003
2590
2103
1499
779
-136
-963
-1910
-2848
-3855
-4853
-5618
-6230
-6811
-7267
-7493
-7398
-7137
-6845
-6182
-5428
-4581
-3722
-2780
-1713
-742
210
1098
1903
2629
3476
4139
4641
4962
5331
5705
5719
5777
5717
5648
5372
5051
4875
4591
4283
3893
3638
3197
2839
2530
2120
1573
802
152
-516
-1282
-2114
-2891
-3761
-4445
-4936
-5302
-5590
-5910
-5772
-5649
-5413
-5050
-4397
-3692
-3236
-2600
-1743
-831
-213
420
1081
1731
2117
2477
2936
3202
3430
3481
3573
3663
3701
3849
3814
3670
3562
3458
3359
3088
2722
2349
1726
1115
398
-337
-1186
-2116
-3042
-3959
-4865
-5555
-6006
-6589
-6854
-7016
-6759
-6488
-6226
-5409
-4709
-3900
-3256
-2321
-1177
-399
387
1154
2021
2716
3227
3813
4409
4765
5065
5259
5395
5539
5480
5409
5154
4797
4599
4162
3837
3443
3069
2743
2218
1902
1516
1147
665
4
-644
-1283
-1838
-2406
-3152
-3921
-4283
-4517
-4766
-5066
-5067
-4704
-4535
-4384
-3902
-3164
-2604
-2290
-1822
-1034
-427
-17
407
919
1415
1687
2004
2376
2696
2937
3081
3205
3358
3454
3513
3523
3383
3316
3120
2948
2725
2249
1789
1188
611
-90
-1068
-1818
-2629
-3428
-4307
-5080
-5394
-5814
-6156
-6320
-6080
-5751
-5549
-5083
-4426
-3594
-3026
-2337
-1491
-673
99
761
1572
2243
2855
3374
3925
4411
4724
4954
5058
5136
5107
4956
4707
4460
4153
3829
3424
3111
2843
2443
2110
1752
1450
1030
577
229
-278
-952
-1501
-1904
-2261
-2907
-3478
-3590
-3708
-3915
-4140
-4038
-3670
-3653
-3545
-3212
-2658
-2266
-2150
-1802
-1246
-729
-408
-100
370
879
1188
1511
1896
2273
2607
2738
2919
3149
3242
3329
3269
3190
3050
2802
2620
2349
1888
1372
851
318
-261
-1051
-1641
-2380
-3023
-3697
-4328
-4608
-5064
-5251
-5483
-5427
-5205
-4974
-4610
-4184
-3538
-2926
-2247
-1602
-725
94
875
1544
2238
3024
3541
4068
4411
4729
4874
4825
4812
4655
4467
4199
3872
3490
3129
2918
2619
2312
1975
1756
1522
1118
849
579
326
-131
-682
-1030
-1370
-1694
-2054
-2544
-2813
-2984
-3043
-3140
-3322
-3203
-3086
-3047
-3038
-2735
-2318
-2169
-2091
-1787
-1207
-873
-623
-270
281
668
899
1276
1702
2124
2270
2467
2647
2786
2893
2912
2841
2668
2477
2292
2073
1693
1345
947
511
48
-459
-920
-1458
-2032
-2581
-3161
-3597
-4055
-4437
-4684
-4926
-4887
-4849
-4641
-4265
-3849
-3212
-2574
-1872
-1114
-329
500
1280
1920
2550
3112
3560
3914
4111
4278
4320
4259
4156
3972
3753
3537
3275
3034
2703
2449
2245
2031
1775
1498
1357
1084
831
562
343
152
-283
-703
-988
-1249
-1493
-1936
-2375
-2509
-2642
-2792
-2961
-3069
-2888
-2900
-2932
-2747
-2415
-2101
-1995
-1810
-1386
-974
-677
-356
22
402
640
968
1333
1638
1853
1997
2158
2235
2299
2372
2367
2216
2046
1911
1839
1632
1336
1061
744
418
-23
-537
-959
-1477
-2053
-2633
-3222
-3551
-3936
-4287
-4467
-4484
-4312
-4153
-3829
-3260
-2637
-2068
-1447
-721
76
675
1212
1825
2295
2707
2978
3245
3437
3469
3516
3456
3381
3250
3086
2920
2691
2542
2349
2137
1992
1872
1758
1544
1367
1322
1151
896
661
525
346
-79
-490
-740
-891
-1247
-1648
-1989
-2087
-2168
-2405
-2515
-2544
-2441
-2483
-2534
-2409
-2114
-1949
-1960
-1837
-1528
-1172
-1012
-823
-462
-106
131
355
698
1028
1251
1395
1584
1768
1834
1968
2005
1980
1920
1822
1832
1629
1400
1171
935
587
136
-306
-715
-1171
-1774
-2178
-2669
-2924
-3268
-3520
-3519
-3527
-3292
-3227
-2850
-2439
-1932
-1499
-1078
-448
-57
406
719
1239
1557
1809
2017
2221
2435
2407
2568
2576
2626
2544
2427
2412
2337
2279
2155
2019
1919
1835
1741
1616
1505
1407
1240
1026
818
733
511
244
-77
-343
-502
-795
-882
-1194
-1454
-1582
-1664
-1650
-1903
-1959
-1946
-2015
-2134
-2200
-2047
-1995
-2144
-2208
-1969
-1809
-1664
-1547
-1265
-851
-691
-339
38
424
782
985
1293
1549
1750
1928
1995
2013
2011
1985
1907
1784
1587
1361
1124
797
518
127
-255
-566
-1010
-1300
-1759
-1944
-2159
-2362
-2455
-2610
-2429
-2470
-2279
-2132
-1870
-1571
-1396
-1025
-759
-365
-128
235
526
840
1099
1344
1712
1864
2074
2186
2349
2474
2434
2484
2492
2441
2296
2183
2195
2110
1941
1782
1711
1635
1475
1318
1138
979
762
576
411
39
-203
-414
-578
-737
-1178
-1285
-1389
-1494
-1695
-1973
-1959
-2091
-2328
-2618
-2619
-2608
-2749
-2950
-2944
-2638
-2497
-2316
-2081
-1596
-1149
-799
-340
152
712
1024
1322
1592
1861
2102
2135
2247
2233
2222
2131
2026
2026
1878
1714
1465
1247
1005
741
399
102
-360
-719
-1038
-1442
-1698
-2119
-2170
-2381
-2614
-2685
-2643
-2393
-2429
-2308
-2066
-1664
-1413
-1161
-730
-300
99
352
835
1212
1600
1834
2079
2343
2439
2599
2613
2625
2573
2514
2404
2292
2150
2112
1961
1767
1710
1550
1479
1192
1111
955
727
507
386
236
-138
-338
-492
-442
-831
-1212
-1274
-1401
-1498
-1980
-2152
-2278
-2527
-2844
-3085
-3021
-3115
-3194
-3289
-3030
-2702
-2443
-2117
-1747
-1179
-744
-302
128
640
1074
1351
1638
1850
2168
2307
2407
2498
2457
2518
2498
2488
2399
2199
2069
1906
1604
1300
1042
712
315
-279
-621
-928
-1343
-1796
-2206
-2387
-2665
-2867
-2986
-2902
-2873
-2842
-2620
-2324
-1919
-1633
-1163
-742
-313
109
564
991
1290
1615
1878
2109
2228
2385
2502
2515
2477
2470
2499
2371
2305
2220
2132
1965
1758
1668
1477
1241
1043
855
629
369
156
48
-127
-317
-552
-674
-800
-869
-1073
-1369
-1438
-1581
-1702
-2126
-2295
-2294
-2514
-2801
-3004
-2762
-2764
-2864
-2850
-2459
-2110
-1994
-1671
-1188
-670
-406
-34
473
919
1213
1457
1792
2016
2170
2330
2461
2504
2466
2495
2466
2355
2228
2068
1905
1665
1383
1095
742
459
50
-355
-708
-1062
-1340
-1782
-2052
-2213
-2395
-2550
-2677
-2552
-2454
-2464
-2322
-1989
-1641
-1458
-1189
-751
-309
-77
290
715
1085
1343
1526
1884
2086
2230
2293
2369
2401
2361
2263
2101
1999
1822
1669
1382
1167
1043
795
594
320
280
125
-76
-168
-263
-171
-322
-328
-405
-408
-389
-410
-519
-798
-772
-853
-944
-1404
-1598
-1621
-1917
-2199
-2497
-2318
-2420
-2609
-2623
-2326
-2032
-1888
-1617
-1214
-737
-458
-35
400
790
1092
1351
1612
1760
1932
2085
2156
2131
2136
2196
2190
2126
2090
2043
1945
1817
1702
1543
1313
1092
827
493
122
-196
-536
-921
-1299
-1606
-1930
-2244
-2427
-2496
-2600
-2714
-2673
-2454
-2253
-2089
-1762
-1387
-1015
-728
-282
185
526
791
1045
1347
1507
1622
1686
1736
1685
1607
1537
1424
1402
1258
1133
952
872
876
736
630
548
592
536
431
480
516
557
481
548
571
477
439
401
380
43
-207
-308
-458
-801
-1276
-1458
-1717
-2068
-2485
-2654
-2646
-2899
-3060
-3094
-2864
-2644
-2502
-2205
-1796
-1357
-944
-466
15
530
930
1276
1599
1870
2150
2292
2431
2494
2569
2643
2708
2806
2778
2800
2803
2814
2709
2540
2409
2090
1729
1180
832
291
-386
-961
-1595
-2008
-2662
-3030
-3332
-3588
-3750
-3838
-3647
-3600
-3383
-3083
-2674
-2361
-2041
-1535
-1077
-692
-370
118
479
767
1040
1315
1554
1684
1861
1990
1994
2033
2103
2092
2020
1971
2014
1881
1702
1639
1637
1471
1242
1196
1123
1013
762
849
817
674
509
388
458
144
49
-306
-551
-862
-1217
-1478
-2051
-2310
-2650
-2906
-3325
-3408
-3330
-3352
-3377
-3254
-2679
-2408
-2078
-1634
-1020
-477
-217
340
888
1270
1523
1807
2210
2393
2550
2793
3021
3124
3208
3404
3527
3528
3484
3512
3384
3121
2862
2511
2113
1536
949
419
-336
-959
-1695
-2350
-2898
-3540
-3939
-4378
-4606
-4733
-4834
-4757
-4571
-4249
-3970
-3587
-3100
-2480
-2005
-1513
-923
-341
217
579
1107
1528
1893
2159
2378
2646
2732
2818
2811
2815
2778
2692
2556
2391
2250
2112
1897
1651
1492
1294
1109
820
664
529
367
163
40
24
-73
-131
-338
-316
-421
-476
-609
-912
-957
-1158
-1302
-1678
-1951
-2038
-2273
-2527
-2747
-2654
-2682
-2712
-2663
-2293
-1957
-1712
-1330
-828
-255
101
608
1168
1670
2079
2370
2753
3037
3255
3475
3560
3577
3521
3445
3340
3094
2812
2543
2166
1722
1249
817
390
-106
-611
-1119
-1597
-1957
-2353
-2779
-3136
-3418
-3590
-3881
-4089
-4095
-4069
-4068
-4064
-3764
-3381
-3078
-2723
-2194
-1531
-1038
-502
189
856
1311
1695
2178
2582
2764
2832
2947
2912
2760
2583
2404
2202
1913
1709
1494
1275
1132
1094
964
793
746
763
762
596
578
619
542
438
368
476
385
309
244
204
153
-1
16
-260
-487
-693
-792
-1058
-1501
-1688
-1850
-2102
-2470
-2464
-2337
-2369
-2425
-2225
-1700
-1415
-1125
-675
-110
348
619
1077
1511
1808
1969
2092
2188
2225
2222
2198
2071
1923
1831
1738
1600
1481
1382
1267
1081
892
770
550
324
38
-264
-655
-1035
-1349
-1709
-2151
-2562
-2789
-3053
-3306
-3480
-3392
-3363
-3399
-3238
-2876
-2475
-2304
-1923
-1413
-947
-674
-318
203
548
733
913
1224
1406
1483
1520
1651
1686
1662
1702
1734
1800
1803
1872
1875
1902
1965
1987
1963
1875
1920
1803
1669
1512
1471
1372
1103
1000
904
858
628
569
569
440
220
70
86
-81
-432
-764
-862
-1091
-1488
-1879
-2059
-2212
-2553
-2815
-2847
-2728
-2752
-2727
-2528
-2121
-1800
-1503
-1078
-570
-101
224
616
1054
1418
1641
1822
1983
2088
2102
2093
2075
1945
1803
1680
1586
1414
1244
1161
1060
880
691
615
536
348
79
-104
-346
-651
-1030
-1352
-1664
-2151
-2558
-2904
-3126
-3400
-3632
-3676
-3694
-3625
-3461
-3075
-2698
-2329
-1887
-1311
-722
-253
289
748
1180
1453
1776
2063
2212
2308
2384
2458
2450
2494
2583
2619
2626
2658
2783
2811
2844
2873
2850
2714
2536
2411
2134
1769
1380
1111
701
230
-104
-344
-639
-997
-1145
-1175
-1354
-1582
-1609
-1550
-1617
-1871
-1925
-1848
-1934
-2131
-2274
-2166
-2184
-2273
-2307
-2102
-1886
-1784
-1605
-1312
-862
-582
-270
35
424
743
933
1139
1312
1493
1528
1528
1531
1525
1497
1426
1349
1279
1224
1193
1148
1084
1007
987
933
827
653
526
432
201
-110
-400
-613
-946
-1334
-1692
-1946
-2304
-2627
-2800
-2950
-3054
-3188
-3055
-2939
-2795
-2534
-2151
-1751
-1503
-1034
-481
7
318
729
1233
1589
1846
2184
2582
2759
2881
3051
3250
3284
3306
3374
3339
3187
3046
2944
2707
2407
2129
1830
1351
911
594
219
-288
-747
-976
-1281
-1654
-1863
-1851
-1887
-2063
-1993
-1744
-1534
-1487
-1323
-986
-815
-698
-626
-441
-398
-417
-442
-552
-619
-736
-810
-1007
-1116
-1086
-1076
-1137
-1146
-901
-712
-605
-513
-198
67
139
248
443
622
595
591
697
730
673
658
734
764
763
862
983
1049
1097
1241
1361
1345
1261
1246
1161
946
622
345
10
-395
-829
-1235
-1606
-2013
-2294
-2567
-2709
-2815
-2778
-2663
-2553
-2252
-1920
-1491
-1161
-741
-238
192
583
912
1366
1649
1856
2048
2284
2447
2462
2527
2573
2575
2472
2388
2325
2154
1977
1758
1550
1270
979
741
411
99
-219
-476
-782
-1072
-1269
-1419
-1629
-1759
-1762
-1706
-1685
-1645
-1386
-1153
-935
-721
-392
-88
25
217
422
575
449
410
417
322
15
-255
-294
-544
-812
-1085
-1056
-1142
-1321
-1353
-1232
-1090
-1125
-977
-755
-538
-499
-356
-112
42
141
237
416
517
582
715
885
982
1054
1168
1335
1407
1467
1529
1575
1522
1434
1339
1176
953
675
447
124
-176
-524
-783
-1021
-1252
-1451
-1626
-1635
-1655
-1648
-1635
-1479
-1286
-1172
-1011
-757
-461
-339
-180
98
383
503
602
836
1058
1132
1176
1322
1425
1430
1373
1392
1350
1243
1121
993
828
648
488
305
89
-80
-215
-413
-596
-701
-741
-896
-997
-964
-899
-904
-899
-670
-478
-360
-207
115
393
515
692
944
1120
1047
1061
1082
1011
717
426
307
18
-328
-705
-873
-1101
-1390
-1602
-1701
-1708
-1817
-1818
-1791
-1643
-1558
-1450
-1310
-1128
-925
-777
-591
-413
-166
24
242
444
691
932
1167
1419
1646
1863
2031
2213
2336
2365
2369
2338
2240
2018
1773
1541
1255
889
514
201
-85
-422
-728
-953
-1152
-1343
-1554
-1661
-1767
-1853
-1941
-1974
-1973
-1968
-1929
-1866
-1748
-1604
-1411
-1203
-958
-666
-392
-114
151
445
682
875
1057
1218
1333
1369
1439
1477
1463
1428
1382
1358
1263
1150
1051
945
806
623
474
322
138
-54
-174
-302
-401
-480
-485
-474
-435
-350
-241
-127
-9
132
230
322
362
408
326
249
137
11
-186
-466
-619
-810
-988
-1244
-1356
-1385
-1478
-1562
-1566
-1396
-1340
-1293
-1163
-904
-716
-606
-395
-110
127
273
497
788
989
1152
1347
1576
1712
1795
1906
1999
1989
1909
1884
1796
1627
1401
1236
1055
770
508
285
93
-181
-448
-637
-811
-1018
-1233
-1386
-1523
-1678
-1845
-1944
-2034
-2093
-2146
-2141
-2077
-1967
-1789
-1608
-1371
-1086
-764
-445
-141
200
523
808
1032
1274
1463
1598
1683
1747
1790
1763
1747
1692
1636
1513
1406
1274
1115
955
768
581
344
139
-59
-249
-456
-630
-746
-848
-936
-982
-940
-897
-863
-781
-638
-506
-428
-321
-175
-87
-43
12
100
146
124
130
166
200
176
154
192
221
183
104
45
10
-97
-269
-403
-484
-580
-742
-849
-843
-814
-835
-808
-652
-463
-354
-232
-14
201
315
402
551
676
707
720
800
860
868
878
947
999
1005
1024
1059
1058
980
894
796
640
412
178
-47
-314
-627
-882
-1085
-1295
-1520
-1637
-1655
-1687
-1696
-1630
-1455
-1318
-1193
-985
-752
-530
-394
-182
29
217
336
470
648
773
862
941
1048
1116
1151
1176
1200
1190
1143
1090
1004
894
757
608
436
250
98
-53
-203
-336
-422
-499
-588
-632
-630
-631
-657
-642
-581
-544
-525
-461
-349
-265
-189
-70
95
225
338
477
627
727
758
785
786
755
635
468
317
162
-21
-261
-456
-576
-690
-843
-950
-927
-877
-893
-911
-783
-630
-578
-557
-428
-274
-215
-191
-85
66
145
194
304
444
556
641
771
900
997
1072
1127
1169
1160
1130
1062
941
804
635
460
237
12
-200
-414
-623
-820
-964
-1083
-1185
-1260
-1285
-1271
-1249
-1208
-1132
-1058
-963
-845
-719
-592
-455
-281
-138
-7
149
330
463
556
685
805
856
860
892
910
849
758
694
630
509
392
323
247
130
20
-24
-90
-180
-242
-259
-296
-363
-381
-375
-374
-381
-351
-293
-235
-172
-84
15
123
227
332
448
546
642
709
772
801
795
783
743
673
554
428
297
150
-22
-187
-304
-426
-563
-678
-732
-777
-850
-893
-880
-862
-870
-855
-783
-710
-668
-594
-466
-337
-229
-97
82
249
380
532
710
848
939
1023
1104
1142
1115
1083
1041
949
826
689
550
387
207
35
-147
-327
-498
-651
-797
-933
-1028
-1105
-1177
-1225
-1232
-1206
-1180
-1133
-1024
-901
-808
-689
-517
-355
-227
-89
85
227
318
413
513
587
604
625
661
654
626
579
554
528
469
431
403
383
362
327
304
287
264
229
184
156
129
80
26
-7
-30
-63
-96
-97
-80
-68
-56
-7
59
95
137
196
260
282
279
300
307
289
269
246
218
186
159
132
88
48
31
-3
-71
-135
-172
-222
-303
-391
-431
-466
-541
-597
-607
-590
-609
-607
-542
-457
-404
-343
-236
-129
-66
-9
67
136
159
155
170
169
127
78
39
3
-41
-98
-133
-150
-162
-174
-169
-143
-117
-73
-44
-13
37
90
117
121
154
189
189
165
178
211
196
147
147
176
164
123
122
152
146
100
91
112
107
55
25
26
-3
-57
-95
-109
-123
-146
-159
-140
-106
-71
-26
28
109
195
261
332
405
471
518
541
562
575
575
553
515
473
433
376
314
246
173
104
32
-60
-151
-219
-284
-367
-459
-502
-531
-581
-631
-636
-601
-608
-601
-534
-431
-382
-325
-203
-91
-14
46
154
231
252
282
314
314
275
237
212
146
63
3
-60
-141
-236
-301
-371
-453
-514
-561
-614
-667
-676
-669
-678
-654
-580
-498
-438
-348
-198
-59
30
139
284
393
453
509
587
639
615
607
615
603
563
528
532
513
466
439
436
410
351
314
291
234
158
91
35
-42
-123
-178
-223
-261
-297
-312
-293
-261
-221
-163
-88
-14
62
136
209
282
331
356
361
359
348
305
244
199
151
78
1
-55
-115
-178
-241
-287
-318
-355
-377
-382
-372
-361
-356
-320
-272
-237
-196
-139
-80
-44
-12
40
89
101
115
146
163
152
133
130
114
74
40
9
-21
-71
-116
-148
-177
-211
-243
-263
-272
-284
-294
-294
-287
-291
-300
-288
-261
-238
-219
-179
-124
-78
-39
20
92
145
190
248
307
342
365
390
413
410
399
384
362
328
281
238
190
144
96
54
26
-11
-30
-46
-52
-57
-67
-66
-70
-65
-67
-70
-59
-59
-46
-32
-7
24
54
92
127
169
206
237
268
298
310
306
296
278
259
215
165
122
67
-1
-73
-130
-179
-243
-305
-342
-368
-405
-426
-430
-434
-439
-436
-419
-403
-386
-364
-333
-309
-278
-241
-202
-150
-102
-46
9
61
116
166
206
239
270
290
302
301
291
281
247
218
189
160
127
86
54
25
-9
-46
-69
-106
-131
-158
-183
-192
-213
-227
-234
-245
-250
-250
-244
-222
-205
-186
-152
-118
-83
-38
6
53
106
153
209
256
300
342
366
390
413
429
449
459
468
478
479
479
477
461
440
418
385
354
318
269
228
174
119
67
14
-25
-73
-105
-130
-154
-172
-191
-206
-221
-235
-248
-263
-283
-306
-323
-347
-362
-382
-401
-407
-413
-401
-386
-366
-332
-295
-253
-202
-160
-120
-77
-45
-12
23
44
66
94
112
142
154
172
197
211
230
244
255
268
269
267
257
232
200
161
105
42
-24
-92
-154
-223
-292
-343
-388
-426
-456
-472
-477
-477
-477
-462
-439
-416
-382
-340
-293
-251
-212
-170
-126
-76
-19
21
59
105
149
187
233
275
311
342
363
381
396
406
412
406
399
383
369
356
332
311
290
272
261
242
218
207
185
157
136
111
93
69
49
32
5
-13
-26
-46
-59
-67
-73
-76
-75
-72
-67
-60
-60
-54
-47
-32
-20
-2
11
16
23
26
36
32
35
47
48
50
55
59
58
57
54
45
35
28
21
3
-9
-23
-49
-65
-94
-116
-134
-161
-178
-199
-217
-226
-233
-235
-224
-219
-214
-199
-186
-164
-150
-140
-124
-111
-96
-83
-68
-48
-35
-24
-15
-4
6
17
27
35
40
45
46
35
32
29
20
18
16
12
13
15
20
24
28
34
49
50
55
65
61
66
67
66
69
70
64
59
60
60
55
57
49
38
26
10
-4
-26
-44
-63
-82
-104
-122
-138
-143
-149
-158
-155
-148
-142
-130
-118
-110
-86
-69
-39
-11
14
42
71
96
127
154
180
206
220
237
254
260
271
274
268
266
247
231
210
178
146
106
73
38
-2
-37
-77
-111
-146
-174
-200
-222
-233
-248
-251
-253
-245
-235
-229
-205
-184
-148
-120
-90
-43
-11
30
65
102
132
159
188
203
223
228
234
228
218
209
188
176
150
134
110
82
61
28
16
-5
-22
-35
-53
-65
-86
-95
-106
-113
-122
-130
-131
-144
-144
-145
-145
-139
-136
-125
-111
-95
-79
-57
-44
-23
-8
9
34
43
56
79
93
109
125
131
142
150
142
150
143
138
138
119
115
95
73
53
34
14
-7
-28
-59
-83
-107
-125
-141
-168
-179
-194
-208
-213
-220
-221
-213
-209
-190
-172
-152
-124
-105
-73
-43
-22
-2
19
42
63
81
90
105
110
115
115
109
112
103
90
82
75
69
66
60
56
55
48
45
47
45
55
60
64
74
84
91
87
91
91
87
81
74
66
52
40
27
16
2
-13
-28
-46
-60
-81
-91
-106
-130
-151
-171
-188
-195
-197
-202
-203
-196
-194
-185
-168
-147
-117
-89
-63
-33
2
38
74
103
136
157
178
200
204
211
216
207
203
195
182
163
142
124
101
80
49
27
8
-15
-35
-54
-61
-70
-76
-69
-57
-50
-39
-17
-3
4
16
25
31
40
43
45
43
33
28
15
4
-12
-28
-41
-53
-67
-83
-87
-97
-108
-115
-118
-124
-125
-128
-134
-133
-131
-119
-112
-99
-81
-66
-51
-26
2
29
60
90
125
154
174
197
218
236
250
249
250
243
224
210
186
154
123
85
39
-4
-48
-86
-120
-161
-188
-218
-243
-261
-276
-293
-292
-291
-289
-273
-264
-239
-204
-173
-138
-99
-66
-28
-1
30
71
99
136
167
191
219
231
247
263
264
259
249
237
224
210
192
170
144
119
97
74
52
27
9
-14
-33
-47
-62
-76
-90
-104
-112
-119
-122
-129
-134
-139
-144
-145
-137
-130
-119
-113
-101
-91
-83
-73
-69
-60
-52
-41
-33
-23
-9
0
10
20
21
32
43
49
64
70
77
75
71
76
73
70
71
72
66
64
56
52
51
41
34
29
25
20
11
3
-3
-16
-28
-41
-56
-62
-78
-89
-98
-113
-111
-110
-107
-99
-96
-87
-78
-72
-57
-44
-36
-16
1
16
37
54
73
88
99
115
127
134
144
151
162
166
166
163
156
151
142
135
120
106
91
74
52
35
18
6
-11
-33
-55
-72
-89
-98
-106
-117
-118
-116
-111
-107
-100
-90
-81
-68
-50
-35
-22
-11
-3
6
16
20
20
21
16
8
1
-15
-32
-43
-61
-71
-78
-89
-99
-105
-105
-109
-108
-105
-104
-96
-90
-79
-63
-51
-37
-29
-22
-10
7
20
41
55
64
83
100
116
134
151
161
168
171
172
170
161
149
136
113
94
74
47
25
-1
-22
-44
-67
-90
-109
-123
-132
-137
-142
-137
-136
-129
-120
-112
-91
-77
-61
-42
-32
-12
7
24
42
58
74
89
101
111
118
125
130
133
126
115
104
91
77
60
43
24
10
-7
-24
-41
-62
-73
-86
-93
-96
-102
-98
-99
-90
-82
-71
-59
-54
-46
-27
-18
-11
1
8
8
13
12
13
21
27
30
24
29
25
18
8
5
-7
-18
-24
-28
-34
-37
-37
-43
-40
-37
-35
-28
-26
-22
-15
-15
-9
3
12
20
32
37
51
62
70
82
