SAMPLES:	7277
BITSPERSAMPLE:	16
CHANNELS:	1
SAMPLERATE:	16000
NORMALIZED:	FALSE
-3
-4
-3
2
-1
-4
-2
-4
-2
0
3
1
3
5
1
1
2
5
6
6
8
5
4
6
8
8
6
5
5
5
4
2
3
2
-3
-5
-6
-5
-4
-2
2
4
-2
2
0
-3
-4
-6
-8
-13
-8
-6
-3
-3
-2
-2
-2
-1
-1
-2
-2
-6
-9
-13
-16
-15
-14
-13
-8
-2
6
13
16
19
28
34
36
39
38
31
22
12
-3
-18
-30
-37
-50
-53
-55
-58
-54
-46
-31
-24
-16
-7
4
13
16
19
21
24
24
23
24
24
25
26
25
26
24
22
20
16
14
14
12
11
16
14
10
14
12
9
4
2
-1
-2
-2
-5
-6
-4
-2
1
3
0
2
1
-2
-2
-3
-2
-7
-9
-9
-9
-6
-3
-4
-6
-3
0
4
5
6
2
-1
-4
-7
-9
-13
-13
-16
-15
-15
-17
-16
-21
-22
-19
-18
-20
-19
-17
-15
-15
-17
-17
-16
-13
-12
-9
-6
-7
-7
-5
-5
-3
4
4
4
8
8
9
12
12
11
12
11
12
8
7
5
3
6
4
4
8
6
8
9
11
9
8
12
14
14
10
13
7
4
1
-1
4
5
4
1
5
8
5
8
10
11
14
16
16
17
18
25
26
27
30
29
26
26
27
29
34
35
38
45
49
56
64
68
67
69
68
74
78
73
71
67
61
64
63
60
56
50
49
52
46
40
34
28
24
22
10
3
-4
-14
-20
-38
-53
-63
-77
-90
-105
-120
-126
-138
-148
-157
-176
-190
-199
-204
-204
-210
-224
-227
-228
-230
-228
-235
-244
-242
-238
-236
-228
-236
-242
-233
-231
-225
-216
-213
-208
-193
-180
-169
-157
-151
-139
-119
-107
-92
-72
-57
-42
-23
-9
8
24
40
56
73
91
104
117
138
152
169
185
195
203
211
220
222
225
233
238
245
248
246
246
248
244
246
242
240
239
241
244
246
257
262
273
280
294
312
330
349
369
397
424
455
482
506
529
550
565
577
583
587
583
577
560
539
515
485
447
397
349
294
233
172
106
37
-34
-105
-178
-252
-327
-399
-470
-537
-610
-676
-733
-790
-839
-881
-913
-937
-954
-970
-976
-978
-972
-961
-949
-924
-894
-861
-823
-783
-739
-690
-640
-591
-532
-475
-426
-377
-323
-266
-214
-159
-107
-56
-6
45
93
140
183
221
258
286
317
347
378
401
415
428
445
461
471
485
495
502
507
511
513
518
525
528
527
531
536
539
541
545
543
545
542
541
541
537
527
515
499
480
459
437
414
388
362
330
296
260
222
187
146
104
63
20
-24
-63
-104
-146
-183
-219
-259
-292
-321
-350
-375
-395
-412
-426
-433
-437
-440
-441
-429
-424
-417
-405
-391
-377
-367
-364
-358
-352
-340
-327
-320
-311
-307
-303
-298
-294
-297
-296
-285
-280
-276
-268
-256
-245
-228
-212
-191
-169
-147
-127
-106
-82
-59
-29
0
34
76
126
178
227
267
302
335
360
381
406
439
472
502
535
567
587
604
612
611
605
597
592
583
572
564
543
526
502
474
442
403
366
328
294
256
213
167
119
66
14
-41
-99
-151
-214
-269
-320
-362
-389
-413
-412
-403
-388
-365
-336
-303
-283
-285
-311
-364
-435
-526
-630
-725
-814
-887
-933
-961
-964
-962
-952
-948
-954
-953
-947
-936
-908
-845
-749
-630
-490
-327
-156
-3
118
213
292
365
444
538
661
806
989
1205
1441
1674
1886
2055
2155
2181
2111
1937
1654
1286
867
449
81
-190
-337
-363
-275
-99
139
401
661
882
1058
1196
1302
1395
1492
1593
1680
1759
1816
1838
1796
1665
1420
1083
732
471
412
686
1389
2585
4251
6342
8596
10622
11899
11954
10493
7421
3180
-1618
-6293
-10405
-13729
-16290
-18301
-19859
-20930
-21403
-21175
-20195
-18544
-16390
-13966
-11445
-9035
-6873
-5009
-3463
-2171
-1044
33
1145
2339
3630
5019
6487
8012
9525
10918
12037
12725
12865
12408
11447
10163
8796
7585
6683
6123
5825
5641
5428
5130
4743
4307
3878
3487
3135
2824
2546
2303
2117
2019
2009
2051
2121
2167
2162
2100
1993
1835
1619
1329
950
474
-51
-571
-1026
-1394
-1682
-1922
-2167
-2455
-2803
-3177
-3535
-3836
-4066
-4204
-4245
-4205
-4104
-3954
-3768
-3535
-3242
-2893
-2504
-2100
-1715
-1363
-1058
-779
-477
-143
216
570
891
1141
1316
1424
1485
1524
1533
1519
1467
1396
1324
1279
1230
1134
937
587
61
-602
-1336
-2052
-2676
-3179
-3582
-3947
-4328
-4758
-5238
-5730
-6169
-6480
-6603
-6578
-6498
-6472
-6567
-6732
-6889
-6943
-6850
-6670
-6499
-6378
-6243
-5976
-5456
-4570
-3292
-1722
10
1732
3337
4760
5990
7058
7998
8840
9583
10213
10706
11062
11324
11528
11682
11771
11733
11501
11017
10296
9407
8399
7357
6377
5581
5058
4875
5043
5496
6102
6703
7167
7375
7173
6449
5214
3607
1846
164
-1296
-2511
-3511
-4301
-4888
-5301
-5680
-6248
-7172
-8461
-9877
-11047
-11648
-11588
-11026
-10288
-9669
-9298
-9136
-9060
-8934
-8682
-8291
-7780
-7132
-6311
-5311
-4124
-2746
-1138
715
2765
4853
6759
8165
8796
8485
7258
5342
3064
742
-1404
-3242
-4703
-5747
-6352
-6494
-6149
-5377
-4335
-3225
-2207
-1324
-557
61
505
820
1141
1663
2499
3614
4875
6018
6771
6976
6675
6080
5455
5042
5055
5483
5996
6128
5709
5032
4708
5098
5957
6623
6410
5059
2825
394
-1385
-1943
-1419
-607
-551
-1909
-4577
-7786
-10627
-12478
-13241
-13162
-12528
-11515
-10202
-8681
-7157
-5861
-4950
-4407
-4134
-4122
-4420
-4881
-5169
-4995
-4337
-3339
-2051
-438
1554
3997
7148
11259
16086
20479
23068
23268
21662
19310
17187
16039
16294
17542
18423
17267
13415
7662
1696
-3050
-5977
-7262
-7457
-7298
-7287
-7592
-8022
-8495
-9051
-9706
-10144
-10080
-9485
-8443
-6904
-4787
-2278
-63
868
-147
-2994
-7314
-12778
-18768
-24210
-28279
-30555
-30760
-28825
-25196
-20347
-14584
-8462
-2713
2197
5895
7902
8468
8572
8729
8601
8330
8321
8294
7731
7119
6840
6480
5682
5013
4704
5031
6486
9389
12934
16520
19260
19910
17973
15382
13815
13006
12101
11654
12131
13098
13907
14549
15020
15496
15922
15785
14409
12201
9927
8029
6612
6119
7005
9674
13564
16631
15858
10115
1342
-7060
-13316
-17357
-19685
-20413
-19905
-18938
-18392
-18828
-20326
-22241
-24042
-25676
-27190
-28379
-29484
-30730
-31640
-31562
-30875
-30034
-28634
-26451
-24325
-22704
-21056
-19052
-16990
-14800
-12107
-8806
-4935
-681
3381
6737
9414
11636
13652
16131
19804
24479
28945
31819
32111
29675
25251
19892
14377
9591
6461
5309
5331
5862
6863
8497
10340
11946
13043
13791
14413
15026
15325
15283
15171
15079
14517
13325
11743
9855
7473
4842
2370
19
-2581
-5462
-8359
-10946
-12813
-13607
-13469
-12891
-12023
-10544
-8329
-5653
-2688
512
3505
5665
6851
7355
7444
7456
7863
8746
9528
9663
9193
8390
7279
5763
3758
1346
-1204
-3700
-6304
-9024
-11360
-12881
-14066
-15557
-17147
-18159
-18654
-19209
-19952
-20639
-21074
-20486
-17853
-13135
-7198
-91
7512
13420
17595
22789
29711
32293
23793
7249
-6994
-13408
-15089
-16441
-18345
-20144
-21762
-22626
-21534
-18048
-12640
-5942
976
6103
7476
4997
877
-2370
-4331
-6282
-8409
-8820
-6304
-2192
1174
2585
1801
-1131
-5453
-9635
-12503
-13639
-12878
-10487
-7426
-4537
-1802
1106
4047
6692
8984
11080
13085
14951
16527
17682
18554
19458
20427
21150
21429
21174
20197
18532
16720
15054
13252
11437
10488
10641
11065
11224
11547
12262
12964
13316
13288
12673
11234
8987
6063
2543
-1167
-4118
-5270
-4271
-1999
-73
427
-520
-2608
-5670
-9263
-12617
-15414
-17875
-20173
-21861
-22030
-20010
-16505
-13594
-12767
-13162
-12876
-11319
-9306
-7603
-6672
-6898
-7993
-8861
-8830
-8217
-7419
-6455
-5631
-5519
-6029
-6519
-6783
-7150
-7513
-7287
-6248
-4719
-2906
-809
1313
2898
3458
3117
2585
2525
3064
4032
5571
7717
10064
12051
13496
14338
14499
13965
12829
11103
9017
7052
5713
5033
4578
3664
1869
-672
-3312
-5581
-7373
-8659
-9297
-9304
-9149
-9111
-8883
-8085
-7317
-7318
-7781
-7952
-7758
-7161
-5902
-3743
-1085
1767
4825
7573
9630
10961
11053
9931
8259
7752
9649
12873
16325
18916
21202
24872
29806
32448
29058
23016
17899
13504
9273
5315
2096
-931
-3801
-6038
-8093
-9980
-11533
-12477
-14603
-18785
-21436
-22190
-23890
-27825
-31109
-30665
-28650
-28057
-28053
-26326
-23636
-23218
-26293
-30927
-32389
-27803
-19635
-12287
-7604
-4272
-925
2401
5437
7836
10148
13110
16387
18827
20652
23112
26169
28929
30847
31753
31951
32073
32400
32546
31840
29762
26294
21815
17114
12994
9832
7560
5977
5238
5068
3859
137
-5435
-10375
-12622
-11675
-8589
-5524
-3675
-2643
-1927
-1797
-2493
-3732
-5376
-7365
-9482
-11709
-14143
-16586
-18353
-19166
-19203
-18565
-17356
-15866
-14430
-13218
-12338
-11685
-10707
-8930
-6660
-4858
-4044
-3695
-3234
-2783
-2457
-1900
-1164
-823
-966
-914
-233
859
1910
2677
3224
3675
3919
3680
3013
2277
1616
983
393
-71
-370
-487
-572
-831
-1158
-1347
-1381
-1201
-514
829
2614
4550
6270
7254
7159
6187
4861
3743
3251
3361
3740
4199
4735
5245
5635
6052
6607
7196
7707
8063
8232
8400
8793
9297
9715
10106
10499
10643
10438
10037
9395
8443
7354
6297
5313
4417
3673
2991
2281
1517
613
-370
-1256
-2000
-2709
-3426
-4245
-5495
-7341
-9508
-11550
-13087
-14031
-14442
-14397
-14094
-13930
-14058
-13970
-13234
-12207
-11165
-9395
-6175
-2292
411
975
-53
-1548
-2601
-2691
-1909
-971
-532
-830
-1780
-2908
-3381
-2671
-1114
601
2105
3271
4091
4686
5069
5077
4880
5139
6111
7073
6994
5417
2700
-126
-1790
-1576
353
3385
6797
9505
10140
7921
3288
-2415
-7632
-11100
-12199
-11244
-9047
-6141
-2807
358
2511
3322
3095
2151
773
-630
-1903
-3509
-6005
-9182
-12035
-13472
-13181
-11961
-10653
-9134
-7103
-4783
-2496
-200
2094
4187
6128
7963
9514
10695
11625
12397
13053
13719
14414
14917
15202
15363
15363
15239
14990
14575
13934
13006
11785
10351
8810
7245
5872
4779
3872
3130
2756
2783
2993
3119
2770
1442
-987
-3392
-3894
-2054
908
4204
6823
7806
8159
8874
10525
9926
5423
742
-5532
-12617
-17442
-20688
-22560
-23803
-25244
-26819
-28610
-30337
-31624
-32389
-32457
-31909
-30999
-29940
-28816
-27668
-26323
-24694
-22672
-20196
-17258
-14069
-10958
-8058
-5010
-1485
2248
5765
8876
11709
14275
16565
18583
20351
21981
23449
24742
25828
26542
26896
26911
26734
26507
26179
25705
24942
23816
22404
20763
18925
16954
14920
12774
10487
8224
6237
4656
3380
2286
1237
108
-1024
-1807
-2050
-1901
-1447
-646
183
701
1001
1210
1317
1191
770
-11
-1179
-2712
-4629
-6968
-9727
-12674
-15303
-17028
-17629
-17375
-16773
-16244
-15984
-16144
-16741
-17700
-18885
-19932
-20423
-20112
-19091
-17645
-15909
-13848
-11589
-9438
-7435
-5436
-3323
-1050
1307
3670
5841
7566
8834
9750
10400
10785
11033
11384
11723
11769
11575
11490
11726
12169
12825
13861
15044
15624
15031
13465
11335
8774
5882
2931
253
-2024
-3886
-5259
-6224
-7038
-7841
-8527
-9012
-9261
-9117
-8528
-7724
-6901
-6008
-5015
-3952
-2852
-1822
-965
-238
450
1092
1712
2343
2871
3212
3424
3561
3570
3481
3391
3246
2952
2603
2311
2016
1687
1383
1167
1012
918
925
981
1056
1135
1179
1141
1017
858
697
581
563
631
715
802
919
1044
1116
1110
1064
1019
982
949
933
940
935
869
768
666
540
382
246
216
249
243
199
181
234
328
378
290
-6
-563
-1412
-2541
-3845
-5166
-6377
-7378
-8140
-8741
-9271
-9730
-10136
-10576
-11040
-11435
-11717
-11861
-11774
-11431
-10904
-10177
-9143
-7899
-6653
-5417
-4101
-2775
-1562
-440
696
1866
3072
4354
5696
6980
8255
10004
12625
15661
18096
19717
21154
22563
23263
22907
21860
20198
17610
14316
11048
8108
5351
2800
595
-1254
-2635
-3334
-3530
-3708
-4058
-4458
-4916
-5537
-6149
-6530
-6714
-6794
-6634
-6047
-5001
-3573
-1944
-390
930
2083
3019
3538
3592
3256
2485
1298
24
-1085
-2047
-2856
-3481
-3949
-3977
-3310
-2642
-2913
-3702
-4106
-4507
-5596
-6616
-6673
-6197
-5684
-5096
-5235
-7150
-9978
-11864
-12320
-11630
-9532
-6268
-2916
131
2749
3547
1449
-2016
-4475
-5455
-5492
-4596
-3059
-1831
-1225
-863
-856
-1413
-2057
-2357
-2518
-2575
-2242
-1672
-1139
-308
1060
2454
3520
4544
5526
6039
6118
6134
6039
5594
4933
4244
3590
2982
2660
3914
8726
16128
21498
22401
23430
28302
32432
30969
26481
23361
19782
12683
4751
-80
-3032
-6937
-11098
-13407
-13625
-12452
-10589
-9303
-9384
-9995
-10263
-10670
-11792
-13293
-14579
-15326
-15442
-15003
-13562
-10182
-5450
-1687
430
2923
6477
8750
8386
6914
5391
2871
-745
-3871
-5785
-7205
-8448
-9118
-9103
-8407
-6919
-5141
-4076
-3999
-4242
-4415
-4796
-5461
-6049
-6246
-5972
-5080
-3559
-1020
3620
9748
13940
14370
14500
16800
17734
14231
9649
6872
3202
-2228
-5469
-5300
-5288
-6193
-5796
-4258
-2626
-193
2137
1792
101
-146
-572
-3129
-5005
-4428
-4669
-6591
-6404
-3338
-806
486
2408
4207
4686
5165
6124
5798
4339
3578
2916
1347
527
1404
1678
423
-177
393
214
-831
-1299
-1791
-3337
-4798
-5197
-5677
-6520
-5541
-1049
5640
11265
14105
16467
21527
27182
27999
24044
20650
18544
13285
4992
-1016
-3714
-7160
-12132
-15231
-15303
-14236
-13032
-11822
-11405
-11817
-11861
-11496
-12000
-13454
-14542
-14623
-14174
-13413
-11733
-8313
-3477
902
3676
6326
10321
13724
13995
12259
10918
9301
5823
1827
-799
-2668
-4841
-6560
-7090
-6885
-6104
-4736
-3649
-3576
-3821
-3630
-3541
-4121
-4922
-5075
-4624
-3434
-358
4715
9099
10703
11874
14524
16009
13845
10559
7851
3507
-2188
-5598
-6463
-7719
-8636
-7356
-5316
-3415
12
3895
4846
3971
3965
3181
-117
-3038
-4108
-6250
-9418
-9906
-7663
-5803
-3987
-730
2195
3627
5438
7625
7750
6304
5481
4419
1881
-20
-180
-868
-2698
-3356
-2730
-2759
-3070
-2492
-2167
-3204
-3893
-2018
2841
8903
12576
12864
14324
20227
25315
23948
20058
19002
17415
10828
3453
206
-1919
-6818
-12254
-14934
-15509
-15074
-13819
-13060
-13640
-14002
-12910
-11785
-11802
-12255
-12286
-11859
-11217
-10424
-8855
-5285
-677
2047
2976
5585
10214
12709
11672
10324
9932
8126
4497
1547
-169
-2295
-4829
-6556
-7401
-7608
-6749
-5453
-5129
-5393
-4942
-3881
-3308
-3330
-3435
-3220
-2368
-1281
755
5239
10851
12923
11763
13161
16831
16265
11062
7580
5344
8
-5704
-7093
-7050
-8941
-9429
-7305
-5385
-2944
1756
4518
3025
2582
4312
2732
-1641
-2942
-2958
-6521
-9642
-7782
-4844
-4120
-2330
1116
2865
3996
6868
8464
6699
5259
5361
3408
169
-381
-28
-2461
-4990
-4267
-3354
-4403
-4629
-3377
-3669
-5077
-3944
533
6799
12418
14527
14518
18361
25828
28134
23403
19901
19646
15322
6347
658
-1000
-4962
-11646
-15923
-16935
-17001
-16092
-14656
-14784
-15889
-15188
-13098
-12349
-12935
-13189
-12701
-11875
-10781
-9265
-6447
-1721
2490
3907
5232
9782
14389
14395
11972
11212
10456
6917
2739
406
-1719
-4892
-7466
-8665
-9257
-8966
-7482
-6517
-6813
-6643
-5167
-3855
-3616
-3715
-3514
-2797
-1481
-68
2166
7028
13061
15512
14585
16013
19543
18638
12746
8251
5406
-215
-6629
-9078
-9406
-10970
-11480
-9472
-6912
-3597
1180
3917
3088
3174
4883
3349
-917
-2688
-3104
-6412
-9456
-8023
-5133
-4016
-2291
1026
3297
4900
7481
8785
7186
5693
5389
3275
-55
-1151
-1312
-3746
-6171
-5649
-4659
-5364
-5520
-4344
-4294
-5144
-3386
2288
9246
13543
13999
15084
21035
27457
26811
21739
19821
19285
13315
4537
350
-1027
-5969
-13092
-16601
-16539
-16225
-15912
-15309
-15694
-16423
-15266
-13119
-12667
-13427
-13281
-12037
-10972
-10053
-8078
-4170
545
3298
4144
6773
12018
15040
13449
11385
11325
10044
5874
2081
332
-1883
-5419
-8090
-8848
-8951
-8679
-7739
-7231
-7545
-7102
-5342
-4053
-4125
-4157
-3386
-2073
-903
860
5135
11294
14939
14079
14526
18254
19383
14394
9341
6733
1967
-4665
-7980
-8273
-9994
-11406
-9940
-7635
-4932
-240
3591
3111
2490
4674
4458
238
-2426
-2452
-5471
-9637
-9196
-6121
-5175
-4254
-841
1940
3418
6256
8644
7653
5969
6218
4838
1181
-361
-228
-2533
-5757
-5555
-4377
-5150
-5674
-4464
-4090
-5119
-4239
414
7361
13141
14482
14328
18707
26527
28445
23179
19705
19930
16074
6831
1012
-181
-3963
-11428
-16251
-16745
-16528
-16269
-15525
-15874
-17000
-16173
-13619
-12754
-13570
-13629
-12434
-11179
-10150
-8418
-5113
-352
3147
3938
5623
10854
15201
14154
11429
11282
10774
6895
2595
578
-1537
-5162
-8178
-9272
-9512
-9249
-8269
-7738
-8027
-7482
-5598
-4047
-3869
-4012
-3448
-2153
-857
593
4272
10293
14706
14632
14581
17988
20009
15882
10255
7408
3248
-3704
-8071
-8632
-10163
-12154
-11115
-8521
-5939
-1523
2902
3362
2686
4734
5297
1432
-1714
-1899
-4336
-8897
-9371
-6338
-5120
-4654
-1548
1834
3576
6105
8740
8259
6462
6361
5359
1814
-328
-473
-2559
-5914
-6117
-4711
-5385
-6241
-4975
-4068
-4948
-5030
-2479
2698
9806
14575
14138
14804
22499
29774
27220
21226
20629
20329
12982
4391
1259
-1078
-7407
-14056
-17006
-17604
-17208
-16131
-16380
-17895
-17574
-14936
-13233
-13514
-13747
-13251
-12154
-10714
-9334
-7414
-3244
1637
3491
3964
8032
14120
15749
12923
11594
12154
10130
5507
2172
153
-3076
-6702
-8930
-9828
-9943
-9070
-8467
-8882
-8694
-6817
-4894
-4289
-4357
-4024
-3065
-1595
-368
1630
6517
12568
14676
13499
15715
20151
19263
13140
9518
7404
1384
-5342
-7308
-7967
-10984
-12234
-10061
-7697
-4821
-46
2587
1771
2808
5466
3635
-751
-1643
-1999
-6569
-9815
-7540
-5180
-5640
-4162
-116
2395
4147
7185
8629
7224
6561
6655
4244
1086
504
-408
-3974
-6053
-4661
-4375
-6195
-6109
-4358
-4546
-5513
-4602
-2064
2761
10159
14643
13533
15206
24132
30237
26236
21111
21514
20223
12168
4402
1377
-1831
-8146
-14199
-17309
-17809
-16620
-15878
-17217
-18445
-16877
-14317
-13583
-13968
-13759
-13232
-12342
-10849
-9407
-7279
-2762
1844
3080
4039
9175
14886
15156
12379
11928
12355
9602
5066
1999
-285
-3508
-6919
-9111
-9946
-9514
-8683
-8728
-9241
-8340
-6195
-4827
-4726
-4669
-4148
-3106
-1771
-468
954
4513
10226
14783
16062
16777
19468
20479
16996
11687
8131
3665
-3138
-8590
-10291
-11115
-12766
-12473
-9548
-5973
-2363
1372
3603
4115
4907
4873
2154
-875
-2215
-4342
-8132
-9245
-7051
-5293
-4589
-1837
2123
4443
6009
8096
8908
7620
6221
4830
2360
12
-1146
-2817
-5168
-5770
-4717
-4823
-5708
-4906
-3498
-3960
-4877
-4396
-2578
1664
8759
13438
12860
14436
22715
29421
27007
22313
22120
21261
14077
5624
1765
-1021
-7200
-14523
-18365
-18454
-17428
-17316
-18370
-18651
-16991
-14844
-13825
-13442
-12928
-12643
-11919
-10501
-9165
-7283
-3138
1320
2803
3889
8792
14526
15351
12928
12483
13014
10521
5799
2403
300
-2870
-6861
-9623
-10167
-9692
-9415
-9623
-9528
-8372
-6498
-5104
-4560
-4328
-3681
-2700
-1335
-138
2189
7475
13481
15332
14217
16955
21065
19234
12674
9346
6932
23
-6948
-8574
-8941
-11941
-12923
-10148
-7089
-3857
802
3494
3115
4156
5993
3506
-690
-1740
-2874
-7806
-10483
-7800
-5582
-5974
-3858
886
3373
4799
7878
9669
7995
6515
6084
3735
594
-286
-1410
-4747
-6327
-4637
-4241
-5888
-5386
-3501
-3748
-4816
-4029
-3477
-2374
3220
10996
13169
11973
16683
25794
29010
24959
22381
22628
19581
11597
4609
1047
-2738
-9261
-15922
-18860
-17969
-16779
-17676
-18843
-17763
-15737
-14631
-13770
-12940
-12967
-13011
-11511
-10120
-9328
-6438
-1241
1931
2458
5305
11388
15249
14401
12752
13052
12492
8840
4319
1500
-674
-4194
-8026
-10122
-9890
-9085
-9147
-9556
-8800
-7204
-5911
-5110
-4465
-4387
-3944
-2731
-1368
-397
2434
8466
14068
15917
15739
18531
21093
18634
12615
8863
5372
-1838
-8527
-10177
-10121
-12467
-13112
-9912
-6077
-2683
1516
4362
4391
4792
5555
2915
-1028
-2401
-3837
-8283
-10463
-7749
-5213
-4850
-2524
2121
4740
5932
8269
9757
8088
6133
5107
2773
-25
-952
-1908
-4562
-5740
-4183
-3442
-4678
-4462
-2986
-3398
-4832
-4436
-4336
-4463
-37
8236
12328
11423
14683
23811
29670
27065
23411
23213
21473
14011
5318
700
-2293
-8260
-15987
-19773
-18720
-17235
-17648
-18264
-17215
-15514
-14358
-13348
-12686
-13065
-13575
-12463
-11217
-10733
-8264
-2904
1313
2357
4664
10633
15736
15919
13913
13597
13311
9950
4882
1445
-517
-3703
-7864
-10220
-9714
-8550
-8462
-8590
-7875
-6647
-5477
-4651
-4333
-4684
-4597
-3650
-2516
-1386
1000
6930
13421
16965
16737
18554
21832
20882
14707
9391
6274
-552
-8260
-11212
-10481
-12146
-13537
-10690
-6295
-2773
1171
4736
5146
4485
4982
3088
-1109
-3358
-4161
-7940
-11238
-8812
-4965
-4165
-2864
1902
5223
5688
7263
9347
7996
5056
3855
2291
-437
-1438
-1540
-3610
-5040
-3387
-2164
-3446
-3711
-2404
-3165
-5139
-5320
-4906
-6761
-6182
431
8784
12042
12642
17788
26435
31149
28356
24672
23558
20759
12020
2605
-1577
-4216
-10720
-18069
-19846
-17475
-16340
-16414
-15629
-14464
-14113
-13262
-12206
-13014
-14522
-14508
-13283
-13028
-11975
-7734
-1778
2186
4021
7494
13414
17642
16981
14417
13552
12316
7669
2001
-865
-2344
-5685
-9466
-10228
-8519
-7369
-7213
-6655
-5945
-5688
-5223
-4846
-5488
-6461
-6128
-4981
-4091
-2280
1439
7535
13789
18318
19730
20797
22493
21397
15835
9245
4739
-1491
-8993
-12884
-12106
-12207
-13307
-10742
-5647
-1832
1268
4621
5595
4203
3416
1868
-1723
-4432
-5275
-7462
-9952
-8152
-4165
-2355
-1176
2408
5434
5812
6315
7508
6472
3586
1937
859
-786
-1680
-1356
-2123
-3090
-2146
-1014
-1805
-2771
-2417
-3349
-5618
-6416
-6074
-7101
-8537
-5449
2442
11091
15360
16419
20765
28749
32603
27910
22812
21399
17412
6998
-1820
-4057
-6168
-12238
-17469
-17377
-14885
-13360
-12526
-12386
-12897
-13171
-12780
-13473
-15415
-16275
-15532
-14407
-13448
-10664
-5021
1586
5846
7684
10746
15844
18514
15941
12168
10647
8349
2791
-2149
-3466
-4058
-6516
-8560
-8036
-6167
-4991
-4763
-5054
-5777
-6501
-6800
-7449
-8503
-8830
-7494
-5891
-3915
-545
4844
12170
18609
21399
20337
20998
21630
17612
9571
3953
-329
-7687
-13380
-12991
-10384
-10893
-10201
-5745
-1345
1301
4022
5702
4072
1897
987
-1489
-4640
-5268
-5007
-7268
-7690
-3353
333
646
2006
5351
5830
4507
5113
5693
3285
921
753
284
-444
344
1098
-261
-883
89
-227
-2219
-3210
-3780
-6137
-8153
-7975
-7515
-8289
-8046
-4302
3149
12156
17828
18829
21459
28475
32207
26834
20388
18502
14682
4607
-3729
-4969
-5777
-10445
-14713
-14682
-12713
-11274
-10932
-12140
-14000
-15075
-15778
-17257
-18539
-18170
-16692
-14794
-12255
-8218
-2188
4722
9353
10621
12007
15474
17058
13572
9098
7400
5469
558
-3418
-3364
-2633
-4048
-5547
-5177
-4160
-3813
-4390
-6046
-8008
-9257
-10072
-10963
-10963
-9524
-7078
-4440
-1094
2877
8987
16586
21942
21677
19300
19812
19140
13285
5692
2207
-1937
-8889
-12119
-8938
-6591
-7965
-6702
-2672
-361
872
3133
3262
357
-946
-1277
-3523
-4795
-3014
-2932
-5624
-4381
266
1796
609
1984
3836
2447
1366
2949
3574
1720
1002
1744
1703
1951
3291
2984
631
-405
-339
-2166
-4648
-5233
-5918
-8227
-9281
-7604
-6339
-6441
-5662
-3758
-313
6887
16020
19571
18015
20242
26810
28156
22077
17627
16560
12074
3250
-2518
-2842
-3460
-7627
-12428
-13769
-12217
-11374
-12886
-15204
-16452
-17299
-18483
-19060
-18093
-16109
-13974
-11443
-8461
-4503
1248
7361
10296
9910
10500
13163
13651
10283
7236
6498
4722
663
-1874
-1040
-124
-1772
-4343
-5324
-4959
-5313
-7086
-8914
-9374
-9137
-9268
-9030
-6962
-3402
-475
1304
3519
7228
10284
10862
10381
10474
10056
7963
5790
4775
3991
2357
708
410
1041
1250
704
292
182
-238
-1049
-1914
-2495
-2836
-3283
-3961
-3851
-2566
-1509
-1400
-1088
-70
563
574
655
985
1097
918
954
1559
2338
2623
2597
2643
2681
2400
1735
836
-192
-1295
-2661
-3808
-4335
-4515
-5056
-5700
-5616
-5271
-5282
-5422
-4908
-4426
-3085
1919
10273
16178
16430
16970
22562
27625
24872
18585
16172
14535
7380
-1402
-4037
-3152
-5962
-11450
-13628
-11919
-10583
-11320
-12923
-14317
-15664
-17027
-17806
-17676
-16553
-14605
-12037
-9194
-5681
-566
5543
9830
10519
10152
11590
12980
10920
6921
4991
4465
1873
-1742
-2068
137
157
-2608
-4394
-4053
-4250
-6310
-8722
-10102
-10955
-11692
-11558
-9934
-6946
-3554
-526
2157
5291
8885
11849
14378
17096
18930
17231
13671
11996
11178
7376
1841
-1133
-2832
-5645
-7583
-6341
-4803
-5303
-5522
-3944
-2171
-1345
-513
-130
-876
-1297
-751
-707
-1434
-1147
-794
-1957
-2663
-1049
431
-153
-243
1224
2115
1970
2725
3861
3490
2396
1879
1464
442
-540
-1747
-3567
-4935
-5291
-5703
-6513
-6378
-5875
-6017
-6149
-5216
-4181
-3906
-4080
-3745
-628
6519
14566
17900
17309
19523
25769
27956
22549
17265
16287
12952
3909
-3004
-2821
-2012
-6324
-11616
-12103
-9955
-9792
-11678
-13478
-14769
-16105
-17421
-18168
-17071
-14318
-11502
-9147
-6157
-1753
3717
8703
10900
10455
10130
10963
10560
7589
4661
3938
3283
381
-2207
-1224
771
-519
-4015
-5673
-5595
-6937
-9769
-11576
-11750
-11907
-12140
-10941
-7912
-4098
-832
1618
3737
6101
8509
9842
10022
9466
10332
13142
15740
14701
11724
11046
10507
6295
570
-1431
-3274
-8429
-12453
-10809
-7775
-7842
-7280
-3801
-908
-369
1062
3235
2719
885
162
-604
-2095
-1965
-857
-1449
-2049
-283
2142
2688
3153
4706
4914
2907
1764
2436
1884
-233
-1450
-1646
-2260
-2778
-2544
-2611
-3198
-3784
-4296
-4846
-4909
-4706
-4974
-5476
-5285
-4373
-3636
-3192
-1624
2912
10366
17201
19403
18599
20506
25064
24943
18335
12642
11231
7875
92
-5196
-4250
-3198
-6818
-11097
-11336
-9777
-10511
-13218
-15535
-17055
-18269
-18824
-18276
-16254
-12765
-8858
-5704
-2639
1486
6093
9312
10059
9061
8037
7861
7510
5873
4061
3737
3857
2468
866
1254
2061
386
-3238
-5983
-7231
-8456
-10390
-11695
-11496
-10496
-9301
-7334
-4339
-977
1761
3371
4206
5368
6929
7907
7887
8021
10507
14814
17417
15447
12623
12205
11194
5485
-949
-3553
-5691
-10288
-12986
-10481
-7348
-6326
-5042
-2434
-556
620
1682
1414
-358
-1459
-1708
-2693
-3582
-2319
-535
-760
-1244
364
2330
2592
2362
2372
1776
953
795
648
291
427
476
-408
-1095
-793
-783
-2045
-3570
-4467
-4966
-5383
-5518
-5192
-4635
-4062
-3507
-2835
-2057
-1192
-552
722
5025
12540
18132
18117
16766
19698
23751
22035
15502
10936
9630
6383
-269
-5000
-4403
-2956
-5785
-10689
-12000
-9913
-9557
-12895
-16400
-17133
-16519
-16929
-17286
-14975
-10464
-6698
-4602
-2224
1684
5822
8162
8363
7640
7052
6712
6437
6008
5220
4448
4247
4087
3043
1702
1099
368
-2216
-6122
-8846
-9342
-9328
-10387
-11310
-10176
-7583
-5603
-4187
-1957
1001
2880
3208
3277
4492
6291
7370
7417
8273
11873
16835
18673
15398
11311
9766
8048
2440
-3897
-6963
-7917
-9686
-10680
-8579
-4774
-2196
-1336
-929
-352
388
699
-59
-2004
-3454
-3331
-2349
-1942
-1447
-6
1449
1418
745
1275
2693
3028
1805
644
564
956
1041
1002
939
463
-483
-1304
-2019
-3098
-4358
-5177
-6010
-7083
-7364
-6231
-5014
-4752
-4797
-4402
-3936
-3859
-4067
-3932
-2125
2752
9825
14949
15622
14991
17763
21753
21001
15155
10142
8455
6486
1886
-2190
-2580
-1218
-1929
-5024
-7460
-7549
-6996
-8648
-12278
-15139
-15557
-14799
-13847
-12030
-8786
-5145
-2017
833
3693
6100
7564
8278
8295
7307
5807
5402
6482
7339
6682
5542
5203
5186
4179
1998
-503
-2840
-5471
-8453
-10792
-11509
-11042
-10360
-9824
-8813
-7090
-5064
-3439
-2249
-1371
-772
-420
162
1439
3087
4630
6213
9266
13916
17858
17457
13307
8984
6398
3365
-1184
-5628
-8491
-9829
-9557
-7581
-5251
-3668
-2586
-1627
-1709
-2832
-3709
-3438
-3261
-3948
-4731
-4242
-2678
-869
524
1206
1095
731
797
1267
1643
1668
1698
1985
2401
2636
2927
3378
3494
2627
1102
-438
-1717
-2817
-3659
-4282
-4858
-5122
-4623
-3477
-2511
-1936
-1495
-1145
-1216
-1498
-1623
-1244
447
4639
10967
16652
19137
18990
19015
20046
20157
17440
12636
7720
4009
1538
-29
-1084
-1850
-2596
-3654
-5291
-7418
-9715
-12046
-14253
-16140
-17542
-18372
-18051
-15999
-12465
-8628
-5416
-2935
-840
917
2127
2774
3145
3278
3100
3046
3705
4892
5938
6536
6651
6144
4922
3034
659
-1777
-3915
-5803
-7484
-8543
-8703
-8207
-7371
-6288
-5230
-4449
-4014
-3767
-3496
-2984
-2239
-1310
-107
1443
3201
5084
6932
8749
11002
13977
16472
16318
13299
9105
5358
2164
-406
-2276
-3846
-5180
-5586
-4602
-3271
-2670
-2757
-3068
-3433
-3988
-4474
-4667
-4446
-3689
-2492
-1035
-20
311
251
394
792
1012
1047
1043
1260
1744
2584
3636
4380
4529
4171
3721
3177
2294
1095
-116
-1059
-1843
-2375
-2608
-2698
-2786
-2682
-2174
-1601
-1309
-1373
-1612
-1879
-2091
-2148
-2084
-1796
-1043
621
3498
7141
10518
12564
13037
12234
10640
8678
6584
4537
2626
1126
256
3
71
-9
-477
-1401
-2650
-4202
-6167
-8464
-10737
-12335
-12921
-12491
-11318
-9745
-8067
-6523
-5118
-3956
-3161
-2830
-2870
-3007
-2995
-2578
-1763
-686
494
1724
2966
3983
4594
4642
4119
3158
2084
1193
516
43
-218
-194
54
395
746
955
861
441
3
-177
-42
275
647
1075
1618
2302
2968
3498
3835
3921
3728
3365
2949
2436
1929
1620
1526
1559
1776
2157
2367
2228
1903
1549
1081
438
-277
-928
-1328
-1445
-1425
-1378
-1248
-1042
-870
-715
-644
-827
-1223
-1493
-1385
-1006
-618
-322
-67
173
402
621
760
674
323
-141
-468
-561
-462
-264
-91
-83
-211
-305
-330
-350
-431
-584
-780
-937
-1034
-1153
-1294
-1317
-1183
-1008
-886
-827
-842
-929
-1065
-1160
-1040
-584
92
749
1311
1818
2235
2449
2408
2183
1904
1645
1386
1120
910
809
761
684
583
479
346
111
-258
-711
-1150
-1539
-1905
-2238
-2447
-2480
-2385
-2201
-1933
-1631
-1414
-1331
-1327
-1348
-1406
-1487
-1526
-1468
-1311
-1066
-740
-394
-124
34
125
180
202
204
207
228
306
474
706
930
1118
1252
1353
1490
1701
1950
2165
2304
2351
2277
2123
1973
1858
1730
1533
1340
1244
1221
1150
996
810
587
337
142
57
24
-73
-265
-417
-413
-377
-478
-636
-676
-683
-778
-829
-722
-585
-516
-451
-362
-294
-264
-280
-353
-435
-446
-434
-503
-612
-627
-560
-552
-622
-695
-772
-852
-885
-844
-779
-722
-688
-696
-696
-557
-304
-137
-89
-12
140
260
333
456
603
647
570
449
333
256
253
279
259
177
70
-42
-146
-229
-275
-235
-55
207
388
460
543
656
702
707
770
875
971
1136
1392
1602
1657
1611
1515
1307
999
679
339
-45
-391
-624
-782
-913
-1000
-1058
-1146
-1290
-1472
-1671
-1842
-1940
-1976
-1959
-1838
-1610
-1355
-1088
-770
-440
-202
-88
-54
-32
-13
1
66
232
454
611
653
671
745
824
788
650
520
438
345
212
103
85
93
30
-56
-47
44
112
146
206
316
469
612
582
303
1
-18
226
501
715
896
1065
1173
1147
891
452
113
124
381
542
482
318
147
-66
-345
-596
-711
-728
-759
-836
-930
-1037
-1064
-860
-506
-330
-440
-539
-389
-144
-29
-29
-27
82
385
761
821
428
16
44
413
697
696
512
278
38
-186
-326
-336
-256
-161
-107
-148
-328
-558
-659
-565
-360
-96
289
764
1159
1366
1456
1531
1594
1606
1544
1423
1251
1019
747
499
330
198
12
-249
-523
-759
-997
-1306
-1658
-1912
-1992
-1963
-1908
-1838
-1716
-1533
-1366
-1276
-1208
-1091
-979
-989
-1090
-1089
-876
-548
-298
-154
87
518
832
675
270
169
404
502
290
97
182
421
555
586
677
810
786
608
447
316
119
-80
-114
39
271
567
893
1041
950
829
731
491
302
479
713
635
597
844
859
585
700
1071
836
92
-386
-579
-776
-698
-223
222
397
392
201
-142
-399
-633
-1013
-1113
-585
-84
-246
-522
-386
-252
-195
297
792
545
-26
-327
-665
-1019
-787
-84
347
286
69
-9
77
103
-42
-156
-155
-241
-423
-480
-379
-289
-265
-191
-8
128
78
30
278
674
758
453
150
147
357
605
846
1135
1445
1579
1366
950
673
629
613
436
120
-261
-641
-896
-945
-886
-816
-734
-679
-760
-985
-1234
-1410
-1472
-1405
-1257
-1104
-993
-960
-1035
-1131
-1081
-830
-504
-227
-55
-80
-339
-570
-441
-22
313
437
477
441
330
291
373
422
411
439
448
358
295
372
373
97
-184
-49
538
1192
1380
786
-219
-739
-320
624
1431
1668
1156
221
-321
-80
432
656
632
543
354
127
69
163
275
450
720
782
278
-571
-1123
-1026
-410
446
1038
839
58
-421
-299
-129
-264
-465
-435
-44
573
883
474
-149
-203
238
502
410
231
-16
-461
-891
-855
-282
324
399
-66
-620
-927
-972
-807
-508
-279
-262
-317
-236
-51
79
120
103
-27
-227
-227
99
463
533
367
188
50
-50
-6
208
338
190
-54
-59
193
397
368
214
92
-11
-170
-327
-366
-268
-132
-26
41
0
-200
-449
-590
-653
-757
-845
-764
-575
-437
-336
-188
-86
-182
-438
-713
-925
-1032
-1003
-896
-757
-494
-115
86
-83
-365
-453
-373
-221
88
416
407
168
208
577
878
999
1026
847
489
390
639
801
757
833
1072
1149
993
746
526
445
512
563
578
679
622
106
-419
-248
462
900
754
324
-54
-284
-363
-228
237
847
1018
514
-104
-171
205
544
628
518
299
-11
-396
-677
-602
-269
-58
-83
-269
-724
-1362
-1606
-1138
-551
-447
-565
-373
-7
86
-104
-295
-372
-312
-87
117
50
-170
-171
46
166
124
112
171
180
87
-122
-415
-644
-674
-577
-540
-571
-522
-331
-146
-127
-232
-332
-402
-496
-602
-619
-418
-5
434
674
610
311
28
-20
96
164
198
330
481
518
509
544
522
387
249
101
-153
-402
-404
-212
-72
-12
33
-52
-320
-527
-461
-244
-47
124
250
220
59
-43
10
138
268
375
405
316
145
-28
-64
211
726
1011
721
127
-249
-245
-36
162
194
77
-26
4
245
693
919
455
-331
-596
-292
-15
135
345
382
145
143
586
937
850
583
189
-418
-802
-478
219
544
328
-13
-101
33
142
121
82
-24
-370
-803
-831
-312
222
290
61
-2
272
692
859
361
-607
-1136
-689
114
441
305
115
-35
-62
201
460
224
-381
-827
-957
-830
-425
22
60
-241
-351
-152
-16
-118
-378
-890
-1532
-1752
-1266
-618
-350
-289
-120
19
4
67
170
-64
-583
-924
-924
-642
-76
598
961
975
908
835
707
529
252
-56
-69
207
358
442
945
1632
1704
1167
696
444
165
-4
115
298
413
660
1045
1340
1420
1200
634
53
-115
33
54
-157
-227
77
487
633
645
791
763
280
-217
-278
-188
-132
292
1117
1707
1799
1810
1906
1780
1383
1128
1275
1692
2123
2403
2505
2572
2768
2979
3011
2902
2816
2741
2612
2474
2190
1480
419
-603
-1593
-2869
-4522
-6340
-8015
-9256
-10085
-10845
-11523
-11653
-11174
-10611
-10177
-9633
-8951
-8301
-7612
-6816
-6030
-5179
-4040
-2793
-1754
-694
622
1840
2614
3133
3509
3560
3420
3610
4311
5130
5647
5930
6415
7327
8307
8910
9002
8648
8159
7920
7837
7384
6658
6286
6310
6327
6413
6722
6788
6284
5702
5488
5324
4875
4442
4234
3866
3059
2063
1129
176
-776
-1616
-2525
-3601
-4460
-4866
-5230
-5922
-6664
-7017
-6919
-6670
-6700
-7191
-7720
-7742
-7254
-6641
-6093
-5754
-5734
-5724
-5300
-4617
-4006
-3388
-2786
-2516
-2414
-2053
-1727
-1720
-1408
-545
-103
-475
-627
-77
299
88
-52
152
321
407
619
889
1182
1631
2014
2085
2203
2637
2940
2886
2921
3103
2983
2777
3109
3717
3800
3359
3028
2929
2707
2283
1831
1443
1144
857
396
-106
-216
-42
-305
-1138
-1680
-1376
-705
-296
-274
-510
-751
-622
-65
561
1085
1630
1971
1875
1856
2397
2923
2780
2393
2241
2043
1662
1527
1601
1383
801
101
-683
-1391
-1697
-1780
-2128
-2759
-3273
-3424
-3222
-2891
-2789
-3009
-3276
-3416
-3414
-3127
-2638
-2515
-2972
-3405
-3324
-2988
-2745
-2519
-2220
-1965
-1755
-1448
-1075
-784
-688
-660
-446
-12
347
565
1094
2077
2827
2825
2482
2272
2080
1860
1982
2439
2753
2729
2622
2619
2833
3456
4256
4522
4023
3429
3215
2985
2400
1768
1305
685
-191
-914
-1210
-1212
-1144
-1186
-1471
-1894
-2197
-2220
-1881
-1283
-882
-932
-1005
-739
-600
-1036
-1665
-2013
-2205
-2452
-2692
-2886
-2965
-2705
-2121
-1663
-1578
-1691
-1865
-2069
-2107
-1770
-1202
-741
-611
-714
-590
160
1113
1412
980
578
633
904
1180
1567
2087
2647
3164
3507
3598
3645
3895
4134
3987
3483
2903
2337
1800
1393
1122
822
446
27
-530
-1253
-1799
-1842
-1658
-1793
-2279
-2653
-2664
-2489
-2334
-2282
-2347
-2421
-2417
-2546
-2921
-3147
-2867
-2445
-2414
-2589
-2535
-2308
-2184
-2033
-1617
-1083
-733
-638
-533
-190
353
912
1446
2006
2544
2954
3157
3112
3036
3317
3819
3842
3151
2399
2100
2076
2086
2185
2242
2017
1660
1518
1586
1575
1315
777
14
-776
-1368
-1743
-1958
-1978
-1893
-2068
-2702
-3380
-3555
-3416
-3560
-3976
-3999
-3371
-2557
-1900
-1254
-508
175
758
1377
2011
2441
2653
2854
3202
3708
4253
4664
4900
5007
4862
4386
3991
4044
4088
3452
2311
1356
795
348
-137
-615
-1040
-1383
-1689
-2120
-2736
-3264
-3449
-3477
-3641
-3851
-3772
-3387
-2976
-2686
-2450
-2267
-2338
-2781
-3436
-4010
-4394
-4650
-4839
-4985
-5047
-4957
-4731
-4477
-4168
-3580
-2675
-1737
-968
-235
603
1436
2184
2978
3882
4704
5323
5904
6597
7214
7492
7454
7214
6694
5891
5044
4336
3668
2966
2318
1757
1184
591
70
-377
-875
-1447
-1869
-1868
-1400
-675
63
734
1366
1915
2256
2368
2346
2151
1565
556
-535
-1369
-1945
-2414
-2775
-3027
-3341
-3767
-4048
-3979
-3792
-3848
-4102
-4237
-4132
-3928
-3767
-3591
-3261
-2733
-2077
-1374
-682
-68
422
842
1275
1707
2030
2191
2286
2457
2711
2911
2961
2951
2951
2804
2346
1684
1128
812
646
472
196
-191
-593
-847
-911
-929
-1080
-1396
-1774
-2095
-2289
-2287
-2120
-1951
-1901
-1921
-1920
-1870
-1723
-1374
-860
-407
-109
217
722
1272
1702
2019
2304
2529
2613
2554
2463
2439
2406
2197
1794
1344
939
552
221
24
-50
-93
-143
-208
-306
-427
-548
-693
-875
-1026
-1063
-1011
-922
-786
-583
-342
-106
132
367
545
597
567
580
704
876
983
991
980
1041
1167
1279
1305
1234
1035
702
300
-45
-270
-402
-483
-524
-568
-710
-976
-1258
-1427
-1501
-1593
-1770
-2001
-2227
-2382
-2397
-2269
-2101
-2038
-2131
-2276
-2326
-2223
-2052
-1892
-1724
-1501
-1208
-870
-483
-72
307
617
886
1145
1347
1464
1550
1669
1781
1784
1647
1453
1313
1281
1342
1433
1507
1560
1655
1853
2131
2407
2606
2736
2832
2886
2849
2726
2595
2523
2511
2509
2475
2423
2382
2356
2304
2154
1852
1401
865
307
-226
-739
-1240
-1707
-2105
-2409
-2641
-2837
-3005
-3154
-3289
-3420
-3527
-3600
-3648
-3683
-3710
-3696
-3632
-3545
-3467
-3395
-3314
-3233
-3177
-3130
-3036
-2864
-2610
-2289
-1923
-1539
-1177
-863
-603
-381
-196
-49
68
157
257
415
659
980
1348
1717
2056
2353
2617
2877
3131
3336
3449
3476
3481
3517
3592
3656
3669
3628
3553
3455
3316
3125
2892
2632
2350
2034
1700
1365
1044
728
405
77
-258
-590
-893
-1144
-1335
-1491
-1629
-1737
-1776
-1748
-1702
-1672
-1648
-1602
-1527
-1448
-1388
-1352
-1329
-1308
-1262
-1159
-991
-790
-600
-426
-250
-64
85
156
136
53
-62
-186
-283
-319
-290
-224
-155
-86
-14
43
61
15
-105
-279
-479
-667
-805
-865
-845
-766
-640
-483
-309
-143
2
105
161
161
130
97
97
134
194
269
342
410
468
512
534
516
438
304
147
1
-122
-218
-290
-339
-360
-362
-351
-343
-342
-359
-406
-473
-538
-576
-583
-543
-440
-272
-45
211
477
732
962
1148
1283
1372
1419
1423
1389
1329
1256
1188
1127
1081
1049
1012
973
922
873
815
746
653
521
356
171
-11
-171
-290
-365
-406
-420
-423
-424
-431
-456
-497
-559
-628
-702
-771
-837
-897
-937
-954
-948
-914
-861
-797
-727
-662
-605
-555
-509
-472
-444
-425
-417
-415
-406
-393
-363
-324
-278
-229
-178
-120
-72
-27
3
23
41
53
68
84
94
120
152
201
271
351
439
522
600
668
723
766
792
800
784
745
678
599
515
434
369
323
302
299
308
328
356
387
410
414
392
345
283
212
157
113
85
65
51
44
41
40
42
39
30
9
-28
-69
-117
-168
-217
-269
-319
-375
-425
-476
-519
-550
-560
-552
-529
-498
-462
-427
-394
-360
-328
-302
-287
-280
-288
-300
-312
-312
-303
-286
-269
-258
-249
-241
-235
-230
-228
-232
-244
-255
-265
-267
-258
-242
-220
-200
-174
-144
-108
-64
-17
28
69
102
131
156
187
216
246
274
299
320
337
353
363
367
363
351
334
314
295
276
257
238
226
214
206
202
203
207
212
221
229
234
241
249
257
263
269
278
287
294
303
312
315
317
315
305
289
265
233
194
148
100
52
5
-38
-71
-94
-109
-117
-116
-113
-114
-113
-119
-126
-136
-144
-149
-155
-153
-146
-134
-126
-118
-120
-129
-148
-174
-200
-227
-250
-269
-284
-294
-297
-297
-295
-287
-280
-269
-255
-242
-223
-199
-168
-137
-108
-82
-61
-47
-40
-30
-20
-8
10
30
54
81
100
113
118
113
98
75
56
44
31
30
37
51
73
94
112
133
146
151
150
152
151
153
162
171
184
196
206
212
215
212
202
184
165
137
110
79
52
33
21
15
20
34
49
64
71
69
58
43
17
-6
-28
-45
-53
-52
-44
-31
-17
-4
-1
-4
-7
-18
-30
-45
-59
-69
-76
-75
-70
-62
-53
-49
-46
-47
-52
-51
-55
-56
-50
-45
-25
-6
16
39
56
68
77
77
70
56
39
19
-2
-14
-27
-35
-39
-41
-40
-36
-29
-28
-24
-21
-20
-13
-7
1
10
20
31
38
47
56
63
66
65
59
51
43
35
26
22
18
13
9
5
-1
-11
-22
-37
-54
-68
-74
-77
-70
-54
-37
-17
2
19
33
45
52
59
66
71
80
88
98
108
115
120
120
116
105
93
77
60
41
25
9
-5
-18
-26
-26
-25
-19
-16
-14
-15
-16
-26
-33
-39
-48
-55
-57
-51
-48
-43
-36
-32
-31
-37
-38
-45
-53
-59
-61
-56
-49
-42
-29
-14
-3
6
13
18
17
17
16
9
7
3
1
4
6
13
23
33
43
55
62
69
72
69
66
61
54
44
34
21
11
3
-5
-12
-18
-20
-19
-11
-4
4
16
27
38
50
61
64
67
68
66
61
52
41
32
20
11
5
2
1
2
4
3
4
4
2
-1
-4
-7
-9
-14
-17
-20
-18
-21
-27
-30
-35
-35
-33
-30
-25
-17
-8
6
16
26
32
35
34
29
25
18
10
1
-4
-9
-15
-17
-21
-25
-22
-21
-19
-17
-10
-6
-3
0
6
7
7
7
2
-1
-5
-12
-19
-27
-35
-42
-49
-55
-58
-62
-65
-61
-56
-49
-44
-37
-25
-16
-6
2
8
13
17
20
22
20
21
18
14
13
13
13
11
13
17
18
20
23
26
28
31
