SAMPLES:	6615
BITSPERSAMPLE:	16
CHANNELS:	1
SAMPLERATE:	16000
NORMALIZED:	FALSE
6
4
3
2
1
2
-1
3
5
5
4
5
5
5
7
4
4
3
7
5
3
4
4
4
4
3
5
7
4
3
3
6
2
3
4
2
3
3
2
-1
0
-4
-1
-3
-3
-6
-6
-8
-8
-7
-11
-9
-8
-11
-6
-9
-14
-12
-12
-12
-11
-13
-14
-11
-12
-12
-11
-12
-15
-14
-13
-10
-8
-6
-9
-10
-9
-9
-7
-6
-7
-6
-3
-5
-3
1
1
6
5
1
3
1
3
4
5
10
10
9
11
9
9
10
10
14
11
13
12
9
11
14
11
10
7
8
8
9
8
9
8
8
9
9
11
11
11
11
9
10
16
8
10
13
14
21
21
21
19
22
30
38
42
45
47
48
57
67
67
67
67
65
72
74
70
67
59
50
44
32
18
2
-16
-34
-54
-80
-99
-122
-135
-168
-201
-217
-239
-256
-269
-300
-331
-339
-348
-351
-360
-379
-384
-376
-369
-353
-345
-351
-331
-306
-278
-243
-215
-195
-155
-117
-78
-34
8
54
96
142
185
220
272
317
345
379
405
425
470
499
509
523
524
531
558
555
541
530
505
493
487
454
414
374
323
273
219
163
107
43
-10
-65
-114
-156
-191
-209
-217
-218
-194
-156
-102
-25
81
195
296
379
457
535
624
716
788
834
849
839
832
819
773
696
594
476
357
233
92
-58
-227
-400
-568
-730
-868
-999
-1120
-1230
-1326
-1391
-1445
-1495
-1523
-1540
-1557
-1543
-1501
-1452
-1392
-1336
-1271
-1182
-1098
-1018
-937
-857
-768
-664
-557
-445
-343
-242
-124
-3
122
251
375
504
636
769
891
998
1096
1194
1267
1326
1375
1415
1446
1467
1474
1449
1422
1354
1336
1303
1199
1112
1001
888
799
691
553
427
294
160
27
-102
-222
-342
-448
-552
-664
-749
-812
-866
-903
-950
-1004
-1006
-996
-987
-962
-968
-974
-934
-891
-851
-805
-786
-751
-692
-647
-589
-536
-497
-431
-346
-260
-161
-45
81
236
404
615
844
1092
1351
1559
1764
1993
2189
2421
2625
2712
2775
2807
2799
2829
2773
2583
2361
2101
1824
1559
1200
780
356
-78
-514
-973
-1408
-1820
-2224
-2568
-2912
-3264
-3518
-3737
-3931
-4038
-4191
-4324
-4308
-4278
-4188
-4069
-3900
-3708
-3499
-3276
-3043
-2778
-2483
-2184
-1881
-1574
-1259
-938
-613
-275
68
404
742
1083
1413
1733
2037
2336
2615
2867
3085
3255
3400
3539
3661
3746
3766
3727
3658
3570
3465
3331
3132
2879
2605
2341
2079
1800
1482
1132
794
475
188
-97
-393
-694
-966
-1184
-1364
-1530
-1693
-1833
-1929
-1979
-2007
-2024
-2036
-2026
-1992
-1941
-1891
-1861
-1826
-1772
-1710
-1649
-1586
-1518
-1431
-1341
-1268
-1216
-1130
-934
-623
-307
-84
42
218
641
1320
2036
2504
2655
2698
2959
3544
4220
4622
4575
4274
4086
4217
4495
4550
4165
3478
2839
2477
2284
1952
1302
431
-385
-973
-1392
-1848
-2470
-3152
-3689
-3978
-4137
-4365
-4728
-5091
-5256
-5186
-5017
-4941
-4991
-5031
-4891
-4536
-4107
-3795
-3652
-3565
-3364
-2994
-2553
-2190
-1943
-1726
-1444
-1060
-611
-155
267
681
1103
1538
1987
2449
2897
3316
3696
4023
4269
4461
4676
4911
5076
5120
5080
4974
4821
4645
4458
4188
3814
3402
2989
2575
2165
1764
1336
866
381
-80
-521
-950
-1331
-1666
-1999
-2336
-2628
-2872
-3048
-3150
-3202
-3225
-3244
-3235
-3186
-3089
-2961
-2839
-2738
-2643
-2548
-2422
-2249
-2068
-1904
-1761
-1607
-1404
-1185
-1012
-905
-830
-702
-428
-39
300
500
622
889
1476
2297
3068
3497
3559
3565
3889
4569
5256
5551
5353
4966
4824
5054
5378
5347
4777
3940
3287
2989
2796
2324
1414
318
-587
-1152
-1559
-2144
-2986
-3826
-4355
-4521
-4579
-4865
-5422
-5947
-6118
-5900
-5597
-5546
-5755
-5889
-5651
-5056
-4428
-4124
-4131
-4133
-3808
-3168
-2542
-2232
-2170
-2019
-1552
-858
-253
69
247
608
1316
2139
2719
2950
3114
3528
4208
4853
5126
5039
4955
5205
5701
6033
5898
5444
5050
4943
4981
4803
4219
3436
2861
2625
2466
2054
1309
498
-70
-347
-605
-1110
-1824
-2433
-2724
-2791
-2911
-3257
-3667
-3878
-3782
-3568
-3505
-3640
-3768
-3637
-3272
-2943
-2885
-3037
-3107
-2898
-2505
-2192
-2080
-2040
-1868
-1498
-1136
-996
-1014
-923
-560
-74
244
310
535
1320
2643
3917
4461
4193
3777
4054
5149
6365
6845
6382
5589
5364
5968
6747
6783
5772
4356
3482
3473
3763
3523
2397
816
-476
-1160
-1551
-2208
-3260
-4323
-4889
-4845
-4651
-4882
-5661
-6519
-6893
-6721
-6407
-6374
-6634
-6785
-6437
-5596
-4735
-4384
-4603
-4887
-4681
-3922
-3060
-2593
-2588
-2634
-2277
-1474
-619
-181
-197
-227
258
1340
2569
3367
3558
3534
3823
4561
5376
5828
5805
5652
5793
6312
6866
6986
6571
5946
5494
5294
5093
4628
3936
3328
2988
2759
2306
1505
562
-189
-596
-891
-1399
-2185
-2926
-3307
-3326
-3306
-3584
-4102
-4529
-4562
-4272
-3996
-3984
-4129
-4127
-3827
-3401
-3186
-3294
-3494
-3454
-3066
-2505
-2062
-1850
-1752
-1598
-1360
-1111
-914
-750
-589
-447
-283
105
992
2417
3943
4863
4831
4253
4048
4778
6141
7213
7313
6635
6024
6192
6983
7502
6982
5568
4184
3637
3876
4113
3579
2207
590
-663
-1437
-2100
-3000
-4076
-4912
-5188
-5063
-5059
-5550
-6379
-7056
-7250
-7130
-7090
-7291
-7493
-7292
-6549
-5550
-4841
-4739
-5013
-5098
-4647
-3851
-3209
-2997
-3001
-2747
-1994
-983
-231
-50
-210
-154
523
1664
2718
3252
3404
3715
4540
5687
6520
6605
6148
5817
6106
6898
7594
7675
7131
6438
6050
5877
5494
4684
3715
3016
2760
2677
2328
1528
510
-337
-955
-1561
-2364
-3212
-3738
-3757
-3503
-3472
-3923
-4643
-5136
-5168
-4914
-4742
-4763
-4753
-4434
-3846
-3361
-3291
-3616
-3942
-3873
-3348
-2659
-2125
-1847
-1694
-1499
-1214
-918
-731
-671
-629
-398
248
1438
3035
4548
5354
5277
4826
4791
5513
6627
7439
7554
7183
6954
7297
7955
8128
7227
5605
4237
3778
3973
4007
3309
2003
614
-494
-1353
-2249
-3392
-4685
-5662
-5934
-5675
-5544
-5994
-6797
-7394
-7577
-7631
-7829
-8107
-8188
-7853
-7028
-5912
-4995
-4705
-4918
-5007
-4594
-3930
-3490
-3359
-3196
-2660
-1782
-828
-95
241
264
341
848
1731
2579
3098
3519
4220
5187
6025
6431
6515
6565
6746
7063
7422
7635
7582
7396
7313
7261
6853
5909
4727
3845
3425
3197
2774
2067
1265
586
48
-546
-1413
-2557
-3624
-4222
-4289
-4208
-4352
-4726
-5050
-5141
-5103
-5167
-5392
-5573
-5449
-4972
-4399
-4078
-4119
-4273
-4202
-3819
-3315
-2860
-2497
-2154
-1786
-1414
-1091
-883
-798
-762
-655
-417
77
1088
2753
4622
5779
5779
5162
4987
5774
7095
8093
8260
7739
7227
7466
8412
9110
8511
6706
4894
4170
4409
4598
3957
2564
956
-434
-1470
-2324
-3313
-4630
-5886
-6446
-6204
-5875
-6187
-7009
-7672
-7879
-7945
-8185
-8544
-8777
-8669
-8010
-6806
-5526
-4857
-4916
-5073
-4729
-3996
-3458
-3370
-3420
-3139
-2339
-1172
-38
641
728
618
911
1777
2763
3331
3540
3936
4871
6099
7054
7388
7184
6857
6849
7259
7762
7907
7630
7312
7238
7204
6717
5619
4271
3209
2642
2361
2006
1390
644
3
-480
-1100
-2129
-3456
-4562
-5033
-4944
-4757
-4856
-5212
-5535
-5597
-5490
-5463
-5638
-5814
-5695
-5196
-4589
-4215
-4167
-4217
-4050
-3585
-2986
-2508
-2245
-2079
-1783
-1265
-709
-387
-414
-585
-533
157
1677
3724
5475
6099
5619
5012
5302
6568
8011
8775
8614
7962
7660
8264
9367
9725
8508
6328
4653
4330
4740
4697
3719
2208
729
-509
-1528
-2442
-3556
-5067
-6517
-7111
-6722
-6323
-6703
-7501
-7881
-7783
-7910
-8452
-8987
-9210
-9127
-8576
-7282
-5726
-4909
-5069
-5317
-4749
-3722
-3254
-3562
-3894
-3511
-2384
-980
229
941
1124
1129
1449
2222
3003
3366
3512
4038
5168
6516
7600
8256
8393
7918
7183
6886
7253
7720
7708
7551
7682
7557
6514
5178
4773
4966
3915
1425
-91
778
2068
1238
-1195
-2894
-3383
-4301
-6228
-7680
-7548
-6506
-5780
-5634
-5753
-5961
-6227
-6417
-6454
-6426
-6224
-5653
-4778
-3957
-3398
-3096
-3151
-3543
-3918
-4044
-4216
-4535
-4431
-3688
-3139
-2879
-181
7527
16553
18719
12813
8704
13199
18131
12811
3132
3584
13198
16724
9782
4675
7279
7493
-774
-7581
-4558
448
-2423
-8217
-5801
3388
7237
632
-7880
-8713
-4201
-3195
-6646
-6740
-1633
441
-3830
-5922
-1363
-181
-9393
-18299
-14910
-6078
-5369
-10539
-10102
-4219
-2638
-6348
-7571
-4893
-4287
-6552
-5338
1587
7980
7973
3877
2392
5262
7183
4272
518
1255
4370
5222
5610
8462
9481
5218
2200
6011
10028
7127
2384
2650
5071
5356
5152
4851
1884
-1109
464
3141
1288
-2009
-1730
-529
-1230
-675
1203
-825
-5385
-5221
-1626
-2234
-6261
-7237
-5691
-5626
-5502
-3663
-3667
-6224
-6557
-3859
-2412
-2924
-2918
-2817
-3300
-2058
648
641
-2212
-3369
-2018
-1736
-3204
-4060
-4063
-4834
-4113
3213
18278
31301
28219
12510
5913
15906
20296
4096
-11663
-4146
11840
10520
-1368
-2242
3165
-4033
-18410
-18309
-3768
3273
-5052
-10667
958
17066
15923
-452
-9758
-4017
856
-4697
-8068
-623
4436
-3379
-11536
-7191
-892
-7969
-21280
-22291
-9776
179
-1322
-5898
-3703
1956
2172
-2248
-2951
815
1526
-1482
488
8946
12795
5759
-3061
-3547
870
1123
-3150
-5290
-2467
1799
3867
4060
4280
4206
2358
1191
5621
13591
15757
9843
5411
7668
8920
3209
-3638
-5476
-4180
-2584
-617
308
-1526
-4008
-4479
-3196
-1242
292
-101
-1143
589
3974
3836
-512
-4587
-5990
-5670
-4403
-3267
-3843
-5054
-4314
-2257
-1529
-2401
-3555
-4239
-3433
-868
1100
501
-1232
-2271
-2587
-2600
-3002
-4726
-6297
-5923
-4625
866
15468
30638
28586
11231
3231
12545
15939
-92
-14959
-9190
4526
5382
-2652
-3446
1337
-2717
-14219
-15320
-1909
6927
-321
-7178
3541
19494
17938
1986
-6813
-3345
-1538
-6866
-9318
-4180
-765
-5484
-10413
-6796
-808
-4274
-14425
-16442
-6153
3693
3156
-1605
-647
4395
5306
1066
-2006
-1424
-1349
-3493
-3160
2049
6191
3071
-3670
-5190
-505
2127
-1559
-5304
-2820
2859
5572
4963
4600
5463
4840
2236
3239
10401
13939
6655
-349
3076
6541
303
-6400
-5982
-4231
-3387
-487
1196
-514
-1262
-741
-1037
768
3689
1748
-1621
916
4601
2597
-1299
-3361
-5528
-6345
-3929
-2603
-4160
-4337
-2544
-1680
-1061
-342
-1782
-3601
-2221
242
614
200
-333
-2042
-2970
-2100
-2693
-5381
-6827
-6157
-1557
12372
29250
30389
14167
3444
9524
13840
1087
-14694
-13893
-1553
3291
-2201
-3984
1772
1508
-9222
-13880
-3047
7240
2232
-5837
1260
16670
19182
5893
-5424
-4760
-2060
-6803
-12018
-8827
-3227
-4747
-8989
-5992
1153
788
-7824
-12547
-6408
2583
3805
-955
-1788
3335
6194
2327
-2544
-3171
-2709
-4949
-6533
-2906
2926
3798
-756
-3102
909
4771
1637
-4076
-3827
1667
4985
3934
3085
4971
5797
2822
1284
5590
8681
4192
73
3765
7372
3517
-1881
-3581
-3765
-3271
-2055
-2266
-2311
163
1473
398
1496
3432
1256
-1234
601
2446
1393
326
-856
-3283
-3960
-3000
-4106
-5786
-4947
-3515
-2748
-1127
-194
-1360
-1677
-325
-89
-657
-189
-273
-1586
-1879
-1396
-2518
-4585
-5419
-5843
-6039
-616
14984
30770
28841
11636
3191
11360
13779
-2748
-18427
-13737
-189
1378
-6013
-5118
3923
3830
-8209
-12815
-1164
8447
1657
-6565
2187
17882
18214
3656
-5643
-2371
-127
-7834
-14960
-10989
-3700
-4583
-8837
-5226
3018
3219
-5475
-10251
-4212
3554
2492
-3383
-2892
3975
6699
1613
-3533
-3319
-2300
-5185
-7917
-4629
1751
3352
-151
-1175
3268
6458
2687
-3242
-3319
1367
3390
1533
1295
4250
5767
3182
384
2574
7920
8506
3324
1236
4363
3667
-2666
-5746
-3844
-3007
-3374
-1914
161
1712
2661
1509
234
2216
3778
1215
-600
1413
2469
555
-1640
-3802
-5616
-5278
-4618
-5455
-4825
-2240
-1388
-1553
97
1258
-23
-984
-672
-657
-360
77
-1317
-3075
-3065
-3332
-5170
-6698
-7346
-3981
10328
28568
30367
13934
3172
9444
13621
287
-16643
-16987
-4767
362
-5471
-6288
3669
7653
-3411
-12042
-3679
7900
4625
-5383
-2228
12945
19310
8241
-4255
-3908
177
-5847
-15502
-14434
-5679
-2827
-6578
-5589
2742
7166
556
-7878
-6028
2208
3598
-2771
-4942
1414
6530
3090
-3239
-4407
-2408
-4072
-8259
-7230
-114
4438
1997
-618
2837
7504
5500
-1250
-4070
-704
2326
864
-807
1672
4949
3819
289
387
4272
6206
4211
2875
4685
5332
1493
-3126
-4086
-2983
-3327
-4351
-3077
441
3012
2770
1620
2045
3014
2078
79
-280
855
1005
-615
-2549
-3496
-3667
-4231
-5392
-5630
-3974
-1804
-644
45
1058
1757
1312
170
-529
-507
-859
-2296
-3407
-3257
-3464
-4798
-6131
-7068
-4961
7021
25728
32038
17782
3130
6425
13959
4640
-14328
-19619
-8000
726
-3801
-7943
463
8841
1378
-10895
-7701
5898
8208
-2155
-4788
8247
19224
11907
-3105
-6443
-648
-2978
-14149
-17500
-8519
-939
-3108
-5888
-137
7213
4642
-4759
-6909
479
4480
-1109
-6021
-1231
5989
4642
-3154
-6776
-3851
-2532
-6263
-7890
-2241
4293
4166
835
2037
6884
7019
476
-4546
-2305
1975
1449
-1315
-369
3608
4795
1437
-537
3727
8502
5753
626
2157
5611
2484
-3159
-4344
-3185
-2882
-3011
-2963
-1022
2886
3829
939
867
3823
3190
-119
-773
267
232
-493
-2378
-4508
-3930
-2827
-4559
-5757
-3355
-1083
-734
219
1242
1184
1277
958
-829
-1497
-548
-1880
-4532
-4794
-4053
-4655
-5781
-6588
-3847
9981
28495
30823
14064
1747
7262
12674
1152
-16418
-18911
-6307
1068
-4486
-7535
2381
9655
201
-11341
-6400
7240
8459
-1973
-3943
9124
19064
10092
-5075
-7260
-1076
-4149
-15223
-16942
-6759
965
-1852
-5193
625
7994
4873
-5165
-6896
962
4506
-1568
-6146
-691
6079
3538
-4845
-7768
-3775
-2347
-6297
-7536
-941
5823
4938
1074
2167
6750
6167
-667
-5317
-2593
2036
1323
-1520
-220
3829
4486
808
-1295
2061
7380
7201
2833
2611
5502
3364
-3065
-5497
-4207
-4014
-4257
-3129
-160
3736
5278
2534
842
3157
3379
-73
-1714
-403
73
-749
-2143
-4015
-4009
-2950
-4161
-5544
-3289
-328
137
505
1622
1783
1307
456
-1352
-2089
-1572
-2707
-4857
-5006
-3888
-4414
-6114
-5924
3372
22283
32567
20379
2048
2045
11835
7214
-10899
-20380
-11208
444
-891
-7573
-2563
8796
5756
-8322
-10754
3005
11553
3577
-4894
2108
16097
15126
-573
-9683
-4676
-1671
-10655
-17314
-10323
784
1799
-4162
-3121
5386
8031
-892
-7947
-2718
4806
2398
-4782
-3681
3834
5234
-2484
-8753
-5926
-1435
-3652
-7630
-3785
4841
7197
2622
156
3797
6405
1886
-4607
-4711
574
2681
-29
-1205
2015
4571
2039
-927
1766
7082
6818
2158
1130
3363
2746
-1428
-4611
-4926
-3265
-1825
-2178
-1120
2734
4719
2520
1168
2805
3088
1099
-732
-1239
-678
-434
-2363
-4833
-4232
-2567
-3027
-3631
-2303
-661
244
923
930
737
1003
262
-1440
-1598
-1118
-2291
-4041
-4737
-4731
-4647
-5084
-4856
4672
23772
32760
19168
1154
1442
10050
4975
-12075
-20282
-10454
1109
-545
-6932
-1333
9133
4685
-9067
-10352
3638
11926
4354
-3742
2911
15795
13494
-2301
-10615
-5686
-3577
-11954
-16336
-7941
2849
2716
-3958
-2954
5346
7236
-2086
-8283
-2344
4946
2605
-3741
-2180
4277
3972
-4449
-9798
-5733
-1224
-3610
-6837
-2170
6298
7908
2860
-93
2750
4505
102
-4798
-3646
1410
2908
420
-110
2752
3947
833
-56
4679
8065
5177
699
117
968
141
-2487
-5155
-4510
-1504
-296
-933
852
3529
2707
980
1436
2724
2733
1428
-735
-1841
-733
-1234
-4275
-5768
-4520
-3289
-2450
-1043
-187
501
1356
980
-150
70
175
-1371
-2243
-1858
-1833
-2911
-3959
-4917
-5725
-5849
-1657
13308
30063
29024
10009
-1636
5348
9831
-2327
-17830
-16944
-3661
2017
-3906
-6024
3912
8308
-3201
-12782
-4182
10913
10777
-67
-1549
10577
17075
5098
-9466
-10071
-4016
-7764
-16073
-12812
-527
5111
-1129
-5377
770
7123
2271
-7152
-5738
3522
6160
-225
-3413
1863
4856
-1353
-9516
-8977
-2797
-1538
-4914
-3983
3597
8154
4700
-58
430
3290
1566
-3042
-3982
342
3889
2489
298
922
2447
1138
-477
1663
5716
7082
4280
1688
1341
1052
-1692
-5253
-5565
-3181
-862
-219
544
2176
2760
1659
184
636
1949
2107
823
-243
-11
-435
-2309
-4588
-5305
-4622
-3720
-2587
-1214
716
1919
1896
1013
210
-171
-1001
-1541
-2304
-2525
-2281
-2753
-3712
-5065
-5758
-5276
4078
22798
32488
20810
1740
-328
8651
6364
-9048
-18527
-9636
1711
274
-6554
-2805
6367
1596
-11522
-11943
4116
14824
7437
-1836
3616
15838
12560
-3807
-11949
-7024
-4618
-12180
-14798
-5246
4574
1831
-6796
-5399
3325
4964
-3686
-7677
126
7360
4702
-1483
-297
3895
903
-7360
-10237
-4579
-455
-2499
-4128
572
6525
5564
451
-1751
576
1755
-319
-1566
293
3524
3568
1647
732
833
103
-25
4325
7779
6173
2030
-373
-850
-1389
-1619
-3655
-4453
-1780
893
1384
1427
1930
-42
-1392
-197
1245
2046
2201
1218
-607
-309
-692
-3348
-4962
-4771
-4042
-2932
-574
146
-287
211
185
-121
254
402
-828
-1275
-587
-1040
-2522
-3541
-4587
-6062
-6521
-554
16579
31891
26840
6277
-3262
5222
8802
-3051
-15509
-11689
816
3123
-4092
-5059
3641
3108
-10619
-15983
-1850
14070
11782
844
1133
12407
14420
415
-11007
-8566
-3680
-8660
-13416
-6487
3412
2303
-7579
-10049
-2126
3201
-1639
-6507
-702
7571
7057
704
-888
1926
139
-6468
-9548
-4635
894
239
-2632
-1077
3543
3884
-67
-2683
-1198
1454
1786
1262
2049
4054
3929
1516
322
1111
1839
1465
2420
4226
4569
2498
-678
-2164
-1572
-728
-1662
-2008
-142
1567
1555
689
205
-425
-688
-613
-160
1106
1822
797
-1014
-1695
-2187
-3127
-3682
-3751
-2913
-1136
441
296
-653
-958
-1114
-1014
-879
-745
-395
-332
-562
-1677
-2487
-3141
-4766
-6701
-3823
11898
29971
29664
9723
-4739
1461
9020
1606
-11829
-11489
777
5057
-2104
-6121
1152
2891
-9120
-16515
-4678
13394
14192
2354
-1434
8084
12740
1816
-9189
-8059
-2564
-5617
-9947
-4569
3406
1338
-9529
-13129
-5781
1027
-1185
-5211
-817
6130
6667
1672
-580
269
-1752
-5985
-7028
-1921
2769
1969
-1409
-2002
474
876
-1148
-3111
-1935
1028
2848
3624
3399
3591
2575
181
-1471
2119
8769
7645
1348
-767
1487
445
-2329
-2241
-2492
-1468
1251
2306
1448
2028
907
-3302
-2795
1278
2573
1360
1161
180
-655
484
-1518
-5031
-5100
-3128
-2564
-1305
678
-261
-1115
-947
-1917
-2269
-183
307
-1609
-835
680
335
-1172
-2764
-4321
-4723
-4303
-4674
5729
25601
31738
14239
-5196
-2582
8269
6738
-5961
-11318
-889
6703
440
-7776
-3215
1951
-6646
-15189
-6797
11907
17329
6572
-2904
1551
8784
2974
-6598
-7280
-1761
-2369
-6111
-3505
1009
-652
-9618
-14095
-8651
-597
1187
-1320
-78
2559
2683
295
-941
-1478
-3048
-3824
-2808
1029
3540
2540
-816
-3651
-3654
-1893
451
424
-659
-257
2393
4074
2382
762
240
270
187
4912
10813
8623
2160
-1613
-1468
-1947
-1104
-204
-1894
-1021
2136
3099
1509
664
-2094
-4341
-1395
2597
3236
2258
1529
-1523
-2228
-503
-1580
-3901
-4225
-3122
-2209
194
821
-1643
-2597
-1850
-2003
-1190
874
174
-1510
-998
-292
-646
-1148
-1780
-3378
-3773
-4030
-3651
9487
27702
28543
7693
-9063
-1967
9524
8131
-3322
-6047
2898
5399
-2796
-8557
-3047
-1824
-10567
-13492
244
15935
14873
3010
-3942
1123
4324
-60
-2786
-405
356
-5129
-5913
-785
350
-6853
-13975
-11625
-3818
1069
-45
-651
32
-1564
-3911
-2477
1827
1373
-2067
-3128
-21
3271
2775
-27
-3026
-3995
-3206
-193
2953
2898
27
-1875
-486
619
841
1777
2751
2353
2526
6376
8488
4871
-31
-2239
-1959
-517
1838
2088
121
-547
151
689
1335
891
-1873
-2501
359
2804
2381
805
-1267
-3229
-2171
-572
-1161
-2532
-3189
-3534
-2615
-465
-92
-1414
-1551
-1165
-916
221
448
-1169
-2253
-1590
-966
-565
-587
-1545
-3481
-4038
-5014
1772
20219
30104
17214
-6195
-8185
6538
13180
5209
-3913
193
4906
-95
-8439
-6103
-806
-5962
-12971
-5637
11573
15185
4256
-6772
-4750
2842
3890
2618
3078
3432
-2900
-7810
-4513
-701
-4592
-11685
-11209
-4816
761
143
-2379
-3927
-5460
-5905
-3140
2886
3927
1
-3067
-1849
560
1287
1279
-138
-1362
-1692
849
3492
2471
-1679
-4211
-1728
1267
2503
2201
2045
2950
5226
5991
3144
523
97
937
1405
2277
1888
312
-513
-1067
-801
1026
2767
1357
-250
457
1535
908
-343
-1247
-1890
-1163
-890
-1329
-1861
-2686
-4201
-4483
-2322
-729
-906
-1514
-1178
-958
-207
-343
-1191
-1071
-416
-219
-731
-525
-1183
-1907
-2776
-3795
-4969
5183
22794
25804
7675
-11250
-4266
12096
15287
4498
-1119
4680
4786
-4663
-10375
-2813
1511
-5574
-11097
-546
12499
8234
-5192
-11243
-2659
5118
5607
5011
5555
2526
-6158
-8742
-3341
727
-3617
-8182
-6854
-2999
-1928
-4913
-6547
-7404
-6379
-3778
881
3725
994
-2971
-4445
-2577
-462
2730
4232
2236
-1304
-1981
1265
2244
-138
-2735
-684
2308
2730
1667
883
-177
512
5025
6523
3924
471
411
824
1439
2538
1322
355
485
594
-48
1619
2242
212
-595
1488
2769
1144
-222
-2164
-2886
-1612
-604
-1132
-1684
-2356
-3976
-3801
-2238
-1773
-2657
-1749
-488
-551
-50
-568
-1626
-1966
-857
-345
-315
-27
-1056
-1524
-1756
-2267
-4374
4914
21133
22678
4173
-13115
-3334
14226
17002
5098
-383
4868
3992
-5509
-9177
663
4774
-2992
-9278
36
9920
3266
-8771
-11477
-1118
5873
5523
3452
2254
-1528
-7438
-6151
605
4199
-765
-5181
-6052
-5307
-4970
-5336
-5000
-6259
-5261
-2431
165
-1630
-5561
-5798
-2806
157
1285
4145
4644
487
-4430
-2807
3414
4802
1465
-1029
1007
2186
763
536
2307
2690
1770
2565
3186
2131
-88
-655
-302
1429
3195
2219
593
79
535
940
2602
3607
2511
1295
1297
595
-1008
-1066
-1210
-1608
-1781
-1639
-1997
-2746
-3366
-3926
-2784
-816
-959
-2442
-1766
-570
-399
-772
-923
-1030
-1397
-1091
-966
-422
-300
-537
-1460
-1351
-2408
1306
14806
20215
7352
-11781
-6972
13538
20434
9327
-1010
1482
3055
-2935
-6966
1604
8007
778
-8758
-4178
7502
3858
-7290
-9661
-145
6637
3669
-703
-2672
-4009
-6802
-4186
2772
5987
-386
-7116
-7095
-4720
-2782
-2214
-1516
-3907
-5998
-4703
-2734
-3938
-7011
-5618
-1296
1364
-137
-617
186
-1003
-3033
-576
6286
6969
1120
-3040
-866
1993
1586
1218
2573
4247
5460
3750
-954
-2670
-54
3873
5263
4632
1992
-2268
-3270
-559
1980
3528
3614
994
-1052
336
2885
2404
567
568
844
372
-1103
-3335
-4260
-3116
-1853
-1923
-1422
-1702
-3468
-5284
-4012
-449
997
429
-1365
-2166
-1442
-492
-781
-804
27
-173
-780
-1083
-1016
-3002
950
14600
18556
4290
-12448
-4393
15854
18967
5483
-1389
4873
5331
-3872
-6407
5558
10380
-1192
-10726
-2703
8842
1898
-9223
-6342
5487
6527
-2810
-6124
-2076
-902
-5306
-3953
2563
4130
-3807
-9049
-5492
-1474
-1380
-2894
-2098
-2990
-4939
-5134
-4050
-4193
-4624
-2408
-786
-2120
-4585
-2694
144
-263
-1348
1038
4788
2504
-2062
-1455
3275
4159
1610
2261
4816
2994
-68
1671
3330
2398
1370
2459
2763
1550
839
-204
191
2640
3222
765
394
1086
374
297
2303
2943
453
-382
-154
-687
-822
-659
-1590
-2456
-2100
-2476
-3231
-3125
-2905
-3338
-2484
-982
-1208
-1997
-1524
-1162
-1512
-731
224
-17
-687
-832
-941
-264
-18
-669
-2241
3993
14666
12415
-3012
-11556
3596
20100
15611
821
-1614
4785
3049
-3205
742
11326
7297
-6681
-9920
2169
8350
-2065
-8065
-365
6982
143
-8414
-5579
836
-750
-5180
-2064
2038
-1367
-8945
-7635
-153
2042
-2035
-5170
-4041
-3958
-4484
-3386
-1993
-3146
-4290
-3032
-2523
-3606
-3700
-622
835
-742
-1614
418
1772
-507
-1091
2405
4900
2185
-12
2409
4368
3465
3406
3962
2284
805
1716
2584
1979
1814
1288
-135
811
2890
2112
501
1130
1668
1264
1671
2033
286
-842
369
337
-937
-1421
-1447
-1902
-1857
-1732
-2508
-2883
-2537
-2790
-2776
-1594
-980
-1789
-2260
-1681
-1693
-1681
-778
-148
-458
-587
-352
-487
-123
87
-156
-1342
3912
12168
9323
-4129
-9240
6540
20004
12480
-1887
-1471
5923
3897
-1367
3458
11560
4720
-7660
-6974
5158
7856
-2951
-6424
1515
5023
-3894
-9316
-3221
2239
-1786
-5741
-1734
232
-5049
-9522
-3950
2685
330
-5671
-6227
-2700
-2679
-3989
-2731
-1124
-3389
-5651
-3729
-1415
-1713
-2949
-1279
177
-1229
-2581
-908
1300
847
518
1550
2087
488
211
2300
4409
6574
5576
959
-1771
1785
6355
6031
3489
1356
-1159
-1855
2289
4796
2598
79
24
791
1265
2434
1833
125
-84
278
-934
-1707
-984
-800
-974
-1345
-2399
-3931
-3523
-1814
-1247
-1498
-1859
-2681
-2969
-1804
-685
-380
-1057
-1516
-1753
-1404
-542
-119
-290
-74
423
200
-851
-861
6017
11411
4735
-7312
-5044
12222
17937
5367
-3469
3018
7576
1865
-345
7999
10598
-930
-7906
-196
9020
3798
-5808
-3101
4373
1236
-8278
-7542
803
1723
-5020
-5879
-1260
-2601
-7916
-6729
771
1953
-4482
-8032
-4867
-1772
-2724
-3161
-1592
-1919
-5062
-5261
-2012
-639
-2089
-2362
-161
-212
-2624
-2654
364
1666
104
-301
1149
1741
850
1927
3752
4172
3945
2779
1471
1902
4710
5481
3172
1666
1807
813
482
3192
4204
2116
277
778
1089
781
1538
1682
592
-385
-1017
-1975
-1529
-188
-310
-2007
-3181
-2908
-2573
-2039
-1420
-1527
-2276
-2660
-2388
-1453
-947
-1224
-1472
-1508
-1014
-890
-776
-606
-245
-94
-172
-310
-476
-819
23
5816
9578
3232
-6700
-3231
11942
15989
4494
-2909
3193
7297
2802
1669
8411
8988
-1387
-5984
1830
8496
2567
-4702
-1452
3808
-265
-7620
-5827
473
130
-5429
-5859
-2311
-3413
-7009
-5358
311
-78
-6023
-8143
-4344
-1590
-2801
-3165
-2027
-2732
-5229
-4544
-989
342
-1399
-2504
-1119
-840
-2181
-2035
460
1765
253
-758
141
1032
558
1370
4150
5728
3725
551
1020
4276
6099
4706
3040
2417
1351
656
2373
4956
4130
990
-394
929
2091
1838
1525
1171
55
-1564
-1909
-837
121
-353
-1649
-2513
-2934
-2988
-2557
-1486
-895
-1632
-3017
-3287
-2044
-925
-1015
-1713
-1532
-1265
-1413
-1256
-235
511
-136
-891
-904
-134
59
-412
-659
2111
6710
5596
-2162
-5414
4572
14754
10123
-924
-722
6966
6387
1271
4335
10497
5086
-4914
-2661
7228
7298
-1969
-4014
2116
2839
-4295
-6994
-1621
1149
-3149
-6652
-4170
-2376
-5511
-7450
-3385
739
-2372
-8004
-7826
-3047
-1351
-3392
-3819
-2461
-3144
-5106
-3720
-153
505
-1811
-2604
-965
-484
-1540
-1182
825
1265
-241
-527
849
1428
990
2133
4230
3970
1700
1264
3507
4889
4149
3399
3525
2806
1422
1846
3826
4384
2609
1226
1516
1904
1305
802
1054
898
-183
-1202
-1179
-782
-935
-1513
-1849
-1896
-2102
-2270
-2040
-1657
-1815
-2345
-2547
-2292
-1994
-1799
-1416
-1059
-1061
-1288
-1063
-436
-141
-341
-338
125
124
-382
-534
-186
-14
996
3540
4366
1028
-1789
2105
8430
8140
2698
1519
4994
4975
1673
2963
7679
6145
-794
-1960
3995
6051
843
-2156
929
2171
-2066
-4381
-1239
425
-3326
-6266
-3993
-1598
-3610
-6248
-5181
-3045
-3722
-5497
-5049
-3484
-3604
-4669
-4311
-3015
-2840
-3387
-2806
-1436
-1149
-1899
-1935
-990
-427
-630
-483
269
424
-388
-760
221
1378
1470
1148
1536
2205
2291
2338
3125
3918
3677
3076
3321
3994
3930
3352
3242
3424
3129
2584
2434
2416
2010
1529
1380
1202
688
236
87
-195
-746
-1007
-869
-1002
-1635
-2092
-2032
-2021
-2406
-2671
-2467
-2256
-2411
-2534
-2225
-1828
-1750
-1718
-1323
-853
-759
-811
-591
-355
-507
-693
-424
-70
-217
-554
-467
-75
224
639
1446
2260
2613
2626
2658
2878
3403
4144
4513
4083
3366
3155
3513
3948
4123
3904
3243
2476
2133
2187
2033
1372
466
-456
-1397
-2104
-2231
-2172
-2693
-3692
-4333
-4429
-4473
-4527
-4359
-4374
-4991
-5480
-4951
-3991
-3789
-4180
-4115
-3549
-3241
-3129
-2494
-1566
-1363
-1951
-2232
-1604
-696
-295
-416
-542
-278
301
784
1027
1415
2150
2719
2760
2802
3342
3879
3807
3540
3739
4118
4037
3630
3437
3467
3431
3353
3295
3011
2465
2040
1880
1651
1216
800
389
-182
-648
-712
-771
-1330
-2068
-2373
-2346
-2436
-2585
-2538
-2497
-2699
-2846
-2586
-2158
-1975
-1912
-1670
-1430
-1451
-1435
-1064
-766
-1027
-1356
-1033
-435
-414
-828
-852
-319
390
1173
2003
2487
2396
2217
2546
3378
4203
4454
4000
3433
3454
3957
4273
4263
4260
4060
3275
2408
2275
2507
2024
797
-223
-764
-1373
-2032
-2270
-2370
-3069
-4123
-4572
-4329
-4174
-4388
-4580
-4728
-5079
-5287
-4820
-4007
-3697
-3951
-4048
-3611
-2994
-2570
-2284
-2014
-1866
-1901
-1823
-1330
-690
-477
-677
-566
171
902
1076
1119
1576
2116
2281
2490
3225
3892
3742
3306
3568
4241
4327
3890
3823
4135
4029
3465
3214
3378
3250
2664
2205
2037
1670
1002
518
324
-39
-701
-1237
-1474
-1711
-2092
-2413
-2566
-2681
-2780
-2742
-2607
-2529
-2550
-2550
-2439
-2239
-2038
-1879
-1718
-1499
-1277
-1148
-1085
-1038
-1003
-938
-699
-328
-184
-457
-706
-292
736
1651
2016
2138
2313
2428
2596
3333
4482
4909
4144
3348
3616
4378
4591
4416
4371
3981
2877
2033
2256
2559
1722
285
-580
-1037
-1756
-2322
-2261
-2352
-3356
-4483
-4638
-4192
-4145
-4513
-4745
-4872
-5121
-5151
-4660
-4070
-3901
-3972
-3819
-3408
-2978
-2621
-2314
-2095
-1939
-1729
-1417
-1077
-784
-579
-414
-132
329
780
1021
1200
1555
1965
2228
2506
3022
3523
3632
3537
3744
4243
4560
4500
4327
4239
4139
4005
3897
3704
3268
2723
2339
2071
1679
1120
553
93
-230
-502
-955
-1652
-2198
-2223
-2061
-2303
-2827
-3028
-2880
-2847
-2886
-2589
-2193
-2322
-2734
-2559
-1835
-1505
-1786
-1828
-1267
-837
-1015
-1249
-1032
-719
-729
-777
-515
-262
-422
-608
-105
1019
1970
2332
2433
2596
2812
3179
3921
4692
4718
4001
3461
3615
4040
4332
4531
4402
3511
2356
2021
2398
2250
1177
51
-660
-1419
-2230
-2435
-2203
-2583
-3713
-4513
-4470
-4260
-4396
-4565
-4605
-4850
-5234
-5167
-4556
-4008
-3878
-3884
-3705
-3334
-2847
-2341
-1990
-1856
-1767
-1594
-1331
-949
-523
-326
-384
-245
338
943
1185
1357
1761
2134
2320
2745
3527
3987
3773
3574
3985
4527
4614
4489
4486
4322
3862
3642
3853
3795
3059
2286
2010
1799
1235
720
546
196
-621
-1276
-1310
-1305
-1808
-2344
-2379
-2322
-2666
-2989
-2763
-2378
-2424
-2639
-2478
-2125
-2079
-2208
-2089
-1790
-1655
-1647
-1514
-1308
-1231
-1236
-1165
-1020
-860
-681
-510
-385
-275
-126
67
440
1170
2017
2467
2459
2450
2723
3175
3761
4359
4467
3899
3362
3534
4070
4310
4274
4103
3432
2305
1682
1964
2104
1225
-51
-849
-1446
-2218
-2609
-2355
-2443
-3546
-4702
-4805
-4295
-4205
-4485
-4576
-4602
-4870
-4947
-4350
-3538
-3297
-3568
-3642
-3217
-2622
-2221
-2023
-1893
-1788
-1712
-1538
-1085
-503
-246
-405
-406
180
948
1317
1433
1741
2147
2411
2806
3550
4113
4011
3740
4015
4614
4834
4631
4433
4274
3953
3643
3603
3578
3141
2384
1773
1470
1266
963
537
38
-465
-894
-1184
-1359
-1526
-1828
-2274
-2616
-2630
-2458
-2466
-2698
-2835
-2709
-2518
-2438
-2366
-2237
-2214
-2319
-2246
-1847
-1493
-1541
-1716
-1522
-1063
-869
-1009
-1003
-681
-410
-328
-119
245
331
211
624
1722
2597
2655
2439
2591
2980
3401
4061
4707
4570
3735
3305
3761
4347
4447
4237
3752
2758
1778
1677
2071
1715
462
-671
-1288
-1861
-2337
-2275
-2189
-2953
-4130
-4511
-4072
-3845
-4118
-4332
-4429
-4749
-4962
-4492
-3726
-3516
-3821
-3905
-3552
-3096
-2672
-2254
-2064
-2208
-2286
-1922
-1317
-871
-650
-530
-389
-60
558
1241
1690
1941
2192
2487
2824
3312
3841
4062
3961
3979
4254
4400
4265
4190
4282
4151
3715
3432
3451
3318
2811
2333
2136
1884
1328
768
477
246
-190
-697
-1036
-1263
-1560
-1925
-2209
-2347
-2410
-2516
-2691
-2805
-2750
-2644
-2652
-2681
-2544
-2346
-2349
-2458
-2345
-2042
-1899
-1948
-1839
-1451
-1098
-992
-970
-852
-712
-602
-421
-115
121
105
-29
123
818
1783
2486
2731
2798
2896
3033
3360
4022
4582
4346
3505
3058
3397
3906
4123
4167
3930
3098
2119
1898
2278
2109
1019
-221
-1061
-1688
-2114
-2126
-2112
-2746
-3770
-4275
-4096
-3869
-3952
-4181
-4494
-4875
-4974
-4590
-4137
-4048
-4139
-4032
-3744
-3392
-2903
-2405
-2245
-2337
-2177
-1658
-1196
-964
-712
-404
-231
-51
450
1095
1426
1526
1825
2315
2666
2934
3387
3877
4092
4177
4435
4705
4678
4526
4571
4643
4411
4008
3746
3533
3155
2753
2527
2262
1703
1062
670
424
26
-491
-943
-1355
-1817
-2188
-2335
-2441
-2725
-3073
-3230
-3189
-3127
-3082
-3014
-2997
-3090
-3113
-2884
-2554
-2392
-2373
-2292
-2116
-1946
-1724
-1372
-1042
-891
-805
-604
-387
-307
-243
-20
268
457
598
733
809
986
1596
2479
3000
3009
2974
3155
3387
3755
4445
4917
4461
3578
3437
4064
4446
4247
3967
3550
2602
1680
1674
2038
1482
64
-1034
-1485
-1934
-2465
-2663
-2841
-3617
-4597
-4885
-4566
-4437
-4690
-4934
-5058
-5158
-5033
-4574
-4167
-4097
-4110
-3940
-3649
-3269
-2745
-2326
-2291
-2341
-1978
-1347
-929
-685
-323
21
179
503
1242
1919
2096
2157
2587
3159
3507
3825
4257
4466
4351
4400
4811
5054
4818
4532
4498
4413
4100
3867
3760
3385
2719
2258
2121
1824
1171
549
167
-236
-768
-1189
-1463
-1864
-2403
-2749
-2812
-2908
-3175
-3403
-3458
-3458
-3451
-3345
-3181
-3128
-3152
-3043
-2768
-2508
-2352
-2214
-2044
-1874
-1688
-1421
-1127
-934
-830
-647
-312
24
205
280
400
604
845
1142
1484
1691
1642
1620
2026
2736
3244
3377
3404
3442
3426
3590
4163
4676
4435
3689
3322
3508
3670
3577
3437
3056
2131
1174
960
1171
794
-278
-1262
-1866
-2418
-2889
-3015
-3156
-3845
-4756
-5085
-4839
-4713
-4931
-5144
-5208
-5266
-5204
-4825
-4363
-4184
-4181
-3959
-3451
-2917
-2515
-2200
-1912
-1605
-1218
-761
-340
-8
262
538
908
1402
1902
2244
2477
2808
3247
3621
3891
4157
4378
4453
4486
4644
4810
4754
4540
4382
4289
4114
3841
3554
3204
2722
2233
1876
1563
1110
544
33
-378
-750
-1104
-1430
-1781
-2196
-2578
-2816
-2951
-3109
-3319
-3499
-3605
-3644
-3618
-3533
-3423
-3321
-3209
-3034
-2810
-2571
-2334
-2083
-1812
-1536
-1265
-993
-712
-424
-124
171
444
702
957
1179
1322
1402
1496
1625
1758
1875
1947
1941
1870
1899
2174
2574
2823
2839
2776
2758
2838
3072
3412
3569
3317
2894
2707
2811
2910
2814
2527
2019
1346
779
524
336
-178
-995
-1782
-2371
-2821
-3162
-3408
-3738
-4247
-4725
-4904
-4835
-4790
-4849
-4911
-4899
-4805
-4578
-4207
-3838
-3566
-3319
-2960
-2482
-2000
-1580
-1219
-897
-580
-223
171
541
834
1072
1324
1626
1966
2299
2582
2793
2975
3153
3337
3520
3686
3797
3825
3809
3808
3816
3790
3716
3588
3391
3134
2858
2596
2319
1983
1592
1175
750
325
-71
-438
-812
-1206
-1592
-1930
-2217
-2468
-2679
-2857
-3006
-3120
-3174
-3154
-3090
-3008
-2902
-2760
-2583
-2375
-2143
-1903
-1677
-1458
-1222
-962
-694
-439
-197
32
246
457
673
882
1053
1172
1265
1353
1441
1517
1566
1580
1553
1497
1453
1440
1448
1434
1386
1319
1267
1264
1339
1444
1517
1522
1482
1457
1490
1570
1624
1576
1432
1256
1113
1020
932
779
508
162
-159
-396
-597
-841
-1156
-1517
-1854
-2110
-2280
-2419
-2600
-2825
-3022
-3125
-3132
-3094
-3076
-3087
-3079
-3002
-2835
-2613
-2393
-2213
-2037
-1823
-1545
-1224
-921
-666
-451
-238
13
298
578
808
996
1173
1374
1604
1834
2027
2173
2284
2384
2489
2585
2644
2653
2621
2570
2512
2437
2332
2197
2038
1862
1674
1474
1255
1024
786
554
335
116
-110
-335
-544
-727
-882
-1025
-1156
-1281
-1391
-1471
-1517
-1534
-1540
-1538
-1521
-1482
-1415
-1321
-1214
-1109
-1004
-900
-780
-641
-500
-365
-236
-114
12
141
270
403
524
621
697
766
834
891
931
938
921
886
841
798
750
681
582
473
379
303
242
186
123
56
5
-5
23
66
97
124
147
181
242
311
360
369
357
352
352
340
319
276
198
100
18
-53
-152
-281
-424
-563
-703
-836
-959
-1082
-1208
-1331
-1428
-1488
-1531
-1574
-1603
-1602
-1569
-1517
-1452
-1371
-1280
-1183
-1069
-937
-801
-668
-542
-410
-269
-131
0
125
241
345
445
550
657
752
836
912
984
1052
1119
1183
1232
1263
1284
1297
1297
1285
1265
1232
1183
1121
1050
978
900
815
725
634
541
447
355
270
188
106
28
-47
-113
-172
-228
-277
-321
-362
-394
-415
-426
-435
-438
-431
-415
-396
-378
-351
-322
-298
-273
-248
-227
-208
-196
-182
-167
-157
-146
-132
-120
-110
-104
-96
-82
-75
-73
-70
-62
-62
-70
-72
-73
-76
-84
-93
-97
-97
-102
-104
-99
-91
-85
-77
-61
-39
-11
27
68
111
154
197
242
290
336
377
413
444
472
492
506
513
506
487
465
439
398
345
277
204
122
35
-55
-149
-245
-343
-441
-529
-615
-686
-739
-795
-843
-873
-897
-899
-875
-866
-848
-815
-774
-711
-648
-604
-554
-497
-443
-375
-311
-251
-191
-135
-72
-1
65
127
190
254
311
359
412
461
500
537
564
578
599
617
629
636
624
605
600
589
571
555
518
484
461
426
391
355
310
270
233
196
161
119
73
38
5
-28
-61
-90
-112
-136
-158
-175
-188
-199
-208
-222
-229
-235
-242
-239
-237
-240
-240
-236
-223
-203
-192
-181
-166
-149
-129
-103
-83
-66
-48
-27
-6
9
27
42
56
65
77
89
97
100
101
101
102
97
93
88
82
71
58
49
40
24
7
-3
-10
-22
-34
-42
-50
-54
-57
-57
-58
-58
-58
-50
-46
-44
-40
-36
-31
-27
-22
-17
-13
-14
-12
-6
-4
-6
-10
-10
-10
-13
-17
-22
-26
-30
-37
-39
-43
-48
-55
-59
-62
-61
-65
-66
-65
-65
-61
-59
-52
-49
-44
-36
-27
-16
-11
-9
-4
6
12
14
19
25
30
34
33
36
38
37
39
44
43
45
46
44
45
44
45
42
39
41
42
39
39
39
38
39
37
37
39
39
40
42
43
40
36
33
32
30
27
25
28
24
20
20
23
22
22
21
20
17
16
12
12
8
4
0
-1
0
-2
-3
-6
-7
-9
-12
-15
-16
-22
-24
-24
-33
-35
-35
-41
-42
-45
-49
-47
-47
-51
-51
-49
-51
-53
-51
-46
-42
-39
-36
-37
-32
-27
-21
-16
-11
-7
-6
-1
4
4
6
7
12
13
15
19
22
26
26
27
27
31
31
32
33
34
35
34
34
34
33
32
27
22
17
19
17
13
10
6
2
-5
-11
-12
-12
-17
-23
-24
-22
-27
-34
-36
-31
-30
-37
-41
-35
-28
-26
-22
-20
-22
-27
-21
-8
-5
-6
-8
-6
-3
4
9
6
-5
24
113
126
8
-63
3
72
59
3
-20
-8
37
56
-8
-89
-56
64
104
23
-50
-24
11
-18
-47
-17
21
23
17
13
-9
-38
-23
19
39
45
56
44
-1
-26
1
37
38
26
43
55
32
-2
-12
-7
5
21
39
28
-18
-52
-46
-32
-31
-23
-16
-22
-34
-40
-39
-50
-56
-31
-2
-2
-21
-36
-36
-33
-28
-4
12
9
-6
-11
-6
-4
1
9
10
10
22
30
19
-2
1
20
31
28
20
17
13
4
3
8
15
18
21
12
0
-1
4
