SAMPLES:	7588
BITSPERSAMPLE:	16
CHANNELS:	1
SAMPLERATE:	16000
NORMALIZED:	FALSE
6
6
3
1
1
-5
0
-1
-3
-2
0
-2
-1
2
3
-1
-4
-7
-6
-8
-1
5
1
-2
-2
-3
-6
-3
0
4
3
1
8
1
-6
-7
-2
-4
2
0
-8
-2
-1
-4
-3
0
1
1
0
-1
0
-5
-3
4
3
4
6
6
7
7
1
2
9
6
3
-3
5
1
-1
0
-3
-2
-5
-2
1
-4
-4
2
-1
-7
-4
-3
4
-3
-3
9
1
-9
5
6
-3
1
8
4
9
0
-9
-15
-9
0
-5
1
3
0
8
2
1
-1
-4
-1
0
-5
-6
3
0
-3
0
-1
-2
-4
0
4
-3
-1
10
6
-3
0
-4
5
9
0
4
0
0
12
-2
-4
4
5
5
-4
1
-3
-10
2
16
-13
-10
14
-18
-1
13
5
-11
-26
4
8
4
-19
-25
-14
-7
7
27
21
29
19
26
19
-61
-6
0
-52
7
-8
10
7
4
2
-72
7
49
27
39
2
-51
-72
-42
-58
-39
51
61
-42
68
185
-33
-96
17
-33
-107
116
87
-52
20
57
53
-22
42
21
-134
-86
43
99
55
-70
111
101
-176
96
-4
-305
-156
-19
7
94
137
111
-8
-103
226
6
-224
-128
-72
142
152
-88
-39
120
-38
159
-14
-337
67
207
66
-132
-16
95
119
-44
-94
32
-221
-247
89
-44
-207
194
68
24
198
-50
79
36
-143
5
167
-101
-27
279
-133
-139
306
46
-168
80
77
-192
20
269
-121
-340
-115
135
-102
-355
-214
56
107
128
221
65
-22
5
88
124
-230
-72
67
173
98
12
66
150
68
-109
94
-229
-209
203
-122
30
15
-94
-151
-235
-6
531
299
37
124
-453
30
65
-343
-154
-110
12
213
440
347
169
-423
-171
407
229
-85
-83
27
80
-351
-708
-212
-404
-304
317
316
-107
-206
-49
-112
269
632
147
42
237
78
-18
-72
-171
-31
193
-8
-138
90
75
-216
130
351
75
-85
-371
-556
-18
-224
-491
-187
-59
-38
-84
326
164
-8
101
170
-12
207
216
-194
-225
-110
196
277
268
83
179
202
-69
-337
-564
-266
266
245
-7
-34
310
202
-4
153
-175
-63
188
-45
44
89
301
321
405
613
200
160
-13
-394
0
92
-341
-6
224
-160
-213
-278
-338
-287
-125
92
-41
299
532
396
-12
-233
-210
-456
-294
-4
41
-148
-81
24
98
-3
-198
-244
89
88
-51
375
562
-90
-691
-126
71
2
148
233
-20
82
-166
38
-137
395
3772
2789
805
799
-184
-1505
-1286
-1233
-1995
-1815
-1421
-854
-688
-1071
-931
-568
-328
121
-53
-423
-246
584
527
-130
122
576
717
350
-144
-307
93
558
540
760
1004
816
903
798
440
-19
-412
-1064
-1365
-919
-1046
-893
-335
-59
264
822
703
451
441
102
-181
336
226
227
1016
758
414
663
349
-418
-412
-556
-589
-173
-51
312
218
-380
40
618
485
103
-178
-131
35
292
68
-232
39
172
87
-77
-165
-49
-36
-171
-390
-327
43
74
184
263
630
744
170
-124
-484
-863
-559
-583
-563
-70
-88
-253
73
202
-196
-149
-259
-361
-225
-266
-27
27
-527
-504
-212
-361
-109
1
-359
-264
261
383
123
325
555
187
238
123
-517
-474
-220
-333
-212
-172
-285
16
-282
-26
674
482
250
450
327
236
562
575
195
308
716
349
-118
-342
-235
-6
-162
-283
-42
143
106
-62
-267
-264
-89
-131
-195
-59
4
-388
-359
-30
165
94
-11
-91
84
441
55
10
380
282
64
290
438
259
326
129
-452
-351
-110
-238
-300
-20
248
208
350
244
54
98
-184
-343
-222
-62
80
-99
4
210
146
-151
-189
-34
237
461
170
5
29
-310
-431
-269
-329
-24
164
-326
-616
-390
-665
-1197
-876
-421
-536
-525
-84
177
269
329
539
232
-196
148
518
401
642
811
386
37
169
408
571
653
348
41
91
207
50
-30
-142
-161
-6
-113
-386
-353
-400
-428
-189
39
333
467
298
378
608
235
-316
-416
-286
-301
-357
-583
-835
-714
-455
-158
-54
-222
-381
-468
-587
-453
-155
64
234
232
190
-50
-421
-507
-248
-158
-173
216
579
570
546
597
632
647
526
469
425
218
82
-84
-458
-411
-13
92
-31
-29
189
327
329
383
544
609
621
757
602
266
426
603
431
232
133
-54
-298
-218
-88
-26
-192
-456
-679
-770
-584
-414
-299
-94
53
-247
-539
-340
200
497
555
633
555
395
163
-228
-466
-424
-484
-575
-358
71
323
71
-224
-42
-21
-430
-709
-717
-575
-467
-522
-487
-250
-196
-567
-959
-1055
-690
-368
-196
287
645
623
337
139
330
467
-29
-383
-67
103
56
118
279
190
76
287
421
473
348
224
74
337
839
625
428
605
937
963
684
597
488
166
-248
-573
-714
-473
-135
-175
6
358
100
-250
285
1074
805
-39
-336
-258
-390
-557
-467
-149
326
638
195
-377
79
830
551
-153
-176
-67
-617
-895
-550
-273
131
424
255
44
489
751
-4
-567
-377
-379
-962
-809
258
858
663
436
381
314
323
-212
-1056
-1247
-943
-763
-787
-259
382
230
-126
-186
-107
-427
-769
-599
-338
84
602
775
709
942
1294
871
115
261
594
-62
-894
-811
-636
-1267
-1391
-780
-415
-139
105
303
321
668
841
492
865
1135
620
98
111
214
-278
-803
-732
-170
397
579
279
144
450
381
-12
-32
401
345
-260
-426
-169
88
124
221
263
18
-338
-681
-739
-422
139
441
471
948
1518
1436
748
279
228
159
-117
-564
-713
-745
-1098
-1501
-1279
-482
-33
-266
-106
448
824
577
30
-106
-206
-507
-693
-430
602
989
168
-448
-259
277
160
-319
-226
4
-127
-375
-393
223
673
327
-129
-72
221
62
-615
-159
680
1068
940
423
592
635
245
-293
-675
-598
-572
-1065
-1582
-1378
-651
30
178
675
1363
982
620
473
380
96
-362
-576
-561
-139
223
234
250
324
-71
-247
-40
-11
-73
-233
-432
-481
-196
171
272
453
737
397
-386
-787
-775
-723
-692
-442
-212
-56
380
803
697
436
280
-168
-527
-481
-278
-226
13
699
1158
958
583
456
320
248
246
-8
-506
-326
312
78
-74
109
-93
-493
-649
-352
-132
68
4
-308
-195
515
635
-119
-343
41
425
258
319
385
-138
-433
-783
-884
-490
280
746
764
876
790
431
-44
17
55
-179
-405
-441
-207
-297
-333
-386
-197
-25
-299
-341
-295
-64
60
-119
-231
-264
-215
-311
-318
-25
32
-175
-332
-117
383
623
451
78
-197
-421
-590
-549
-78
315
208
0
-253
-566
-853
-1004
-778
-361
281
721
806
1026
1171
1034
393
-410
-770
-909
-740
-374
-30
197
230
152
158
222
268
476
453
318
-232
-827
-782
-544
-103
157
512
840
488
272
243
502
736
497
97
-154
-156
-106
-513
-667
-149
85
238
146
293
637
436
492
329
207
131
-308
-263
20
373
510
388
719
1303
1616
1837
2021
2129
2098
1936
1885
1924
1839
1792
1594
1229
970
522
-71
-776
-1325
-1677
-2279
-2748
-2919
-2946
-2835
-2798
-2566
-2180
-1857
-1641
-1459
-1193
-1044
-1232
-1651
-2006
-2161
-2327
-2641
-2644
-2436
-2231
-2227
-2374
-2160
-1939
-2036
-1851
-1514
-1132
-758
-488
-102
122
38
-163
-250
-133
124
133
245
806
926
577
360
139
-98
-273
-340
-578
-859
-1216
-1650
-2237
-3295
-3404
-4719
-6363
-7579
-8152
2413
20445
31733
28564
21175
24053
23768
11864
-1169
-6412
-6644
-12581
-18072
-16511
-11404
-6849
-7643
-8706
-6385
-3991
-5761
-9931
-7460
-481
2861
3106
5792
11167
13879
12970
10781
7860
2627
-4312
-10206
-13440
-12951
-12025
-12664
-12595
-9985
-6365
-5398
-5015
-2996
-768
560
861
2807
6205
8526
9469
9511
9669
8314
4549
351
-2464
-3917
-5547
-7070
-7198
-5479
-3285
-1998
-1123
150
1286
1104
455
759
1882
2522
1795
1311
1343
1012
228
-799
-921
-497
-271
-57
589
1738
2787
3307
3263
2902
2047
223
-1912
-3453
-4131
-4615
-4927
-4320
-3095
-2043
-990
-200
26
-580
-1586
-3102
-4319
-5188
-1018
15300
30194
32074
22969
18460
22013
14288
-1193
-11007
-10909
-10089
-16561
-18077
-12137
-5282
-3828
-8360
-7752
-4159
-4542
-9590
-11092
-2101
6580
8728
10099
14696
18489
15528
9577
4773
-75
-7024
-14225
-17196
-15454
-11953
-10681
-10390
-8733
-6473
-5397
-6227
-5786
-3814
-1793
266
2659
7373
11936
13784
13287
11258
9080
4786
-715
-4877
-7097
-7295
-7585
-7713
-6548
-4700
-3063
-2329
875
5305
6755
5672
4435
5499
5169
3058
1157
-860
-2229
-3472
-4078
-4207
-3174
-1009
-146
829
3389
5381
5154
4377
4340
3171
969
-1368
-3761
-5690
-6240
-5778
-5516
-4534
-2786
-1664
-1034
274
1991
2313
1741
1403
1090
694
245
-573
-1648
-2851
-3054
-3490
4444
20909
28829
22966
11203
11383
13754
3220
-8151
-11067
-4889
-3733
-9810
-9345
-3789
1048
-3769
-11342
-9001
-4710
-6473
-12227
-8314
5276
12079
10682
9853
13048
13394
6683
109
-2045
-2703
-7267
-12689
-12250
-6768
-3907
-6687
-8848
-8386
-7857
-9020
-9621
-6362
-1831
2066
4503
7163
11393
12770
10679
7107
4429
2256
-1560
-4545
-5662
-4912
-3366
-3414
-4255
-4820
-4604
-4684
-5121
-1025
5855
9943
10164
8807
8657
6052
1208
-2782
-5641
-6607
-6436
-5486
-3958
-1257
1644
1800
1446
3125
4521
3699
2706
3005
3093
2143
308
-1772
-3868
-5445
-6244
-6434
-5192
-3238
-2132
-1701
-393
1640
2113
1785
1357
665
75
-460
-1232
-1757
-1899
-2011
-2628
1101
15970
28277
26626
14624
8759
13343
8477
-3960
-10581
-5817
819
-4312
-9231
-5845
-209
-2457
-13474
-15269
-7692
-4696
-10179
-11599
1148
13643
13945
9250
9890
13457
8888
-701
-3858
-499
-998
-7777
-11105
-6760
-2293
-5723
-11725
-12826
-10777
-10499
-12134
-9207
-1852
4037
6003
6589
10001
12034
9263
5045
2618
2526
1087
-1417
-2329
-1660
-665
-1701
-4230
-6469
-7383
-7382
-7883
-5259
4871
13051
12511
9002
7455
6140
111
-4616
-5122
-5704
-5052
-3466
-1896
-419
1540
2215
-722
-506
3499
3827
1661
2709
5151
3621
788
-540
-3176
-6138
-6648
-6393
-6341
-4130
-1856
-2281
-1856
1035
2597
909
239
725
-779
-2181
-1685
-1501
-1110
-259
7033
23036
32583
27390
11306
6906
12185
4161
-9022
-11878
-1431
3795
-4852
-9018
-4931
-646
-7964
-20424
-18097
-6624
-2749
-9541
-8450
8110
18857
13233
6141
9202
12292
4531
-4761
-3653
3284
2451
-5940
-9657
-4280
-1898
-9952
-16950
-15923
-11814
-11716
-12623
-6553
2251
6869
5813
4943
8475
9594
5952
2220
2995
6066
5342
2828
1866
1654
-117
-4246
-8012
-9771
-9559
-8887
-8355
-5781
1387
12282
15345
11477
8055
5394
1784
-4260
-4510
-2331
-2662
-1775
-824
-52
-628
-908
-2091
-4183
-351
4407
4243
3270
5277
5720
1788
-833
-2038
-4945
-7697
-7577
-6366
-5114
-2321
-1205
-1942
-1008
1426
1515
-404
236
740
-1344
-1901
-317
542
810
1936
13149
28269
31353
18715
4207
7458
10146
-953
-10162
-5766
5827
3158
-7655
-8965
-3997
-4050
-16200
-23032
-13086
-1153
-2577
-9699
-2216
13198
14883
5282
3018
9501
9307
293
-3858
3332
8783
2415
-6799
-7493
-2566
-5962
-14910
-17157
-13042
-10161
-12021
-10404
-2605
3530
3814
994
2674
6725
6469
3779
3699
7576
9519
7219
4829
3464
1410
-2683
-6697
-8770
-8599
-7481
-6969
-6208
-1050
9369
11754
6178
2143
1373
231
-3905
-1924
1632
1038
1079
521
-510
-1703
-1214
-1924
-4100
434
5991
5074
2567
3865
3739
-643
-2417
-2145
-4325
-6432
-5702
-5716
-5547
-2276
-1512
-3363
-2382
651
452
-1596
-286
386
-1785
-1169
1405
2602
3589
15002
29691
31073
19591
5641
5763
8213
158
-8384
-5899
5669
4666
-7077
-10516
-5871
-5902
-17486
-22654
-12088
-411
-842
-7085
-1986
9986
11663
3251
1116
8407
9654
1937
-1503
5659
10249
2781
-6416
-7463
-3673
-6280
-13138
-14456
-10697
-8551
-11379
-11139
-4587
360
-400
-2547
471
4982
5268
3653
4374
7974
9624
7948
5926
5011
3597
-108
-3838
-5652
-5344
-5096
-6117
-5988
-2577
2678
5031
2651
628
430
-492
-1355
152
2984
3432
2426
1637
556
-301
-851
-1443
-1569
352
3235
3596
2197
1650
871
-1504
-2826
-2432
-2732
-3872
-4368
-4332
-4464
-3510
-2348
-2672
-2376
-985
-506
-1275
-1396
-423
-353
22
1082
2328
4046
14087
28215
30059
18481
5669
6239
8558
1492
-4882
-2094
6643
4546
-6301
-10394
-7775
-8489
-18270
-21825
-10920
216
-935
-7273
-3412
5752
5962
-420
588
8926
10576
4419
2098
8106
11029
3405
-5331
-6148
-2580
-4916
-10370
-10476
-7643
-8155
-12278
-12605
-7541
-3756
-4409
-5360
-1678
2797
3322
2020
3114
6522
8037
7578
7476
8118
7205
3847
534
-1641
-2004
-2439
-3873
-3412
676
3672
211
-4355
-5303
-4865
-5308
-3897
312
2443
2580
2608
1880
632
810
1866
1281
2290
5288
5046
1833
268
166
-1785
-2894
-1513
-1654
-3448
-4050
-4205
-5606
-5215
-3236
-2898
-2861
-1447
-632
-1696
-1910
-1548
-2302
-1466
1063
3155
3593
9922
24324
30190
22279
7819
4377
10618
8198
1277
751
8751
9146
-3518
-11689
-10518
-9057
-16281
-22322
-14439
-1913
-117
-8497
-9678
-1498
1873
-2543
-2378
7371
13114
8529
3220
6404
10856
5802
-1926
-3023
1187
1020
-4554
-7215
-6577
-7589
-12522
-15109
-11048
-5941
-5049
-6498
-4614
-1357
-977
-2081
-1449
2152
5095
6275
7461
9066
9359
7164
5019
3778
3929
4318
3067
2745
2122
-866
-5395
-8116
-7558
-6980
-6237
-4838
-3038
-2029
-1983
-1489
-921
778
3365
4804
5561
6799
6487
3471
1479
1010
409
-109
-59
-418
-2194
-3879
-4979
-5632
-5442
-4218
-2929
-2681
-2042
-1883
-3028
-3700
-3622
-3382
-2734
-440
1858
3386
5977
15788
26496
24645
12087
3540
9475
14316
9383
5534
9155
12833
3865
-8477
-10913
-7405
-9124
-17232
-17082
-6798
-1211
-8774
-16622
-12010
-4646
-4822
-6027
1504
10619
9569
2899
2088
7612
8316
3101
939
4926
8008
3592
-2179
-3804
-4346
-8245
-12014
-9829
-5673
-4758
-7100
-8302
-6738
-6155
-6944
-6499
-2809
1013
2369
3340
4500
5118
4739
4497
4890
5924
7495
8288
10230
10092
6300
825
-3358
-3626
-3934
-3517
-3049
-4016
-5813
-7487
-7413
-6868
-4905
-1860
446
2610
4848
5231
3022
2012
2153
1931
2300
3445
3013
21
-1897
-2842
-3508
-2928
-1704
-1397
-2395
-2437
-2670
-3818
-4261
-3553
-3351
-3731
-2733
-1172
-542
89
1617
6494
17344
23435
17072
5356
4394
12868
13726
9266
9405
13986
11935
750
-6240
-4403
-2192
-7808
-13671
-9402
-2301
-5372
-15296
-17163
-10880
-7747
-9591
-6592
1743
4519
-58
-3618
5
4943
4534
2552
4609
9158
8177
2899
370
707
-496
-3831
-4015
-1518
-1062
-4049
-7274
-7765
-7340
-7597
-7778
-6265
-4063
-3036
-2870
-2031
-86
939
1146
2396
4775
7603
8856
8206
6423
4410
2920
1731
2091
2741
1456
-831
-2691
-3794
-4397
-4585
-4074
-2906
-1852
-1081
-431
-79
-92
-266
-79
375
1115
1090
24
-646
-1077
-1171
-669
91
301
-163
-385
-900
-1306
-1383
-1598
-1464
-1619
-2357
-2519
-1377
68
786
1465
8735
18163
17162
6336
-723
6855
14480
12036
8435
10859
13420
6124
-3230
-3420
2429
1842
-6031
-8080
-1978
-353
-9601
-16507
-12826
-7349
-8152
-9244
-3889
49
-3493
-8986
-7245
-310
2460
1070
916
4069
5005
1719
-282
1462
3370
1771
288
1637
2607
-236
-4268
-5046
-3586
-2820
-3242
-3028
-2880
-3569
-4183
-4207
-3007
-2095
-1458
-950
-190
954
1819
3689
5055
4163
1432
216
1561
2815
2827
2021
1001
-480
-934
-610
-338
142
-38
-676
-790
620
1305
232
-566
-463
-533
-1302
-1481
-1628
-2387
-2780
-2246
-1657
-1320
-772
-1107
-1908
-1792
-1255
-1459
-1648
-1118
-658
-90
689
2142
3277
7711
15590
16668
8249
861
5519
14056
14133
9850
9470
11127
6724
-667
-1895
2676
3215
-3177
-7157
-3667
-865
-7243
-14216
-12449
-7061
-6694
-9072
-6889
-3669
-5781
-10157
-8465
-1791
1539
-35
-1555
-19
1439
594
-133
1851
4273
3551
1476
1287
2320
1125
-1184
-1507
-196
326
-630
-1530
-2187
-2649
-3092
-2878
-1597
-702
-939
-2033
-2557
-2056
-1384
-963
-610
-158
69
-141
-347
145
320
243
922
1530
1491
1296
1113
1010
1444
2082
2211
1980
1423
550
-37
32
378
150
-673
-1420
-2109
-2876
-2974
-2215
-1485
-1506
-1897
-2277
-2590
-2554
-2784
-2420
-1449
-170
911
3257
8759
12774
10276
3918
3619
9972
14714
13970
12096
12145
10211
5528
2561
4629
6969
4019
-1133
-2702
-1154
-3306
-8736
-10579
-7744
-6691
-9127
-9934
-8654
-9075
-11738
-11980
-7747
-3433
-3008
-4612
-4402
-2992
-2094
-1355
719
3331
3849
2469
1792
2972
3535
2652
2503
3427
3439
2080
1403
1238
553
-349
-126
655
38
-1539
-2980
-3711
-3865
-3138
-2435
-2567
-2977
-3386
-3679
-3329
-1833
-680
-517
-343
333
571
349
927
1823
2042
1866
2192
2301
1572
1066
955
1102
1277
1056
190
-625
-730
-617
-749
-767
-525
-909
-2212
-2766
-2538
-2627
-2706
-2300
-1539
-495
486
3628
7304
7968
4677
1897
5266
10051
11862
10954
10411
10096
7975
5908
6755
9543
9453
5582
1981
1718
1193
-2209
-4589
-4390
-3836
-5651
-7777
-8523
-9094
-10531
-11861
-10462
-7673
-6880
-8555
-9673
-8928
-7575
-6045
-4066
-1472
-18
-110
-672
44
2051
3204
3641
4252
4983
4505
3737
3994
4204
3850
3398
3985
4100
2399
29
-1129
-1231
-1446
-1472
-1698
-2779
-4334
-5062
-4926
-4288
-3250
-2936
-3237
-3377
-2598
-1570
-1056
-274
641
650
304
1125
2009
2140
2249
2288
2014
1765
1738
1287
520
276
730
517
-245
-408
-553
-1100
-1218
-1024
-1774
-2592
-2480
-2172
-1437
-451
2701
6193
6664
4246
1477
3287
7321
10082
9715
8904
9124
7294
4682
5179
8319
8973
6457
3729
3054
2768
214
-1706
-1329
-125
-1691
-4714
-5929
-6379
-7803
-9676
-9039
-6967
-6577
-8356
-9906
-9686
-8878
-8153
-7219
-5097
-3630
-4125
-4735
-3815
-1718
-208
910
2127
3079
3110
2573
3349
4727
5369
5004
4724
5071
5108
4117
2524
2200
2219
1423
245
-195
-951
-2711
-3800
-3644
-2892
-2842
-3416
-3800
-3687
-3569
-3195
-2223
-1494
-1152
-1326
-1444
-799
392
868
593
875
1224
1009
912
1477
2044
1994
1657
1378
1310
1144
805
480
190
-304
-986
-1625
-1854
-1538
-1890
-1761
-343
2951
5544
5529
3037
513
2522
6965
9815
9773
8909
7659
5387
3855
5061
8321
9180
6408
3102
1819
1486
353
-273
-42
371
-1314
-4383
-5735
-5568
-6234
-7381
-6661
-5477
-5847
-7867
-9535
-9496
-8552
-7697
-6657
-4885
-4420
-5477
-6400
-5722
-3399
-1363
-279
367
966
691
437
1556
3378
4642
4433
4142
4228
4551
4579
4396
4077
3547
2857
1871
1525
1285
304
-938
-1436
-1607
-2082
-2442
-2766
-2828
-2913
-2901
-2458
-1944
-1799
-1981
-1985
-1822
-1325
-961
-801
-610
-497
-421
-89
499
1178
1664
1412
1012
1095
1214
1496
1960
1825
961
83
-415
-643
-705
-943
-1283
-871
129
2617
5516
5723
2360
-413
1417
6041
9375
9423
8345
7196
4846
2567
4036
8277
9763
6971
3209
1598
1223
188
-412
603
1347
-931
-4114
-5174
-4886
-5435
-6723
-6502
-5228
-5305
-7159
-8492
-8322
-7855
-7459
-6679
-5279
-4679
-5549
-6640
-6158
-4225
-2442
-1521
-1064
-760
-717
-479
376
1903
3112
3756
3700
3624
3960
4291
4257
4016
4022
3795
2957
2148
1873
1253
385
118
-11
-682
-1290
-1288
-1554
-2220
-2317
-1883
-1658
-1780
-1812
-1784
-1550
-1308
-1413
-1564
-1390
-1166
-1148
-1022
-299
668
804
288
296
724
1033
1309
1733
1999
1712
925
61
-121
62
262
56
-276
-155
1157
4002
6214
5209
1052
-684
2585
6661
7999
7919
8035
6182
2539
1340
4786
8908
8764
5259
2426
1616
670
-307
503
2375
1777
-2016
-4840
-4644
-4051
-5241
-6060
-5137
-4670
-6192
-8023
-8063
-7155
-7200
-7659
-6813
-5462
-5307
-6038
-6557
-5698
-3948
-2888
-2508
-1511
-502
-975
-1595
-896
986
2800
3313
3221
3666
3964
3274
2942
3893
4731
4140
3091
2601
2273
1664
1139
1213
1101
385
-411
-1003
-1296
-1435
-1263
-1036
-1006
-1036
-1169
-1661
-2034
-1719
-1620
-1742
-1206
-787
-1193
-1199
-488
-258
-291
38
291
361
640
1034
1364
1567
1264
758
497
671
853
544
42
100
267
1584
4881
7171
4951
381
-371
3095
6349
7169
7697
8078
5536
1278
453
4360
8115
7964
5111
2841
1708
-21
-1139
382
2936
2200
-1805
-4496
-4229
-4046
-5240
-5169
-3900
-4285
-6557
-8112
-7874
-7178
-7104
-7285
-6578
-5681
-5878
-6565
-6573
-5639
-4516
-3924
-2828
-1129
-486
-1421
-1873
-726
654
1634
2754
3746
3681
2769
2320
2864
3597
3861
3854
3576
3046
2466
1915
1680
1712
1549
797
258
391
150
-631
-921
-672
-654
-1038
-1379
-1195
-1106
-1555
-1798
-1439
-1012
-992
-1066
-965
-657
-242
-162
-164
289
650
457
486
819
1096
1014
863
920
1062
949
770
692
461
124
857
3971
6662
6124
2161
-62
1848
4261
5293
6590
8214
6966
2551
-440
1610
5580
6774
5463
3991
2719
52
-2167
-1171
1814
2835
111
-2857
-3659
-3679
-4740
-5106
-3612
-3035
-4922
-7084
-7339
-6743
-6605
-7133
-7108
-6076
-5698
-6244
-6409
-5665
-5115
-4944
-4273
-2883
-1486
-1119
-1206
-1001
-248
583
1504
2685
3466
3293
2634
2429
2587
3089
3636
3877
3622
2906
2190
1661
1609
1827
1847
1580
1215
845
272
-130
-243
-401
-637
-733
-707
-846
-1173
-1489
-1395
-1102
-923
-721
-455
-342
-392
-359
-241
161
768
1117
1154
1268
1274
1053
987
980
977
864
654
728
707
435
-290
562
3726
5959
5089
1590
352
1885
3074
3426
5160
7524
6504
2324
-388
1323
3990
4487
3902
3774
3273
602
-1748
-1202
1090
1630
-539
-2180
-2205
-2455
-3941
-4576
-3661
-3390
-4960
-6545
-6128
-5331
-5601
-6532
-6842
-6413
-6252
-6194
-5675
-4760
-4245
-4342
-4612
-4027
-2711
-1796
-1245
-513
319
541
689
1307
2159
2958
3175
2958
2831
2983
3065
3039
3106
3156
2912
2589
2326
1984
1789
1613
1283
885
641
579
358
-41
-402
-507
-530
-718
-906
-859
-690
-488
-394
-502
-225
136
45
159
656
928
890
981
1178
1408
1687
1502
1200
1179
981
529
432
567
496
253
-229
-675
-953
838
3659
4913
2998
-52
-109
1299
1893
2476
4801
6450
4421
637
-473
1802
3433
3205
2944
3492
2923
367
-1178
-309
1428
945
-1186
-1955
-1400
-1999
-3687
-3941
-3216
-3657
-5521
-6303
-5261
-4600
-5241
-6119
-6246
-6264
-6417
-6187
-5247
-3908
-3439
-3873
-4126
-3576
-2631
-1747
-939
23
826
980
1029
1515
2227
2654
2947
3059
3067
3158
3233
3144
3014
2872
2617
2320
2091
2051
1893
1453
1086
908
619
438
460
348
112
-109
-283
-321
-246
-119
-64
-118
-285
-251
-22
186
580
922
928
707
602
718
986
1349
1511
1360
1080
854
616
446
488
355
178
-33
-359
-649
-880
-1344
-1338
809
2974
3192
1090
-314
417
972
903
1753
4285
5321
3272
813
996
2450
2558
2164
2502
3356
2572
582
-168
682
1241
-209
-1695
-1582
-1203
-2200
-3392
-3251
-3149
-4394
-5936
-5893
-5016
-4839
-5401
-5913
-5743
-5702
-5843
-5455
-4355
-3343
-3087
-3261
-3236
-2550
-1695
-1089
-332
792
1612
1517
1472
1866
2421
2845
2978
3131
3242
3067
2616
2481
2716
2641
2233
2055
1931
1464
1203
1066
939
850
687
426
96
137
148
-16
-55
-92
-177
-88
25
180
455
414
421
564
550
658
1028
1360
1327
1163
1134
1000
973
1156
1179
1046
869
581
346
153
-99
-256
-439
-696
-872
-1136
-1482
-1930
-1651
26
1730
2039
452
-478
314
893
625
1272
3346
4194
2661
933
1252
2338
2314
1829
1933
2582
2083
680
98
670
905
-547
-2062
-2271
-1871
-2203
-2952
-3012
-2946
-4041
-5556
-5632
-4832
-4430
-4464
-4523
-4372
-4396
-4485
-4261
-3477
-2522
-2039
-1818
-1641
-1146
-392
56
402
1170
1878
1976
1965
2161
2366
2366
2248
2256
2281
2288
2158
1920
1668
1397
1105
937
931
837
612
479
288
190
372
315
140
226
226
90
313
656
572
643
764
749
900
1017
1087
1262
1369
1242
1161
1161
1193
1083
976
994
823
665
517
315
172
-4
-215
-380
-397
-472
-753
-864
-883
-1197
-1499
-1574
-1583
-1850
-1968
-730
1192
2048
1121
-90
327
1247
1076
763
1840
3342
3228
1663
1104
2174
2641
1671
787
1100
1494
594
-431
-154
530
-271
-1969
-2600
-2132
-2115
-2805
-3059
-2745
-2804
-3644
-4163
-3615
-3015
-3029
-3177
-2974
-2579
-2410
-2384
-1943
-1153
-699
-732
-750
-280
212
337
468
915
1267
1109
788
810
976
981
800
593
576
606
425
280
335
363
284
172
270
580
734
656
664
824
856
852
986
1184
1223
1327
1377
1377
1418
1256
1163
1300
1336
1173
1227
1241
1064
938
893
695
558
540
343
272
234
46
-252
-429
-465
-438
-451
-500
-497
-580
-613
-628
-606
-662
-668
-583
-567
-646
-725
-759
-887
-1102
-792
389
1454
1445
624
336
629
518
255
735
1732
1945
1233
685
868
995
699
394
415
644
464
100
54
341
227
-556
-1102
-1105
-900
-872
-965
-992
-1071
-1525
-2047
-2002
-1728
-1573
-1632
-1782
-1856
-1822
-1649
-1611
-1544
-1269
-1139
-1317
-1368
-1039
-685
-710
-920
-911
-772
-687
-624
-395
-127
-35
-74
-70
-3
239
612
765
923
1158
1213
1189
1288
1407
1375
1488
1557
1489
1412
1323
1214
1143
1149
1067
997
819
665
695
730
700
509
363
384
262
118
241
332
245
281
277
238
346
371
279
341
447
379
299
398
501
389
233
264
228
-29
-205
-254
-295
-380
-604
-805
-835
-959
-1169
-1233
-1216
-1164
-881
-443
54
258
152
153
217
280
462
764
1053
1283
1258
1038
1012
1107
1123
1102
1103
962
765
629
465
314
134
-104
-407
-635
-770
-925
-1084
-1146
-1345
-1679
-1900
-2080
-2174
-2096
-2050
-2131
-2153
-2081
-2024
-1858
-1619
-1417
-1279
-1143
-997
-793
-592
-473
-295
-73
87
169
264
403
557
670
736
823
863
826
803
830
794
757
695
555
476
496
483
413
417
393
336
306
337
443
535
569
641
691
607
765
1002
1001
1009
961
923
968
988
974
984
982
1005
942
785
706
708
648
461
365
337
161
68
-7
-90
-150
-333
-451
-436
-410
-426
-404
-335
-340
-484
-481
-337
-367
-364
-303
-287
-203
-233
-333
-361
-212
-231
-303
-144
61
125
19
-23
-1
-28
-62
18
164
189
86
-134
-197
-127
58
134
40
-93
-182
-246
-389
-418
-323
-443
-615
-614
-575
-590
-660
-607
-492
-559
-568
-541
-624
-697
-716
-702
-780
-886
-886
-866
-904
-910
-834
-710
-680
-720
-710
-775
-808
-712
-634
-470
-325
-123
-57
-5
117
138
139
329
577
611
847
971
987
1139
1192
1105
1134
1233
1221
1304
1238
1230
1307
1285
1101
1113
1082
995
1082
1190
1121
955
888
570
741
907
788
652
644
349
276
585
312
216
259
180
63
144
110
7
20
-144
-196
-413
-520
-489
-555
-508
-544
-723
-824
-697
-889
-950
-918
-1197
-1108
-955
-949
-1085
-1029
-1075
-923
-799
-768
-666
-670
-454
-502
-678
-566
-313
-415
-244
-11
-106
-191
-6
-8
8
29
73
134
120
197
213
167
71
76
-50
-43
170
99
-79
107
77
-16
-69
-195
-139
-81
-18
-17
81
-60
45
24
-108
63
111
-53
85
87
65
122
230
330
384
203
187
240
291
412
514
405
295
466
386
511
514
438
504
544
436
434
534
482
358
300
269
293
371
479
324
268
251
301
390
412
402
162
114
236
189
44
48
11
-53
-23
-164
-201
-292
-177
-308
-453
-417
-365
-415
-647
-610
-519
-424
-587
-597
-732
-765
-504
-326
-386
-224
-124
-301
-277
-442
-337
-121
-16
-152
-129
-116
-267
-67
-81
-195
-210
-236
-27
20
226
223
24
87
-359
-286
-5
-141
-46
211
-160
-121
62
-186
53
5
87
55
129
-78
148
230
29
204
168
164
202
269
-90
-22
221
184
203
123
217
239
250
283
383
369
373
383
215
452
420
252
327
453
278
238
218
255
145
83
94
240
204
225
218
78
-108
-80
194
45
21
-64
-169
-179
118
-176
-189
-81
-437
-654
-205
-29
-258
-31
-105
-230
-407
-157
-416
-388
-354
-283
-174
-288
-215
-233
-200
-132
-251
-61
109
-75
-172
-205
-117
-197
-103
-219
-153
34
-46
-219
-189
-177
-219
-129
10
-83
-147
-68
-91
90
104
424
173
80
193
42
-31
6
325
394
364
316
51
49
45
109
178
-59
-213
-20
-133
-34
375
344
44
-10
89
1
282
385
43
-29
214
108
238
271
33
172
274
360
349
247
-26
190
396
454
450
281
260
448
258
-6
148
85
-79
-100
-6
-77
-130
-94
-207
-438
-470
-311
-476
-265
-274
-496
-524
-521
-646
-388
-67
-410
-390
-226
-315
-415
-179
-362
-135
52
79
119
5
-237
-61
11
-62
179
274
251
238
12
-143
37
-231
-351
6
131
-95
101
3
-25
-180
-181
-6
-98
-97
-28
21
166
264
2
-176
17
22
213
246
294
230
-52
-96
-28
219
385
442
330
366
428
88
-226
-30
-19
101
496
451
256
382
158
-113
57
140
1
76
194
60
4
110
205
190
-37
246
1135
662
393
383
1
-122
174
64
-259
-7
-321
-609
-454
-570
-803
-408
-306
-537
-634
-622
-389
-406
-78
151
-272
-96
81
-269
-421
-289
-136
-24
-233
115
128
-183
-95
21
-36
-76
206
-49
-104
-95
-297
-334
200
57
-143
298
272
24
236
48
-102
138
123
38
-71
8
20
5
-66
-117
-23
-132
-148
-32
-93
-26
156
249
102
231
129
335
347
158
-30
243
-17
-87
148
131
438
351
158
-156
90
20
-207
165
-66
-34
398
326
295
152
-100
13
56
69
191
282
-55
-233
116
247
190
144
234
509
81
79
194
-43
6
243
448
236
-85
-21
1
-469
-160
131
-451
-225
-93
-354
-473
-381
-292
-449
-469
-231
-235
-213
-253
-702
-728
-488
-406
-344
9
-14
-129
-128
-292
-618
-388
-181
-359
-6
87
125
232
155
-209
-293
171
164
406
390
167
471
385
114
242
398
253
43
199
167
168
209
494
282
-8
51
103
283
197
133
63
266
28
-30
6
-305
151
243
37
342
24
-336
-350
-225
5
279
176
135
314
1
-172
-218
-31
-164
-59
133
338
396
30
-136
272
69
73
327
238
-144
-185
13
-77
227
122
-54
152
164
97
-183
-145
-289
-401
-116
126
30
179
230
-88
-407
-439
-390
-63
-142
-295
37
-77
-203
-218
62
-262
-225
-368
-403
-88
-271
-180
-451
-317
-150
49
117
-23
2
-51
-326
-421
9
-233
-92
78
53
90
208
228
89
-129
-54
56
-161
-12
190
55
413
246
197
461
166
198
88
40
16
465
511
409
170
137
45
60
211
303
301
119
-36
192
-47
-353
-28
173
107
239
-44
-216
-182
-376
-232
-46
170
27
313
75
-112
-109
-176
-171
-194
-55
-53
416
117
202
401
-61
114
132
115
205
-59
-312
-164
-29
60
69
-72
-209
232
68
-346
-106
11
-267
-234
72
-158
-189
-7
-193
-109
-196
-53
-204
-112
76
-200
-171
146
96
-102
-35
46
83
198
136
-114
-259
-422
-378
-100
101
75
215
156
156
-265
-481
-252
-231
-307
-180
196
121
-230
-233
-326
-260
-77
-88
-34
66
-42
-40
134
-5
64
245
317
133
256
493
256
280
493
290
56
194
382
220
223
529
214
-92
-92
-125
-343
-179
78
24
327
379
72
-23
-57
-146
-83
7
221
281
217
38
195
174
120
-3
64
282
398
424
-61
-167
-352
-264
40
-224
-453
-48
-80
-88
-52
-98
-226
-355
-394
-255
-130
-416
-300
-316
-431
-341
-17
65
34
107
-1
-45
-143
-135
100
-83
-106
130
216
37
200
192
54
-102
-46
191
189
-11
88
167
-235
-201
-122
64
-192
-95
-97
-82
-307
-13
-93
-657
12
24
-194
-48
-182
-48
337
-168
40
273
82
373
312
44
16
196
159
264
91
1
465
185
-9
96
-309
-251
113
85
162
323
70
20
374
217
70
-165
-132
107
524
460
402
96
-301
-128
-54
-9
36
97
27
258
184
197
175
35
-96
-41
-145
-191
21
55
311
570
92
-212
-37
-325
-746
-638
-505
-420
-185
58
-198
-277
-108
-282
-471
-383
-382
-406
-207
58
102
-118
225
256
-55
-109
56
-182
-27
270
170
-45
147
183
-114
87
391
105
-26
312
-13
-225
142
132
-279
-156
220
41
232
462
10
-130
-92
-174
-218
-38
-280
-337
53
283
172
50
135
-138
-106
-206
-15
98
37
-17
59
209
306
144
-187
34
51
-78
10
128
130
221
262
214
248
232
129
1
-180
-261
18
-24
-231
277
55
14
321
357
237
62
-248
-286
39
-115
-67
396
426
224
110
-83
-237
-293
-324
-149
106
10
-49
147
-51
-240
-140
-185
-454
-401
-369
-214
315
274
243
240
129
-13
192
82
-116
-130
-107
39
0
-15
-61
-281
-402
-335
-231
-348
-406
11
60
-209
-362
-81
-61
-95
225
233
-41
-321
22
405
148
-200
107
343
43
155
11
-177
65
85
168
3
263
233
93
-45
65
35
-275
92
370
180
229
310
274
111
112
-76
-70
41
37
-286
171
-180
685
2041
619
-135
-212
-493
-909
-359
-437
-558
-276
-110
-117
-137
-409
-496
-447
-358
-311
-166
282
217
32
374
204
42
29
-37
-70
23
78
-75
-35
-88
60
112
120
167
419
537
186
105
192
-102
-241
265
111
112
532
564
370
384
126
-276
36
-83
-451
-334
-458
-299
-17
-146
-230
-67
-162
-220
-433
-426
-398
-387
-162
170
374
431
147
-286
-26
-37
-531
-77
247
-204
-215
137
125
-180
-265
161
253
30
163
29
-190
-16
123
4
197
444
61
-99
12
-76
-95
-181
58
15
-60
88
-15
-19
297
-114
-210
28
96
-109
-72
86
228
54
-205
-45
86
77
263
549
372
323
283
141
210
441
120
-129
-111
-190
-75
114
79
-64
-177
47
164
-160
-338
-427
-271
-204
-59
-92
-11
212
180
-25
-96
-195
-515
-154
129
-73
-156
233
236
117
-11
-153
-13
65
84
59
62
93
216
-35
-43
49
-213
-307
-74
134
-76
-8
93
26
-97
-164
-122
-162
-125
-198
28
-127
-235
-1
16
-139
53
147
-88
-30
60
-37
-33
59
197
193
128
99
51
-167
-265
-96
28
-16
29
134
108
-155
-205
27
-94
-310
119
260
-20
355
320
21
291
426
336
345
335
121
13
195
14
-196
-138
113
-180
-383
-153
-58
17
-19
-38
-9
-219
-281
74
59
-363
-131
366
138
-95
255
227
-69
-206
-16
178
21
-122
59
-127
-539
-343
-6
22
-16
-14
61
44
-347
-251
-128
-109
137
362
72
-196
14
29
206
108
-21
199
442
253
-190
-140
-104
59
268
102
8
-39
-47
-124
-69
-392
-560
-339
46
434
139
-138
-155
-230
-34
-18
-291
-55
115
-61
-6
269
-37
-131
222
9
172
254
-145
-181
481
638
272
272
272
161
101
227
363
308
-89
377
315
-340
-110
-304
-588
-266
-58
233
150
114
-91
-379
-186
-42
-355
-492
-64
111
294
246
-206
-557
-388
-24
-24
-33
-62
-123
-23
-83
5
33
27
469
443
53
-47
139
247
156
262
216
75
160
199
55
-10
32
140
143
-20
-233
-356
-203
-171
-118
-3
-259
-420
-355
-186
-158
10
121
-206
-117
12
-310
-401
-37
-48
72
96
-53
81
170
21
-271
-70
14
-75
329
565
238
158
-9
-124
3
-172
-248
-73
82
81
50
210
29
-129
99
45
-153
-242
-345
-11
519
557
438
270
59
-189
-36
20
-150
294
447
297
232
218
123
55
-6
-140
-80
30
19
18
189
157
196
253
60
-4
11
-12
34
90
39
149
158
-144
-168
-97
-400
-346
-9
-230
-265
-109
-228
-219
-170
-170
-264
-404
-236
61
-76
-126
39
208
185
71
115
62
-163
-156
34
-184
9
407
362
149
213
37
-285
-22
29
-103
109
320
166
-144
-315
-265
50
131
4
13
10
-5
-146
-336
-256
-227
-325
-117
183
139
61
77
-63
-223
37
158
-139
-182
-12
245
111
63
271
198
30
-36
-40
20
226
17
-56
97
152
94
-46
-9
17
35
90
208
159
71
4
-24
-5
86
214
374
452
150
59
-18
-379
-377
-57
94
-60
-1
50
-38
67
-116
-73
149
-265
-306
44
-68
39
366
171
32
367
283
-107
-87
93
37
-136
-119
37
71
11
-40
-143
-193
-57
-92
-368
-354
-242
-192
-131
-25
144
91
-57
-173
-86
52
-46
-171
-202
-67
31
39
231
325
125
-95
-50
141
106
30
67
-8
-114
-101
-57
-76
9
185
159
4
-81
-74
-22
-117
-101
156
221
176
28
-60
65
48
-58
-31
30
91
112
80
90
-43
-104
-3
-35
-114
-89
-138
-269
-92
67
80
133
173
111
-52
-205
-273
-139
40
204
311
338
276
173
27
-144
-108
-13
60
106
200
254
131
-41
-85
23
44
83
49
-74
-58
-67
-96
-48
-68
-87
73
137
61
33
-108
-279
-335
-337
-314
-147
45
49
-44
-181
-345
-393
-358
-402
-343
-123
9
87
187
177
87
-43
-117
-48
27
94
215
304
269
183
105
94
137
150
213
218
92
74
87
-108
-182
-38
-28
15
156
73
-72
7
-26
-174
-120
31
160
250
208
122
122
67
-31
-39
-2
-13
-26
44
139
170
156
74
-85
-159
-113
-92
-96
-66
-10
48
71
21
-51
-97
-80
-44
-37
55
152
116
100
68
-61
-152
-194
-96
114
162
68
13
-16
-95
-184
-211
-176
-84
-5
21
29
-5
-10
-7
-84
-90
-42
-39
-11
-9
-48
-86
-107
-86
-80
-59
8
22
-53
-75
-19
-66
-144
-98
-83
-91
-9
-19
-90
-19
38
-84
-129
7
53
19
70
111
67
23
5
21
77
117
115
114
111
52
9
25
32
59
99
95
87
60
12
-49
-145
-169
-65
8
26
95
155
86
-24
-66
-61
-1
63
64
107
201
219
181
184
164
82
27
-28
-89
-52
22
61
104
147
180
146
35
-30
-14
-42
-91
-96
-113
-102
-41
-12
20
43
-14
-82
-121
-168
-164
-131
-143
-148
-116
-111
-115
-85
-75
-87
-79
-72
-46
16
42
-15
-80
-105
-130
-145
-115
-62
-12
13
9
0
-11
-44
-86
-78
-23
26
64
82
62
43
35
27
56
123
142
122
121
96
44
31
31
4
-12
-10
10
30
18
9
1
-53
-93
-62
-57
-80
-17
47
3
-45
-20
-15
-9
69
142
150
147
131
74
15
-7
15
46
40
42
78
88
57
40
30
-10
-44
-50
-59
-59
-23
15
18
9
8
-16
-34
-33
-29
-15
1
-5
-21
-17
-29
-59
-55
-50
-60
-46
-24
-32
-32
-7
-8
-33
-45
-26
-7
4
15
42
57
47
34
7
-20
-39
-47
-59
-60
-46
-26
-2
14
38
50
34
2
-25
-47
-59
-55
-27
21
54
60
55
50
29
10
0
-4
-4
5
8
-4
-22
-33
-32
-39
-42
-20
-9
-22
-28
-27
-33
-40
-32
-8
6
4
12
16
6
-5
-4
1
2
14
30
37
44
55
60
49
41
40
40
40
39
45
50
37
27
31
25
16
14
27
25
13
9
7
-10
-26
-28
-32
-36
-38
-30
-26
-29
-24
-21
-23
-21
-14
-12
-18
-19
-12
-14
-16
-16
-15
-11
-11
-6
0
4
5
4
-1
-7
-9
-10
-9
-11
-11
-11
-11
-7
-5
-2
1
-5
-11
-14
-20
-23
-15
-6
-1
1
6
10
5
0
-6
-10
-8
-5
6
13
13
14
11
4
-3
-2
0
-2
-1
-1
1
5
5
7
11
9
3
2
1
3
4
8
10
7
8
3
2
1
4
5
5
4
5
9
9
11
16
17
10
6
7
7
2
-6
-8
-7
-3
1
5
10
12
8
5
-6
-11
-11
-12
-10
-9
-5
-4
-4
0
6
8
6
9
6
2
-3
-7
-9
-11
-13
-9
-6
-7
-5
-6
-8
-11
-14
-15
-18
-23
-24
-21
-19
-16
-11
-9
-7
-9
-9
-7
-7
-7
-8
-4
0
0
2
4
4
4
3
-1
2
8
10
10
12
12
8
7
9
8
9
10
7
5
1
0
-1
-2
1
1
4
3
3
1
0
2
3
4
4
8
12
9
9
6
7
10
12
15
18
17
15
12
9
10
9
6
8
7
7
3
2
-2
-4
-4
-3
-2
-2
-2
-5
-7
-11
-11
-13
-11
-8
-8
-8
-6
-8
-9
-10
-12
-10
-8
-7
-9
-8
-12
-9
-5
-5
-5
-6
-8
-9
-7
-6
-5
-5
-7
-9
-7
-7
-7
-7
-5
-3
-2
-1
2
-1
-2
-3
-2
0
1
3
3
1
2
3
4
6
8
7
8
8
7
6
5
8
8
10
7
6
1
2
3
1
3
4
7
7
9
9
7
6
5
4
5
7
5
8
9
7
8
5
5
4
3
3
2
4
3
0
-2
-4
-5
-8
-9
-9
-8
-3
-5
-5
-4
-8
-6
-4
-7
-6
-2
2
-3
-2
-1
-1
0
4
6
8
10
9
10
7
8
10
6
5
3
2
-1
-6
-9
-14
-14
-12
-14
-17
-16
-17
-18
-18
-16
-15
-10
-9
-8
-5
-4
-2
-3
0
4
3
7
5
6
6
2
2
1
1
0
0
-5
-6
-4
-8
-6
-7
-7
-5
-7
-6
-3
-2
-1
0
0
5
2
3
8
7
9
11
13
10
12
10
10
11
13
14
16
15
12
12
12
10
13
11
8
11
10
12
9
4
5
3
2
2
-1
-3
-4
-4
-5
-5
-6
-8
-6
-6
-6
-8
-7
-7
-6
-3
-5
-6
-3
-4
-3
-2
-5
-5
-4
-3
-3
-4
-5
-2
-4
-5
-4
-4
-5
-5
-6
-6
-8
-7
-9
-7
-7
-6
-6
-7
-7
-6
-1
-2
-1
-1
0
2
5
-1
2
5
4
3
6
8
6
4
4
2
3
3
1
1
-2
-1
-3
-3
-2
-4
-3
-2
-2
-4
-1
5
5
6
8
8
10
11
13
12
12
13
11
13
14
14
13
13
13
11
10
9
8
4
4
4
3
1
-2
-2
-4
-4
-7
-7
-7
-7
-9
-8
-9
-9
-6
-8
-7
-6
-4
-5
-8
-5
-5
-7
-7
-6
-3
-2
-3
-5
-4
-3
-1
-3
-4
-4
-3
-5
-2
-3
-2
-3
-5
-2
-3
-3
-1
-4
-4
-3
-4
-4
-5
-3
-3
-1
1
1
-2
1
0
4
4
2
3
4
4
3
4
7
5
6
6
7
7
6
8
3
7
6
5
5
3
5
3
0
3
-1
0
0
-2
1
-1
0
3
3
2
-1
4
4
2
7
2
5
4
4
5
3
4
