SAMPLES:	8387
BITSPERSAMPLE:	16
CHANNELS:	1
SAMPLERATE:	16000
NORMALIZED:	FALSE
-1
0
1
1
-3
0
0
-3
-3
1
1
0
0
0
0
-1
-2
-2
1
-2
-2
1
3
4
4
3
1
4
2
3
0
1
0
-2
-1
-1
2
3
-1
-2
0
2
1
-1
1
1
1
-2
-5
-6
-4
-4
-1
-3
-2
2
-4
0
1
-2
0
3
0
0
2
-1
1
-2
0
-1
0
1
1
3
2
1
1
-1
0
1
2
-4
-2
-3
0
1
-4
1
-2
-1
0
-1
2
4
2
2
3
4
5
2
4
4
3
4
2
-2
-3
2
0
-1
-2
0
-2
-2
-2
0
1
2
2
-3
-1
0
-2
-1
-1
0
3
1
0
-1
-2
-4
0
-1
-5
-2
-2
1
3
1
1
1
-1
-4
1
3
1
2
1
5
2
3
4
1
0
-1
0
1
0
0
-2
-2
-2
-3
0
-2
0
-3
0
-1
1
0
-2
-2
1
-1
-1
2
-3
0
-2
-3
-1
-5
0
3
0
0
2
0
-1
2
-1
-1
1
3
2
-1
1
0
3
-2
0
2
1
2
2
0
1
2
1
1
2
-1
1
0
4
3
0
-1
-2
1
-2
0
-4
-1
0
1
4
2
1
-1
1
-2
-1
-2
-3
-1
1
3
-3
-2
-1
-2
0
3
2
1
-1
2
3
1
3
3
2
2
-1
-1
0
0
0
-1
3
1
1
3
1
2
1
-1
-3
1
3
3
5
4
2
2
0
3
0
-4
-5
-3
0
-2
-1
-1
-3
-5
-7
-5
-3
-3
-3
-1
-2
-3
1
3
-1
-3
-5
-3
-2
-2
-1
0
-1
-1
-3
-3
-2
-2
-2
-4
-1
-1
-2
-1
-3
3
7
7
6
1
-1
2
2
3
4
2
6
3
2
2
1
-3
-4
0
1
0
-1
0
-1
-2
-1
-1
-2
-1
-5
-1
3
3
4
4
5
3
4
3
3
2
-1
2
3
2
2
3
2
6
1
0
2
3
4
3
2
0
-2
-3
-4
-4
0
-2
-2
-3
-2
-2
-2
-4
-4
-5
-6
-5
-6
-7
-6
-3
-1
-2
-5
-2
-3
-4
-6
-2
-2
-2
0
-3
0
1
5
5
1
6
5
2
5
2
1
1
3
7
7
6
1
-4
-2
0
0
-2
0
4
0
-2
-2
-1
-1
-1
-3
-3
1
0
1
2
1
2
2
4
1
3
3
4
2
-1
-1
0
4
5
-3
0
0
-2
-1
-1
-3
-5
0
-1
-2
-1
-3
-2
-2
-1
-1
-2
-1
3
7
6
4
5
3
0
2
-1
-4
-1
1
1
1
1
2
-3
-2
-1
-2
-3
-1
-2
-1
3
0
-3
-4
-4
-5
-3
-5
-1
-1
0
0
2
1
-4
-1
1
1
0
2
6
4
1
2
2
2
-1
2
0
-1
1
1
-2
-1
1
3
3
5
1
-2
1
1
0
1
-4
-5
-6
1
5
1
-2
2
-2
-3
-2
-2
0
1
3
4
0
-2
0
-4
-2
-4
-4
-5
-5
-5
-4
-1
4
2
3
6
2
2
2
0
-3
-1
0
1
0
1
1
4
-1
-3
-5
-2
0
-2
2
0
5
5
5
3
1
-1
0
-2
1
2
0
1
0
-1
0
-1
1
1
1
2
-1
2
8
6
1
1
0
-1
-3
-2
2
3
4
6
7
3
-2
-4
-5
-4
-7
-1
-2
-8
-8
-5
-2
-2
-3
-4
0
2
-1
-1
0
-1
-6
1
6
3
-2
1
4
7
6
3
4
2
5
5
4
5
5
4
3
2
-3
-3
-1
-1
-5
-4
-2
2
-1
-4
-6
-7
-9
-6
-2
2
-3
-2
-2
-2
-2
-3
-5
-2
0
-2
0
-1
1
1
1
-1
3
2
3
3
5
-1
1
2
0
2
1
0
4
2
1
0
-4
-2
-3
-5
-5
-4
-5
0
1
-4
-1
3
5
5
3
4
0
2
3
4
1
7
7
6
4
0
0
-4
-4
0
1
4
5
1
5
14
6
5
2
-1
1
1
6
3
3
2
2
-2
-4
-3
-12
-12
-6
-3
-3
-4
-2
-4
-9
-8
-6
-2
-1
-2
-4
-6
-2
-3
-6
-7
-6
-6
-4
-2
0
-1
-1
8
2
-6
4
10
4
6
4
3
-2
-1
-3
0
2
0
6
1
2
-2
3
3
6
1
1
1
-3
2
5
7
6
-1
1
-3
-4
5
0
-3
-5
2
-9
-8
-2
-2
-5
-6
-3
-1
6
5
0
4
10
8
8
12
5
4
0
1
6
0
-3
-7
-7
-3
-1
-3
-3
-2
0
2
-2
-3
-2
1
0
-4
-3
3
7
3
3
5
5
-1
3
6
-1
-3
-1
-5
-8
-5
-1
-5
2
5
1
-2
0
-4
-7
-1
-5
-7
-6
-7
2
0
-7
-10
-6
-5
1
-2
-3
2
-1
0
5
11
5
-3
-8
1
8
9
10
3
-1
1
7
5
0
1
-6
-5
1
-6
-5
-4
-3
0
3
-5
-4
3
4
2
0
8
1
-4
12
11
7
13
3
1
15
8
4
-2
-5
-3
2
5
-6
-2
-19
-20
-13
-9
-14
-19
5
-2
10
20
20
24
14
22
5
-4
-7
-11
-8
-17
6
-2
-18
3
13
15
-1
-7
-9
-27
-29
-17
-13
-14
-2
-1
6
26
21
-5
-6
-18
-28
2
0
-1
15
11
9
10
2
-14
-9
-2
-20
5
19
26
19
26
30
0
27
20
-13
-21
0
5
10
24
-12
0
7
-15
-12
-4
-28
-30
6
-5
-6
28
19
-13
-12
-1
-6
-28
-11
11
-18
-37
-3
7
-4
22
13
-47
-38
37
30
-1
34
39
18
25
26
6
-39
-23
-19
-22
-8
-1
20
4
1
20
12
-14
-11
-10
-10
-29
-52
-27
2
20
11
37
54
-37
25
30
-57
-61
7
-6
2
36
10
11
27
30
-17
2
9
15
56
-31
19
-3
-9
-11
-44
-55
13
37
-57
-64
10
47
-53
-27
41
2
-48
-60
-6
6
78
65
22
51
62
24
30
56
-19
-15
75
83
49
9
-25
-83
-101
-22
18
-12
-46
55
28
-92
-14
23
-83
-55
81
-11
-85
-5
40
-22
-28
-11
-160
-3
100
-2
-39
12
163
54
56
51
-157
-110
-38
-117
-75
-27
-36
118
205
102
-36
-190
-105
77
-14
-33
31
-68
-55
88
59
-2
53
87
67
193
183
-114
-129
-9
-70
19
176
160
33
74
-108
-188
91
134
61
16
193
-34
-155
-36
-203
-193
-259
-87
-77
-9
97
-116
-11
165
68
82
177
167
-33
-20
-66
-198
-161
-48
-85
-3
289
203
56
197
133
-13
98
-63
-281
-92
8
-98
-269
-168
-40
-99
-17
-70
175
323
96
106
-75
-19
208
38
5
-2
-32
-70
79
-16
-255
-6
-110
-36
130
31
109
-211
-212
-23
-35
78
147
-104
-101
77
136
294
182
18
6
61
-31
-92
-116
-186
69
225
-61
-309
62
8
-102
261
-222
-375
362
456
64
-91
9
-67
243
-38
-384
-30
-130
-36
17
-155
-135
202
211
509
328
-110
-148
75
-114
-256
-319
-71
242
91
-98
176
146
-231
42
-2
-254
-43
153
88
-162
-388
-315
-271
-259
58
134
209
167
367
400
115
169
-83
-225
-207
110
87
-136
-11
-595
-861
-147
-63
-141
331
490
213
218
433
188
-173
-334
-408
-197
180
222
58
299
-82
-270
-150
-7
59
248
258
39
-227
166
-233
1450
3352
516
-122
955
-96
-1127
-195
-788
-1701
-1022
-502
-567
-532
-412
-706
-807
-491
-470
-9
617
709
110
518
629
131
161
310
105
-306
376
460
-99
251
411
-393
-136
521
-45
-545
163
176
-6
802
308
-485
-260
-633
-1471
-672
375
255
941
1098
123
406
422
70
318
731
442
149
813
191
-538
-737
-642
-499
-458
-376
-288
-344
-174
-70
-499
-310
29
-158
-169
148
-67
-252
41
430
203
23
120
-6
379
530
-45
-413
-483
-490
-496
-9
251
-265
-13
484
642
569
383
140
-163
-155
-253
-63
103
-134
-213
-60
164
265
207
-257
-342
-531
-494
-21
-210
101
7
-99
103
-123
-177
-281
-226
-84
-623
-405
-114
17
-140
-253
-270
-594
-177
247
547
523
52
-247
-66
29
-388
-486
34
261
537
628
565
630
314
-12
296
284
120
83
-183
-71
485
406
410
501
500
824
439
81
575
743
448
376
198
-59
-185
-398
-397
-561
-840
-582
-307
-99
399
587
277
114
312
6
-470
-363
-493
-617
-505
-723
-96
-24
-478
-350
-247
-60
-66
-82
-121
-115
34
75
38
166
-73
-297
2
-171
-244
96
36
175
212
106
-149
-272
-563
-687
-266
71
-95
-421
-310
-267
-239
-200
296
613
416
314
130
-49
190
203
147
167
187
220
243
91
156
284
-95
447
742
260
418
403
40
292
267
159
247
42
-103
-78
-177
-526
-673
-855
-1049
-511
101
138
314
630
733
374
174
164
-37
-205
-221
-356
-342
7
-32
-112
8
-53
64
-4
-125
284
195
-74
-152
67
6
-2
667
922
624
290
-38
-236
-235
-382
-402
-163
2
106
267
101
1
88
14
-256
-534
-406
-239
-416
-627
-572
-591
-654
-354
-194
-254
-184
41
7
-198
-38
127
-174
-227
310
592
368
456
568
146
-95
-299
-594
-401
-225
-414
-359
155
494
433
344
371
519
575
401
516
1035
953
332
62
-56
53
526
656
376
162
73
-151
-455
-660
-712
-373
-102
-52
161
344
356
505
351
-173
-212
117
8
-372
-331
-122
-165
-435
-486
-444
-531
-236
303
318
283
706
832
418
209
371
354
-143
-418
-145
-301
-515
-265
-390
-879
-813
-215
-83
-307
87
638
323
-436
-584
-149
-51
-246
-289
-495
-594
-483
-814
-1230
-1256
-1099
-895
-795
-312
650
1116
835
528
609
796
566
-31
-547
-816
-850
-864
-940
-818
-512
-230
-35
162
665
1093
1143
1314
1414
1251
938
469
527
996
1019
816
632
427
311
227
175
193
447
738
676
592
706
834
771
508
397
495
476
272
183
219
70
-176
-240
-111
121
149
-134
-324
-601
-1001
-1109
-1222
-1411
-1308
-966
-668
-505
-224
262
487
145
-468
-899
-819
-552
-893
-1453
-1229
-653
-648
-743
-147
641
710
288
67
-7
64
326
75
-310
289
964
495
-261
-247
-3
-377
-938
-939
-671
-475
98
818
957
852
850
631
443
722
845
163
-614
-733
-677
-800
-493
255
604
429
380
663
962
1250
1439
1076
464
294
266
-98
-583
-776
-709
-863
-1064
-672
-146
-249
-493
-349
-316
-434
-171
167
290
624
974
814
593
766
809
277
-361
-533
-515
-526
-153
246
178
268
758
1013
726
162
-143
-112
-149
-300
-560
-1067
-1116
-349
196
212
372
751
895
569
306
474
557
415
202
-118
-121
135
-31
-306
-225
-311
-739
-827
-561
-452
-519
-413
66
528
849
1318
1423
942
593
330
-142
-637
-1042
-1369
-1615
-1588
-1083
-450
-152
2
103
-2
-26
130
368
606
519
383
364
-10
-648
-910
-882
-1083
-1479
-1409
-576
146
288
487
942
1151
945
650
508
396
116
-509
-1065
-1121
-951
-800
-737
-581
-338
-331
-347
-205
-22
215
568
688
442
515
1070
1217
683
383
183
-292
-427
-359
-323
-392
-304
253
286
305
808
627
100
11
481
761
305
197
848
1234
1182
980
491
284
150
-28
-1
-296
-21
296
-152
-235
183
839
1162
1369
2101
2975
3530
4039
4479
4291
4128
3678
2740
1953
1327
881
-18
-999
-1639
-2372
-3149
-3593
-3704
-3885
-3957
-3840
-3358
-2650
-2018
-1499
-1349
-1257
-1319
-1794
-2300
-2601
-2750
-3013
-3327
-3506
-3362
-3103
-2999
-2818
-2514
-2010
-1745
-1663
-1432
-1104
-696
-599
-568
-386
-191
-67
-170
-239
-155
-37
222
556
1038
1599
1864
1796
1693
1718
1701
1764
1880
1946
1800
1584
1408
960
597
202
-457
-448
129
508
211
-527
-1021
-1739
-2305
-2858
-4234
-6291
-9249
-11584
-9774
1564
19016
30738
31254
29547
31974
29692
19448
7386
-1208
-8782
-17927
-23831
-24023
-19463
-13344
-10148
-9561
-7789
-3934
-2051
-2958
-2716
-779
-574
-2143
-1130
2997
7300
9378
8532
6265
3718
1064
-3061
-8109
-11257
-13047
-15113
-15982
-12559
-6858
-3202
-1471
430
2567
3165
2807
2565
2444
2588
2369
1888
2362
3804
4106
1907
-791
-2064
-2770
-3662
-3956
-2952
-1304
-75
649
1436
2641
3449
2580
620
-601
-878
-1311
-1801
-1539
-626
5
269
901
1985
3247
4020
3883
3541
3759
3954
3335
2311
1631
910
-676
-2371
-3262
-3405
-3218
-3280
-2941
-1992
-1033
-640
-1048
-1102
-1354
-2388
-4543
-6577
-8713
-8479
2586
20533
31848
29096
23006
25184
24299
12766
-1441
-9094
-12090
-18386
-23507
-21938
-14731
-7040
-4859
-5489
-3985
-771
-691
-3826
-3971
-866
484
-721
1152
7672
13637
15438
12705
8115
3216
-2210
-8197
-14054
-16816
-17220
-17682
-17101
-13003
-6131
-1375
193
1144
2404
2875
1978
1659
2750
4484
5745
6048
6760
8038
8431
6269
2333
-1222
-4138
-7000
-7972
-4576
-279
1470
1087
920
1590
786
-615
-2146
-3113
-2335
-1215
-208
1351
3830
5031
3566
1998
1799
1866
1296
1032
1341
1616
1448
558
-180
-521
-895
-2350
-4239
-4566
-3825
-3187
-2671
-1497
69
795
1084
1578
2001
2031
1174
6
-1271
-2145
-2905
-4009
-5139
-5708
-6431
-2893
11978
28280
32533
23252
17434
20794
15638
1187
-10732
-12259
-11085
-16367
-19295
-14640
-5115
169
-3414
-5838
-3546
-1884
-5968
-9368
-3932
3397
5327
4737
9264
16894
19206
14760
7244
854
-5380
-12449
-17947
-19669
-17339
-15425
-14336
-11066
-5288
17
1313
747
784
1475
2001
1937
3636
6970
9946
10695
9317
8116
6186
2418
-2880
-7651
-10352
-11980
-12559
-11537
-7874
-2990
408
2127
4902
10666
13901
12949
10647
8789
6179
722
-3089
-5025
-6346
-7038
-7941
-7408
-5201
-1601
804
1736
4210
6772
7179
6028
5963
5790
3358
-218
-3596
-5730
-7150
-7852
-7846
-6676
-3951
-1575
61
1930
4201
5318
4194
2689
1870
967
-669
-2704
-3954
-4501
-4824
-5512
-6001
-5840
-3251
9039
23892
28970
21307
13903
18515
18186
6103
-6513
-8423
-3545
-7602
-14651
-14013
-5941
-739
-7372
-13220
-10366
-5465
-7487
-11833
-4903
7452
12023
8666
9212
17230
20190
12924
2749
-2133
-4549
-11048
-17205
-17164
-11915
-9720
-12112
-11702
-6934
-2490
-3092
-4998
-3079
607
3051
3789
6583
11520
14058
12471
8515
5616
2512
-2194
-6948
-10037
-10597
-10343
-9777
-8477
-5349
-792
1758
1729
1676
3959
9983
14808
15157
13346
10285
6377
-411
-6309
-8995
-11526
-12802
-11845
-8055
-3019
1541
5148
6531
7727
8509
6840
4427
3831
3971
1715
-1506
-3829
-5821
-7706
-8508
-7887
-6653
-4684
-2623
-618
2194
5025
6040
4827
3619
2522
259
-2177
-3955
-5278
-6425
-7105
-6744
-5230
5516
22507
30959
25244
14902
16127
17201
5991
-7773
-11543
-4398
-4056
-11670
-12977
-4622
3119
-4036
-14400
-13104
-6871
-8138
-14725
-8924
7274
15616
11587
8546
16100
21433
13501
498
-4988
-4417
-9451
-17179
-16906
-8628
-4433
-9423
-12695
-8664
-3892
-5622
-9404
-6584
320
4526
4931
7703
14395
17448
13724
7556
4178
1221
-4472
-9704
-11186
-9248
-7630
-7617
-6882
-4188
-384
832
-202
-325
5644
15081
15875
12871
10811
9025
2422
-6925
-8704
-9962
-11488
-10531
-7869
-3451
414
4723
5012
4309
7329
7373
4148
2762
5216
4620
345
-2199
-4881
-7838
-9368
-8879
-8138
-5838
-1817
-419
827
4028
6204
4653
1875
1212
-945
-3438
-4450
-4924
-4741
-3900
-3105
4248
21297
32767
27337
12598
11416
15683
5070
-10694
-14716
-4804
-774
-8413
-11422
-4759
3616
-2327
-15172
-15108
-6989
-6178
-14010
-9927
8998
19848
14640
8433
13779
18885
10301
-3007
-7492
-4650
-7696
-15568
-15358
-6041
-1169
-7674
-13268
-10160
-5604
-7437
-11037
-6800
2207
7480
7602
9198
15014
16749
10988
3769
872
-739
-5720
-9783
-9075
-5516
-3832
-5036
-5963
-5296
-3715
-3433
-4141
-2755
1239
6573
14110
19339
19463
15057
8197
1757
-5909
-10257
-12040
-13093
-10705
-6422
-1776
604
2671
4353
3187
2915
3289
3203
3317
4765
5873
3924
1593
-1232
-5508
-8971
-9509
-8353
-7228
-4690
-1730
784
3402
5186
5054
3066
1393
-529
-3174
-4070
-4100
-4293
-4697
-4150
-2896
7106
24115
31381
23226
10627
12026
13795
2412
-9699
-10406
-480
419
-7876
-9957
-3832
842
-9121
-19074
-14684
-6623
-7723
-13355
-4077
14194
20078
12695
7904
13393
14712
4829
-4465
-4254
-1209
-6555
-13096
-10249
-2448
-2974
-12005
-15944
-12132
-8679
-10510
-10395
-2555
6189
9280
8362
10653
14556
12436
5850
1307
1112
-222
-4294
-5912
-4221
-2197
-3243
-6070
-7771
-7901
-6746
-5830
-4055
-391
4192
7749
12707
18778
19881
14858
6741
1007
-4430
-9409
-10875
-10639
-8302
-5652
-3211
-1489
-659
752
347
482
2836
5124
6111
6450
7426
6233
2828
-1250
-5600
-8942
-10121
-9026
-7408
-4891
-1814
32
1596
3219
3979
2791
900
-346
-2709
-4175
-4169
-3678
-3539
-3236
-1818
7371
23473
31043
23581
10572
10425
12544
2178
-9237
-9357
399
1479
-6526
-8486
-3496
-645
-10485
-19768
-15038
-6600
-7045
-12020
-3380
14037
19601
12168
7321
11774
12279
3108
-4125
-1785
1968
-3379
-10428
-8732
-2490
-4458
-13917
-17814
-13977
-10290
-10980
-9246
-773
7183
9071
7301
8818
11798
9304
3790
1376
3230
3324
12
-1724
-1142
-935
-3778
-7642
-10026
-9876
-7033
-4661
-1922
3216
9332
11655
9669
8074
7085
3638
-817
-2806
-2900
-2922
-2764
-2196
-1973
-1940
-1792
-2282
-2389
-391
2008
3161
4073
5497
5581
3595
1369
-800
-3188
-4857
-5465
-5385
-4700
-3312
-2152
-1648
-834
-148
-13
374
1006
999
71
-872
-1901
-3270
-3365
-3164
-3205
-2483
9669
26704
30991
20523
8521
11459
11676
-43
-10034
-7382
3695
1603
-7897
-8794
-2482
-2082
-15656
-22023
-13115
-4579
-7689
-11612
806
16605
17197
7511
5225
11476
9890
480
-2960
3748
6550
-1962
-8948
-6326
-2140
-8514
-18149
-18845
-13475
-10530
-11560
-7482
1916
7371
5883
3553
6782
9493
6500
2914
4159
7859
7018
3451
1634
1020
-1314
-5925
-9336
-10498
-9741
-8427
-6538
-2894
1516
4546
8053
12375
13018
9766
5169
2523
-32
-2403
-2471
-2835
-2843
-2544
-3073
-4235
-4554
-3158
-2900
-1627
2266
4837
4925
5047
5652
3780
966
-669
-2739
-5008
-5562
-4980
-4886
-3952
-2845
-3219
-2657
-543
845
377
329
564
-1135
-2435
-1875
-1215
-1245
-969
1517
14508
28860
29543
15681
4875
9557
8250
-2554
-8079
-1201
7384
1670
-6734
-7808
-4641
-8014
-20107
-21601
-10293
-1959
-5969
-7933
4810
15600
11166
1956
3208
9034
6481
635
2356
10136
9486
-924
-7901
-5906
-4220
-11817
-18568
-16377
-10685
-9450
-10929
-6413
552
2477
-710
-1586
3459
6760
5682
5163
8637
11614
9010
4950
2850
1477
-1632
-5304
-7018
-7150
-6351
-6097
-5570
-3750
-1437
105
3961
8644
9186
6237
3104
2364
603
-629
-111
-277
-121
-425
-1387
-2851
-2903
-2213
-3079
-1387
2442
3879
2744
2701
3356
1447
-485
-1235
-2586
-3931
-3917
-3873
-4240
-3129
-2530
-3451
-2927
-123
1197
-40
-239
6
-851
-1599
-911
-143
157
1191
11431
25992
29449
17663
3636
5854
8916
1501
-5044
-361
9657
5563
-5547
-9388
-6611
-7870
-18965
-22147
-10771
390
-2416
-8657
-1168
8991
6218
-2750
-1108
7659
8679
3922
4641
12257
12597
1999
-7142
-6541
-2877
-7341
-13261
-11917
-7335
-8118
-12825
-11400
-5717
-3550
-5862
-5481
894
5671
5360
4340
7008
9790
8101
5418
4946
5667
4163
1847
907
510
-1005
-4499
-6519
-5670
-3211
-1838
-1891
-1235
-547
-1089
-2018
-1230
882
1795
1600
2029
3203
3146
1926
1239
1559
1954
1797
1573
1272
855
-117
-1566
-2244
-1881
-1661
-2388
-2779
-2500
-2783
-3689
-3654
-2790
-2239
-1821
-975
-178
-302
-901
-1257
-1454
-285
982
1980
2189
7749
22097
28677
20773
5550
2699
8714
5595
-366
279
9155
9308
-2627
-10254
-9217
-6773
-14453
-21029
-13442
-1077
-126
-8727
-7893
839
2466
-4102
-4249
5527
10783
7364
4205
8803
11869
4928
-3827
-5061
61
-270
-5523
-7102
-5226
-6306
-12451
-14456
-10212
-6374
-6813
-7583
-3637
415
814
-486
1019
4520
6028
6541
7501
9013
8669
6229
3730
1814
1991
2127
1338
731
-210
-1667
-4485
-5879
-5517
-5557
-5051
-3305
-1273
-805
-997
-592
-82
518
1840
3689
5105
5699
4865
3396
2470
1614
333
-845
-705
-541
-1688
-2869
-3158
-3282
-4139
-4678
-3883
-2487
-1950
-2309
-2393
-1852
-1695
-2530
-2425
-1345
207
1047
1959
3117
7011
19300
26874
21132
7003
2396
9401
9372
4755
3940
9888
9974
-1274
-9575
-9462
-6102
-11090
-17782
-12922
-2466
-1563
-10697
-12446
-5929
-3293
-6754
-4639
5417
10310
6767
2362
4993
8228
4687
-223
217
5649
5653
250
-2831
-3037
-5462
-11527
-12965
-8666
-4902
-5810
-7727
-6538
-5395
-6081
-6909
-4386
-205
2510
4119
5368
6974
7046
5941
4841
4645
5886
6107
5600
4102
5751
7732
2781
-3439
-6258
-4918
-5628
-5262
-1531
-1873
-4766
-5902
-4713
-4350
-2370
1380
2099
2477
5327
6002
2442
1821
3076
1503
655
2781
2832
-1344
-2506
-2305
-3942
-3210
-644
-799
-3254
-3033
-2853
-4327
-3748
-1964
-2626
-3578
-1849
-1224
-1813
-214
2076
3907
13586
24123
21550
8271
2037
9451
12903
9368
7671
11570
12624
2877
-6743
-7033
-2608
-6102
-14225
-12186
-3038
-2504
-11980
-15627
-10943
-8138
-10118
-7798
1308
6387
2964
-2564
-713
4742
4796
2113
3506
8555
8235
3121
732
1154
-733
-5091
-5866
-2839
-1081
-3632
-7297
-8773
-9019
-9277
-8969
-6194
-3387
-2440
-2529
-1946
-569
119
1322
3096
5319
7200
8090
8035
6759
6448
9196
9913
6846
2737
320
-1121
-2691
-1847
-1779
-4148
-5684
-5506
-5886
-6010
-3858
-2254
-2541
-1151
2060
2715
2056
2309
1369
323
1439
2859
1396
123
708
-503
-1684
26
1372
-382
-1567
-949
-1591
-2311
-1493
-1497
-3191
-3437
-2762
-3707
-3621
-1831
-621
-567
7306
18236
17721
7070
-607
5634
12819
12596
10589
12635
14499
6541
-3178
-3557
2467
1344
-6915
-8517
-1741
-155
-9794
-16130
-13019
-8801
-10436
-10546
-3315
916
-3235
-9304
-7289
-397
2250
1452
2378
5934
5989
2136
199
2599
4189
1982
704
2555
3762
36
-4241
-5336
-4876
-4850
-4997
-3618
-3352
-4815
-6752
-7387
-6037
-3933
-1822
-576
557
1539
1979
1873
2626
5070
10870
12182
7485
4220
3674
3526
1558
3387
4833
1275
-1803
-2202
-3359
-5100
-3725
-2635
-3237
-1713
978
-765
-3069
-1414
-1650
-2839
-608
2203
75
-2278
-921
-1354
-2063
917
2902
407
-440
1291
537
-726
1063
2059
-666
-1289
-345
-1821
-2446
-820
-230
-2123
2908
13364
14312
5396
-2658
675
8442
11266
10335
10598
11773
6531
-1980
-3133
4105
6342
-267
-4404
-665
1306
-6227
-12223
-10047
-6115
-7414
-9118
-4931
-2039
-5930
-11455
-10024
-3693
-93
-383
-565
802
236
-2120
-2448
1650
5155
3908
1674
2068
3120
771
-1616
-911
429
88
-649
-545
-1582
-3690
-5256
-5094
-3941
-1923
-633
-318
-700
-2342
-2533
-1178
2505
4538
3402
2842
2780
2528
1574
1956
3344
3665
2725
1938
1378
527
-286
-1064
-253
1021
1542
606
-737
-957
-1515
-1971
-1510
-500
-671
-2072
-2980
-2717
-2097
-1932
-1600
-1221
-574
-603
-783
-72
559
465
-269
-392
-133
-221
-2
368
904
1116
5052
12221
13425
5949
-1892
1189
9543
11764
9187
9312
10421
5084
-2319
-1932
5181
6723
435
-3755
-1409
-324
-6356
-10670
-7770
-3971
-5986
-8756
-6161
-4083
-7765
-11976
-9305
-3027
-528
-2219
-3108
-1981
-2480
-3988
-2753
2125
5098
3376
1170
1437
2220
984
346
1872
3272
2377
444
-526
-1158
-2156
-2845
-1704
86
320
-1308
-2514
-2158
-2133
-2531
-1714
406
1197
-74
-1195
-970
-146
382
1047
2025
2781
2294
1005
687
1743
2601
2331
2284
2603
1954
340
-399
160
638
313
-516
-937
-1185
-1712
-2451
-2418
-1570
-1426
-2028
-2121
-1405
-1134
-1695
-1564
-886
-828
-999
-958
-356
-128
221
979
3962
9361
11879
8063
1861
2082
7743
11375
10852
10065
9571
5945
1199
516
4541
6940
3957
-452
-1559
-1066
-3888
-7432
-6952
-4287
-4886
-7625
-7734
-6689
-8167
-10757
-9828
-6091
-3649
-4073
-5266
-5307
-5085
-4931
-3746
-384
2514
2157
183
-109
1193
1715
2140
3567
4662
3817
2029
1204
1019
1244
1593
1942
1917
1240
-231
-1993
-2316
-1538
-1198
-1685
-1651
-1600
-2658
-3619
-2896
-1411
-826
-629
-270
-37
-123
112
880
1885
2743
2682
2054
1919
2310
2236
2013
2442
2586
1537
124
-378
-520
-755
-864
-785
-739
-1122
-1840
-2491
-2371
-1659
-1647
-2089
-2187
-2117
-2261
-2263
-1553
-703
-215
788
4648
8581
8702
4454
1550
4790
9646
11606
10799
10250
8906
4974
2160
4049
7995
7915
3825
358
-253
-1376
-3883
-4517
-3019
-2610
-5553
-7880
-7700
-7631
-9216
-10159
-8224
-5882
-5680
-7110
-7732
-7355
-6869
-6100
-4022
-1206
-352
-1524
-2476
-1460
368
1636
2819
3751
3781
2797
1990
2103
3192
4522
4861
4210
3206
2262
794
-155
453
1197
483
-849
-1444
-2237
-3444
-3654
-2547
-1779
-1835
-1956
-2102
-2223
-1926
-1187
-304
888
1680
1307
700
1101
1806
1797
2104
2855
2821
1899
1293
1183
929
795
649
219
-328
-611
-937
-1251
-902
-673
-1117
-1918
-2396
-2723
-2915
-2583
-2165
-2004
-1456
-643
1150
4631
7232
5925
1712
1445
6192
10198
10457
9492
9245
7318
3830
3157
6720
9644
7688
3101
832
1022
-131
-2297
-2317
-788
-1926
-5751
-7441
-6405
-6589
-8805
-9423
-7454
-6145
-7324
-8785
-8595
-7708
-7262
-6656
-4567
-2470
-2641
-4198
-4364
-2278
-258
835
1917
2837
2453
1324
1265
2584
3814
4575
5492
5459
4012
2313
2007
2585
2823
2748
1948
291
-1223
-1713
-1659
-1482
-1111
-1292
-2413
-3180
-2662
-2089
-1817
-1134
-441
-535
-779
-302
148
410
1035
1599
1497
1382
1444
1047
768
1309
1975
1794
1509
1311
474
-431
-339
149
159
120
-84
-966
-2084
-2367
-2115
-2148
-2180
-1862
-1968
-2184
-1928
386
4696
6921
4509
88
659
5821
9038
8704
8633
9362
6876
2571
2613
7530
10167
7199
3078
2084
2435
476
-1441
-363
1334
-757
-5117
-6174
-4698
-5307
-8027
-8380
-6236
-5832
-8016
-9398
-8622
-8078
-8363
-7760
-5350
-3529
-4134
-5530
-5323
-3470
-1977
-982
412
1661
1407
314
487
1913
3375
4294
4661
4267
3199
2866
3477
4218
4509
3945
2642
1317
849
742
336
113
157
-644
-1945
-2155
-1604
-1562
-1850
-1386
-829
-1014
-1204
-898
-405
138
600
641
548
668
501
-32
280
1440
1821
1181
838
956
800
661
860
1004
632
212
-198
-488
-467
-556
-966
-1446
-1474
-1615
-2068
-2049
-1779
-1909
-2357
-1199
3133
6874
5965
1051
-1315
2075
6538
8122
8490
9431
8054
3198
298
3935
9277
9383
5228
2397
2180
848
-1191
-336
2378
2082
-2396
-5646
-5002
-4080
-5687
-7192
-6164
-5099
-6751
-9131
-8997
-7564
-7351
-7965
-7030
-4847
-4377
-5836
-6571
-5090
-3210
-2340
-1391
39
577
-359
-1081
-33
1930
3163
3283
3113
2987
2870
2618
2999
3987
5260
7021
6007
2391
-434
-37
1857
2715
3520
3004
-609
-3989
-3381
-1097
345
1102
1020
-1090
-3153
-2011
-8
796
1382
1162
-541
-1679
-790
122
-50
395
858
-218
-687
513
816
-70
-131
569
354
101
636
362
-518
-527
-210
-518
-638
-337
-1018
-2011
-1665
-793
-1118
-1292
-1380
-333
3363
6593
5341
-37
-817
3785
6482
6170
7424
9469
6567
803
-206
4712
8572
7838
4834
2600
1659
-429
-1797
167
3552
2790
-2556
-5435
-4236
-3947
-5823
-5795
-3898
-4196
-7070
-8628
-7703
-6942
-7053
-7452
-6836
-5519
-5120
-5878
-6317
-4943
-3441
-3253
-2902
-1304
-342
-1083
-1552
-661
890
1871
2617
2871
2687
2453
2427
2630
4836
8081
6920
2768
534
1871
2504
2559
4826
5198
707
-2871
-1471
583
864
1337
1962
-10
-2176
-1311
133
850
1211
481
-1382
-1726
-337
-266
-1022
-196
322
-1372
-1676
216
698
-651
-813
386
458
336
950
831
-53
-152
45
-199
203
808
-5
-1311
-893
-28
-537
-679
130
-164
-1500
-1927
1228
5091
6261
3402
-871
-668
2697
4761
5080
6892
8118
4372
-1130
-885
4222
6719
5580
4065
3277
1225
-1564
-1673
886
3192
1941
-1717
-3772
-3344
-3432
-4748
-4597
-3117
-3646
-6598
-7821
-6618
-5869
-6485
-6831
-5984
-5412
-5585
-5778
-5370
-4562
-4140
-4248
-3802
-2239
-1032
-1022
-1221
-481
394
585
1291
2677
3618
3226
2712
3048
3554
3687
3597
3809
3732
3132
2517
2520
2681
2418
1925
1696
1729
1400
1033
998
1124
882
267
-37
77
32
-401
-703
-640
-547
-744
-767
-423
-219
-407
-686
-489
-38
343
596
902
1072
813
406
430
790
856
647
570
539
391
188
161
215
67
-131
-227
-242
-401
-718
-1251
-1486
-1795
-393
2559
4342
2751
-799
-1404
192
1440
2196
4438
6484
4760
660
-1042
1242
3612
4192
3956
4142
3375
472
-1513
-630
1749
1991
23
-1233
-1433
-2356
-4117
-4408
-3343
-3114
-4633
-5777
-5354
-4839
-5213
-6176
-6292
-5759
-5454
-5488
-5043
-3988
-3566
-4120
-4498
-3600
-2257
-1327
-672
-56
355
335
391
1012
2249
3411
3860
3670
3440
3332
2979
2933
3427
3932
3788
3267
2939
2657
2205
1926
1890
1744
1454
1099
779
394
48
-39
17
35
-47
-222
-365
-365
-342
-254
10
301
376
158
219
564
714
724
891
1105
977
718
645
772
684
463
315
192
109
10
-158
-273
-353
-424
-522
-772
-917
-1020
-1077
-1238
-1339
-1495
-1685
-2073
-1964
-142
1818
2219
471
-607
132
702
793
1793
4204
4974
3042
995
1203
2436
2694
2587
2959
3516
2496
603
-126
595
1165
110
-976
-1018
-1034
-2028
-2980
-2873
-2767
-3713
-4964
-5001
-4369
-4071
-4459
-4927
-4985
-5096
-5151
-4774
-3661
-2688
-2574
-2782
-2683
-2262
-1878
-1134
-156
606
926
1067
1299
1572
2032
2387
2531
2582
2793
2796
2529
2447
2450
2265
1888
1830
1946
1823
1617
1560
1360
998
871
990
1144
1049
904
769
665
668
700
748
844
916
774
630
657
769
798
733
751
792
752
617
487
396
324
255
144
109
44
-154
-445
-672
-675
-567
-546
-615
-679
-717
-755
-894
-920
-845
-796
-882
-1000
-1003
-919
-1045
-1278
-1259
-997
-20
1091
1589
942
-43
65
511
670
986
2044
2843
2321
1379
1293
1946
2312
2191
1732
1316
1083
764
410
219
314
-96
-1210
-1961
-1855
-1535
-1829
-2212
-2397
-2877
-3670
-4028
-3488
-2875
-2816
-3130
-3308
-3280
-3186
-2946
-2465
-1934
-1681
-1720
-1729
-1363
-843
-392
-148
82
333
489
717
1067
1428
1469
1365
1377
1591
1738
1756
1769
1720
1742
1708
1822
1985
2002
1888
1679
1620
1590
1515
1519
1584
1502
1282
1126
1142
1188
1046
843
752
642
528
453
471
554
387
134
-10
56
158
70
-5
9
42
-105
-278
-271
-174
-213
-376
-417
-415
-505
-593
-535
-482
-545
-570
-505
-521
-632
-793
-906
-891
-803
-799
-915
-974
-1013
-1131
-1184
-957
-690
-749
-950
-814
-198
524
844
715
496
423
474
538
824
1393
1783
1659
1267
1113
1114
1003
918
1044
1145
993
730
592
500
241
-124
-484
-640
-713
-826
-980
-1156
-1353
-1685
-1973
-2128
-2106
-2134
-2257
-2334
-2296
-2167
-2117
-1947
-1670
-1456
-1374
-1256
-982
-718
-476
-239
-44
61
190
401
588
711
799
886
952
999
1125
1299
1409
1389
1297
1275
1262
1264
1275
1303
1292
1183
1056
946
955
1001
980
898
846
775
664
668
771
837
730
584
504
464
449
422
419
418
377
290
187
95
12
-42
-94
-144
-163
-164
-263
-450
-547
-566
-591
-621
-568
-487
-507
-568
-633
-689
-698
-625
-544
-527
-519
-559
-691
-814
-730
-528
-439
-441
-461
-485
-528
-529
-488
-420
-233
38
279
380
455
532
521
429
409
634
871
868
716
628
564
430
388
510
583
433
209
45
-58
-83
-72
-104
-243
-410
-584
-768
-852
-785
-695
-724
-810
-877
-977
-1106
-1116
-941
-717
-601
-584
-556
-485
-421
-370
-261
-77
76
91
19
0
36
22
-14
48
156
157
115
228
445
502
376
340
472
551
509
542
664
681
563
477
485
512
474
382
332
389
473
448
414
470
520
482
451
488
487
460
475
456
385
397
503
498
365
285
264
172
24
-35
14
56
-22
-175
-282
-314
-402
-555
-585
-471
-453
-582
-612
-490
-419
-421
-346
-225
-198
-243
-244
-197
-127
-53
-10
34
123
166
72
-63
-122
-125
-149
-167
-158
-182
-250
-337
-405
-425
-380
-292
-203
-141
-135
-158
-146
-106
-80
-49
60
180
184
118
108
153
248
402
569
663
665
596
479
429
463
477
439
377
238
8
-144
-148
-142
-189
-230
-284
-400
-521
-591
-642
-678
-673
-669
-684
-688
-668
-660
-677
-726
-773
-733
-595
-444
-318
-202
-181
-258
-267
-120
65
173
244
318
382
444
500
550
615
676
685
658
703
782
753
614
504
463
461
487
475
396
334
267
149
80
113
128
119
175
208
94
43
195
276
148
100
211
241
152
186
303
259
142
152
149
106
105
75
15
-47
-163
-170
-41
35
1
-150
-306
-308
-360
-485
-422
-263
-193
-225
-336
-439
-454
-401
-367
-377
-330
-260
-271
-249
-170
-115
-58
-81
-95
-8
-50
-171
-165
-147
-102
-14
4
57
101
-32
-157
-125
-111
-158
-207
-153
39
153
104
1
-93
-179
-211
-171
-81
-59
-139
-134
-58
-62
-55
-33
-101
-157
-124
-65
11
105
141
177
225
193
144
238
288
280
273
260
239
234
220
159
149
36
-73
31
96
18
12
19
-46
-74
-105
-143
12
87
-48
-7
36
-13
-25
31
51
102
99
12
125
289
241
188
134
230
258
235
210
263
275
216
296
298
148
89
223
308
233
187
250
184
72
-6
-32
-68
-124
-114
-158
-160
-154
-175
-169
-136
-55
-110
-230
-260
-182
-154
-263
-219
-209
-189
-196
-233
-252
-333
-396
-354
-301
-332
-271
-249
-352
-199
26
-53
-124
-140
-249
-274
-175
-124
-119
-139
-197
7
119
-170
-167
15
111
42
66
108
121
198
118
247
267
347
414
377
297
229
340
275
246
363
394
335
275
276
67
14
11
-127
-145
-112
-120
-240
-147
-181
-331
-383
-375
-243
-143
-54
-55
-64
-174
-274
-104
-35
-16
109
131
20
-97
97
91
102
185
199
229
293
364
174
200
255
223
194
170
186
252
317
236
31
-68
82
277
192
49
-8
-10
20
22
50
31
61
-38
-155
-132
-85
-126
-157
-115
-145
-179
-100
-10
-117
-312
-300
-177
-191
-159
-51
-169
-259
-234
-283
-285
-195
-145
-266
-263
-189
-273
-419
-302
-129
-243
-335
-292
-243
-129
-228
-182
-34
-87
-121
55
93
114
329
315
383
558
624
496
490
512
446
451
517
571
462
545
480
297
265
137
66
-46
-174
-76
8
-68
-69
-21
-329
-478
-260
-396
-467
-364
-115
-131
-14
-154
-419
-396
-213
-241
-247
44
70
101
155
41
-162
-4
59
99
180
134
96
136
155
7
63
11
102
162
152
19
-95
-118
27
1
32
84
20
0
-74
-123
-175
-27
144
199
218
120
188
128
13
173
308
234
162
201
200
-4
-84
13
-102
-144
-189
-43
-234
-190
-172
-510
-304
-69
-449
-399
-262
-476
-447
-199
-461
-555
-214
-280
-295
-196
-109
-97
-37
-33
115
74
206
246
191
73
153
257
69
212
369
409
304
539
495
225
168
388
305
329
633
623
487
245
55
182
223
34
75
139
-89
30
-52
-130
69
-63
-234
-222
-364
-355
-263
-99
20
-102
48
-199
-232
-50
-244
-266
13
32
99
86
-120
-245
-354
-313
-102
95
-21
-204
-293
-236
-124
-85
-267
-68
12
-152
-123
-133
-113
-187
-176
-68
-128
-126
39
-60
-38
104
69
-162
141
266
105
311
352
420
396
162
225
273
160
284
338
257
89
55
350
160
-83
40
-172
-455
-71
6
-168
-106
-143
-447
-244
-237
-438
-383
-71
-35
-266
-180
-91
-5
-78
-40
49
253
90
-82
-176
-149
148
243
126
275
210
-2
298
259
131
264
251
226
431
555
390
286
148
63
106
48
-134
-76
-32
-157
240
83
-45
-64
-25
-185
-224
-130
-159
-78
-138
-1
-168
-272
-139
98
73
-4
-87
-384
-107
-128
-315
103
27
-318
-339
-55
-52
-227
-216
-273
-309
-389
26
357
20
-266
-135
-63
67
88
188
-49
-146
37
45
196
194
-8
-31
70
202
-30
90
256
-47
27
53
305
285
47
513
286
-144
89
147
147
222
85
82
120
-95
-67
-56
217
-64
-238
20
-92
13
-152
-190
-212
-476
-393
-214
-178
-205
-177
109
-18
-227
-129
-297
-210
-26
101
170
249
213
138
272
159
-40
159
120
38
475
277
44
55
59
85
26
150
-31
88
327
111
54
199
281
110
18
138
-59
65
240
-104
-163
-223
-230
-185
-193
-86
52
-177
-232
-24
-61
66
280
10
-264
-112
-97
94
153
31
-44
-347
-251
-219
-219
-72
50
-58
-28
206
168
-44
-273
-321
-189
-125
-34
131
95
151
87
-103
-147
-313
-460
-307
111
504
417
398
254
62
-249
-341
-270
-193
62
282
359
296
21
-129
27
-268
-359
26
222
127
191
258
-183
-412
-438
-422
-168
68
-38
11
217
191
-17
-43
3
68
410
366
40
-116
24
43
234
409
275
165
224
65
-122
-148
197
240
276
558
516
106
-178
-52
-225
-254
5
54
-113
-41
-91
-219
-166
-214
-217
-167
-49
-186
-189
-82
45
166
38
67
107
167
44
-113
-200
-143
18
93
170
-130
-88
23
-169
-151
-191
-267
-176
20
233
91
67
88
24
119
151
-36
-40
-164
-119
-59
-160
-103
91
86
-25
2509
1473
-882
-232
-157
-838
-409
572
-103
-206
271
-54
-629
-564
-934
-1392
-639
256
-107
-195
376
34
-382
-124
-98
-353
-168
175
16
-105
342
277
-105
283
419
144
331
450
330
213
584
712
265
159
195
-103
-191
75
124
10
154
311
-70
-302
-201
-128
-219
-57
100
167
244
247
7
-209
-252
-98
20
158
207
204
75
-288
-250
-77
119
-182
-123
366
442
173
-21
2
-301
-439
-329
-68
215
249
-18
-196
-4
52
-471
-517
-261
-344
-166
115
-33
-172
148
226
227
124
-232
-369
-124
165
221
280
269
345
335
239
-114
-195
-208
-229
42
84
-182
38
302
-112
-394
-210
67
-657
-801
-253
-6
-270
-137
34
-280
128
327
100
-127
-269
-207
151
191
200
117
368
452
94
83
-16
-27
-110
245
667
401
156
616
573
-206
-337
-100
-441
-153
287
76
237
-85
-280
90
-439
-735
-280
-436
-480
112
552
121
453
692
-4
-166
-464
-747
-179
620
493
653
752
192
-258
-241
39
-133
93
593
366
43
-125
-248
-64
329
468
13
-308
-286
-433
-502
-212
-78
-2
-316
-244
90
-83
-146
-248
-598
-814
-295
-90
31
231
467
258
54
108
-188
-627
-190
245
-89
205
395
277
538
43
-487
-79
-11
-256
48
284
195
430
409
176
-261
-264
49
82
20
-32
-26
-189
25
103
75
-206
-298
-254
-296
-133
-141
-403
-20
403
399
117
-34
168
24
351
636
338
424
612
-268
-11
443
-451
-399
294
4
-259
-40
-119
-517
-327
-139
-431
-362
-378
-717
-588
-107
-49
-47
-7
-209
-455
-527
75
281
356
408
164
340
536
250
104
262
213
378
1095
897
430
675
308
-323
-377
-308
-149
498
366
101
157
-156
-744
-722
-571
-724
-89
354
-36
-5
287
262
-102
-247
-561
-662
-201
226
169
64
-298
-385
125
185
-266
-768
-659
-794
-346
268
-70
5
327
-74
-209
-17
-132
80
722
678
451
464
451
87
-91
47
509
737
420
167
-30
-199
-201
-19
322
484
521
526
154
-205
12
178
39
270
407
134
60
268
323
91
11
212
135
-66
-270
-464
-445
-404
-560
-219
0
-482
-1139
-1320
-903
-604
-46
171
-144
-188
-371
-450
-303
-279
-316
-186
314
326
-15
-163
-155
91
140
525
606
204
162
287
285
288
381
517
303
-11
90
-173
-512
-577
-291
-145
221
301
71
180
65
-176
-285
-132
-67
46
412
583
384
176
94
86
1
-118
60
365
381
282
262
67
-31
62
-171
-168
70
244
15
-79
311
142
-155
38
220
364
618
466
18
-203
-162
-45
18
328
562
93
-155
-357
-482
-453
-695
-627
-231
212
192
218
15
-213
-293
-401
111
247
-62
-214
-95
95
165
95
-369
-419
-129
-261
-163
-214
-229
48
169
125
-46
-236
-108
-253
-346
117
63
1
165
245
-166
-330
153
93
124
526
343
212
337
293
-84
-62
262
361
325
101
-44
-236
-278
-215
-209
18
386
390
244
-11
-532
-706
-755
-522
15
140
547
502
22
-115
-74
-147
-275
184
470
465
488
417
366
339
-43
-251
-187
-190
-9
57
81
177
214
187
-240
-454
-300
-106
-32
-42
-25
-149
-38
124
2
-259
-430
-314
-9
244
505
288
-165
-148
-172
-288
-54
-37
-283
-193
479
489
-48
-42
-195
-255
22
310
464
582
241
-186
21
170
66
77
118
94
239
108
26
-60
-128
64
55
-78
-197
-246
-247
-60
50
-211
-392
-202
-263
-182
95
-3
-6
161
77
9
191
144
-39
-84
-126
-197
-181
-135
71
225
-33
-131
-84
-66
-4
16
136
327
298
471
723
505
162
-73
-238
-57
216
176
138
35
-246
-145
-168
-680
-524
-123
-276
-358
-64
-20
-249
-232
-94
-15
-207
-292
-95
-13
86
49
95
328
192
-41
14
134
14
-156
-174
38
153
174
287
245
200
43
-212
-210
-59
73
295
627
605
255
122
17
-11
-100
-166
141
432
602
438
78
-157
-346
-404
-443
-566
-228
240
103
-13
198
-291
-672
-450
-557
-592
-237
217
217
59
72
-127
-45
191
67
42
28
-45
-163
-86
-14
-182
-33
320
395
145
26
-197
-584
-569
-291
-91
83
289
385
322
394
364
-88
-498
-479
-43
441
515
548
641
330
2
50
69
-200
-53
223
-76
-63
72
-98
40
131
-33
-9
53
-162
-150
52
-73
-112
122
177
198
161
-107
-375
-368
-272
-219
-116
254
513
342
78
-144
-276
-334
-342
-198
11
140
208
189
72
-92
-244
-475
-396
-60
191
186
32
-25
32
-53
-157
-71
-4
2
136
102
-125
-183
-186
-142
-28
-5
-101
-87
79
165
75
-2
70
149
7
-165
-268
-284
-178
-42
101
254
310
251
106
-26
-94
-146
-149
-73
-2
119
262
210
157
226
96
-86
-59
-52
-124
-32
136
147
217
312
223
29
-104
-144
-252
-231
90
336
243
75
153
170
-109
-251
-160
-18
126
244
385
349
-4
-212
-121
-237
-382
-102
191
216
241
188
-19
-183
-313
-252
132
348
243
155
56
-253
-487
-323
-207
-361
-289
54
65
-197
-281
-385
-485
-352
-172
-50
41
33
-27
-154
-282
-274
-276
-254
-44
181
213
174
77
-78
-63
11
-7
43
139
218
331
270
85
102
213
227
223
246
216
176
97
-9
50
180
221
232
276
306
167
-53
-53
11
-102
-105
56
89
62
69
34
-16
-39
-41
-84
-210
-247
-165
-162
-115
81
206
207
78
-128
-156
-75
-138
-166
-61
-3
45
133
120
-26
-128
-105
-80
-106
-120
-51
4
-51
-83
-28
11
30
71
52
8
22
-9
-61
-35
-20
-59
-38
24
78
138
122
55
-15
-135
-162
-9
56
-27
3
115
97
8
-117
-289
-341
-279
-215
-105
8
9
40
141
87
-61
-88
-87
-118
-82
-42
-34
8
94
174
157
21
-99
-101
-111
-184
-147
-5
79
133
247
313
182
-18
-101
-101
-85
4
150
220
246
315
330
221
59
6
77
103
58
67
133
178
171
130
101
32
-96
-144
-66
-25
-44
-75
-132
-130
-50
-15
-57
-76
-39
-43
-81
-112
-168
-195
-144
-74
-21
-4
-37
-26
24
-51
-140
-90
-51
-85
-22
94
75
21
76
153
159
113
46
9
15
-11
-36
4
9
-28
21
69
7
-30
-43
-131
-167
-118
-148
-188
-87
-17
-37
7
33
-51
-82
-35
-59
-93
-66
-59
-60
0
52
74
112
113
59
16
-21
-72
-73
-14
40
91
126
84
15
-4
-7
-10
31
59
26
5
20
-9
-48
-23
18
36
39
20
-3
-8
-29
-55
-42
-38
-37
-7
32
64
108
115
49
-19
-29
17
77
87
66
106
154
110
54
38
20
8
35
24
-41
-70
-42
0
18
10
3
-11
-43
-70
-78
-87
-96
-68
-15
10
-2
-7
-10
-31
-34
-24
-38
-51
-18
11
12
21
33
21
8
7
-5
-26
-31
-22
-20
-17
-13
10
29
10
-27
-39
-31
-23
-22
-30
-39
-40
-37
-38
-32
-15
2
4
-3
-18
-31
-28
-14
4
17
29
38
23
-20
-42
-43
-31
-19
-1
15
17
14
22
38
40
21
0
-8
-16
-23
-13
7
22
42
72
84
55
29
34
37
21
5
15
37
55
61
65
57
39
28
23
14
12
24
34
34
34
35
26
3
-22
-45
-50
-31
-10
-3
1
0
-12
-25
-35
-39
-37
-38
-44
-45
-42
-31
-14
-6
0
0
-6
-20
-39
-49
-46
-42
-39
-31
-17
-3
1
-5
-17
-20
-13
-12
-13
-13
-3
2
-1
-9
-8
1
1
-3
-7
0
16
33
38
31
22
18
2
-15
-17
-5
12
23
30
33
32
25
11
-6
-16
-11
-9
-8
-6
0
11
15
13
7
7
6
-1
-12
-23
-26
-27
-26
-18
-2
13
27
30
25
12
-1
-15
-28
-28
-16
0
10
20
28
31
29
26
21
12
8
9
9
7
5
10
18
21
20
21
19
13
2
-11
-17
-20
-17
-11
-5
0
3
-1
-7
-17
-23
-25
-25
-27
-19
-12
-11
-10
-10
-5
-3
0
3
0
-1
-2
-1
1
2
4
6
0
0
4
0
-3
-3
-1
0
-2
0
4
3
-1
-3
-3
-2
-3
-2
0
2
6
5
3
4
3
0
0
-5
-11
-13
-11
-9
-5
-2
-2
-1
-2
-5
-6
-8
-9
-12
-11
-11
-7
-5
-5
-1
4
7
9
11
9
8
8
8
9
10
13
17
18
15
18
17
18
16
11
9
9
9
4
4
1
1
2
-3
-5
-5
-5
-5
-7
-6
-3
-1
-1
-2
-3
-1
1
0
2
0
2
0
-2
-2
-5
-3
-4
-3
-2
-2
-3
-7
-9
-11
-10
-11
-7
-9
-8
-6
-7
-3
-5
-6
-6
-5
-4
-5
-3
-3
-3
-2
1
2
1
2
3
1
2
4
6
8
10
5
5
5
3
6
6
5
4
3
2
2
2
2
0
2
-2
-1
-4
-5
-7
-5
-1
1
3
1
0
-2
-1
-4
-6
-3
-1
-1
1
3
2
3
2
4
-1
1
3
3
1
0
1
2
2
1
2
0
0
0
2
2
2
-1
1
2
2
3
2
3
1
1
1
1
0
3
1
2
2
3
2
-2
0
2
2
1
2
1
-2
-3
-3
-4
-4
-5
-5
-4
-6
-9
-9
-9
-7
-6
-4
-4
-4
-4
-3
-2
-3
-3
-4
-2
-1
0
3
3
2
3
5
7
6
8
7
6
4
5
7
7
6
4
2
0
1
-1
-4
-5
-5
0
2
2
1
3
2
0
3
2
