SAMPLES:	7987
BITSPERSAMPLE:	16
CHANNELS:	1
SAMPLERATE:	16000
NORMALIZED:	FALSE
-9
-14
19
-11
-8
19
-15
-5
21
-22
-1
27
-28
2
33
-35
-9
42
-31
-18
46
-24
-32
45
3
-40
32
25
-42
9
35
-28
-11
32
-8
-16
12
9
-1
-11
10
25
-31
-5
51
-42
-27
71
-38
-51
81
-17
-67
76
1
-70
56
13
-57
41
16
-46
25
8
-40
24
10
-49
28
27
-57
25
53
-76
1
91
-80
-34
119
-70
-72
136
-46
-106
139
-13
-131
129
11
-137
111
31
-137
86
50
-125
65
60
-111
36
70
-88
20
69
-71
0
62
-48
-16
59
-27
-21
52
-10
-34
48
2
-49
45
21
-67
32
48
-86
9
79
-86
-20
109
-66
-53
113
-38
-81
90
-2
-75
52
14
-35
6
-2
23
-20
-51
79
-10
-116
107
33
-169
107
90
-204
80
136
-206
38
156
-178
11
145
-140
-1
112
-106
20
81
-101
43
61
-113
56
64
-114
56
78
-110
35
82
-88
14
74
-60
-2
50
-36
-4
33
-22
0
17
-23
5
20
-38
-8
43
-39
-33
71
-28
-67
91
2
-100
85
41
-113
53
67
-104
8
84
-65
-35
80
-9
-66
49
46
-73
2
73
-55
-36
77
-18
-50
53
15
-41
7
30
-13
-28
21
15
-43
4
40
-34
-18
34
-8
-37
17
22
-28
-12
39
-6
-39
35
13
-45
17
30
-33
-11
33
-4
-37
17
35
-54
-18
77
-63
-52
118
-50
-99
141
-20
-134
147
7
-153
131
34
-152
106
52
-134
79
54
-108
58
40
-83
47
27
-58
46
14
-38
39
-2
-31
35
-7
-26
36
-7
-23
38
2
-32
36
7
-41
37
18
-56
33
33
-74
25
56
-89
9
83
-92
-13
105
-90
-29
113
-77
-33
107
-69
-36
91
-58
-29
66
-41
-19
38
-13
-2
3
8
4
-39
28
7
-73
62
11
-102
99
18
-136
128
30
-171
134
61
-185
104
94
-172
51
119
-129
-17
133
-66
-72
126
-15
-116
106
18
-125
91
32
-115
89
29
-108
85
21
-91
80
13
-74
65
8
-55
33
4
-23
4
7
6
-17
1
22
-36
-2
29
-41
-1
22
-33
11
11
-23
23
-7
-12
37
-26
-5
50
-38
-12
59
-46
-32
70
-24
-62
79
6
-106
91
53
-142
101
82
-181
93
92
-203
81
97
-190
68
97
-158
50
102
-113
29
89
-80
-2
73
-59
-27
68
-48
-41
81
-45
-56
95
-43
-56
111
-28
-57
101
-21
-69
81
-6
-64
70
10
-73
47
11
-86
55
39
-92
72
58
-133
78
79
-176
81
128
-206
63
167
-237
1
198
-194
-30
220
-110
-69
158
-36
-92
55
42
-41
-38
72
23
-137
25
97
-148
-21
174
-76
-89
166
3
-163
80
101
-155
-28
173
-92
-142
180
0
-204
154
124
-202
79
200
-181
-49
204
-113
-151
176
-8
-191
110
87
-173
35
155
-103
-34
129
-49
-79
59
-1
-44
-5
22
37
-55
-12
122
-81
-65
186
-64
-131
206
-47
-157
176
-29
-146
161
-35
-89
137
-74
-54
138
-127
-16
151
-136
-5
160
-155
-15
157
-120
-25
128
-88
-37
93
-59
-32
39
-14
-13
4
6
15
-56
31
45
-90
21
94
-111
9
120
-117
-34
144
-93
-67
135
-54
-85
118
-20
-79
78
6
-62
38
11
-21
3
13
21
-30
-25
68
-32
-47
97
-25
-91
112
-3
-97
98
14
-97
81
17
-89
71
27
-84
57
19
-82
60
18
-94
65
38
-102
68
53
-114
45
72
-121
27
94
-105
-10
95
-69
-12
69
-34
-22
28
-12
1
-2
5
12
-34
6
28
-25
26
21
-45
21
7
-84
40
77
-81
-3
89
-79
-41
97
-41
-60
81
-30
-84
73
30
-70
53
26
-98
39
67
-108
31
106
-125
-16
136
-104
-11
156
-132
-77
169
-95
-93
192
-45
-132
166
-17
-157
154
32
-181
119
71
-184
81
123
-150
43
132
-151
-18
173
-73
-74
105
-46
-66
113
-1
-95
56
1
-79
85
21
-122
61
59
-115
68
89
-156
35
152
-148
-31
185
-110
-102
163
-48
-89
166
-20
-159
62
50
-26
16
-21
-12
-28
-5
151
-55
-203
129
40
-160
220
43
-353
139
211
-240
57
162
-252
21
236
-159
-70
160
-106
-50
147
-78
-18
110
-147
-22
156
-124
16
209
-218
-94
256
-84
-104
155
-130
-61
283
-61
-193
104
21
-27
111
-87
-69
107
-22
-19
73
-112
16
118
-120
-40
171
-40
-114
30
15
-16
70
7
-93
36
125
-80
-105
89
28
-69
54
5
-115
86
39
-136
53
80
-120
47
63
-78
54
13
-101
110
-48
-69
124
28
-143
2
36
2
80
-56
-140
59
124
41
-151
-93
180
-86
-83
235
-59
-252
222
-74
-71
256
-132
-202
250
149
-373
26
359
-209
-54
216
-236
-10
383
-200
-236
207
0
-148
52
195
-178
-62
182
-126
38
159
-144
83
12
-168
14
107
-40
29
-151
36
102
-49
83
-86
-85
83
26
-65
41
116
-205
-30
142
-85
-105
163
198
-297
37
91
-46
-14
132
-64
-155
113
111
0
-11
-135
96
37
-76
-79
129
-36
-102
71
-115
-21
186
18
-162
90
195
-49
36
-48
-56
-157
-58
41
102
-1
-168
-9
-7
204
126
28
-14
-133
148
-10
-162
10
106
-46
-174
164
-15
-171
54
70
-146
-32
63
-11
98
64
35
-144
-125
162
119
-140
39
45
-22
50
51
-195
-19
214
114
-74
-192
-63
6
227
79
-319
245
62
-47
157
-214
-143
57
102
48
24
-98
-121
145
6
-153
-58
104
371
-92
19
-59
-220
-376
218
-101
-218
566
-120
-91
299
70
-431
214
15
-315
154
-79
352
111
-115
-279
-430
-57
19
-24
2
301
174
-112
183
309
24
181
-11
-175
214
-38
-325
-205
328
-54
-260
330
-456
-412
-42
104
88
159
-21
98
318
-27
189
308
237
-158
411
32
-511
-273
-216
95
118
275
-27
-247
-306
-278
-126
-170
-116
16
-28
-398
154
395
-212
154
21
-191
439
540
5
170
265
-289
227
319
-191
239
157
-572
-98
120
-367
-429
107
135
159
655
-194
-931
-213
-138
-243
497
166
-555
122
423
-333
185
742
-51
-140
369
270
-168
-62
-158
-488
-55
73
-636
79
793
-102
-296
294
16
-14
369
121
-495
-639
110
271
52
380
340
-318
-100
457
152
-159
-83
-89
-145
-75
-114
-418
-433
153
-112
198
287
-515
-39
461
72
286
574
-135
136
316
-427
-164
88
-489
191
548
-303
-49
-65
-635
-175
18
-285
475
547
-226
43
197
-320
-287
-144
-116
125
307
452
280
-1
-130
-112
-296
-581
-506
-294
171
473
452
287
208
74
-253
-52
-124
115
533
438
425
61
-276
-48
-224
-531
-449
-534
-68
600
100
-260
134
5
27
266
-124
-278
-6
67
189
290
-7
-376
-45
258
87
-210
-299
200
337
-85
40
338
-345
-198
358
205
-34
-246
-158
-357
-215
156
27
-195
269
602
160
344
444
-77
-90
-99
-744
-710
-32
-527
-319
187
-115
78
354
595
569
414
459
163
-90
-313
-240
-200
-507
-2
203
-154
-129
-21
-41
-16
456
72
-613
-59
195
-144
-133
503
399
-53
15
354
397
-181
-299
82
194
8
281
355
361
315
-92
-64
96
-270
-808
-998
-690
-579
-458
16
-16
-4
261
96
-389
-320
3
10
451
680
529
516
409
52
133
-31
-590
-417
-322
-619
-381
30
-144
-13
201
-60
-231
-181
-244
-180
218
148
87
580
479
-24
178
269
-105
-89
-16
-254
-128
104
-123
-169
-13
147
168
-51
155
321
121
24
42
-168
-256
-120
-254
-426
-245
214
264
315
686
473
45
208
119
-203
-13
-161
-365
-159
-216
-197
-75
-323
-342
-184
-501
-228
331
-89
-124
380
193
117
453
20
-380
76
92
-129
189
339
177
300
324
31
-37
-148
-331
-339
-375
-117
63
-241
-268
-39
-259
-299
80
99
-20
253
233
-55
353
476
80
256
304
-95
-150
-53
-220
-111
-165
-517
-262
-45
-190
-74
13
-273
-244
90
-11
72
445
236
-115
139
300
15
180
325
-163
-173
66
-229
-204
249
213
36
266
224
4
131
203
-35
-253
-248
-331
-362
-144
-29
-98
-2
254
224
306
487
186
-82
-165
-317
-364
-316
-330
-191
38
-4
192
393
230
292
287
3
-21
111
-73
-110
105
-36
-77
78
-236
-272
132
-134
-349
-33
-139
-286
83
117
-175
31
86
-296
-170
163
16
-39
56
-4
-11
-50
-73
-116
-132
-162
-243
-232
-199
24
31
-144
-159
-105
71
54
-91
-61
-33
-129
-139
0
38
-23
-3
-114
-441
-510
-669
-1081
-1097
-970
-1135
-1071
-638
-389
-59
254
-117
-392
-367
-631
-675
-507
-543
-509
-325
-272
-328
-284
-552
-1069
-1244
-1560
-2002
-2001
-1664
-1337
-1085
-685
921
4559
8604
11740
14251
16653
17793
16576
14005
10728
7159
2687
-2221
-6115
-8803
-10052
-10754
-10957
-10252
-9066
-7664
-6631
-5751
-4414
-3036
-2549
-2159
-845
505
1255
2067
2723
2597
2430
1684
153
-1002
-1911
-3248
-4410
-4780
-4415
-3356
-2183
-193
1795
2021
844
-133
-917
-2804
-3877
-4369
-5194
-4840
-3486
-2269
-1335
455
1911
1823
1723
2263
2343
1855
1653
1256
671
234
-247
-871
-1558
-1881
-2269
-2660
-2760
-2431
-1658
-1580
-1242
-59
668
1191
1937
2070
1623
1346
429
-1119
-2475
-3901
-5666
-8107
-10171
-9405
360
17736
29615
29155
25189
29497
31973
23002
11032
3973
-1138
-10799
-19427
-21611
-18399
-12863
-11097
-12216
-10861
-5865
-3274
-5809
-6672
-4288
-3795
-5804
-4436
1631
7992
12737
15139
14805
13233
12180
8359
271
-6383
-10602
-15887
-21252
-21868
-17775
-14028
-11443
-8450
-4814
-1906
-402
578
626
642
1346
1495
1727
4526
8795
10827
11145
11547
11138
8731
4621
379
-2624
-4752
-7111
-8412
-7191
-4619
-2474
-1333
-301
890
1313
670
12
272
917
1303
1514
2269
3910
5209
4864
3627
3197
2764
898
-825
-1159
-1451
-2159
-2433
-2507
-2415
-1935
-1958
-2589
-2564
-1927
-1987
-2688
-2573
-1859
-1420
-1297
-1077
-324
585
978
638
379
-233
-1333
-3122
-4864
-6527
-3461
10756
25939
30367
24308
23105
29055
24157
10339
-700
-4466
-9581
-19890
-24204
-20828
-13063
-8324
-9479
-9014
-4751
-801
-3341
-6963
-4230
-1212
-2527
-2677
3795
11850
16553
17926
16224
12894
8612
3147
-5285
-13242
-17386
-20412
-23236
-23481
-17691
-10450
-6620
-3691
-528
2126
2620
2101
1853
1794
2981
3811
4562
7142
11175
13431
11820
9131
6587
2444
-3533
-8756
-11513
-12854
-13340
-12696
-9640
-4366
848
7770
15029
17900
16031
11900
7989
2431
-2553
-5320
-8405
-9529
-7406
-4328
-2604
-289
2912
3107
1413
1523
2364
2261
2685
3497
3021
1720
503
-1280
-3971
-5215
-5576
-7172
-8174
-7021
-4676
-3274
-1530
1050
2113
2374
2714
2415
892
-988
-3109
-5957
-7686
-6636
5055
23255
32767
28058
20148
25664
26768
12701
-3137
-8827
-8403
-16567
-24548
-22044
-11842
-2636
-4182
-7168
-3893
898
-1571
-9020
-7196
-402
235
-2434
2443
13728
19888
19046
15294
11206
5888
-1156
-9538
-16857
-19123
-20106
-21681
-20841
-14814
-6411
-2242
-553
542
1504
1992
764
228
967
3852
6575
6857
8418
11790
13564
10158
4320
-60
-4391
-9815
-14976
-16409
-14103
-11263
-8956
-5428
920
6444
8790
8984
12460
18447
17667
11980
7058
5985
2254
-5013
-8587
-10158
-10115
-9861
-9199
-6771
-2288
3246
4165
3699
7161
9727
7361
4515
5054
3645
-895
-4707
-6942
-8052
-7767
-7356
-8306
-6618
-2642
-648
-116
2087
5054
4150
1727
1131
264
-1634
-4404
-6229
-7518
-7222
-6519
-838
16435
31299
31133
19887
19656
26741
17485
-318
-9533
-6202
-7515
-18017
-20508
-12176
-688
-932
-9748
-9912
-3676
-3267
-12556
-13558
-1812
4402
1617
2752
14331
23624
21651
14439
9122
5563
-1792
-11653
-18097
-17875
-16426
-18399
-18322
-13057
-5520
-2503
-3012
-2266
-1386
-689
-1257
-819
2412
6738
10641
11240
11247
12494
12245
8129
569
-5168
-8559
-12016
-15549
-16002
-11223
-6019
-3955
-2452
2222
7467
7980
6740
10836
15645
15019
10267
7050
5887
1751
-3146
-8190
-11134
-10338
-9448
-9320
-7101
-420
4552
4305
5403
8768
9648
6861
4357
3188
1032
-1815
-4873
-7286
-7465
-6278
-7112
-8019
-5356
-1929
-574
548
3277
4443
3007
1627
435
-1259
-2978
-4854
-6828
-7932
-6811
-6640
-2511
14762
30740
31612
20598
18961
25917
17819
384
-10327
-7094
-5557
-16185
-21375
-13344
-272
-742
-11953
-12219
-4241
-3540
-13343
-14076
96
8875
5792
4645
15359
25898
22779
11875
5573
3989
-3438
-15269
-20667
-16961
-13990
-16958
-17374
-11337
-3918
-2478
-4431
-3293
-952
276
-452
1066
6634
11620
13745
12591
11657
11084
7849
2166
-4913
-9719
-11981
-13805
-15263
-13691
-7532
-2125
-855
-277
3338
7544
7178
5023
5310
9873
18066
18744
13198
8374
5366
-1033
-13029
-16665
-15409
-15642
-13793
-8390
-357
5385
10314
11827
9708
10001
8271
2145
-2044
-365
-321
-4839
-6395
-5160
-5493
-6691
-6107
-5888
-4900
-1939
-301
1042
3872
6435
4445
1169
863
-1138
-4651
-7200
-8715
-10955
-11046
-9417
-954
18169
32044
30162
18472
20147
25978
13129
-4809
-10689
-4101
-6180
-17373
-17915
-7569
2769
-2886
-13857
-11481
-4254
-6935
-16845
-11704
5693
11873
6900
8481
21405
27434
18071
6442
2462
125
-9729
-20015
-20312
-12919
-10579
-14565
-13520
-6232
-1253
-4100
-6836
-4075
-1015
-368
-366
4312
11631
15365
14913
12359
10945
7623
1190
-5405
-10332
-12270
-13012
-12993
-11706
-7766
-1635
1433
856
902
3871
5655
4070
3504
8129
15760
15198
11430
9949
8333
2000
-8840
-12866
-14493
-14774
-12111
-8550
-2147
4378
9637
9257
7653
9729
7411
1511
-1452
-102
-761
-3394
-3352
-3453
-4312
-5060
-6078
-7392
-5705
-2333
-1669
-146
3316
5468
4184
2520
2019
-1112
-4209
-6240
-8550
-9017
-8644
-7727
-7434
4717
25452
32767
26189
16243
20126
20897
5940
-8832
-11488
-2969
-5760
-16438
-15090
-3029
3409
-8308
-16755
-9998
-4205
-9896
-16160
-4704
12464
16039
10454
12343
23154
23588
10138
-1182
-1963
-3705
-14485
-21408
-16140
-7434
-8188
-12969
-10777
-4547
-2777
-7381
-8091
-2545
2163
3085
4135
10905
16925
16573
12578
8722
5872
111
-6703
-11231
-12564
-11276
-10449
-9558
-7476
-3544
91
228
-751
79
2986
4562
4883
7937
18656
24239
16825
8119
2332
-2302
-12963
-19152
-17413
-15512
-9977
-4215
1279
6489
11117
11527
5405
4449
5974
2389
-1260
716
3660
631
-2431
-4268
-7079
-8607
-8435
-8787
-7792
-2272
1347
2207
4939
7761
6198
1567
-409
-2752
-5421
-6341
-7763
-9207
-8023
-5831
-1414
14717
30771
31143
17651
12378
18695
11696
-4118
-11960
-5990
-398
-7738
-13162
-8310
1596
-624
-14627
-16893
-8175
-5647
-13241
-11209
7132
19089
15408
10361
15713
21161
13466
106
-5491
-3994
-7814
-16055
-16528
-7732
-3079
-8653
-12706
-9603
-5666
-7520
-10306
-6102
1275
5680
6332
9451
15783
17152
12484
6684
3401
-351
-5907
-9450
-10094
-8586
-6930
-6507
-6652
-5689
-3099
-1960
-2651
-2127
1229
4983
9219
19166
22981
17841
10097
3201
-2481
-11386
-14122
-14410
-14305
-9480
-4029
444
2595
6043
6880
3667
3894
4643
3546
2815
4937
5033
1517
-1096
-4641
-8599
-10083
-8661
-8115
-6711
-2269
436
2271
4477
5594
3862
833
-647
-3499
-5038
-4813
-5265
-5994
-5064
-3744
4504
22696
32767
25852
11234
11905
16031
4024
-9507
-10864
-1051
-33
-9140
-10982
-4148
1715
-7870
-19116
-14266
-5250
-7073
-13477
-3347
16097
21063
12740
9743
16371
16348
4491
-5375
-4362
-2474
-9221
-15424
-11151
-2508
-4247
-12662
-14508
-9953
-7587
-10528
-9019
-349
7204
8907
8290
12220
15603
11989
5317
1556
753
-2519
-6522
-7169
-5353
-3802
-4507
-6656
-8272
-7950
-6437
-5555
-3823
-79
5016
8235
14745
23568
21602
12938
3814
-939
-6829
-13185
-12558
-11640
-8858
-4677
-1731
-259
1054
3875
2411
1260
4605
6562
5382
5371
7114
4551
-190
-4179
-8261
-11120
-10376
-7812
-6063
-2013
1579
2242
2984
4276
4195
598
-1319
-2140
-4264
-4603
-4303
-3650
-3338
-2784
-1319
11291
28163
30591
17696
7913
14210
12560
-1762
-10217
-4889
4004
-1555
-10377
-9458
-2326
-2934
-16598
-20847
-10696
-3796
-9070
-10287
5803
20304
17557
8755
9968
15127
9984
-1365
-4923
138
-592
-8844
-12566
-6849
-3069
-10231
-17025
-15652
-10680
-9690
-10315
-4123
5186
10244
9224
8838
12273
11830
6362
1692
1338
1279
-1466
-3325
-3268
-2837
-3766
-6030
-8789
-10178
-8830
-6196
-3022
1015
5499
8432
9284
12217
15008
11422
5350
696
-1773
-4991
-7488
-6546
-5970
-4828
-3063
-2044
-1320
168
2148
2262
3220
6099
6622
4627
3478
2806
95
-3309
-5948
-7874
-8484
-6975
-4956
-3277
-361
1675
1972
2076
2482
1841
-356
-1867
-2790
-4137
-4236
-3843
-3459
-3145
-131
15733
30361
30176
15864
6376
12883
9619
-4365
-11850
-3592
6150
-1433
-9782
-7066
-303
-5191
-20186
-21547
-9807
-3512
-9048
-7751
9640
22413
16279
6176
8557
12915
6131
-4484
-3895
3464
1380
-7273
-10111
-3998
-3260
-13482
-20080
-17176
-11203
-10796
-9970
-1227
8058
10885
8071
8016
10932
9193
3641
477
2292
3282
962
-826
-901
-1643
-4750
-8381
-10720
-10440
-7708
-4485
-1304
2327
6448
8399
9767
12342
10873
5932
656
-1874
-3346
-4984
-4243
-4024
-3858
-2878
-2114
-1901
-1257
1011
2269
3263
5524
6814
5718
3936
2614
-95
-3122
-5497
-7422
-8350
-7282
-5211
-3845
-1682
369
840
1205
1574
1441
-227
-1589
-2673
-3497
-3052
-1997
-2075
3315
21367
32432
26147
9911
4945
10192
3111
-8435
-11132
-407
6410
-2460
-8709
-4675
671
-8635
-22226
-18166
-5231
-2451
-8752
-3464
13644
20444
10677
2825
7032
9749
2091
-5608
-306
7662
3246
-6586
-8853
-3435
-6042
-16232
-19921
-14775
-8630
-8988
-7374
1070
7919
7091
2350
3543
7632
6970
3871
4302
8079
8498
4562
586
-1496
-3579
-6885
-10281
-11228
-9323
-6914
-5072
-2525
1085
8536
14743
12165
8237
4794
2520
-1086
-3134
-1044
-1980
-2503
-2164
-3360
-4777
-4603
-3314
-3725
-763
5256
7279
6251
6988
6684
2594
-452
-2235
-4869
-6902
-5908
-5137
-5357
-2989
-2048
-3085
-2949
-1190
-453
-1397
-509
198
-665
54
362
606
682
8609
24771
30727
22274
6346
4134
8535
780
-8909
-7634
4056
5060
-5549
-9289
-4974
-3635
-13629
-20925
-13351
-1376
-853
-5981
702
14131
15033
3449
213
6608
7449
757
-1467
6495
9600
2068
-6270
-7117
-4222
-9519
-17013
-17178
-11300
-7727
-9016
-6007
707
3420
295
-2010
1501
5288
5445
5244
8246
11172
9860
5819
2689
478
-2761
-5611
-6909
-5768
-4118
-4090
-4637
-4013
-1124
-33
-560
321
2341
3691
3390
3802
3958
2696
1013
-461
-934
-825
-563
-811
-673
571
1399
959
601
1041
744
-89
-713
-1007
-1665
-2678
-3120
-3054
-2320
-2127
-2437
-2224
-1682
-1431
-1803
-1788
-1576
-1786
-2032
-1241
-180
824
1884
13643
29317
31064
17256
3260
6793
8409
-1253
-7866
-1952
8019
2409
-8967
-10547
-5260
-7413
-19618
-21341
-7899
2036
-3020
-6574
3732
13262
7547
-1843
1809
9293
7935
1543
2957
10783
8953
-1372
-8227
-5664
-3946
-10604
-14590
-10820
-5697
-7156
-10207
-7014
-2632
-2881
-5503
-3773
1596
4733
4822
6035
8976
9455
7077
4350
3413
2630
1441
991
749
1010
-634
-3970
-6551
-7039
-6222
-5873
-3182
297
1452
734
486
1124
810
1158
2103
2903
3566
3884
3214
1740
1218
371
-872
-975
-54
128
-774
-981
-1481
-2545
-3418
-3632
-3366
-2873
-2183
-2074
-1899
-1452
-1101
-1226
-1422
-1606
-1829
-1897
-1306
-453
1164
1883
9907
24694
29258
18498
3417
5040
10847
5398
-1239
1564
10071
5734
-7075
-12440
-8916
-8117
-17511
-21317
-10432
1121
-1882
-8397
-2897
5694
3263
-3869
296
9537
10899
5673
4596
10271
9925
1716
-5069
-3640
-816
-5611
-10391
-8865
-5692
-8238
-12234
-10159
-5744
-5016
-6837
-5206
-944
1646
1493
1973
4697
6264
6077
5275
5523
5850
4932
3946
2622
1773
888
-199
-343
-596
260
-711
-3340
-4738
-5135
-4533
-4097
-2436
-1193
-1238
-835
87
560
1071
2796
3964
4028
4295
4574
3292
1493
990
-93
-1285
-1387
-1568
-2827
-3715
-3375
-4177
-4836
-3782
-2861
-3029
-2836
-1931
-1867
-2360
-2072
-1945
-1998
-836
910
1793
5197
18497
28061
22901
8259
2277
9720
10697
5033
3340
9729
11177
-526
-10028
-9205
-5599
-11177
-18941
-14501
-3357
-2002
-10483
-11592
-4126
-954
-5125
-3390
6827
11587
7374
3019
6288
9447
5324
333
607
4432
2587
-3250
-5265
-4226
-6283
-11492
-12042
-7970
-5946
-7780
-8297
-5858
-4023
-3650
-2766
61
2491
3538
4196
4812
5532
5410
5268
4958
4861
5054
4751
3492
2754
5269
4077
-985
-4681
-4849
-4435
-5302
-3303
-2600
-4275
-4641
-3526
-3297
-2551
798
2093
1747
3918
6308
4628
2864
3583
2240
308
712
1195
-999
-2157
-1696
-3188
-3745
-2048
-1679
-3480
-3705
-2870
-4058
-4476
-3063
-2773
-3536
-2610
-989
-1240
-198
1745
7898
19144
23437
15707
3472
4762
12916
11956
7287
8333
13062
8208
-2856
-7323
-4055
-3390
-10476
-14118
-7844
-1638
-7408
-15084
-12962
-7130
-6695
-7880
-1279
5781
5343
589
-295
4334
6411
4580
3390
6289
7854
3609
-774
-1176
-1281
-4864
-6527
-4308
-2795
-4869
-7630
-7963
-8082
-7989
-6960
-4786
-2784
-1857
-1216
-732
152
1271
3308
5197
6094
6199
6461
8149
9182
7324
3310
518
446
558
-489
-1587
-2588
-4431
-6092
-5909
-4238
-2802
-2287
-2223
-1682
-20
1448
1645
1665
2496
3037
2300
1557
1252
424
-750
-1044
-276
697
898
162
-937
-1571
-1575
-1899
-2161
-2138
-2170
-2596
-3244
-3564
-3439
-3460
-2813
-1391
2387
13280
19934
14500
2462
-179
9528
13562
10640
9740
13874
12127
1486
-4638
-1115
2343
-3160
-8872
-5790
-190
-4998
-14533
-14767
-9077
-7224
-9574
-5573
1259
497
-5518
-7173
-1551
2554
2299
2306
5381
7003
3518
-72
460
2610
1099
-579
918
2321
-328
-4598
-5413
-5042
-5313
-5281
-3694
-2904
-4048
-5119
-4111
-2287
-2500
-2114
65
3266
3687
2103
2112
3092
3902
4331
4986
4920
3546
1379
-179
-223
509
306
-937
-770
-486
-1607
-2686
-2033
-714
-449
1
729
692
-129
-1061
-1838
-1564
-448
-64
-346
-125
353
-604
-1516
-467
839
801
196
-143
-602
-1266
-1687
-1695
-1603
-1128
-1168
-1132
-434
7127
16267
14236
3250
-3732
4181
12430
11009
7625
9946
11561
3875
-3708
-1367
5483
3331
-4451
-5443
292
-287
-10095
-13578
-8365
-4599
-7403
-7461
-1782
-1232
-7194
-10409
-5353
304
788
-640
734
2774
795
-1854
-793
3293
3728
1231
1332
3103
1748
-2372
-3039
-1112
-565
-1590
-1100
-509
-2349
-4440
-4724
-2854
-1325
-598
-715
-609
-253
-1038
-1802
-579
1816
2062
1122
1171
1625
431
-500
745
1998
2152
1400
1200
1032
528
-41
-121
897
1883
1531
342
20
-212
-1064
-1832
-1319
-410
-596
-1242
-1740
-1589
-1376
-1147
-825
-478
-465
-1316
-2056
-2075
-1382
-1493
-1549
-943
566
2127
8379
15373
12895
3174
-1706
6472
13929
12250
8983
10502
10083
2114
-3690
146
6476
3757
-3040
-3821
-315
-2939
-10974
-11703
-6070
-4014
-7924
-8212
-3822
-4159
-9470
-10750
-4910
-129
-429
-1978
-832
75
-1797
-2700
36
4081
4021
1643
1175
2073
1085
-761
167
2077
2159
654
-60
-540
-1961
-2929
-2594
-1184
-209
-403
-1659
-2680
-3154
-3157
-2468
-816
526
-90
-1070
-1204
-589
-266
190
1265
1922
1730
1026
804
994
1375
1544
1867
2138
1920
1177
334
338
664
769
270
-186
-480
-1154
-1925
-1942
-1172
-778
-989
-1163
-1147
-1483
-2090
-2228
-1760
-1406
-1531
-1892
-1240
961
6707
11707
9418
2419
-229
6347
12802
12812
10970
11369
9727
3627
225
4088
8663
5785
-136
-1738
-266
-2712
-7911
-8064
-4785
-4758
-8416
-8968
-6565
-7600
-11459
-11430
-6393
-2719
-3157
-4541
-3934
-3361
-3990
-3244
212
3592
3099
780
371
1556
1817
1683
3000
4102
3375
2170
1714
1076
-47
-331
505
1286
989
-311
-2094
-3135
-3099
-2808
-2206
-1387
-1399
-2709
-3560
-2696
-1560
-1207
-716
87
258
-119
-213
401
1298
1930
2109
2045
2036
1888
1357
977
1138
1194
927
850
1157
1234
550
-285
-831
-944
-883
-802
-757
-825
-1095
-1784
-2198
-2297
-2211
-2437
-2657
-2603
-505
5272
9928
7815
834
-1194
4294
9726
10481
10553
11942
9765
3699
979
5607
10376
8461
3447
1836
2203
-1033
-5239
-4737
-1490
-2402
-6556
-7528
-5715
-6885
-10932
-11487
-7896
-5379
-6413
-7605
-6811
-6384
-7197
-6546
-2780
744
792
-1022
-1098
326
879
1154
2879
4692
4268
2464
2745
3951
3396
2216
2262
3451
2764
994
250
15
-626
-1424
-1606
-1255
-1498
-2788
-3905
-3898
-2883
-2443
-2406
-1620
-1096
-1437
-1742
-851
318
570
516
784
969
1270
1706
1972
2076
1939
1585
1057
1031
1401
1296
889
714
547
268
123
224
-1
-675
-1126
-1158
-1188
-1350
-1466
-1507
-1862
-2406
-3136
345
6374
8321
3367
-2334
-79
5241
7297
7550
10107
11128
6309
732
1946
7904
9816
6825
3877
4014
2749
-1427
-2786
63
1777
-2014
-5665
-5038
-4314
-7194
-9674
-8164
-5915
-6331
-8152
-7968
-7085
-7492
-8440
-7336
-4104
-2268
-2844
-3694
-2842
-1815
-1461
-279
2050
3453
2594
1916
2950
3636
3467
3813
4843
4788
3372
2734
2729
1915
1116
858
695
112
-730
-1568
-2246
-2314
-2111
-2396
-2320
-1772
-2097
-2882
-2697
-1582
-1047
-1108
-547
22
62
56
280
713
1331
1738
1489
1169
1549
1849
1390
1282
1731
1641
932
644
975
907
390
-59
-372
-560
-490
-563
-751
-959
-1018
-1683
-2319
-2788
-258
4718
6999
3871
-1747
-1466
2809
5376
5901
8052
9993
6474
545
-33
5311
8545
7126
4787
4554
3473
-388
-2109
336
3094
962
-3027
-3948
-3258
-4850
-7317
-6793
-4856
-5116
-7507
-8106
-7103
-7017
-8138
-8130
-5908
-4209
-4051
-4483
-3930
-3224
-3252
-2900
-1147
972
1703
1567
1991
2488
1910
1938
3846
5578
5142
3623
3216
2895
2097
1929
2439
2487
1555
493
-360
-884
-992
-1179
-1604
-1572
-1460
-1951
-2365
-1917
-1344
-1506
-1429
-669
-245
-454
-585
-280
128
499
747
876
1150
1456
1387
1275
1592
1932
1661
1209
1186
1228
1086
959
1024
796
345
23
-144
-261
-418
-569
-771
-1101
-1577
-2039
-2184
694
4392
5183
1637
-1658
-286
2284
3485
4639
7204
7886
4490
519
798
4265
6328
5819
4527
4205
2529
-385
-1206
964
2651
762
-1833
-2668
-2965
-4457
-5663
-5338
-4686
-5328
-6666
-6884
-6287
-5973
-6762
-7270
-6501
-5356
-4826
-4541
-3556
-2869
-3083
-3291
-2108
-49
1128
1022
500
659
1363
1911
2537
3780
4583
4036
2909
2643
2953
2630
2221
2178
1911
1200
599
317
-59
-620
-924
-960
-909
-779
-864
-1074
-1214
-1155
-910
-444
175
427
154
-194
-164
180
580
953
1262
1339
1184
1208
1522
1888
1912
1600
1362
1257
1236
1209
1152
973
708
268
33
-57
-168
-391
-659
-908
-1138
-1463
-1723
-2016
-1871
605
3511
4057
1101
-1252
-235
1448
2071
3151
5696
6476
3766
749
940
2938
3900
3723
3549
3511
2150
239
-507
253
750
-304
-1654
-2253
-2623
-3433
-4179
-4484
-4633
-5071
-5428
-5343
-4955
-4493
-4802
-5394
-5404
-4652
-3834
-3349
-2764
-2265
-2284
-2382
-1846
-977
-200
123
324
562
898
1475
1988
2384
2753
2826
2359
1768
1513
1696
1727
1590
1430
1088
665
360
311
191
2
-61
30
175
307
336
282
200
184
315
616
1021
1148
942
752
700
668
800
1161
1427
1304
1052
1104
1274
1214
1019
865
803
733
579
475
352
125
-238
-502
-458
-387
-423
-471
-436
-525
-784
-1021
-901
-821
-1040
-1353
-1337
183
1755
2252
1143
225
630
959
1092
1868
3362
3788
2695
1616
1678
1972
1977
2042
2017
1790
1005
337
-61
-258
-415
-835
-1323
-1760
-2054
-2236
-2313
-2552
-2924
-3254
-3300
-3189
-3205
-3090
-2996
-3095
-3398
-3485
-3151
-2708
-2391
-2205
-2045
-1919
-1879
-1760
-1183
-435
18
-168
-273
3
294
572
938
1353
1315
945
849
1039
1214
1264
1207
1101
1015
1061
1198
1310
1422
1484
1397
1374
1506
1629
1543
1334
1180
1046
1015
1045
943
615
414
464
476
388
399
519
389
181
157
261
239
213
340
306
133
-24
-9
141
253
281
249
201
144
-28
-35
165
269
115
-55
-116
-208
-571
-807
-864
-839
-1086
-1060
101
1233
1236
-16
-485
15
276
257
904
2036
2043
937
244
637
991
967
1009
1325
1476
1053
726
613
728
539
-21
-493
-515
-342
-499
-808
-1150
-1575
-2307
-2773
-2662
-2379
-2333
-2659
-2913
-3093
-3265
-3324
-3043
-2534
-2275
-2397
-2480
-2175
-1709
-1268
-975
-707
-513
-404
-170
182
653
931
979
994
1103
1342
1577
1818
2013
2076
1962
1854
1820
1845
1764
1643
1588
1473
1259
981
882
835
699
521
415
375
301
151
51
63
106
158
141
266
377
383
391
443
591
613
590
532
571
688
726
575
425
434
421
289
145
227
216
-26
-303
-372
-309
-466
-746
-946
-965
-1021
-1257
-1384
-1296
-1250
-1526
-1756
-1265
-174
514
353
-6
108
375
364
664
1551
2190
1955
1454
1484
1696
1619
1628
1854
1837
1413
961
876
847
587
223
-192
-508
-793
-1062
-1248
-1408
-1658
-2054
-2448
-2584
-2494
-2451
-2517
-2648
-2698
-2729
-2688
-2495
-2148
-1890
-1805
-1708
-1499
-1067
-615
-262
-121
-64
103
386
648
882
1075
1124
1078
953
915
912
942
984
1001
1011
954
825
670
617
608
658
731
776
767
687
616
563
569
621
652
623
651
734
793
894
935
879
718
664
702
664
622
700
805
673
452
373
412
351
118
-62
-44
-47
-199
-375
-410
-402
-536
-642
-529
-353
-342
-476
-504
-379
-340
-403
-315
-92
-66
-298
-441
-328
-285
-463
-585
-276
355
971
1261
1061
591
96
-78
63
391
790
991
795
347
27
-47
55
187
344
253
-82
-305
-363
-450
-679
-755
-763
-884
-989
-856
-760
-970
-1153
-1071
-961
-1073
-1084
-953
-930
-1097
-1156
-950
-851
-902
-904
-782
-649
-611
-591
-461
-335
-373
-463
-430
-195
4
-5
2
158
293
277
236
348
533
605
655
844
991
1004
1025
1058
1033
933
893
871
813
782
869
939
836
709
640
651
656
563
521
573
538
374
215
217
309
262
217
292
274
92
-67
40
285
372
288
247
293
244
64
-54
46
177
102
-8
39
63
-53
-191
-251
-278
-299
-259
-256
-387
-542
-627
-639
-594
-560
-581
-609
-610
-624
-666
-647
-570
-589
-651
-549
-350
-289
-302
-162
38
99
67
124
214
201
187
278
400
432
404
397
410
405
347
282
291
319
269
205
215
182
-31
-258
-317
-330
-439
-544
-560
-575
-669
-726
-673
-644
-684
-681
-612
-546
-473
-411
-407
-420
-371
-302
-228
-166
-190
-254
-241
-148
-60
-21
34
111
118
89
112
170
204
266
361
404
392
431
436
476
622
739
681
589
646
806
828
734
668
673
685
612
549
589
627
515
381
384
482
503
430
347
409
400
221
149
286
217
-74
-241
-193
-91
-16
-158
-327
-359
-465
-623
-519
-354
-418
-499
-427
-404
-437
-393
-361
-287
-169
-186
-274
-275
-256
-312
-300
-181
-179
-215
-184
-214
-264
-236
-183
-191
-264
-224
-149
-109
-110
-189
-275
-333
-310
-181
-108
-122
-183
-260
-295
-255
-151
-68
-43
-28
-108
-147
-37
24
69
120
189
263
251
212
179
226
279
278
294
311
343
396
306
218
323
272
137
184
211
139
57
86
138
164
178
180
247
290
234
94
95
119
17
-186
-173
-111
-253
-392
-300
-178
-257
-329
-262
-91
-83
-111
-46
-67
-83
75
200
169
231
184
189
266
226
213
47
18
172
126
41
213
135
-60
1
-5
20
13
-108
-124
-87
-125
-171
-133
-128
-92
-100
-37
46
37
-169
-223
-46
-8
-93
-81
120
93
-54
-116
-133
-126
9
76
-106
-110
-91
-173
-207
24
136
-74
-105
-139
-290
-293
-206
-168
-108
-89
-67
29
-89
-79
59
66
35
74
189
252
253
128
181
306
300
495
506
385
377
279
197
289
390
359
378
360
280
237
106
115
84
-15
-74
-118
-115
-202
-345
-407
-368
-528
-650
-644
-459
-596
-644
-494
-408
-330
-388
-390
-123
-20
-30
16
3
-53
-85
21
146
243
196
271
226
72
224
226
63
192
163
93
109
10
70
-15
-109
-28
-36
-138
-223
-195
-191
-137
61
21
-45
-33
-47
-15
-17
-53
20
69
144
264
343
212
74
80
36
218
309
224
176
127
75
100
-95
10
2
57
159
175
145
128
-42
-132
123
200
120
198
112
25
119
42
36
54
134
144
127
192
91
84
-67
-87
140
147
57
166
146
-84
-58
-140
-187
-65
17
-60
200
-158
-306
-247
-258
-183
-304
-247
-303
-413
-545
-472
-527
-424
-275
-282
-266
-146
-279
-221
-73
5
192
44
87
121
77
89
141
-5
-4
44
6
274
269
42
59
56
59
110
-94
-56
95
-14
-72
-128
-7
-14
46
-23
-198
-163
8
53
185
212
26
-112
-80
68
-73
-27
132
109
222
179
3
-136
-70
-22
-76
80
219
168
-39
264
303
-57
59
232
295
556
592
364
293
289
156
223
420
422
245
249
259
20
-73
43
59
-12
130
-14
60
-20
-204
-283
-278
-210
-163
-51
-177
-215
-150
-325
-356
-97
-144
-266
-556
-290
-152
-449
-235
-148
-354
-535
-567
-422
-187
16
-89
-103
-217
-677
-431
-12
200
79
8
61
179
10
-67
0
-79
39
162
349
355
285
62
-6
31
420
597
386
411
489
278
167
89
127
181
239
377
-142
-182
118
6
-406
-265
-192
-201
14
-61
-248
-188
-93
-366
-347
-133
-178
-188
-105
168
-64
-74
229
69
-153
-123
164
375
264
190
113
42
187
331
213
80
384
362
272
401
134
233
348
-56
-111
176
209
116
287
74
-40
21
-165
-278
-150
-144
17
84
158
226
-194
-375
-280
-249
-154
69
114
-88
17
-93
-484
-348
-232
-207
-167
-190
-177
-323
-394
-328
-458
-444
-252
-135
-50
-146
-365
-206
-425
-364
-260
-328
-259
-1
45
-207
7
121
-45
169
397
312
362
541
564
543
534
316
267
483
483
625
391
212
367
169
-26
81
296
174
201
49
-259
-364
-149
-14
-114
-54
-125
-130
117
-36
-168
-241
-213
-6
73
16
104
-133
-143
-46
-319
-152
69
-257
-11
465
149
127
60
68
-201
26
3
33
334
18
-139
148
-1
-272
126
-65
-124
102
-237
-109
-22
-152
-253
-365
-361
-329
71
352
270
135
-99
-409
-413
-4
252
59
1903
1461
-277
-229
-616
-744
-159
265
75
169
193
-229
-584
-649
-861
-553
-234
100
-23
-262
-305
-347
-429
-236
-108
-249
-133
-224
91
151
-46
-42
-43
86
245
309
349
164
240
558
374
167
287
253
249
450
426
214
195
248
-247
-21
242
91
-104
123
254
109
254
281
78
-99
248
6
-2
314
-36
-54
66
52
27
-81
202
153
63
164
-53
-529
-318
94
96
-262
-33
224
-90
-201
-227
-315
-174
164
-105
-236
131
-191
-92
-150
-121
-193
-255
-232
-321
-213
-268
-72
-129
-299
-283
-96
-179
-35
182
-107
-24
93
126
-23
61
341
-17
-176
62
64
-30
-6
-167
-17
50
-52
55
310
-203
-321
197
8
53
243
58
232
160
-78
-85
-237
-113
225
191
175
210
137
-84
-235
111
112
-18
-20
-61
-438
-346
-34
-235
212
608
90
66
325
-4
-200
-69
112
466
522
445
360
136
1
-132
-183
153
285
-3
271
335
-168
-459
-34
-38
-31
286
422
243
204
164
-301
-448
-131
-20
-281
141
349
-40
46
268
-181
-384
-358
-536
-216
240
89
-13
15
-75
-263
-442
-272
-231
-170
153
-100
-158
51
-38
87
84
-166
-196
-163
-45
-59
-233
-159
-154
106
113
46
127
-161
-209
-132
176
261
115
180
-141
-360
-217
-279
-164
386
198
-66
207
249
-222
-395
-98
394
421
115
243
-206
-280
-379
-289
-162
149
319
283
306
166
-63
-252
-210
-199
-244
102
696
751
397
108
-30
-310
-38
454
264
-149
350
629
192
56
114
82
78
-49
-504
-425
-97
69
11
-118
-205
92
61
-12
150
-221
155
414
191
-79
-262
-250
-604
-432
323
152
-490
-217
82
242
327
150
82
359
308
31
-89
-171
-270
-184
-154
-113
-236
-302
-216
-44
249
-515
-334
-7
-262
95
301
-159
-644
-699
135
-4
-553
-212
42
162
286
23
-352
-396
75
-34
58
756
451
529
684
269
219
139
-3
36
183
238
580
167
362
156
-740
-481
-63
-617
-348
90
24
-171
-191
123
304
208
249
466
-111
-75
71
-193
180
238
47
218
92
-42
-232
-115
-243
-268
-248
-70
9
-60
557
530
-21
-225
120
-143
-452
-409
-417
304
314
-97
-147
-246
-638
-713
-60
-13
-8
606
202
-728
-461
-219
12
755
770
412
276
-136
-198
-115
-35
215
594
540
242
58
-322
-261
-344
-663
-182
287
-292
72
130
-812
-242
174
-88
231
550
546
62
-311
13
11
39
520
313
55
123
-100
-342
-78
-213
-441
139
238
-299
-430
-118
-351
-567
-335
-8
-178
198
680
92
-306
104
35
-131
481
343
-134
82
402
113
132
238
-138
-92
462
201
203
448
48
-160
291
316
-184
-173
53
-123
-158
237
218
-69
-187
-130
-177
-89
-348
-667
43
193
-270
-49
73
-152
-248
-440
-424
-301
-165
-183
-185
179
460
614
332
236
88
-111
172
-148
-78
585
437
361
578
343
-227
-183
-161
-410
-371
1
377
-127
-285
-125
-372
-503
-153
221
119
-187
-144
108
-528
-219
367
-395
-671
312
485
587
606
35
-154
-72
36
100
31
-117
-2
-105
106
14
57
22
-281
30
-145
-163
109
-233
-191
249
113
114
60
-117
41
403
473
-153
-186
-151
-417
-196
89
157
-60
-9
187
-258
-349
-142
-577
-516
-36
161
223
558
549
398
-125
-556
42
137
166
416
524
507
588
475
344
188
-67
142
193
-96
238
228
-134
-201
94
-255
-477
-59
-220
-688
-328
14
-445
-536
-150
176
217
364
37
-110
-103
-174
-35
273
432
98
-19
294
364
96
134
-23
-228
-107
-74
-403
-305
469
89
110
489
71
-356
-663
-681
-413
-87
187
400
35
104
355
-234
-647
-234
-286
-42
369
441
178
-36
-129
-541
-497
-274
-371
-149
83
443
382
31
132
-164
-362
104
476
170
192
265
80
65
143
43
169
97
238
427
180
-8
-105
-451
-250
284
186
43
-74
154
112
157
142
0
91
-257
-242
191
-35
-264
-17
30
454
515
-59
-297
-145
-188
-166
163
203
260
394
256
52
-168
-411
20
130
49
118
-101
9
329
191
41
470
356
131
-100
-328
-283
81
-13
-38
-19
-265
-13
-22
-155
2
-99
-377
-254
-274
-488
-585
-171
-403
-283
-22
-251
-213
-450
-348
-57
74
-21
153
553
457
-38
-24
-238
-392
-101
716
940
501
478
481
267
141
-21
-179
-52
539
651
183
-119
-144
-553
-848
-533
-411
-235
-107
132
165
-2
-72
-79
-14
153
57
-47
508
457
96
192
-185
-630
-314
-10
-247
385
976
316
69
106
-187
-196
309
338
162
239
-73
-149
89
45
-36
225
388
295
274
415
86
-426
-368
-490
-559
-374
-119
62
-73
-55
-30
-140
-601
-542
-41
270
232
-66
-138
-73
94
18
-114
-141
-53
71
48
-229
-71
270
479
388
254
145
-86
11
-44
-344
-565
-554
-195
45
310
635
148
107
318
172
-101
15
220
119
191
452
187
-196
-209
14
-5
11
38
8
-4
-35
45
-320
-502
-381
-492
-91
550
-88
-293
-128
-517
-328
115
169
338
494
342
240
258
285
91
161
195
-109
-256
-513
-328
-75
-159
-21
201
22
-157
-54
-127
-588
-629
161
581
442
339
48
-346
-472
-559
-287
-216
115
494
564
166
-250
126
-57
-330
-79
112
-86
-153
122
80
-115
131
267
240
219
220
-56
-66
310
465
389
437
365
360
378
343
169
-175
-359
-546
-38
159
101
92
361
180
-29
-317
-612
-326
-427
-268
57
-121
-83
27
-112
-160
-108
145
158
-175
-267
-117
-258
-128
-255
-426
-41
139
-114
-133
-306
-359
52
15
-332
-416
-32
0
65
336
207
151
52
-166
-157
-115
-213
117
332
209
211
249
411
264
127
38
-34
-137
-64
150
4
-183
159
318
48
137
47
42
44
75
30
106
229
251
323
212
110
-4
184
327
229
-52
-73
-79
-122
-106
-411
-355
-130
-161
75
-89
-480
-303
-265
-455
-334
-210
-184
-197
-45
197
58
-224
-243
-124
-87
70
246
211
211
112
-27
-154
-57
252
92
68
185
104
95
57
28
79
-61
-280
-299
-294
-350
-239
86
56
66
261
105
-184
-157
41
-155
-50
199
31
188
534
288
226
543
261
-84
147
75
-255
8
235
193
261
102
-312
-165
95
-172
-221
-134
-142
-1
66
-92
-117
25
-5
-233
-97
-41
-139
-40
59
59
8
174
386
293
222
49
-113
62
16
-90
-110
-76
-190
-248
-86
-7
19
210
22
-236
-171
-116
-145
55
210
41
-67
38
-166
-474
-204
-67
-182
123
155
-176
7
64
-126
-91
-1
-86
-36
-98
-328
-189
105
163
181
219
144
41
5
-75
-151
-37
49
166
131
-24
-138
-111
-70
-25
40
-89
-102
80
184
179
142
36
-2
-44
15
-119
-129
121
74
83
179
145
-9
17
129
-29
38
172
160
-6
-19
145
-101
-171
133
2
-208
-42
15
-69
-114
4
-59
-265
-157
-55
-67
124
250
80
-77
-93
-125
-51
-32
-46
152
370
452
506
370
65
-15
-24
-82
-120
-173
-190
-56
64
12
100
127
-100
-235
-383
-376
-296
-239
-133
-202
-170
23
34
90
215
102
-39
-30
-49
-222
-362
-215
71
225
267
417
523
322
149
55
-233
-464
-371
-199
-109
16
182
220
190
180
204
78
-142
-133
-102
-102
-56
-104
-34
86
18
-22
69
104
11
44
67
-135
-195
-86
-135
-189
-79
-21
-53
20
105
97
79
57
-6
-75
-89
17
223
273
75
-23
96
188
120
-5
-9
9
16
116
58
-91
-36
55
8
23
125
94
15
30
-16
-149
-68
193
190
18
38
21
-129
-257
-223
-107
-103
-27
99
2
-141
-167
-181
-283
-384
-325
-228
-199
-141
-112
-111
53
168
145
64
-9
51
35
-101
-92
-34
-12
71
276
537
471
330
298
61
-52
65
32
-51
-21
68
140
87
9
-34
-52
-66
1
114
15
-74
-15
-79
-242
-246
-64
63
71
-15
-122
-115
-109
-66
-7
-76
-44
63
42
32
101
156
221
244
171
20
-165
-283
-241
-81
13
68
136
179
195
149
59
-42
-123
-174
-178
-174
-167
-143
-81
-5
56
66
37
85
87
15
-13
-70
-140
-68
23
-7
0
95
144
135
136
88
-5
-83
-110
-59
-31
-32
41
105
38
-51
-101
-139
-109
15
79
9
-20
-1
-104
-201
-179
-164
-128
-4
78
59
78
122
64
-8
-45
-120
-160
-105
18
114
109
109
130
89
67
92
30
-59
-54
-9
22
51
59
98
173
122
0
-61
-144
-219
-164
-77
11
146
190
129
92
60
-16
-68
-15
111
161
62
-9
84
125
54
44
67
36
-6
-44
-75
-28
56
59
-27
-67
-2
46
-26
-116
-99
-36
-13
-29
-10
97
184
140
51
1
-48
-104
-152
-192
-182
-128
-95
-68
0
37
24
16
7
-16
-9
-16
-75
-100
-80
-90
-105
-43
54
88
84
104
93
-23
-161
-173
-88
-11
35
62
86
117
100
16
-42
-38
-36
-38
-8
39
65
48
21
28
64
85
61
21
17
20
-39
-106
-105
-80
-85
-68
-40
-25
-4
14
-13
-33
-18
-21
-34
-24
-3
-4
-8
22
98
169
187
173
162
157
133
62
-19
-43
-28
-37
-63
-48
-13
5
21
46
70
62
18
-34
-51
-64
-77
-50
4
31
30
50
70
40
-2
9
35
30
23
47
64
61
48
32
-9
-76
-117
-91
-50
-55
-68
-30
23
8
-44
-67
-59
-55
-46
-29
-31
-55
-82
-107
-103
-83
-70
-59
-39
-16
-4
9
13
6
19
48
55
33
32
57
61
46
40
46
25
1
-7
-5
3
23
57
73
70
62
54
42
15
-19
-43
-45
-38
-47
-53
-36
-15
-16
-7
28
53
45
30
38
39
18
7
12
7
-9
-11
5
20
27
27
28
36
35
19
12
19
15
-9
-22
-13
-13
-34
-49
-44
-40
-51
-49
-31
-16
-11
-11
-9
-7
3
3
0
9
18
27
14
12
23
25
22
23
33
35
27
22
18
15
11
6
-6
-14
-18
-22
-27
-33
-24
-17
-17
-17
-15
-16
-23
-25
-22
-18
-20
-21
-16
-13
-15
-13
-4
2
3
3
11
16
13
8
9
8
7
7
5
2
0
-1
-6
-12
-11
-3
8
16
21
23
14
7
-2
-6
-8
-8
-1
2
6
13
17
18
19
24
27
30
29
27
21
16
12
8
8
6
11
15
16
13
9
2
-6
-14
-18
-20
-19
-17
-14
-13
-12
-8
-13
-11
-12
-12
-10
-7
-4
-2
4
-1
3
2
-2
-2
-3
-4
-2
-2
-3
-5
-5
-6
-9
-8
-7
-9
-6
-4
-7
