SAMPLES:	9114
BITSPERSAMPLE:	16
CHANNELS:	1
SAMPLERATE:	16000
NORMALIZED:	FALSE
1
0
1
1
0
0
0
0
0
0
0
0
0
0
1
0
1
1
-1
0
0
0
0
0
0
0
0
0
0
0
1
0
0
1
0
0
0
1
0
0
0
-1
0
0
0
0
0
0
0
0
0
0
1
0
0
0
-1
-1
0
0
0
0
0
0
0
0
0
0
-1
0
1
0
0
0
0
0
0
0
-1
0
1
0
0
0
0
-1
0
-1
-1
0
0
0
0
1
0
0
0
0
0
0
0
0
1
1
0
1
-1
0
0
0
0
0
0
0
0
0
0
0
0
0
0
0
0
0
0
0
0
0
0
0
0
0
0
0
0
-1
1
0
1
0
0
1
0
0
0
0
0
1
-1
0
0
0
0
0
1
0
0
-1
0
0
0
0
1
0
0
1
-1
-1
0
0
0
0
0
0
0
0
0
0
0
-1
0
0
0
1
0
0
0
0
1
0
-1
-1
0
0
0
-1
0
0
0
0
0
-1
0
0
0
0
-1
0
0
0
0
0
0
0
0
0
0
0
0
0
0
-1
0
0
0
0
0
0
0
0
0
1
0
-1
0
0
0
0
0
0
0
0
0
0
0
0
0
0
0
0
0
0
0
-1
0
0
0
0
0
0
0
0
0
0
0
0
0
1
0
0
0
0
0
0
0
1
0
0
0
1
1
0
0
0
-1
1
1
0
0
0
0
0
0
0
1
0
0
0
1
0
0
0
0
0
-1
0
0
0
0
0
0
0
0
0
0
-1
-1
-1
0
0
0
0
-1
0
0
0
0
0
0
0
0
0
1
0
1
0
0
0
0
0
0
1
-1
0
1
-1
0
0
0
0
0
0
0
-1
0
0
0
-1
0
-1
0
0
0
0
0
-1
0
0
0
0
0
0
-1
0
0
0
0
0
0
0
0
-1
-1
0
0
0
0
0
1
0
0
0
0
0
-1
0
0
0
0
0
0
0
0
0
1
0
1
0
0
1
-1
1
0
0
0
-1
-1
0
0
0
-1
0
-1
0
0
0
-1
0
0
0
0
1
0
0
0
0
0
0
1
0
1
0
0
0
0
0
0
1
0
0
0
1
1
0
0
0
0
0
0
0
0
-1
1
0
0
0
0
0
0
0
1
0
0
-1
0
0
0
-1
-1
0
0
1
0
-1
0
0
0
0
0
0
-1
-1
0
0
-1
1
0
1
0
0
0
0
0
0
1
0
0
0
-1
0
0
0
0
0
1
-1
0
0
0
0
0
0
0
0
0
1
0
0
0
0
0
0
-1
0
0
-1
0
0
-1
0
0
0
0
0
0
0
0
1
0
0
-1
1
0
0
-1
-1
0
0
0
1
-1
0
0
0
-1
1
0
0
0
1
-1
0
0
0
0
0
0
0
0
0
0
0
-1
0
0
0
0
0
0
0
0
0
0
1
-1
0
0
-1
1
0
0
0
0
0
0
0
0
0
0
0
0
0
0
-1
0
0
0
0
0
0
0
-1
0
0
0
-1
0
0
-1
-1
0
0
0
0
0
1
1
-1
0
-1
0
0
0
0
0
0
0
0
1
0
0
0
0
-1
1
0
0
1
0
0
0
0
0
1
1
0
0
0
0
0
-1
0
-1
1
0
1
0
0
1
0
0
1
0
0
0
1
-1
-1
1
0
0
0
-1
0
0
1
0
0
0
0
0
0
-1
0
0
0
-1
0
0
1
1
-1
0
0
0
0
0
0
0
0
0
-1
1
0
0
1
0
0
0
0
1
-1
0
0
0
0
-1
1
0
0
-1
0
0
0
0
0
-1
0
-1
1
0
0
1
0
0
0
0
0
0
0
0
-1
0
0
0
1
0
1
0
0
0
0
-1
0
0
1
1
0
0
0
-1
-1
0
0
0
-1
0
0
1
0
1
0
0
1
0
0
1
0
0
0
0
0
0
0
0
0
0
0
-1
1
0
0
0
0
0
0
0
0
0
0
-1
0
-1
0
0
0
0
0
-1
0
0
0
1
0
0
0
0
0
0
0
0
0
-1
1
1
-1
0
0
0
0
0
0
0
0
0
0
0
0
0
-1
0
0
0
0
0
0
0
0
-1
0
0
0
0
-1
0
-1
0
0
0
0
0
-1
0
0
-1
0
0
0
1
0
0
0
0
0
0
1
0
0
0
0
0
1
0
0
0
1
1
0
0
0
0
0
0
0
0
1
1
1
0
0
-1
0
0
0
-1
-1
0
0
0
0
0
0
0
0
0
0
0
0
0
0
0
0
0
0
0
0
0
1
1
1
0
-1
0
4
5
3
4
3
6
4
3
5
4
2
1
2
2
-1
-1
0
1
-1
0
0
-2
-3
-2
-2
-3
-4
-2
-2
-4
-4
-4
-8
-7
-8
-10
-9
-11
-9
-8
-5
-7
-6
-8
-9
-9
-11
-9
-10
-13
-13
-12
-11
-9
-8
-6
-9
-8
-7
-8
-4
-5
-5
-5
-3
-4
-1
3
0
3
4
2
1
1
2
1
2
3
4
3
3
6
3
2
3
3
3
2
4
3
6
10
12
12
9
13
14
12
13
11
11
12
12
8
6
6
2
0
1
-1
1
5
6
8
7
6
6
6
3
4
6
6
4
8
9
7
7
8
6
3
7
10
7
8
5
5
5
6
6
7
7
3
6
4
2
5
4
1
-1
-3
-4
-5
-9
-8
-11
-15
-15
-17
-20
-22
-22
-24
-25
-24
-24
-25
-24
-26
-23
-24
-25
-24
-23
-22
-20
-21
-19
-17
-19
-19
-21
-16
-15
-15
-14
-13
-10
-8
-8
-4
-3
-2
-1
0
3
6
10
13
15
15
15
15
14
14
15
16
17
18
19
22
24
23
22
22
19
19
21
25
24
21
23
21
20
18
18
18
14
14
15
11
13
11
11
8
9
7
3
3
3
2
1
-2
-4
-2
-5
-2
-1
0
1
4
6
4
9
9
11
12
12
16
17
19
19
22
23
24
26
25
24
23
21
14
12
9
7
1
-6
-14
-22
-27
-34
-42
-50
-59
-64
-67
-76
-79
-84
-87
-93
-92
-94
-91
-91
-89
-82
-78
-71
-67
-60
-54
-47
-38
-33
-23
-14
-5
2
7
14
20
27
31
35
39
40
41
43
43
46
46
47
45
47
48
49
48
49
53
52
53
57
59
60
63
64
66
64
67
68
67
65
63
63
59
56
52
50
47
44
37
34
27
20
13
3
1
-5
-16
-25
-29
-32
-35
-39
-37
-37
-40
-38
-33
-28
-24
-17
-7
2
16
34
55
78
103
122
134
147
153
150
140
125
102
67
31
-1
-33
-67
-100
-131
-156
-184
-207
-222
-238
-248
-256
-275
-287
-293
-294
-297
-292
-287
-274
-250
-224
-193
-158
-115
-73
-33
1
35
68
90
110
131
148
150
154
159
160
159
155
150
142
129
117
108
88
74
60
47
29
15
10
5
0
6
13
24
32
53
78
91
103
118
124
140
160
169
175
177
186
204
214
210
215
211
197
200
190
161
130
95
59
21
-21
-62
-102
-134
-166
-202
-220
-232
-241
-243
-252
-261
-256
-250
-245
-234
-228
-215
-185
-148
-103
-48
18
101
205
321
433
536
656
749
805
828
806
778
738
620
483
331
176
19
-139
-290
-428
-549
-647
-755
-861
-932
-1006
-1075
-1141
-1255
-1341
-1386
-1422
-1439
-1443
-1464
-1399
-1275
-1141
-967
-784
-593
-374
-155
50
236
399
541
644
720
773
816
848
870
884
901
921
953
990
1014
1018
1012
993
947
894
825
749
645
517
400
301
193
75
-19
-87
-149
-211
-233
-229
-223
-209
-181
-146
-111
-66
-26
0
20
42
57
44
30
28
10
-31
-59
-66
-77
-98
-101
-84
-77
-63
-38
-16
-1
15
28
19
-2
-15
-42
-94
-150
-196
-249
-311
-351
-371
-386
-384
-365
-341
-300
-256
-214
-187
-174
-166
-183
-214
-251
-277
-292
-289
-229
-115
60
314
621
940
1243
1553
1842
2060
2142
2142
2081
1908
1645
1318
956
604
274
-39
-311
-523
-666
-763
-834
-889
-951
-1023
-1105
-1232
-1395
-1582
-1779
-1937
-2087
-2231
-2298
-2272
-2182
-2013
-1789
-1506
-1183
-858
-523
-204
84
321
509
642
728
785
824
834
827
829
836
848
879
912
943
986
1009
1011
1003
989
969
941
876
786
691
600
519
397
258
151
65
-47
-155
-211
-239
-284
-317
-305
-281
-266
-234
-189
-155
-131
-93
-75
-82
-83
-76
-91
-136
-160
-168
-185
-210
-199
-171
-159
-137
-88
-33
6
46
94
117
131
145
136
102
71
43
-8
-76
-127
-163
-210
-247
-255
-253
-245
-228
-200
-174
-159
-150
-159
-196
-248
-307
-379
-447
-484
-503
-468
-368
-174
104
443
830
1232
1624
1991
2273
2494
2633
2587
2432
2166
1802
1430
1038
612
220
-116
-383
-601
-744
-830
-899
-969
-1056
-1193
-1373
-1590
-1860
-2134
-2458
-2824
-3094
-3280
-3381
-3361
-3286
-3128
-2782
-2361
-1883
-1378
-885
-408
35
399
697
919
1070
1173
1238
1274
1302
1339
1397
1467
1542
1622
1707
1782
1828
1847
1841
1801
1726
1612
1474
1331
1175
1012
845
679
514
361
210
65
-64
-193
-314
-420
-502
-561
-608
-629
-632
-616
-589
-542
-489
-444
-401
-369
-347
-340
-345
-360
-384
-410
-419
-418
-403
-360
-290
-204
-106
8
129
242
332
404
447
449
419
356
267
154
31
-92
-209
-309
-382
-427
-449
-448
-418
-376
-336
-307
-295
-310
-350
-412
-491
-563
-622
-638
-601
-487
-283
33
442
878
1318
1773
2213
2586
2830
2912
2910
2785
2527
2171
1752
1310
893
491
131
-166
-384
-521
-616
-683
-753
-834
-933
-1073
-1282
-1543
-1832
-2143
-2434
-2732
-2982
-3129
-3193
-3162
-2999
-2758
-2429
-2032
-1607
-1152
-699
-297
51
341
567
729
836
904
930
939
951
972
1007
1059
1120
1207
1304
1377
1438
1495
1531
1541
1499
1397
1288
1178
1038
870
688
521
379
224
81
-22
-104
-194
-275
-324
-359
-396
-423
-434
-448
-453
-442
-433
-418
-396
-363
-343
-332
-301
-268
-251
-247
-216
-182
-156
-127
-78
-21
34
94
157
210
257
296
311
298
279
253
193
111
33
-40
-129
-218
-283
-328
-365
-384
-383
-366
-333
-300
-272
-259
-270
-296
-342
-420
-496
-570
-636
-652
-609
-491
-280
36
423
828
1247
1698
2121
2485
2717
2827
2838
2698
2437
2129
1747
1321
901
497
142
-141
-344
-484
-583
-652
-716
-798
-900
-1055
-1284
-1559
-1899
-2279
-2658
-3024
-3313
-3496
-3655
-3698
-3555
-3295
-2923
-2482
-2017
-1491
-964
-485
-59
275
534
719
836
888
897
907
927
977
1056
1160
1304
1478
1673
1857
2005
2127
2213
2213
2140
2027
1868
1668
1425
1179
946
727
528
360
217
99
6
-79
-165
-247
-322
-411
-514
-605
-676
-739
-790
-806
-794
-759
-703
-627
-537
-453
-373
-304
-249
-204
-156
-122
-95
-56
-1
53
103
165
233
295
336
366
377
365
326
264
175
68
-46
-164
-278
-380
-457
-506
-531
-529
-496
-455
-413
-372
-343
-342
-367
-415
-480
-550
-611
-637
-619
-532
-348
-54
308
705
1129
1594
2039
2402
2666
2825
2879
2803
2568
2234
1862
1449
1017
593
210
-100
-327
-480
-576
-641
-677
-714
-768
-868
-1044
-1272
-1528
-1837
-2193
-2543
-2848
-3057
-3190
-3263
-3217
-3043
-2770
-2399
-1973
-1529
-1066
-625
-225
113
386
593
732
813
842
843
845
866
897
948
1026
1139
1287
1441
1581
1723
1830
1893
1921
1887
1794
1659
1485
1254
1004
758
538
311
89
-72
-182
-284
-373
-409
-420
-441
-457
-458
-468
-493
-503
-518
-546
-558
-542
-536
-541
-503
-432
-370
-318
-236
-140
-61
-2
74
136
176
208
236
246
245
256
263
241
217
201
161
94
21
-47
-136
-239
-316
-378
-442
-470
-464
-443
-412
-373
-333
-315
-325
-350
-408
-510
-613
-682
-728
-735
-654
-462
-145
256
709
1196
1732
2300
2759
3068
3262
3319
3255
3047
2649
2196
1690
1149
642
187
-203
-490
-666
-771
-854
-911
-935
-992
-1122
-1344
-1663
-2038
-2464
-2947
-3418
-3847
-4239
-4466
-4551
-4496
-4230
-3849
-3386
-2757
-2077
-1376
-705
-93
434
851
1161
1370
1490
1518
1502
1488
1487
1498
1532
1610
1751
1939
2133
2328
2508
2647
2746
2766
2684
2520
2298
2002
1630
1229
849
494
124
-193
-412
-565
-692
-771
-774
-750
-725
-694
-659
-643
-641
-646
-674
-713
-730
-719
-708
-694
-625
-513
-406
-291
-142
7
119
205
280
325
332
322
293
247
202
174
137
85
53
33
-17
-95
-166
-236
-334
-445
-530
-586
-632
-649
-621
-577
-519
-449
-391
-380
-399
-443
-531
-659
-781
-862
-900
-871
-697
-363
82
594
1162
1806
2441
3012
3459
3746
3888
3852
3589
3185
2692
2139
1545
943
394
-53
-400
-635
-768
-846
-900
-945
-982
-1074
-1274
-1545
-1867
-2255
-2709
-3175
-3588
-3875
-4073
-4194
-4158
-3958
-3601
-3098
-2536
-1931
-1297
-677
-102
397
804
1108
1320
1449
1491
1463
1430
1407
1387
1366
1360
1411
1518
1631
1735
1840
1921
1966
1972
1935
1846
1685
1458
1225
972
691
424
184
-38
-240
-388
-481
-549
-601
-607
-597
-592
-585
-559
-532
-527
-530
-517
-509
-501
-490
-463
-429
-384
-309
-235
-176
-104
-28
29
62
101
143
149
148
154
156
147
148
148
127
88
50
1
-78
-160
-230
-303
-377
-427
-436
-427
-413
-372
-341
-346
-378
-427
-527
-669
-820
-975
-1081
-1117
-1042
-824
-429
144
845
1557
2347
3181
4017
4666
5016
5211
5180
4847
4371
3731
2918
2062
1193
405
-288
-842
-1216
-1447
-1598
-1708
-1814
-1891
-2019
-2289
-2669
-3192
-3813
-4451
-5111
-5729
-6141
-6472
-6681
-6539
-6132
-5464
-4609
-3686
-2643
-1521
-464
516
1355
2015
2476
2776
2922
2933
2843
2715
2596
2497
2417
2363
2377
2459
2557
2620
2639
2634
2580
2433
2196
1925
1641
1312
949
625
386
203
41
-86
-144
-154
-168
-190
-212
-238
-289
-370
-446
-507
-539
-556
-558
-538
-469
-356
-257
-184
-116
-59
-51
-99
-163
-230
-319
-423
-508
-553
-550
-506
-435
-345
-227
-91
22
92
137
154
107
-1
-124
-241
-358
-478
-560
-592
-576
-514
-430
-339
-271
-246
-289
-422
-626
-882
-1173
-1470
-1689
-1773
-1695
-1402
-802
75
1100
2176
3356
4586
5713
6527
6961
7180
7069
6569
5763
4716
3540
2345
1151
60
-868
-1569
-2042
-2337
-2501
-2601
-2676
-2716
-2813
-3083
-3516
-4068
-4660
-5265
-5934
-6537
-6914
-7092
-7054
-6691
-6092
-5222
-4151
-2962
-1692
-441
717
1747
2592
3221
3573
3705
3699
3547
3286
2982
2673
2427
2243
2082
2022
2054
2099
2110
2087
2030
1919
1699
1393
1064
686
260
-141
-447
-673
-842
-901
-845
-725
-549
-310
-52
159
308
429
483
465
413
354
268
152
75
48
40
42
69
96
90
59
11
-86
-237
-402
-573
-756
-903
-975
-988
-978
-911
-755
-576
-398
-214
-59
29
63
60
13
-81
-178
-252
-324
-363
-327
-233
-135
-39
51
90
35
-108
-328
-632
-987
-1325
-1577
-1712
-1655
-1284
-595
351
1446
2672
4016
5341
6482
7276
7691
7859
7563
6791
5695
4387
2984
1532
106
-1152
-2152
-2883
-3356
-3636
-3747
-3775
-3769
-3755
-3890
-4232
-4703
-5275
-5911
-6577
-7259
-7752
-7911
-7810
-7421
-6685
-5649
-4277
-2717
-1110
486
1961
3275
4293
4994
5347
5379
5142
4705
4145
3529
2947
2459
2070
1765
1579
1523
1546
1543
1461
1298
1053
726
290
-211
-675
-1085
-1403
-1599
-1634
-1456
-1074
-575
-45
520
1127
1665
2008
2213
2310
2266
2061
1757
1452
1166
893
656
481
385
338
296
206
63
-114
-341
-686
-1109
-1513
-1895
-2256
-2542
-2676
-2650
-2510
-2255
-1891
-1453
-963
-479
-73
225
425
537
553
501
455
413
341
270
292
429
589
681
649
476
172
-231
-734
-1331
-1944
-2509
-2948
-3113
-2798
-1874
-489
1094
2734
4523
6515
8410
9864
10648
10799
10359
9356
7866
6061
4133
2090
31
-1896
-3432
-4412
-4889
-5071
-5199
-5314
-5338
-5219
-5104
-5232
-5698
-6392
-7143
-7873
-8462
-8761
-8709
-8337
-7734
-6814
-5408
-3519
-1395
648
2421
3900
5141
6132
6782
6951
6601
5844
4864
3861
2936
2151
1493
908
410
98
89
324
576
600
374
58
-224
-478
-807
-1260
-1776
-2191
-2354
-2188
-1703
-1039
-328
380
1172
2100
3032
3748
4096
4112
3876
3550
3186
2735
2153
1455
778
244
-54
-181
-314
-595
-972
-1291
-1514
-1716
-2009
-2418
-2896
-3297
-3457
-3333
-3004
-2619
-2224
-1769
-1155
-352
463
1056
1306
1316
1244
1185
1148
1046
782
392
69
7
234
544
657
441
-22
-518
-950
-1385
-1951
-2701
-3510
-4067
-3978
-2974
-1208
803
2698
4602
6903
9515
11838
13254
13582
12989
11664
9813
7639
5288
2681
-180
-3003
-5326
-6726
-7227
-7217
-7212
-7383
-7461
-7167
-6584
-6200
-6384
-7083
-7942
-8674
-9159
-9256
-8891
-8118
-7165
-6014
-4324
-1900
967
3637
5664
7038
8014
8754
9106
8791
7724
6122
4282
2434
785
-500
-1331
-1897
-2404
-2827
-2886
-2371
-1624
-1214
-1376
-1845
-2211
-2439
-2703
-2984
-3048
-2758
-2188
-1411
-166
1782
4100
6035
7199
8048
8954
9509
9121
7866
6266
4532
2503
450
-1131
-2119
-2876
-3686
-4191
-4018
-3300
-2671
-2529
-2628
-2669
-2742
-3065
-3443
-3571
-3566
-3670
-3664
-3069
-1848
-539
444
1232
2126
3069
3608
3446
2984
2694
2407
1557
320
-385
-394
-399
-755
-972
-801
-841
-1412
-2075
-2576
-3289
-4242
-4860
-5169
-5712
-5844
-3702
549
3998
5345
7123
11746
16942
18830
17919
17453
17575
15397
10553
6103
3462
540
-3917
-8286
-10814
-11608
-11430
-10594
-10056
-10533
-10918
-9521
-7213
-6830
-8640
-9902
-9228
-8705
-9825
-10454
-8395
-5148
-3500
-2828
-317
4323
8449
10361
11063
11746
12181
11688
10266
8083
5147
1973
-778
-3023
-5099
-6651
-6933
-6320
-6057
-6379
-5896
-3879
-1896
-1807
-2993
-3222
-2111
-1534
-2269
-2512
-739
1714
2896
3646
6154
9985
12229
11953
11387
11936
11885
9465
5934
3299
1348
-1332
-4441
-6299
-6438
-6082
-6378
-6745
-5925
-3971
-2507
-2540
-2952
-2469
-1704
-1961
-2747
-2616
-1614
-1020
-1066
-559
1076
2897
3681
3567
3695
4337
4391
3071
1503
1022
797
-684
-2727
-3272
-2432
-2068
-2598
-2813
-2429
-2403
-2907
-3417
-3977
-4786
-5328
-5370
-5613
-5946
-4325
478
5931
8696
9748
13340
19818
24205
23459
20715
19567
17994
12893
5956
1005
-2210
-6626
-12193
-16200
-17251
-16374
-14794
-13419
-13078
-13139
-11694
-8467
-6206
-6955
-8845
-8769
-7009
-6357
-6916
-5712
-1759
1908
3144
4312
8168
13112
15445
14633
13008
11691
9943
7204
3663
-618
-5118
-8587
-10582
-11879
-12742
-12202
-10198
-8287
-7391
-6307
-3598
-212
1411
603
-269
921
2930
3533
3615
5337
7606
8252
8653
11102
13584
13111
10893
9361
7750
4923
2279
93
-3130
-6621
-8023
-7970
-8322
-7913
-5959
-4867
-5292
-4056
-770
777
-171
-525
237
187
21
991
1541
902
1073
2312
2634
2638
3872
4400
2501
864
1260
931
-1267
-2527
-2405
-3548
-5427
-5212
-3719
-3365
-3300
-2359
-2046
-2733
-2514
-1761
-2720
-4533
-4662
-3774
-4067
-4696
-2888
2411
9040
13281
14101
15879
22292
28505
27637
21747
18094
16255
10430
1429
-5116
-8622
-13001
-18267
-21491
-21979
-20362
-16845
-13102
-11912
-12283
-10440
-5967
-2752
-3352
-5608
-5984
-3821
-1822
-1688
-1030
2806
7613
9214
8839
11025
15313
16587
13208
8656
5125
1698
-2256
-6433
-11065
-15688
-18149
-17716
-16296
-14988
-12457
-8095
-3944
-1550
355
3544
7084
8325
6642
4545
4771
6954
8433
7814
7037
8719
12055
13607
12537
11748
11856
9395
3361
-1708
-3481
-5866
-11133
-15346
-15256
-13147
-11278
-8745
-5230
-1914
1209
4275
5927
6334
7041
6868
3910
976
1510
2704
811
-1415
-310
1687
1554
1190
2071
2070
516
-794
-1843
-3364
-4032
-3819
-5153
-7245
-6452
-3717
-3118
-3641
-1764
705
297
-1102
-561
-74
-1767
-3520
-3501
-3246
-4010
-4381
-1748
5381
13795
17300
15949
18219
26748
31558
26270
18282
14765
10695
1408
-7685
-11991
-15057
-19927
-23396
-23466
-21693
-18192
-12650
-8131
-7480
-7898
-5423
-1050
977
-1011
-4000
-4017
-990
1032
794
2495
7988
12114
11157
9899
12684
15164
11852
4987
-572
-4949
-9639
-13553
-16317
-19377
-21763
-20447
-16059
-11961
-8593
-3897
1626
5178
6332
7420
9874
11891
10653
6748
4490
6113
8261
7991
7633
9255
10243
9183
9341
10853
8861
2713
-2485
-5172
-8488
-11889
-12820
-12967
-14022
-12688
-7326
-2194
757
4063
7238
7392
6574
7937
8368
4889
1116
249
-136
-1150
-449
953
230
-751
680
1831
454
-715
-802
-2751
-5800
-5791
-3799
-4016
-5303
-4417
-2823
-2558
-1471
1147
1993
582
183
797
-431
-2498
-2889
-3154
-4759
-5199
-3803
-3502
-2244
5773
16721
19945
16335
18293
27801
32283
25766
16486
11405
6764
-1347
-9914
-15215
-17682
-19852
-22472
-23791
-21081
-14664
-8882
-6753
-6953
-6710
-4777
-1210
1564
44
-3961
-3860
1426
4987
4389
5839
11581
14787
11828
8879
10225
10945
5796
-2883
-9843
-13698
-15886
-17774
-19727
-20820
-19553
-15549
-10168
-4898
-453
3170
6284
8454
8845
8380
9348
10788
8980
4810
4259
8505
11129
9109
7476
9015
9204
5662
2607
1806
-870
-6658
-10953
-11364
-10376
-9441
-7842
-5906
-3738
140
4850
7026
6857
7271
7368
4632
1616
1629
1774
-1150
-3767
-2525
-129
489
849
1723
1461
609
755
305
-1931
-3459
-3459
-4550
-6160
-4680
-1557
-1355
-2831
-1729
658
847
270
1080
1276
-464
-1919
-2275
-3137
-4227
-4471
-4765
-5198
-4447
-3204
-1377
5408
16530
22044
18334
17455
26338
32713
26455
15700
10549
6638
-2219
-11312
-15407
-17212
-20128
-22644
-22804
-20257
-14846
-8804
-5959
-6568
-6860
-4645
-1086
1519
970
-1838
-1928
2959
7445
7505
8031
12653
15267
11011
6119
6535
6852
449
-9273
-15464
-17705
-18878
-19556
-19370
-18391
-15882
-11028
-4989
478
4813
7875
9536
9973
9466
8661
8834
9507
7778
3834
2726
6366
9521
8753
7316
7010
5044
1617
396
-264
-4900
-11067
-12945
-11251
-9902
-7894
-3774
-249
1685
4942
9372
11174
10143
8502
5718
1571
-757
-634
-1837
-4672
-5235
-3174
-1592
-361
1860
2766
1008
-316
241
-166
-2238
-3420
-3740
-4702
-4594
-1972
160
-312
-746
426
1104
742
1049
1254
-439
-2577
-3282
-3634
-4538
-4957
-4977
-5520
-5720
-4748
-2425
3799
14493
22068
20220
17463
23829
32114
29330
17877
9634
5505
-1653
-11036
-16496
-18070
-19955
-22447
-22880
-19978
-14062
-7613
-4405
-5108
-5975
-4100
-606
1902
1602
-800
-1285
2897
8068
9448
9501
12358
14428
10527
4521
2938
2814
-2910
-12919
-19773
-20952
-19925
-19226
-18280
-15897
-11746
-6179
-201
5097
9079
11214
11346
10202
8935
8227
8128
7902
6004
2735
1755
5541
9931
8690
3306
599
1367
-211
-5018
-7636
-7548
-9614
-12879
-10451
-2529
2969
3450
4085
7558
10777
11533
10174
6937
2649
-812
-3033
-4712
-4950
-3802
-3926
-5326
-3818
1128
3971
2382
453
607
575
-540
-985
-1090
-2317
-3531
-3010
-1395
234
1455
1010
-1170
-2066
-119
1466
210
-1436
-1366
-1471
-2782
-3232
-2511
-3215
-5107
-5581
-5140
-5263
-2254
7846
18780
20317
16178
18980
28721
32159
23256
11555
5602
1255
-7272
-16306
-19871
-19542
-20710
-22982
-21282
-14113
-6205
-2429
-2408
-2878
-1920
421
3003
3326
251
-2214
682
6506
8840
7923
9138
11701
9599
3313
-283
-451
-4146
-13555
-21629
-22484
-18957
-16626
-15869
-13184
-7438
-1028
4313
9002
12797
13912
12143
9715
8004
6497
4971
3585
1589
-884
-1315
1548
4757
4859
2248
-238
-1315
-1915
-3117
-4623
-5536
-6007
-5890
-3329
2205
6921
7450
6367
7347
8781
7494
4472
1610
-1751
-5194
-6187
-4720
-3501
-3169
-2553
-1585
-187
2173
3836
2507
-112
-930
-661
-1254
-1802
-1495
-1869
-2677
-1547
937
1847
1054
325
-380
-1154
-750
192
-526
-2033
-1966
-1422
-2375
-3302
-2992
-3535
-5546
-6616
-6310
-4665
2038
13875
21157
18631
17122
25034
32565
27462
14467
5633
1225
-5881
-15158
-20505
-20835
-20291
-20951
-20043
-14425
-5613
562
1087
-571
-111
2233
3966
3823
1467
-1243
-186
4979
8636
7932
7353
9050
7836
1461
-4030
-5124
-7515
-15494
-23539
-24399
-19244
-14573
-12605
-9828
-3589
3756
8762
11673
14082
14804
12106
7930
5362
4181
2574
522
-1250
-2659
-2676
-325
2242
1860
-681
-2009
-1755
-2114
-3053
-2481
-631
258
567
3215
7912
10227
8267
5605
5017
4234
1106
-2329
-3918
-4723
-5650
-5269
-2904
-205
1201
1386
1449
2281
3108
1991
-821
-2464
-2098
-2146
-3248
-3122
-1692
-1387
-1822
-527
1607
1741
371
-155
114
54
-61
-192
-839
-1153
-549
-687
-2319
-3493
-3748
-4886
-6528
-6977
-7178
-6058
1875
15664
22621
18957
17879
26416
32648
24990
11085
3209
-628
-8517
-18155
-22032
-20109
-18389
-18854
-17160
-10142
-1202
3261
2115
177
785
2545
3245
2401
240
-1137
1475
6746
9106
7563
7066
8004
4609
-3357
-8652
-9292
-12254
-20168
-25468
-22106
-14427
-9667
-7597
-3263
4125
10105
12034
12265
12849
11839
7569
2944
1291
1379
440
-1288
-2201
-2143
-1048
884
1100
-1958
-4597
-3277
-1319
-2366
-2777
1144
5195
5509
6201
10004
11645
7811
3473
2270
1011
-2332
-5119
-5732
-5117
-3480
-1169
407
1670
3556
4038
1928
626
1572
534
-3524
-5175
-2769
-1539
-3060
-3023
-894
-412
-1430
-760
831
712
-273
-414
-160
87
832
1101
205
-23
779
38
-2695
-4349
-4728
-6470
-8190
-6988
-4956
-4291
767
13621
24191
23481
19504
24143
30735
25254
10285
-586
-4421
-9976
-18715
-22970
-19824
-15412
-14643
-13582
-7717
453
4369
2663
39
-550
321
1340
2280
2110
1282
3240
8126
10936
8611
5446
4204
446
-7854
-14782
-15604
-15704
-20155
-23738
-19414
-9836
-3558
-1525
1661
7564
11583
10893
9004
8581
7841
4360
587
360
2388
2958
1108
-423
-834
-1269
-1811
-3185
-6215
-9089
-7198
-1909
725
1433
5306
11116
12274
10855
12101
11922
5562
-1648
-2662
-2188
-5085
-7279
-5596
-2899
-1125
2020
4454
3807
2587
2379
1041
-1462
-1324
-932
-3669
-5413
-2090
1396
-398
-2310
-920
-374
-2516
-2936
-606
-610
-1991
-1054
1463
2509
2483
2814
1321
-419
-428
-659
-3579
-6766
-6659
-6814
-7690
-6733
-4765
-4301
-799
12841
25902
26006
19116
21126
29540
26133
11254
-1013
-4226
-8223
-17337
-22141
-18696
-12480
-12067
-13550
-9576
-1306
4107
1814
-1920
-2601
-162
2526
3986
4995
4885
6676
9975
11309
8121
3375
746
-4396
-13190
-19557
-18189
-15251
-18260
-21192
-16142
-5413
709
814
1911
5966
8722
6786
4602
5373
6453
4493
1455
2442
5877
6889
3772
-208
-2545
-4069
-5395
-7598
-10097
-10440
-6607
-904
3417
7891
13015
15281
13379
12039
12335
8528
195
-5614
-5854
-5461
-6369
-5483
-2690
-565
903
3213
4692
4015
2365
656
-731
-794
451
79
-2051
-2453
-675
-260
-2301
-3575
-3832
-5009
-5889
-4089
-1020
16
278
1935
4005
4571
3697
2438
175
-2136
-3355
-4075
-5196
-6284
-5979
-5777
-5519
-3632
-1176
-501
783
9801
22274
26202
20451
17754
23529
24589
13773
286
-5345
-7160
-13404
-19784
-19212
-13064
-10380
-12221
-10880
-4195
2053
2042
-770
-1626
394
3796
6253
7313
6976
7627
9236
9046
5542
432
-3114
-7410
-14414
-20237
-19361
-14649
-14343
-16685
-13662
-4565
1783
1549
952
3697
6279
4737
2600
4150
6897
6357
3334
3079
5624
6331
2790
-2377
-5517
-6856
-7869
-8928
-8576
-6296
-2836
1928
7334
12082
14951
15659
13502
9342
6528
4688
341
-5539
-7239
-4807
-3530
-3532
-1498
1420
1662
836
1751
2931
2249
641
221
883
1734
1736
376
-1412
-2506
-2973
-4116
-5453
-5737
-5262
-4866
-3755
-541
2601
3318
2779
3078
3338
1717
-156
-1290
-2544
-4033
-4444
-3716
-3854
-4401
-4753
-4321
-3167
-3086
-4390
-2242
10047
24450
26771
19441
18778
27536
27802
13571
-1354
-5943
-7612
-15526
-21900
-18200
-9641
-8517
-12634
-10363
-1959
3113
206
-3981
-4658
-1767
3071
6792
8518
8783
10304
11698
9955
4993
-669
-4928
-11220
-19331
-22976
-18104
-11747
-12316
-14433
-9712
-335
3491
431
-1369
1183
3040
548
-195
4903
10092
8886
4969
5781
8818
7240
244
-6448
-9695
-10582
-10184
-9310
-7373
-3118
3740
9203
11469
14154
17280
15031
6904
2451
3389
1221
-5335
-7551
-3495
-1246
-1960
-862
1897
2020
-20
-341
1102
2528
2304
1193
1282
3161
4121
1523
-1846
-3381
-4346
-6586
-7918
-6196
-4324
-4095
-3299
343
3958
4262
2957
2203
1841
376
-1255
-2046
-2788
-3565
-4156
-3700
-2819
-2351
-2927
-4399
-4317
-3081
-2826
-2737
3935
18215
27562
24819
18913
21523
25529
18020
3201
-6445
-8121
-10902
-16309
-17019
-10738
-5011
-6943
-10246
-7379
-1322
-634
-5285
-7283
-4096
1809
6907
10261
11846
12046
11495
8596
3342
-2846
-7794
-12064
-17414
-20770
-17745
-9970
-6227
-8541
-9037
-4031
167
-2074
-5677
-4650
-1065
244
636
5231
11939
13715
9263
5282
5268
4285
-1202
-8015
-11155
-10375
-8041
-5400
-2729
626
3668
4742
5066
8785
14470
13935
7797
5798
9239
8400
2013
-1380
-2078
-5272
-7800
-5132
-2048
-2599
-2741
-512
2103
4432
5958
4569
1877
1575
2126
854
-1035
-2083
-3954
-6486
-6752
-4587
-3128
-4160
-4742
-2407
739
1950
2211
2900
2235
523
153
599
-399
-2310
-3472
-4107
-3663
-2653
-2894
-4090
-4458
-3772
-3771
-4682
-4780
2671
19388
30482
24941
15941
20600
27303
17940
780
-6866
-5577
-7891
-14408
-15065
-6606
-262
-6016
-14002
-11095
-3175
-3489
-9243
-9849
-4497
2783
9496
13508
13748
12549
10705
6222
-326
-6135
-9231
-11243
-15060
-18342
-14318
-4652
-1552
-7932
-11979
-7842
-4418
-7413
-9968
-6028
308
2798
3447
8324
15568
15839
7590
844
880
1237
-3049
-7552
-7703
-4973
-2357
-796
599
3244
6060
5389
2106
2227
6548
8217
5099
3688
6027
6303
2768
556
660
-1207
-4283
-3840
-445
1461
1682
2653
3902
3924
3051
1797
-168
-2096
-3094
-3611
-3880
-3425
-2863
-3329
-3790
-2927
-1971
-2233
-2253
-883
229
347
1199
2937
2930
933
-409
-383
-986
-2777
-3859
-3746
-3626
-4096
-3954
-3158
-3057
-3114
-2686
-2309
-106
10190
24552
28282
19648
14672
20263
20761
8396
-4045
-5729
-3547
-7221
-11745
-8728
-1353
-1795
-10278
-13963
-9107
-5809
-9220
-10144
-4151
2813
6199
8517
11954
12929
9531
3470
-1341
-4523
-7437
-8977
-9074
-9055
-9417
-7607
-5364
-6861
-10322
-11445
-10517
-11133
-10881
-6219
761
4972
5549
7004
10060
10715
6389
1711
923
899
-1323
-2972
-470
2364
1413
-1307
-2187
-1623
-1839
-1694
-415
2196
6172
10574
12443
10828
8784
6339
2120
-2010
-2949
-2738
-3422
-1930
2004
4066
2906
2350
2417
586
-1560
-1582
-736
-1135
-976
433
1218
30
-2302
-4232
-5580
-5898
-5476
-4337
-2705
-1013
661
1628
2377
2633
2042
418
-883
-293
-69
-821
-1744
-1604
-1595
-2277
-2244
-2905
-3345
-4016
-4024
-3557
-3909
-4807
-1643
14154
29758
27783
14395
12921
22620
18498
1891
-7232
-1806
1211
-5615
-9439
-3219
3472
-4474
-16723
-16572
-7560
-6491
-13538
-12180
-2258
6815
9302
9483
9528
7551
4003
-856
-2952
-3463
-4071
-5548
-6912
-6198
-4005
-1839
-6009
-14344
-17725
-13470
-9870
-11706
-10430
-2934
4178
4470
3181
6664
10143
6628
-1149
-1428
5388
8299
3706
410
3499
5194
1098
-4254
-4476
-1645
-478
-57
2900
7857
8494
4763
2405
3584
3049
-1235
-2837
327
3382
2975
3303
5784
5798
2292
-284
703
1219
-450
-1525
-218
1099
98
-1570
-2573
-3471
-5372
-6675
-5654
-3580
-2695
-2860
-1713
467
1256
42
-599
433
961
-9
-353
1063
1674
134
-1574
-1497
-1073
-1992
-3423
-3568
-2687
-3036
-3623
-2711
-1551
-842
5709
19254
25659
17764
9753
14583
19253
9946
-2300
-2377
4009
2165
-5014
-5376
529
-480
-11207
-17481
-12342
-6564
-9259
-11635
-5389
2872
5261
4254
5255
6083
3626
-769
-3178
-2158
-258
18
-1910
-4087
-4794
-4209
-5485
-10721
-15511
-14693
-10702
-9752
-10027
-5857
286
1512
-1240
-542
4097
5773
2181
261
4812
9870
8642
4441
3937
4945
1824
-3432
-4874
-2012
1173
2190
1752
2581
5311
6251
3286
1100
2758
3517
1329
1810
5854
6292
2434
1561
3821
2636
-1064
-1065
1392
1290
-100
544
1270
-396
-2375
-2718
-2666
-3391
-4101
-3985
-3057
-2079
-2261
-3239
-3028
-1505
-1040
-1817
-1210
970
1686
309
-143
1014
859
-1149
-1791
-403
-100
-1439
-1873
-1242
-1586
-2493
-2828
-3002
-3017
-2881
-2885
967
13388
24938
21575
9919
9380
17822
14969
1037
-4255
3273
7383
1596
-2893
-36
1266
-6749
-16345
-16299
-9663
-8172
-11675
-8749
1293
6905
3579
-307
660
2137
352
-2711
-3230
-715
2349
2972
945
-1293
-3104
-6285
-11211
-14336
-13011
-9894
-9314
-10226
-7201
-769
1667
-2433
-5600
-2296
2206
2178
1273
5012
9970
9705
5814
4447
5522
3504
-1713
-3946
-608
3647
4910
4978
5705
5490
2910
163
-417
232
313
452
2588
5556
5889
3211
1269
1635
1477
-245
-535
1707
3376
3044
2574
2044
-229
-3161
-4032
-3355
-3421
-3989
-3498
-2297
-1830
-2368
-3347
-4146
-4228
-3468
-2217
-719
669
1126
678
555
1029
628
-947
-1575
-299
797
300
-293
-60
-326
-1437
-2068
-2188
-2573
-2818
-2672
-1439
4780
15979
21320
13904
5674
9917
16666
9863
-2323
-1411
8508
9409
1324
-1461
2014
-399
-10199
-15353
-10674
-5285
-7159
-10477
-5775
3439
5054
-2630
-7967
-4859
-955
-2528
-4349
-1013
3169
2827
253
-314
-309
-3390
-8764
-11916
-10151
-6093
-4587
-6265
-6784
-3817
-1201
-2662
-5787
-6019
-3364
-1003
235
2161
5115
6594
5100
2939
2976
4010
2721
-113
104
4748
9457
9809
6574
3779
3427
3668
2190
-145
-672
924
2576
3338
3513
2413
-145
-1695
-376
1562
1403
493
1286
2905
3081
1657
-305
-2183
-3082
-2294
-1068
-1156
-2098
-2401
-2212
-2558
-3337
-3918
-4106
-3524
-1793
150
753
34
-624
-551
-274
-270
-416
-358
190
1153
1962
2066
1498
748
219
-14
-162
-464
-710
-372
391
769
1003
2730
6042
8017
6524
3893
3633
4886
3988
913
-330
1842
3850
2524
-274
-933
418
643
-1330
-3126
-2531
-583
145
-971
-2148
-2024
-1552
-2220
-3598
-4027
-3278
-2806
-3299
-3728
-3374
-3263
-4339
-5667
-5700
-4557
-3707
-3759
-3937
-3444
-2469
-1689
-1412
-1395
-1254
-890
-403
110
533
575
134
-265
-40
482
426
-268
-623
-87
683
953
1004
1499
2339
2969
3304
3619
3832
3634
3164
2928
3127
3455
3553
3412
3339
3484
3500
2952
2009
1322
1204
1396
1549
1572
1512
1410
1201
666
-192
-958
-1351
-1558
-1669
-1376
-789
-652
-1163
-1542
-1419
-1518
-2242
-2791
-2454
-1761
-1487
-1452
-1169
-860
-947
-1206
-1214
-1110
-1284
-1600
-1604
-1256
-926
-818
-818
-742
-540
-246
74
316
415
471
746
1423
2212
2470
1951
1230
1040
1430
1868
2064
2200
2494
2968
3503
3984
4206
3905
3119
2509
2744
3504
3695
2915
2028
1753
1538
553
-923
-2046
-2737
-3407
-3898
-3755
-3364
-3612
-4432
-4853
-4529
-4287
-4733
-5297
-5144
-4390
-3786
-3607
-3498
-3262
-3185
-3418
-3574
-3346
-3105
-3316
-3544
-2958
-1724
-968
-1110
-1254
-654
197
543
631
1113
1921
2558
3005
3593
4166
4217
3779
3496
3693
3955
3852
3578
3602
3948
4195
4089
3808
3618
3471
3211
2901
2680
2486
2163
1816
1654
1562
1241
695
247
5
-246
-675
-1194
-1650
-1946
-2062
-2107
-2200
-2337
-2422
-2475
-2564
-2612
-2571
-2609
-2845
-3037
-2922
-2654
-2503
-2378
-2061
-1695
-1543
-1498
-1262
-877
-593
-424
-196
181
722
1409
1996
2085
1678
1358
1618
2265
2782
3053
3284
3614
4018
4470
4813
4730
4149
3537
3528
4044
4287
3716
2727
1950
1414
700
-263
-1180
-1967
-2677
-3053
-2866
-2579
-2965
-3854
-4333
-4128
-3963
-4295
-4624
-4488
-4203
-4184
-4216
-4034
-3964
-4406
-4958
-4884
-4225
-3794
-3981
-4147
-3580
-2611
-2097
-2174
-2121
-1543
-907
-536
-21
916
1724
1940
2076
2778
3592
3637
3068
2928
3572
4253
4363
4221
4348
4636
4663
4401
4151
4021
3821
3525
3403
3557
3629
3237
2610
2257
2161
1832
1142
540
324
278
82
-303
-731
-1112
-1368
-1530
-1747
-2078
-2368
-2498
-2574
-2658
-2685
-2696
-2855
-3029
-2895
-2482
-2292
-2564
-2831
-2607
-2049
-1674
-1628
-1615
-1441
-1200
-991
-778
-588
-537
-551
-231
672
1693
2050
1692
1515
2143
3086
3510
3449
3540
3998
4431
4678
4892
4908
4315
3361
3012
3479
3728
2911
1654
1081
1172
927
-8
-1022
-1615
-1982
-2315
-2383
-2238
-2491
-3343
-4075
-4007
-3623
-3895
-4786
-5340
-5027
-4409
-4211
-4421
-4605
-4622
-4578
-4403
-4019
-3694
-3718
-3807
-3321
-2250
-1389
-1320
-1607
-1421
-679
-10
237
390
789
1372
1977
2611
3152
3295
3070
3028
3523
4138
4290
4095
4121
4523
4837
4731
4367
4019
3745
3548
3511
3545
3344
2838
2400
2256
2083
1512
775
367
287
148
-169
-454
-671
-1011
-1431
-1690
-1812
-2084
-2488
-2654
-2440
-2221
-2346
-2648
-2719
-2509
-2371
-2508
-2731
-2766
-2592
-2349
-2092
-1811
-1637
-1660
-1730
-1572
-1177
-875
-864
-891
-504
388
1371
1924
1938
1820
2039
2623
3191
3467
3580
3740
3997
4307
4644
4779
4384
3517
2864
2997
3490
3366
2441
1563
1358
1384
897
-32
-821
-1311
-1732
-2024
-1975
-1944
-2562
-3629
-4206
-3935
-3694
-4241
-5062
-5194
-4619
-4172
-4237
-4441
-4495
-4577
-4700
-4502
-3907
-3463
-3484
-3492
-2880
-1916
-1441
-1638
-1862
-1554
-906
-376
9
480
1019
1448
1806
2264
2716
2846
2701
2745
3274
3983
4395
4458
4491
4655
4770
4643
4335
4061
3920
3876
3844
3791
3642
3296
2780
2265
1876
1500
1010
534
267
187
44
-307
-802
-1269
-1579
-1757
-1918
-2130
-2299
-2329
-2268
-2255
-2347
-2493
-2649
-2765
-2761
-2610
-2430
-2383
-2453
-2475
-2349
-2155
-2032
-1999
-1953
-1800
-1559
-1267
-949
-638
-390
-196
90
609
1265
1762
1933
1988
2254
2771
3271
3552
3678
3762
3864
3992
4154
4209
4001
3551
3173
3127
3234
3097
2529
1838
1391
1147
779
151
-529
-1069
-1480
-1813
-2071
-2344
-2832
-3469
-3918
-3995
-3988
-4236
-4658
-4858
-4704
-4469
-4408
-4481
-4512
-4440
-4277
-4013
-3682
-3421
-3304
-3163
-2770
-2211
-1815
-1711
-1624
-1263
-701
-216
111
404
756
1148
1584
2060
2468
2707
2880
3201
3692
4104
4254
4260
4343
4542
4697
4703
4577
4415
4273
4181
4083
3871
3511
3084
2709
2427
2148
1744
1240
792
491
242
-96
-515
-925
-1259
-1495
-1678
-1895
-2172
-2414
-2521
-2540
-2600
-2751
-2897
-2947
-2909
-2843
-2813
-2839
-2869
-2805
-2618
-2422
-2349
-2364
-2275
-1982
-1608
-1351
-1257
-1189
-974
-575
-113
217
368
508
867
1487
2120
2435
2402
2369
2676
3267
3761
3899
3780
3710
3871
4197
4411
4258
3757
3235
3059
3189
3195
2713
1892
1223
933
772
359
-384
-1215
-1826
-2115
-2218
-2422
-2944
-3650
-4150
-4214
-4075
-4165
-4561
-4928
-4934
-4633
-4340
-4287
-4427
-4519
-4369
-3967
-3525
-3276
-3228
-3141
-2772
-2186
-1688
-1485
-1410
-1151
-600
26
476
731
953
1312
1811
2315
2665
2835
2983
3301
3772
4153
4263
4184
4174
4349
4555
4579
4376
4113
3980
3978
3929
3671
3234
2791
2488
2298
2060
1640
1094
630
360
162
-159
-643
-1123
-1446
-1599
-1720
-1955
-2302
-2599
-2696
-2649
-2647
-2797
-2992
-3053
-2923
-2714
-2588
-2611
-2685
-2629
-2385
-2086
-1925
-1951
-1988
-1837
-1489
-1126
-941
-942
-960
-776
-368
78
345
410
483
791
1376
2000
2361
2379
2331
2572
3129
3662
3868
3770
3634
3719
4014
4255
4153
3700
3194
2966
3013
3006
2631
1907
1196
797
633
350
-271
-1070
-1703
-1995
-2093
-2289
-2762
-3418
-3942
-4109
-4029
-4057
-4363
-4748
-4868
-4644
-4324
-4202
-4334
-4494
-4399
-3989
-3489
-3170
-3072
-2976
-2651
-2103
-1574
-1280
-1197
-1045
-615
18
557
841
977
1197
1610
2094
2458
2609
2673
2881
3299
3726
3924
3882
3818
3916
4133
4284
4225
4006
3816
3794
3845
3732
3380
2941
2606
2403
2224
1916
1449
950
585
352
90
-316
-800
-1202
-1448
-1590
-1759
-2029
-2331
-2525
-2565
-2564
-2649
-2800
-2890
-2852
-2731
-2626
-2579
-2559
-2504
-2378
-2212
-2078
-2006
-1941
-1810
-1628
-1450
-1301
-1133
-923
-701
-509
-349
-177
46
339
630
858
1062
1356
1786
2210
2453
2506
2549
2750
3107
3445
3615
3592
3526
3562
3696
3758
3581
3196
2817
2651
2658
2573
2170
1522
926
548
263
-153
-744
-1357
-1831
-2106
-2277
-2537
-3030
-3652
-4104
-4213
-4149
-4204
-4423
-4599
-4539
-4291
-4052
-3989
-4072
-4098
-3893
-3462
-2977
-2630
-2463
-2323
-2019
-1553
-1137
-959
-920
-723
-258
326
779
1012
1121
1281
1601
2019
2347
2471
2524
2746
3201
3672
3889
3806
3658
3702
3933
4139
4125
3922
3720
3669
3722
3651
3307
2797
2384
2170
2046
1814
1373
839
417
178
-50
-445
-972
-1421
-1673
-1793
-1926
-2177
-2507
-2770
-2845
-2820
-2854
-2983
-3084
-3035
-2865
-2688
-2601
-2586
-2536
-2361
-2110
-1903
-1798
-1724
-1562
-1314
-1090
-969
-904
-789
-577
-320
-122
-24
47
220
518
813
1000
1111
1296
1643
2084
2432
2571
2608
2747
3070
3436
3652
3658
3575
3576
3699
3812
3734
3423
3022
2735
2600
2454
2097
1513
892
431
109
-255
-780
-1405
-1970
-2357
-2598
-2832
-3196
-3660
-4051
-4218
-4205
-4207
-4339
-4517
-4560
-4401
-4140
-3938
-3868
-3835
-3686
-3367
-2970
-2646
-2454
-2306
-2054
-1658
-1228
-922
-760
-593
-280
162
581
872
1061
1266
1580
1974
2327
2550
2689
2880
3197
3548
3777
3846
3852
3914
4046
4169
4166
4027
3856
3759
3700
3547
3254
2883
2528
2232
1970
1654
1224
743
340
31
-289
-687
-1121
-1489
-1754
-1940
-2119
-2367
-2639
-2820
-2869
-2865
-2906
-2989
-3020
-2935
-2769
-2612
-2539
-2523
-2456
-2267
-2002
-1793
-1712
-1665
-1514
-1257
-1013
-891
-873
-816
-616
-293
-8
118
128
209
481
850
1129
1238
1293
1510
1956
2459
2744
2728
2641
2773
3148
3522
3671
3555
3378
3373
3555
3679
3490
2990
2479
2239
2217
2127
1726
1043
380
-24
-234
-538
-1110
-1827
-2382
-2612
-2654
-2781
-3174
-3733
-4143
-4204
-4058
-4008
-4193
-4432
-4425
-4120
-3725
-3518
-3570
-3676
-3567
-3157
-2655
-2329
-2215
-2116
-1825
-1343
-880
-645
-618
-559
-241
307
838
1149
1277
1410
1699
2126
2495
2658
2685
2794
3137
3610
3962
4041
3917
3805
3844
3981
4029
3903
3695
3542
3488
3414
3168
2717
2203
1800
1558
1345
1033
622
198
-155
-455
-797
-1234
-1691
-2024
-2177
-2236
-2342
-2540
-2770
-2929
-2975
-2977
-3004
-3035
-2984
-2805
-2546
-2326
-2225
-2205
-2153
-1985
-1739
-1507
-1338
-1191
-1002
-763
-544
-435
-425
-425
-332
-127
120
318
430
508
628
807
986
1106
1183
1302
1541
1894
2266
2518
2602
2617
2692
2867
3047
3151
3170
3159
3183
3223
3200
3026
2704
2338
2040
1830
1623
1320
900
440
19
-349
-747
-1226
-1743
-2199
-2514
-2727
-2920
-3165
-3462
-3737
-3905
-3960
-3989
-4053
-4109
-4066
-3889
-3645
-3436
-3302
-3213
-3084
-2852
-2544
-2237
-1979
-1750
-1479
-1136
-784
-505
-339
-211
-9
318
698
1036
1298
1518
1753
2025
2287
2474
2577
2682
2892
3209
3513
3688
3698
3622
3583
3608
3621
3544
3416
3301
3209
3101
2906
2569
2127
1706
1396
1148
871
551
203
-141
-467
-786
-1147
-1549
-1893
-2088
-2178
-2259
-2374
-2512
-2641
-2727
-2761
-2768
-2762
-2712
-2576
-2364
-2152
-1994
-1891
-1795
-1662
-1494
-1317
-1143
-964
-773
-562
-370
-250
-195
-153
-84
9
102
190
278
375
487
607
692
721
751
830
957
1101
1246
1399
1586
1810
2033
2192
2265
2309
2375
2473
2580
2659
2677
2643
2582
2509
2394
2198
1924
1631
1368
1136
890
581
224
-151
-521
-879
-1243
-1609
-1955
-2254
-2480
-2658
-2813
-2993
-3177
-3338
-3429
-3474
-3483
-3452
-3410
-3309
-3165
-3014
-2853
-2701
-2570
-2415
-2216
-1982
-1729
-1489
-1254
-994
-727
-477
-258
-51
170
420
694
966
1222
1467
1699
1908
2116
2301
2445
2595
2756
2907
3021
3086
3118
3132
3104
3058
3001
2877
2733
2616
2470
2277
2066
1831
1570
1286
1014
757
464
163
-97
-346
-616
-877
-1104
-1307
-1512
-1692
-1826
-1951
-2044
-2099
-2138
-2151
-2154
-2144
-2089
-2010
-1933
-1840
-1724
-1598
-1460
-1320
-1173
-1025
-897
-764
-609
-472
-359
-242
-117
-11
77
169
256
322
371
427
483
526
561
603
645
682
719
764
808
853
908
974
1040
1109
1198
1309
1404
1462
1509
1569
1632
1665
1679
1688
1682
1643
1590
1529
1434
1297
1137
974
799
608
401
171
-72
-319
-558
-805
-1065
-1316
-1540
-1739
-1930
-2102
-2239
-2367
-2487
-2572
-2612
-2636
-2662
-2656
-2602
-2521
-2435
-2333
-2212
-2079
-1935
-1774
-1597
-1416
-1234
-1042
-833
-618
-404
-196
8
207
423
637
839
1029
1223
1420
1595
1757
1911
2056
2187
2307
2398
2439
2453
2474
2491
2482
2439
2388
2273
2123
2021
1895
1724
1544
1358
1174
985
784
596
380
148
-55
-247
-453
-654
-815
-936
-1068
-1203
-1318
-1423
-1493
-1525
-1562
-1579
-1581
-1580
-1525
-1436
-1381
-1332
-1257
-1163
-1048
-931
-817
-694
-588
-474
-340
-222
-138
-51
49
140
213
284
351
397
439
478
500
510
514
520
532
526
504
493
486
474
474
470
451
422
405
416
430
420
418
433
447
470
492
494
493
502
519
536
523
489
471
456
427
386
320
232
147
78
16
-62
-162
-263
-356
-450
-547
-648
-731
-818
-901
-954
-1004
-1058
-1090
-1112
-1130
-1136
-1143
-1125
-1081
-1042
-994
-930
-872
-803
-720
-634
-544
-455
-363
-262
-156
-54
49
145
236
316
403
493
567
631
693
737
787
836
874
907
923
925
940
946
932
921
895
859
832
797
751
700
638
572
512
443
376
314
245
174
107
42
-20
-84
-140
-192
-247
-293
-332
-363
-384
-412
-436
-452
-467
-472
-465
-466
-466
-456
-445
-425
-407
-393
-374
-349
-324
-290
-258
-233
-205
-174
-147
-122
-99
-82
-58
-36
-19
0
15
28
40
55
67
74
81
89
101
110
116
119
121
129
133
138
139
140
140
139
139
134
125
114
108
101
95
85
71
62
51
40
28
17
6
-6
-15
-20
-25
-35
-40
-48
-57
-59
-61
-61
-60
-61
-63
-62
-59
-59
-55
-51
-46
-42
-35
-27
-22
-19
-17
-13
-8
-6
-2
2
6
10
13
11
11
9
11
16
15
16
14
12
9
7
2
-1
-5
-10
-11
-9
-9
-12
-14
-19
-21
-27
-33
-37
-37
-37
-37
-33
-29
-29
-30
-32
-32
-28
-26
-25
-19
-13
-6
2
9
10
12
17
23
30
33
38
45
51
55
54
54
55
54
55
57
56
58
57
53
51
48
43
36
33
31
31
28
24
20
18
14
9
-1
-9
-14
-19
-23
-26
-27
-33
-39
-43
-45
-47
-48
-52
-51
-47
-47
-42
-40
-38
-36
-37
-33
-26
-21
-18
-13
-10
-12
-8
-5
-3
1
4
6
6
8
9
11
12
11
10
11
14
15
16
17
16
14
14
11
13
9
9
10
9
6
1
-1
-5
-9
-13
-16
-18
-19
-19
-21
-22
-22
-21
-20
-18
-21
-20
-16
-16
-16
-12
-9
-8
-8
-7
-7
-8
-7
-7
-5
-2
-1
0
3
6
6
7
8
8
10
12
16
16
19
19
19
17
18
17
13
16
16
16
20
19
18
17
17
14
16
13
13
13
12
10
9
9
5
4
1
-2
-6
-5
-9
-9
-9
-11
-12
-14
-18
-18
-21
-20
-22
-21
-19
-22
-20
-18
-16
-16
-16
-20
-20
-18
-18
-17
-16
-16
-15
-12
-11
-8
-8
-7
-7
-6
-1
-2
-2
1
4
5
5
8
8
9
11
12
12
14
15
18
18
16
16
13
12
14
18
18
16
14
14
14
12
7
6
7
5
4
2
2
2
-1
-2
-1
-3
-9
-10
-10
-11
-12
-12
-9
-13
-13
-11
-12
-16
-17
-17
-16
-13
-13
-9
-9
-9
-9
-6
-6
-8
-8
-8
-6
-6
-3
-5
-6
-6
-5
-5
-2
1
1
3
3
6
4
3
5
6
7
8
14
14
14
14
14
14
10
11
9
7
7
9
9
7
5
4
5
6
4
3
3
1
1
-1
-1
-3
-6
-7
-4
-5
-6
-7
-7
-9
-10
-9
-10
-11
-13
-13
-14
-14
-11
-11
-12
-9
-10
-10
-11
-11
-10
-7
-6
-7
-8
-6
-7
-4
-2
0
4
3
4
6
6
8
8
11
10
10
12
13
13
13
11
12
11
11
11
11
7
8
8
9
6
6
6
5
3
0
1
0
3
4
-1
-5
-1
0
-5
-10
-11
-8
-11
-13
-16
-14
-13
-15
-17
-22
-19
-14
-14
-18
-15
-11
-7
-9
-10
-10
-8
-6
-7
-6
0
4
3
-1
-1
1
2
-1
-1
3
5
5
3
9
10
9
7
10
13
13
14
15
16
16
17
17
15
15
15
13
11
7
7
6
4
0
0
-2
1
-6
-11
-9
-8
-7
-5
-5
-7
-7
-6
-7
-10
-9
-10
-12
-10
-8
-8
-8
-8
-6
-11
-11
-9
-10
-9
-8
-6
-5
-4
-3
-3
-5
-2
-2
-2
-1
-4
-2
-2
-3
-1
-2
-1
0
3
3
2
3
4
3
5
5
5
5
2
7
10
9
8
7
9
7
7
8
4
4
3
5
1
1
1
2
0
-1
-2
-4
-5
-3
-4
-2
-2
-3
-4
-2
0
-1
0
-1
-1
-1
-2
-4
-5
-7
-10
-10
-10
-9
-7
-7
-9
-4
-1
-4
-7
-6
-4
-1
-2
-6
-3
2
4
1
1
3
3
2
-2
2
1
4
6
3
5
7
9
8
6
4
10
12
7
5
4
9
11
6
5
5
7
5
1
-2
-1
-3
-3
-3
-1
1
1
0
-1
-4
-4
-2
-1
-3
-7
-4
-6
-8
-10
-13
-14
-13
-12
-13
-14
-13
-10
-12
-13
-11
-12
-8
-6
-6
-8
-8
-7
-2
-1
-1
1
2
5
5
4
3
5
5
5
15
13
10
3
7
20
27
26
14
6
9
10
4
1
2
7
14
9
4
-2
-6
-4
-3
-3
-2
2
0
2
2
2
-1
-4
-6
-5
-6
-8
-6
-7
-8
-9
-9
-12
-15
-13
-13
-13
-11
-12
-8
-4
-4
-2
-1
1
3
4
5
5
7
7
5
4
3
3
3
1
-1
0
-2
-2
-1
-3
-2
0
2
3
0
2
0
-1
1
2
1
0
0
2
0
1
5
3
0
1
-1
-2
-2
-2
-4
-3
-2
-2
0
0
0
2
3
2
1
0
2
4
2
2
1
1
0
0
-1
-2
-3
-2
-4
-2
-1
-3
2
-1
0
2
0
0
1
2
2
2
-1
-1
3
0
-1
-1
-2
-3
-3
-1
0
0
0
0
2
1
0
-1
1
3
2
2
2
3
5
3
0
-2
-2
-2
-1
-1
-1
-1
-2
-4
-4
-5
-7
-8
-5
-4
-3
-2
-2
-4
-3
-2
-1
0
-1
0
-2
-2
-3
-2
-1
-2
-2
-1
0
-2
-2
-2
-1
1
2
1
-1
2
2
3
2
4
6
6
5
5
6
5
4
2
2
2
-1
1
1
2
1
0
-2
-1
-2
0
-2
-1
-1
1
3
3
3
3
4
2
5
3
1
4
2
0
1
0
-1
-1
-2
-1
-2
0
-1
-3
-5
-3
-4
-4
-3
-5
-2
-3
-2
-4
-5
-6
-5
-6
-7
-7
-8
-7
-9
-7
-7
-5
-5
-3
-1
1
1
-3
-1
-1
-1
1
0
-2
0
2
2
3
3
4
2
3
4
3
4
4
3
4
5
5
5
7
6
7
11
10
11
8
7
7
6
4
5
3
1
4
1
-1
0
-3
-4
-3
-5
-7
-5
-6
-2
-2
-3
-2
-4
-2
-4
-3
0
-1
-3
-5
-5
-6
-5
-6
-5
-1
-7
-4
-3
-4
-5
-6
-8
-5
-5
-6
-4
-5
-5
-3
-1
-1
-1
1
1
1
1
2
3
0
1
2
1
3
1
1
1
1
5
5
4
1
2
-1
-1
3
1
3
3
0
0
2
1
3
2
4
3
4
6
3
5
3
3
4
4
-1
-2
-2
0
-1
-1
-2
-1
-1
-2
-4
-4
-1
0
1
-2
1
0
-2
-1
0
-1
0
0
1
2
2
0
0
-2
0
0
-2
-2
0
-1
-2
-3
-2
-3
-3
