SAMPLES:	10931
BITSPERSAMPLE:	16
CHANNELS:	1
SAMPLERATE:	16000
NORMALIZED:	FALSE
-46
-41
-22
-3
9
27
42
52
59
61
56
47
33
13
-1
-18
-33
-43
-50
-51
-51
-49
-37
-28
-17
1
17
30
40
50
50
52
43
30
14
-4
-12
-30
-39
-46
-52
-55
-46
-35
-29
-11
1
17
26
33
42
39
42
39
31
18
1
-7
-18
-26
-35
-33
-27
-26
-14
-6
2
11
15
19
21
31
31
25
22
14
6
-2
-8
-17
-18
-19
-16
-13
-12
-3
-1
3
7
9
13
18
22
25
20
16
12
4
-1
-7
-13
-15
-17
-19
-18
-10
-3
-1
4
10
15
22
16
13
7
0
-3
-13
-18
-22
-21
-21
-17
-7
-5
-3
0
3
8
10
13
14
9
3
-1
-8
-12
-11
-15
-13
-9
-9
-3
3
4
12
13
15
13
13
13
11
8
2
-3
-9
-13
-14
-17
-14
-11
-7
-2
-7
0
1
2
11
5
10
15
5
3
2
-6
-10
-14
-19
-11
-12
-13
0
-2
0
2
-1
1
-1
-1
2
-4
-2
1
0
7
12
9
17
13
9
12
1
6
6
-1
0
-9
-14
-13
-18
-17
-8
-3
7
12
15
24
26
31
32
28
23
23
14
8
-3
-14
-27
-36
-36
-34
-31
-22
-17
-8
0
6
6
13
20
23
27
20
19
9
-1
-1
-11
-16
-17
-24
-20
-17
-15
-4
-3
1
7
6
12
16
14
12
9
4
2
-3
-5
-5
-12
-3
-1
3
9
7
13
14
4
5
9
5
12
9
0
3
-6
-8
-4
-9
0
-7
-11
-8
-11
-8
-4
-3
-4
-5
-7
-1
4
1
3
-1
-4
-3
-9
-8
-11
-6
0
3
4
5
11
7
2
4
8
8
7
6
-2
-5
-1
-5
-3
-3
-5
-4
1
10
18
16
17
10
2
3
0
-1
1
-3
-7
-8
-17
-12
-12
-15
-8
-11
-4
6
0
8
5
2
10
2
2
1
-3
-6
-6
-9
-4
2
1
4
6
3
2
2
2
7
0
1
0
0
-1
2
4
-1
0
-2
-1
-2
-1
2
1
6
5
3
8
7
2
1
-2
-2
3
-1
1
-1
-6
-7
-8
-8
-4
0
-4
-1
1
2
3
1
-1
-1
1
0
1
-1
-2
-10
-10
-8
-9
-1
-1
0
8
11
11
10
7
9
8
3
2
4
0
4
-4
-5
-4
-3
1
2
5
10
10
11
15
17
17
17
15
9
7
4
2
2
2
-3
-4
-3
-4
-9
-10
-6
-3
-4
-6
-1
-1
3
0
4
3
-1
-2
-7
-11
-8
-6
-4
-1
-4
-3
1
-3
-3
-3
-5
-2
-3
-4
0
1
2
1
-5
-3
-1
-5
-3
-5
-4
0
0
5
8
2
1
-7
-11
-7
-8
-7
-11
-14
-9
-9
-12
-11
-7
-5
-2
2
2
1
1
4
3
3
1
-3
-8
-13
-12
-10
-7
2
5
8
11
8
11
12
15
18
13
10
11
3
2
8
0
-2
-4
-4
-4
-5
-1
2
1
7
7
7
12
8
10
9
-2
0
-1
-3
0
-6
-6
-2
-10
-7
-4
-5
-1
-2
2
3
1
-1
-1
-1
-2
0
-4
4
7
4
11
3
3
4
0
3
2
3
5
2
4
10
7
7
11
2
3
-2
-4
-1
-4
-5
1
-1
1
0
-6
1
-4
-8
-2
-5
0
-2
-5
-1
-1
5
12
11
12
10
7
6
2
-1
0
-4
-7
-2
-9
-11
-8
-5
-3
-2
-1
0
-3
-5
-4
0
3
5
11
9
8
6
7
7
2
3
-2
-8
-12
-12
-8
-8
-4
-3
-7
-3
2
2
5
7
5
5
1
-2
-1
-4
-2
-3
-7
-5
-4
-4
-2
0
1
0
-2
-2
-3
-3
-2
-5
-4
-1
-10
-8
-8
-12
-4
-5
-2
3
2
5
12
11
5
3
2
1
1
-2
4
8
4
5
4
6
2
-1
2
5
9
12
12
9
13
12
3
1
-3
-1
-3
-4
-4
-7
-4
-3
1
3
8
6
6
3
0
3
-1
-1
0
-5
-3
0
0
0
-2
-1
4
0
0
1
7
13
6
2
-2
-4
-3
-4
-5
-3
-4
-3
4
4
7
10
9
9
5
1
1
-1
-7
-7
-8
-9
-6
-4
-4
-2
-2
-3
-2
0
0
2
5
7
5
10
10
2
1
-5
-12
-11
-11
-14
-11
-7
-6
-4
-2
1
1
5
9
7
9
6
1
2
-1
1
-3
-1
-4
-10
-10
-10
-9
-10
-6
0
0
-2
5
10
8
10
10
7
7
0
-1
-9
-15
-16
-17
-18
-12
-13
-3
6
7
8
7
9
8
12
9
7
2
-3
-5
-11
-14
-15
-15
-9
-7
0
6
1
9
8
4
4
0
-2
4
-2
0
1
-6
-6
-6
-4
1
1
4
7
2
9
5
1
5
3
5
13
11
16
14
4
7
-1
1
5
3
8
2
1
5
2
3
3
4
13
10
10
10
1
1
-2
-7
-2
-4
-8
-4
-4
-4
-1
-2
6
10
9
7
4
1
0
-1
2
-1
-5
-5
-9
-12
-9
-6
-7
-2
3
4
9
7
6
3
1
0
0
1
0
0
-2
-3
-5
-3
-4
-3
0
0
3
5
6
6
5
9
7
2
2
-2
-11
-9
-11
-9
-2
-4
-5
-5
-7
-4
3
4
9
9
11
10
6
4
-1
-5
-7
-8
-11
-8
-13
-16
-7
-7
-2
0
-2
-2
0
2
2
-1
-3
-2
-1
2
6
3
3
2
-2
0
0
0
-2
-9
-7
-5
-6
-3
-7
-6
-4
-3
-2
2
3
6
11
5
5
8
6
2
-3
-8
-10
-7
-7
-4
-5
-3
-2
-3
3
7
15
14
9
6
6
2
4
6
0
-2
-4
-3
1
5
9
11
9
7
10
9
12
13
8
3
1
-3
-8
-3
-3
-6
-3
-4
2
5
6
11
10
6
9
10
6
9
4
-2
1
-5
-6
-6
-13
-9
-11
-9
-2
-1
2
8
7
7
9
6
8
6
1
0
-3
-7
-13
-23
-26
-26
-22
-8
-3
-5
0
0
5
7
5
8
10
1
0
0
0
1
-5
-2
0
-3
5
1
1
1
0
-3
3
9
10
13
7
5
1
-6
-4
-13
-12
-6
-13
-8
-10
-12
-9
-9
-5
1
3
8
8
3
4
-4
-9
-8
-14
-13
-9
-12
-7
-2
3
10
11
11
13
13
9
10
14
9
6
8
10
8
2
-3
-6
-11
-13
-8
-10
-7
-3
2
5
9
9
16
19
18
18
15
9
2
-5
-9
-7
-7
-5
-10
-15
-23
-20
-10
-5
4
9
14
17
15
12
9
7
6
4
0
1
2
2
-2
-7
-7
-7
-9
-8
-5
-1
3
5
8
8
6
4
3
-4
-9
-8
-7
-6
-4
-4
-2
1
0
7
10
13
12
12
15
13
10
8
4
-1
0
-8
-9
-13
-17
-11
-7
-6
0
3
2
5
6
5
5
3
-1
1
-6
-8
-9
-9
-6
-8
-2
-3
-3
-1
0
-2
1
5
6
6
5
8
1
-2
0
-3
-5
-3
-3
-2
-1
-3
-2
-2
-4
5
4
7
13
10
10
7
2
2
-2
-8
-6
-7
-5
-2
0
2
-1
2
3
3
1
3
0
-2
0
-4
-1
-3
-5
-1
-2
0
2
1
3
-1
1
0
-3
-1
0
1
1
0
-1
-1
-2
-3
0
-1
-3
-1
-1
2
2
1
1
-1
-1
-3
0
1
5
6
9
11
13
9
6
2
-1
-5
-3
-4
-5
-2
-5
0
3
3
3
5
2
0
1
2
-3
-10
-15
-19
-21
-18
-18
-11
-6
-4
0
0
3
10
14
12
12
16
8
2
0
-2
-7
-10
-6
-7
-3
0
1
3
7
7
9
10
10
15
6
5
2
-7
-10
-13
-12
-11
-10
-6
-3
3
6
9
9
7
12
11
12
6
2
-1
-9
-12
-13
-17
-14
-12
-8
-1
3
7
11
15
14
17
20
19
14
14
14
7
7
0
-1
-3
-9
-8
-9
-3
1
5
8
12
17
15
12
4
-2
-3
-4
-6
-5
-5
-7
-6
-8
-6
-7
-3
-3
-5
-7
-10
-11
-9
-11
-13
-13
-12
-15
-14
-16
-10
-4
-2
3
3
3
-1
-4
-4
-7
-11
-11
-10
-3
0
0
4
5
3
2
2
2
2
4
6
1
3
2
3
1
1
1
-1
-6
-6
-10
-8
-2
0
10
9
9
8
6
6
-1
0
0
-2
-4
-4
-3
-1
4
5
7
5
6
8
5
5
1
1
1
1
-2
0
0
-3
-1
-5
-6
-3
1
1
1
9
15
18
18
19
17
14
9
6
4
4
-2
-4
-4
-7
-9
-3
1
5
8
7
12
13
11
11
11
10
13
7
1
-2
-3
-9
-13
-12
-8
-5
-2
2
5
5
8
14
14
13
12
9
5
4
0
-3
-10
-13
-12
-13
-17
-10
-8
-8
-1
0
6
10
16
20
16
11
2
-3
-4
-10
-12
-14
-17
-17
-18
-14
-10
-5
-4
-5
-2
0
3
4
1
0
-8
-16
-13
-12
-9
-8
-11
-8
-12
-14
-8
-3
-1
5
7
6
7
9
9
9
4
1
-4
-5
-2
1
0
-3
-7
-13
-5
-3
1
2
3
4
2
4
0
4
5
4
6
1
-1
0
2
1
-4
-7
-11
-9
-9
-6
-9
-4
0
-2
2
6
6
2
0
0
3
3
2
1
-1
3
-1
-1
6
3
-3
-1
-1
-2
0
2
0
0
0
1
-1
3
6
1
0
0
0
4
7
8
11
11
13
12
10
10
6
4
3
2
4
3
0
1
5
6
7
6
4
7
2
2
1
0
1
0
1
0
1
0
-2
-3
0
0
2
6
3
0
-1
-2
-4
-6
-2
-1
-5
-2
-4
-6
-8
-8
-8
-9
-4
0
0
1
5
3
5
8
6
2
0
1
0
1
-1
-1
0
1
0
3
2
-2
-1
-6
-11
-14
-12
-6
-4
-3
-3
-3
-4
-6
-6
-3
4
8
9
10
8
9
3
0
-2
-6
-4
-5
-2
2
-1
2
4
4
7
6
3
5
0
-1
0
-1
2
-3
-4
-3
-4
-5
-1
-3
-3
0
1
5
5
8
12
8
3
-7
-7
-12
-13
-12
-12
-9
-6
-1
5
4
8
5
4
8
5
9
7
7
5
-1
-2
-3
-8
-6
-4
-4
-2
-1
2
4
5
3
1
2
3
3
4
6
1
-5
-5
-5
2
5
2
3
2
-1
0
2
3
10
6
7
8
3
3
-2
-2
-3
-8
-6
-6
-5
-5
-2
0
7
7
6
6
3
4
3
7
5
3
2
0
-1
-1
0
-5
-4
-5
-6
-4
-6
-4
-3
0
-2
1
3
3
3
-2
0
-1
-3
-2
-5
-5
-8
-4
-3
-1
0
0
0
0
1
3
3
5
8
10
6
1
2
-2
-4
-10
-12
-9
-5
-1
0
2
0
3
3
4
8
6
10
10
6
4
-2
-6
-9
-9
-9
-5
-4
-6
-7
-2
6
11
19
17
16
10
3
3
5
5
2
2
-6
-7
-8
-6
-3
-4
-5
-4
-2
1
7
6
0
-4
0
-4
-6
1
-4
-9
-10
-12
-13
-8
-4
3
4
3
3
1
1
5
-1
-2
-8
-7
-7
-7
0
2
2
2
10
7
4
-5
-8
-8
-7
-6
-4
0
0
0
-3
-5
-5
0
5
8
7
8
6
4
5
3
1
0
-2
-2
-1
-3
-1
-2
1
2
-1
3
9
12
12
10
6
4
2
6
7
6
2
-3
-1
-1
-3
0
5
2
3
6
5
7
9
10
8
7
4
2
1
0
-6
-15
-12
-6
-2
2
2
3
8
12
10
8
-1
-4
-8
-15
-15
-12
-12
-8
-5
-1
3
3
7
7
12
15
19
15
10
8
5
-1
-4
-6
-15
-14
-18
-17
-14
-8
-2
1
6
9
10
12
9
7
6
3
0
-7
-10
-13
-13
-13
-13
-8
-8
-2
2
-2
3
3
5
9
6
7
5
1
-3
-8
-11
-16
-12
-11
-13
-14
-9
-8
-10
-5
-4
1
6
7
8
7
8
4
-1
-1
-5
-7
-3
-2
0
-1
1
0
-2
-1
5
9
7
11
14
13
15
11
5
2
1
-2
2
2
0
1
0
2
0
0
-2
-3
-6
-5
-10
-11
-9
-9
-1
2
6
8
9
10
7
8
5
4
-1
0
5
6
7
11
6
2
6
9
5
5
2
2
0
-3
-1
0
-3
-1
-1
-4
0
-1
5
8
7
7
8
8
5
5
2
3
0
0
-6
-4
-1
0
1
-1
3
3
2
4
5
4
5
3
3
1
-1
3
1
-3
-6
-15
-16
-11
-7
-8
-10
-10
-13
-13
-7
0
0
0
-2
-1
-3
-7
-9
-6
-2
-9
-7
-8
-4
-7
-8
-3
-1
0
2
5
3
11
6
0
4
5
1
3
6
5
5
0
-2
-5
-2
1
-7
-8
-11
-6
-2
-8
-7
-8
-5
1
5
7
7
4
-1
-3
-7
-10
-10
-8
-7
-8
-6
-1
-1
6
11
6
5
12
15
15
13
6
7
3
-1
-3
-7
0
3
1
7
7
9
10
8
10
5
6
9
5
8
7
1
-1
-6
-13
-13
-15
-13
-14
-13
-3
-3
2
5
6
11
13
11
11
9
5
3
-2
-5
-1
-3
-2
1
-1
2
6
8
10
13
13
11
4
4
2
-1
-1
0
-3
-2
-3
-5
-6
-4
0
-3
-3
4
7
8
5
1
0
-3
-5
-4
-6
-8
-3
0
-1
4
4
5
8
4
3
3
3
7
3
3
5
3
2
-1
-6
-8
-13
-14
-15
-17
-14
-12
-9
-5
3
3
9
8
10
12
15
19
18
11
4
-4
-11
-9
-13
-11
-10
-9
-9
-7
-5
0
4
10
12
9
8
1
-1
-14
-13
-13
-16
-11
-14
-14
-15
-12
-11
-8
-3
0
8
8
8
6
7
9
7
0
0
-5
-5
-4
-4
-1
-3
0
-1
-5
-2
-5
-6
1
3
5
5
4
3
3
2
6
1
-2
0
0
1
3
4
5
5
5
13
11
10
15
13
14
12
9
9
5
-3
-3
-4
-9
-4
-3
7
9
5
4
2
2
3
2
-2
1
-2
-3
-5
-8
-1
-2
-8
-8
-8
-5
0
4
5
4
2
6
11
8
10
8
2
0
-8
-10
-12
-14
-10
-5
2
7
8
8
9
6
5
2
2
-2
-3
-6
-11
-11
-14
-13
-10
-11
-7
-5
-4
2
3
5
4
4
1
-2
-7
-3
-2
-1
3
3
1
1
-5
-2
1
1
5
4
5
4
5
4
-1
0
-5
-14
-12
-14
-19
-14
-6
-1
4
3
2
6
6
3
1
1
3
-1
-3
6
3
6
10
7
7
8
5
5
4
4
4
1
-1
-1
-6
-2
-3
-2
-1
-6
-3
1
2
3
5
3
2
1
-4
-6
-2
-2
-5
-6
-3
-6
-3
3
0
4
6
8
12
12
11
4
3
5
-1
-4
3
1
-3
-1
-2
0
1
2
3
3
7
2
2
1
-2
-2
-1
-5
-6
-5
-4
0
1
-1
3
4
1
2
0
3
2
0
-3
-6
-7
-8
-10
-6
-1
1
2
7
8
13
14
8
7
-1
0
1
-3
0
3
-1
1
0
-3
1
-2
-1
3
-2
-2
-2
-5
-1
-3
-6
-1
-4
-1
1
-3
4
8
5
9
4
-1
0
-5
-8
-6
-9
-11
-10
-6
-2
-1
0
3
0
-1
1
-2
-3
-2
1
1
-1
3
1
-3
-3
-2
-8
-8
-6
-5
-3
-5
-4
0
0
6
9
6
6
-3
-3
-1
-1
0
1
-2
0
-5
-5
4
3
5
5
2
11
6
2
5
0
3
7
4
6
7
4
7
-2
-5
-3
-8
-3
-2
-4
5
6
8
12
3
0
2
1
1
0
4
7
7
10
10
5
2
-2
-1
-1
4
6
6
5
-1
2
0
4
7
11
9
2
-8
-14
-16
-19
-17
-17
-13
-5
-3
0
2
1
1
4
3
2
1
-2
1
-3
-7
-4
-6
-6
-1
0
0
0
-1
-1
-4
-4
-2
2
1
2
4
1
-1
-2
-2
-2
-2
1
-1
1
4
2
1
2
-1
-1
-2
-2
1
-3
2
5
-3
-2
2
-1
-3
-4
-1
-4
-6
-1
-3
4
9
11
11
9
7
7
7
6
2
1
-4
-10
-6
-3
-3
-1
-4
-5
-5
-4
2
6
8
11
9
8
12
10
11
11
4
2
-4
-9
-11
-12
-7
-5
1
4
8
5
12
7
4
5
0
-2
-7
-10
-12
-14
-10
-5
-7
-1
1
-2
2
3
-1
-4
-7
-5
-1
-2
1
1
2
0
-4
0
0
-1
5
6
9
9
3
0
-2
-3
-1
-7
-4
-6
-10
-4
-6
-7
-2
0
3
5
2
4
8
8
11
6
3
0
-13
-14
-15
-23
-15
-12
-8
4
6
8
14
14
20
20
11
17
8
4
7
-2
1
1
-2
3
-1
-3
1
-5
-5
5
1
7
6
4
5
2
4
5
-1
-4
-2
-2
-1
1
-2
2
2
4
10
8
10
9
2
-1
-5
-7
-3
-8
-7
1
2
13
17
10
13
7
2
9
2
-1
-2
-5
3
-1
-5
1
-1
-5
-5
-8
0
4
0
4
-3
-8
-8
-15
-13
-13
-15
-8
-11
-12
-8
-9
-10
-4
-1
3
8
6
2
0
3
5
0
0
-1
-1
2
2
0
2
4
2
3
6
10
11
6
5
6
3
1
0
-5
-8
-5
-7
-3
-1
1
8
8
11
10
11
15
9
11
16
9
5
5
2
2
-4
-4
-3
-5
0
2
4
4
6
10
11
5
7
12
10
12
11
6
6
1
-1
0
3
7
8
6
6
5
5
3
0
6
8
5
3
1
-3
-4
-7
-9
-10
-14
-16
-16
-17
-15
-16
-12
-2
0
2
2
1
0
-8
-15
-18
-22
-30
-30
-37
-29
-22
-22
-13
-14
-20
-18
-17
-19
-12
-9
-8
-8
-9
-6
-8
-7
-11
-16
-11
-7
-9
-3
-2
-7
2
-4
-3
15
17
19
15
11
12
15
8
11
16
13
30
22
12
12
17
14
17
28
35
42
48
40
26
17
21
29
27
29
22
2
0
13
22
19
10
3
-10
-5
1
24
25
13
7
-6
4
8
7
2
-12
-39
-38
-25
-19
6
1
11
6
17
15
-5
-5
-8
-23
-23
12
46
49
41
18
8
-7
-19
-13
-31
-11
16
22
34
25
-4
-4
-20
-33
-36
-51
-23
-15
-30
0
-5
15
19
-6
3
-5
-8
19
21
23
57
34
49
42
48
100
93
112
100
102
122
118
98
132
128
81
92
12
0
-4
21
30
61
72
129
-93
-468
-754
-762
-498
-260
127
407
585
392
-217
-720
-994
-860
-639
30
696
1097
1074
601
51
-352
-577
-469
-200
97
252
173
742
52
-283
-367
-267
65
-306
-286
-612
-477
-555
-67
417
-641
-415
-103
601
-162
-175
78
-828
45
-113
407
302
259
804
662
730
-540
-42
-896
70
1168
521
1319
517
625
-8
-754
-841
-504
-127
157
1056
693
873
130
-423
136
-603
-758
-601
-232
121
638
1068
694
528
61
-402
-979
-1080
-387
370
578
489
835
376
-189
-303
-399
-929
-651
-164
283
583
152
435
138
-289
-274
-281
-364
-292
-114
86
229
-203
54
222
120
381
-389
-639
-954
-507
-180
-79
518
48
178
50
5
-302
-821
-989
-799
-62
72
450
188
75
191
-57
61
-545
-744
-873
-553
585
1052
1304
1089
671
-110
-328
-570
-707
-137
254
992
1296
1525
873
-41
-544
-650
-378
-83
275
519
1120
1098
1179
871
412
-46
-333
-187
-92
362
505
992
898
734
541
25
-263
-579
-458
-410
-532
-364
-150
53
-17
-134
-423
-853
-1155
-1319
-1357
-1348
-1079
-642
-153
85
-16
-233
-651
-881
-974
-928
-752
-304
185
442
737
628
390
17
-367
-562
-626
-487
-148
380
549
737
609
127
-336
-874
-1017
-1172
-868
-366
72
425
342
341
-34
-574
-666
-856
-760
-183
81
644
1084
964
1009
786
421
384
313
142
511
935
1252
1564
1576
1414
1070
846
658
686
698
749
980
1025
1219
1352
1237
1171
911
285
-279
-610
-599
-629
-570
-623
-592
-551
-900
-1284
-1854
-2143
-2386
-2413
-2169
-1809
-1463
-1322
-1097
-910
-701
-674
-464
-374
-34
272
623
902
1241
1716
1968
2001
1768
1681
1561
1540
1511
1505
1503
1433
1198
1026
686
240
-204
-618
-758
-931
-1186
-1389
-1606
-1769
-1992
-2111
-2205
-2391
-2360
-2324
-2072
-1916
-1833
-1652
-1423
-1169
-875
-381
-240
41
220
612
929
977
1281
1233
1353
1429
1502
1565
1497
1696
1700
1754
1662
1552
1619
1571
1506
1348
1315
1173
1106
1238
1214
1327
1268
1338
1354
1278
979
399
58
-344
-297
-348
-479
-700
-841
-832
-1136
-1588
-2156
-2603
-3005
-3269
-3349
-3276
-3168
-3093
-2831
-2476
-1874
-1398
-958
-516
-166
55
185
618
1069
1515
1938
2332
2852
3278
3491
3467
3201
2925
2515
1952
1588
1300
1041
744
423
-65
-464
-1082
-1715
-2149
-2581
-3004
-3390
-3693
-3753
-3715
-3747
-3415
-3119
-2871
-2682
-2327
-1666
-1076
-752
-456
0
462
1061
1560
1978
2425
2540
2709
2875
2969
2945
2861
2918
2921
2901
2759
2637
2448
2334
2317
2281
2265
2207
2123
2036
1806
1674
1537
1242
656
-6
-295
-341
-600
-1177
-1523
-1673
-1773
-2218
-2874
-3216
-3465
-3636
-3989
-4040
-3916
-3761
-3762
-3642
-3150
-2644
-1940
-1355
-719
-204
227
619
1041
1476
1874
2166
2464
2784
3021
3309
3541
3751
3857
3563
3236
2797
2214
1754
1168
706
121
-504
-1135
-1725
-2111
-2504
-2974
-3517
-3860
-4170
-4376
-4627
-4639
-4479
-4346
-4002
-3684
-2948
-2283
-1589
-843
-127
519
1224
1877
2341
2788
2974
3160
3293
3492
3748
3968
4086
4096
4010
3779
3396
3035
2508
2244
2003
1836
1779
1589
1662
1353
1140
812
691
536
-35
-715
-1322
-1358
-1424
-1897
-2495
-2465
-2165
-2238
-2736
-3104
-2979
-3136
-3619
-3984
-3754
-3367
-3480
-3684
-3311
-2402
-1531
-1064
-482
475
1229
1668
1849
2287
2681
2640
2442
2472
2815
3215
3489
3799
4241
4430
4200
3557
2916
2219
1358
408
-464
-1220
-2020
-2520
-2834
-2949
-3242
-3705
-3867
-4014
-4170
-4475
-4453
-4267
-4340
-4350
-4086
-3452
-2985
-2444
-1639
-525
386
1127
2003
2771
3340
3510
3415
3813
3631
3540
3489
3413
3613
3726
4075
4021
4017
3551
3465
2949
2372
1871
1361
1003
526
700
580
745
107
-321
-918
-1109
-1221
-2141
-2639
-3147
-2534
-2860
-3235
-3501
-3177
-3002
-3622
-3634
-3284
-2640
-3075
-3127
-2529
-1612
-1117
-1098
-254
659
1215
1244
1590
2377
2929
3026
2902
3188
3371
3292
3020
2844
3012
2919
2806
2481
2181
1766
1075
261
-659
-1371
-2195
-2923
-3723
-4146
-4432
-4616
-4637
-4765
-4394
-4245
-4108
-3980
-3730
-3248
-2963
-2588
-2162
-1342
-694
117
884
1790
2600
3191
3845
4196
4624
4687
4715
4567
4338
4066
3738
3607
3436
3432
3181
3058
3029
2933
2824
2434
2069
1508
993
538
88
-733
-1552
-2076
-2212
-2349
-3154
-3479
-3534
-3202
-3587
-4240
-4163
-3926
-3974
-4601
-4420
-3765
-3245
-3454
-3279
-2110
-1099
-409
-64
1100
2167
2606
2693
2946
3558
3583
3296
2990
3101
3199
3095
3122
3169
3301
3155
2981
2638
2118
1426
448
-567
-1513
-2367
-2954
-3643
-4343
-4728
-4967
-4809
-4904
-4782
-4537
-4312
-4028
-3765
-3140
-2582
-2092
-1650
-1016
-439
253
1127
2012
2877
3517
4213
4743
5076
5216
5194
4966
4558
4113
3721
3314
2997
2910
2710
2434
2128
2046
2070
1787
1592
1256
1021
538
209
-374
-1344
-1913
-2426
-2374
-3366
-4025
-4000
-3663
-3696
-4436
-4154
-3745
-3518
-4207
-4171
-3547
-3236
-3424
-3664
-2457
-1479
-598
-246
726
2187
2915
3467
3649
4324
4645
4478
4199
3990
3911
3557
3264
2933
2853
2574
2361
2316
1862
1397
478
-283
-1144
-2323
-3298
-4293
-5049
-5786
-6287
-6398
-6205
-5979
-5530
-4990
-4368
-3656
-3143
-2351
-1769
-1166
-608
3
916
1641
2497
3288
4178
4819
5230
5614
5967
6178
5878
5574
5025
4692
4093
3421
2867
2182
1818
1286
1212
1218
1248
1175
889
884
588
-76
-1191
-1903
-2410
-2807
-3752
-4439
-4319
-4244
-4248
-4788
-4521
-4038
-3981
-4022
-3812
-3086
-2881
-3067
-3041
-2218
-1453
-839
-200
664
1723
2257
2931
3735
4459
4789
4607
4645
4682
4481
4083
3670
3457
3045
2532
2174
2045
1560
983
207
-446
-1166
-2243
-2851
-3664
-4470
-5323
-6046
-6300
-6694
-6872
-6749
-6439
-6130
-5504
-4614
-3416
-2406
-1528
-449
273
1122
1784
2624
3446
4079
4779
5295
5793
6267
6613
6764
6641
6411
6087
5598
5050
4605
4046
3240
2488
1825
1571
965
406
299
172
218
-712
-1404
-1725
-2141
-2756
-4318
-5176
-5304
-5326
-5754
-6254
-6044
-5475
-5307
-5257
-4274
-3214
-2474
-2483
-2311
-1234
-593
-70
305
978
1860
2266
2804
3517
4299
4826
4928
4811
4821
4766
4573
4209
3671
3157
2501
1805
1485
916
380
-296
-1027
-1520
-2492
-3057
-3759
-4528
-5370
-6090
-6226
-6351
-6432
-6364
-5937
-5542
-5041
-4441
-3447
-2291
-1439
-394
427
1502
2456
3151
3837
4254
4811
5313
5583
5974
6296
6514
6479
6213
6097
5918
5373
4769
4194
3590
3014
2348
1912
1429
819
422
66
-466
-1469
-2127
-2462
-2787
-3766
-4933
-5191
-5299
-5505
-6349
-6519
-6189
-6019
-6079
-5821
-4595
-3693
-3127
-2855
-1786
-633
55
590
1197
2149
2602
3106
3644
4310
4666
4598
4645
4644
4678
4593
4534
4411
3983
3463
2990
2457
1667
687
-192
-1128
-2223
-3200
-3773
-4119
-4801
-5524
-5935
-6107
-6262
-6457
-6243
-5840
-5521
-5173
-4503
-3524
-2629
-1841
-972
10
957
1862
2812
3743
4478
5048
5447
5857
6238
6548
6668
6511
6361
6183
5914
5498
5098
4725
4220
3479
2873
2380
1822
1242
647
313
-155
-1116
-1698
-2237
-2572
-3381
-4776
-5330
-5580
-5718
-6165
-6678
-6295
-6076
-6168
-6020
-5362
-4371
-3927
-3639
-2673
-1449
-434
360
1138
2131
2722
3097
3793
4410
4873
4932
4896
5082
4973
4776
4566
4283
3922
3380
2857
2570
1938
1174
339
-571
-1412
-2639
-3559
-4156
-4980
-5754
-6526
-6790
-6789
-7052
-6857
-6430
-6007
-5561
-5012
-3960
-2900
-2132
-1164
-221
755
1768
2703
3716
4400
4917
5609
6057
6502
6785
6952
7080
6885
6666
6387
5959
5596
5099
4354
3716
3096
2823
2231
1388
962
495
135
-1054
-1987
-2257
-2665
-3219
-4540
-5146
-5211
-5560
-6117
-6762
-6559
-6232
-6332
-6277
-5553
-4447
-3831
-3556
-2860
-1544
-588
-23
676
1638
2496
2861
3362
4166
4745
4934
4807
4932
5134
5026
4777
4433
4084
3637
3042
2589
2102
1266
393
-479
-1387
-2294
-3382
-4028
-4659
-5655
-6404
-6979
-7028
-7242
-7555
-7197
-6688
-6073
-5570
-4774
-3537
-2586
-1718
-826
181
1250
2206
3119
3947
4685
5378
6047
6442
6913
7259
7441
7341
7242
7253
7029
6468
5852
5352
4554
3822
3163
2729
2043
1135
639
339
-249
-1324
-1964
-2359
-2809
-3906
-5127
-5367
-5675
-5967
-6718
-7057
-6480
-6467
-6336
-6152
-5185
-4112
-3859
-3343
-2294
-948
-68
438
1276
2205
2721
3006
3624
4224
4578
4434
4471
4725
4674
4589
4392
4277
3909
3340
2892
2495
1767
785
-138
-1016
-1952
-3123
-4061
-4634
-5380
-6172
-6884
-7011
-6960
-7187
-7132
-6844
-6170
-5649
-5146
-4220
-3233
-2224
-1284
-387
678
1665
2656
3538
4248
4990
5670
6229
6589
6897
7180
7312
7220
7207
7026
6799
6342
5826
5271
4377
3696
3020
2383
1521
797
458
32
-701
-1585
-1943
-2242
-2825
-3891
-4715
-4814
-5167
-5689
-6487
-6603
-6333
-6525
-6460
-6023
-4918
-4150
-3828
-2941
-1707
-447
178
813
1715
2469
2874
3220
3844
4204
4253
4001
4205
4303
4199
4062
3929
3936
3507
3077
2861
2510
1810
720
-226
-1000
-1992
-3118
-4071
-4754
-5469
-6393
-6868
-6940
-6902
-7016
-7086
-6574
-5974
-5351
-4720
-3819
-2807
-1896
-1052
-146
917
1914
2844
3466
4090
4806
5446
5983
6241
6608
6910
6983
6893
6797
6747
6448
5957
5378
4790
4140
3519
2929
2234
1439
862
491
68
-741
-1471
-1743
-2027
-2597
-3745
-4339
-4440
-4863
-5495
-6302
-6160
-5954
-6154
-6182
-5671
-4550
-4004
-3606
-2773
-1429
-211
324
1069
1926
2680
2963
3207
3779
4002
3953
3727
3888
4002
3836
3690
3761
3783
3433
3056
2836
2626
1792
730
-124
-906
-1880
-3202
-4099
-4786
-5630
-6478
-7062
-6975
-7059
-7201
-7033
-6427
-5689
-5204
-4548
-3616
-2694
-1868
-1067
-168
812
1744
2636
3365
4024
4822
5495
5910
6110
6441
6744
6769
6579
6446
6395
6025
5515
4961
4377
3759
3070
2526
1934
1287
846
495
134
-514
-1102
-1429
-1773
-2173
-2952
-3569
-3897
-4185
-4603
-5250
-5491
-5438
-5487
-5593
-5208
-4303
-3669
-3306
-2750
-1539
-494
108
686
1367
2027
2247
2535
2967
3206
3189
3012
3140
3281
3240
3240
3298
3372
3161
2828
2578
2452
1865
1053
69
-769
-1517
-2725
-3587
-4406
-5092
-5809
-6564
-6636
-6679
-6711
-6708
-6344
-5631
-5071
-4464
-3705
-2695
-1814
-1081
-259
658
1646
2350
3036
3718
4481
5157
5487
5809
6170
6552
6630
6471
6399
6375
6062
5455
4853
4401
3766
2980
2248
1784
1305
798
389
53
-279
-928
-1341
-1648
-2006
-2512
-3395
-3802
-4070
-4412
-4803
-5363
-5330
-5341
-5335
-4999
-4455
-3605
-3143
-2587
-1694
-723
102
650
1191
1742
2136
2322
2657
2842
2886
2813
2740
2934
2994
3011
3027
3087
3107
2979
2757
2650
2283
1591
626
-296
-937
-2055
-3123
-4116
-4816
-5307
-6217
-6477
-6447
-6338
-6280
-6263
-5564
-4882
-4350
-3768
-2889
-1968
-1181
-465
405
1433
2144
2884
3556
4224
4950
5327
5761
6052
6357
6523
6336
6171
6068
5801
5235
4593
4091
3660
2825
2151
1677
1323
796
227
73
-184
-639
-1248
-1547
-1728
-2192
-2926
-3586
-3788
-4053
-4400
-5016
-5299
-5147
-5082
-4844
-4613
-3784
-3046
-2546
-1852
-992
171
787
1183
1604
2084
2385
2438
2529
2617
2647
2465
2446
2580
2702
2806
2834
2939
2859
2709
2567
2341
1851
941
123
-668
-1503
-2627
-3677
-4359
-5023
-5765
-6346
-6384
-6198
-6169
-6098
-5546
-4810
-4229
-3698
-2955
-1990
-1299
-668
60
925
1763
2432
3131
3789
4467
5060
5503
5821
6130
6343
6325
6115
5929
5744
5281
4628
4104
3624
3005
2275
1731
1409
906
408
110
4
-268
-841
-1218
-1476
-1757
-2337
-3145
-3556
-3848
-4156
-4735
-5251
-5170
-4993
-4897
-4787
-4189
-3312
-2695
-2262
-1481
-408
343
830
1176
1846
2226
2295
2451
2534
2697
2522
2424
2602
2731
2799
2816
2936
3045
2974
2737
2594
2312
1593
758
-209
-890
-1832
-3007
-3861
-4642
-5227
-5925
-6387
-6265
-6233
-6196
-6046
-5555
-4777
-4291
-3741
-2962
-2118
-1329
-705
65
1033
1884
2611
3294
4020
4815
5390
5768
6082
6322
6498
6380
6169
5881
5556
5030
4365
3806
3207
2678
2060
1567
1191
748
493
211
106
-163
-604
-944
-1357
-1623
-2178
-2781
-3283
-3718
-4030
-4497
-4791
-4935
-4928
-4785
-4588
-3991
-3407
-2797
-2206
-1552
-662
-85
446
871
1263
1605
1724
1910
2115
2241
2252
2284
2363
2579
2660
2756
2891
2931
2898
2686
2478
2247
1649
854
8
-781
-1543
-2547
-3494
-4161
-4790
-5316
-5781
-5888
-5717
-5811
-5722
-5382
-4725
-4157
-3755
-3064
-2311
-1569
-955
-163
798
1568
2243
2959
3786
4534
5109
5602
6010
6217
6246
6233
6052
5741
5265
4756
4186
3594
3032
2489
2013
1487
1171
882
618
489
259
168
-83
-492
-858
-1302
-1642
-2123
-2872
-3464
-3762
-4012
-4334
-4755
-4763
-4411
-4270
-4007
-3590
-2886
-2261
-1956
-1394
-746
-172
132
398
716
1047
1232
1438
1787
1892
2047
2193
2452
2786
2807
2928
3059
3044
2914
2585
2360
2129
1448
596
-215
-889
-1477
-2438
-3245
-3868
-4440
-4855
-5282
-5339
-5342
-5416
-5275
-4981
-4426
-3915
-3439
-2825
-2186
-1468
-696
83
898
1716
2483
3264
3909
4534
5153
5533
5773
5828
5868
5773
5470
5022
4601
4148
3502
2925
2334
1994
1619
1235
1054
905
789
674
531
476
263
-207
-639
-1053
-1510
-2012
-2804
-3287
-3546
-3868
-4102
-4420
-4314
-4072
-3960
-3665
-3258
-2706
-2313
-2023
-1590
-1017
-638
-340
-125
149
495
718
1078
1345
1584
1863
2091
2368
2589
2753
3000
3006
2930
2792
2626
2468
2008
1357
676
-14
-657
-1436
-2194
-2814
-3406
-3946
-4426
-4699
-4841
-4930
-5008
-4925
-4732
-4385
-3877
-3397
-2819
-2254
-1514
-673
97
917
1738
2548
3252
3890
4525
5026
5348
5440
5516
5368
5140
4809
4438
3964
3394
2941
2514
2188
1785
1535
1373
1207
1102
1020
964
895
789
680
341
-210
-697
-1031
-1524
-2142
-2835
-3203
-3296
-3532
-3597
-3664
-3506
-3279
-3211
-2943
-2629
-2270
-2105
-2030
-1797
-1426
-1119
-935
-710
-389
-32
292
656
1197
1567
1893
2111
2405
2716
2808
2898
2880
2742
2457
2140
1901
1600
999
408
-174
-721
-1284
-1920
-2364
-2883
-3487
-3942
-4208
-4280
-4500
-4728
-4696
-4385
-4059
-3732
-3229
-2543
-1792
-1153
-399
502
1382
2169
2778
3438
4035
4509
4821
4938
4972
4861
4621
4285
3859
3481
3114
2727
2398
2103
1966
1808
1617
1561
1450
1394
1286
1103
999
726
555
239
-123
-663
-1077
-1355
-1794
-2133
-2671
-2682
-2611
-2727
-2736
-2979
-2754
-2656
-2741
-2677
-2758
-2552
-2608
-2627
-2426
-2128
-1726
-1558
-1256
-863
-259
198
702
1192
1603
2036
2211
2531
2697
2751
2683
2471
2299
2093
1849
1537
1265
740
307
-131
-589
-876
-1532
-1932
-2365
-2874
-3121
-3505
-3630
-3854
-4125
-4109
-3934
-3537
-3146
-2722
-2138
-1398
-646
186
983
1745
2376
2822
3312
3757
4064
4169
4063
3928
3737
3536
3282
2979
2675
2417
2208
2057
1980
1989
2015
1893
1796
1706
1686
1552
1314
984
632
411
20
-203
-761
-1102
-1166
-1502
-1469
-2003
-2033
-1790
-2011
-1931
-2417
-2399
-2403
-2742
-2870
-3114
-3096
-3232
-3296
-3259
-2854
-2493
-2108
-1586
-1217
-421
96
714
1314
1565
2049
2168
2387
2456
2381
2357
2230
2032
1840
1689
1547
1508
1171
913
691
333
43
-520
-954
-1325
-1958
-2462
-2905
-3155
-3415
-3844
-3896
-3687
-3466
-3114
-2785
-2072
-1380
-791
-38
612
1320
1844
2225
2583
2854
3057
3165
3058
2926
2874
2740
2620
2439
2374
2396
2281
2350
2387
2436
2385
2286
2212
2005
1727
1453
1195
800
398
134
-11
-265
-522
-862
-873
-850
-1034
-1089
-1476
-1476
-1451
-1747
-1915
-2500
-2613
-2839
-3262
-3456
-3678
-3562
-3652
-3613
-3277
-2764
-2282
-1884
-1277
-735
-93
316
847
1334
1511
1776
1815
2021
2053
2032
2049
2070
2012
2011
1977
1982
2038
1757
1582
1266
933
627
-37
-482
-1040
-1677
-2175
-2786
-2974
-3298
-3625
-3634
-3500
-3059
-2745
-2393
-1762
-1179
-551
13
496
1020
1361
1620
1841
1996
2124
2265
2220
2211
2263
2367
2556
2543
2626
2711
2788
2862
2891
2887
2802
2570
2251
1938
1583
1246
903
383
1
-292
-404
-413
-559
-644
-874
-809
-863
-915
-1134
-1506
-1459
-1754
-2120
-2623
-2997
-2991
-3420
-3741
-3920
-3704
-3539
-3549
-3244
-2740
-2057
-1702
-1189
-618
-44
450
701
1156
1346
1571
1641
1702
1834
1865
2020
2073
2193
2220
2271
2302
2389
2434
2144
1961
1492
1173
617
-174
-561
-1413
-1890
-2457
-2865
-2872
-3314
-3212
-3104
-2894
-2550
-2320
-1753
-1270
-941
-603
-170
221
569
713
865
1231
1367
1676
1808
1957
2344
2417
2667
2697
2867
3114
3105
3017
2962
2856
2732
2448
1964
1738
1219
805
411
-51
-192
-521
-641
-594
-597
-447
-512
-712
-666
-631
-706
-935
-1537
-1508
-1655
-2062
-2306
-2882
-2799
-3158
-3419
-3296
-3252
-2951
-2940
-2651
-2208
-1745
-1378
-1013
-699
-428
-34
161
598
757
941
1274
1360
1684
1794
2040
2269
2373
2402
2502
2577
2678
2611
2162
1942
1441
1121
624
-59
-310
-892
-1328
-1713
-2001
-1881
-2206
-2418
-2411
-2369
-2151
-2124
-1936
-1602
-1499
-1270
-985
-672
-293
-83
206
566
856
1320
1730
2037
2374
2553
2780
2878
2852
2922
2784
2561
2336
2115
1954
1673
1351
1101
801
432
166
-43
-195
-333
-511
-468
-436
-353
-262
-281
-403
-460
-440
-520
-737
-1226
-1244
-1279
-1515
-1804
-2214
-2118
-2272
-2442
-2503
-2469
-2289
-2392
-2324
-2214
-1900
-1735
-1567
-1366
-1182
-740
-488
-16
315
666
1128
1347
1735
1971
2220
2376
2428
2450
2504
2495
2486
2455
2193
2054
1773
1557
1264
781
515
94
-375
-788
-1122
-1314
-1690
-2159
-2334
-2388
-2450
-2472
-2480
-2154
-2003
-1885
-1593
-1231
-730
-502
-224
208
639
1073
1376
1683
1916
2037
2048
2069
2029
1966
1803
1572
1444
1360
1321
1167
1034
900
798
571
384
323
185
75
-128
-156
-66
-103
0
-23
68
-49
-94
19
-7
17
-432
-484
-465
-598
-772
-1332
-1425
-1730
-2104
-2379
-2645
-2603
-2921
-3055
-3022
-2749
-2474
-2312
-1943
-1547
-1003
-616
-75
482
907
1320
1521
1873
2116
2303
2422
2486
2572
2617
2646
2725
2791
2780
2651
2482
2311
2056
1767
1327
983
432
-55
-463
-918
-1176
-1780
-2105
-2387
-2654
-2660
-2859
-2598
-2495
-2381
-2183
-1992
-1514
-1247
-988
-821
-459
-148
197
396
591
889
900
1099
1106
1273
1375
1294
1368
1294
1362
1431
1435
1472
1325
1209
1120
1079
925
772
525
383
307
223
296
368
491
592
434
415
604
618
611
-33
-193
-207
-560
-913
-1616
-1738
-2027
-2648
-2956
-3196
-3076
-3348
-3558
-3432
-3125
-2822
-2577
-2102
-1612
-1007
-587
72
730
1167
1691
1877
2295
2547
2691
2867
2839
2885
2814
2777
2879
2978
2911
2884
2807
2848
2783
2348
2123
1761
1309
721
-107
-472
-998
-1754
-2385
-2991
-3193
-3660
-4088
-4067
-4006
-3907
-3901
-3640
-3000
-2554
-2234
-1779
-1272
-716
-376
-36
451
760
960
1133
1243
1496
1558
1664
1744
1757
1950
2089
2202
2222
2242
2234
2120
1853
1594
1387
995
670
383
186
71
-129
49
213
370
370
328
718
735
794
366
91
101
-325
-707
-1455
-1843
-2194
-2852
-3288
-3565
-3431
-3567
-3634
-3445
-2869
-2295
-1952
-1311
-796
-159
254
715
1304
1473
1667
1749
1934
2046
2038
2232
2481
2614
2729
2962
3362
3764
3799
3897
3928
3869
3612
3020
2503
1891
984
-13
-964
-1731
-2415
-3355
-4057
-4497
-4817
-5004
-5185
-4965
-4664
-4401
-4097
-3660
-3060
-2541
-2155
-1832
-1413
-1018
-548
-219
133
588
940
1405
1693
2098
2480
2709
2911
2975
3048
3050
2929
2717
2423
2066
1722
1368
949
606
267
76
-32
-156
16
99
261
480
631
1017
1037
889
995
791
772
271
-352
-419
-854
-1136
-1692
-2117
-2067
-2432
-2616
-2772
-2645
-2508
-2551
-2530
-2256
-1897
-1714
-1437
-1309
-888
-555
-251
260
555
1138
1568
2043
2533
2889
3394
3747
3997
4054
4081
4033
4004
3649
3207
2726
2213
1746
1021
362
-196
-745
-1364
-1988
-2475
-2740
-3160
-3598
-3885
-4115
-4169
-4436
-4527
-4394
-4361
-4139
-4075
-3651
-3127
-2687
-2080
-1562
-764
-63
580
1285
1897
2390
2746
2936
3129
3187
3012
2859
2518
2280
2003
1656
1478
1204
1108
1005
947
1008
1034
1032
1019
988
998
1028
848
808
659
638
687
610
668
437
545
645
681
564
126
244
117
-124
-679
-1153
-1268
-1815
-2307
-2808
-2800
-2959
-3322
-3412
-3195
-2649
-2439
-2034
-1510
-811
-171
331
1062
1605
2107
2361
2588
2731
2814
2851
2725
2560
2279
2199
2083
2023
1860
1728
1642
1490
1386
1112
850
408
-3
-599
-1212
-1801
-2431
-2945
-3639
-4107
-4455
-4656
-4759
-4791
-4496
-4159
-3713
-3263
-2646
-1974
-1403
-892
-366
178
522
861
1120
1446
1623
1684
1819
1922
1979
1908
1953
2016
2045
1993
1951
2042
1954
1978
1867
1779
1701
1498
1414
1154
1046
1000
878
760
677
803
967
1004
1103
1365
1509
1361
1303
1319
1377
956
210
20
-311
-725
-1458
-2084
-2135
-2678
-3065
-3346
-3295
-3166
-3452
-3305
-3022
-2572
-2304
-1948
-1365
-889
-440
-99
544
982
1310
1549
1745
2105
2213
2393
2443
2484
2472
2342
2282
2240
2119
1892
1573
1339
1169
822
422
114
-288
-722
-1321
-1719
-1897
-2434
-2842
-3210
-3339
-3395
-3792
-3653
-3491
-3330
-3247
-3158
-2544
-2100
-1816
-1465
-968
-399
-32
274
736
1186
1396
1600
1753
1967
2046
2031
2088
2035
1983
1881
1878
1870
1947
1905
1967
1970
2061
2207
2145
2192
2110
2093
1950
1714
1677
1541
1375
1126
955
978
870
785
578
387
300
109
-61
-536
-958
-1142
-1473
-1860
-2496
-2768
-2937
-3311
-3626
-3813
-3602
-3628
-3575
-3325
-2804
-2306
-1925
-1290
-669
-52
396
942
1509
1772
2016
2128
2342
2263
2162
2076
1940
1747
1424
1358
1226
1143
916
849
855
802
735
586
534
414
77
-231
-563
-797
-1242
-1850
-2199
-2531
-2764
-3183
-3409
-3305
-3339
-3308
-3156
-2717
-2253
-2036
-1610
-1051
-492
-140
192
660
1020
1205
1325
1564
1693
1784
1803
1862
1957
2008
2161
2280
2402
2586
2753
2916
2985
3134
3251
3142
2988
2783
2608
2267
1754
1379
950
504
86
-257
-439
-718
-869
-878
-869
-1065
-1019
-1027
-984
-1224
-1679
-1550
-1798
-1982
-2402
-2695
-2586
-2937
-3046
-3074
-2828
-2616
-2599
-2356
-1874
-1324
-1006
-551
-235
311
596
789
1170
1231
1493
1340
1343
1427
1321
1357
1188
1199
1199
1108
1182
1288
1367
1427
1333
1435
1452
1347
1198
964
733
266
-139
-523
-887
-1434
-1945
-2260
-2559
-2836
-3123
-3081
-3037
-3089
-3016
-2749
-2288
-2046
-1858
-1476
-997
-584
-275
62
524
860
1101
1485
1820
2185
2379
2583
2828
2962
3183
3293
3373
3375
3396
3344
3217
3042
2915
2712
2275
1895
1462
1076
536
8
-356
-793
-1214
-1577
-1765
-1888
-2016
-1998
-1905
-1748
-1791
-1659
-1415
-1269
-1065
-1254
-1178
-1075
-1113
-1111
-1423
-1341
-1379
-1558
-1681
-1723
-1437
-1457
-1473
-1330
-922
-603
-500
-215
153
551
595
740
1004
1113
1151
989
1045
992
864
808
754
739
707
738
902
1009
1079
1284
1382
1538
1523
1523
1513
1306
1008
578
176
-228
-798
-1409
-2013
-2420
-2752
-3136
-3380
-3396
-3267
-3222
-3054
-2605
-1958
-1607
-1267
-730
-49
434
661
1124
1623
1843
1938
2123
2496
2650
2543
2659
2784
2906
2872
2832
2897
2823
2673
2483
2237
2006
1716
1257
733
230
-156
-561
-1221
-1675
-1946
-2231
-2457
-2739
-2551
-2383
-2392
-2135
-1760
-1241
-860
-716
-212
146
363
645
514
689
635
516
480
12
-59
-270
-552
-757
-1006
-903
-1036
-1221
-1172
-975
-866
-873
-807
-556
-354
-452
-269
-117
-15
17
-44
234
270
286
439
562
737
796
933
1268
1349
1490
1642
1807
1925
1761
1762
1670
1485
1082
667
256
-134
-631
-1229
-1607
-2054
-2275
-2610
-2792
-2652
-2615
-2429
-2330
-1925
-1388
-1069
-747
-358
169
485
636
904
1270
1405
1378
1441
1651
1742
1609
1628
1705
1728
1570
1544
1602
1517
1307
1156
1123
921
672
382
187
-75
-420
-688
-983
-1193
-1430
-1572
-1682
-1696
-1568
-1382
-1166
-912
-461
-76
341
676
1107
1340
1457
1598
1660
1636
1178
942
753
427
-86
-636
-774
-1079
-1500
-1830
-1810
-1767
-2013
-2107
-1946
-1678
-1681
-1619
-1382
-1114
-1002
-960
-644
-433
-269
-150
20
272
394
623
882
1103
1312
1534
1820
2086
2252
2441
2581
2639
2613
2464
2334
2028
1688
1213
679
224
-284
-793
-1358
-1775
-2049
-2309
-2616
-2702
-2599
-2525
-2543
-2426
-2022
-1726
-1649
-1443
-1046
-648
-568
-415
4
326
429
534
864
1202
1249
1310
1577
1720
1770
1690
1751
1814
1662
1540
1415
1271
1108
850
666
445
201
48
-203
-418
-552
-643
-693
-808
-804
-627
-594
-495
-325
-29
211
238
488
742
933
900
874
978
897
766
391
205
31
-271
-597
-1096
-1258
-1526
-1758
-2041
-2217
-2141
-2269
-2304
-2328
-2075
-1800
-1710
-1515
-1235
-853
-568
-300
42
367
641
912
1181
1399
1644
1842
2079
2113
2193
2356
2489
2506
2380
2358
2326
2146
1879
1642
1396
1046
518
113
-250
-727
-1137
-1620
-1885
-2175
-2496
-2571
-2663
-2589
-2575
-2529
-2286
-2118
-1866
-1641
-1397
-1107
-934
-681
-398
-173
61
282
513
783
1003
1260
1486
1621
1804
1930
2045
2084
2064
2079
1963
1795
1660
1519
1328
1028
765
573
299
11
-217
-391
-600
-854
-971
-1031
-1058
-1125
-1061
-950
-849
-672
-507
-214
-108
89
311
479
525
431
500
487
387
95
-154
-214
-395
-624
-951
-1065
-1127
-1324
-1489
-1541
-1407
-1450
-1524
-1476
-1211
-1029
-989
-825
-553
-255
-147
46
385
614
770
872
1123
1327
1391
1509
1623
1728
1702
1761
1848
1881
1780
1713
1717
1611
1419
1245
1141
880
453
172
-45
-304
-796
-1194
-1377
-1655
-1941
-2295
-2309
-2366
-2531
-2613
-2495
-2212
-2137
-2037
-1708
-1269
-969
-760
-319
180
504
694
1059
1479
1686
1732
1867
2080
2049
1907
1859
1853
1684
1411
1277
1166
982
725
576
421
221
37
-119
-306
-528
-666
-793
-982
-1174
-1223
-1232
-1314
-1348
-1220
-1042
-960
-818
-520
-228
-71
115
419
660
746
751
901
933
864
738
588
464
265
96
-150
-385
-578
-729
-926
-1115
-1168
-1145
-1176
-1239
-1122
-893
-767
-692
-484
-174
43
116
316
558
696
714
803
946
990
968
1028
1116
1129
1162
1256
1375
1374
1381
1451
1460
1364
1258
1160
994
655
368
108
-239
-624
-1029
-1260
-1612
-1935
-2124
-2228
-2271
-2394
-2334
-2168
-2001
-1805
-1562
-1239
-975
-708
-416
-106
120
304
526
695
857
926
1048
1127
1148
1188
1219
1273
1221
1211
1194
1139
1058
959
905
738
585
411
254
36
-191
-376
-566
-749
-918
-1038
-1121
-1190
-1183
-1137
-1058
-926
-756
-531
-334
-90
170
455
654
861
1047
1234
1348
1352
1374
1340
1289
1109
875
713
517
275
-72
-327
-483
-709
-963
-1163
-1199
-1251
-1372
-1416
-1328
-1205
-1164
-1096
-922
-697
-570
-447
-242
-8
157
271
477
693
823
929
1101
1287
1360
1413
1521
1602
1580
1507
1492
1427
1244
1007
816
598
279
-85
-402
-692
-1033
-1390
-1681
-1868
-2039
-2225
-2307
-2297
-2214
-2151
-2036
-1784
-1542
-1309
-1098
-780
-466
-225
-16
227
489
665
783
924
1096
1184
1198
1236
1305
1326
1245
1199
1188
1122
1008
889
823
709
551
397
276
155
-8
-163
-273
-377
-480
-577
-610
-606
-593
-554
-457
-321
-190
-52
101
303
460
616
745
891
991
1047
1077
1082
1094
1029
912
785
662
517
279
75
-89
-280
-508
-751
-886
-1069
-1238
-1391
-1475
-1547
-1632
-1609
-1596
-1535
-1470
-1313
-1130
-995
-792
-538
-263
-69
136
440
700
867
1003
1222
1399
1430
1449
1535
1581
1470
1357
1301
1203
982
753
597
405
130
-154
-361
-573
-834
-1085
-1258
-1402
-1562
-1684
-1737
-1732
-1703
-1648
-1521
-1353
-1154
-943
-726
-479
-229
3
194
375
559
706
787
843
920
971
954
916
908
916
861
787
766
770
738
637
610
589
550
456
381
350
286
194
110
84
36
-49
-99
-104
-116
-153
-145
-93
-62
-37
14
98
152
184
223
268
275
257
246
223
193
125
69
32
-15
-74
-126
-134
-154
-189
-205
-201
-208
-251
-271
-299
-339
-415
-468
-507
-577
-648
-708
-720
-749
-776
-760
-706
-653
-632
-577
-462
-382
-341
-281
-167
-87
-71
-35
50
105
110
135
219
277
295
338
431
514
550
621
713
776
797
830
881
870
800
736
678
579
415
282
176
42
-132
-273
-323
-411
-519
-565
-540
-544
-587
-576
-501
-452
-441
-398
-322
-270
-252
-199
-141
-98
-56
17
59
90
162
272
349
384
476
592
649
672
721
788
781
739
704
660
576
450
331
188
29
-107
-235
-382
-515
-585
-636
-710
-748
-711
-661
-654
-632
-543
-450
-413
-384
-310
-238
-218
-210
-157
-88
-51
-21
50
136
206
276
352
436
498
529
551
550
500
412
298
177
4
-205
-398
-571
-774
-984
-1119
-1184
-1261
-1339
-1309
-1171
-1033
-913
-716
-421
-155
30
256
557
796
898
997
1162
1266
1238
1199
1238
1227
1113
1013
992
958
837
732
695
646
534
415
352
264
103
-63
-187
-332
-519
-700
-825
-928
-1044
-1115
-1115
-1066
-1017
-945
-807
-623
-440
-278
-98
112
283
412
520
632
728
744
738
745
746
696
601
548
509
419
305
235
207
125
13
-41
-62
-114
-221
-277
-279
-332
-429
-481
-475
-500
-569
-597
-553
-531
-551
-529
-440
-365
-338
-305
-208
-122
-93
-61
7
62
66
54
72
95
75
38
28
27
12
-12
-26
-15
-13
-14
-15
0
14
13
14
23
39
41
41
47
57
59
55
53
59
60
53
47
63
70
52
52
69
81
65
61
90
110
98
96
130
151
147
145
176
190
178
170
177
180
159
144
156
145
124
123
127
130
119
122
155
167
180
207
236
242
239
251
248
226
192
161
124
68
-1
-49
-103
-171
-236
-279
-306
-356
-392
-406
-420
-427
-435
-422
-395
-385
-370
-345
-302
-258
-230
-194
-131
-71
-24
30
108
181
227
273
328
383
407
413
432
438
409
364
327
286
204
116
43
-38
-140
-244
-329
-410
-495
-558
-607
-647
-673
-687
-683
-671
-647
-603
-546
-487
-416
-343
-268
-181
-102
-32
39
113
177
237
293
353
412
448
475
507
541
566
572
582
594
592
586
569
558
540
501
468
435
391
343
303
263
213
164
124
93
39
-8
-25
-54
-82
-95
-99
-107
-138
-151
-144
-156
-170
-174
-180
-183
-196
-209
-210
-203
-210
-224
-226
-221
-219
-226
-214
-189
-180
-181
-170
-142
-121
-111
-97
-60
-32
-24
-6
20
48
58
72
100
112
110
111
120
129
120
112
106
98
83
62
36
9
-7
-40
-84
-111
-132
-160
-192
-212
-229
-251
-274
-293
-309
-320
-332
-345
-348
-351
-345
-339
-332
-310
-288
-261
-228
-193
-154
-112
-73
-39
-4
32
68
102
138
171
197
218
249
270
282
312
341
353
372
397
426
441
447
463
478
478
467
459
449
425
385
343
305
258
199
140
87
36
-9
-53
-90
-115
-136
-146
-158
-157
-148
-134
-123
-110
-91
-69
-49
-32
-20
-6
-1
-1
-2
1
2
-1
-1
-4
-8
-8
-4
-5
-12
-14
-13
-8
-8
-16
-19
-34
-50
-72
-93
-114
-142
-171
-201
-220
-243
-254
-261
-260
-254
-246
-229
-206
-178
-144
-107
-74
-35
1
34
71
99
116
133
137
138
131
119
106
89
69
53
31
4
-18
-43
-64
-84
-106
-115
-130
-138
-142
-153
-149
-143
-137
-125
-112
-89
-56
-34
-3
28
52
75
86
92
102
97
88
75
53
35
3
-29
-50
-78
-93
-110
-120
-121
-115
-106
-97
-75
-65
-48
-36
-25
-5
-2
2
15
28
52
76
98
135
165
199
238
266
300
320
332
352
349
343
325
292
262
225
180
140
106
66
41
8
-9
-15
-26
-17
-12
-4
18
19
34
46
43
38
32
13
-9
-29
-63
-82
-109
-133
-140
-150
-142
-131
-113
-80
-47
-13
18
48
76
103
116
125
129
117
103
78
54
34
-2
-25
-45
-75
-97
-114
-122
-128
-135
-139
-144
-147
-155
-164
-177
-180
-196
-211
-225
-246
-257
-267
-265
-251
-235
-217
-190
-147
-109
-73
-25
23
64
109
151
182
204
225
236
234
234
218
200
170
135
107
70
37
-5
-39
-59
-82
-105
-113
-117
-142
-151
-162
-165
-168
-165
-158
-155
-150
-139
-120
-105
-73
-52
-21
18
65
116
166
211
257
299
326
352
363
367
358
335
303
268
218
166
105
33
-22
-82
-133
-176
-213
-229
-242
-247
-234
-216
-188
-155
-116
-82
-41
2
39
76
104
139
163
186
210
229
243
255
266
271
276
265
246
230
197
157
103
42
-14
-83
-152
-219
-288
-351
-405
-448
-479
-501
-518
-520
-513
-496
-456
-415
-372
-315
-262
-204
-145
-81
-11
49
108
177
235
294
359
416
465
509
544
562
572
557
537
501
449
394
333
258
184
108
39
-23
-86
-125
-161
-186
-201
-208
-207
-199
-193
-180
-163
-155
-142
-128
-121
-107
-106
-101
-92
-92
-86
-81
-69
-63
-53
-41
-32
-21
-22
-14
-17
-24
-27
-41
-47
-64
-80
-89
-100
-103
-96
-96
-92
-84
-77
-58
-40
-18
12
40
77
111
145
179
205
224
243
249
248
247
237
224
209
182
159
139
106
70
29
-9
-47
-92
-131
-161
-190
-226
-237
-255
-276
-283
-298
-292
-286
-278
-263
-245
-219
-190
-165
-130
-96
-63
-19
23
61
96
132
156
190
219
241
262
261
274
277
265
262
251
226
210
181
148
118
82
48
21
-8
-27
-43
-58
-68
-83
-91
-90
-105
-103
-96
-99
-92
-90
-86
-78
-82
-82
-78
-89
-87
-81
-87
-77
-78
-75
-57
-55
-39
-23
-14
-3
1
3
10
7
2
9
-2
3
1
-6
-1
-8
-3
-6
-5
1
10
21
27
41
48
68
78
94
112
121
139
143
154
158
160
158
149
146
134
120
98
70
42
9
-12
-44
-75
-96
-118
-138
-150
-155
-164
-163
-161
-150
-132
-111
-97
-72
-50
-28
-3
22
44
64
87
102
120
134
147
152
153
154
150
142
139
127
106
88
67
38
11
-22
-59
-85
-117
-146
-164
-178
-195
-206
-213
-208
-199
-178
-155
-137
-106
-81
-54
-28
-6
14
32
32
37
45
44
48
43
31
13
-7
-27
-47
-70
-89
-108
-129
-142
-149
-159
-155
-145
-134
-116
-91
-67
-42
-8
20
53
82
114
138
160
194
214
235
255
263
269
277
267
261
247
232
218
189
165
132
95
72
36
1
-23
-56
-82
-103
-129
-143
-156
-167
-161
-155
-148
-139
-124
-106
-80
-62
-39
-12
6
28
41
51
65
73
72
73
66
54
48
33
30
18
1
-8
-22
-29
-29
-33
-45
-46
-58
-66
-62
-63
-51
-40
-35
-21
-12
-1
12
16
23
25
24
30
31
36
40
38
32
31
33
31
22
22
18
7
4
-3
-7
-19
-28
-31
-47
-55
-65
-83
-87
-97
-98
-97
-98
-92
-92
-87
-83
-78
-65
-49
-35
-21
-6
9
25
47
66
82
95
109
122
124
124
125
124
121
108
98
92
77
61
47
22
0
-21
-44
-60
-74
-85
-100
-110
-109
-114
-117
-110
-101
-88
-75
-62
-41
-24
-10
8
24
36
51
56
69
84
90
99
107
111
109
98
89
77
61
53
36
19
4
-18
-35
-49
-68
-79
-93
-99
-96
-95
-83
-72
-65
-43
-39
-26
-5
3
19
29
34
46
52
56
65
64
72
79
76
77
81
77
77
80
72
69
58
47
35
19
1
-13
-27
-38
-51
-65
-73
-85
-94
-102
-110
-120
-115
-114
-112
-111
-112
-103
-102
-90
-78
-67
-52
-37
-23
-4
10
25
42
60
73
85
97
107
117
121
124
125
125
117
113
107
94
80
69
53
39
29
11
-1
-16
-35
-52
-65
-72
-75
-85
-94
-102
-112
-116
-121
-117
-108
-103
-95
-91
-78
-64
-45
-24
-8
9
26
46
56
71
81
78
76
70
60
54
48
38
30
18
15
10
1
-2
-4
-11
-7
-8
-6
6
11
19
30
40
47
54
58
63
68
75
85
92
98
102
95
82
67
54
30
9
-10
-31
-58
-78
-96
-115
-120
-125
-122
-118
-115
-104
-95
-89
-70
-55
-49
-35
-24
-16
-2
1
10
12
14
13
5
9
11
12
18
17
17
22
24
23
26
29
35
40
43
50
55
63
74
71
70
74
61
54
51
40
28
15
6
-3
-15
-20
-20
-31
-33
-34
-39
-39
-51
-59
-68
-70
-60
-53
-49
-45
-45
-47
-45
-43
-41
-33
-32
-27
-25
-27
-14
-10
-3
11
21
28
40
46
58
61
64
67
65
69
65
57
48
36
19
7
-3
-10
-20
-25
-30
-27
-24
-19
-15
-7
1
11
20
34
42
47
54
53
51
48
39
28
13
0
-11
-23
-37
-51
-55
-63
-67
-68
-64
-66
-65
-65
-58
-53
-47
-34
-29
-21
-20
-9
1
11
24
31
40
44
48
52
55
55
57
56
54
54
49
47
43
37
25
19
16
10
4
-9
-19
-33
-47
-59
-74
-83
-90
-86
-86
-79
-67
-56
-42
-29
-11
1
13
30
42
56
61
66
67
65
61
51
43
38
27
17
13
2
-8
-12
-11
-8
-9
-10
-7
-6
-11
-14
-18
-19
-18
-28
-32
-37
-37
-39
-40
-39
-35
-27
-24
-13
-6
4
14
21
32
37
45
54
54
54
54
52
50
48
37
34
30
27
26
21
25
23
20
18
12
6
5
1
-7
-12
-20
-28
-31
-38
-45
-45
-49
-53
-50
-49
-45
-44
-42
-44
-44
-40
-34
-35
-29
-24
-23
-11
-3
3
9
11
18
25
30
38
37
37
43
41
40
37
32
23
17
10
3
-5
-9
-11
-15
-13
-17
-20
-21
-20
-18
-17
-15
-12
-10
-7
2
10
17
21
19
22
24
21
24
26
23
28
34
35
33
28
25
19
11
9
5
6
6
1
1
0
-1
4
5
9
10
13
14
13
16
24
23
20
20
13
10
4
-5
-8
-13
-19
-22
-22
-18
-19
-21
-18
-17
-11
-10
-9
-4
-9
-16
-19
-21
-32
-34
-39
-40
-42
-48
-57
-67
-69
-64
-57
-50
-45
-43
-35
-30
-35
-32
-25
-17
-6
3
10
17
19
16
11
5
0
-5
-4
-3
-7
-6
-10
-7
-1
2
6
11
9
13
21
29
33
37
45
48
48
53
58
61
67
82
92
97
103
110
116
112
104
96
88
79
76
64
57
55
43
33
16
2
-9
-21
-31
-42
-52
-63
-72
-80
-80
-85
-87
-85
-86
-93
-95
-101
-99
-88
-85
-78
-72
-66
-59
-48
-40
-34
-24
-15
-2
11
23
29
34
38
39
41
44
49
45
42
39
32
25
20
21
16
12
7
0
-3
-8
-15
-17
-23
-26
-22
-21
-19
-15
-14
-16
-18
-18
-20
-22
-22
-23
-21
-16
-13
-14
-9
-3
-7
-6
-3
7
11
11
13
17
24
35
43
43
46
42
41
40
39
37
34
32
25
29
33
40
49
55
60
60
63
66
66
65
69
67
66
66
58
49
39
30
19
11
4
-4
-15
-22
-30
-41
-49
-62
-74
-89
-106
-115
-122
-127
-131
-131
-128
-123
-118
-110
-105
-102
-91
-89
-84
-79
-70
-62
-50
-37
-30
-20
-11
-2
12
23
31
36
45
54
61
65
63
63
64
65
59
50
37
26
21
18
16
12
8
1
6
3
6
9
10
15
23
25
33
48
54
56
56
53
48
46
39
37
34
34
31
29
29
32
35
40
46
49
41
38
37
31
27
24
24
20
12
1
-4
-6
-6
-5
-8
-11
-10
-5
1
5
9
13
20
22
28
34
38
43
41
30
26
22
13
6
-1
-5
-13
-26
-36
-42
-53
-64
-82
-87
-93
-100
-107
-105
-100
-105
-103
-107
-107
-103
-99
-96
-91
-79
-67
-59
-53
-43
-34
-22
-10
-1
16
22
35
42
49
61
70
81
92
100
104
107
109
113
110
107
100
84
71
65
51
33
14
-8
-29
-54
-69
-79
-82
-82
-79
-69
-53
-44
-30
-10
8
23
38
53
59
61
60
60
48
43
37
27
21
12
4
2
-2
-1
5
14
23
33
41
52
53
56
53
39
21
1
-24
-44
-65
-89
-105
-119
-128
-139
-139
-137
-121
-106
-92
-69
-45
-23
-6
16
35
46
52
53
50
43
38
18
-5
-18
-33
-43
-58
-68
-74
-76
-67
-52
-38
-15
0
23
45
64
85
99
109
113
113
112
103
90
79
64
47
30
19
9
0
-3
-5
1
7
16
31
42
56
69
78
87
88
84
71
55
34
9
-16
-38
-58
-84
-95
-102
-104
-100
-96
-81
-66
-46
-25
-2
21
40
54
64
71
69
65
58
50
42
30
24
12
-3
-13
-20
-27
-31
-36
-38
-32
-27
-26
-27
-28
-29
-28
-37
-42
-41
-49
-52
-56
-59
-56
-53
-57
-55
-59
-64
-57
-55
-56
-52
-45
-37
-33
-27
-18
-10
-2
9
14
26
36
43
54
59
64
61
57
58
60
59
52
47
40
41
35
34
28
26
26
21
22
21
17
16
18
14
6
-1
-6
-14
-20
-27
-38
-48
-50
-51
-55
-58
-61
-62
-60
-55
-50
-42
-30
-23
-13
-3
9
21
37
55
64
70
77
82
84
88
83
77
71
68
60
50
44
40
38
40
42
49
46
38
35
34
34
28
28
15
7
1
-5
-6
-8
-7
-2
-5
-6
-8
-13
-18
-27
-28
-33
-47
-56
-69
-75
-80
-78
-78
-78
-75
-73
-67
-62
-55
-52
-46
