SAMPLES:	7909
BITSPERSAMPLE:	16
CHANNELS:	1
SAMPLERATE:	16000
NORMALIZED:	FALSE
2
1
2
0
1
2
0
1
-2
-2
-3
2
-2
-1
-2
1
2
-1
3
1
-2
0
0
-1
1
-2
-1
-3
-2
-1
-3
-2
-2
-2
0
0
-1
1
0
0
-1
-3
-2
-1
0
-2
-1
-1
-1
1
-2
-1
-1
0
-1
1
1
0
-1
-2
1
-2
-2
1
1
0
-1
1
0
-2
0
1
2
-2
-1
1
2
3
1
2
2
1
1
3
1
5
4
2
3
3
3
0
3
2
0
2
-1
0
0
-1
0
-1
-3
-1
0
-2
-1
-1
-1
0
0
2
2
0
1
1
1
-2
0
-1
0
0
-2
-2
-3
-4
-2
-2
-6
-1
-1
-2
0
-1
-2
-2
1
1
1
0
-2
-3
-1
1
2
4
1
2
1
2
1
-2
2
0
-4
-4
-3
0
1
-2
1
0
2
1
0
0
0
-3
1
3
1
5
7
6
4
2
-1
4
0
4
4
-3
-1
-2
0
0
-3
-3
-1
-3
-3
-3
-4
1
2
0
1
7
1
5
4
2
2
-3
-3
-4
-3
-5
-3
0
0
-3
-2
-2
-3
0
-1
1
-1
0
1
3
1
2
2
-1
3
2
-4
1
0
0
0
-1
0
-2
-2
1
3
0
1
2
1
0
-2
-4
0
-2
-2
-1
-1
3
2
0
1
-2
-1
0
4
2
1
3
-2
3
-1
-2
0
-1
1
5
5
3
3
1
6
1
0
2
2
0
2
1
-1
0
-2
2
-2
-5
-2
-3
-2
-2
-1
-1
-1
4
0
2
2
0
1
-2
-3
-4
-6
-5
-2
-2
-4
-2
-2
-2
-2
-1
1
4
4
4
2
1
-1
-5
-2
2
4
2
3
1
3
0
1
-2
-1
-1
-1
3
-2
-3
-3
-2
-1
-2
-2
0
0
-1
-1
1
-2
0
-2
1
0
-2
-3
-2
4
2
2
3
2
2
2
1
3
2
0
2
3
4
4
1
2
0
-1
-1
1
1
0
1
2
1
-3
-2
-2
-1
1
-1
1
5
5
4
1
0
-1
-4
-2
0
-1
-4
-1
-3
-1
-1
0
0
1
0
-3
-3
0
-1
-2
-1
-2
2
-1
-2
-2
-5
-1
-5
-1
1
2
2
0
-1
-2
2
1
2
1
1
-1
-1
1
-4
-1
1
0
2
3
1
3
1
0
2
1
-2
-1
1
1
1
0
2
1
-1
0
-1
1
1
1
0
-1
0
-1
-2
-1
-3
2
-2
-2
-2
2
2
0
0
0
-1
0
-1
-2
-4
-3
1
-1
2
2
-1
2
1
2
1
3
1
0
-1
-3
-1
0
2
1
0
-2
-2
-4
1
4
0
-1
0
2
4
4
0
-2
-4
-3
-3
0
3
-3
-4
-4
2
4
2
1
1
0
-1
-4
-1
0
-1
4
3
3
3
1
2
3
4
3
2
0
3
3
0
1
1
-2
-3
-2
-1
-3
1
-2
0
3
-1
0
0
1
-2
-7
-2
1
0
-2
-2
-2
0
1
1
2
0
-3
-1
-1
0
1
1
1
-1
-3
-1
-4
-2
0
-1
-1
-4
-2
-2
-2
-2
-1
-2
3
2
-1
0
-1
0
-1
2
1
3
0
-1
1
1
6
2
3
2
2
0
0
2
2
4
5
4
3
3
1
1
3
1
0
-3
-3
-2
-2
-1
-1
-1
-2
-5
-2
2
-2
-2
-5
-1
1
2
0
-1
-4
-4
-4
0
-2
-2
2
1
-1
1
3
2
-1
0
-1
-2
1
2
1
3
-3
-2
-3
-5
0
1
0
0
5
1
1
0
-2
2
4
2
0
0
-2
0
2
-2
2
-2
0
0
3
-1
-1
3
1
5
0
-1
-2
-2
1
2
3
0
1
3
1
0
-4
1
2
1
2
4
4
4
2
-1
3
2
-1
0
-4
-5
-1
-4
-2
-6
-4
-1
-1
-2
0
3
0
0
-3
-2
-3
-2
4
1
4
-3
-2
-3
-4
-1
-1
0
-2
0
1
3
-2
0
-1
-2
2
1
3
-1
-3
1
-2
-3
-2
-3
1
3
2
5
3
-1
1
1
2
3
-1
-1
1
1
3
2
3
3
1
4
2
5
3
-1
0
-2
3
1
-4
-1
1
1
0
-2
-2
-3
-3
0
1
-1
-5
-5
-1
-2
-3
-1
-2
0
0
2
2
0
2
1
1
0
0
-3
0
-3
-3
-2
-4
-1
3
2
3
2
1
0
3
2
1
5
3
0
0
-3
3
4
2
1
0
-3
-1
-2
-3
-1
0
-2
-1
4
-1
1
-1
0
2
-2
0
0
1
0
-1
1
1
2
-1
-3
-3
-4
-3
-2
-1
-2
-2
0
-8
0
0
-2
-4
-2
4
0
7
11
11
-5
-2
4
-4
8
3
24
17
9
4
2
1
-3
3
-35
-8
-5
7
0
-15
-5
5
9
47
20
23
43
23
14
5
14
-3
23
-5
3
-28
-44
1
-11
-35
-31
-44
-29
-19
-25
-16
-20
-27
-13
-53
-22
-34
-73
-28
15
-36
17
-23
32
26
-28
62
-28
144
-28
3656
1249
-2262
585
274
-928
-23
345
-833
-666
258
-114
-486
-223
-305
-210
-277
-193
-263
-217
-114
-83
-259
-146
122
190
-64
139
129
59
214
126
245
239
361
306
161
104
312
188
52
91
246
68
-127
109
34
-128
-160
-24
-101
-73
66
-36
-218
57
118
-95
-46
213
69
-205
-47
74
-7
24
58
206
179
-92
-102
-17
100
31
-71
-132
-31
115
134
75
-31
114
221
120
170
250
284
155
141
282
197
214
232
250
173
-41
-265
-248
-36
4
-69
-36
139
230
249
164
106
108
56
69
-12
-156
43
220
191
55
38
92
7
12
90
-4
-96
110
305
202
152
387
375
101
113
-58
-428
-619
-823
-777
-164
109
-112
-66
-79
0
-2
-52
58
-13
-393
-573
-800
-1099
-1094
-945
-775
-733
-766
-1108
-1482
-1659
-1809
-1600
-1225
-1151
-1152
-1237
-1449
-1453
-1112
-906
-888
-1032
-1217
-1101
-691
-412
-241
-13
-95
92
621
1267
1621
1412
1077
535
400
666
895
882
765
620
370
174
141
113
348
569
837
1292
1540
2095
2432
2481
2709
2865
2796
2700
2866
2924
3021
3062
2962
2783
2438
2268
2071
1789
1407
1365
1449
1331
1198
1027
745
384
119
-115
-383
-604
-844
-1013
-1040
-1014
-882
-723
-590
-489
-475
-426
-259
-333
-645
-885
-1092
-1451
-1644
-1773
-2019
-2036
-1964
-1991
-1796
-1533
-1799
-2172
-2268
-2561
-2812
-3080
-3258
-3403
-3602
-3642
-3818
-3865
-4066
-4200
-4221
-4407
-4807
-5118
-5030
-5096
-4942
-4531
-4348
-4049
-3254
-2535
-1999
-1379
-704
47
858
1582
2296
3241
3969
4560
5202
5778
6253
6781
7529
8118
8289
8396
8434
8288
8086
7901
7579
7164
6647
5897
5206
4546
4323
4429
4092
3561
2979
2467
1686
819
119
-346
-1005
-2300
-3561
-5166
-7973
-10443
-11499
-11741
-10849
-9222
-8065
-7728
-7754
-8294
-9319
-9908
-9664
-8323
-3475
1471
2250
1120
-443
-2014
-2711
-2575
-1954
-839
97
887
1817
2759
3517
4110
4966
5705
6085
6617
7100
7354
7357
7157
6369
5400
4840
4197
3195
2059
1132
515
80
223
628
668
891
1614
2183
2349
2401
2342
2248
2235
2344
2539
2728
2881
2759
2188
1642
1066
532
97
-525
-1005
-1360
-1730
-2183
-2592
-2871
-3181
-3534
-3611
-3415
-3424
-3465
-3332
-3393
-3502
-3513
-3467
-3531
-3755
-3826
-3802
-4062
-4212
-4121
-4170
-4203
-4451
-4962
-5592
-6053
-5847
-4999
-4037
-2800
-1409
-393
-316
-911
-1505
-1855
-2166
-2772
-3398
-3754
-3756
-3259
-2651
-2517
-1948
266
3285
5258
5902
7883
10449
9861
8901
9272
8298
6337
5579
5648
4425
2627
1831
1206
969
1575
1931
1767
1630
1490
845
194
413
1328
2037
2370
2721
3260
4060
4534
4056
3204
2321
1810
1923
1893
1523
1271
1352
1348
1316
1454
1448
1451
1354
463
-525
-791
-1200
-2117
-2990
-3748
-4337
-4764
-5002
-5090
-5191
-5363
-5520
-5389
-4865
-4223
-3596
-2943
-2441
-2027
-1678
-1345
-1117
-1062
-1039
-979
-991
-975
-914
-866
-769
-714
-682
-684
-820
-849
-725
-783
-793
-585
-229
39
362
777
998
1049
1171
1209
1077
1046
1194
1181
1126
1406
1563
1641
1853
2052
2230
2357
2451
2514
2431
2549
2585
2383
2209
2073
1989
1728
1469
1309
1001
717
528
210
-142
-444
-629
-775
-779
-706
-687
-716
-554
-329
-482
-685
-617
-624
-946
-1098
-1052
-1260
-1473
-1483
-1666
-1889
-2016
-2060
-2230
-2353
-2347
-2383
-2310
-2168
-1892
-1632
-1421
-1182
-1035
-980
-850
-709
-737
-650
-316
-78
97
434
787
839
976
1230
1136
955
963
977
819
745
1030
1307
1287
1498
1850
1903
1854
1978
2136
1959
1823
1879
1716
1513
1612
1773
1618
1517
1559
1388
1196
1177
1219
989
717
652
460
215
-2
-167
-251
-352
-484
-506
-459
-388
-340
-424
-425
-456
-578
-563
-515
-463
-553
-592
-464
-539
-643
-575
-422
-431
-425
-240
-98
-55
-49
81
83
-8
-15
-177
-374
-616
-752
-935
-1122
-1046
-1056
-1156
-1199
-903
-663
-637
-422
-246
-296
-494
-503
-490
-527
-504
-457
-303
-250
-81
-5
42
195
180
207
222
426
525
465
513
565
759
769
784
837
859
955
745
688
724
701
547
362
567
555
449
338
285
172
-55
-28
-174
-277
-353
-452
-515
-638
-577
-679
-700
-686
-772
-795
-813
-676
-703
-639
-497
-381
-271
-230
-123
-184
-225
-243
-246
-277
-422
-489
-580
-673
-815
-848
-759
-720
-645
-616
-436
-303
-176
-53
-132
-159
-183
-147
-218
-192
8
56
179
462
875
1065
1105
1221
1242
1083
829
785
631
298
11
15
69
-63
83
292
362
252
380
619
516
506
468
493
432
523
758
1037
2329
3961
5202
6176
7793
9655
10211
10395
10660
10229
8532
6474
4708
2227
-436
-2731
-4821
-6872
-8193
-8541
-8927
-8937
-8229
-7310
-6811
-6114
-4775
-4001
-4004
-4031
-3718
-3797
-4266
-4308
-4298
-4436
-4522
-4242
-3979
-3765
-2997
-2538
-2554
-2411
-1902
-1629
-1853
-1570
-1208
-1310
-1425
-1202
-905
-968
-927
-930
-1120
-1102
-933
-907
-1115
-902
-375
57
735
1775
2727
3324
3925
4475
4612
4583
4564
4256
3575
2985
2648
1898
1320
1204
1010
488
63
278
146
-160
-466
-896
-1466
-2337
-2800
-2643
3653
13074
18614
19839
22159
30168
32122
29052
27059
24862
18763
6885
-463
-5648
-11884
-17042
-21726
-23887
-25089
-22313
-18583
-16473
-12791
-9306
-7837
-8915
-7664
-5753
-6851
-9143
-10232
-9671
-9955
-7921
-4238
-997
2090
5050
8431
9492
10634
11646
9619
5744
1430
-1545
-5484
-9236
-11169
-12302
-13001
-13077
-11103
-7204
-1351
2345
4060
5798
8640
9542
6885
6052
4525
954
-2884
-4025
-3599
-4540
-3294
-1665
-1364
-35
3216
5415
4657
5416
6480
4422
1522
1634
1967
-878
-2862
-2785
-2973
-4047
-3248
-1474
-1594
-1226
30
798
831
1896
3223
2273
1723
2611
2876
1731
1186
1481
301
-1246
-1724
-1976
-2928
-3556
-3417
-3453
2345
12376
18357
19389
21573
29840
32205
28673
26520
24752
19364
7462
-361
-5652
-11991
-16662
-21365
-23760
-25086
-22412
-18741
-17385
-13411
-9364
-7659
-8687
-7302
-4505
-5282
-6837
-7091
-6483
-7011
-5308
-1303
1178
3270
5790
8523
8713
8642
9713
7858
3832
-593
-3510
-6761
-10477
-12127
-13107
-13544
-13407
-11762
-8733
-5610
-2198
237
2525
4700
7455
10123
10471
9926
8589
7701
5352
2592
1684
11
-2278
-4689
-4554
-3883
-3932
-2408
-1119
-50
851
2773
4158
4072
4814
4630
2636
416
-90
-1167
-3728
-4821
-4618
-4700
-5080
-3426
-1325
-577
799
2593
3633
3661
4327
4457
2793
1236
255
-1025
-2871
-3676
-3936
-5037
-1711
7877
15924
18292
19084
26288
32552
30967
27971
26061
23452
13916
3247
-2805
-8087
-12635
-18609
-22803
-24263
-23121
-19688
-18068
-14895
-10876
-8451
-8357
-7997
-5311
-4636
-5572
-6526
-6674
-6664
-5638
-2086
629
2679
5167
8270
9940
9833
10757
10521
7710
2762
-1752
-4656
-8042
-11078
-13590
-14526
-14295
-13786
-11858
-8490
-4225
-1158
945
2864
4869
6186
6431
5842
4401
3310
1865
536
53
471
810
-299
-469
468
1208
1207
1143
1490
946
390
258
334
309
301
22
-795
-880
-350
-541
-1517
-1724
-1334
-1860
-2267
-1624
-769
-607
-415
675
1248
1659
2245
2403
2182
1638
1765
945
-234
-775
188
6079
12467
16177
16429
20176
28648
30492
27787
25344
25698
21093
9722
2599
-2050
-6753
-14496
-21580
-24310
-25575
-24026
-23216
-21406
-17443
-13665
-11310
-10390
-6590
-3088
-2634
-3431
-3463
-2817
-3007
-1327
960
1871
2716
5064
7824
7924
8454
10076
9428
5528
966
-885
-3435
-7716
-11590
-13964
-14639
-15222
-14452
-11944
-8073
-3738
-893
1362
4243
7404
8345
7103
5979
4884
2717
-272
-1508
-1650
-2129
-2830
-2839
-1293
544
2070
2820
3304
4018
3867
2781
1728
1514
913
-994
-2628
-2856
-2340
-2547
-2887
-2545
-2066
-1855
-1831
-1374
-622
-30
61
-155
55
635
908
504
75
169
-285
-837
-1039
3215
11439
16942
18333
18895
26362
32505
31094
27979
26487
25402
16135
5774
318
-3911
-9348
-18228
-23625
-25424
-24635
-22896
-22765
-19877
-15811
-12562
-11493
-9684
-5075
-2691
-3102
-4229
-3785
-2903
-1905
328
1723
2720
4396
7359
9000
9138
10703
11379
8957
4038
716
-850
-4556
-9483
-13405
-14716
-15470
-16696
-15663
-11984
-7654
-5445
-3411
872
5186
6983
6832
7273
7079
5091
2843
1530
729
-437
-1269
-1961
-1863
-43
1817
1981
1753
3164
3969
2359
1174
1847
1567
-893
-2340
-1849
-1962
-2767
-2781
-2342
-2615
-2513
-1695
-1522
-1620
-793
-204
-818
-747
447
962
61
-132
704
302
-436
-509
1378
7632
14102
17586
17473
21514
30119
31611
28295
25751
26425
21629
10056
3234
-680
-5117
-13368
-21035
-23637
-24397
-23049
-23213
-22331
-18404
-14661
-12910
-12300
-8001
-3600
-3327
-4544
-4060
-2313
-1768
-356
1611
2496
3544
6025
8704
8945
10008
11820
10768
6550
2733
1715
-1112
-6376
-11004
-13565
-14902
-16993
-17500
-15537
-12287
-9746
-8228
-4532
863
4924
5947
6696
8730
10238
9978
9109
9102
8346
6915
4479
2596
2172
1177
-972
-4124
-4672
-4068
-5052
-5775
-4891
-3027
-3032
-2795
-655
1243
1833
1608
1526
793
-18
-661
-2146
-3647
-4319
-4466
-5003
-4716
-2511
-821
-194
847
2765
3943
3796
4065
3779
2618
1331
4180
9723
13040
14049
15267
21834
26260
26109
25195
25253
24939
16879
8992
4649
546
-5916
-15228
-19755
-22293
-23846
-24298
-23771
-20463
-17827
-15123
-12542
-8911
-4453
-2249
-1433
-1459
-841
-536
-170
885
1132
1334
1999
4090
5446
6162
7970
8857
7482
4279
2859
1969
-1638
-6272
-9859
-11767
-14098
-15807
-14943
-13020
-11068
-9165
-6115
-2070
1713
4633
6345
7355
8033
7687
6356
5139
4132
2591
273
-996
-715
-339
-407
-348
489
1216
1365
1443
1648
1544
775
-371
-1148
-1438
-1675
-2139
-2620
-2551
-2226
-2140
-2057
-1698
-1429
-1472
-1657
-1291
-973
-704
-405
-217
-163
-236
337
408
205
849
6012
12719
16244
17261
20210
27805
30405
28368
26292
25967
22977
12903
5580
1260
-3166
-10685
-18983
-21844
-23055
-23100
-23514
-22448
-18716
-15978
-13943
-12219
-8288
-4662
-3905
-4166
-3776
-2348
-1700
-508
987
2012
3236
5178
7702
8713
9823
11198
10514
7639
4381
3076
464
-4460
-9110
-11940
-13385
-15795
-16264
-14443
-11989
-10198
-8136
-3337
538
2925
4413
6101
6898
5710
5333
4413
2978
1230
321
-282
-1117
-35
971
1071
1148
2579
3547
2518
2295
2500
1326
-1008
-1732
-1524
-2823
-4011
-3806
-3256
-3688
-3395
-1990
-1542
-1477
-792
-5
-117
-206
458
56
-701
-863
-575
-966
-1532
-974
201
5480
11714
16207
17737
21558
29438
31285
29766
27873
27913
23358
12886
6654
1762
-3463
-11854
-18822
-21235
-23058
-22952
-23453
-21740
-18359
-15669
-13826
-12226
-8089
-5379
-5243
-5555
-4639
-3357
-3053
-1367
303
1645
3362
6096
8666
9507
11485
12686
11291
8118
5664
4257
-48
-5267
-9412
-11889
-14168
-16794
-16832
-14739
-12005
-10733
-8795
-3895
862
2674
3080
5352
6959
5329
3583
3976
3643
938
-733
-206
261
173
1072
2114
2275
3152
4053
3577
2857
3040
2122
-787
-1882
-1167
-2337
-4710
-4607
-3225
-4064
-4896
-3070
-1373
-1931
-2154
-657
136
-111
217
584
87
-486
-115
-664
-1133
-893
1313
6806
11794
16123
17619
22888
29729
30749
29578
27793
28106
21694
11977
6751
2002
-4117
-13489
-18716
-20731
-22667
-23172
-23291
-20791
-18255
-16049
-14248
-11768
-7898
-6368
-6535
-6426
-4832
-4046
-3522
-1390
482
1853
3535
7144
9586
10404
12285
12958
11266
7738
5997
4231
-958
-6177
-9700
-11616
-14528
-16722
-15930
-14125
-12201
-10761
-7413
-3053
342
2168
3264
5208
5486
4588
3541
3369
2546
413
-212
10
792
961
1556
2603
3281
4132
4101
4027
3788
3146
1461
-342
-696
-1385
-2970
-4273
-3956
-3721
-4567
-4315
-3088
-2280
-2573
-2209
-1093
-458
-30
116
282
163
311
206
-277
-406
-242
311
4954
10986
15214
16610
20193
27867
29786
28837
27716
27609
23057
13333
7820
3119
-2788
-10832
-17296
-19869
-22206
-22602
-22643
-21053
-18512
-16508
-14747
-12548
-8935
-6908
-6744
-6702
-5585
-4714
-3840
-1512
298
1612
3594
6918
9515
10437
12408
13352
11547
8259
6054
4434
-150
-5299
-8941
-11191
-13650
-15783
-15265
-13460
-11883
-10503
-7551
-3669
-353
1273
2701
4044
4208
3870
2803
2676
1992
775
55
-39
1285
1715
2046
2879
3897
4301
3668
3807
3862
2712
784
-376
-759
-1750
-2989
-3631
-3648
-3886
-4143
-3834
-3181
-2519
-2496
-2418
-1913
-1000
-352
-771
-509
59
284
-264
-145
561
557
231
4437
11366
15534
17230
19717
27330
30249
29148
27979
27290
24321
14843
8216
3671
-1670
-8854
-16385
-19381
-21529
-22190
-22255
-21261
-18732
-17029
-15449
-13677
-10547
-8153
-7552
-7490
-6918
-5684
-4339
-1808
210
1808
4204
7220
10012
11038
12852
13877
11987
8574
5605
3981
-111
-5567
-9674
-12066
-14192
-16477
-16255
-13194
-10516
-9940
-7579
-2939
1446
1868
2092
4698
4514
2415
1042
2491
1986
-966
-790
491
1187
1439
3167
4705
4379
4876
5286
4488
3769
3361
1310
-1500
-1909
-1376
-3158
-4871
-3547
-2735
-4321
-4326
-1879
-961
-2558
-2494
-742
-744
-1236
-692
-39
-596
-880
-316
-324
-72
299
349
781
6646
13123
16383
17479
21701
28695
29022
28065
27102
25996
20492
11394
6403
1273
-3940
-10701
-16828
-19522
-21159
-20796
-21025
-19823
-17495
-16057
-15015
-13376
-10365
-8661
-8145
-8172
-7468
-5739
-3258
-565
875
3333
6460
9042
10577
11944
13929
12930
9784
6614
4256
1556
-3140
-7327
-10441
-12146
-13671
-14682
-13537
-11097
-9221
-8551
-5500
-1534
649
554
1567
3366
2236
1019
1163
1919
659
-390
1007
1777
2330
3141
4393
4711
4553
5075
4477
3546
2847
1699
-389
-1378
-1023
-1887
-3350
-3260
-2229
-2925
-3698
-2513
-1652
-2262
-2933
-2076
-1405
-1802
-1391
-919
-607
-666
-216
139
242
868
680
389
1145
7318
12967
15844
17113
21014
27714
28217
27474
26098
25033
19957
10742
5834
1438
-3422
-10750
-16919
-18835
-20286
-20321
-20536
-19055
-17068
-15905
-14878
-13160
-10170
-8563
-8402
-8703
-7408
-5249
-3111
-515
1465
3978
6403
8898
11055
12018
13184
12034
9049
5536
2910
665
-3896
-8289
-10888
-11865
-13228
-14168
-12551
-9708
-8473
-7547
-4628
-947
657
354
1402
2224
1607
425
436
1163
411
-144
571
2091
3337
3798
4570
5163
5353
4925
4226
3750
2829
1159
-561
-1159
-1289
-1922
-2777
-2838
-2492
-2812
-2994
-2455
-1669
-1884
-2613
-2398
-1588
-1179
-1441
-1150
-439
-211
-336
-226
790
878
263
-104
2202
8864
13600
16558
17700
22940
28530
28242
27284
25749
24542
17392
8614
4268
-176
-5630
-13140
-17690
-19354
-20538
-20233
-19996
-18275
-16604
-15467
-14660
-12822
-10128
-8950
-9183
-9203
-7354
-5153
-2454
378
2610
5353
8068
10804
12181
12978
13739
11543
7733
4040
1840
-1216
-6162
-9854
-11912
-13091
-14372
-14129
-12056
-9901
-8112
-6311
-3159
-70
2635
3925
3692
3779
3465
3317
1868
1166
1125
-114
-955
-239
1992
2282
1798
2957
3981
3535
2998
3922
3671
1498
106
159
-398
-1767
-2072
-2552
-3550
-4017
-3362
-2828
-2898
-2231
-2171
-2447
-1684
-49
352
-250
388
972
219
-136
692
1169
-454
-861
-169
4134
10548
15238
17935
19010
25929
29509
28472
26469
24776
21842
11915
4686
980
-3528
-9669
-16491
-18797
-19877
-19532
-18696
-17813
-15767
-14483
-13990
-13809
-11402
-9416
-9507
-10453
-9539
-7064
-4705
-987
2244
4727
7382
10326
12808
12880
13426
12844
8888
3943
399
-1500
-5395
-9817
-11826
-12342
-12809
-12824
-10585
-7115
-5330
-5304
-3988
-1225
313
225
-202
397
-430
-1341
-249
1125
1725
1422
2378
3662
4635
5759
5968
5321
4490
3678
2481
1599
1620
705
-1359
-1912
-714
-659
-1523
-1270
-675
-1836
-3130
-2203
-1589
-2492
-3330
-3038
-2454
-2249
-1134
-168
108
560
999
1235
1298
1814
1760
272
-163
63
4609
10683
14966
17094
18547
25715
28640
27476
25394
23991
20273
10138
3365
-71
-4616
-11172
-17324
-18992
-19590
-19189
-18258
-16878
-14703
-13597
-13509
-13079
-10566
-9126
-9605
-10510
-9011
-6699
-4470
-517
2992
5542
7963
10865
13047
12816
12818
11627
7222
2103
-1276
-3283
-6996
-10852
-12295
-12100
-12122
-11680
-9314
-5934
-4433
-4382
-3090
-701
791
-117
-120
572
-60
-724
2
2079
2273
1940
2996
4198
4749
4932
5189
4614
3370
2548
1843
1370
952
436
-1362
-1553
-1347
-622
-1226
-1980
-660
-2034
-2109
-1777
-2097
-2431
-2716
-2313
-882
-383
718
1188
497
123
85
297
-426
296
573
-274
-683
1632
9100
14133
17601
19023
23745
29494
28801
27333
24402
21536
13786
3793
-1142
-5305
-10188
-16274
-20031
-19887
-19419
-17821
-16533
-14538
-12653
-12247
-12583
-11623
-9341
-8759
-9627
-9635
-7239
-4541
-1254
2730
5908
8287
10080
11844
12287
11199
9925
6536
1487
-2911
-5193
-6721
-9496
-11405
-11275
-10553
-9776
-8461
-6064
-4202
-4467
-5298
-4744
-3173
-2991
-3234
-1626
-490
1704
5818
9582
11308
10542
12464
11918
8052
5790
4352
284
-5832
-6527
-4810
-6445
-6405
-2182
284
-300
1988
6251
5472
2294
2157
719
-4184
-6328
-5437
-6743
-9153
-7153
-3555
-2825
-576
4086
5738
4821
5757
6927
4730
1997
1813
-90
-3445
-4129
-3344
-3361
-2893
5310
13437
16748
18531
22665
29125
28360
24734
20863
17404
11547
2266
-3244
-5286
-7495
-11594
-14679
-13053
-11063
-10812
-11279
-10748
-10856
-12848
-15214
-16343
-15950
-15588
-14960
-13924
-10313
-5093
66
4855
8849
12174
13596
13565
12765
10221
6933
3019
-1535
-5776
-7991
-7952
-8443
-9486
-8561
-6248
-5434
-5679
-4432
-3057
-4356
-6753
-6375
-4270
-3588
-3407
-1653
1614
3258
4610
7060
9263
9155
7565
6773
5978
4110
1998
649
-516
-1546
-1770
-1153
-306
702
1293
1130
905
1137
626
-925
-2068
-2335
-3185
-4124
-3551
-2191
-1797
-1888
-827
671
1035
1036
1481
1551
1005
355
121
-5
-407
-689
-902
-638
-535
-300
-367
3527
11174
15785
17599
17904
23372
26800
24302
20934
18037
15189
7412
-22
-2747
-4667
-8025
-12825
-14767
-13650
-12986
-13287
-13773
-13239
-13114
-14587
-15971
-14701
-12925
-11740
-10933
-8792
-4806
-932
3124
6448
8602
10035
10289
9565
7923
6107
4052
697
-2962
-5080
-5440
-5545
-6264
-6734
-6056
-5679
-5442
-5128
-4363
-4356
-5604
-5870
-4144
-2300
-1666
-905
876
2702
3009
3931
5379
5438
4005
3045
3278
2743
1598
1534
1625
1188
1068
1827
2578
2379
2087
1644
480
-299
-708
-1704
-2924
-3465
-3267
-3608
-3449
-2032
-1015
-1088
-883
113
816
696
1011
1555
1428
928
1024
1152
1010
756
838
443
-187
-578
2424
9783
14968
17259
16925
21512
26004
24739
21025
17778
15415
8360
102
-3339
-4378
-6993
-11859
-14782
-13763
-12557
-12680
-13645
-13552
-13351
-14612
-16732
-16085
-13728
-11866
-11245
-9575
-5127
-515
3471
6517
8859
10343
10314
9078
7305
5570
3662
444
-3190
-4986
-4956
-4928
-5347
-5236
-4525
-4547
-4956
-4590
-3891
-4230
-5514
-6091
-5411
-4045
-2865
-1488
43
1549
2637
3515
4676
5298
4928
3795
2809
2566
2233
1875
1724
1665
1704
1614
1874
2164
2022
1230
63
-896
-1346
-1919
-2526
-2840
-2774
-2539
-2368
-1563
-609
-125
-108
-51
234
588
510
603
720
749
765
769
1090
1378
1354
814
344
132
5411
12177
16816
17385
17837
23585
25748
23315
18788
16369
13382
5367
-2086
-4365
-4671
-7506
-12910
-14856
-12712
-11399
-13003
-14800
-14149
-13361
-15744
-18142
-16315
-12852
-10819
-10875
-7993
-2458
1892
4579
6716
9214
10268
8878
6848
5313
3904
1834
-1142
-3416
-4025
-3702
-3636
-3679
-3469
-3238
-4118
-5329
-5606
-5409
-5104
-5793
-6151
-5131
-2938
-770
268
1422
3038
3797
3180
3084
3859
3711
2093
1124
1682
2139
2156
2483
3099
3136
2752
2550
2056
1291
434
-786
-2284
-3000
-2653
-2562
-2734
-2289
-1244
-862
-951
-361
358
97
-507
-405
4
45
415
1128
1541
1857
1987
2094
1784
1680
1192
286
-1274
3121
10384
15474
16609
16229
22053
25390
23740
18550
15364
13567
6866
-1497
-5467
-4901
-5579
-10526
-14175
-12403
-9561
-10692
-13810
-14515
-13073
-14544
-18397
-18342
-14678
-11073
-10848
-9452
-4127
1883
5229
6182
7914
9671
9099
6247
3767
2874
1965
-392
-2890
-3245
-2182
-1570
-2345
-2699
-2009
-2532
-4555
-6686
-6462
-5616
-5766
-6457
-5598
-3072
-481
899
1866
3273
4160
3682
2344
2112
2699
2289
851
608
1804
3058
3201
3210
3677
3805
2851
1425
334
-218
-1041
-2392
-3413
-3125
-2067
-1627
-1578
-1098
-171
107
-339
-652
-575
-560
-898
-971
-377
703
1707
2025
2248
2649
3017
2487
1400
659
-223
-1158
-2519
1583
9080
15736
17714
16520
21083
25062
24851
18838
13292
11289
6403
-1106
-6655
-6487
-4626
-7076
-11372
-12111
-8799
-7495
-10899
-14895
-15573
-15264
-17600
-19615
-17808
-12411
-9108
-7736
-4775
855
6440
7903
7240
6637
6498
5312
2418
370
-136
91
-577
-1471
-834
1093
2332
1051
-1457
-3305
-3848
-4975
-6920
-8139
-7649
-6202
-5535
-4166
-1226
1954
3125
2288
1939
2507
2732
1626
286
46
754
1532
2014
2902
4255
5150
4460
3037
2362
2090
1189
-839
-2220
-2262
-1737
-1501
-1363
-705
33
84
-532
-995
-1020
-1158
-1898
-2511
-2354
-1112
173
1111
2044
3034
3600
3456
2731
2191
1342
181
-1261
-2340
-2962
189
7405
14990
19136
17774
19739
23083
24593
20133
12345
8567
5194
616
-4945
-7119
-4741
-3682
-5992
-9532
-9598
-7547
-8539
-13059
-17745
-18706
-18482
-18610
-18110
-14741
-9781
-5478
-2371
306
3936
6618
7571
5702
2694
1208
775
858
94
-333
559
2058
3341
3269
3049
2562
1317
-1861
-5417
-7021
-7069
-6881
-7534
-7147
-5400
-2615
1
1630
2218
2005
1841
1125
-113
-1048
-708
183
427
750
2001
4005
5325
5244
4323
3089
2329
1660
653
-749
-1286
-821
-381
-341
-219
705
1142
413
-882
-1785
-1980
-2103
-2545
-2987
-2663
-1355
248
1400
2204
3043
3592
3280
2370
1410
539
-375
-1052
-1891
-2127
-2286
426
7022
14308
19725
18846
18542
19487
20718
18843
12060
7304
3518
1496
-1230
-3620
-3244
-2496
-2344
-4860
-7645
-9404
-10957
-12794
-16334
-18884
-20258
-19106
-16055
-12678
-9178
-6351
-2869
126
2135
2286
2011
1815
1064
-60
-1345
-508
1554
3626
4632
4703
5302
5505
5014
3068
579
-1881
-4447
-6138
-7340
-7258
-6175
-4213
-2113
-1019
-202
761
1498
939
-546
-1854
-2603
-2896
-2501
-1204
350
1688
2866
3903
4562
4532
4111
3325
2300
1296
608
251
436
1107
1639
1735
1418
1312
992
-5
-1196
-2149
-2754
-3192
-3340
-2789
-1893
-748
376
1351
2018
2353
2470
2082
1412
580
-132
-652
-1105
-954
-721
-414
-72
531
4152
9481
15849
18502
17658
16668
15836
16249
13414
9866
5932
3085
1992
433
-96
-1468
-1992
-2814
-4738
-6880
-10360
-12663
-15090
-16394
-17113
-17662
-16290
-14146
-10508
-7942
-5926
-4193
-2806
-1623
-1582
-1383
-1411
-1126
-615
191
1852
3545
5536
6653
7008
6641
5420
3966
1927
87
-1985
-3811
-4819
-4840
-4123
-3338
-2134
-656
874
1810
1734
758
-886
-2397
-3449
-4101
-4300
-3812
-2579
-950
613
1965
2948
3361
3514
3459
3105
2429
1887
1882
2170
2476
2664
2882
2853
2425
1647
628
-446
-1471
-2332
-2801
-2807
-2328
-1527
-743
4
702
1205
1408
1346
1102
693
26
-507
-754
-623
-397
-110
249
629
950
1063
775
1345
3698
7736
11919
13992
14897
14436
13770
12329
10019
7693
5068
3537
2471
2055
1428
122
-1301
-3008
-4157
-5733
-7638
-9791
-11911
-13161
-14324
-14501
-13951
-12321
-10266
-8512
-6677
-5440
-4551
-4547
-4656
-4427
-3976
-2909
-1777
-227
1276
2775
4223
5181
5851
5624
5016
3903
2941
1974
737
-260
-961
-880
-640
-196
339
499
291
-545
-1542
-2667
-3721
-4354
-4734
-4472
-3766
-2469
-1115
99
1085
1806
2222
2211
2181
2152
2211
2258
2463
2949
3394
3760
3975
4130
3951
3307
2459
1433
553
-225
-732
-988
-925
-596
-181
120
557
951
638
-155
-781
-753
-484
-538
-465
-201
218
927
1294
1315
1168
1183
1244
872
170
-433
-1004
-1013
209
2519
5543
8014
9706
10252
9537
7970
5552
3062
776
-718
-1053
-384
981
2099
2561
2156
1067
-466
-2479
-4574
-6586
-7961
-8754
-8868
-8320
-7366
-6157
-5263
-4440
-3906
-3704
-3967
-4715
-5514
-6259
-6445
-5993
-4935
-3475
-1856
-183
1118
2036
2250
1879
936
-154
-883
-1328
-1218
-796
40
1107
2079
2935
3381
3653
3768
3591
3217
2582
1903
1017
-10
-836
-1238
-1144
-853
-319
365
1117
1548
1556
1378
1064
905
804
1033
1503
2012
2369
2377
2180
1620
1031
330
-275
-695
-916
-893
-956
-741
-218
355
817
1403
1896
1858
1302
983
963
673
373
425
734
843
766
717
717
745
655
158
-496
-934
-1010
-1060
-1245
-1368
-1583
-1843
-2156
-2369
-2357
-1906
-796
754
2281
3540
4290
4520
4255
3597
2744
1832
1467
1629
2285
3085
3834
4387
4336
3753
2616
1191
-394
-1822
-2985
-3851
-4292
-4358
-4066
-3877
-3816
-3944
-4214
-4578
-5148
-5702
-6228
-6516
-6554
-6306
-5679
-4882
-3970
-3094
-2172
-1251
-617
-254
-180
-212
-276
-264
-53
315
861
1549
2480
3505
4457
5003
5029
4724
4071
3295
2393
1490
700
124
62
317
698
981
1206
1307
1097
774
350
-23
-343
-505
-388
-93
358
712
926
1018
1073
1093
964
856
717
674
648
656
757
918
1200
1352
1332
1288
1368
1226
659
-36
-592
-781
-949
-1144
-1310
-1357
-1240
-1221
-1137
-1127
-1061
-1019
-1038
-987
-948
-850
-898
-847
-672
-505
-394
-387
-314
-282
-111
284
912
1739
2619
3521
4120
4334
4152
3641
2907
2104
1504
1200
1269
1611
2001
2189
2063
1642
960
16
-1093
-2194
-3089
-3709
-4013
-4012
-3868
-3704
-3672
-3668
-3712
-3842
-4067
-4402
-4633
-4732
-4527
-4083
-3483
-2774
-2036
-1279
-653
-131
239
418
287
-5
-189
-174
101
534
1192
1990
2786
3339
3620
3619
3253
2581
1633
742
-11
-425
-458
-188
335
907
1525
1910
2086
1982
1600
1144
643
411
348
445
740
1150
1609
1725
1579
1214
812
293
-408
-694
-720
-585
-502
-577
-549
-493
-103
604
919
541
100
124
334
225
-204
-486
-588
-635
-479
-87
396
720
782
670
468
226
-106
-483
-744
-734
-554
-386
-280
-290
-436
-752
-1071
-1240
-1258
-1157
-1030
-849
-664
-373
92
674
1350
1924
2416
2741
2846
2697
2270
1745
1321
1174
1190
1306
1456
1584
1603
1357
854
113
-730
-1564
-2275
-2793
-3062
-3103
-3097
-3091
-3055
-2948
-2885
-2982
-3144
-3234
-3171
-3077
-2935
-2697
-2321
-1851
-1422
-1062
-792
-517
-282
-184
-125
41
384
822
1332
1902
2384
2640
2586
2269
1755
1162
685
479
533
736
1038
1328
1499
1519
1423
1225
911
545
200
-84
-170
14
408
895
1131
994
890
779
523
301
332
467
302
302
691
1078
1134
1021
1144
1359
1357
960
540
225
8
-17
-119
-245
-338
-321
-322
-340
-376
-657
-1019
-1237
-1213
-1243
-1357
-1350
-1241
-881
-460
-248
-209
-217
-244
-189
-45
-39
-156
-175
-82
-81
-135
-17
250
419
453
385
281
239
191
225
392
700
1090
1385
1481
1310
1001
600
111
-330
-630
-660
-496
-250
-50
-19
-126
-370
-655
-992
-1234
-1377
-1503
-1483
-1340
-1099
-932
-886
-898
-998
-1081
-1164
-1248
-1343
-1315
-1037
-650
-437
-580
-476
-236
-501
-904
-939
-646
-338
4
228
248
236
152
195
371
589
817
945
921
821
894
1081
1260
1489
1642
1616
1616
1633
1484
1301
1221
1028
737
725
786
800
914
799
617
625
589
592
566
264
77
103
-66
-178
-2
197
176
-83
-67
119
-25
1
55
-174
-92
-23
-261
-343
-352
-403
-422
-364
-422
-624
-409
-174
-497
-538
-405
-816
-994
-774
-675
-453
-285
-315
-296
-361
-320
-149
-198
-325
-436
-530
-531
-595
-527
-318
-336
-228
14
-24
-194
-252
-117
42
28
-57
-140
-112
105
183
119
53
-5
155
291
210
140
26
-26
192
340
343
395
266
-16
63
415
334
150
154
72
93
-117
-473
-479
-355
-237
-167
-128
-46
114
383
41
-426
-264
-140
-211
-362
-53
-3
-324
237
432
83
210
88
-32
165
166
144
132
286
335
187
286
536
612
522
570
497
460
624
406
39
44
130
69
49
291
358
177
343
298
-212
-388
-204
-167
-145
91
38
-224
-90
2
-93
99
293
167
-324
-717
-338
149
135
126
215
42
-204
-359
-453
-226
-25
-220
-513
-501
-276
5
27
-255
-310
-278
-499
-650
-587
-549
-418
-302
-180
-166
-242
-225
-161
28
147
102
149
259
318
612
601
281
332
353
295
657
581
326
558
427
97
126
284
-102
-199
166
-69
-209
14
-80
-59
-40
-332
-334
-259
-386
-562
-194
43
-291
-307
-226
-105
-2
-227
-131
-32
-469
-128
401
-2
-238
47
13
157
267
83
109
51
76
-98
-206
-3
201
326
71
-262
-271
-153
158
284
-130
-401
-135
451
427
1
38
70
121
163
194
203
169
426
408
87
-42
-27
64
211
272
229
121
171
49
-173
-51
-137
-254
-198
-193
-185
-138
-96
-184
-284
-212
-250
-375
-68
179
82
252
177
-66
205
354
27
-145
144
333
251
145
110
148
118
222
228
60
13
18
123
300
254
-270
-593
-265
-189
-197
-204
-210
-52
-74
-589
-447
234
29
-60
111
66
-12
33
146
-40
-108
94
114
83
230
225
111
25
74
132
-159
-280
-201
-137
-98
-277
-200
-82
-297
-343
-244
-345
-465
-307
-299
-384
-361
-423
-198
-7
-105
-213
-359
-286
46
350
344
61
-141
21
286
195
151
257
271
306
411
413
189
285
530
357
223
233
122
-21
-5
-37
-207
-172
-53
6
156
178
55
179
201
-32
60
231
187
303
422
342
210
139
109
177
559
684
461
512
426
112
132
144
-109
-118
152
297
128
-1
79
-206
-501
-299
-324
-667
-634
-617
-836
-504
-143
-419
-647
-565
-552
-487
-253
-280
-475
-379
-188
-225
-435
-465
-274
-136
11
97
74
-44
-63
175
285
145
6
0
72
295
486
499
407
246
254
311
253
140
98
30
44
259
324
266
245
220
176
91
-48
-105
-232
-394
-238
-179
-364
-390
-329
-278
-124
-24
-91
-82
-90
-219
-205
-112
-154
-171
-155
-98
138
325
468
627
574
451
406
308
193
171
251
349
301
289
277
92
155
388
248
169
317
183
38
-71
-233
-133
-60
-123
26
94
87
277
219
41
84
-25
-186
-83
-119
-189
-80
-122
-145
-147
-252
-151
-95
-230
-242
-330
-438
-368
-359
-368
-358
-425
-329
-240
-353
-317
-325
-492
-458
-367
-289
-158
-195
-225
-129
-116
-47
25
-67
-79
-3
-17
26
206
290
309
378
415
430
438
377
335
408
438
381
362
356
303
253
199
138
116
129
145
100
43
53
26
-46
-70
-109
-189
-200
-194
-217
-193
-117
-35
18
78
105
71
27
2
-2
-3
-17
27
120
166
210
241
185
101
71
83
77
18
-50
-85
-95
-89
-133
-164
-102
-43
-47
-75
-102
-78
-77
-139
-158
-160
-218
-228
-159
-112
-97
-58
16
87
137
158
123
109
192
208
114
90
106
63
38
49
33
28
27
-19
-57
-75
-104
-106
-80
-133
-231
-247
-238
-264
-284
-288
-314
-277
-188
-166
-165
-116
-83
-58
-14
-14
-44
-63
-55
-41
-48
-39
-8
34
88
139
164
199
223
189
157
152
116
69
84
82
28
24
60
79
117
156
163
178
188
167
146
133
137
151
148
147
162
158
151
183
253
305
304
266
222
160
94
37
-35
-59
-27
-11
-16
6
35
32
0
-59
-127
-180
-206
-250
-310
-318
-295
-282
-258
-231
-214
-155
-68
-32
-84
-161
-184
-158
-140
-136
-129
-119
-64
19
48
43
48
44
34
10
-27
-58
-68
-53
-30
-42
-62
-49
-37
-39
-54
-77
-79
-67
-71
-54
-23
0
28
43
37
32
25
13
13
4
-12
-18
-22
9
55
82
83
81
97
105
95
72
44
25
14
-3
-31
-43
-29
-4
16
42
77
108
136
157
170
176
166
146
137
141
137
134
126
117
114
117
122
123
113
88
63
49
43
18
-12
-23
-17
-2
-6
-22
-29
-29
-39
-69
-98
-111
-110
-111
-116
-112
-100
-88
-80
-79
-79
-85
-92
-95
-99
-113
-139
-154
-144
-130
-123
-109
-87
-56
-29
-30
-30
-23
-22
-43
-73
-81
-71
-67
-67
-57
-26
14
36
48
59
73
82
79
72
66
60
52
49
57
72
75
72
79
83
72
54
34
17
-7
-35
-54
-69
-77
-77
-78
-73
-56
-40
-40
-40
-31
-23
-21
-17
-10
5
23
43
55
66
75
84
88
90
86
86
92
100
111
119
125
128
123
111
93
69
46
19
4
-9
-16
-17
-14
-11
-7
-7
-6
-8
-14
-20
-27
-35
-46
-53
-53
-53
-46
-37
-31
-26
-22
-16
-8
-4
-2
-1
0
1
3
-4
-6
-13
-24
-32
-42
-51
-62
-71
-79
-84
-91
-95
-97
-101
-106
-112
-111
-110
-107
-102
-92
-83
-78
-64
-51
-38
-22
-6
12
22
30
40
51
57
66
71
79
91
99
105
101
96
85
62
42
19
-1
-12
-22
-25
-23
-16
-8
-2
8
8
9
7
4
3
4
11
22
34
52
74
93
112
125
127
131
127
122
111
108
97
86
82
71
65
55
44
29
15
4
-13
-30
-41
-52
-64
-75
-83
-87
-90
-92
-92
-97
-94
-97
-98
-98
-100
-101
-105
-101
-94
-83
-70
-55
-36
-20
-5
8
12
13
17
18
16
12
19
23
27
36
38
39
35
28
19
4
-5
-11
-21
-26
-25
-24
-21
-18
-18
-17
-17
-18
-25
-30
-34
-34
-33
-29
-27
-17
-9
-5
3
3
2
1
-3
-5
-6
-11
-9
-8
-6
1
7
16
26
30
32
32
30
30
23
19
21
22
25
32
38
41
46
46
44
38
27
24
11
1
-5
-11
-8
-6
-7
-3
-3
1
7
4
7
8
4
5
10
10
18
24
32
38
45
53
56
53
49
43
37
29
17
14
6
0
-2
-9
-12
-17
-22
-26
-37
-44
-52
-58
-64
-69
-75
-78
-74
-67
-62
-60
-53
-46
-40
-34
-32
-25
-21
-17
-13
-11
-5
-1
5
9
13
19
21
24
22
19
18
16
18
14
13
12
12
14
11
5
2
2
-5
-8
-8
-6
-3
2
9
13
16
20
20
22
23
22
26
25
26
33
36
37
41
42
43
38
36
29
18
9
-4
-13
-21
-28
-33
-36
-36
-35
-37
-35
-34
-34
-33
-34
-35
-37
-30
-22
-16
-5
7
21
34
47
49
50
53
51
49
42
34
33
27
23
24
22
23
22
18
14
6
-6
-12
-18
-24
-29
-32
-30
-28
-26
-20
-14
-11
-11
-13
-15
-18
-20
-22
-23
-23
-22
-19
-14
-8
-5
-4
-3
1
-1
0
-1
-1
-5
-9
-7
-10
-12
-15
-18
-20
-24
-24
-28
-29
-33
-33
-33
-27
-25
-22
-16
-13
-8
-7
0
4
10
20
25
30
36
44
47
52
53
51
47
37
30
25
20
15
12
13
16
15
17
18
15
12
8
4
-4
-8
-11
-14
-12
-9
-9
-2
3
5
7
7
7
0
-5
-6
-10
-11
-11
-5
2
4
6
6
7
3
-1
-4
-8
-12
-12
-12
-15
-15
-14
-11
-8
-8
-5
-5
-3
-1
0
2
0
0
1
-1
-2
2
5
7
4
7
13
10
8
7
0
-10
-7
-9
-14
-17
-18
-16
-16
-15
-13
-6
-8
-8
-11
-10
-10
-10
-10
-7
-9
-9
-6
-9
-9
-3
0
-1
4
7
6
8
12
11
8
10
10
6
3
4
3
2
5
9
9
9
8
16
11
12
11
10
12
11
10
10
14
15
17
16
18
14
13
7
4
4
-1
-3
-3
-8
-8
-7
-11
-6
-9
-8
-6
-4
-3
-5
-5
-9
-8
-6
-7
-7
-6
-6
-5
-3
1
-2
-3
-4
-4
-1
2
4
3
5
6
5
7
8
10
11
12
10
7
7
5
0
-4
-4
-6
-7
-9
-13
-9
-9
-11
-9
-10
-12
-13
-13
-15
-17
-16
-13
-17
-11
-10
-6
-2
-3
0
-1
2
5
8
8
6
5
1
2
5
5
7
6
6
5
3
4
3
3
1
2
5
7
3
6
11
9
9
10
12
14
15
15
14
16
14
13
11
9
12
10
7
3
-2
-1
-4
-6
-9
-12
-12
-8
-6
-5
-8
-6
-4
-9
-6
-9
-7
-8
-11
-8
-3
-5
-6
-5
-7
-7
-6
-5
-6
-6
-5
-5
-4
-4
-2
-1
0
3
3
3
6
5
5
4
4
6
7
5
7
3
2
3
2
-2
-2
-1
1
0
-2
-2
-4
0
-3
-5
-4
-1
2
-2
-4
2
3
0
1
-1
-3
-5
-4
2
-1
-7
-4
-2
-2
-1
-2
0
0
5
10
7
8
7
12
13
13
12
10
15
15
14
14
11
9
9
6
5
2
-2
-3
-1
-3
-5
-9
-10
-5
-6
-11
-15
-15
-11
-12
-15
-15
-15
-12
-10
-8
-9
-9
-6
-3
-3
-6
-2
0
3
3
2
0
3
6
6
6
5
7
11
14
13
8
5
7
10
8
2
3
2
2
3
2
-3
-4
-2
-3
-8
-11
-12
-9
-7
-7
-8
-7
-5
-5
0
-1
-1
-1
-2
3
2
3
4
9
4
6
4
4
3
1
1
-1
1
0
0
-3
-2
-1
-2
-2
-1
-4
-2
-4
-2
-1
-3
-3
-1
3
3
5
6
6
4
8
9
5
4
8
7
7
8
6
6
7
8
7
1
3
2
0
-1
-5
-3
-6
-6
-7
-9
-10
-7
-5
-4
-7
-6
-5
-6
-2
-6
-7
-6
-3
-2
2
3
6
9
7
5
5
4
3
4
-1
1
-1
-1
-1
0
-1
-2
-2
-1
-1
-3
-3
-2
-3
-5
-4
-4
-2
-1
1
1
1
-1
1
0
1
1
-3
-1
-3
-1
2
2
4
2
2
-1
3
4
4
5
-2
-2
0
1
0
1
2
3
4
2
3
3
2
1
2
0
-1
0
2
2
2
2
2
1
-1
-2
-1
-1
-3
3
0
-1
3
1
-2
0
-1
0
-4
-4
-3
-4
-5
-3
-3
-3
0
1
1
1
0
-1
1
0
-1
0
1
0
1
5
4
3
6
4
2
1
-1
-3
-2
0
-2
-4
-6
-7
-10
-11
-7
-9
-7
-9
-3
-5
-5
-4
-5
-4
-4
1
-2
-1
-1
-1
1
5
6
2
4
5
8
8
11
9
7
8
10
9
5
9
7
8
7
6
5
3
4
7
4
5
5
6
5
4
5
6
2
1
-1
0
1
3
0
0
0
1
-1
0
2
-1
-1
-2
1
-1
-5
-9
-10
-9
-12
-11
-11
-11
-15
-16
-16
-15
-12
-12
-13
-12
-12
-8
-8
-6
-4
-4
-2
-4
-1
-2
1
2
7
6
10
9
9
10
8
9
8
6
7
5
6
9
3
2
4
7
5
2
3
0
-3
0
0
2
-1
1
2
4
2
2
2
-1
5
3
6
10
8
10
7
5
7
5
5
6
8
6
6
5
4
6
0
0
1
1
-3
-5
-2
-5
-4
-5
-5
-6
-7
-6
-8
-5
-4
-5
-4
0
0
0
3
0
-2
-2
1
2
3
3
1
-2
-5
-1
-1
-6
-7
-10
-12
-11
-11
-13
-11
-10
-10
-13
-15
-14
-14
-15
-14
-13
-11
-5
-2
-2
0
6
7
8
12
15
13
11
12
13
9
4
7
5
3
6
7
2
1
3
1
0
1
3
0
0
-1
-1
3
3
0
2
2
5
10
6
10
11
11
17
14
16
18
16
17
17
14
9
8
5
1
-1
-1
-2
-4
-5
-5
-7
-9
-8
-10
-11
-9
-5
-4
-3
-3
-2
-4
-5
-8
-5
-3
-2
0
-1
2
-3
-1
-1
-4
-4
-3
-5
-9
-9
-10
-10
-13
-15
-15
-13
-13
-15
-12
-10
-11
-16
-11
-9
-10
-8
-6
0
0
-1
1
4
4
5
7
6
10
9
9
13
10
10
9
9
10
7
7
7
8
5
4
1
2
1
-2
0
0
1
1
1
1
-1
0
0
2
3
0
1
4
4
