SAMPLES:	8182
BITSPERSAMPLE:	16
CHANNELS:	1
SAMPLERATE:	16000
NORMALIZED:	FALSE
-1
-2
1
0
1
6
2
3
2
1
0
-2
-2
-3
-2
-3
-4
-1
0
0
2
0
1
3
2
0
1
2
1
1
2
2
2
0
2
4
2
3
1
-2
-3
-3
-1
1
1
2
1
2
0
1
2
-3
-1
1
-1
-2
-4
-4
-6
-5
-2
0
1
1
2
1
7
2
0
0
-1
-2
-1
1
1
3
-2
-1
-1
3
4
3
2
-2
-1
-2
1
0
-1
-1
-2
0
1
-1
-1
3
1
2
-2
0
3
4
1
-3
-3
-1
0
-4
-1
1
-1
-2
2
1
0
-1
-1
1
0
2
4
-1
-1
0
-2
-3
-5
-4
-3
0
-1
-2
0
0
-1
-4
0
-1
2
4
1
0
3
1
4
5
3
4
0
3
-1
-3
3
6
5
5
2
2
2
0
-1
-1
-3
-1
-3
-3
1
-2
-2
-3
2
-4
-2
-1
-1
-6
-3
-1
-2
-2
-3
-2
-4
0
-1
-4
-1
-1
0
-1
1
-2
-1
-1
2
2
-2
1
-3
-3
-1
0
2
1
1
3
2
2
3
5
1
2
1
1
3
3
-1
-1
-1
-1
-2
0
3
1
2
4
3
3
2
3
0
0
1
1
5
4
3
2
-2
-2
-2
-1
-1
-1
-5
-3
1
2
2
0
2
-1
-2
-3
-1
0
-2
-1
-2
-5
-2
1
-3
-5
-4
-7
-5
-7
-5
-2
-2
-3
2
1
2
3
-1
2
2
2
0
1
3
2
-1
1
1
2
3
1
4
-1
-1
-1
-5
-2
-1
1
3
0
1
2
1
4
1
2
5
1
0
1
1
2
-1
-1
0
2
1
0
-3
1
2
-1
1
1
1
4
1
2
2
-2
0
3
0
-1
-3
0
3
-1
-3
-2
-2
-1
0
-2
-4
-1
-2
-4
-2
-4
-2
1
-1
2
1
-1
2
0
-1
-2
-1
2
3
2
0
-3
1
-5
-6
-2
2
1
2
-1
-6
-6
-3
2
0
2
1
-2
0
3
6
4
1
0
1
0
2
6
6
1
1
2
0
2
5
1
1
3
-1
-3
1
2
0
-2
-2
-2
-3
0
0
-3
0
2
1
1
1
3
3
-3
-2
0
-2
-4
-2
-3
-4
-1
2
-2
-1
3
-1
-4
-2
-3
-1
-1
-3
-1
-1
1
4
3
1
2
3
4
-3
-1
-1
0
0
-2
-1
-4
-4
-1
0
1
3
0
3
0
6
3
1
3
-1
-2
-2
-1
-1
-3
-4
-1
0
-2
-2
-1
-1
-1
-3
-1
2
3
2
0
2
-1
1
-2
-1
1
0
4
5
4
4
4
2
0
-1
-2
-1
1
2
0
5
3
-2
0
0
-1
-2
-3
-2
-1
-2
0
0
-1
2
2
0
-2
0
3
0
2
3
-1
-2
-1
1
-1
-2
2
4
-1
-3
0
0
-3
-3
-1
1
-1
-3
-3
-2
-2
0
-2
1
-3
-4
0
0
0
-1
1
0
-4
0
0
3
3
1
2
-1
2
1
-3
1
2
0
0
-3
0
3
0
-2
0
0
-1
-2
-1
2
5
5
-1
0
0
-2
0
2
0
0
0
-3
0
-1
0
-1
1
3
0
0
0
-1
-3
-1
-2
-1
2
4
2
-1
1
-3
0
1
2
3
2
-1
-1
2
1
1
0
0
-1
2
1
-1
2
-2
-2
1
-1
0
1
1
1
1
-1
1
3
2
1
0
0
-3
0
0
1
0
-3
-4
-4
-3
-3
-2
-2
-4
-2
-1
4
3
2
4
1
2
7
8
4
2
1
0
-2
0
3
-1
-1
1
-3
-3
-2
-5
-4
-6
-4
-4
-4
-1
0
-1
-2
-3
-1
-3
-2
-1
-2
2
2
-4
-1
-1
-3
0
-4
-3
-6
-2
3
3
0
-3
1
-2
4
4
1
1
3
3
-1
5
2
1
0
0
0
0
-1
-1
0
2
5
2
3
3
4
6
5
4
7
7
8
6
5
3
-3
2
3
1
4
1
0
2
1
1
0
-1
0
-1
-3
-1
-2
-3
-2
-3
-8
-6
-4
-1
-4
-3
-1
-1
-2
-1
1
-2
-1
-2
-4
-4
1
0
0
0
0
-2
1
2
-1
0
-1
0
0
-2
-6
-4
-1
-1
-4
-4
-4
-6
-6
-2
-2
-2
-2
1
-1
0
3
-1
0
1
0
-1
2
4
3
6
5
6
4
3
5
3
2
4
4
3
2
1
4
3
1
3
4
2
2
0
2
2
0
-2
3
3
1
-2
-3
-1
-2
4
0
0
0
-1
-1
-5
-4
-5
-1
-2
-5
-4
0
0
-1
-3
-1
0
3
5
4
4
3
6
5
1
3
3
2
3
-3
-5
-2
-5
-5
-5
-2
-2
-2
-3
-7
-2
-6
-5
-5
-4
-3
-4
-6
-5
-3
-2
-1
-1
0
2
1
3
4
4
4
3
2
2
3
2
4
6
9
6
2
0
1
2
1
-1
3
1
1
3
-2
-1
0
-1
-1
-2
-1
1
-1
1
0
0
-1
2
2
1
0
2
1
2
1
-1
-1
-1
-1
-1
-2
0
-2
-3
-2
0
2
-3
-3
-1
-1
0
1
2
-1
0
0
-1
-2
-5
-1
-2
-3
-1
-3
-3
-1
0
3
2
1
-2
-2
4
3
-1
-2
1
2
-1
-1
-3
-3
1
1
0
0
3
1
0
2
2
-2
-1
1
2
1
3
2
-1
2
2
3
2
4
1
1
2
3
1
0
1
2
2
0
-4
-7
1
0
-4
-1
0
0
3
1
0
3
-2
1
0
-2
-2
-1
-1
-3
0
2
2
-1
-3
-6
-8
-6
-8
-10
-7
-8
2
5
4
2
-9
-9
2
15
6
-11
11
-3
-11
10
2
-7
-19
-17
-26
-13
-8
14
15
10
-8
9
14
17
35
26
26
33
23
18
21
20
23
28
14
6
-26
-14
-16
-12
7
-6
22
44
10
-10
29
22
-4
33
31
17
15
38
-6
2
-23
14
-38
-21
-13
-29
-54
-52
-46
-60
39
-159
2220
315
-1062
576
54
-342
41
222
-451
-254
-155
-119
-174
-221
-176
-148
-80
1
-98
104
152
259
631
896
908
585
341
274
-23
-81
-283
-371
-387
-484
-390
-242
-19
-77
32
82
-50
-99
-2
84
57
-29
44
45
30
136
32
131
157
96
155
144
209
170
93
160
273
353
324
447
559
543
494
504
531
548
442
374
395
372
394
382
376
252
254
145
48
1
129
17
-168
13
-104
-231
-357
-465
-485
-614
-668
-564
-567
-261
94
351
480
674
881
1120
1684
2337
3258
4504
5732
6887
7940
8680
8754
7084
1088
-8963
-8631
-4084
-10926
-16751
-17995
-18709
-11452
-7490
-17417
-20953
-16923
-13282
-11488
-10857
-5448
-5270
-2823
4251
2386
1298
2703
91
-2501
-2817
-4490
-6037
-5625
-5477
-4666
-2412
662
4293
8276
12844
16169
18146
20189
22185
24467
25150
24246
25611
28496
26619
22040
21794
21752
19236
20256
21281
18620
15521
14029
12795
12457
11071
6077
1843
-1250
-2438
-3053
-7590
-11359
-13099
-16205
-17969
-16428
-13595
-17929
-23756
-25742
-28574
-26261
-23078
-23625
-22355
-18309
-14323
-12932
-12064
-8495
-4119
-2712
-4302
-7901
-11596
-14817
-9411
-10607
-9270
1563
-587
-8364
-19656
-19557
-18193
-22615
-18801
-16463
-22423
-20905
-12121
-7430
-2650
4938
12555
19852
24257
24797
20531
13495
22709
32469
26649
12978
24213
16259
-12284
-5868
-914
-15033
-17231
-10448
-16499
-20538
-18227
-9071
31
880
-3144
-1034
5480
13185
18611
17629
15409
15846
18575
17647
15881
16871
18093
16786
13340
11704
12024
12024
12081
13576
14402
13237
11778
11974
13289
14268
13921
12678
10488
8147
6012
3610
1755
49
-1614
-3252
-4815
-5830
-6287
-7001
-8242
-9562
-9999
-10428
-11506
-11612
-11731
-12516
-13666
-16198
-22308
-23672
-21221
-17895
-12360
-15004
-15871
-11679
-12987
-14197
-14069
-15961
-14886
-10202
-7993
-6988
-9241
-14000
-12570
-8950
-7880
-8145
-8682
-7781
-6500
-2760
2778
5221
6449
9065
7610
5508
8305
9958
9631
8827
9102
4001
-5045
-7271
-3241
3267
9205
5944
-1031
-2118
-1268
4843
5376
3200
7912
8593
7716
9983
7538
7778
11137
7750
12459
17103
11076
9949
12266
11313
10325
9576
8014
7095
6365
5530
5745
6195
5836
4370
1505
-1494
-3365
-4234
-4743
-4675
-4234
-3988
-3817
-3858
-5012
-7238
-9862
-10166
-10481
-7839
-3469
-2404
-7316
-750
13719
7509
3215
4405
2122
3657
6287
6983
7934
7848
5310
4860
6061
5987
4458
2921
1374
-1223
-3748
-3076
-1505
-1544
-3192
-5521
-7296
-9000
-9041
-8910
-10516
-11101
-10628
-8411
-3292
-944
-1071
13
-1467
-5259
-6332
-5764
-6262
-7564
-9580
-11088
-11833
-11363
-9523
-8385
-7549
-5489
-3503
-2412
-901
-312
-858
-228
1363
3054
3932
4337
5045
6009
5489
3085
2465
3951
2285
1249
5066
5574
1912
770
2363
4301
4095
3081
3547
4689
4908
6046
7128
6897
5938
5698
5907
5588
4826
6724
5713
-5184
8591
14741
-3865
-2987
5009
2546
2919
4303
558
2697
1786
113
2493
-1642
-1342
1456
-780
-3201
-4103
-5597
-7561
-8900
-6873
-3919
-6012
-7091
-5684
-5869
-6705
-3843
370
1687
3053
5578
6006
4942
5352
5692
4330
2915
1853
684
-177
-943
-1677
-1712
-1522
-1629
-1745
-1469
-1256
-1203
-1729
-2084
-1340
-492
-282
-714
-44
1902
3161
3554
3569
3068
2053
1079
312
-297
-938
-1932
-2836
-3614
-4230
-4538
-4092
-3362
-2812
-2452
-1677
-326
245
82
176
763
1212
1275
1179
922
655
471
443
469
328
-139
-1301
-2679
-3308
-1914
238
1671
2496
1889
736
-178
-929
-1659
-2806
-3333
-2915
-3048
-2658
-1602
-995
-427
191
175
22
224
213
36
-793
-2313
-1867
770
2271
3368
4391
4420
4447
4713
4805
4532
3828
2697
1646
516
-827
-2045
-2655
-2727
-2333
-1494
-581
-446
-1384
-2228
-1671
506
3007
4564
5094
5571
6070
6557
6736
6708
6640
6289
5647
4792
4273
4015
3949
3871
3312
2413
1575
933
243
-466
-1049
-1175
-1269
-1592
-1893
-2405
-2992
-3447
-3828
-4466
-5231
-5908
-6659
-7262
-7868
-8317
-8332
-8323
-8277
-8201
-7699
-7100
-7037
-6858
-6498
-6094
-5858
-5510
-4957
-4434
-3842
-3258
-2427
-1759
-894
293
1068
1863
2905
3777
4149
4385
4722
4791
4605
4498
4592
4263
3726
3567
3383
3048
2841
2905
2808
2658
2863
3012
3043
3196
3617
4036
4419
4927
5349
5400
5148
5072
5028
4586
4181
3696
3095
2496
2059
2003
1894
1997
2115
1985
1851
1932
1891
1426
708
-4
-685
-1833
-2770
-3419
-4138
-4557
-4583
-4464
-4501
-4449
-4177
-4277
-4597
-4564
-4383
-4545
-4471
-3950
-3630
-3553
-3180
-2330
-1931
-1911
-1547
-1195
-1184
-1284
-1216
-1188
-1348
-1223
-864
-647
-350
115
734
1235
1863
2431
2573
2550
2403
2250
1818
1336
996
578
317
-14
-376
-685
-703
-408
-363
-155
97
340
526
549
798
808
531
234
189
134
-158
-153
-196
-193
-278
-265
-96
-75
-25
-451
-1026
-1576
-1740
-1341
-537
306
506
318
66
118
223
-26
-319
-674
-770
-733
-794
-1001
-1215
-1127
-906
-754
-450
-66
201
142
281
667
901
1133
1316
1481
1412
1446
1738
2038
2301
2665
2986
2954
2908
3235
3540
3332
3090
3078
2964
2837
2805
2787
2567
2178
1928
1732
1536
1459
1272
1029
840
790
879
1003
822
509
321
17
-542
-1222
-1647
-2169
-2704
-3220
-3479
-3639
-3834
-3668
-3490
-3156
-2892
-2481
-1894
-1565
-1191
-920
-583
-498
-403
-346
-498
-402
-538
-680
-900
-1106
-1347
-1842
-2256
-2738
-3211
-3713
-4121
-4407
-4594
-4491
-4354
-3894
-3429
-2843
-2206
-1668
-1101
-738
-388
-280
-177
-176
-245
-273
-276
-65
101
395
767
1169
1581
1928
2324
2486
2517
2636
2694
2666
2447
2180
2034
1861
1774
1829
1767
1588
1570
1618
1560
1428
1533
1745
1678
1525
1687
1981
2122
2213
2148
2136
1800
1383
1251
853
154
-645
-966
-1228
-1662
-1908
-2049
-2513
-3242
-3547
-3899
-4620
-5633
-6584
-7773
-7781
-3306
4634
11407
14776
19129
25923
30975
32473
31888
30867
26002
17101
8213
611
-6404
-14416
-21533
-27012
-30072
-29646
-27082
-23325
-19710
-15283
-11277
-8482
-5620
-3023
-1646
-3128
-5260
-6780
-7661
-7750
-7423
-5854
-4171
-1458
2023
5427
8938
12368
15727
15495
13437
12651
11873
8424
2709
-366
-3334
-8135
-11528
-11884
-11788
-13136
-12358
-10381
-8776
-6384
-2713
-37
758
3135
5550
5940
5871
7209
7718
5389
3808
3682
2728
508
-725
-1282
-2868
-3811
-3443
-2969
-2982
-2004
-519
-147
347
1838
2804
2005
1386
1533
828
-655
-1379
-1382
-1843
-2396
-2096
-1273
-793
341
1538
2468
2996
3404
3329
2105
797
-1520
-5332
-8735
-1079
11048
15146
13306
15522
27363
32474
30901
29984
31161
27224
14111
6228
745
-5759
-15123
-23609
-27796
-31594
-29270
-26314
-22955
-19405
-14835
-9294
-7890
-3579
-54
829
-1577
-4344
-4419
-6834
-6494
-5277
-4083
-3466
-1513
3833
6334
9322
12210
13817
11613
7570
6526
3330
-1449
-6928
-10488
-13165
-15467
-14362
-11895
-8754
-6440
-3311
388
3761
6565
7724
7583
5628
3786
1935
39
-1561
-2686
-3116
-3726
-2924
-818
1481
2835
3630
4604
4733
4550
4142
3367
1821
40
-1150
-1952
-2251
-2216
-1964
-2008
-1732
-829
45
739
1116
1395
1392
1394
1599
1755
1907
1854
1668
1259
972
1118
850
339
-668
-1549
-2815
-4559
-6762
-4273
6302
14088
14910
13405
21444
31591
31538
28801
27783
28426
18849
7087
2289
-2451
-9377
-20008
-25100
-27836
-28456
-25667
-23598
-19930
-17490
-12695
-9833
-7414
-3155
-1753
-1779
-4479
-4580
-5156
-5546
-3118
-2205
-1489
-1112
3489
7363
8241
10484
12240
11642
6735
4356
3496
-417
-5966
-10465
-12099
-14341
-14689
-12865
-10724
-8466
-5775
-1988
272
3270
6191
6510
4838
3662
3924
1957
-102
-489
-488
-1462
-1729
451
2019
2941
3917
4795
4745
4556
4968
3922
2127
924
280
-1071
-2224
-1710
-1479
-2074
-2256
-1144
-259
-159
366
661
575
496
1128
1531
1303
1396
1315
846
298
690
561
-444
-1620
-2717
-4208
-2494
6840
15034
16201
14688
21424
31455
31560
28425
27473
27536
18675
6413
1605
-2627
-9471
-19549
-25096
-27251
-28160
-25673
-23377
-20037
-17497
-13641
-10421
-7716
-3608
-2002
-1898
-3707
-4095
-4451
-4305
-1519
-564
-600
-14
4364
8116
8513
10214
11975
10862
5812
3028
2603
-750
-6185
-10630
-12257
-14142
-14988
-13382
-11020
-8759
-7113
-4204
-1107
2117
4580
4836
4170
3263
2986
1884
733
409
-82
-791
-926
866
2715
3657
4047
4430
4687
4342
4185
3435
2055
405
-944
-1703
-2240
-2052
-1957
-2232
-2186
-1420
-364
-73
275
659
698
569
614
1130
970
586
284
36
-202
-304
-675
-1627
-2365
695
8597
14804
17006
17786
24242
31687
31841
29338
27418
26302
18058
7127
1208
-3559
-10091
-19669
-25047
-26834
-27169
-25810
-23833
-20221
-17446
-13928
-10797
-7511
-4218
-2771
-2198
-3366
-3696
-3919
-2914
-794
-302
122
1533
5473
8093
8702
10296
11636
10141
5553
3019
1826
-2067
-8112
-12214
-13141
-14677
-15542
-13889
-10700
-8204
-6302
-2493
1199
3859
5474
5710
4949
3519
2719
1216
-853
-1745
-2012
-2486
-2411
-232
2331
3308
4006
5436
6284
5729
5128
4373
2526
245
-1290
-2258
-3461
-3900
-3826
-3904
-3567
-2370
-864
-220
295
1124
1436
1292
1243
1280
661
-370
-942
-1489
-1723
-2172
-2415
-2496
409
8619
15507
18069
18600
24533
31858
31764
28829
26630
25622
17774
6812
960
-3389
-9371
-18350
-23335
-24566
-24709
-23560
-21980
-18824
-16217
-13065
-10411
-7881
-5087
-3662
-3142
-4384
-4630
-4246
-2856
-804
-252
725
2714
6660
9081
9662
11336
12500
10698
6096
3585
2446
-1397
-7517
-11546
-12808
-14393
-15842
-14924
-11710
-9743
-8303
-5096
-506
2984
4145
5027
5398
4863
3693
2638
1560
83
-1073
-1828
-1793
-683
1171
2172
2492
3584
4795
4954
4317
4095
3247
959
-908
-1458
-1955
-3146
-3843
-3743
-3742
-3515
-2407
-1211
-840
-412
296
614
893
1333
1287
386
-368
-256
-646
-1505
-1453
-1043
2728
9565
15540
17667
18700
26361
32270
30920
27110
26154
25074
14846
4855
202
-3754
-11523
-20422
-23292
-24230
-24339
-23500
-21262
-18318
-15619
-12136
-9832
-7127
-4677
-3186
-3537
-4582
-4042
-3682
-2198
-764
127
1208
3738
7775
9240
9868
11764
12671
9653
5227
4000
2576
-2899
-9088
-11484
-12413
-15028
-16446
-14079
-11298
-10497
-8551
-3965
187
1930
3296
4777
4851
3895
3273
2529
1003
-146
-844
-1531
-1298
537
1981
1955
2775
4667
5250
4301
4265
4453
2443
-135
-857
-1043
-2699
-4097
-4005
-3962
-4387
-3682
-2283
-1685
-1233
-306
354
290
877
1413
607
-532
-554
-640
-1652
-1928
899
7384
13213
16591
18133
23194
30616
32416
29901
27265
26689
20676
9776
2880
-1232
-7299
-17205
-23295
-24360
-24784
-24713
-23469
-20285
-17552
-14415
-11167
-8241
-5436
-3596
-2974
-4210
-4353
-3380
-2156
-1132
-561
937
3132
6591
9314
10608
12246
13361
11935
8103
5723
4496
134
-6433
-10566
-12026
-14411
-16950
-15910
-12936
-11850
-10895
-7019
-2033
600
1828
3688
4741
4183
3395
3081
2191
802
-200
-881
-915
345
1906
2124
2351
3910
5074
4467
3883
4198
3061
388
-1104
-1133
-2096
-3845
-4371
-4114
-4369
-4309
-3364
-2459
-2027
-1335
-427
-116
257
721
552
-296
-540
-719
-1273
-1446
1709
8644
13807
16454
18175
24550
31482
31946
29808
27750
26957
19628
9378
3688
-774
-7483
-17609
-22858
-23895
-24415
-24499
-23536
-20490
-18033
-14933
-11981
-8811
-6016
-4444
-4015
-5081
-4501
-3217
-1633
-716
-321
1580
4308
7873
10069
11515
13469
14049
11959
8502
6832
4837
-445
-6681
-10090
-11876
-14893
-16796
-15435
-13231
-12703
-11124
-6618
-2383
-371
1002
2956
3657
2967
2660
2379
1312
-56
-683
-834
-456
1006
2275
2694
3479
5004
5534
4921
4861
4599
2561
33
-652
-992
-2775
-4327
-4430
-4271
-4705
-4334
-3104
-2425
-2239
-1567
-900
-665
-287
42
-362
-1068
-965
-707
-994
286
5892
12505
16145
17518
21755
29236
32187
30431
28060
27299
23044
13274
5785
1289
-4015
-12914
-20378
-22598
-23184
-23502
-23252
-21021
-18359
-15955
-13342
-10511
-7635
-5862
-5143
-5729
-5863
-4892
-3261
-1626
-855
522
3048
6629
9569
11167
13020
14334
13250
10018
7600
6114
1949
-4128
-8280
-10195
-12897
-15676
-14887
-12661
-12058
-11423
-7672
-3290
-1726
-551
1408
2408
1340
802
1128
158
-1075
-1400
-1079
-844
599
2486
3035
3625
5281
6267
5308
4776
4873
3141
323
-772
-955
-2658
-4444
-4427
-4118
-4665
-4286
-2886
-2125
-2005
-1184
-416
-726
-383
37
-473
-1598
-1403
-463
-681
2877
9851
15489
16862
19095
27032
31851
31162
28825
28479
25648
16487
8681
3644
-1423
-9692
-17584
-21316
-22954
-23199
-23077
-21403
-19081
-16494
-13996
-11539
-8415
-6387
-5573
-6055
-6125
-5587
-4644
-2789
-1606
-617
1327
4997
8513
10248
12255
14321
13976
11127
8731
7491
3975
-2102
-7199
-10082
-12733
-15681
-16600
-14892
-12131
-10128
-7430
-3107
1157
3419
3328
4315
4800
2865
-147
-1758
-1874
-4194
-5986
-4924
-2603
-1279
-151
2922
5625
6825
7333
7811
7226
5537
3289
520
-1775
-3433
-4898
-6845
-7452
-6210
-5481
-5186
-3637
-967
351
478
1581
2762
2366
1008
447
-81
-1112
-1940
-661
4522
10594
14738
16479
21204
29060
32230
30627
28755
28573
23341
13071
6088
1684
-4872
-14355
-20537
-22507
-23797
-23878
-22251
-19662
-17428
-14396
-11146
-8643
-6462
-4715
-4424
-5941
-6401
-5490
-4325
-3412
-2575
-722
2141
5957
9149
11177
13529
14947
13462
10266
8362
6711
1703
-4641
-8470
-10621
-13630
-15780
-14524
-12419
-11667
-10394
-6518
-2489
-615
426
1493
2047
1192
237
-267
-895
-1693
-2544
-2374
-1073
867
2265
3145
4437
5653
5924
5392
5164
4326
2076
-382
-1557
-2113
-3539
-4832
-4996
-4515
-4403
-3952
-2648
-1280
-671
-570
-148
267
446
-238
-707
-778
-829
-834
1642
8495
14342
16528
18148
24670
31338
31152
28664
27928
26503
18302
8879
4343
40
-7780
-16546
-20319
-21495
-22640
-22534
-20725
-18295
-16531
-14081
-11404
-8889
-6988
-6095
-6313
-7048
-6614
-5240
-3390
-2034
-1034
1170
4796
8403
10360
12155
14484
14492
11487
8705
7939
5437
-679
-6090
-8347
-10245
-13488
-14735
-12855
-11450
-11701
-10166
-5860
-2640
-1986
-1408
311
933
-33
-384
94
-142
-1345
-1616
-415
1095
2144
2792
3625
4598
5258
5026
4531
4182
3010
696
-1154
-1421
-2013
-3890
-5253
-4827
-4412
-4751
-4227
-2561
-1506
-1774
-1487
-415
397
-62
-503
-397
-103
94
1604
7356
13467
16808
17830
22432
29660
31418
29436
27685
27044
21028
11536
6042
2071
-4486
-13496
-18628
-20370
-21867
-22345
-21140
-19068
-17869
-15835
-13142
-10540
-8690
-7566
-7076
-7615
-7421
-6192
-4010
-2067
-1081
642
3976
8088
10599
12014
14137
14944
12749
9707
8682
6959
1534
-4261
-7075
-8839
-12249
-14112
-12844
-11714
-12255
-11362
-7299
-4286
-3498
-2650
-907
-103
-705
-408
159
-115
-902
-975
-71
1168
2558
3242
3578
4380
5264
5052
4326
4197
3345
979
-961
-1017
-1363
-3290
-4612
-4331
-4259
-4885
-4485
-2909
-2432
-2813
-2335
-1416
-627
-884
-722
-590
-581
115
927
5487
11586
16329
18121
20490
27474
31310
30630
28277
27358
23989
15102
8233
3815
-1340
-9543
-16372
-19144
-20867
-21450
-21040
-19513
-18421
-16776
-14385
-12277
-10257
-8917
-8091
-8646
-8728
-7451
-5455
-3146
-1758
-7
2920
6857
10161
11873
13886
15227
13887
11064
9403
8094
3746
-2085
-5612
-7685
-10713
-13150
-12837
-11792
-12209
-11834
-8765
-5691
-4440
-3616
-2066
-1062
-1254
-1085
-516
-391
-788
-945
-269
1012
2545
3427
3808
4607
5437
5375
4795
4632
3881
1644
-444
-937
-1347
-2897
-4200
-4267
-4134
-4663
-4348
-3200
-2582
-2702
-2611
-1832
-1418
-1285
-1288
-1113
-1225
-907
-165
2692
8611
14058
17533
19238
24604
30434
31617
30125
28138
26600
19843
11664
6271
1392
-5070
-13187
-17726
-19826
-20805
-20778
-20079
-18684
-17371
-15327
-13455
-11567
-10010
-9060
-9209
-9791
-8960
-7238
-4891
-3072
-1389
1426
5144
9029
11498
13459
15330
15100
12678
10100
8504
5466
-232
-5115
-7110
-9023
-11843
-12901
-11183
-9971
-10835
-9279
-5464
-3553
-4166
-3807
-1576
-1956
-3538
-2915
-1509
-2014
-2996
-1239
1101
2132
3335
5158
6038
6219
6657
6487
5164
3923
2784
271
-1791
-1941
-2339
-4210
-5100
-4059
-3735
-4509
-3418
-1669
-1959
-2677
-1843
-755
-1689
-2145
-1551
-1626
-2552
-2054
-244
2790
8712
14617
18260
19983
25719
31777
32126
29834
27912
26067
18518
10181
5221
289
-6459
-14179
-18026
-19608
-19987
-19655
-19184
-17820
-16086
-14199
-13160
-11538
-9850
-9554
-10572
-10838
-9336
-7577
-5384
-3038
-779
2216
6262
10371
12665
14338
15948
15105
12217
9595
7847
4180
-1769
-6255
-8743
-11141
-13382
-13708
-11340
-9468
-8914
-6840
-3082
-35
-566
-1218
63
-541
-3304
-4844
-3455
-3627
-5899
-4789
-1109
916
1625
4427
7616
7933
7610
8449
8057
5534
3136
854
-1864
-3751
-4411
-5659
-7076
-6128
-4713
-4672
-3831
-1187
-57
-1244
-766
883
318
-1543
-1572
-1205
-2795
-3662
-2199
126
4908
11727
17037
18581
22019
29557
32631
30361
27502
26338
21388
11751
5302
1224
-4259
-11844
-17353
-18684
-18755
-18012
-17505
-16345
-14369
-12587
-11892
-11224
-9468
-9045
-10525
-11828
-10804
-9010
-7155
-4369
-1602
1258
5149
9832
13089
14479
16114
16157
13237
9547
7271
4489
-1045
-5725
-8056
-9538
-11679
-12084
-10135
-8939
-8585
-7673
-4941
-3205
-3319
-3481
-3284
-3227
-4369
-4561
-3528
-2800
-2648
-1764
877
3110
4443
5573
6836
7230
6621
5934
5050
3714
1695
-341
-1839
-2381
-2671
-3492
-3927
-3436
-2935
-3033
-2734
-1554
-1453
-2382
-2454
-1765
-1853
-2573
-2418
-1936
-2157
-2230
-845
845
5067
11363
16371
18520
20415
26972
30930
29433
26406
24672
21905
13364
6117
2388
-1732
-8333
-14976
-16895
-17001
-17165
-17330
-16640
-15126
-14177
-13648
-12947
-11390
-10562
-10957
-11677
-11004
-8825
-6338
-3417
-847
1827
5462
9375
12437
13789
14986
15235
12773
9312
6784
4743
424
-4941
-7896
-9390
-11062
-12454
-10819
-7822
-7369
-7154
-4644
-963
-950
-2734
-2162
-1804
-4026
-6245
-4742
-3399
-4809
-4700
-1284
1712
2566
4626
7530
8197
7455
7549
7397
5314
3028
850
-1744
-3609
-3956
-4568
-5908
-5464
-3996
-3814
-3607
-1585
-82
-1276
-1816
-483
-411
-2025
-2298
-1613
-2341
-3329
-2301
-537
1253
7540
14537
18184
19106
23747
31054
31341
28143
25675
24012
17775
8223
3301
-101
-5246
-12360
-16775
-16613
-16253
-16267
-16323
-14757
-13360
-13404
-13468
-12270
-11072
-11750
-12618
-12495
-10888
-8455
-5045
-1395
1127
4506
9004
12688
14454
15212
16048
14223
10083
6728
4727
1809
-3196
-7021
-8377
-9112
-10383
-10145
-8118
-7120
-7862
-7520
-4805
-3679
-5044
-5754
-4810
-4705
-5933
-4855
-2373
-1572
-1543
385
3533
4954
5687
6778
7100
6210
5351
4725
3500
2051
612
-1044
-2126
-1758
-1590
-2608
-2941
-2157
-2289
-3165
-2858
-1856
-2834
-4189
-3442
-2597
-2984
-3231
-1954
-1284
-1515
-937
465
1199
4423
11501
16481
17886
18985
25346
30119
28176
25547
24145
22153
14183
6384
3426
-79
-6163
-13332
-15732
-15551
-16455
-17195
-16807
-15245
-14979
-15218
-14357
-12623
-11773
-11913
-11925
-11085
-8859
-5815
-2210
543
2932
6609
10284
12788
13832
14706
14795
11887
8181
5740
3979
374
-4123
-6510
-7315
-8692
-10075
-9004
-7440
-7643
-8654
-7322
-5023
-5291
-6259
-5715
-4525
-5060
-5391
-3128
-1076
-739
-248
2239
4543
5149
5695
6509
6454
5305
4344
3643
2739
1395
-154
-1408
-1694
-1445
-1995
-2735
-2475
-2272
-2881
-3359
-2679
-2428
-3659
-3920
-3023
-2536
-2885
-2450
-1375
-1001
-877
-157
659
1683
7249
13823
17316
17783
20855
28093
29539
26995
24690
23846
19399
9937
4727
2105
-2296
-9486
-14843
-15277
-15761
-16584
-16780
-15626
-14720
-15032
-14940
-13879
-12419
-11996
-12100
-12038
-10516
-7628
-4093
-573
1947
4989
8661
11763
13474
14115
14857
13395
9431
6028
4249
2162
-2339
-6021
-6831
-7542
-9083
-9415
-7442
-6489
-7831
-7806
-5750
-4844
-6072
-6501
-5210
-4982
-5744
-4588
-1983
-606
-305
1222
3874
5267
5654
6167
6445
5824
4492
3471
2771
1881
472
-1006
-1506
-1165
-1387
-2171
-2242
-1890
-2410
-3225
-3021
-2488
-3197
-4067
-3710
-2871
-2781
-2569
-1453
-615
-270
115
812
1128
1534
6610
13086
16771
17164
19347
26559
28843
26547
23880
23333
19801
10307
4469
2290
-1586
-8790
-14503
-14960
-15403
-16512
-16535
-15348
-14607
-15023
-14897
-13990
-12676
-12018
-11763
-11760
-10383
-7487
-3877
-137
2583
5405
8665
11637
13335
13587
14000
12779
8831
4862
2793
1212
-2872
-7041
-8069
-8226
-9509
-10081
-7686
-4821
-5458
-6118
-3845
-1492
-2664
-4915
-3915
-3137
-5427
-6569
-3718
-1310
-2239
-1824
2250
4780
4486
5471
7715
7339
5011
4388
4436
2560
311
-944
-2102
-3040
-3087
-3031
-3541
-3174
-2397
-2840
-2948
-1758
-1383
-2686
-3165
-1668
-1646
-2597
-1828
-270
-289
-830
634
1423
933
1494
8200
14847
17110
17454
20430
27324
27817
24953
22725
21590
16858
7304
2670
1055
-3112
-9826
-14317
-13919
-14485
-15460
-15031
-14038
-13972
-14875
-14734
-14211
-13358
-12535
-11785
-11550
-9935
-6399
-2190
1620
4284
7095
10079
12110
12969
12656
12386
10457
5865
2075
507
-417
-3715
-6810
-6773
-6244
-7041
-7175
-4956
-3833
-5894
-7240
-5785
-4984
-6772
-7679
-6135
-5278
-5887
-4358
-582
1392
1426
2690
5279
6143
5555
5678
5585
4095
2308
1599
1369
748
-4
-773
-1082
-652
-451
-1098
-1589
-1522
-2355
-3653
-3703
-2985
-3342
-4232
-3641
-2328
-1897
-1298
134
1272
1186
1246
1894
1594
771
1983
8905
14413
16267
16272
20830
27933
27518
24603
22635
21803
15378
5822
2083
136
-4940
-12036
-15628
-14793
-14930
-15370
-14993
-13815
-13215
-13774
-14171
-13482
-12196
-11824
-11981
-11626
-9078
-5652
-1736
2018
4864
7721
10540
12515
12932
12396
11822
9051
4311
964
-477
-2080
-5554
-7822
-7551
-7133
-6694
-5491
-3462
-2988
-4342
-4661
-4204
-4307
-5772
-6930
-6791
-6468
-5937
-4256
-1570
558
1525
2775
4986
6435
6343
5637
5053
3997
2282
1204
1016
464
-685
-1536
-1298
-780
-822
-1147
-1458
-1843
-2608
-3188
-3198
-3072
-3441
-3649
-3197
-1968
-980
-272
693
1593
1778
2007
1975
1715
614
1532
8909
14278
16467
15627
20593
27814
26957
24035
21730
21268
14442
4667
1063
-355
-4722
-11826
-15443
-13936
-13471
-14232
-14298
-12921
-12249
-13614
-14861
-13860
-12495
-12315
-12573
-11766
-8539
-5133
-1057
2836
5913
8546
10694
12091
12073
10889
9790
7171
2698
-573
-1871
-2197
-4433
-6125
-5108
-4267
-4361
-4654
-3245
-3066
-5740
-7450
-7101
-6753
-8129
-8466
-6486
-4852
-4172
-2004
1421
3344
3517
4058
5353
5253
4167
3366
2645
1732
778
542
733
1106
1279
789
433
703
538
-864
-2159
-2546
-3164
-4464
-4620
-3538
-2828
-2902
-2148
-354
801
1097
1488
2235
2089
1284
1118
473
-189
-1221
3933
11902
16197
16892
17508
25636
28831
25920
21647
20023
17279
6933
-827
-2109
-2979
-8514
-14728
-14474
-11208
-11158
-12452
-12044
-10534
-11493
-14724
-15684
-13861
-13085
-13605
-13871
-10456
-5928
-2213
1914
5782
9151
10484
11241
11484
10355
8165
5830
2527
-941
-2840
-2906
-2990
-4404
-4118
-2652
-2199
-2975
-3031
-2185
-3758
-6663
-7751
-7285
-7456
-8332
-7104
-4764
-3364
-2267
116
2643
3383
3237
3498
3667
2896
2215
1845
1610
1349
1421
1684
1872
2266
2143
1158
242
-115
-986
-2680
-3666
-3525
-3755
-4268
-3525
-1969
-1153
-997
-5
1470
1627
1219
1175
1361
743
174
-37
-337
-979
-71
7882
14780
18492
17328
20114
27521
27366
23197
18122
17507
12267
1741
-3429
-2572
-2864
-8970
-13721
-11304
-8072
-9256
-11770
-11673
-10733
-13175
-17432
-17368
-14569
-13132
-13792
-13033
-7263
-2294
1267
4135
7776
10242
9649
8965
8429
7178
4709
2293
33
-1553
-1756
-662
-497
-1622
-1443
-969
-1678
-3376
-4165
-4478
-7159
-9272
-9072
-7564
-7223
-6879
-4403
-2144
-1096
-67
1902
2703
1908
1249
1503
1345
907
1206
1662
2048
2613
3369
3587
3231
2977
1929
139
-1103
-1607
-2811
-4365
-4293
-3284
-2995
-2755
-1256
211
287
75
894
1279
645
-130
-136
-268
-445
-68
306
215
52
720
7619
14974
19198
17963
17767
24883
26124
22088
16032
15535
13125
3267
-3133
-2109
40
-4794
-11205
-10848
-7219
-7724
-11339
-13171
-12218
-13015
-17406
-19056
-15651
-11961
-11562
-12566
-7706
-1490
1877
3233
5531
8646
7967
6236
5579
5721
4561
2403
678
23
322
900
709
-671
-1248
-1996
-3613
-5648
-6602
-5658
-6562
-7541
-6829
-4216
-2271
-2964
-2184
-566
-320
-2041
-2578
-1206
-1254
-2692
-2315
-14
1288
1820
3101
4918
5312
4978
4792
3753
2451
1018
-657
-2442
-3005
-2246
-2711
-3305
-1931
5
37
-524
603
1334
63
-1087
-423
-38
-779
-994
-116
594
875
1473
1973
1392
1108
37
3390
10493
16076
16878
13510
19309
24462
23239
16967
14092
15451
8361
-584
-3597
-514
-1291
-8210
-12035
-9735
-6773
-8585
-12622
-13189
-11665
-13574
-18178
-18045
-13137
-9787
-11965
-11328
-4826
1028
3051
3075
6534
8574
7293
5149
4556
5404
4309
1718
-280
48
1779
1959
466
-330
-189
-1001
-3222
-4532
-4367
-5246
-7732
-9198
-8015
-5740
-5199
-5231
-4182
-2221
-1302
-1576
-751
539
711
-358
-387
1389
2853
3135
3086
3464
4120
4097
3420
2599
1970
1132
-537
-1758
-1529
-958
-1446
-2220
-1639
-551
-353
-413
30
255
-255
-811
-586
-380
-30
-14
122
221
897
1722
1701
1070
675
-114
2898
9909
16202
17862
14322
18664
23219
23645
17379
12572
13509
8264
868
-4608
-2149
-51
-4901
-10164
-10948
-6851
-6683
-11631
-14814
-14369
-13749
-17904
-19997
-15949
-10116
-9218
-10203
-6514
443
5039
4675
5127
6110
7009
5264
3020
3326
3956
3894
1499
505
2204
3827
3342
441
-1261
-2067
-3357
-5525
-7452
-7315
-7088
-7878
-8721
-6852
-3244
-1365
-2405
-2920
-1555
-609
-1029
-1947
-1235
-466
-53
379
1336
3537
5306
5612
4185
3502
4396
4202
2145
-94
-347
-313
-1232
-1777
-1120
-38
-116
-844
-1101
-439
366
-28
-1471
-2210
-1282
-551
-707
-676
479
1724
1374
1217
1478
2120
1524
232
-1262
1831
9200
16370
18041
14704
17963
22237
24351
17944
11927
10939
7505
2500
-4700
-4478
-2022
-2623
-6838
-11340
-9131
-7021
-8500
-13842
-17365
-16223
-16699
-17414
-17263
-13099
-8510
-6220
-4292
-1662
2853
6070
7001
4966
3350
3245
3967
3679
2506
2656
3363
4098
3494
2904
2816
2339
344
-3913
-7033
-8187
-7509
-7044
-7509
-6653
-5857
-3550
-1996
-916
-814
-1746
-2127
-3556
-3978
-3723
-2115
-982
-476
849
2744
5115
6349
6749
6061
4754
3787
2702
1676
627
176
11
-311
-350
122
867
967
425
-724
-1485
-1664
-1506
-1665
-2115
-1927
-1189
-195
477
1339
2066
2360
2119
1655
1238
946
492
-82
-1119
-1179
3744
10934
18116
18093
16505
17344
19548
20489
13905
9078
4314
2587
-510
-4203
-4086
-3941
-2160
-4740
-7108
-8590
-9419
-9549
-13055
-15341
-18055
-18128
-15889
-13281
-9471
-7834
-4351
-1342
1458
2823
2917
3946
3448
2556
533
179
1660
3396
4428
3886
3836
4159
4164
3007
556
-1965
-4449
-6319
-7647
-8138
-7732
-6206
-4402
-2950
-1751
-419
1080
1094
328
-1432
-2747
-3828
-3772
-2601
-1556
-21
1426
3617
4780
5363
5718
5476
4719
3070
2059
1322
977
1036
1091
1225
962
1132
1122
738
-46
-1029
-1779
-2580
-2671
-2448
-1931
-1320
-488
481
1309
2093
2681
2865
2501
1967
1408
981
671
622
471
217
-120
-9
2728
7511
13385
15604
14613
13161
12331
12677
9974
7234
3457
1189
-139
-1041
-609
-1584
-1446
-2673
-3264
-4779
-7100
-9084
-11839
-12714
-13950
-14019
-13297
-11449
-8237
-6294
-4092
-3018
-1664
-1201
-1364
-1254
-1894
-1676
-2090
-1476
-722
560
2464
3664
4713
4498
4076
2943
1455
-51
-1688
-2714
-3619
-3551
-2963
-1795
-417
366
962
724
161
-1236
-2901
-4134
-4772
-4588
-4018
-2648
-924
937
2512
3554
4140
4010
3602
3035
2455
2022
1587
1531
1626
2073
2687
3200
3403
3078
2644
1875
973
-9
-698
-899
-929
-524
99
897
1526
1874
2131
2047
1848
1362
861
339
0
-13
20
82
15
157
353
547
418
5
-591
-1028
-349
1419
4031
6169
7688
8639
8798
8183
6495
4531
2374
703
-210
-147
491
937
978
491
-119
-1171
-2573
-4232
-5757
-6968
-8013
-8659
-8890
-8622
-8142
-7492
-6543
-5460
-4409
-3907
-3748
-3891
-4090
-4234
-4293
-3937
-3299
-2227
-932
491
1768
2552
2780
2506
2019
1455
867
466
300
611
1256
2124
3024
3491
3575
3030
2162
990
-268
-1259
-2083
-2461
-2466
-1743
-661
486
1457
2090
2440
2268
1970
1493
1088
783
682
796
1025
1529
2068
2556
2792
2948
2884
2538
2021
1285
726
286
270
503
837
1384
1723
1903
1640
1081
457
-279
-891
-1320
-1382
-1087
-763
-447
-75
212
403
309
166
-51
-442
-763
-1017
-1096
-1116
-1104
-1025
-987
-988
-892
-672
-166
476
1145
1710
2082
2278
2111
1676
980
271
-349
-589
-427
9
559
1077
1530
1627
1230
375
-653
-1613
-2502
-3265
-3674
-3591
-3112
-2578
-2054
-1683
-1536
-1719
-2123
-2570
-2995
-3250
-3339
-3148
-2719
-2048
-1299
-666
-197
120
313
316
144
-126
-366
-498
-506
-370
-87
420
1012
1567
2014
2292
2382
2143
1782
1475
1318
1318
1419
1696
1992
2212
2322
2267
2020
1561
1060
679
482
452
552
743
938
1116
1140
1036
783
454
127
-229
-373
-445
-421
-407
-370
-195
-38
188
269
296
259
206
238
238
283
172
49
-38
-64
-120
-258
-277
-316
-432
-701
-886
-936
-983
-1049
-1177
-1267
-1319
-1318
-1298
-1301
-1243
-1239
-1356
-1531
-1648
-1636
-1538
-1191
-594
87
734
1349
1945
2339
2457
2320
2024
1709
1499
1426
1475
1628
1891
2194
2411
2484
2303
1811
1065
174
-689
-1492
-2130
-2533
-2710
-2586
-2359
-2059
-1878
-1762
-1696
-1784
-1955
-2169
-2213
-2139
-1986
-1695
-1248
-742
-308
20
294
422
383
252
101
-23
-51
154
558
948
1231
1463
1645
1680
1454
1124
741
400
117
-22
35
175
395
527
606
581
482
354
211
156
92
79
151
326
463
486
551
672
809
797
669
468
275
255
286
292
164
30
-30
-71
-77
-116
-112
-151
-240
-407
-642
-828
-986
-1067
-1083
-981
-797
-636
-485
-433
-464
-530
-516
-452
-413
-339
-169
89
331
522
609
573
450
304
148
22
6
143
340
504
659
840
1058
1215
1280
1240
1160
1110
1109
1147
1118
1054
964
915
888
872
903
920
869
617
192
-351
-912
-1461
-1926
-2190
-2196
-1988
-1688
-1312
-972
-768
-818
-1026
-1251
-1466
-1678
-1838
-1769
-1512
-1189
-883
-576
-330
-289
-418
-569
-654
-736
-807
-746
-545
-279
-51
188
491
769
952
944
838
647
468
379
338
378
467
679
889
1031
1152
1186
1023
573
118
-83
-93
-10
65
180
243
219
220
178
192
249
350
291
20
-120
-60
110
191
375
706
905
948
894
910
878
730
535
310
181
216
345
404
281
126
101
105
47
-78
-64
-26
-148
-333
-488
-469
-468
-453
-361
-250
-137
-123
-40
-11
-113
-318
-514
-526
-485
-367
-225
-61
90
135
156
164
236
323
341
311
321
380
399
373
357
360
301
204
101
33
-61
-209
-364
-508
-625
-732
-809
-867
-908
-935
-933
-943
-973
-1019
-1002
-884
-807
-827
-892
-799
-727
-776
-774
-599
-378
-478
-678
-725
-537
-336
-259
-70
88
144
58
-5
33
71
25
-235
-399
-208
245
622
705
707
822
1006
957
712
617
676
659
513
565
875
1342
1672
1610
1330
1103
1043
1002
998
1037
1059
1049
954
886
924
965
814
599
449
292
149
-3
-138
-170
-162
-267
-472
-651
-735
-630
-453
-430
-484
-474
-428
-424
-404
-441
-607
-663
-517
-304
-125
-29
-7
-4
-80
-287
-455
-570
-599
-418
-261
-298
-332
-317
-429
-573
-670
-785
-762
-561
-458
-458
-401
-375
-468
-582
-611
-509
-323
-253
-238
-125
-78
-101
-104
-182
-242
-25
159
101
184
354
357
301
359
489
435
178
72
129
27
-161
-199
-117
-74
-43
25
-77
-200
1
129
-126
-408
-395
-181
-36
-22
71
249
440
729
795
673
673
596
568
693
578
646
1097
1050
727
634
499
406
454
473
383
105
3
186
-35
-387
-445
-491
-173
305
162
-43
-42
-240
-294
-164
-1
124
151
444
512
-2
-109
-36
-435
-397
76
262
330
364
210
-127
-394
-500
-639
-661
-377
-238
-317
-324
-466
-759
-783
-445
-305
-516
-605
-597
-650
-552
-526
-750
-820
-719
-501
-109
67
47
139
229
182
12
-213
-339
-240
31
253
372
553
682
665
653
353
-187
-210
100
61
-43
83
176
251
376
383
255
247
333
189
2
100
248
313
337
330
531
784
721
553
526
515
460
396
311
180
121
184
97
-172
-355
-311
-150
-131
-228
-268
-466
-722
-558
-296
-328
-358
-321
-387
-370
-89
173
133
-20
-65
-97
-104
-131
-233
-191
-115
-182
-40
338
409
188
39
-39
-181
-256
-164
-220
-403
-295
-174
-315
-200
76
90
56
-63
-338
-404
-169
3
-156
-308
-118
48
42
94
34
-47
222
546
496
173
5
105
52
-147
63
434
461
455
514
367
243
145
-193
-414
-294
-253
-270
-73
68
-1
12
198
342
355
189
-97
-123
79
100
119
201
137
256
503
488
492
521
298
123
70
-88
-184
-101
29
97
21
-100
-117
-99
-157
-228
-225
-263
-356
-302
-267
-369
-291
-59
14
8
2
-48
-55
-74
-143
-157
-204
-263
-174
-48
56
244
282
11
-178
-186
-278
-322
-278
-386
-477
-319
-203
-242
-233
-230
-294
-307
-290
-285
-248
-182
-18
205
267
127
-7
-52
-35
6
79
274
451
394
354
539
577
416
384
420
349
286
292
241
192
198
196
165
90
1
-42
-75
-168
-264
-243
-93
-3
-58
-122
-130
-92
10
108
110
75
88
136
221
311
349
312
226
168
127
-11
-122
-45
18
-23
-38
-119
-260
-212
-36
-36
-187
-265
-254
-297
-368
-393
-395
-310
-121
35
82
49
-2
-9
8
4
-7
9
21
10
103
303
395
377
352
272
173
97
5
-65
-69
-45
20
85
77
15
-83
-153
-166
-222
-290
-297
-354
-487
-529
-407
-301
-297
-272
-176
-83
-21
-53
-184
-267
-268
-189
12
184
193
173
184
139
53
43
64
52
48
82
110
121
108
30
-55
-56
-38
-52
-17
60
96
139
257
340
283
206
260
353
344
321
393
474
523
554
556
527
451
363
314
269
196
117
78
72
64
50
-4
-135
-257
-254
-201
-223
-305
-393
-468
-480
-438
-422
-434
-421
-386
-354
-328
-321
-359
-389
-369
-308
-237
-165
-125
-137
-174
-197
-184
-158
-165
-185
-151
-45
69
148
149
82
34
47
76
70
50
48
90
167
234
243
209
191
223
290
329
287
196
135
142
179
182
130
76
73
109
136
128
68
4
-13
6
25
11
-36
-79
-99
-110
-131
-157
-143
-100
-45
6
35
41
42
45
57
75
109
139
141
121
97
106
145
173
172
154
126
93
51
6
-41
-78
-89
-86
-76
-65
-64
-73
-91
-118
-147
-171
-167
-140
-104
-75
-53
-37
-18
3
24
40
36
26
18
7
-8
-34
-59
-70
-72
-74
-87
-111
-128
-120
-88
-57
-54
-78
-111
-138
-153
-172
-202
-220
-198
-139
-64
-3
24
19
8
5
1
-11
-30
-45
-24
31
101
155
178
182
188
198
198
184
161
140
135
144
148
138
117
96
87
88
86
72
47
22
2
-16
-26
-34
-31
-15
13
51
85
109
115
113
110
104
99
90
73
56
43
31
20
7
-6
-21
-38
-53
-66
-80
-97
-112
-125
-137
-140
-140
-141
-143
-141
-131
-116
-98
-85
-72
-58
-44
-38
-34
-37
-41
-43
-38
-32
-29
-26
-25
-21
-19
-15
-14
-17
-16
-14
-9
-4
-4
-5
-8
-8
-8
-9
-8
-8
-4
2
11
18
20
15
10
8
6
3
3
6
13
27
36
46
58
64
67
67
61
57
53
48
49
50
48
48
46
46
38
26
12
3
0
-2
-7
-12
-13
-10
-3
2
8
11
19
31
38
47
47
46
40
37
32
27
23
15
12
9
6
0
-6
-11
-14
-19
-21
-21
-19
-19
-18
-15
-14
-12
-9
-5
-4
-4
-8
-12
-18
-24
-31
-41
-53
-60
-61
-61
-64
-65
-63
-62
-62
-61
-55
-52
-48
-44
-36
-26
-15
-2
7
14
19
20
19
16
14
13
12
12
13
15
17
18
19
16
12
11
10
11
15
15
19
23
25
25
25
24
22
17
10
5
1
-2
1
0
4
6
7
11
12
16
16
15
15
16
16
22
22
22
21
22
24
22
19
16
15
13
12
11
10
8
3
1
-3
-6
-8
-10
-11
-12
-14
-11
-11
-11
-11
-12
-12
-12
-10
-10
-5
-2
0
5
6
5
1
-2
-4
-9
-14
-17
-20
-23
-22
-20
-19
-19
-20
-17
-19
-22
-24
-25
-20
-17
-14
-12
-6
-2
1
3
0
0
-2
-6
-4
-4
-3
-1
-2
4
6
7
11
11
12
12
10
12
13
17
20
22
25
27
25
24
22
15
12
8
6
3
-1
2
0
0
0
0
0
3
2
0
-1
-4
-6
-8
-10
-10
-13
-14
-11
-11
-7
-5
-6
-5
-6
-6
-3
-2
-1
0
1
3
6
7
10
14
14
14
15
16
15
13
10
4
4
1
3
0
-4
-4
-6
-7
-11
-13
-15
-20
-25
-26
-28
-26
-21
-21
-16
-15
-11
-8
-6
-3
0
-1
2
6
10
11
12
13
14
17
17
21
22
21
22
18
18
19
16
13
11
8
6
3
1
-1
-2
-3
-7
-9
-9
-10
-10
-13
-14
-12
-10
-12
-12
-8
-3
-3
-2
1
3
4
4
4
4
5
3
0
0
-2
-4
-2
-6
-9
-8
-10
-12
-17
-16
-16
-16
-16
-14
-12
-10
-6
-4
3
3
4
6
7
7
9
11
10
13
13
16
15
13
12
14
13
9
10
10
7
8
6
6
7
6
3
2
2
0
-1
-1
-2
-2
-3
-4
-3
-3
-3
-3
-2
-2
0
-1
-1
-2
-3
-2
0
-3
-4
-2
-2
-2
-1
0
1
-2
-1
-1
-3
-2
-4
-6
-8
-10
-8
-6
-8
-7
-5
-3
-3
-2
-2
-2
0
0
2
3
4
5
5
3
3
2
2
1
0
-1
-4
-5
-6
-6
-5
-4
-3
-4
-3
-3
-5
-1
-1
1
3
4
5
5
6
6
6
5
4
6
5
6
5
4
3
3
1
0
-2
-1
0
0
-1
-1
2
2
0
0
-2
0
-1
-1
-1
0
2
3
4
3
4
4
4
7
6
3
4
3
1
1
5
6
6
5
7
5
2
2
2
1
-3
-4
-6
-8
-7
-6
-7
-8
-9
-8
-6
-6
-7
-6
-7
-6
-4
-3
-1
-3
-3
-1
-1
-3
-2
-1
-2
-3
-3
-3
-2
0
-1
-3
-3
-4
-6
-4
-5
-8
-9
-10
-8
-6
-4
-3
-5
-2
-1
1
2
4
5
5
7
8
9
11
12
13
14
14
14
16
14
11
8
6
6
4
3
3
1
1
1
0
-1
-3
-5
-5
-7
-7
-8
-8
-9
-7
-5
-3
2
3
2
3
4
6
7
10
8
6
5
7
8
6
9
5
5
4
2
2
1
-3
-3
-4
-7
-5
-5
-9
-6
-4
-4
-2
-5
-4
-7
-5
-1
-3
-4
-1
-2
-3
-1
0
0
0
-1
-2
-3
-1
-2
-2
0
-2
-5
-3
-2
-5
-3
-3
-5
-4
-6
-6
-4
-5
-4
-5
-7
-7
-2
-3
-2
-1
-3
-2
-2
-1
-1
1
1
1
3
4
5
6
5
5
6
5
6
4
4
5
4
3
6
6
4
6
6
6
5
6
5
3
4
2
2
3
1
2
1
-1
1
0
-1
3
0
-2
-1
-3
-3
-2
-2
0
-3
-3
-1
-2
-3
-4
-5
-4
-2
-5
-4
-2
-2
-3
-2
1
1
0
-2
-1
0
-3
-3
-3
-2
1
0
1
4
4
0
2
0
-1
0
-2
-2
-2
0
-3
-3
0
-3
-2
-1
-1
0
-1
-5
-1
2
0
-1
-1
-1
-1
1
1
-2
-1
1
1
-1
-2
-1
-1
1
-2
-1
-2
1
2
0
1
1
3
4
4
5
4
1
2
1
3
2
1
1
1
2
2
1
-1
1
-2
-1
0
0
2
4
3
2
3
2
3
0
0
1
-1
1
0
2
0
-1
1
1
1
-1
-1
-1
-4
-2
0
-2
-3
-1
0
0
-2
0
-2
-3
-2
-4
-3
-2
0
1
4
3
0
1
-1
3
3
1
1
0
-1
-5
-3
-1
-2
-1
-3
-4
-1
-2
-4
-2
-1
-2
0
0
-2
-2
-2
0
0
0
0
0
0
1
-1
-2
0
0
2
1
3
4
5
3
4
5
4
5
4
0
-1
3
1
1
1
1
1
0
0
1
-1
-1
-1
-2
-1
-1
0
0
0
-1
0
1
-1
-1
-1
-1
-4
-2
2
0
-3
-3
-3
0
0
-1
0
0
-1
-2
0
0
1
1
1
0
0
1
2
1
-3
1
2
0
3
3
2
2
0
-2
-1
-3
0
0
0
1
0
1
1
-1
0
-1
-1
-2
-3
-2
0
-1
0
1
0
2
2
2
2
2
1
0
1
1
0
-1
2
2
2
1
3
-1
0
1
-4
-1
-1
-1
0
-2
-2
-3
-4
0
-2
-3
-3
-4
-2
-2
-2
0
1
2
0
1
0
