SAMPLES:	7073
BITSPERSAMPLE:	16
CHANNELS:	1
SAMPLERATE:	16000
NORMALIZED:	FALSE
1
-1
0
-3
-5
-2
-4
-1
-3
-4
-2
-4
-2
0
-5
-5
-3
-2
-1
-4
-5
-4
1
1
4
5
3
0
1
5
1
1
3
3
0
3
6
4
2
5
5
5
3
3
2
1
2
-1
-1
1
0
0
1
2
3
2
3
1
0
1
-3
-1
3
2
3
2
4
6
-1
-3
-2
-1
-1
-2
-4
0
-3
-1
2
0
-1
1
0
-2
1
-3
1
1
0
2
-2
1
-2
-3
-6
-7
-5
-3
-6
-5
-1
0
4
3
2
-1
1
1
0
-1
1
-2
-3
0
-1
-1
1
1
-1
0
3
0
-1
-1
-2
-1
0
-1
-2
-5
0
3
0
0
2
4
4
0
0
2
0
4
5
5
2
-2
0
1
1
3
4
2
7
3
-3
-1
5
2
-5
-2
-2
-5
-7
-2
1
0
-2
-2
-2
-3
0
-2
1
4
1
1
1
4
1
-1
4
7
0
0
3
0
-1
-1
3
2
4
3
0
0
-3
-5
-5
0
0
-5
-4
-1
-2
-3
2
6
4
-1
-1
-1
-2
-3
-2
-2
-5
-6
-4
-4
0
-4
-5
-1
-4
-4
-2
-1
1
-4
-6
0
4
2
2
7
5
-3
-3
3
4
4
2
2
2
4
4
7
5
0
0
3
6
2
2
2
-1
4
3
-7
1
3
2
-2
-2
1
1
-5
1
5
-3
0
0
2
-1
-1
1
1
-1
3
-2
-5
-3
-3
-4
-2
-2
-2
-5
-4
2
-2
-3
0
-4
0
-1
-1
-1
-3
-1
-2
2
-5
-3
0
-2
-1
-1
-2
-1
2
2
2
4
7
6
2
-5
-4
1
3
3
4
2
-1
4
6
6
3
-2
-3
0
0
-4
-1
0
-3
-2
0
1
-4
-3
0
-1
2
-2
0
1
-1
2
1
-1
-1
3
3
0
-3
0
3
-2
-2
2
1
-4
-5
-1
3
5
2
3
1
0
1
4
0
-2
2
-1
0
-2
-2
-2
-1
2
-2
-2
-3
0
0
1
0
2
5
0
1
-1
-2
-1
-2
-1
-1
-2
-2
2
-2
0
1
-1
2
-1
1
2
1
2
3
1
5
-2
-1
-4
0
0
0
7
1
-2
1
2
1
2
1
2
0
2
2
0
0
-2
-1
-3
-6
-2
1
-4
0
-3
-1
0
1
4
5
3
1
1
-1
-3
-5
-6
-6
2
-1
-8
2
2
-6
-1
-4
-4
-2
1
-2
-8
-2
-1
-5
1
3
-2
4
5
3
1
2
2
4
6
2
2
2
0
-4
2
3
1
4
5
4
4
4
1
2
4
0
-3
2
2
3
-1
-1
-1
1
5
0
1
3
-1
-1
-1
2
0
-4
0
-1
-4
-1
1
0
-2
-4
-3
0
2
1
-1
-1
-2
0
-1
1
-2
-7
-3
-4
-1
-3
-3
0
-5
-2
-1
-5
-1
2
-1
-3
1
4
0
3
4
5
2
4
3
3
0
2
1
1
5
7
1
-2
7
5
-3
3
6
-1
-2
3
0
-7
0
1
-5
1
2
-1
0
-1
2
0
3
-1
-8
-1
3
0
-1
1
-1
2
1
4
2
-2
-1
4
3
-1
-4
-2
1
-3
0
1
-2
-4
0
0
1
0
0
-1
-6
-7
-3
-6
-2
3
2
2
2
2
-1
0
-1
2
-1
-2
-4
0
-4
-3
-2
-4
-4
-2
2
-2
0
2
9
2
-1
6
6
1
4
9
-1
-1
2
0
-4
-1
-1
2
2
-3
2
21
7
-10
2
9
-1
-10
1
-4
-2
4
1
-4
-4
2
2
1
2
4
0
1
0
-2
2
0
-1
-1
-1
0
-2
1
0
0
2
4
4
5
2
0
-7
3
4
-7
-5
2
2
-6
-4
3
5
-2
172
184
-199
-251
141
122
-238
-44
141
-118
-97
134
-8
-153
32
71
-74
-53
56
8
-53
-3
21
-28
4
44
-11
-7
43
-1
-13
47
14
-8
34
21
8
52
23
-12
39
56
5
-6
24
25
23
25
20
33
34
-8
-20
13
-18
-57
-5
19
6
56
69
-2
-34
-41
-47
-17
-16
-54
-86
-84
-44
-55
-100
-37
-33
-146
-91
11
7
35
8
-126
-111
-33
-37
-29
69
123
-36
-170
-43
-15
-161
-67
-148
-170
-124
20
199
157
184
3825
6635
2646
-953
1019
1234
-1442
-1329
-2044
-3448
-3202
-2388
-2448
-3048
-4010
371
4264
843
-1354
912
-59
-2514
-841
-39
-247
-763
-657
334
-230
-2255
606
2809
176
1367
5926
3656
-176
56
-224
75
1322
1038
407
-65
-2739
-2327
173
-1118
-2320
69
875
-1013
-591
362
-1812
-1965
-722
1006
1118
799
247
1384
112
-2438
1178
2912
1482
935
2957
452
-78
-136
307
1779
2841
-240
357
2492
-1233
-1007
1587
508
-2411
2405
2844
1347
-3212
-3517
649
1371
-1233
529
1125
-3137
4
2979
1025
868
5046
1841
-2152
1540
3355
-5029
-6698
-2018
-199
-4289
-5140
-3207
-2729
-4598
-3838
1091
-180
-1795
964
1087
-4375
-1224
614
1539
1767
-1142
343
4725
1442
-1287
1707
4938
4161
-654
1832
7602
4277
-3696
-3131
3153
5923
3733
3049
-134
-5236
-6026
743
4047
-2453
-8352
-2651
1737
-3737
-5310
-1872
-2798
-4520
593
5524
172
-5747
-1068
606
339
4808
5358
-229
-1618
-288
166
746
1818
2038
-220
1114
4017
-151
-1762
1434
-1900
-802
4858
3870
-530
-2482
-1855
-1796
-50
3076
2926
283
-423
-2494
-1845
1825
2243
268
-763
-425
1332
1936
-1108
-1530
650
172
-19
4809
2501
-2894
-2115
-2348
-1345
2797
1102
-966
-961
-4317
-4207
839
1942
-1928
-2084
406
-494
-900
1124
-1533
-2747
308
73
-275
2816
-104
-4088
-337
1883
826
1869
2290
-111
-1269
-328
1103
961
1
544
622
-739
-110
-266
-1790
1375
-27
-2913
3134
3334
-3140
-2760
597
236
-816
1801
2672
-3080
-2423
1863
2
-988
1112
1013
-1690
-722
2605
-277
-1930
893
-581
-65
1596
1447
1356
-2321
-2277
1668
-175
864
3765
-1872
-3887
2435
2128
-1885
1326
3278
-1611
-2315
3150
3198
-2312
274
3749
-3299
-2050
6294
646
-4569
1691
1556
-3284
153
3475
-1312
-3657
634
583
-3056
698
2393
-4550
-2705
2714
-2168
-1531
1756
-2854
-1392
982
-1919
1345
1197
-3532
909
2348
-2779
390
3717
-1748
-2804
2303
1955
-1998
-811
2374
36
-3527
-188
2669
-1889
-2514
1247
-620
-2037
-443
69
341
-2279
-2792
1922
1372
-1259
480
452
-1008
-241
2484
3595
471
-686
1784
2410
2244
2558
1357
257
1478
2213
1413
2641
2087
-1626
-330
2935
1180
24
1301
-354
-1155
1444
1380
-223
-20
-792
-1308
394
1730
1425
-883
-2621
-314
1560
68
-797
-439
-853
-2372
-2579
673
1271
-3634
-3633
984
-126
-1988
140
-153
-1146
-18
-203
731
3092
937
-2666
-784
1737
-206
-467
2149
722
-2224
-1084
201
-708
-883
-44
821
1020
429
-110
-1413
-2812
-804
1625
105
-1197
-1929
-4843
-4176
-212
-943
-2955
-1590
-1597
-2776
-587
1491
-487
-975
1327
1020
666
2508
1970
-138
-657
10
1332
1289
205
845
453
-2908
-3316
1234
2374
-1657
-1935
-147
-1894
-306
3753
1098
-3271
-2661
-1157
-71
2540
2833
-1846
-4650
-1334
994
-96
-158
-912
-2931
-1392
2391
3377
2106
902
290
1094
3304
4411
3321
2694
2720
1648
2170
5770
7721
5188
1648
1068
2958
3980
4099
4864
2918
-1539
-914
3036
2020
-1882
-3620
-3249
-478
2035
704
-1083
-2281
-4709
-2987
2156
705
-2773
-163
-413
-4217
-2421
-2016
-6532
-5085
-54
614
797
1244
-185
-1176
-1829
-3054
-2849
-1407
-1749
-4081
-4382
-1179
32
-1902
-943
1968
624
-2193
-1331
-265
-1507
-1973
-862
166
-347
-2909
-3954
-1878
-960
-1601
-500
-660
-4343
-6049
-4042
-3197
-4083
-3625
-2636
-3204
-3765
-1654
1579
2435
1714
2391
4117
4895
3133
807
3215
7332
7342
7634
9862
8794
6379
6317
8422
10993
9717
6634
7569
8167
4665
3116
3954
2385
1143
2511
2457
-306
-3636
-6594
-7992
-6811
-4694
-4503
-6507
-8064
-8688
-9291
-8489
-7214
-6909
-5882
-4006
-2111
411
1941
-218
-3391
-2272
832
857
2222
4883
1575
-1646
2041
4596
3621
4292
2530
-2096
-1069
4892
5719
358
-2219
-71
128
-530
3182
3472
-3811
-5216
1745
3519
1704
1503
-2272
-3835
1079
2735
191
-1735
-3360
-1198
2661
1778
-615
-1376
-1474
-716
-320
44
2638
402
-6569
-3979
2721
-105
-3463
433
1094
-4382
-4797
829
940
-1402
827
-139
-612
3032
920
-5467
-4225
1017
-1659
-2127
5561
4202
-3124
477
3713
210
530
3332
3283
2321
4622
3359
-313
3012
4670
-1943
678
8725
3975
-2853
827
8054
3968
-3718
-2082
3087
1709
-1851
-2341
-175
829
-2601
-3624
-2588
-928
-303
252
-2316
-6618
-4279
196
-1831
-4054
-1594
-2243
-1535
-2785
-7228
-2933
5402
-1472
-10292
-1727
5253
-2336
-8575
654
4731
-5602
-6259
5274
2524
-5873
164
3041
-1452
-583
3005
1283
2107
3899
-1043
-570
6987
6777
-319
247
6354
5089
-147
2080
6190
4685
2017
1170
3557
3010
551
4322
3503
1355
4187
393
-764
5208
-272
-4557
4000
3756
-2920
-280
2536
-2245
-2647
98
-380
553
820
-1471
-2659
-1576
215
-512
-3924
-2010
858
-554
-2031
-2250
-892
-1705
-3682
-2243
-1562
-1515
296
-2382
-5404
-4198
-3
1718
-4210
-4661
1608
-228
-3715
-564
845
-46
-1107
-2521
-1671
1758
3741
-218
-4248
-969
2334
186
-832
-1276
-1559
1716
1817
-3277
-2360
3824
2120
-4158
-1963
3003
1978
160
-638
-936
1049
854
-1052
325
581
-772
278
-320
-2101
-186
1183
-477
-828
1140
1169
-403
325
435
1205
4154
2372
-811
1273
4436
2638
-1247
1960
5338
1618
1644
2707
282
1876
3776
2657
633
54
3311
3578
352
-847
-198
2484
2039
-741
1117
1787
-1004
-1073
-56
-1019
-463
663
-2255
-4008
-854
-437
-3839
-4933
-3179
-1970
-3855
-5094
-3556
-3211
-3412
-4183
-5434
-2454
-409
-2468
-2341
-1790
-1511
86
738
2463
2655
-11
-39
4533
7727
2420
-286
4748
6226
3366
1577
2483
3455
4872
3980
-2218
-1901
4461
3093
-4148
-5307
544
2008
-843
-3772
-5976
-1585
535
-5434
-6023
-24
2774
-2681
-7115
-1439
2012
-2752
-5151
-735
3249
404
-2943
-1457
2072
2239
-2235
-1216
4432
4446
1468
-51
1423
3198
2692
2728
1107
60
3951
3715
-2585
-1776
3445
1808
-2809
-5050
-1323
3782
-1281
-5748
-2436
-1514
-1812
-3300
-4658
-1542
675
-2088
-5569
-1682
876
-2994
-2821
-3442
-2423
1812
-2306
-3765
2044
-1307
-6064
-211
2071
-717
630
1562
1206
1519
2332
2706
2545
5413
6952
3946
3141
6566
8741
5373
2513
5367
7108
6683
6289
4424
2936
2096
4740
7006
706
-1844
3766
4628
1215
-2659
-2423
2447
2166
-2140
-5065
-1910
4067
-1150
-8529
-5717
-397
2152
-2063
-8004
-6313
-1920
-252
-4125
-9678
-3698
3228
-4103
-9653
-4170
-52
-2852
-5219
-5567
-4088
1854
303
-7703
-6278
207
1434
-3258
-4613
-257
1133
-797
-4219
-4491
1496
4947
897
-3516
-2176
1141
3188
1572
-3128
-1119
6768
6747
-2096
-4801
2811
5939
683
-1155
2095
4945
4992
1470
-2613
-928
4294
3582
38
2652
5732
1831
-1259
823
1299
570
2525
5725
3566
-3726
-958
6360
2381
-2186
-53
2296
2079
1423
1613
118
-316
487
-231
876
1160
113
1299
751
-960
-1625
-892
2037
1760
-803
-552
-1155
-1278
2052
1282
-2537
-669
1075
-1407
-545
1197
-1728
-3192
130
456
-3395
-2010
1673
-402
-5117
-6077
668
4140
-3746
-6510
-1602
-483
-625
-2568
-4035
21
711
-3257
-3475
-945
-1021
-731
2437
-586
-5804
-908
4562
1570
-3528
-3320
2391
4073
319
-694
553
373
-1069
96
4022
3723
-251
-1647
797
3207
991
-1884
761
5229
3642
-3192
-3076
4454
4224
-1888
-1585
2006
3280
1785
-2164
-2115
2886
3549
-717
-1508
1752
1895
-1088
-653
1846
1395
205
581
142
-196
1635
1030
-2510
-737
3588
1733
-1128
-30
243
-683
-1289
-1734
1599
4234
-431
-3984
-2052
60
1766
697
-2626
-2078
491
317
-1175
-865
61
-953
-2312
-1786
-69
817
702
-674
-2888
-2367
-230
815
1597
137
-2710
-3001
-405
2836
1451
-2730
-1840
778
155
-1659
-1556
1786
1654
-3273
-3537
680
3354
931
-4996
-3992
2566
3245
-598
-3241
-1595
1857
691
-1444
-1278
275
3290
1057
-4166
-1827
3042
3237
-128
-3154
643
4025
-795
-1831
2142
1429
484
312
-1076
2123
3896
-1247
-2329
2038
3237
1844
-970
-1987
3046
4884
-542
-3509
524
6336
4148
-4238
-3981
3620
5418
1665
-2048
-2261
2620
4768
-950
-4626
-159
4737
3455
-1398
-3317
-1047
883
711
-425
-956
395
790
-1495
-2569
-674
1849
1799
-1968
-3458
1313
4491
1142
-1957
-537
1599
1833
1711
2124
2588
2214
30
-1546
726
4009
3328
-263
-2109
-1264
-121
41
-1139
-2598
-2711
-2524
-3008
-3936
-4529
-3344
-3564
-6465
-5883
-2946
-3640
-5554
-5964
-5733
-3974
-2415
-3988
-4595
-1796
-2011
-4912
-2654
1161
-302
-3005
-1171
4634
4544
-4049
-5373
3867
8050
3590
-1860
-1465
6296
8886
36
-4370
4216
9821
2513
-2557
5002
10623
3135
-4754
-966
6642
7537
2990
-1782
-529
6326
5756
-2936
-3261
5013
5912
-364
-1220
3202
4219
196
-4362
-3559
2697
4396
-885
-3046
-607
194
-785
-1722
-2127
-1689
-1420
283
6368
12339
8878
-2275
-6669
1051
9792
11793
10674
9416
6447
1758
-982
1560
6732
7807
3404
-853
-1133
66
-1352
-5363
-8171
-7416
-5450
-5445
-6936
-8614
-11138
-14207
-14746
-11023
-6610
-6376
-10172
-13677
-13985
-11487
-8043
-5715
-5400
-6025
-6432
-6116
-4202
-1415
-169
-563
-473
1174
3638
4735
3537
2413
2793
3737
5343
6751
5560
2656
549
677
3627
5913
3844
642
603
2242
2088
423
2108
6109
3473
-2219
765
5673
2842
965
3372
2522
1130
3243
4583
4890
5381
3392
1686
3284
4832
5136
4950
2947
469
551
2038
3045
3372
1713
-1996
-4397
-3628
-2679
-2686
1354
11031
17866
12588
-1846
-9335
84
14556
18139
13628
12418
13278
7379
-1856
-1614
8341
13641
7559
-89
53
2968
-971
-9409
-12103
-7528
-4326
-7289
-11445
-12656
-14758
-20585
-24459
-20647
-13281
-11305
-16243
-21074
-21109
-18802
-16156
-11066
-4707
-3382
-8321
-11866
-8403
-1541
2794
3848
3997
4143
4001
4108
5292
6970
7957
8258
8617
9019
8725
6996
3993
1829
2529
4576
5019
3784
1961
-628
-3033
-3031
-617
1515
1129
-1267
-3300
-3147
-1076
1175
2451
2705
1850
942
1789
3778
5443
6849
7004
5424
5158
7505
9134
7908
5546
4021
4167
5728
6848
5641
2682
208
-526
-372
-450
-882
-2999
-7616
-8726
2348
20442
25686
8135
-14273
-14723
6477
23123
21462
14500
13561
10251
-1186
-6184
6495
21232
17261
963
-5216
2577
6758
-2087
-12048
-10993
-4522
-4486
-10024
-12137
-11784
-17779
-27949
-28654
-16730
-7251
-12136
-23621
-28006
-24693
-20866
-16785
-9137
-2924
-6361
-15786
-18296
-9560
1132
4665
2586
1218
2179
3258
4213
6616
9643
10472
8793
7805
9418
10799
8462
4021
2411
4768
7182
6598
3721
321
-2526
-3528
-1659
1652
2919
387
-3616
-5478
-4119
-1034
1834
2942
1579
-440
-159
2354
4348
4790
5061
5823
6446
6840
7096
6734
5801
5383
6169
7595
8200
6599
3494
1392
1285
1586
1052
-672
-4001
-5213
4163
22559
30131
12499
-12964
-14776
8845
27735
24897
15717
14661
11949
-660
-7014
7041
24548
20503
875
-7528
1341
6709
-3394
-14358
-11322
-2799
-4422
-13307
-16006
-13777
-19262
-30399
-30329
-16081
-6731
-15127
-29120
-32084
-26200
-22104
-19275
-12063
-5531
-8776
-17377
-18106
-8559
456
1774
180
1705
4495
4689
4041
6205
9798
10737
9362
9498
11388
11127
7494
4604
5905
8988
9318
6426
3074
690
-1078
-1480
462
2637
1624
-2315
-5339
-5322
-3696
-2113
-704
150
-334
-1327
-1071
526
2114
3083
3910
4766
5330
5426
5232
5343
6255
7375
7474
6570
5673
4920
3874
2971
2922
3247
2390
-1047
-4785
-905
15292
31369
25886
-390
-16875
-2037
24498
30978
19245
13056
14735
7735
-4375
521
20859
27365
9265
-7834
-3032
8791
4327
-10746
-14274
-4664
-682
-9260
-16639
-15046
-15934
-26233
-31260
-19989
-6840
-10354
-25600
-32747
-26749
-19941
-18523
-16043
-10491
-9946
-16627
-19722
-11553
-483
1538
-3238
-3568
2463
6130
4182
3511
7500
10345
8981
8632
11638
12093
7303
4022
7098
11473
11049
7241
4108
2065
544
948
3299
4285
1494
-3046
-5287
-3997
-1784
-1305
-2008
-2074
-1897
-2700
-3138
-1384
882
1071
469
1727
3659
3388
1792
2033
4315
6167
6475
6057
5281
3799
2365
2513
4032
4619
3150
995
-1091
-2767
390
13135
27047
23567
1446
-13414
-840
23025
28965
17412
10757
13178
9403
-344
2389
18283
23640
8824
-5023
-590
8956
4067
-9427
-12042
-2905
970
-6955
-14974
-15205
-15770
-22569
-25599
-16517
-6996
-12576
-27181
-32441
-24966
-17550
-16555
-15964
-13180
-13703
-18132
-18364
-10697
-2310
-275
-2226
-2194
292
1689
1832
4041
8515
11079
9925
8418
8870
8806
6791
6399
9616
12087
9896
5711
3603
2955
2161
2694
4809
4763
611
-3792
-4389
-2466
-1370
-1452
-1359
-1457
-2776
-4320
-4002
-1799
62
299
188
1044
1852
1194
348
1621
4328
5604
4765
3856
3711
3064
2071
2627
4267
4193
2153
412
-615
-640
5058
18231
26298
15331
-4991
-8511
10737
28020
24621
13091
11053
12919
6922
1486
9975
22191
18130
2128
-3512
5090
8938
-1214
-10577
-6344
1807
-754
-11041
-16362
-15516
-17194
-21303
-18916
-10861
-10192
-21590
-31938
-29088
-19059
-14696
-16612
-17125
-15643
-17378
-20202
-15986
-5784
-384
-3449
-6401
-2959
1569
1550
1304
5758
10587
10260
7837
8305
9291
7203
5933
9714
13792
11805
6214
3488
3984
4128
4178
5716
5995
2141
-2866
-3983
-1511
84
-764
-1822
-1999
-2600
-3955
-4279
-2606
-752
-435
-770
-459
18
-231
-331
1116
3230
3991
3190
2253
2163
2508
2709
2955
3109
2516
1591
1123
541
-134
3091
13841
23676
17974
-232
-8116
6727
25973
26694
14730
9928
12737
9982
3924
8731
20841
20745
6359
-2392
3586
9438
2568
-7116
-5290
2677
1809
-8732
-16458
-15849
-14568
-17024
-16881
-11708
-10960
-20869
-31413
-29655
-19102
-13501
-16352
-19493
-18582
-17959
-19701
-18123
-10357
-3339
-3592
-6742
-4906
51
843
-740
2881
10023
11902
8082
6364
8005
7638
6470
10004
14795
12719
5793
3013
5372
6649
5863
6328
6426
2733
-2061
-2762
-172
889
-547
-1865
-2171
-2813
-4152
-4653
-3327
-1482
-867
-1242
-1266
-924
-1203
-1311
523
3181
3759
2047
641
982
1911
2692
3654
3867
2415
797
582
787
1039
5340
15539
21753
13065
-2651
-4792
11667
26696
23744
12790
10152
12820
9729
5350
11331
21308
18551
5269
-357
5641
8330
414
-6022
-1424
4773
396
-10962
-17113
-15276
-13285
-14561
-14353
-11874
-14136
-23696
-30886
-26587
-16693
-13456
-17851
-21078
-19561
-18181
-19102
-17267
-10619
-5139
-5209
-6796
-4640
-1333
-1311
-826
5234
12070
11483
6005
4747
8159
9921
10190
12856
14404
9750
3934
4863
9474
9726
6589
5545
5238
2009
-1305
-517
1692
834
-1602
-2258
-2207
-3782
-5571
-4915
-2510
-1241
-1988
-3148
-3474
-3065
-2076
-202
1926
2470
951
-682
-588
917
2479
3366
3454
2703
1498
830
1281
1942
1916
3139
9190
17449
17336
5310
-4852
2169
20002
27307
18493
9236
9555
11360
8306
8585
16862
21251
12414
999
864
7151
6265
-1094
-2796
2622
3461
-5514
-15062
-16051
-12007
-10869
-12560
-12934
-13785
-19685
-27231
-27402
-19395
-13097
-15198
-20702
-22109
-19732
-18081
-17105
-13611
-8436
-5790
-6713
-7683
-6032
-2851
395
4063
7806
9030
6693
4275
5549
9467
12301
12809
11916
9706
6633
5471
7842
10631
9983
6789
4277
2852
1317
631
1915
2923
1114
-1930
-3182
-3079
-3682
-4223
-2845
-954
-1447
-3746
-4765
-3584
-1804
-372
887
1412
495
-931
-1183
38
1791
3017
3043
2142
1275
980
1083
1416
1865
2266
4256
10332
16591
13619
1572
-4287
6955
23426
25475
14051
6613
9192
11627
9425
10800
17677
18619
8850
336
2646
8026
5523
-934
-938
3542
1689
-8007
-15385
-14045
-9494
-8978
-11720
-13895
-16334
-21333
-25618
-23472
-16477
-13140
-17143
-22297
-22041
-18451
-16848
-16245
-12706
-8212
-7486
-9043
-7727
-4134
-2420
-1144
3464
8318
7752
4193
4299
7771
9807
10548
12463
12862
8921
5126
6655
10485
10813
8369
6865
5668
2951
950
2067
3862
2929
234
-1382
-1904
-2885
-3854
-3229
-1490
-944
-2428
-4199
-4481
-3367
-1750
-91
985
594
-796
-1402
-570
696
1690
2408
2346
1310
541
801
1170
1110
1356
1929
2924
6925
13593
14742
5422
-3554
2658
19224
25644
15864
6006
7846
12977
11543
9440
14196
18296
12032
2208
1707
7991
8118
911
-2146
2242
3575
-4402
-13466
-14055
-9017
-7276
-10615
-14237
-16196
-19008
-22670
-22798
-17968
-13921
-16158
-21571
-22780
-18970
-15972
-15899
-14570
-10450
-7839
-8660
-8885
-6065
-3037
-1348
1527
5756
7184
4846
3486
5963
9402
10892
11275
11219
9500
6945
6737
9229
10838
9442
7002
5557
4435
2946
2326
3180
3598
1924
-553
-1796
-2084
-2594
-2714
-1540
-571
-1804
-4111
-4637
-3069
-1407
-483
260
494
-390
-1270
-621
945
1817
1817
1582
1261
989
1103
1206
800
662
1253
1607
2612
7599
14293
13172
2371
-4108
5695
21450
23387
11718
4731
9499
13991
10744
8750
14021
16928
9895
2099
3831
8871
6061
-1081
-1275
4152
3326
-6376
-14198
-12620
-7290
-6868
-11264
-15004
-16585
-18730
-21473
-21028
-16803
-14224
-17244
-21808
-21618
-17604
-15587
-16190
-14550
-10020
-7690
-9157
-9615
-6279
-2443
-524
1577
4690
5796
4172
3743
6584
9658
10337
10115
10310
9463
7433
6967
9031
10597
9370
7078
5778
4767
3321
2866
4002
4429
2330
-523
-1614
-1353
-1376
-1484
-886
-690
-2206
-4053
-3924
-2119
-730
-336
-55
107
-501
-1132
-477
992
1779
1669
1421
973
201
99
1020
1624
1222
751
559
531
3245
10376
15112
8919
-2396
-2167
12567
23541
17628
6285
5977
12961
13452
8318
8960
14799
14364
6641
2861
6466
7863
2141
-2282
1134
5129
353
-9679
-13955
-10011
-6131
-8374
-13388
-15719
-16088
-18166
-20890
-19924
-15829
-14626
-18462
-21638
-19428
-15624
-15692
-16828
-13027
-6896
-6417
-10928
-11395
-5292
189
1079
1605
3912
4123
2118
3542
8850
11315
8914
7571
9570
9976
7332
6771
9686
10816
8197
6090
6179
5200
2909
3168
5614
5217
1238
-1316
-370
592
-320
-741
164
-241
-2553
-3530
-1724
11
-388
-968
16
788
-210
-1012
333
1988
1592
380
449
741
-192
-687
863
2259
1145
-822
-1246
-370
2248
8395
13708
9705
-1218
-3881
8447
21082
18640
7912
5315
11185
12977
8497
7702
12857
14560
9056
4243
5099
6039
2396
-864
1557
5023
1727
-7252
-13130
-11330
-6877
-6614
-10759
-14628
-16106
-17399
-19487
-19701
-16824
-14614
-16525
-19849
-19717
-16838
-15721
-16220
-13852
-8710
-6676
-9471
-10939
-7174
-2231
-67
1468
4067
4292
1443
1509
7075
11634
10267
7597
8410
9504
7664
6803
9769
11730
9012
5896
6304
6844
4501
3034
5242
6846
4037
201
-405
646
441
95
1039
1120
-1238
-3366
-2604
-571
2
-416
-142
232
-449
-1072
-110
1343
1266
153
-148
145
-362
-938
-4
1328
801
-752
-949
-565
-1192
364
7565
13911
9169
-2740
-5019
8090
20628
17777
7246
5134
11201
12873
8043
6942
12488
15197
9966
4106
4106
5702
3140
-195
1583
5223
2428
-7010
-13638
-11249
-5377
-5027
-10575
-15092
-15532
-15989
-18869
-20100
-16810
-13540
-15370
-19500
-19946
-17134
-15860
-16112
-13771
-9107
-7081
-8964
-10303
-8178
-4389
-980
2167
4288
3560
1369
1666
5415
9252
10410
9749
8828
7833
7209
8063
10029
10917
9718
7902
6873
6227
5518
5473
6258
6388
4673
2199
810
742
1174
1639
1792
883
-1050
-2446
-2121
-859
-51
73
-97
-554
-1187
-1314
-546
465
858
463
-434
-1334
-1686
-1262
-409
143
7
-528
-906
-1285
-2199
-2321
1675
9498
13071
5903
-4732
-4053
9696
20462
16556
6712
5086
10431
11555
7461
7435
13013
14918
9201
3561
3806
5184
2598
213
3041
6135
1507
-8508
-13379
-9276
-4024
-5265
-10848
-14277
-14636
-15896
-18619
-18842
-15484
-13231
-15482
-19012
-19197
-16980
-15936
-15349
-12331
-8641
-8582
-10993
-10351
-6092
-3076
-2363
-89
3644
3903
829
974
6099
9956
9232
8237
9406
9185
6748
7011
11048
12860
9871
7222
7893
8011
5666
5049
7736
8654
5064
1517
1668
2720
1836
1046
1978
1978
-656
-2876
-2088
-314
-214
-975
-893
-705
-1500
-2167
-1384
-35
346
-196
-808
-1419
-2219
-2560
-1716
-207
425
-497
-1888
-2370
-2340
-2690
-1650
3892
11273
11317
1288
-7024
-863
14388
20695
12782
4470
6498
11824
10269
6003
8537
14923
14609
7300
2660
4013
4889
2288
1718
5348
5866
-1907
-11246
-12292
-6190
-2827
-6550
-11960
-13873
-14377
-16932
-19277
-17396
-13280
-12741
-16537
-19516
-18785
-17069
-16460
-14476
-9890
-7217
-10067
-13906
-11660
-4316
420
-266
-1287
757
2859
2709
3437
7205
10214
9397
7962
8991
9912
8510
8177
11322
13507
10843
7143
7026
8297
7521
6774
8220
8293
4310
732
1783
4005
2859
547
729
1260
-1071
-3652
-2698
-230
-308
-2188
-2660
-1947
-2204
-2817
-1810
-41
69
-1498
-2663
-2488
-1865
-1519
-1241
-857
-843
-1473
-2034
-1772
-1487
-2464
-2777
2024
10659
12965
3146
-7741
-3575
13114
22191
14295
3500
4570
11762
11748
6472
7499
14295
15158
7694
2326
4288
6281
3113
871
4480
6901
133
-10387
-12720
-6129
-1665
-5532
-11885
-13901
-13481
-15451
-18348
-17473
-13684
-12605
-15889
-19045
-18647
-16812
-16249
-15216
-11420
-7727
-8688
-12604
-12714
-7026
-1320
-6
-290
1287
2920
2355
2495
6310
10465
10749
9154
9440
10336
9233
8528
11252
14094
12475
8527
7128
7957
7921
7569
8577
8559
5118
1437
1383
3050
2633
978
782
718
-1581
-4107
-3644
-1542
-1279
-2674
-3166
-2812
-3401
-4112
-2842
-574
-193
-1797
-2830
-2384
-1902
-1996
-1773
-1117
-900
-1225
-1381
-1318
-1476
-1954
-2526
-1918
2291
9339
11665
3783
-6092
-3414
11563
21029
14524
4029
4458
11525
11888
6521
7106
13916
15281
8066
2487
4134
6098
3296
1394
4779
6592
-135
-9774
-11596
-5543
-1627
-5193
-11181
-13529
-13332
-14724
-17182
-16801
-13515
-12116
-15108
-18745
-18758
-16420
-15223
-14404
-11359
-8249
-9275
-12563
-11687
-6106
-1911
-1427
-589
2245
3116
1265
2112
7348
11167
10154
8627
9939
10797
9115
8934
12316
14368
11748
8416
8223
8876
7795
7256
8676
8591
5028
1646
1654
2759
2026
743
609
2
-2460
-4520
-3974
-2362
-2137
-2955
-3317
-3624
-4586
-4943
-3380
-1236
-787
-1780
-2329
-2187
-2441
-2727
-1810
-391
-390
-1600
-1985
-1354
-1183
-1249
-481
-317
-2069
-1761
5056
12336
8780
-3131
-6481
6040
19188
16724
5406
2768
9974
13286
8363
5754
10770
14538
10220
4240
4185
6526
4679
1194
2362
5705
3200
-5185
-10364
-7359
-2424
-3520
-9341
-12877
-12274
-12188
-14987
-16798
-14572
-11865
-13336
-17126
-17964
-15570
-14269
-14745
-13071
-8956
-7631
-10826
-12543
-8102
-1816
-121
-1737
-1363
1541
3846
4992
6503
7736
7706
8390
10990
12454
10451
8193
9548
12455
12457
9930
8331
8094
7475
6791
7229
7336
5136
2278
1623
2368
1751
-132
-941
-583
-1223
-3158
-4315
-3864
-3135
-3067
-3188
-3293
-3915
-4633
-4096
-2321
-1060
-1352
-2206
-2253
-1605
-1170
-1123
-1065
-992
-1217
-1448
-1064
-356
-239
-557
-444
-636
-2104
-2156
3406
11169
10588
13
-6818
1420
15605
17933
8248
2777
8040
12843
9026
4752
8647
14372
12201
5481
3607
5949
5038
1134
1477
5896
5541
-2538
-9857
-8792
-3429
-2590
-7172
-11043
-11380
-11708
-14452
-16459
-14610
-11627
-12080
-15287
-16823
-15540
-14527
-14746
-13095
-8914
-6691
-9137
-11855
-9354
-3551
-471
-826
-426
1963
3372
3126
4248
7300
9165
9021
9323
10234
9359
7415
8248
11636
12532
9385
6449
6443
7083
6392
5981
6524
5563
2545
611
1244
1853
609
-661
-492
-715
-2660
-4243
-3595
-2129
-1970
-2782
-3172
-3312
-3752
-3617
-2238
-770
-570
-1309
-1756
-1606
-1279
-767
-160
-144
-970
-1809
-1590
-584
-237
-740
-760
-214
-1065
-3300
-2118
5808
12755
8114
-3807
-6389
6211
18304
15030
4602
3535
10935
12849
6644
4472
10793
14743
9738
3867
4682
7008
3825
-213
2516
7292
4066
-5755
-10789
-6499
-1545
-3792
-9497
-11564
-10419
-11427
-15064
-16175
-13138
-10756
-12420
-15364
-15628
-14116
-14023
-14207
-11308
-6974
-6452
-10176
-11887
-7797
-2418
-630
-697
644
1878
802
841
5395
10080
9401
6437
7164
9814
9051
6820
8587
12033
10991
6977
5922
7301
6471
4623
5966
7931
5321
643
122
2750
2776
277
-212
895
-544
-3695
-4002
-1603
-902
-2698
-3503
-2498
-2540
-4061
-4106
-1870
-395
-1289
-2331
-1887
-1230
-1338
-1166
-296
-259
-1525
-2219
-1537
-735
-570
-582
-356
-272
-977
-2298
-2823
775
8814
12622
5164
-5616
-4150
10478
19777
12979
3304
5281
12715
11566
4515
5418
13477
14877
7510
2837
5229
6224
1479
-451
4927
7868
887
-8887
-10355
-4504
-1838
-5623
-9599
-10081
-10166
-13048
-16067
-14753
-10920
-9994
-12704
-15235
-14955
-13785
-13952
-13018
-9248
-6192
-7448
-11152
-11412
-6562
-2080
-1643
-2234
-69
3351
2956
-678
-42
6787
12595
11585
6431
4052
5577
7664
10177
12568
11522
6822
3171
4599
7986
7996
6184
5843
5383
3071
685
921
2723
2783
1778
1134
-630
-3374
-4422
-2346
240
-366
-2864
-3981
-3944
-3834
-3426
-2094
-592
-977
-2452
-2742
-2135
-1382
-681
-9
347
-900
-2539
-2385
-1194
48
536
76
-44
-207
-1240
-2668
-2348
4159
12779
11398
-341
-7824
834
16194
18024
7566
3031
8853
12547
6803
2630
9369
15817
11337
3786
3326
6659
4276
-1235
1146
8050
6743
-3437
-11122
-8409
-2063
-2264
-6868
-9351
-9565
-11025
-14514
-15518
-12209
-9745
-11128
-13902
-14975
-14069
-14034
-14627
-12088
-7540
-6111
-9507
-12851
-10411
-4906
-2498
-2524
-1641
-115
639
1270
2574
3259
3934
8094
12798
10532
3813
2514
8430
13276
12177
9663
8291
5573
3647
6416
10443
9528
4771
2641
3875
3488
1415
1451
3012
2839
326
-2023
-2707
-2922
-2693
-1310
-325
-1485
-4236
-5862
-4358
-1705
-797
-1288
-1841
-2233
-2662
-2598
-893
998
629
-749
-1160
-964
-1117
-1698
-1050
953
1374
-217
-1286
-1031
-1012
-2409
-1235
6789
13161
7235
-5076
-7223
6157
18377
14520
4512
3592
9458
10269
4869
4793
11988
14206
8034
3115
4484
6148
2330
-611
4099
8383
3320
-6542
-10472
-5691
-1296
-3530
-7679
-9263
-9795
-12126
-15286
-14694
-10791
-9596
-12385
-15120
-15014
-13719
-14278
-14292
-10636
-6981
-7673
-11314
-12516
-8622
-4003
-2760
-2727
-1215
323
-450
-1196
3026
8992
8376
3893
5086
11204
12076
6320
5227
11466
13840
9140
6537
8847
8763
4984
5476
10352
9546
2571
18
3967
5758
2222
120
2127
1932
-2154
-3856
-1232
217
-2215
-4067
-2478
-1420
-3664
-5330
-3209
-479
-1015
-3004
-2822
-1507
-1716
-2175
-609
1197
223
-2144
-2496
-1049
-442
-1065
-841
322
171
-1325
-1647
-428
-588
-2625
-1039
7362
13478
6993
-5945
-7765
6469
19492
16139
4699
1593
7428
10068
6343
5790
11095
12889
7265
2313
3663
5518
2123
-566
3579
7479
2196
-8032
-11344
-5716
-1272
-3679
-8030
-9875
-10937
-13451
-14982
-12731
-9792
-10441
-13275
-14506
-13598
-13269
-14183
-12866
-8700
-6218
-8077
-11330
-11111
-7267
-3833
-2083
-877
-282
-592
-1074
-6
3157
6610
9228
10013
7842
5160
5289
8717
12602
13224
10967
8388
6690
6648
7875
9033
9225
7746
5505
4016
3255
3248
3680
3707
3298
1936
-231
-1869
-2325
-1355
-164
-538
-2157
-3861
-4654
-4090
-3089
-2247
-1806
-2221
-2920
-3362
-3273
-2322
-1277
-611
-367
-863
-1489
-1829
-1737
-993
-402
-433
-970
-1565
-1222
-586
-702
-601
-59
-398
-1909
-1105
5345
10542
5400
-4497
-4496
7825
16502
10654
1753
3191
9595
9315
4561
5724
11097
10058
3881
2833
6697
6186
242
-1334
4282
6434
-294
-7383
-6925
-2673
-2528
-6055
-7719
-7680
-9473
-12226
-12467
-10319
-9684
-11780
-13101
-12140
-11446
-12482
-13334
-11598
-8497
-7330
-8397
-9382
-8588
-6278
-3968
-2325
-1016
-235
-211
-112
1403
4451
6654
6401
5836
7050
8718
8564
7414
8010
9905
10354
9247
8246
7502
6489
6159
7416
8210
6225
3314
2558
3444
3514
2429
1739
1449
300
-1078
-1241
-735
-961
-1804
-2061
-1824
-2274
-3133
-3051
-2048
-1368
-1607
-2038
-2044
-2002
-1970
-1412
-509
-281
-1051
-1635
-1160
-653
-1125
-1713
-1339
-822
-1353
-1969
-1310
-430
-724
-1279
-1311
-1773
-1991
1607
7545
7108
-1417
-6290
1463
12515
12223
3705
1399
6923
8986
4779
3900
9171
11045
5768
2340
5394
7031
2274
-1290
2670
6861
2768
-4798
-6465
-3064
-2121
-4777
-6201
-5878
-7579
-11010
-11922
-9791
-8636
-10223
-11741
-11263
-10707
-11591
-12324
-10978
-8420
-7092
-7553
-8277
-7941
-6490
-4493
-2372
-675
-138
-605
-630
952
3536
5453
5927
5703
5743
6241
6940
7566
8093
8442
8428
8018
7345
6671
6308
6475
6928
6834
5593
3861
2919
3077
3461
3284
2600
1674
565
-324
-406
78
186
-413
-1079
-1383
-1643
-1977
-1922
-1401
-1025
-1166
-1514
-1765
-1903
-1792
-1308
-851
-916
-1342
-1671
-1765
-1659
-1410
-1327
-1734
-2329
-2575
-2466
-2176
-1705
-1441
-1812
-2065
-1499
-1388
-2567
-1934
3269
7795
4118
-3927
-4157
5540
12561
8835
2749
3830
7846
6913
4179
6577
10651
8866
3981
3887
6834
5178
285
436
5358
5763
-676
-5697
-4466
-2067
-3249
-5249
-5131
-5610
-8885
-11490
-10292
-8085
-8636
-10616
-10716
-9648
-10206
-11772
-11374
-8773
-6832
-6978
-7542
-7114
-6347
-5648
-3975
-1321
180
-432
-947
564
2659
3391
3787
5360
6594
5832
4992
6244
7964
7732
6718
7104
7845
7016
5728
5949
6749
6218
4930
4536
4658
3977
2950
2765
3040
2618
1611
992
800
381
-147
-162
46
-388
-1352
-1814
-1510
-1323
-1635
-1812
-1663
-1864
-2442
-2450
-1809
-1651
-2201
-2376
-1969
-2098
-2848
-2823
-1811
-1398
-2214
-2945
-2750
-2388
-2400
-2261
-1585
-878
-706
-1026
-1239
-690
262
606
1115
4022
7446
5619
-927
-2563
5530
13699
11357
3427
1601
5764
7252
5391
6365
9058
6833
1559
1280
4996
4386
-473
-1229
2827
3026
-2921
-6944
-4878
-2456
-3969
-5922
-5654
-6391
-9570
-10830
-8086
-6003
-7942
-10392
-9620
-7938
-8543
-9519
-8039
-5832
-5757
-6617
-5868
-4394
-4216
-4116
-1981
615
665
-971
-798
1647
3536
3712
3881
4831
5091
4283
4330
5934
7090
6581
5900
6152
6102
5064
4667
5803
6597
5509
3889
3516
3791
3417
2897
3139
3296
2186
650
324
972
1070
312
-292
-489
-919
-1584
-1758
-1424
-1386
-1832
-2236
-2400
-2595
-2720
-2434
-2013
-2056
-2474
-2669
-2483
-2202
-1912
-1554
-1370
-1564
-1766
-1498
-967
-693
-665
-458
-72
-23
-419
-596
-7
893
1244
1019
870
913
760
769
1855
3584
3965
2557
1448
2208
3771
4385
4334
4545
4461
3500
2821
3569
4570
4171
3058
2822
2912
1885
469
342
1102
808
-742
-1959
-2428
-3046
-3845
-3984
-3764
-4408
-5816
-6628
-6546
-6591
-6944
-6845
-6380
-6568
-7378
-7491
-6573
-5714
-5472
-5159
-4450
-4026
-3991
-3454
-2158
-1054
-651
-256
549
1127
1116
1400
2645
3989
4247
3590
3193
3576
4293
4869
5092
4823
4200
3761
3851
4136
4124
3859
3574
3212
2715
2341
2288
2292
2031
1660
1407
1130
679
329
397
609
407
-178
-525
-424
-313
-538
-797
-718
-554
-723
-1070
-1108
-882
-838
-999
-970
-755
-784
-1068
-1089
-687
-399
-560
-755
-595
-309
-263
-328
-205
10
96
91
76
35
90
429
823
803
416
240
470
746
1028
1517
1808
1272
413
526
1648
2481
2292
1660
1241
1061
1213
1763
2109
1656
915
744
862
532
31
13
137
-272
-892
-1196
-1527
-2165
-2448
-2042
-1978
-2918
-3852
-3795
-3413
-3604
-3925
-3865
-3946
-4402
-4359
-3551
-3204
-3841
-4100
-3168
-2319
-2577
-2864
-2105
-1209
-1227
-1419
-832
-108
-63
-32
744
1406
1008
491
1115
2265
2495
1925
1761
2149
2309
2225
2496
2910
2752
2200
2125
2552
2690
2405
2315
2518
2462
2061
1893
2108
2190
1936
1784
1887
1831
1432
1108
1172
1344
1294
1078
828
517
216
165
364
427
125
-294
-520
-551
-536
-519
-516
-592
-763
-887
-896
-851
-779
-660
-577
-621
-719
-696
-525
-393
-410
-456
-334
-133
-103
-278
-406
-275
-45
24
-75
-186
-229
-222
-138
-13
-32
-239
-320
-92
122
-17
-308
-311
-85
-10
-67
-9
-4
-266
-446
-166
166
-56
-476
-379
-14
-136
-613
-654
-284
-258
-637
-792
-634
-711
-1054
-1090
-811
-835
-1263
-1448
-1195
-1115
-1474
-1695
-1414
-1145
-1342
-1651
-1608
-1418
-1409
-1402
-1170
-994
-1121
-1241
-1001
-613
-504
-552
-362
37
244
200
260
588
967
1175
1314
1457
1546
1625
1825
2097
2247
2226
2200
2257
2294
2267
2232
2220
2158
2038
1932
1825
1640
1425
1319
1298
1184
934
691
553
454
325
192
99
24
-115
-294
-408
-419
-393
-428
-514
-566
-578
-582
-576
-514
-434
-429
-474
-470
-378
-280
-243
-244
-222
-172
-141
-144
-121
-65
-25
-39
-86
-137
-146
-120
-118
-150
-213
-281
-373
-432
-417
-411
-487
-606
-651
-656
-722
-782
-758
-736
-783
-854
-859
-793
-774
-792
-758
-698
-679
-677
-641
-564
-490
-463
-433
-378
-351
-326
-266
-180
-133
-141
-138
-99
-66
-41
21
78
67
26
49
112
136
133
169
234
254
217
215
295
369
369
365
410
447
441
441
481
528
520
484
497
522
491
439
421
433
407
339
283
253
204
140
109
100
65
-27
-96
-89
-86
-126
-170
-168
-148
-169
-191
-163
-125
-120
-130
-96
-24
12
-1
3
59
131
163
161
172
209
240
264
287
304
304
293
308
343
351
311
257
256
302
301
230
180
164
150
127
115
86
24
-39
-63
-53
-70
-130
-206
-234
-225
-237
-272
-318
-353
-356
-344
-344
-367
-397
-406
-382
-357
-356
-359
-372
-369
-336
-302
-285
-297
-307
-281
-239
-221
-222
-217
-198
-159
-123
-106
-89
-76
-56
-16
28
56
62
71
110
152
197
223
224
241
263
293
328
332
301
297
319
339
344
325
277
234
221
235
226
173
111
74
59
49
21
-30
-68
-84
-100
-120
-134
-151
-174
-190
-181
-162
-163
-173
-170
-153
-132
-109
-91
-77
-66
-51
-19
17
23
25
40
69
82
85
96
121
129
95
89
119
136
112
89
106
114
83
53
62
69
43
34
45
35
5
-23
-17
20
17
-29
-59
-39
-24
-41
-35
-23
-59
-96
-76
-38
-41
-69
-71
-51
-60
-85
-79
-39
-38
-86
-95
-57
-40
-66
-72
-46
-43
-65
-61
-29
-25
-48
-52
-8
14
-7
-10
22
51
46
48
77
90
63
59
104
130
104
81
99
122
107
89
101
126
110
71
55
65
52
37
50
48
15
-20
-20
-6
-18
-41
-57
-55
-45
-62
-84
-68
-59
-73
-86
-77
-66
-74
-85
-82
-74
-66
-48
-48
-60
-61
-40
-15
-18
-33
-39
-32
-6
5
-8
-11
1
15
36
43
27
11
28
50
44
35
34
40
48
55
44
36
43
46
32
30
48
50
37
36
41
38
34
32
22
20
14
8
18
26
10
-11
-15
-14
-8
-5
-24
-42
-38
-38
-49
-49
-42
-54
-65
-46
-40
-60
-62
-34
-32
-45
-44
-41
-51
-33
-2
-9
-14
3
22
28
38
48
42
40
55
69
69
72
73
63
62
77
72
64
65
65
54
45
54
43
26
29
31
21
4
-4
-11
-13
-7
-9
-25
-39
-37
-36
-33
-32
-41
-55
-52
-42
-46
-57
-48
-38
-42
-45
-43
-50
-50
-36
-28
-32
-32
-25
-22
-17
-4
-2
-12
-5
2
-4
-3
19
18
5
10
27
28
14
22
26
25
32
31
19
23
36
33
31
36
37
28
33
41
35
25
18
29
26
17
8
6
9
9
3
-8
-19
-19
-9
-11
-22
-36
-40
-42
-41
-28
-31
-41
-35
-25
-30
-27
-14
-10
-15
-10
0
3
13
17
11
10
26
35
32
34
40
43
45
44
43
31
30
46
41
45
39
27
25
28
29
29
28
19
11
5
6
4
-10
-7
0
-4
-20
-26
-23
-27
-22
-14
-23
-30
-31
-39
-42
-32
-26
-37
-43
-40
-39
-35
-32
-28
-32
-37
-31
-27
-19
-9
-9
-16
-10
-4
-2
4
8
8
6
8
14
14
13
15
19
23
19
13
23
29
24
19
21
27
23
25
20
16
23
31
29
22
21
21
21
20
18
15
7
10
13
5
-1
0
-5
-9
-10
-10
-15
-13
-9
-7
-14
-18
-18
-13
-8
-10
-14
-19
-9
-5
-3
-1
3
6
5
3
3
5
14
22
32
22
4
10
30
38
25
12
5
9
16
16
2
0
6
0
-6
-7
-3
-19
-17
-4
-9
-20
-17
-8
-5
-11
-14
-11
-13
-9
-19
-20
-12
-5
-13
-25
-10
-1
-14
-24
-14
4
0
-15
-16
-6
-1
-4
-11
-11
-2
-1
1
9
11
2
1
12
17
2
2
15
19
15
14
16
20
18
21
22
21
15
9
13
21
21
10
12
17
19
13
13
13
10
3
6
12
11
8
-3
-10
-6
5
-1
-10
-13
-13
-15
-13
-7
-15
-16
-12
-9
-12
-18
-17
-21
-15
-9
-8
-9
-11
-9
-8
-10
-8
-3
-2
2
4
5
5
14
18
14
14
11
11
11
18
19
9
8
8
7
7
8
6
4
7
9
1
-1
-1
0
-3
-4
1
0
-3
-9
-11
-8
-3
0
-2
-8
-10
-5
-4
-4
-2
-10
-14
-16
-11
-12
-8
-11
-12
-11
-8
-4
-4
-2
-4
-6
-8
-3
-3
-5
-1
9
3
1
4
8
14
13
6
3
15
21
22
22
19
13
10
15
24
17
4
4
12
18
12
11
6
1
3
3
0
-2
-4
-6
-6
1
-4
-13
