SAMPLES:	10085
BITSPERSAMPLE:	16
CHANNELS:	1
SAMPLERATE:	16000
NORMALIZED:	FALSE
1
2
0
-2
1
0
-1
1
-1
2
3
3
0
-1
0
0
1
2
5
6
4
0
2
-1
0
-1
-2
0
-3
0
4
-1
0
-1
-1
-2
-3
-2
-3
-3
-2
-2
-4
-1
0
-1
0
0
0
1
0
0
-1
-3
-3
-1
1
0
-1
-1
2
4
2
-1
0
0
2
5
2
0
3
-2
-4
-2
-4
-1
-2
2
0
0
2
3
1
2
3
1
0
-1
-2
1
-3
0
0
-2
-1
-4
-1
0
2
-4
-4
-1
1
1
2
7
3
2
2
1
0
-4
3
1
0
3
3
0
2
4
4
-1
1
2
2
4
1
2
-1
-1
-3
-3
-4
0
1
4
4
2
2
0
1
-1
-3
-6
-2
-2
-5
-3
-1
2
0
2
2
1
-1
-3
-1
-1
-2
0
-1
2
4
3
1
-3
-1
0
0
0
-2
-1
-2
-1
1
-1
-3
-3
0
0
2
2
3
3
1
1
0
-1
-2
-2
4
1
3
1
0
-2
-2
-1
-1
-1
-2
-2
0
6
4
3
1
1
0
-1
-1
-3
-2
1
1
1
-2
-3
2
-1
-3
-2
-1
-1
-3
-2
-1
0
1
0
2
4
2
-3
2
2
1
3
4
4
5
4
3
4
3
1
3
0
2
0
-1
-4
-4
-3
-1
-2
-4
-8
-7
-5
-5
-1
-2
4
4
1
-1
2
1
-6
-5
4
1
3
2
1
2
1
0
-1
2
-2
-1
-1
-4
-4
1
-3
-1
1
-2
0
3
1
2
4
4
2
0
2
-1
3
2
1
2
1
2
1
1
0
-2
-3
2
1
1
3
2
1
2
1
0
-1
0
1
-3
-3
-2
-1
-3
-1
-5
-1
0
-2
-1
-2
-3
-5
-3
-2
-1
0
-1
-2
-3
-3
0
0
1
-1
-1
1
-1
0
4
0
-2
1
2
2
1
5
3
4
1
-3
-1
2
6
2
1
2
2
2
1
1
2
4
2
1
-2
1
0
-1
-4
-3
3
1
0
0
2
-1
-2
-2
0
2
2
1
1
0
-1
-1
-1
-2
-2
-4
-2
-6
-6
-2
-3
-3
0
-4
-1
3
0
2
-1
-3
1
0
-1
2
2
1
1
1
4
0
3
6
1
2
1
-1
2
3
1
-3
0
2
2
3
2
3
1
-3
0
0
1
0
-2
-4
-4
-6
-3
-4
-4
-4
0
0
-5
-2
-2
0
-2
1
4
1
4
4
3
0
-3
-2
1
3
2
3
2
1
2
2
3
6
3
0
-2
-2
2
2
1
0
-3
-3
-1
-3
-1
0
-3
-1
1
1
-1
-1
1
1
1
0
-2
0
-1
1
0
-1
0
-4
-3
1
-2
-1
3
2
4
21
-13
-34
11
22
-6
-13
9
11
-4
-10
-3
2
5
-3
-2
5
-1
-4
-2
2
4
-2
-3
1
-1
1
-1
1
-1
1
0
-2
3
-1
0
2
0
0
-2
-2
2
-2
-3
-3
-3
0
2
3
2
-1
1
3
3
1
-4
-2
2
0
-1
-2
2
2
0
0
2
5
2
1
0
0
2
2
0
-1
0
4
3
0
-1
2
2
-1
-1
1
-3
1
1
-1
-1
-2
-8
-12
12
15
-9
0
-4
-8
-4
-6
-5
-3
3
1
-6
-1
5
1
-3
-1
0
1
-2
-3
-4
1
1
-2
0
0
3
5
4
6
5
2
1
-1
2
2
6
6
1
4
0
-3
0
1
4
3
1
0
1
2
1
0
-4
-4
-3
-4
-2
-3
-3
-4
-3
-4
-4
0
-1
-2
2
-2
-1
-1
-1
1
1
1
0
3
2
4
2
-3
-4
-2
1
0
-4
-1
-1
-2
2
0
3
2
2
5
4
1
1
3
1
2
2
6
2
0
2
3
0
3
1
-1
-2
-6
-5
-2
-4
-4
0
0
0
0
-1
-1
-1
-2
-2
-2
-2
-1
-1
1
0
0
0
1
-1
-4
-4
5
5
-1
-1
0
0
3
2
-2
-1
0
-2
0
1
0
-3
-2
-1
-1
0
0
-2
-3
-1
-3
-1
3
6
2
2
2
3
3
5
2
-1
4
4
1
5
4
0
0
-2
-4
-2
4
1
0
2
-1
1
1
2
0
-1
2
-2
-3
0
-2
-4
-5
-5
0
-3
-3
1
1
1
0
-2
3
4
1
0
-3
0
1
-1
-1
-1
-1
2
4
0
-1
-1
2
-2
-1
-1
-6
-2
-1
1
-1
-3
-2
-2
-5
0
1
-2
-2
2
4
0
4
0
-4
-3
1
4
1
4
6
-1
0
-1
3
0
3
2
-1
1
4
-1
-1
2
2
-1
-1
0
-6
-2
-2
-2
-1
-2
3
4
1
-1
1
4
3
1
2
3
4
-2
0
-1
2
0
-1
3
-3
-3
-6
-2
-2
2
1
-1
-1
1
1
-1
-1
-3
-2
-4
0
2
-2
-2
0
0
0
0
1
1
0
1
0
2
2
3
3
1
0
1
0
-1
-1
1
2
-2
-1
-4
-1
0
-2
-3
-4
1
-1
-1
4
2
1
2
1
-4
-3
-4
-3
-3
-1
-2
-4
0
2
-1
-2
1
-1
0
0
3
2
0
2
0
1
3
3
1
1
3
-2
0
0
0
2
0
0
0
1
-2
-1
0
-1
-6
-3
20
8
-15
1
7
-10
-3
5
-3
-3
-1
-5
-5
-1
6
4
3
0
4
-1
-1
2
4
2
1
0
1
5
2
2
1
3
-2
2
0
4
5
2
1
1
0
-1
-1
-7
-1
-3
-3
-2
0
-2
-4
-2
-4
-4
-5
-2
0
-1
-2
-2
0
-3
-6
-2
-2
0
2
2
2
5
2
0
1
-1
0
0
-1
-1
1
4
2
-1
1
-3
-3
1
0
3
2
0
0
4
3
1
3
1
1
-1
1
-1
2
3
0
1
2
1
-3
-6
-4
-4
-4
-3
1
-1
3
4
1
0
-2
0
1
-3
-1
-2
-2
1
2
2
1
4
4
-1
-1
1
-1
-1
4
2
2
1
0
2
0
-3
-2
2
1
-1
-1
2
0
-1
-1
-1
-2
0
1
-2
-2
-1
-1
0
-1
1
-1
-1
-1
3
1
0
-2
-1
-2
-2
2
-5
-4
0
3
-2
-1
-1
0
2
-1
1
2
-1
-2
1
2
0
-2
-1
0
2
3
-1
2
3
1
3
2
0
-2
-1
0
0
0
1
4
5
4
-2
-2
0
4
2
0
-1
1
1
-3
2
-2
-1
2
1
2
1
-3
2
1
-1
-1
0
1
2
1
-1
0
-2
2
1
3
-2
-3
-1
0
-2
-1
-1
-2
1
1
2
-1
-4
-2
-2
-4
-1
-3
-3
-2
-6
-2
-2
-2
0
-1
1
0
1
-1
-2
1
-2
-1
5
4
4
3
0
0
-1
0
2
1
0
1
-1
0
0
-1
-1
-3
-2
-2
-3
-1
1
3
1
-1
4
2
0
-2
-2
2
-2
0
-4
-3
0
0
-1
-3
0
4
3
-2
1
-2
0
0
1
2
3
5
3
1
-1
3
3
2
0
1
2
2
2
-1
2
4
3
2
0
3
5
-1
-1
-1
0
-1
4
2
1
-1
1
1
1
1
-1
0
-3
-2
1
0
-2
-4
1
4
0
3
2
-2
0
-2
-1
0
-3
0
-2
-5
-5
-7
-2
-1
1
-1
0
1
-2
-3
-3
2
1
-2
-2
-1
2
2
-1
-1
0
0
2
-1
-1
-1
-3
-4
-3
-1
0
-7
-5
-1
-6
-5
-4
-1
-2
-2
0
-6
-1
-2
-3
1
-1
-1
1
1
4
4
3
-1
-2
-1
4
2
2
1
0
0
1
1
1
1
1
1
0
3
0
1
5
4
2
3
5
8
6
3
1
2
2
1
5
2
2
1
2
0
0
0
2
-1
1
2
0
3
4
6
3
4
4
2
1
-1
1
0
-2
1
1
-2
0
1
-3
-3
1
4
-7
-7
2
-1
-3
-2
1
1
-3
-7
-4
2
0
1
-1
-3
1
-2
-3
0
1
3
1
-3
-1
-2
-1
1
0
0
0
-5
-2
3
0
-7
-5
-1
-2
-4
1
-1
-2
-3
-2
-2
0
2
1
3
0
-1
-1
-1
0
3
-1
-2
-4
-3
-2
-2
1
-4
-3
-5
-5
-4
-7
-3
-6
-8
-5
-4
-4
-3
-3
-6
-5
-4
-4
-8
-3
-2
-2
-2
-2
2
2
4
6
4
3
4
8
6
4
7
8
9
7
9
14
12
13
12
16
18
14
14
13
9
8
9
8
8
5
6
3
3
2
1
0
-4
-1
-3
-2
-3
-6
-6
-7
-5
-5
-4
-5
-5
-3
-10
-11
-9
-8
-8
-5
-2
-5
-5
-7
-10
-8
-6
-3
-6
-4
-2
-6
-5
-2
-6
-6
-2
-3
-2
-1
2
3
3
5
7
7
8
7
5
7
7
7
4
6
7
6
4
7
5
5
9
7
7
6
5
4
3
2
0
1
2
1
0
-2
-2
-3
-5
-7
-6
-13
-12
-11
-13
-18
-18
-16
-20
-17
-20
-19
-26
-22
-18
-17
-20
-19
-20
-16
-12
-15
-12
-10
-8
-6
-4
-1
1
4
6
6
8
11
14
15
17
19
23
22
25
25
27
30
29
28
28
26
28
27
26
25
24
25
24
27
25
23
20
19
16
16
16
10
7
5
1
1
-4
-6
-6
-8
-9
-13
-17
-19
-20
-22
-22
-21
-26
-25
-26
-27
-25
-31
-32
-29
-29
-28
-31
-31
-27
-24
-25
-25
-23
-24
-23
-18
-17
-14
-17
-14
-8
-7
-3
-1
5
3
6
8
10
15
21
24
27
29
30
33
37
40
41
41
46
45
47
46
47
47
48
46
44
42
40
39
38
35
31
28
19
13
9
0
-7
-15
-25
-31
-37
-44
-54
-64
-69
-75
-78
-87
-95
-96
-98
-95
-99
-103
-107
-104
-105
-102
-94
-91
-82
-76
-66
-57
-55
-46
-31
-22
-14
-2
5
17
28
41
55
65
75
84
91
107
117
126
138
145
152
156
159
161
166
166
165
160
151
149
143
134
126
117
107
96
84
71
55
44
29
14
-2
-19
-34
-47
-57
-71
-86
-99
-111
-121
-131
-145
-149
-153
-159
-162
-168
-167
-164
-165
-159
-156
-153
-148
-141
-130
-124
-113
-101
-94
-82
-69
-59
-48
-37
-25
-11
0
14
25
37
48
57
68
81
93
106
116
124
131
140
156
166
172
178
184
187
192
197
196
198
192
190
191
183
169
160
145
133
118
91
71
46
24
-6
-37
-64
-93
-127
-156
-190
-222
-248
-277
-301
-325
-355
-374
-386
-399
-402
-409
-423
-424
-415
-406
-388
-379
-369
-344
-322
-284
-253
-224
-190
-145
-109
-68
-19
26
74
121
167
205
254
305
349
388
427
457
499
542
560
572
589
598
612
623
614
603
593
568
556
536
500
465
424
382
346
301
248
193
142
89
34
-18
-71
-124
-172
-223
-271
-313
-352
-387
-418
-450
-475
-491
-510
-518
-525
-527
-526
-518
-512
-501
-482
-465
-443
-418
-389
-360
-330
-302
-274
-242
-209
-170
-137
-108
-76
-45
-14
17
50
79
106
134
161
187
217
243
265
292
313
337
359
379
399
415
431
440
451
456
458
460
454
443
427
411
387
360
326
288
249
204
159
111
61
3
-54
-106
-159
-209
-266
-320
-371
-415
-455
-495
-528
-560
-585
-604
-617
-630
-638
-634
-629
-620
-608
-587
-562
-533
-497
-458
-413
-372
-325
-275
-223
-169
-113
-57
1
63
117
177
232
288
338
385
430
476
518
551
584
612
635
651
664
672
674
673
667
653
637
614
591
561
524
487
439
398
351
305
257
201
151
98
40
-5
-53
-106
-154
-194
-237
-278
-316
-348
-380
-407
-428
-448
-466
-485
-491
-497
-499
-498
-493
-482
-476
-464
-447
-431
-410
-391
-365
-338
-308
-280
-248
-216
-186
-150
-119
-84
-54
-22
12
48
75
108
140
180
213
230
253
287
319
357
380
391
411
434
457
482
492
490
506
504
507
522
516
499
470
430
408
410
379
314
257
224
150
101
70
-13
-78
-129
-223
-284
-327
-400
-460
-518
-571
-629
-688
-731
-742
-767
-823
-855
-843
-835
-875
-880
-829
-802
-796
-751
-704
-691
-647
-561
-474
-397
-395
-328
-210
-108
-24
63
135
211
267
359
515
534
653
694
757
828
847
950
1090
1041
979
1135
1077
1029
1229
1134
1161
1109
871
865
705
285
1819
2636
-664
-1627
589
1686
1235
409
-929
-1083
281
935
354
-919
-1411
-544
350
-47
-1006
-1231
-971
-333
-214
-910
-1285
-1043
-578
-385
-702
-1093
-1019
-760
-460
-499
-811
-856
-653
-284
-152
-640
-875
-445
29
46
-286
-481
-304
-50
282
252
-190
-166
347
644
452
114
105
392
634
847
693
370
418
690
915
835
590
653
823
804
843
768
568
509
611
806
520
262
392
400
252
151
137
176
164
-262
-110
-242
-554
-310
-486
-651
-458
-554
-705
-586
-1279
-660
-366
-2032
-1249
-835
-1202
889
1140
-2656
-3141
-805
-122
-211
-934
-1690
-1610
-15
326
-511
-941
-767
-324
89
448
139
-500
-343
1224
808
148
349
581
999
918
1015
1083
896
949
1434
544
798
1989
1348
707
733
1374
1144
1039
386
637
983
1063
1171
453
-710
-38
1350
734
571
-557
-721
-143
739
317
-572
-1116
-561
232
-319
-456
-758
-1266
-479
-180
-949
-792
-442
-1366
-1188
-351
-242
-1149
-659
-1093
-1173
9
-411
-667
-950
-352
-592
-357
271
380
-948
-314
627
373
616
94
164
568
828
1106
961
164
855
1089
1044
1134
692
883
885
675
916
865
638
319
402
391
183
426
-148
-544
-212
-50
-360
-1175
-525
-272
-951
-1655
-1037
-456
-1072
-428
-1764
-1578
-1483
-129
-459
-870
-2120
-1711
695
206
-2051
-1050
997
-1800
534
0
-1148
-173
838
172
-774
556
382
32
385
894
287
-236
69
2358
1113
-701
-415
-357
3809
2639
-3470
844
972
1271
1076
679
1074
-2417
3282
115
-604
2517
-2413
3352
-164
-2794
3459
-723
1546
-908
731
-1990
1107
2949
-1250
-1549
-114
1106
556
-354
-168
1219
-4643
2102
3073
-1107
-3393
250
426
283
2292
-4676
-289
1138
-2079
3489
-3889
-2261
3097
-1633
-256
-1424
-260
-293
1276
-2782
442
761
-645
2107
-772
-1462
826
2270
-152
1880
525
-440
1694
2887
149
286
2220
716
1513
2015
307
-125
1779
332
674
452
-112
-448
84
-1015
-678
-1608
-319
528
-3464
-1964
-1911
-1132
106
-3382
-3313
-452
-448
-2797
-2646
-996
-955
-1676
-2715
-499
643
-509
-3450
-1556
324
1289
-1495
-494
2811
-3585
-923
3441
921
-1101
571
2040
119
1154
1363
1679
-222
3522
1400
-824
1892
3457
2547
186
-154
1445
2617
2042
697
436
1420
540
594
1061
231
2663
-1106
-2085
1773
1010
532
83
-4840
-1269
5902
-1772
-2519
-3890
617
3310
-3675
-176
128
-3899
-657
129
2188
3768
-9562
-4265
5918
1046
661
-1081
-3770
-3330
2806
2719
-382
-1449
-964
-1465
506
373
2943
-1586
-1810
-1616
738
2357
413
-3929
-1240
1230
-130
1024
-617
671
3796
2770
-2941
-1602
2924
5943
4185
-870
114
2516
3905
2227
693
1500
4318
3975
1536
77
639
1878
2254
590
105
962
-186
-2326
-2714
-708
-1199
-1973
-2771
-4193
-3885
-2785
-3277
-4195
-4859
-3046
-1798
-2789
-6859
-3965
-1578
-2491
-1457
-2322
-4717
-1509
1646
-2835
-3351
124
2662
328
-1547
-712
-82
3598
2136
-2623
2787
6230
-206
759
67
3312
6637
2458
239
45
6512
3734
698
1844
1195
3551
1975
1889
1542
2158
1668
-2888
675
5074
3010
-2206
-1793
-1534
236
3794
-589
-3181
-1605
-3701
3258
-732
-3748
-40
-4816
-2641
991
2738
-2234
-3866
-3971
2749
-1581
-1596
3304
-3167
-3557
825
1570
-1865
-547
1780
415
-3626
-1038
3343
678
-3784
-769
385
470
16
-1590
-1250
-370
-1901
-4040
450
4050
7302
4470
-1671
-7223
-2136
9561
12650
6342
-2387
-1330
5747
6778
3332
2750
5210
6026
3902
2009
3040
3732
1120
-363
781
5139
4273
-2854
-6228
-5593
-1888
-240
-1752
-4715
-7177
-8216
-7537
-6784
-5783
-4892
-5952
-7390
-8180
-8359
-5923
-4582
-5122
-5477
-4550
-3062
-2274
-3767
-3881
-1069
-676
1141
3381
1912
-678
810
1779
4053
7031
6221
3366
2138
3891
6472
7755
6215
5264
6274
5992
4331
3997
2545
4229
5652
5232
2130
-274
-1067
-197
1684
1182
1297
1591
-2888
-5569
-2645
1565
-541
-2001
-1636
-5239
-588
-1176
-7733
-4704
3236
331
-5066
-1204
-2826
-2095
-827
-2711
2113
3500
-3752
-5219
187
3960
63
-2659
-1199
-1283
-328
1339
2278
-3726
-4687
-1435
1455
3171
-1793
-5522
-5770
-2246
1180
521
2166
9435
7676
-2354
-10167
172
17352
15971
3609
-1646
7248
12187
3806
-581
7923
16536
11603
1139
-1444
5721
8542
2338
-941
2647
7783
1851
-8620
-9487
-3674
-173
-3870
-7738
-8046
-9240
-11963
-13468
-11896
-9054
-6843
-8750
-13120
-15185
-12602
-7917
-7746
-8670
-7447
-4802
-4161
-7538
-7495
-2913
1773
2833
1312
1161
2719
3707
3230
4704
8654
11140
9820
6674
7114
9941
12534
12664
9375
6290
7250
8841
7452
7712
6595
3300
1556
1683
3353
2875
667
-2932
-4156
-2075
-626
-896
-4624
-6924
-7008
-3918
-2951
-4972
-5298
-5434
-6069
-4648
-2257
-2593
-3308
-2523
427
573
-2990
295
1884
-334
1474
3188
1401
1194
148
462
1950
-463
-569
982
1263
-1488
-2695
-1727
-1256
-1712
-3342
-3162
-3166
4225
14757
12190
-3498
-18043
-2116
21982
22411
6239
-1780
6722
9336
863
2579
16244
21256
8423
-3975
-552
10928
9088
-2377
-3353
6297
11297
-2877
-15095
-11064
-3744
-3559
-8756
-7092
-5966
-13824
-21527
-19612
-10770
-6272
-8153
-13947
-16729
-16894
-13913
-9679
-9180
-7903
-6458
-5267
-5911
-8174
-6277
-2042
1905
3499
3636
4555
4498
2978
2977
8427
13856
14983
11900
10343
13859
12321
8869
8306
12879
16288
11258
6674
4436
3430
2929
3996
5390
4451
977
-3431
-5633
-4930
-865
203
-3686
-5944
-6716
-7001
-8158
-6703
-3807
-4929
-5919
-5322
-5198
-5087
-3442
-1949
-1249
-697
123
791
-734
-137
1919
2215
2576
3665
2746
674
-368
2649
2599
-232
-86
-300
154
-290
-2101
-3567
-4114
-842
16960
21111
4216
-18857
-12278
19755
26538
11001
440
10391
15091
-240
-5378
13362
27448
14778
-4168
-2207
11726
10225
-7894
-7537
8082
15091
-2766
-20691
-13006
-4331
-8076
-15277
-10030
-2681
-12919
-26834
-26391
-14104
-8451
-11520
-15778
-15775
-15375
-17769
-15286
-10867
-5830
-4662
-7440
-6485
-6088
-4416
-1881
1147
4858
5890
7127
6206
5183
5469
10152
14399
15106
16146
17917
15072
6333
5254
12513
17812
15043
10272
7669
2586
-535
2225
6028
5650
2587
-1085
-5202
-5737
-3298
-2435
-4475
-4264
-3281
-6968
-10216
-7559
-4179
-5366
-6227
-3403
-2667
-4698
-4758
-2385
-531
-66
469
862
1268
2032
1902
517
1781
3741
3206
531
-109
1403
-216
-1494
-778
948
-851
-3164
-4117
-2892
-902
14904
22633
8382
-13748
-13872
17001
27520
14983
5581
13408
17067
638
-5793
13247
30794
19990
-1931
-2945
10508
10369
-7974
-7799
8770
13887
-5376
-23796
-14577
-5554
-11117
-18929
-13478
-5368
-15772
-30095
-29712
-16503
-10595
-14849
-18906
-17410
-15387
-18864
-17491
-11408
-4821
-3567
-7361
-6239
-4711
-2436
57
2893
6702
8170
9444
7902
6942
8509
13000
15061
15184
17931
20614
16266
6485
6386
13285
16600
13120
9971
8084
1364
-2972
442
5206
4541
217
-4171
-7249
-6350
-3857
-3817
-5646
-4742
-4590
-8881
-10057
-5684
-3023
-5889
-6510
-2706
-1733
-3669
-3355
-13
1957
1463
457
991
2924
4486
3051
1431
2876
4299
1962
-214
848
1729
-816
-2672
-986
-436
-2581
-4668
-4530
-2203
16341
23053
8076
-15656
-14573
17858
26088
14191
8247
17656
15326
-5343
-6239
16899
32212
16969
-3399
-1547
10666
7605
-7764
-1936
12783
11321
-10830
-22035
-7549
-2468
-12581
-19424
-9887
-3924
-17892
-29643
-24523
-12569
-12176
-17511
-17546
-13634
-15195
-21413
-17312
-8236
-2358
-5542
-9639
-5526
-3268
-2199
-1279
3449
8484
8008
6045
5060
8395
11466
12826
11833
14316
17762
15648
12508
9293
11489
10667
9646
11618
10587
7015
95
-1946
374
2980
2434
-1011
-3633
-5271
-5803
-6769
-3930
-2077
-3575
-7043
-9201
-6240
-4875
-4470
-4454
-3645
-2682
-3677
-3389
-1138
1530
1489
280
654
2508
3592
2726
2664
3483
3671
2405
1124
1309
1115
372
-769
-1100
-918
-1886
-2261
-3176
-487
15072
19063
5763
-13570
-9060
16930
21098
10976
8610
17330
11962
-7380
-4643
20200
31028
12445
-4126
1133
10658
2829
-8404
2779
14120
5628
-16001
-18690
-3501
-4182
-16048
-18521
-7321
-6486
-21772
-28210
-19327
-11800
-16470
-20117
-15650
-10861
-15664
-21628
-15891
-7200
-3656
-7736
-8222
-2787
-2011
-2906
-1800
4855
9188
7485
5384
6610
10574
11464
10684
11482
16655
17770
14687
11415
10584
10756
7343
8938
12420
11370
4308
-2792
-2162
1025
1443
-295
-1000
-2257
-5882
-9031
-7056
-1808
-2028
-5416
-8053
-6563
-4513
-5178
-4800
-3432
-1958
-2793
-3593
-1197
1983
1796
-456
-272
2554
4423
3541
2666
3106
3042
1912
1223
2344
2376
635
-1153
-1277
-273
-1467
-2829
-2257
-403
11954
18732
8915
-7509
-10466
9774
18846
13356
12711
17482
11832
-5996
-6233
15703
28384
16418
1371
1248
5632
865
-6034
3413
12561
4785
-12631
-18131
-6826
-5565
-14040
-16001
-9448
-9138
-20515
-25442
-18876
-13775
-17098
-19506
-15761
-12020
-14829
-19774
-16168
-8993
-4879
-6361
-7212
-2660
-1755
-2959
-1992
3932
9934
8853
5970
6358
9829
11884
11319
11746
16045
16768
13580
13698
13323
11368
5831
6704
12273
10512
5059
-38
-1596
-1989
-1931
-835
-488
-2252
-5728
-9042
-9125
-3946
-2382
-5151
-7244
-6906
-5830
-6759
-4250
-1706
-2557
-3846
-3251
-1178
742
1977
2232
981
813
2708
3924
3794
4172
3082
1700
2270
2373
1935
-217
452
355
-1899
-1925
-1224
-795
290
13427
19380
7177
-10029
-7289
14892
19414
12773
12698
18458
10354
-7717
-2440
20705
29406
12399
-1917
2593
6993
-729
-6132
6696
13131
-536
-18247
-16276
-3486
-7166
-16616
-16261
-8956
-12459
-24284
-24685
-16564
-13688
-19639
-21122
-15222
-11822
-16169
-20200
-14689
-7847
-5682
-8064
-6490
-1173
-1029
-2789
-1807
5437
10500
8885
6349
7438
11707
12186
11366
13193
17438
16115
10546
11383
17485
16309
6162
4239
10137
9886
2494
1340
5183
-361
-8116
-5480
1033
-789
-6762
-7760
-6851
-7345
-7228
-4852
-3921
-4632
-7026
-8467
-5234
-1199
-1439
-4506
-2785
459
-716
-1191
2604
4474
822
-70
3309
5157
2591
1467
2652
2408
1394
-71
98
452
-302
-2195
-3275
-1290
-640
1002
13977
19255
7528
-10309
-6100
15962
20336
13891
14982
19340
8486
-7206
1036
23957
28502
11462
261
3466
5832
-1392
-3071
8770
10751
-3095
-17756
-14210
-4987
-9521
-16347
-14782
-10579
-16024
-24357
-23176
-17076
-16648
-20420
-19809
-15626
-13372
-16698
-19138
-14818
-9078
-6060
-7269
-4620
-744
-648
-2372
-1200
5239
10762
8496
6617
7892
10150
14574
12272
15066
20167
15724
8061
13524
15108
13270
8974
6661
10782
5938
-234
2074
3842
-1951
-5616
-5734
-2346
-3658
-7478
-6205
-5823
-7223
-7220
-6295
-4472
-3215
-6568
-6707
-2767
-2108
-2299
-2464
-844
498
-1449
-430
3619
2839
647
1464
3129
3971
1867
1001
2238
1610
-317
-796
-679
750
-1021
-3517
-3285
-1943
-2578
1450
16450
19832
6310
-10852
-3971
16796
19563
15337
17595
20089
7504
-6930
3700
25966
28145
11018
1809
4919
6040
-1881
-2348
9460
9122
-4756
-16900
-12538
-5537
-11804
-18525
-16305
-11796
-16170
-23450
-23529
-19184
-18768
-22065
-20320
-14923
-12057
-16093
-19958
-15841
-8874
-4932
-5951
-3690
119
-331
-2667
-967
7688
12884
10471
7245
9245
12597
11524
10491
15254
19807
14584
8356
11214
15964
12220
6110
8984
10751
3311
-1814
1865
3582
-2736
-6173
-3084
-2298
-6533
-7692
-5573
-5499
-6941
-7297
-5131
-3320
-3925
-6111
-5584
-1848
-819
-2772
-1792
1564
696
-1778
1094
5121
3498
164
1502
4088
2759
1196
1578
2147
518
-958
-1408
-1397
-1661
-3661
-4553
-4399
-2248
-3122
1393
15327
17702
5074
-9589
-1592
16627
19538
16270
18241
19880
7621
-3635
6576
25570
26833
11463
3234
5716
6650
-709
-1215
7442
6733
-5021
-15591
-11441
-6603
-12908
-19529
-18040
-13280
-16125
-22374
-23460
-20528
-20523
-22575
-20288
-14554
-11332
-16174
-19889
-15857
-8768
-4598
-5196
-2458
1165
469
-1889
538
8736
13156
10928
8532
11170
13602
11760
10666
15107
19216
14003
9032
12031
15511
10127
3803
7748
10064
2984
-2876
414
1910
-4793
-7867
-3434
-1906
-6878
-8818
-6445
-5570
-7041
-6727
-3843
-2844
-3527
-4754
-4039
-1203
-14
-883
-680
1782
2203
502
1642
4436
3920
1356
2053
3749
2746
847
631
1477
-284
-1701
-1957
-2691
-2825
-4870
-4876
-4555
-4012
-4328
129
14353
17992
6688
-8418
-2889
14471
19473
16669
18242
22196
11376
-2333
4066
23201
28014
13435
4712
7356
8506
519
-3847
4026
6934
-2382
-14506
-12727
-6369
-11392
-21471
-22605
-14453
-13696
-21075
-24135
-20301
-19335
-24435
-23619
-15303
-8968
-12629
-18476
-15919
-9642
-5864
-5726
-1932
3405
3662
-41
-276
6501
11813
11506
9550
11477
14305
12606
9785
10942
15463
15758
11827
10642
12617
11551
5273
3123
6442
6670
1143
-2425
-919
-2020
-6160
-7090
-3970
-3548
-6278
-7170
-6262
-5855
-5888
-4623
-3357
-2707
-2101
-2001
-2163
-1451
226
628
380
1552
2998
3179
2504
2744
2916
2244
2213
2410
2205
1209
1314
676
-1316
-2955
-3137
-2697
-4042
-4761
-4366
-4541
-5418
-4545
4774
14697
14795
3080
-6453
543
13347
19189
16978
17279
18231
11030
2086
5021
19326
24619
14562
3876
4353
9112
4475
-2570
-2302
2166
-434
-10106
-13045
-8734
-8668
-18269
-25085
-20025
-12259
-13679
-21051
-22508
-19905
-20348
-22017
-18315
-10355
-8579
-12975
-15512
-11836
-5945
-3355
-1859
423
2974
3072
2605
4959
8655
10527
9407
9419
11333
12367
11864
11355
11738
11310
10734
11442
11891
9805
6715
5365
4506
2881
1478
1111
-68
-2741
-4379
-4532
-4430
-4765
-5071
-5337
-5746
-5056
-3654
-3342
-3744
-3091
-1560
-838
-501
691
1800
1010
-204
929
2894
3522
2664
2446
2850
2428
1481
1034
1123
931
517
-442
-1345
-1480
-1413
-2661
-3929
-4151
-2990
-3049
-4480
-4621
-1352
6030
12144
12013
3075
-3364
166
10042
15792
15076
14589
13862
10008
4243
4644
11243
15677
13048
6803
3670
4344
3907
806
-3145
-3971
-3726
-4908
-7155
-8332
-9846
-14322
-18589
-18802
-15322
-13136
-13728
-15213
-17156
-18879
-18647
-15327
-11028
-9424
-9388
-9054
-7304
-5804
-4144
-2203
60
1348
1826
3452
5972
8074
7589
6007
5718
7295
8698
9454
9923
9838
8115
6503
7196
9366
9512
7737
5729
3926
2293
1670
2528
1848
-852
-3129
-2817
-1985
-2321
-3013
-2767
-2402
-2444
-1581
-148
1046
1101
5
-831
-897
225
2138
2276
1093
880
202
-340
194
363
-172
-426
1022
2916
1312
-1832
-1412
-586
-1731
-1614
-847
-417
-298
-1077
-2601
-3705
-3807
-1921
-940
-2858
-3807
-1188
4521
9992
10223
3457
-2495
-1895
4644
10849
13298
12017
9563
6501
3508
3547
6536
9362
9004
6374
4101
3632
2924
1377
-996
-3372
-5367
-5763
-4639
-3251
-4657
-9436
-14473
-16187
-14310
-11917
-10596
-10462
-11531
-13518
-14599
-13294
-10343
-8174
-7084
-6342
-5211
-3963
-2279
-876
74
121
127
1467
3965
6580
7308
6011
4240
3773
4588
6054
7221
7832
7188
5861
5209
6066
7595
8605
7804
4777
1214
-641
644
2503
2335
385
-1449
-2467
-2429
-1110
36
-549
-1386
-390
997
1628
1283
705
-1194
-2121
-688
1120
1443
616
-78
-2766
-3070
-1612
-697
-43
1395
2493
196
-2197
-1329
981
550
-1459
-1822
-327
1383
654
-1642
-2068
-2205
-2549
-2399
-1971
-1256
-2280
-3809
-3477
215
6308
11626
9838
2058
-3339
-1247
5438
10895
12849
11637
8705
5052
3850
4697
6328
6934
6092
4494
3711
3553
2571
-31
-3018
-5297
-7230
-8091
-6657
-4446
-5597
-10104
-14513
-15455
-14478
-12966
-11122
-9563
-9559
-10609
-10770
-9402
-7783
-6631
-5385
-3725
-1953
-537
667
1586
2378
2255
1794
2138
4421
6857
7427
6727
5922
5025
4158
4065
5223
6254
5861
4973
4802
4627
4067
4621
5370
4411
1744
561
972
1296
750
75
-913
-2168
-2201
-1065
-109
-515
-861
-755
-659
-267
758
768
-257
-831
-807
-917
-507
-3
250
-860
-3110
-3071
-714
-35
-995
302
1019
-68
-590
-359
-977
-971
-998
-1357
-1028
-815
-994
-1058
-1774
-2617
-3061
-3277
-3515
-3602
-3591
-1409
4952
12621
15204
8352
-152
-1938
3514
9517
13746
15452
14548
11017
7305
5548
5441
5609
5232
4446
3762
3753
2944
432
-3233
-6470
-10440
-13421
-13117
-9281
-7265
-9077
-12596
-15121
-16954
-18047
-16777
-13646
-10429
-8592
-7598
-7194
-6965
-6636
-5621
-4101
-1659
1019
3389
4908
6575
7417
6480
4605
4497
6403
7865
8498
9053
9365
7782
5277
3599
3114
2727
2801
4058
5972
6663
5396
2193
-1899
-5228
-5730
-3507
-1280
-531
-1041
-1818
-3088
-4129
-4242
-3552
-2690
-1310
877
2647
3411
3549
2971
1317
-385
-323
1184
2607
3230
3201
2271
430
-979
-1544
-1163
-306
403
-95
-1018
-1583
-2134
-3116
-3889
-4025
-3779
-3799
-3658
-3445
-3393
-4241
-5410
-5750
-5701
-5825
-4686
2507
13659
21450
17599
7426
1164
4252
10868
15713
18955
21347
20626
14841
8647
6479
8033
8030
4875
1104
34
164
-320
-3045
-6580
-11768
-17280
-21091
-20427
-17146
-14730
-14168
-14976
-16840
-20308
-22313
-20331
-15137
-10628
-8397
-6966
-4771
-2656
-1100
69
2222
4009
4952
5559
8241
12115
14286
13471
11387
9954
8429
7071
6994
8318
8590
6689
4110
2319
543
-1228
-1889
-1089
-1246
-2645
-3852
-3627
-3508
-3951
-4205
-4406
-5133
-5558
-4294
-2271
-745
494
1408
1255
736
1676
3499
4332
4723
5509
6062
5044
4334
4174
3483
1753
789
798
316
-289
-369
-498
-1732
-3151
-3968
-4850
-5351
-4905
-4051
-4198
-4787
-4825
-4968
-5659
-5878
-5629
-5094
-5240
-4918
-4860
-1489
7895
19606
24232
17519
9875
7885
11950
14785
17832
20941
22437
19416
14068
11261
11201
10402
5450
-1433
-4757
-4631
-4567
-6755
-8163
-8918
-13739
-21541
-27296
-25782
-22117
-19190
-18550
-18452
-18976
-19344
-17797
-14940
-11667
-9417
-7946
-5945
-2766
1853
5811
8953
10592
10246
8732
8191
10776
13331
14472
13869
13165
11236
8252
6450
5931
4974
2094
-796
-2292
-2948
-2448
-1750
-1622
-4281
-7681
-9761
-9869
-8682
-7057
-4780
-3927
-3746
-3392
-1666
-3
847
1593
2277
3407
5142
7584
9290
9294
8706
7481
6137
4654
4667
4872
4130
2680
1425
616
-632
-1285
-2141
-3653
-5720
-6599
-6252
-5868
-5401
-4844
-4958
-5949
-6660
-6154
-5650
-5297
-4572
-4073
-3248
-3279
-2713
-3511
867
11561
24134
26962
19498
13500
13224
16870
16698
17792
18992
19772
16749
13281
12307
11412
8372
1755
-4539
-8903
-12385
-14219
-13636
-9961
-10845
-17852
-25489
-26879
-23799
-23442
-23987
-23139
-19476
-17735
-16756
-13817
-8783
-4360
-3391
-3633
-2831
-40
4078
8258
13149
15635
14944
12291
12109
14215
14119
11704
9141
8850
7428
5071
3844
3869
2481
-1822
-5471
-7491
-8093
-7785
-6340
-5126
-6504
-8203
-8283
-6548
-5364
-4950
-4446
-4014
-2626
-263
2728
4693
6030
7057
6799
6271
6888
8941
9421
8639
8177
8179
7208
5661
4905
3466
850
-1670
-2522
-2789
-3364
-3789
-4544
-5699
-6760
-6941
-6948
-7202
-6654
-5918
-5376
-5219
-4010
-2977
-2638
-2848
-2180
-1991
-1502
-1310
-788
-1740
633
10200
22534
28384
22797
17196
15292
17964
16351
14725
14081
15257
14270
10824
9039
8786
8684
3746
-4476
-12294
-17207
-18359
-17494
-14856
-14437
-17386
-20711
-21966
-20982
-22086
-22284
-21339
-18581
-17484
-16076
-11934
-5429
368
2277
1781
1616
3035
5606
7668
10463
12600
13480
12984
12941
13962
13311
11354
7949
5001
1422
-1009
-1409
-852
-1193
-3824
-6157
-8019
-9139
-10241
-10128
-8026
-6101
-4349
-2927
-93
1331
1451
991
1259
1271
1163
2885
5427
7420
8347
9510
9953
8946
7738
6787
5804
4626
4479
4443
3587
2604
1561
-304
-3116
-4696
-5635
-6890
-8069
-7790
-7077
-6822
-6039
-4519
-3758
-3950
-3962
-3480
-3154
-2598
-1546
-564
105
904
1433
1643
1412
1363
843
-155
-1405
-1038
5915
16734
24781
21561
16159
14826
17624
15452
10426
8638
9741
9413
5468
4052
6036
8933
6052
-2600
-11167
-15241
-16010
-17201
-17841
-16623
-16210
-17092
-18291
-16660
-15455
-14752
-15280
-15757
-16589
-15765
-11336
-4994
459
2751
3494
4592
6287
7560
7549
8334
9438
9215
7410
7073
10029
12203
11196
7186
3800
769
-1970
-4159
-5114
-5304
-6286
-7485
-8266
-7753
-6599
-5856
-5492
-6162
-6700
-6234
-2694
2154
5589
6989
7983
9460
9971
10440
11104
11193
9163
6743
5718
5756
6336
6868
6288
3847
1495
687
-122
-1695
-3190
-4078
-5822
-7346
-7190
-6028
-5908
-6678
-7396
-8108
-8050
-6528
-4297
-3152
-2633
-1606
-324
909
2187
3372
3648
2895
2217
1597
1585
1581
1568
954
-2
-381
-1341
-2284
-3466
123
7868
15543
16195
12048
11139
13665
14479
10095
7355
8121
8866
5429
2144
3837
8321
8490
2112
-5057
-7705
-8580
-11407
-15207
-15180
-13666
-14281
-16579
-16189
-12787
-10563
-11206
-13318
-14216
-13471
-11413
-8524
-5007
-1435
1352
3187
4797
6429
8029
8959
9259
7659
5393
4508
6477
8344
7610
5557
4356
3528
1128
-1873
-3517
-4091
-5486
-8158
-9667
-8483
-5886
-4398
-4367
-3917
-3292
-2704
-2465
-1112
936
4380
9173
12556
13204
12413
12977
11991
8876
6110
5202
3813
1557
1369
2370
2801
2569
2424
572
-2449
-3712
-4373
-6081
-7687
-6858
-6062
-6673
-6164
-4389
-3591
-4250
-4140
-3793
-3905
-3097
-1015
505
1199
2548
3655
3513
3176
3446
3032
1218
144
-578
-1343
-2289
-2059
-2170
-2965
-3546
-4128
-5223
-5111
1202
9526
14131
11729
10382
12815
15095
12962
9606
10051
11465
8827
3926
3289
8107
10143
5525
-1160
-3289
-3730
-7688
-12934
-14730
-12958
-14441
-17756
-18686
-14456
-10523
-10585
-12368
-12724
-11259
-10379
-9658
-7151
-3389
-83
1369
3226
5764
8688
10182
10232
9013
6973
6033
6009
6508
5520
4328
3750
2888
949
-1260
-1530
-1639
-3890
-7546
-9427
-8537
-7630
-7385
-6807
-4637
-2966
-2704
-2379
-340
2497
3421
3798
6299
10707
13743
13519
12661
11718
10467
8106
5800
3960
2374
912
-689
-1514
-938
397
15
-1837
-3209
-3736
-4548
-5693
-5653
-5169
-5193
-5238
-4697
-3622
-2671
-1831
-1763
-2220
-1979
-747
111
542
1143
1974
1998
1596
1725
1622
933
-323
-1463
-2263
-2728
-2813
-3490
-4071
-4708
-4637
-4980
-5148
-5240
-3647
2841
10276
14332
12059
12083
15998
17712
14140
10366
11913
12337
7720
2957
4413
9401
8949
3065
-2139
-2161
-3176
-8561
-13993
-14381
-12670
-16140
-19815
-18775
-12709
-9677
-10985
-11523
-9900
-7635
-7793
-7598
-5146
-1787
91
411
2438
5931
9396
10626
10615
9339
7681
6798
5903
4778
2654
1933
1520
84
-1520
-1714
-410
-1283
-4551
-7642
-8279
-8020
-8987
-9646
-8124
-5299
-4307
-4016
-1833
2153
4148
3391
3527
6680
9480
9534
9031
11319
13652
13049
11429
11319
10970
7852
4004
1794
608
-492
-1595
-2677
-3396
-3013
-2659
-3802
-4831
-4571
-4839
-7085
-8066
-6844
-5676
-5733
-5009
-3425
-2685
-2187
-1071
-216
-102
165
467
331
547
1513
1792
1112
943
1125
703
-189
-751
-1216
-2310
-3194
-3949
-4074
-4293
-4471
-4948
-5359
-5276
-4004
1730
8698
12539
10879
11155
15235
16673
13502
10565
12206
11740
6754
2966
4966
9497
8502
3785
252
622
-1061
-6862
-11076
-10937
-10563
-15396
-18693
-16506
-11542
-10051
-10951
-9951
-8286
-7356
-8133
-7594
-5380
-3282
-2579
-2477
129
3698
6784
8311
9398
9169
7657
6708
5858
4478
2347
1666
857
-978
-2075
-1156
62
-1440
-3756
-5201
-5524
-6590
-8147
-8288
-6772
-5159
-5310
-4397
-949
3046
3949
3435
4910
7220
8500
8573
10106
11858
13134
13140
12374
11884
11255
9676
5646
2430
899
-735
-3566
-5134
-4421
-4858
-6095
-6333
-5257
-5510
-6394
-6603
-6956
-7206
-7070
-6008
-5503
-4277
-2667
-1604
-780
712
2338
2212
1848
1994
2214
1763
1694
2260
2138
1714
1000
634
-117
-771
-1825
-3296
-4289
-4988
-5453
-6395
-6214
-5859
-5771
-5924
-5967
-5554
-5162
-464
6666
11990
12260
12183
16605
19466
18296
15067
15771
16234
11489
5880
5124
9075
8994
4267
295
521
-128
-5269
-10198
-11514
-11761
-16711
-21512
-21574
-17472
-14909
-15222
-13690
-10871
-8119
-7767
-6959
-4594
-2660
-1914
-1698
390
3320
6481
9195
11202
11672
11307
11405
10743
8822
5959
4471
2808
-25
-2507
-2883
-1537
-2282
-4308
-5592
-4992
-5207
-7531
-8821
-7873
-6501
-7345
-7371
-4336
-120
1919
2605
4804
7368
8569
7822
8113
9298
10206
10139
10221
12302
13620
13120
10633
9096
7585
4147
71
-3100
-4893
-7701
-9899
-10408
-9350
-8565
-8366
-7915
-7381
-6510
-6550
-6590
-6373
-5400
-4987
-4855
-3087
-513
1444
2050
3325
4585
4752
4076
3610
3416
2640
1840
1120
1181
1369
1186
257
-493
-628
-1448
-2780
-3998
-4332
-5052
-6004
-6355
-5755
-4666
-4380
-4345
-4258
-3703
-3646
-2333
2977
9860
13196
12476
14063
18402
19892
17071
15008
15549
13399
7503
2991
3674
5351
3171
-1156
-3016
-2486
-4483
-8916
-11687
-11802
-13782
-18465
-20950
-19231
-16146
-14695
-13179
-10446
-7343
-5047
-3355
-1241
752
2068
2419
2994
4181
5894
8190
10513
11657
11116
10855
11122
10110
7164
4514
3025
517
-3143
-5458
-5091
-4639
-5951
-7413
-7151
-6139
-6666
-7938
-7728
-6253
-5989
-6891
-6055
-2885
41
1395
3031
5910
8238
8879
9078
10015
10677
9880
8336
7296
7022
6569
5638
4712
4653
5210
4805
3307
1970
1179
-1202
-4942
-7244
-7776
-8937
-10735
-10286
-8223
-6812
-5772
-3608
-1532
-929
-640
-213
-30
151
802
1001
937
1936
3138
3186
2935
3497
3246
1567
320
69
-722
-2197
-2846
-2801
-2857
-3041
-2912
-2665
-2353
-2222
-2744
-3255
-3194
-2921
-3364
-3510
-2832
-1992
-1642
-1382
-503
-114
-242
-690
519
3429
6712
9290
10983
13048
13901
14125
13699
13209
11595
8603
5804
2994
1350
104
-314
-1208
-2290
-3214
-4418
-5377
-6799
-8045
-10081
-11764
-13159
-13874
-13232
-11478
-9112
-7688
-5733
-3470
-1234
126
1265
2623
3143
3246
2996
3621
4550
5586
6031
6080
6437
6413
5897
4615
3511
1729
-819
-3395
-5127
-5894
-6538
-6724
-6793
-6416
-5930
-5320
-4741
-4184
-3442
-3156
-3029
-2666
-1447
10
1394
2835
4419
6077
7407
8424
8918
9194
9037
8245
6920
5881
5239
4404
3382
2473
1850
1581
2183
2463
1465
54
-525
-1526
-3668
-4809
-4672
-5281
-6796
-6463
-4713
-3742
-3183
-1827
-661
-547
-128
420
324
166
520
118
-757
-297
758
650
101
491
431
-741
-1512
-1381
-1710
-2650
-3088
-3116
-3074
-2740
-2195
-1880
-1613
-1230
-1182
-1317
-1010
-658
-690
-748
-362
31
236
652
962
1167
1034
730
239
471
1750
2918
3818
4649
6123
7256
8217
9005
9355
9051
7843
6460
4809
3752
2703
1517
182
-847
-1490
-2227
-2544
-3027
-3756
-5077
-6262
-7313
-8135
-8345
-8310
-8085
-7888
-7077
-6074
-4801
-3339
-1983
-1036
-518
97
523
1102
1758
2332
2433
2471
2863
3197
3434
3485
3388
2746
1830
853
-123
-900
-1541
-2213
-3052
-3395
-3254
-3027
-2824
-2374
-1806
-1545
-1274
-851
-286
236
777
1208
1524
2154
3001
3852
4511
5123
5411
5267
5056
4829
4464
3697
2861
1917
1030
368
-159
-577
-964
-1202
-1617
-1554
-818
-272
-672
-1176
-861
-868
-1439
-1658
-1171
-1417
-2250
-2189
-1298
-647
-462
-74
68
8
53
224
167
106
40
-589
-1172
-1009
-514
-817
-1336
-1393
-1448
-1936
-2232
-1935
-1799
-2059
-2372
-2183
-1690
-1155
-871
-724
-441
-175
-40
-4
295
563
526
234
132
422
710
786
709
797
830
729
667
788
1092
1516
2136
2659
3205
3976
4800
5191
5237
5397
5357
4861
4104
3509
2957
2296
1538
748
158
-267
-771
-1520
-2132
-2631
-3417
-4431
-5157
-5508
-5842
-6062
-5942
-5495
-4898
-4141
-3313
-2494
-1639
-904
-385
65
607
1050
1323
1643
2054
2381
2599
2819
2915
2687
2212
1653
1029
286
-464
-1108
-1675
-2205
-2695
-2965
-3085
-3132
-3163
-3128
-2976
-2782
-2492
-2093
-1559
-1024
-502
122
902
1727
2483
3149
3710
4114
4374
4584
4712
4654
4367
3939
3472
3008
2569
2187
1722
1088
373
-238
-742
-1224
-1639
-2022
-2407
-2733
-2844
-2710
-2404
-1969
-1490
-1044
-590
-67
438
815
1084
1251
1260
1166
1097
1030
925
810
658
417
129
-116
-379
-759
-1206
-1662
-2120
-2552
-2860
-3012
-3033
-2930
-2712
-2395
-2000
-1569
-1186
-898
-665
-435
-195
52
311
555
769
983
1249
1557
1750
1708
1496
1281
1058
730
381
185
93
-75
-143
292
1245
2206
2836
3378
4088
4675
4789
4648
4568
4297
3458
2374
1662
1332
865
143
-436
-744
-1094
-1649
-2168
-2529
-3011
-3772
-4542
-5010
-5214
-5322
-5314
-5053
-4552
-3917
-3181
-2342
-1481
-757
-234
135
420
661
887
1098
1271
1394
1523
1675
1806
1845
1729
1419
897
232
-444
-1034
-1518
-1901
-2146
-2177
-1959
-1545
-1056
-574
-118
289
614
883
1154
1449
1683
1851
2090
2463
2853
3089
3161
3139
3004
2697
2279
1833
1322
688
23
-505
-815
-968
-1067
-1138
-1175
-1174
-1140
-1077
-989
-903
-848
-799
-689
-464
-131
249
573
809
984
1118
1162
1081
931
725
403
16
-313
-543
-751
-1015
-1266
-1425
-1539
-1669
-1755
-1747
-1694
-1651
-1566
-1379
-1137
-918
-697
-422
-123
124
318
502
656
735
747
730
669
515
315
126
-13
-125
-234
-343
-445
-516
-530
-512
-526
-589
-639
-642
-610
-489
-222
155
553
949
1496
2233
2967
3515
3897
4187
4295
4149
3837
3504
3067
2416
1623
915
363
-150
-687
-1190
-1622
-2050
-2513
-2924
-3188
-3348
-3524
-3694
-3723
-3574
-3293
-2930
-2467
-1908
-1348
-889
-515
-153
180
395
470
483
475
413
297
213
204
195
110
-22
-139
-240
-372
-533
-671
-788
-914
-1036
-1058
-926
-684
-406
-110
238
610
953
1249
1520
1750
1888
1918
1925
1981
2054
2068
2015
1946
1847
1681
1454
1220
988
719
404
123
-52
-155
-248
-337
-368
-360
-379
-431
-461
-456
-452
-461
-445
-379
-299
-253
-227
-204
-206
-271
-405
-563
-709
-839
-958
-1049
-1107
-1136
-1157
-1163
-1146
-1101
-1056
-1023
-994
-938
-833
-700
-555
-403
-237
-85
58
206
365
500
581
625
658
699
728
727
707
677
627
565
529
531
545
544
530
557
617
705
823
972
1144
1311
1481
1663
1861
2020
2101
2097
2018
1859
1611
1305
974
610
204
-209
-588
-917
-1215
-1488
-1726
-1918
-2092
-2250
-2375
-2452
-2493
-2513
-2502
-2436
-2306
-2131
-1910
-1655
-1365
-1075
-815
-582
-366
-181
-52
31
65
72
64
53
57
76
111
145
180
222
272
308
319
304
264
220
182
172
202
276
387
521
686
876
1066
1236
1367
1451
1484
1468
1417
1347
1277
1206
1133
1078
1032
993
952
893
808
693
554
395
220
50
-108
-252
-381
-484
-564
-629
-687
-747
-814
-885
-967
-1061
-1146
-1223
-1277
-1306
-1307
-1269
-1200
-1096
-966
-825
-683
-546
-409
-282
-153
-23
100
222
340
458
562
647
712
752
759
734
699
642
570
502
434
369
306
257
219
179
151
120
89
80
90
114
151
203
270
341
409
477
547
614
688
769
852
945
1033
1100
1140
1142
1084
970
800
587
341
79
-189
-448
-684
-902
-1097
-1282
-1453
-1620
-1777
-1920
-2041
-2130
-2182
-2186
-2139
-2040
-1900
-1718
-1510
-1294
-1075
-868
-672
-487
-318
-161
-11
125
256
370
475
557
605
627
615
575
509
426
344
265
206
173
160
177
221
279
344
413
481
545
600
654
712
771
833
898
976
1056
1134
1205
1260
1295
1306
1280
1225
1148
1043
926
795
661
539
426
327
237
160
87
10
-66
-153
-240
-329
-413
-495
-562
-616
-654
-678
-695
-701
-697
-687
-658
-607
-532
-434
-301
-164
-50
37
90
91
16
-91
-227
-373
-504
-582
-611
-586
-489
-364
-221
-81
47
120
141
128
74
-14
-101
-169
-231
-251
-230
-189
-129
-52
18
53
71
64
23
-34
-91
-141
-183
-190
-173
-133
-79
-18
35
72
98
111
110
118
137
171
228
308
377
428
447
423
337
215
60
-121
-295
-433
-535
-599
-616
-601
-568
-527
-487
-475
-479
-478
-494
-507
-491
-446
-387
-301
-198
-92
11
108
189
257
324
380
431
492
564
630
692
750
791
804
790
752
687
608
522
431
345
278
225
187
171
165
155
151
143
129
113
97
82
69
75
97
132
178
229
279
321
354
360
343
297
243
180
109
48
-12
-67
-119
-170
-224
-288
-360
-429
-506
-577
-636
-685
-700
-676
-652
-611
-553
-496
-432
-375
-337
-309
-288
-270
-243
-210
-177
-134
-82
-28
19
64
95
111
119
113
102
86
70
62
66
78
90
109
128
143
156
150
141
132
123
119
117
124
130
143
158
171
179
166
153
134
113
91
65
41
20
8
-8
-21
-34
-45
-54
-63
-71
-73
-70
-65
-58
-55
-48
-48
-47
-50
-54
-56
-60
-59
-58
-50
-39
-26
-10
3
8
11
13
2
-7
-15
-19
-27
-25
-23
-9
11
27
42
54
63
67
66
60
54
51
47
49
50
59
70
76
86
91
91
85
74
63
54
38
21
10
0
-3
-12
-19
-26
-36
-44
-49
-57
-58
-56
-54
-54
-51
-53
-50
-51
-55
-57
-63
-66
-65
-68
-67
-63
-63
-57
-53
-46
-43
-37
-30
-21
-16
-9
-2
5
9
11
14
12
12
11
14
12
6
6
6
7
3
0
-1
-4
-3
-7
-7
-1
10
17
27
37
49
54
59
66
68
72
75
79
79
84
83
86
86
79
70
63
50
37
30
18
5
-10
-16
-26
-34
-45
-54
-59
-62
-64
-62
-60
-58
-59
-60
-53
-48
-41
-34
-27
-24
-21
-19
-15
-13
-14
-18
-17
-24
-29
-34
-35
-38
-41
-40
-38
-35
-39
-34
-33
-23
-32
-25
-20
-10
-9
-10
8
7
21
24
37
47
57
63
63
63
61
67
61
59
54
53
42
37
30
26
17
6
1
-2
-8
-10
-14
-14
-19
-21
-21
-20
-22
-18
-16
-12
-11
-7
-6
-8
-7
-8
-9
-10
-10
-12
-10
-9
-10
-14
-17
-17
-17
-15
-21
-18
-14
-13
-11
-6
-1
0
4
8
10
13
18
20
24
28
25
26
25
21
21
15
11
5
2
-1
-4
-5
-7
-8
-11
-11
-11
-7
-6
-5
-4
-7
-5
-7
-4
-6
-2
1
5
8
8
13
10
10
9
9
4
-2
-2
-5
-9
-10
-12
-14
-16
-19
-20
-18
-18
-18
-16
-16
-15
-14
-8
-5
-1
3
5
7
10
9
10
12
11
11
10
9
7
4
3
2
0
-4
-5
-5
-7
-6
-4
-4
-3
-1
-2
0
6
7
6
9
10
8
8
11
13
13
12
13
7
4
4
1
-1
-1
-3
-6
-6
-6
-1
-2
-2
3
3
3
1
-1
-1
4
3
2
3
0
4
1
-4
-7
-6
-7
-14
-12
-16
-12
-12
-13
-12
-8
-10
-7
-9
-8
-4
-5
-6
-5
-2
0
-4
3
2
3
7
7
7
7
8
3
3
5
4
0
1
0
1
5
4
-1
-3
-1
-1
-5
-4
-4
-4
-4
-3
-2
-4
-2
-1
1
5
4
7
10
8
11
12
13
12
14
14
10
10
14
8
10
6
3
1
3
3
-1
-4
-4
-3
-4
-8
-8
-9
-9
-12
-9
-9
-14
-11
-9
-9
-10
-9
-9
-9
-11
-12
-8
-5
-6
-9
-7
-8
-8
-2
-1
1
4
3
5
10
8
10
10
10
11
12
13
14
14
9
8
5
5
3
2
4
5
3
1
2
1
1
-1
-1
-3
-2
1
-1
0
0
1
0
-1
2
-1
-2
-3
-3
-5
-5
-3
-6
-7
-6
-10
-14
-12
-14
-15
-16
-17
-15
-14
-10
-10
-10
-8
-3
-3
-1
2
4
5
7
7
9
12
12
16
16
15
14
15
13
12
14
9
10
11
8
5
7
9
5
5
4
-1
-2
-6
-7
-5
-4
-2
0
0
2
3
1
-3
-3
0
-6
-8
-9
-5
-2
-5
-1
-2
-3
-2
-4
-4
-5
-7
-10
-8
-6
-8
-5
-6
-6
-4
-4
-5
-8
-6
-5
-2
2
2
1
4
4
4
5
5
3
4
6
5
5
6
7
8
8
10
11
8
13
12
12
12
14
10
10
7
4
6
4
-1
-1
-6
-7
-6
-9
-11
-16
-17
-15
-14
-15
-12
-12
-11
-10
-8
-9
-6
-5
-5
-4
-5
-3
-3
0
0
2
3
0
1
4
-2
-2
-2
-6
-5
-3
-6
-3
-4
-3
-3
-6
0
1
-2
0
1
3
5
7
8
9
10
14
13
10
12
14
13
10
9
10
7
9
12
9
8
5
5
5
-1
-2
-4
-4
-4
-5
-3
-1
1
-3
0
-2
-3
-2
-3
-3
-4
-4
-6
-5
-3
-6
-5
-5
-2
1
-4
-4
-3
-1
-4
-1
-1
-5
-8
-8
-9
-6
-6
-4
-2
-3
0
1
0
-7
-4
-2
-2
-4
-3
-3
-1
-3
0
2
5
3
4
6
5
7
4
4
5
6
3
3
4
5
8
9
8
7
6
6
4
4
6
2
-1
2
2
1
-1
-5
-6
-9
-8
-10
-12
-13
-10
-12
-10
-9
-7
-5
-5
-3
0
-2
-2
1
1
2
0
-2
1
2
1
4
2
3
5
4
4
3
0
-1
-4
-6
-5
-6
-4
-1
-1
-1
-2
-1
-2
1
3
5
4
5
8
9
9
8
10
11
8
5
5
6
7
12
9
6
2
3
-1
-2
-2
-2
-4
-2
1
-8
-4
-7
-9
-8
-7
-5
-10
-7
-6
-6
-4
1
2
-3
-2
-1
1
0
3
-1
0
0
-2
-1
1
0
-4
1
0
3
3
1
2
1
4
2
2
0
1
-3
-2
-3
-4
-2
1
-4
-1
0
-3
-1
-3
-3
0
1
-1
-2
0
3
3
1
1
0
0
0
0
1
1
1
-1
1
3
1
0
0
3
1
1
3
3
1
1
1
0
-1
-3
-5
-9
-8
-8
-5
-4
-1
-1
0
0
0
2
2
-1
0
-1
2
-1
3
4
6
7
5
3
1
6
6
5
1
3
-2
-5
-3
-3
-3
-3
-4
-5
-3
-4
-5
-1
1
2
0
-4
1
5
1
3
4
3
4
2
-1
-3
-3
0
0
0
0
-2
-1
0
2
-3
1
0
-1
-1
-1
2
-2
-1
0
-2
0
0
1
4
4
5
3
6
3
5
5
3
6
5
2
3
5
3
2
1
-2
-2
-2
-1
-5
-7
-6
-8
-8
-8
-8
-9
-7
-4
-7
-2
-1
-2
-2
-4
-2
-4
0
-5
-4
-1
1
5
5
5
3
10
7
5
7
6
4
4
5
7
6
3
5
-1
-3
-5
-3
-7
-8
-7
-6
-6
-7
-6
-2
-3
-5
-4
-1
0
-1
-1
1
2
2
3
1
1
0
1
-1
-1
-1
0
1
-2
0
-4
-4
-1
0
-4
-5
-6
-3
-5
-1
-1
-3
-2
-1
0
-1
0
1
2
4
1
7
8
7
12
10
8
5
9
5
6
6
6
3
1
1
4
3
2
2
3
3
1
1
3
1
2
3
4
5
2
2
0
-1
-2
-2
-3
-6
-4
-7
-6
-3
-5
-6
-5
-7
-7
-5
-6
-9
-2
-3
-4
-4
-6
-4
-1
-1
-2
-2
-3
-2
-2
-3
-1
-1
1
0
2
5
3
4
2
0
0
1
1
0
-3
2
3
2
2
-3
-1
0
1
-1
3
1
2
5
0
1
1
-2
-1
-1
0
1
-2
-1
1
4
2
0
2
-1
1
6
3
5
1
2
2
-5
-5
-5
-4
-4
-3
-6
-5
-3
-4
-4
-5
-6
-2
-1
-3
-2
-2
1
2
1
2
5
7
7
8
7
4
6
8
4
4
7
8
10
5
0
2
2
-1
-1
0
0
0
-1
-3
-1
-4
-2
1
-1
1
1
-1
-3
-3
0
-3
-5
-1
-1
0
-4
-6
-2
-6
-7
-3
-5
-6
-7
-5
-2
-4
-5
-3
-3
-2
-3
0
0
1
3
1
-1
3
3
3
6
7
9
9
7
7
8
5
1
1
4
3
0
3
-2
-1
-2
-5
-4
-5
-6
-5
-3
-7
-6
-8
-5
-4
-1
0
5
5
1
3
2
2
1
2
2
1
3
1
1
-1
-2
-1
-3
-1
-1
2
0
1
-1
1
2
1
2
1
2
1
-1
1
2
2
-1
3
2
-4
-3
-3
2
2
2
5
4
-1
1
-3
-6
-3
-2
-2
-5
-2
-3
-2
0
-1
-4
-4
-2
-2
-1
-2
-2
-6
-2
-2
-1
0
0
4
5
5
2
3
1
1
2
-1
1
1
1
2
4
4
2
3
5
4
0
-1
1
-1
0
1
4
2
-1
-2
-4
-3
0
1
0
1
4
2
2
5
3
2
-1
2
2
0
2
1
0
-5
-2
-4
-4
-3
0
-3
-3
0
-2
1
4
2
0
0
0
1
1
2
-1
-1
1
7
2
1
1
-1
1
-1
3
-1
-1
0
2
0
-3
-4
-1
2
-1
0
-3
-4
-1
-2
-5
-3
1
-6
-5
-8
-6
0
-1
-2
-2
0
1
-2
-3
1
-1
3
1
4
4
4
5
-1
1
-2
-3
-3
-3
-2
-4
-5
-2
-1
-3
-2
0
0
3
2
1
3
0
-1
-1
2
1
4
6
4
5
4
2
2
4
2
-1
1
-1
1
5
3
2
4
2
2
2
4
5
2
1
-3
-2
-2
1
0
-3
0
2
1
-2
0
0
-2
-3
-3
-3
1
1
2
0
-2
-1
2
4
2
1
0
0
3
6
3
5
2
0
-1
0
-3
-5
1
-1
-2
-6
-4
-5
-2
0
2
3
-3
-3
-3
0
0
0
-3
-3
-1
-4
-4
-1
1
1
-1
-4
-4
-1
-1
-1
0
-2
-2
0
-3
-6
-2
-5
-5
-2
1
0
3
2
0
0
2
3
4
0
2
6
3
6
5
1
2
1
-1
0
0
0
1
0
1
-1
-2
1
0
0
3
-1
1
0
2
3
2
4
-2
4
2
3
6
4
-1
0
1
-2
-1
0
-2
-4
-3
-5
-4
-5
-5
-6
-5
-4
-2
1
2
2
2
3
4
3
2
3
4
6
2
3
3
4
3
-1
0
-2
0
0
-1
-1
1
-5
-2
-1
-2
-5
-3
-1
-2
-1
-4
-2
-1
-1
-1
-1
2
3
4
2
4
3
4
3
5
10
5
8
5
2
3
2
0
-2
-2
-4
-4
-6
-9
-9
-5
-3
-6
-5
-1
-6
-6
-6
0
-1
1
1
-1
3
2
0
-2
-1
2
4
5
4
1
-1
-2
-3
1
1
1
0
-2
-1
-4
-5
-2
1
1
-1
2
3
-2
1
-3
-3
1
-3
0
2
2
3
5
5
4
2
3
3
2
3
-3
-1
-3
0
1
-4
-2
0
-2
-2
1
3
2
2
1
3
6
4
2
2
5
-1
2
0
-1
0
-1
1
3
2
3
3
-2
-1
1
0
0
-1
-4
-6
-4
-2
2
1
-5
-6
-4
-1
-1
-1
-1
-2
1
0
0
-1
1
3
-1
2
0
0
0
-3
0
2
-2
-1
-1
1
0
-4
1
3
0
1
-1
-1
-1
-1
-4
-4
-5
-2
2
2
0
0
0
0
4
2
2
2
2
2
5
5
3
2
0
2
2
3
1
0
0
-4
0
-1
-3
0
2
-1
-3
-5
-4
-4
3
4
1
-4
-5
-2
-2
-1
2
3
-1
0
1
1
0
0
1
-3
-1
-4
-1
0
-1
0
-2
0
1
1
0
2
-1
-3
-4
-1
2
0
0
1
5
2
2
1
0
0
0
-1
1
0
1
2
3
1
3
2
2
6
2
1
-1
-1
-2
1
0
-2
-3
-1
2
3
2
3
1
1
3
-2
0
3
3
2
-1
-1
-1
-1
0
0
1
-2
-3
0
-1
-3
-4
-7
-2
-1
-3
-5
-4
1
3
2
1
1
1
-2
2
0
-4
-1
2
2
0
-1
2
2
-1
2
-2
-1
-3
-2
-1
-2
-3
1
2
-1
-1
-2
1
-1
-1
1
0
-5
0
3
6
5
2
4
4
4
5
4
2
-1
-1
1
-2
-2
-1
3
-1
-3
-1
-4
-5
-3
-3
-1
-2
0
0
1
3
1
0
2
3
2
1
1
3
0
0
0
0
0
2
-4
-2
1
1
0
-3
2
1
-4
-3
-3
-2
-4
-2
-2
-4
-2
-4
-1
-4
-3
-1
0
0
0
1
4
5
0
1
1
4
2
5
5
2
4
1
2
1
3
4
4
-1
-2
4
5
2
-4
0
1
-2
2
1
3
2
3
2
2
1
-2
0
-2
-2
-2
-3
0
0
-6
-2
2
1
0
-1
0
-1
-3
-3
-3
0
-1
2
-3
-2
-4
-7
-6
-4
-2
-3
-1
-3
-1
-3
-2
1
3
2
1
3
3
1
-2
0
1
1
-1
-2
-1
1
4
3
4
3
4
-1
2
2
2
3
2
3
0
0
0
1
1
1
-1
-3
1
-2
-3
1
0
-2
-4
-2
-4
-4
1
-1
-1
1
1
-1
-3
-4
-5
-1
0
2
3
4
6
5
2
0
-1
-2
1
