SAMPLES:	7087
BITSPERSAMPLE:	16
CHANNELS:	1
SAMPLERATE:	16000
NORMALIZED:	FALSE
-7
-3
0
3
3
-1
-2
-2
-3
-1
3
2
-2
0
2
1
3
1
0
-2
1
-1
-3
-1
-5
-3
-5
-4
-2
-2
-3
-3
-3
-2
-2
3
4
5
4
6
2
4
4
0
0
1
2
0
3
4
1
1
4
3
3
1
-3
-8
-2
-6
-5
1
2
2
1
1
0
-2
1
-1
0
-2
-4
-1
-3
-1
2
-2
-3
-1
-1
-2
1
1
-1
-2
0
3
-1
-1
3
0
1
-2
-3
-3
-5
0
-1
-1
-3
0
4
-2
0
3
1
0
2
2
3
2
4
4
3
6
1
0
-2
-1
0
1
-1
-2
-2
3
5
3
5
3
2
-3
0
1
-2
-2
0
2
-3
2
3
0
2
1
-1
-2
1
2
1
2
2
0
1
2
-1
-1
0
3
2
-3
-1
-2
1
1
-3
-5
-5
-5
-9
-7
-3
-3
-8
-8
-3
-3
-3
-2
1
1
-2
-2
2
4
-3
-1
1
-2
4
4
1
2
1
-2
-3
-2
-2
-2
1
2
3
3
4
4
2
0
3
3
3
0
0
5
9
8
7
4
1
0
3
0
-3
-1
-2
2
4
3
2
-5
-4
-6
-8
-2
-3
0
2
2
2
3
8
0
-4
-4
-3
3
-2
0
0
-3
2
-1
-1
2
-1
0
-2
-2
1
-2
-4
-1
-5
-2
-3
-3
2
0
-1
-1
-2
-2
-3
-2
0
3
-1
2
3
2
2
3
0
0
0
-3
-1
-5
-4
-2
-3
-4
-1
-1
0
-1
-3
-1
-1
-2
-2
0
2
3
2
2
4
2
5
1
2
-1
-2
-1
-3
-1
5
0
0
0
2
6
3
2
-2
4
2
1
4
5
3
3
5
1
0
-2
1
-2
-5
-2
-1
0
2
1
0
-1
1
3
0
-1
-1
-1
1
2
0
1
1
-1
-4
3
-1
-1
-2
-3
0
-3
0
-1
-4
-7
-1
0
-3
-3
0
1
-1
3
3
2
0
0
-2
-2
3
3
0
-5
-4
0
-1
0
3
0
0
1
-4
0
0
-2
0
2
3
0
2
-3
-3
-2
3
5
0
1
4
4
1
3
2
-1
0
-5
-3
-3
-5
-4
0
2
0
2
2
1
-2
1
1
-4
-2
-1
-2
0
0
-1
-4
-1
1
2
0
-1
2
3
1
2
0
-2
4
0
2
1
1
5
2
2
-2
-2
0
1
-1
-1
-1
1
2
1
-1
2
1
-4
-1
2
0
2
-1
-3
-3
-4
-3
-5
-4
-1
-3
-3
3
2
2
5
0
0
-3
-2
4
3
-2
0
4
0
-3
-1
1
-1
-3
-1
2
-1
2
2
1
4
6
2
-2
5
8
2
2
2
1
2
-1
-3
-4
-2
-2
-3
-1
-1
-3
0
-3
-6
-2
-1
-3
-2
-3
0
-3
-1
-1
4
3
1
-3
-3
-4
-4
0
-4
2
0
1
2
3
3
1
3
1
2
2
6
4
2
0
-1
2
-2
-6
-2
0
-1
1
1
1
0
-2
-3
-2
-1
-1
-1
1
1
0
-2
0
0
6
5
-2
0
-4
-3
-3
2
0
-4
-1
3
6
4
4
7
3
-2
-3
-1
-1
-4
-3
-5
-3
-4
-6
-3
-1
-2
0
-2
-2
0
-4
0
0
2
0
3
2
3
2
-1
1
4
3
1
5
3
6
5
7
6
1
1
2
-1
-2
2
-2
-2
4
0
-10
1
0
-5
2
0
0
-3
-2
2
-1
-1
-2
-2
-1
-1
-3
-6
-1
-1
-1
0
3
1
0
1
0
2
0
-4
-5
-1
2
0
4
3
1
1
-2
2
0
0
0
0
1
0
0
-5
-4
-2
1
2
0
2
5
0
0
0
-2
1
0
2
0
-1
-1
-4
-3
1
0
-3
4
0
-5
-2
-2
1
-3
-6
3
4
2
4
5
-1
-2
2
-1
-2
2
1
0
3
5
3
3
2
2
1
1
2
2
1
2
3
3
3
0
-2
-4
-2
-6
-5
-1
-2
-4
-2
1
-5
-4
-4
0
-2
-7
-2
-3
-1
-1
1
4
2
1
1
0
0
2
0
1
-1
3
0
-2
-4
-1
3
-1
-3
-4
0
-1
-2
0
1
1
-2
-1
2
4
2
4
-1
-4
2
9
6
5
5
4
3
4
7
2
0
-1
-4
-6
-4
-3
-3
-4
-2
-6
-1
1
0
1
-5
-2
-2
0
-2
-2
2
0
5
3
4
5
7
4
0
4
3
0
0
1
2
2
1
-2
-5
-4
-3
-3
-8
-2
2
0
-2
-3
-1
-3
-4
-3
-3
-4
-2
1
0
1
1
3
-1
-1
1
-3
-1
0
-1
1
1
-3
-3
-1
-3
1
3
4
4
0
2
2
0
1
3
5
2
4
7
3
3
7
1
-1
-2
-5
-2
-5
-8
-3
-1
-3
-3
2
1
-5
0
3
0
0
0
-1
1
2
0
2
4
4
-1
-2
0
4
0
-1
2
-1
-3
1
4
4
2
0
0
3
2
6
1
-3
0
-1
0
0
1
-2
-2
-4
-6
-6
-1
-1
-6
-5
-4
-3
-1
0
7
0
0
0
-1
1
1
3
3
0
-1
-3
0
2
2
1
-2
-1
-7
-3
3
2
4
2
0
2
-2
-1
-3
-3
-2
-4
-2
0
-2
2
4
3
2
3
5
5
5
1
-2
5
4
-1
2
-2
0
-4
-3
-1
-3
-1
-2
0
2
0
0
1
4
1
-4
-4
-1
-2
-4
-10
-3
5
-3
-6
4
-1
-3
7
4
3
4
6
0
1
2
2
2
3
1
-1
2
1
-2
-5
-1
-2
0
4
0
-2
2
3
2
-3
-2
-1
-3
-2
0
2
2
0
-3
-2
-2
-2
-4
-2
1
1
1
2
4
6
2
1
7
3
2
-1
2
-1
-2
0
-3
-1
0
-1
-4
2
5
-5
-7
2
-1
-6
1
0
-10
-6
-3
-5
-7
-3
5
-4
-1
2
-7
-5
-1
-1
-3
1
0
1
3
6
1
2
1
-2
2
3
5
3
3
9
8
2
5
5
3
1
2
3
4
1
-1
4
5
0
-1
0
0
2
3
5
0
-3
0
3
1
-4
0
-3
-5
1
0
-5
-5
-6
-4
-3
-3
0
-3
-6
-1
0
1
5
4
2
-1
-3
0
-1
0
-4
-4
1
0
-2
-4
-4
-3
1
3
1
-1
0
-3
1
1
-2
-3
-3
-3
-2
-3
0
1
2
-1
1
0
1
3
2
1
1
-1
-4
3
2
1
5
1
1
-5
-1
3
-2
-2
-3
-1
1
5
7
1
-1
-5
0
1
7
11
16
19
8
4
5
11
4
7
10
8
5
5
8
1
-4
-4
-11
3
3
-13
-7
-14
-5
-19
-14
-12
-34
19
0
-7
-6
-20
15
-15
10
-35
-53
27
-11
0
5
-9
-10
-18
16
-49
-94
14
-47
-58
31
-90
34
19
42
61
-36
282
-90
172
248
-231
397
-27
-81
155
2028
2201
-1676
-896
543
90
-611
609
3227
-378
-1619
437
-133
-911
-989
704
-567
-1000
1011
-341
-1848
-1688
182
360
-862
-20
-341
-1122
-1418
-860
93
51
526
75
-258
-147
-522
-368
-4
656
425
427
946
424
-56
-4
721
728
484
1056
743
-5
-365
1467
1518
-116
-63
332
606
-180
136
-197
-487
-635
-408
153
-454
-659
-295
-348
-657
-527
17
-211
-522
127
-91
109
234
317
-86
38
798
467
69
602
38
-65
316
282
-44
-564
763
2
-360
-155
-152
-53
-370
568
-197
-288
215
34
705
291
-26
-588
596
895
-1034
60
225
-771
-223
-182
-183
-813
-557
-196
-552
-593
-658
472
-618
-1137
355
208
-240
340
-133
-896
403
863
53
315
70
-413
320
675
-24
-142
220
-202
125
456
29
-24
-443
-85
357
508
424
47
-177
-425
931
-230
-843
1477
1660
-949
-491
371
-1199
137
1817
-491
-1573
-276
-129
-87
-276
-365
265
-144
-336
1138
966
-713
236
1661
380
1427
2030
1108
-809
-217
1059
945
-13
139
502
-2012
-1747
298
-318
-1448
-340
-882
-1888
-1028
-85
-1125
-1049
-716
-415
31
420
-93
-1073
-587
295
334
1374
1796
-330
-1046
1295
1743
525
1555
1342
-658
550
2874
485
-1001
346
1211
38
-239
241
-855
-2180
-805
741
-868
-1780
-3
-915
-2687
-737
476
-1054
-1202
415
341
-573
-644
260
-84
-449
1088
1949
231
-376
698
346
192
1551
987
-257
609
1002
53
90
747
-283
-561
508
764
-415
-697
164
73
-940
-597
896
212
-1401
-198
1020
-821
-981
1431
363
-1782
66
1186
-404
-200
805
-429
-251
624
-367
-480
741
4
-414
870
214
-1421
-311
1161
150
-538
313
143
-721
-19
579
22
-258
-210
-220
286
426
-549
-874
157
78
-585
218
734
-1107
-1840
293
956
-704
-313
706
-728
-1350
305
760
-133
29
144
-310
131
562
36
-69
340
96
-7
825
751
-568
-645
583
468
-93
651
588
-519
-372
376
237
92
356
105
-80
18
-80
95
336
5
-174
276
340
-155
-251
84
164
42
-9
88
50
-383
-427
347
315
-689
-297
731
-80
-810
103
217
-453
-23
502
238
28
-234
-332
357
493
-83
388
959
-173
-925
188
790
29
-244
375
351
-540
-682
238
481
-691
-952
410
599
-797
-854
218
-513
-1533
-20
1409
-59
-1388
-530
-144
-558
150
734
-35
-405
-176
-158
519
720
-653
-527
1129
567
-465
655
536
-1016
-179
1269
456
-306
-32
-478
-296
760
295
-481
-66
-287
-933
110
967
-424
-1180
22
253
-854
-431
698
-195
-1184
-7
970
-263
-937
266
566
-443
-29
1264
483
-806
-58
834
293
176
850
636
4
-3
51
-109
136
608
414
-44
36
-309
-1138
-508
748
-13
-1028
128
559
-1107
-1283
362
197
-884
215
1320
-50
-1158
-45
709
94
229
1140
792
15
749
1277
385
394
1342
1073
1080
2160
1451
145
1224
2125
1031
1572
2640
1144
613
2001
1964
771
1002
1303
443
504
828
111
-419
-574
-754
-441
-68
-352
-860
-1224
-1514
-1619
-1469
-1742
-2482
-3081
-3753
-4479
-4876
-5393
-6191
-6347
-5392
-4549
-4535
-4690
-4813
-5185
-4391
-1690
65
-504
-1390
-1736
-2214
-2206
-1098
-444
-1002
-1294
-585
528
1007
380
-211
699
2551
4116
5033
4919
3370
1531
1669
3719
5111
4492
3233
2901
2790
1929
1859
3225
3465
2243
2783
4930
4656
2198
1705
3293
3732
2820
2865
3345
1728
-1046
-1030
1643
2524
381
-1205
-922
-1537
-2543
531
6363
7901
3997
877
1842
3317
3656
5868
9259
8897
4806
2718
4346
4836
2035
248
1896
3043
1101
-851
-1233
-3266
-7504
-8932
-5993
-3987
-6180
-9474
-11184
-12524
-13337
-11316
-7826
-7417
-10776
-13661
-13167
-10793
-8842
-7397
-6086
-5816
-6624
-6306
-3868
-1959
-2363
-2545
-293
2220
2662
2265
2419
2073
931
1439
4195
5625
3901
1911
1510
1347
919
1454
2908
3218
1366
-380
300
1732
1523
1147
2175
2600
1482
1250
2910
4384
4877
4434
3345
3994
6277
7085
6567
6621
6248
5146
5287
6303
6735
6217
3627
1254
3196
5045
2359
641
1884
284
-2760
-1920
-1264
-4321
-4337
3121
11440
11408
2623
-4387
-1702
4089
5636
8040
13687
13162
3653
-2640
1307
6112
3766
424
2809
5183
1320
-3657
-4027
-3966
-7748
-10471
-7437
-3276
-4821
-10922
-15446
-16353
-16006
-15158
-12556
-9803
-10643
-14734
-17089
-15102
-11704
-9838
-8202
-5007
-2237
-2160
-2832
-1601
194
689
1909
5544
8577
8189
6366
5743
5541
5000
5898
8292
9394
7723
4476
2184
2546
3476
2523
2015
2689
1082
-1615
-1407
-715
-1927
-2699
-2073
-607
1004
728
-1642
-3112
-1292
1951
2072
1253
4644
6290
723
-501
5524
5436
1975
4460
5946
3168
2657
3331
3014
3291
2334
990
1776
2599
1876
-862
-3074
-533
1705
-1406
-2450
344
-1166
-5091
-4997
-3667
-3547
-1614
2757
6333
5147
63
-2927
-1383
1897
4987
7573
9002
8386
5237
1734
1541
3988
5237
4882
5099
5703
4749
1986
-700
-1903
-2227
-2372
-1976
-1153
-1402
-4021
-7977
-10464
-10239
-8717
-7419
-6731
-7008
-8548
-10371
-10757
-9356
-7475
-6147
-5418
-5125
-4505
-2939
-1429
-1070
-1347
-1165
-249
850
1827
2792
3279
2295
484
445
2694
4176
2976
1277
1287
1936
1504
984
1970
3002
1947
232
-48
937
1995
1849
200
-567
1445
2649
568
-172
2522
2864
-228
-126
3672
4219
1619
1338
2516
2043
1574
2862
3543
2213
950
1684
3400
3505
1393
613
2792
2945
-993
-2533
1481
3556
-625
-3765
-943
2066
129
-3371
-3335
-1265
-2154
-5494
-4403
3313
9363
6157
-2166
-5617
-1817
2714
4050
5665
9214
9544
3920
-1240
537
5807
7001
3961
2786
5162
6073
2732
-1066
-1789
-1286
-2042
-2686
-1308
110
-2159
-7739
-11717
-10844
-7600
-5979
-6221
-6713
-7899
-10589
-12553
-11015
-7086
-4497
-4991
-6375
-5667
-3748
-3822
-5019
-3253
709
1767
-27
285
2698
2642
270
-234
2091
4696
5246
3589
2144
2411
2117
458
1318
4785
5133
2559
1861
1547
156
1568
3688
1996
1226
3524
2791
513
1379
1589
958
3169
3437
598
2286
5075
1473
-1130
2287
4191
3544
3142
1056
547
3637
3294
-367
1003
4584
2719
-762
-1014
-215
184
149
-904
-1371
-213
271
-752
-1902
-2755
-3308
-3474
-3300
-1116
4063
7808
4714
-3002
-6870
-2896
3668
6703
6957
7325
6207
1838
-1727
117
4903
6465
3909
1974
2950
3563
1062
-2349
-3481
-2838
-2530
-2481
-1619
-1398
-4358
-9310
-11875
-10129
-6642
-4702
-5150
-7060
-9411
-11226
-11052
-8458
-5643
-4814
-5082
-4805
-4438
-4484
-4086
-3052
-2135
-1423
-217
1892
3804
3318
814
-236
1284
2899
3584
4491
5411
4873
2483
166
1087
4727
5854
3171
1481
2696
3500
2331
1201
2221
4149
3453
494
319
3376
3859
544
-1095
1435
4285
3389
66
-240
2505
2469
-529
-533
2925
4225
1657
-882
-230
2298
2378
-256
-595
1989
2300
-942
-3156
-1559
943
389
-2161
-2242
210
593
-1871
-3262
-2584
-2706
-3732
-1228
5710
9698
4450
-4691
-6873
-700
5341
6534
6621
8079
6858
1055
-2916
452
6487
7270
3353
1422
3218
3825
520
-3061
-3407
-2118
-1874
-2050
-1303
-1367
-4687
-9725
-11886
-9292
-5074
-3285
-4729
-7585
-10018
-11006
-10070
-7631
-5106
-3882
-4205
-5075
-5387
-4712
-3600
-2923
-2375
-1072
747
1945
2279
2285
1724
302
-284
1856
5232
6316
4588
2655
1635
955
1334
3703
5919
4995
1846
269
1687
3297
2577
1444
2529
4145
2920
-30
91
3134
3380
-40
-953
2755
5175
2198
-1541
-765
1909
1767
172
1098
3351
2778
-517
-2241
-315
2572
2627
147
-934
184
183
-1763
-2581
-927
706
-7
-1745
-1606
-220
-400
-2014
-3329
-4083
-3073
2188
9018
9483
1257
-6893
-5551
2578
7661
7529
7655
8661
5268
-1481
-2776
3858
9415
6864
1486
1272
4365
3619
-1209
-3964
-2650
-1280
-1994
-2223
-954
-1882
-7132
-12309
-11878
-6776
-2901
-3450
-6518
-9320
-11087
-11456
-9559
-6027
-3445
-3887
-6061
-6802
-5252
-3459
-3021
-3038
-2055
-339
858
1499
2242
2506
1359
-17
1132
4757
7011
5427
2368
1353
2418
3188
3256
4372
5913
4752
830
-1176
1420
4881
4239
995
509
2776
3009
429
-808
779
2112
1091
-274
696
2391
1374
-1105
-1367
636
1708
1059
852
1299
936
103
173
1060
1671
1346
363
-294
-54
130
-596
-1021
-177
547
-152
-1051
-691
-74
-1037
-3307
-4401
-1902
4356
9767
7901
-883
-7120
-3665
4285
7950
7628
8336
8515
3601
-2478
-1152
6343
9724
5482
1345
2923
5395
2767
-2289
-3582
-1344
-451
-1719
-1734
-517
-2765
-9238
-13412
-10470
-4564
-2762
-5523
-8451
-10076
-11832
-12598
-9905
-5416
-3625
-5549
-7715
-7462
-5594
-4082
-3610
-3331
-1877
562
1902
1635
1598
2129
1571
866
3013
7010
8093
5114
2117
1660
2538
3905
5743
6217
3982
1516
1454
1975
1070
941
2845
3635
1317
-1069
-263
1956
1401
-1856
-3006
850
4796
2365
-3241
-3424
1707
2902
-1521
-2089
3640
5579
-285
-4110
25
4835
3571
-198
-450
1843
1975
-607
-1929
-6
1712
409
-1193
-326
1004
60
-2021
-3120
-3521
-2204
3652
10773
9641
-1148
-8746
-3435
6743
9808
7714
8295
9251
4057
-2508
-194
8666
11660
5845
1260
3665
6353
2781
-2755
-3220
-234
201
-1820
-1869
-913
-4438
-11646
-14430
-9473
-3690
-3950
-8150
-10941
-11995
-13227
-13113
-9759
-5905
-5489
-7829
-9108
-7926
-6072
-5002
-4252
-2954
-1320
116
1287
2105
1982
939
659
2906
6675
8589
6909
3481
1621
2796
5343
6692
6220
5022
3556
1655
682
2164
4022
2992
509
369
1619
820
-1091
-695
920
313
-1296
-550
1645
1285
-1899
-3377
-566
3153
3176
460
-856
167
1092
467
663
2916
3816
1405
-1143
-898
844
1180
-172
-921
3
1411
1315
-580
-1948
-1434
-1433
-3388
-2412
5861
13984
9696
-4180
-9864
87
11489
11682
7664
9228
10532
3642
-2936
2353
12553
12653
4180
1265
6317
7754
938
-4688
-2383
1705
682
-2224
-1828
-1836
-7923
-15359
-14582
-6685
-2615
-6795
-12364
-13894
-14189
-15488
-14216
-9195
-6074
-8554
-12102
-11390
-8164
-6792
-6849
-5249
-2273
-692
-687
-5
1641
2315
1876
2834
5985
8404
7616
5310
4563
5333
5890
6376
7475
7585
5131
2235
1993
3586
4006
3024
2341
1729
296
-664
-35
267
-1054
-1843
-805
-77
-1005
-1726
-1333
-1341
-1656
-522
824
12
-1334
-225
2229
2583
1305
1405
2192
1096
-84
1511
3198
1370
-1243
-237
2471
2094
-598
-1168
203
-575
-3814
-3811
3857
13814
14282
2505
-8061
-3898
8959
14398
11206
10520
12653
7946
-671
760
11479
15015
6977
1558
5967
9267
3193
-4145
-3475
930
943
-1933
-2291
-2426
-8102
-15991
-16337
-8520
-3516
-7801
-14647
-16486
-15903
-17167
-16832
-11880
-8165
-10931
-14954
-13463
-9507
-9121
-10184
-7525
-2843
-983
-1311
-494
859
725
859
3938
8265
9951
8400
6250
5532
6243
7640
9025
9628
8723
6419
4194
3646
4542
5041
4182
2964
2200
1148
-591
-1814
-1664
-1027
-949
-1384
-2043
-2906
-3587
-3521
-2680
-1260
-186
-781
-2336
-2226
456
3023
2780
1269
1158
1456
1004
1770
3741
3437
704
-246
2051
3819
2346
-55
-343
190
-1442
-2999
2574
14693
19073
6308
-9396
-6618
10824
19427
13537
9815
13412
10638
163
-212
12761
18526
8149
-282
5509
11372
3809
-6523
-5044
2193
1975
-3383
-4297
-3617
-10167
-19231
-17961
-7764
-3723
-10984
-18458
-18649
-17433
-19183
-18202
-12182
-9268
-13630
-17287
-14184
-10023
-10529
-11285
-7257
-2171
-1061
-1963
-1226
145
599
2348
6708
10107
9262
6343
5584
7437
9230
9666
9498
9013
7644
5832
5158
5893
6165
4717
2859
2284
2321
1208
-737
-1543
-888
-492
-1265
-2264
-2771
-3310
-3823
-3154
-1440
-740
-1854
-2723
-1585
336
1197
1251
1369
1363
1211
1579
2391
2730
2256
1621
1373
1621
2445
3170
2677
1546
628
-1117
-2719
2271
15075
21227
8663
-8770
-6869
11731
21239
14544
9833
13571
11383
1396
1604
14545
18859
7290
-112
7208
12373
3116
-6811
-3732
3101
1073
-4383
-4266
-4413
-12668
-20670
-16401
-6172
-5636
-14955
-20802
-19247
-18454
-20276
-17840
-11967
-11758
-17256
-18548
-13493
-10575
-12505
-11971
-6080
-1409
-2062
-3819
-2655
-235
1517
4117
7992
9753
7277
4150
5184
9329
11469
10103
8414
7870
6769
5329
5873
7520
6767
3910
2538
2985
2282
194
-706
-49
195
-541
-1264
-1942
-2937
-3508
-2833
-1460
-713
-1180
-2109
-2083
-788
501
1057
1605
2132
1586
726
1399
2705
2388
1428
2027
3137
2794
1974
2130
2497
1926
-116
-2504
376
12385
22024
12990
-6664
-9654
8872
22094
16183
9421
13248
12929
2470
594
13582
19670
8488
0
7021
13028
4230
-6281
-3760
3507
2159
-3618
-4321
-4380
-11774
-19424
-15457
-5693
-6015
-16091
-21304
-18322
-17510
-20650
-18835
-12794
-12889
-18576
-18981
-13520
-11869
-14688
-12980
-5876
-2133
-4357
-5953
-3451
-422
1186
3920
7727
8330
4922
3200
6911
11441
11225
8399
7827
8561
7441
6280
7650
8592
6104
3384
3732
4366
2355
210
492
1130
144
-1021
-1410
-2204
-3293
-2975
-1477
-899
-1780
-2677
-2543
-1545
-256
789
1256
1159
757
692
1571
2686
2660
1861
1981
2727
2566
2008
2310
2583
2003
1464
305
-1694
1799
14012
20837
8415
-9032
-5485
14571
22262
12537
7663
13231
11938
2511
3695
15491
16677
5104
1729
10772
12515
572
-7003
-697
5733
1912
-3677
-3910
-6011
-13942
-17140
-9665
-3779
-10031
-19314
-19619
-15854
-17472
-20252
-17037
-13392
-16277
-19803
-16950
-13013
-14386
-15929
-11321
-5279
-4827
-7538
-7061
-3338
-329
1470
3944
6065
5174
2910
4196
9073
11626
9379
7146
8073
8813
7415
7237
9159
9058
6192
4798
5473
4443
1868
1549
3106
2827
648
-756
-1327
-2216
-2383
-1051
-175
-1278
-2949
-3247
-2158
-847
-40
271
426
398
151
461
1751
2578
1874
1369
2395
2856
1481
975
2548
3096
1737
1197
600
-2171
-508
11703
21069
10620
-8018
-7400
11834
21436
12771
6478
11339
12105
4074
3268
13131
15652
5838
1742
10032
13193
2205
-6672
-1208
6520
3689
-2779
-3861
-5271
-12028
-15011
-8303
-3276
-9624
-18331
-18285
-14643
-16352
-19375
-16881
-13397
-15303
-18447
-16949
-14235
-15042
-15641
-11297
-5925
-5647
-8509
-8408
-4756
-1501
408
2844
4708
3549
1682
3707
8297
9910
8116
7445
8684
8500
7018
7442
9133
8815
7111
6752
6735
4779
2696
3157
4433
3585
1455
357
-45
-870
-1201
-297
164
-1203
-2848
-2756
-1519
-825
-584
16
414
-123
-626
96
1330
1828
1723
1757
1710
1119
503
907
2272
2971
2146
1232
958
-814
-3513
195
12509
19005
7418
-8611
-6034
11547
19049
10870
5809
10524
11099
3986
3447
11845
13585
5584
3411
10665
11430
521
-5971
736
7656
4070
-2434
-3893
-5380
-10513
-11809
-6124
-3577
-10134
-16730
-15648
-13061
-15614
-18208
-15437
-12457
-14606
-17491
-16213
-14174
-14918
-14678
-10254
-6216
-7208
-9709
-8291
-4281
-2058
-1268
1007
3440
2865
1238
2921
6807
8155
6948
7056
8368
7684
6023
6926
9279
9195
7126
6254
6158
4771
3526
4441
5480
3997
1539
681
688
87
-182
624
788
-759
-2192
-1865
-815
-475
-437
35
330
-119
-494
53
1068
1605
1483
1134
874
652
430
719
1822
2610
1981
1155
1098
-392
-3347
-474
11343
18094
6940
-8856
-6146
11403
18491
9813
4772
10032
11082
3895
2884
11115
13348
5956
3726
10310
10581
-25
-5543
1971
8649
3854
-3506
-4398
-4479
-8753
-10269
-5366
-3470
-10121
-16156
-14424
-11800
-14732
-17430
-14517
-11664
-14148
-17222
-16082
-14185
-14674
-14016
-9934
-6872
-8225
-10324
-8903
-5433
-3145
-1544
984
2755
1709
159
1930
6011
8115
7644
7464
7911
7081
6038
7374
9758
9809
7883
6650
6116
5023
4391
5331
6032
4638
2365
1142
820
559
567
919
726
-449
-1626
-1708
-960
-477
-551
-539
-321
-462
-771
-377
558
1125
1257
1203
581
-301
-126
979
1500
1533
2117
2291
1168
464
321
-1456
-2023
5416
15477
12041
-4102
-10531
3076
16974
13544
4581
6027
10348
5853
1167
7157
13797
9219
2838
6455
10983
4356
-4269
-851
7709
6453
-1706
-4483
-3023
-5727
-9547
-6834
-2592
-6304
-13733
-14705
-11348
-12307
-15938
-14901
-11233
-12087
-15995
-16469
-14164
-13693
-13730
-10634
-7234
-8392
-11443
-10201
-5208
-2161
-2210
-1584
374
803
227
2192
5969
7178
5766
5880
7835
7965
6435
7033
9524
9920
7893
6726
6815
6045
5058
5837
6859
5369
2478
1287
1824
1933
1271
923
696
-295
-1439
-1457
-659
-471
-1037
-1136
-490
-278
-925
-1122
-74
1021
1037
625
525
235
-277
110
1259
1486
922
1170
1719
988
175
593
-87
-2010
1289
10753
13152
1163
-9730
-2569
12899
15132
5773
2967
8189
8026
2551
4085
11071
10464
3876
4292
9945
7402
-1886
-2958
5240
8110
1372
-3954
-3257
-3760
-7239
-6866
-3028
-4405
-11068
-13718
-10816
-10355
-14061
-14885
-11467
-10655
-14213
-16139
-14210
-12701
-12972
-11605
-8537
-7989
-10229
-10420
-6769
-3247
-2581
-2446
-645
998
748
870
3525
6356
6599
5918
6771
7668
6838
6515
8471
9919
8510
6667
6756
6960
5756
5161
6120
6010
3692
1842
2001
2224
1288
696
1037
621
-994
-1849
-1108
-454
-896
-1162
-453
-160
-1124
-1785
-759
739
986
507
621
858
147
-574
245
1643
1518
431
561
1572
1382
488
592
172
-1978
-892
7161
12730
4953
-7429
-5962
8112
14566
7293
1974
6234
8639
3625
2088
8439
11126
5557
3018
7803
8503
791
-2968
3455
8312
3087
-3566
-3376
-1998
-5025
-7057
-4221
-3319
-8571
-12837
-11066
-9208
-12114
-14583
-12196
-9900
-12242
-15196
-14383
-12339
-12036
-11313
-8716
-7556
-9409
-10241
-7251
-3606
-2631
-2528
-729
1051
621
150
2393
5658
6694
6057
6285
6933
6376
5942
7552
9482
8941
6889
6053
6242
5779
5269
5790
5929
4186
2101
1761
2284
1872
1045
936
739
-479
-1523
-1080
-200
-352
-878
-660
-329
-809
-1284
-665
358
633
435
474
573
353
102
201
471
522
334
311
679
881
406
65
616
326
-1908
-1996
4303
10621
6290
-4583
-6128
4807
12612
8176
2425
4894
8208
4973
2260
6538
10228
6698
3345
6443
8348
2708
-2177
1676
6871
4014
-2122
-3050
-1720
-4163
-6947
-4995
-2936
-6611
-11438
-11019
-8782
-10566
-13454
-12064
-9295
-10611
-13783
-13661
-11448
-10985
-11059
-8907
-6814
-7848
-9310
-7390
-3986
-2819
-2765
-962
1094
728
-106
1787
4850
5669
5046
5655
6699
6134
5367
6646
8411
7993
6337
5904
6209
5596
4885
5420
5828
4349
2361
2038
2623
2208
1313
1352
1456
212
-1246
-1031
72
133
-507
-448
-214
-906
-1510
-664
500
303
-342
35
529
-72
-620
118
845
269
-493
-333
-140
-391
-67
818
913
243
-367
-1432
-2216
1083
7828
8894
501
-6217
-666
9605
10510
4243
3059
7033
6788
2851
3795
8416
7999
3860
4437
7856
5291
-1202
-1359
4447
5688
339
-3238
-2417
-2863
-5645
-5687
-3301
-4505
-9060
-10586
-8504
-8509
-11372
-11862
-9214
-8528
-11141
-12658
-11288
-9944
-9740
-8562
-6547
-6506
-8134
-7865
-5028
-2736
-2259
-1599
-18
612
-6
462
2693
4512
4826
5018
5648
5380
4343
4771
6890
7997
6823
5318
5078
5192
4898
5036
5623
5188
3518
2330
2429
2608
2096
1711
1824
1468
257
-681
-538
-58
-81
-310
-289
-420
-1043
-1469
-987
-196
-104
-520
-639
-440
-386
-379
-172
-159
-535
-680
-360
-286
-509
-188
523
548
178
184
-542
-2036
-328
6126
9452
3022
-5161
-2666
7465
10928
5452
2540
5994
7179
3298
2511
7066
8543
4598
3348
6674
6127
-4
-2076
3157
6133
1599
-3025
-2391
-1661
-4452
-5891
-3412
-2753
-6818
-9888
-8516
-7379
-9576
-10885
-8652
-7306
-9819
-12136
-10835
-8781
-8896
-9018
-7150
-5905
-7301
-8357
-6240
-3170
-2310
-2705
-1962
-706
-492
-129
1869
3812
3651
2853
3738
5231
5269
4877
5872
7021
6452
5313
5512
6122
5628
5119
5796
6125
4621
2940
3023
3739
3245
2244
2098
2011
889
-258
-156
303
-191
-946
-828
-543
-1205
-2063
-1783
-877
-742
-1259
-1347
-1014
-1061
-1272
-769
27
-125
-1006
-1128
-358
-139
-626
-286
903
1052
101
52
500
-677
-1424
2811
8793
7005
-1851
-5074
2707
10327
8140
2966
3873
6665
4510
1836
4886
8587
6215
2609
4367
6656
2894
-1726
574
5486
4193
-1265
-3049
-1650
-2528
-4697
-3849
-2153
-4506
-8543
-8807
-6758
-7378
-9757
-9489
-7513
-8137
-10718
-11138
-9334
-8549
-8927
-8097
-6591
-6958
-8330
-7467
-4561
-2935
-3350
-3188
-1525
-469
-724
-142
2154
3943
3712
3224
4043
5006
5143
5608
6984
7540
6378
5339
5834
6618
6448
6090
6174
5714
4272
3242
3472
3834
3308
2426
1762
925
-106
-461
-76
-64
-799
-1444
-1656
-1968
-2345
-2047
-1286
-1123
-1605
-1788
-1488
-1328
-1316
-899
-205
117
-78
-441
-641
-525
-193
119
423
795
789
267
202
759
214
-1302
163
5765
8225
2155
-4756
-1931
7157
9951
4897
2086
4689
5568
2799
2957
7069
7828
3941
2764
5645
5259
326
-1033
3536
5778
1505
-2687
-2233
-1578
-3701
-4579
-2449
-2444
-6619
-9368
-7701
-6329
-8428
-10075
-8442
-7256
-9357
-11347
-10217
-8497
-8733
-8912
-7288
-6286
-7592
-8340
-6190
-3505
-2933
-3061
-1935
-983
-1398
-941
1969
4510
3976
2570
3372
5282
5786
5616
6548
7486
6766
5710
6167
7009
6472
5574
5924
6316
5027
3309
3226
3996
3584
2287
1651
1396
473
-399
-144
298
-438
-1546
-1623
-1292
-1739
-2269
-1740
-915
-1045
-1628
-1616
-1345
-1445
-1314
-452
249
-62
-736
-835
-501
-275
-177
-17
242
419
316
138
456
847
-36
-1351
400
5443
7183
1601
-4117
-1188
6795
8979
4393
1976
4323
5126
2748
2967
6575
7106
3547
2478
5041
4700
344
-872
3081
4900
1009
-2687
-2238
-1680
-3628
-4429
-2596
-2715
-6513
-8911
-7307
-6054
-7961
-9489
-8080
-7022
-8862
-10610
-9577
-7931
-7958
-8107
-6890
-6127
-7081
-7460
-5473
-3130
-2687
-2944
-1969
-657
-473
-325
1361
3350
3748
3413
4185
5401
5288
4708
5661
7412
7658
6449
5760
6018
6029
5755
6009
6175
5099
3527
3159
3701
3436
2265
1609
1600
1026
-136
-598
-184
-184
-933
-1400
-1384
-1704
-2277
-2027
-1074
-793
-1440
-1866
-1616
-1349
-1222
-787
-291
-358
-658
-517
-286
-507
-681
-322
42
60
193
507
344
-66
0
-70
-579
629
4439
5939
1361
-3561
-1021
6058
7928
3755
1749
4060
4588
2055
2330
6099
6710
3033
1785
4370
4306
253
-880
2875
4460
632
-2679
-1856
-1203
-3287
-4236
-2375
-2292
-5816
-8068
-6552
-5411
-7283
-8679
-7240
-6264
-8091
-9683
-8564
-7094
-7415
-7622
-6187
-5296
-6383
-6930
-4953
-2620
-2332
-2770
-1873
-497
-151
109
1505
2949
3216
3262
4246
5106
4725
4339
5394
6869
6923
5882
5319
5425
5403
5338
5616
5562
4506
3303
3101
3380
2961
2093
1757
1731
1085
73
-230
68
-81
-737
-1016
-829
-1013
-1601
-1629
-995
-717
-1089
-1259
-893
-770
-1117
-1076
-418
-70
-413
-696
-531
-494
-717
-655
-469
-673
-857
-409
28
-296
-685
-715
-1206
-1534
741
4494
4065
-1303
-4038
629
6464
5930
2044
1772
4005
3610
2011
3625
6236
5029
2367
3313
5412
3317
-360
611
4433
4194
25
-1943
-856
-1099
-2975
-2860
-1390
-2716
-6129
-6979
-5269
-5232
-7288
-7735
-6209
-6190
-8170
-8897
-7555
-6763
-7207
-6824
-5464
-5360
-6496
-6202
-3983
-2418
-2651
-2769
-1546
-347
-161
105
1334
2598
3054
3314
3915
4280
4160
4497
5663
6495
6092
5243
5029
5296
5437
5506
5570
5127
4097
3323
3319
3442
3062
2497
2164
1762
986
301
212
391
254
-193
-578
-841
-1119
-1279
-1120
-849
-862
-1130
-1284
-1231
-1182
-1202
-1110
-971
-1067
-1265
-1180
-990
-1235
-1721
-1610
-1040
-1161
-1957
-2080
-1178
-628
-1064
-1362
-1251
-1666
-1773
546
3694
2929
-1406
-2742
1660
5934
5004
2327
2792
4467
3767
2815
4668
6602
5176
3147
4214
5647
3567
801
1959
4737
3855
324
-999
-130
-691
-2465
-2433
-1378
-2619
-5391
-6132
-5027
-5247
-6868
-7116
-5954
-6100
-7763
-8367
-7321
-6643
-6949
-6677
-5589
-5357
-6157
-6003
-4265
-2835
-2872
-2978
-1889
-586
-245
-194
657
1823
2401
2862
3810
4474
4053
3630
4595
6118
6450
5657
5159
5313
5358
5248
5505
5689
4968
3800
3418
3767
3652
2841
2227
2076
1687
889
371
327
158
-327
-668
-832
-1219
-1713
-1750
-1437
-1483
-1926
-2112
-1914
-1853
-2049
-2038
-1745
-1714
-2068
-2211
-1830
-1461
-1644
-2030
-1947
-1586
-1658
-2019
-1808
-1042
-711
-1020
-1035
-705
-982
-1327
311
3321
3749
560
-1615
927
5048
5761
3858
3395
4422
4232
3414
4558
6479
5961
4006
4081
5416
4413
1817
1753
4083
4354
1565
-515
-288
-343
-1774
-2326
-1480
-1944
-4397
-5945
-5311
-4914
-6145
-6995
-6261
-5879
-7138
-8273
-7748
-6802
-6748
-6739
-6009
-5594
-6109
-6192
-4877
-3367
-2934
-2972
-2435
-1509
-762
-44
786
1394
1814
2506
3368
3881
4097
4473
4973
5262
5403
5603
5733
5636
5496
5480
5346
4926
4526
4406
4247
3688
2976
2569
2358
1932
1343
895
553
89
-408
-680
-858
-1225
-1657
-1822
-1761
-1831
-2117
-2351
-2365
-2239
-2091
-1989
-1996
-2067
-2034
-1851
-1701
-1709
-1662
-1376
-1108
-1188
-1425
-1351
-1047
-969
-1060
-874
-413
-140
-165
-247
-368
-460
193
1880
3119
2419
736
571
2506
4393
4684
4176
3998
3995
3835
4133
5037
5420
4804
4255
4451
4341
3162
2139
2471
3167
2594
1027
-191
-801
-1413
-1934
-1964
-2170
-3353
-4863
-5503
-5414
-5643
-6266
-6514
-6411
-6677
-7287
-7508
-7199
-6869
-6575
-6034
-5557
-5611
-5721
-5053
-3840
-3017
-2702
-2240
-1517
-901
-302
557
1331
1577
1916
2986
3993
3942
3449
3805
4842
5411
5268
5035
4890
4631
4534
4899
5140
4503
3491
3178
3458
3291
2470
1871
1814
1610
976
419
174
-110
-518
-646
-561
-880
-1608
-1940
-1586
-1242
-1415
-1724
-1722
-1622
-1695
-1696
-1420
-1141
-1138
-1217
-1160
-1158
-1292
-1209
-767
-489
-725
-1067
-1038
-828
-796
-754
-475
-225
-247
-299
-170
-59
47
607
1583
2060
1685
1353
1828
2742
3327
3602
3904
4028
3809
3722
4114
4518
4404
4118
4131
4048
3377
2554
2297
2397
2118
1341
540
-165
-966
-1679
-2019
-2230
-2853
-3826
-4567
-4937
-5278
-5733
-6045
-6115
-6234
-6528
-6764
-6752
-6597
-6390
-6055
-5632
-5321
-5167
-4878
-4259
-3523
-2921
-2437
-1904
-1278
-646
-38
533
1025
1570
2216
2762
3088
3301
3567
3951
4312
4485
4476
4396
4388
4430
4423
4288
4011
3697
3481
3322
3080
2721
2344
2053
1787
1474
1132
825
578
353
137
-94
-334
-546
-654
-679
-716
-831
-984
-1061
-1026
-972
-981
-1024
-1027
-1005
-1008
-1019
-1009
-1000
-1024
-1039
-1006
-995
-1077
-1164
-1129
-1005
-957
-1042
-1058
-896
-708
-611
-485
-259
-45
120
392
892
1326
1479
1642
2095
2611
2874
3019
3342
3709
3830
3805
3903
4058
3991
3763
3648
3561
3230
2710
2311
2030
1593
969
383
-117
-718
-1409
-2003
-2473
-3008
-3666
-4236
-4624
-4999
-5439
-5808
-6008
-6147
-6314
-6396
-6330
-6222
-6135
-5948
-5586
-5176
-4841
-4488
-3979
-3387
-2837
-2313
-1719
-1105
-551
2
674
1264
1641
2011
2501
3005
3352
3544
3729
3928
4065
4147
4200
4217
4133
3979
3888
3828
3660
3399
3184
3030
2836
2559
2292
2076
1857
1618
1392
1194
965
710
508
379
225
19
-183
-329
-439
-573
-715
-852
-966
-1082
-1179
-1255
-1344
-1463
-1552
-1566
-1558
-1585
-1646
-1673
-1637
-1568
-1498
-1437
-1381
-1310
-1201
-1035
-857
-706
-569
-399
-159
97
317
513
747
1019
1314
1634
1902
2072
2236
2490
2807
3032
3105
3128
3180
3252
3281
3219
3087
2907
2686
2447
2186
1864
1473
1058
655
247
-210
-726
-1228
-1680
-2118
-2558
-2995
-3411
-3822
-4188
-4475
-4704
-4902
-5088
-5220
-5277
-5279
-5219
-5102
-4929
-4712
-4465
-4175
-3840
-3470
-3066
-2626
-2156
-1675
-1223
-810
-397
61
544
988
1404
1741
1979
2226
2544
2872
3099
3228
3307
3382
3473
3561
3606
3605
3568
3495
3404
3315
3215
3084
2945
2790
2604
2370
2137
1931
1729
1508
1264
1003
738
488
263
52
-163
-383
-601
-800
-973
-1124
-1251
-1369
-1472
-1555
-1621
-1666
-1684
-1674
-1654
-1606
-1549
-1487
-1403
-1289
-1155
-1026
-886
-746
-593
-440
-279
-119
40
201
356
505
644
781
908
1039
1157
1261
1354
1443
1543
1617
1654
1677
1706
1736
1746
1709
1653
1580
1491
1404
1285
1142
980
800
614
415
211
-10
-246
-477
-703
-943
-1182
-1412
-1626
-1829
-2036
-2223
-2394
-2549
-2684
-2788
-2880
-2952
-3009
-3044
-3041
-3027
-2996
-2940
-2865
-2776
-2667
-2547
-2405
-2244
-2072
-1894
-1706
-1495
-1279
-1061
-830
-584
-332
-85
154
406
660
913
1156
1392
1624
1844
2047
2241
2422
2574
2710
2824
2918
2980
3019
3037
3037
3005
2942
2863
2763
2640
2497
2342
2174
1992
1797
1593
1378
1167
956
751
554
362
170
-19
-193
-343
-473
-587
-694
-790
-857
-910
-944
-958
-963
-961
-943
-913
-872
-812
-755
-687
-615
-538
-463
-395
-317
-231
-153
-92
-38
17
69
113
156
189
205
213
212
213
207
183
148
111
68
15
-48
-115
-189
-262
-326
-403
-488
-568
-643
-715
-782
-849
-920
-978
-1038
-1086
-1136
-1176
-1211
-1249
-1274
-1292
-1304
-1316
-1319
-1313
-1297
-1280
-1256
-1222
-1187
-1140
-1083
-1020
-952
-877
-800
-714
-620
-517
-411
-297
-177
-56
66
189
321
447
581
712
836
955
1071
1182
1288
1381
1460
1533
1592
1647
1682
1708
1717
1714
1699
1665
1621
1567
1506
1434
1356
1267
1171
1072
969
868
763
658
556
454
352
261
184
101
22
-39
-94
-145
-188
-229
-258
-271
-289
-305
-316
-325
-327
-321
-311
-307
-309
-307
-293
-285
-277
-275
-279
-275
-270
-270
-276
-278
-289
-296
-297
-301
-317
-334
-347
-357
-355
-363
-370
-377
-377
-376
-365
-362
-360
-348
-339
-317
-300
-291
-277
-258
-237
-218
-208
-204
-197
-194
-185
-182
-183
-184
-190
-193
-203
-211
-218
-230
-237
-249
-259
-262
-268
-271
-268
-270
-270
-257
-243
-226
-212
-198
-172
-148
-123
-95
-64
-38
-8
20
53
85
104
131
152
174
202
222
237
256
265
278
292
303
309
316
323
325
327
328
333
329
328
325
323
328
326
312
300
302
302
307
294
275
263
264
261
257
245
224
213
202
196
186
168
152
141
132
118
102
87
78
71
58
39
27
23
17
9
-5
-19
-29
-36
-44
-56
-68
-81
-98
-103
-114
-131
-141
-158
-173
-182
-191
-200
-216
-230
-237
-247
-258
-265
-265
-274
-277
-284
-292
-285
-288
-284
-280
-280
-278
-271
-253
-239
-223
-212
-202
-189
-161
-133
-104
-88
-69
-42
-16
7
28
55
82
105
127
144
160
180
195
203
213
221
230
234
231
226
219
206
202
198
181
160
142
125
107
94
70
50
22
-6
-17
-35
-53
-72
-87
-98
-112
-123
-136
-141
-139
-140
-142
-142
-140
-135
-123
-111
-100
-92
-86
-71
-56
-44
-25
-7
9
21
32
49
66
80
88
93
95
102
118
132
137
132
135
135
135
139
136
126
117
108
103
102
99
88
77
63
53
50
44
41
29
16
2
-9
-17
-20
-28
-39
-46
-60
-68
-69
-71
-71
-80
-95
-98
-100
-102
-97
-100
-101
-97
-94
-91
-94
-94
-90
-76
-73
-73
-67
-62
-49
-39
-27
-26
-24
-12
1
6
16
20
19
30
39
42
42
48
50
48
57
56
48
43
41
42
39
37
23
16
20
20
6
-2
-9
-8
-11
-20
-26
-30
-34
-35
-36
-41
-38
-35
-30
-32
-38
-46
-40
-28
-22
-17
-23
-26
-24
-14
-3
-4
-8
-7
-2
4
13
18
14
20
25
30
33
29
31
35
37
34
35
30
25
27
34
34
33
31
30
35
33
31
29
30
27
27
25
24
29
24
21
17
15
12
12
14
4
-7
-12
-12
-16
-15
-20
-28
-31
-30
-34
-40
-42
-41
-42
-48
-55
-53
-44
-39
-40
-44
-39
-35
-29
-29
-33
-27
-19
-4
-2
-6
-7
4
13
14
13
22
31
32
32
23
20
26
34
33
26
23
28
31
30
20
18
20
20
13
8
10
10
7
3
3
-3
-8
-11
-14
-21
-22
-24
-21
-14
-17
-24
-25
-28
-24
-21
-24
-27
-26
-23
-27
-29
-27
-23
-15
-10
-18
-23
-18
-13
-7
-7
-7
-7
-2
2
3
2
5
10
11
15
21
29
24
23
27
36
31
26
31
34
34
33
33
33
30
28
29
29
22
15
12
16
16
7
-5
-8
-9
-8
-2
-12
-20
-22
-19
-19
-16
-23
-34
-26
-22
-26
-33
-35
-28
-21
-21
-27
-35
-37
-28
-21
-20
-17
-16
-12
-8
-5
-2
3
8
11
11
4
2
15
32
25
18
20
22
24
26
24
22
20
23
26
23
17
14
15
18
9
4
3
-2
-2
-9
-10
-6
-8
-12
-14
-17
-19
-26
-28
-23
-24
-24
-23
-25
-23
-23
-23
-24
-18
-16
-15
-16
-16
-10
-8
-3
1
2
2
2
7
10
7
7
11
13
18
14
12
15
22
24
20
13
15
17
22
24
20
16
15
19
19
9
13
12
11
11
8
3
-1
4
4
0
-6
-10
-10
-11
-10
-16
-21
-17
-19
-21
-28
-30
-28
-24
-24
-26
-33
-34
-28
-19
-15
-23
-22
-17
-10
-3
0
-5
-7
2
9
11
11
12
25
27
17
14
19
24
31
25
19
13
18
23
21
20
16
11
9
10
6
0
3
3
-2
-6
-6
-5
1
0
-9
-8
-9
-3
3
0
-12
-16
-8
-1
0
-13
-19
-15
-12
-11
-13
-15
-21
-15
-6
-1
-6
-14
-13
-9
-2
-5
-9
-8
-4
-2
-2
0
2
3
2
4
5
0
7
12
11
14
14
10
13
17
16
9
7
9
13
9
-1
-4
4
6
2
-4
-2
1
-1
-9
-9
-6
-8
-9
-12
-11
-12
-12
-6
0
-4
-10
-10
-8
-4
-3
-8
-14
-7
0
-1
-1
-1
8
13
