SAMPLES:	6243
BITSPERSAMPLE:	16
CHANNELS:	1
SAMPLERATE:	16000
NORMALIZED:	FALSE
-1
0
0
0
0
-1
0
0
0
0
0
0
0
0
0
1
0
1
0
0
0
0
0
0
1
-1
0
1
-1
0
0
0
0
0
0
0
-1
0
0
0
-1
0
-1
0
0
0
0
0
-1
0
0
0
0
0
0
-1
0
0
0
0
0
0
0
0
-1
-1
0
0
0
0
0
1
0
0
0
0
0
-1
0
0
0
0
0
0
0
0
0
1
0
1
0
0
1
-1
1
0
0
0
-1
-1
0
0
0
-1
0
-1
0
0
0
-1
0
0
0
0
1
0
0
0
0
0
0
1
0
1
0
0
0
0
0
0
1
0
0
0
1
1
0
0
0
0
0
0
0
0
-1
1
0
0
0
0
0
0
0
1
0
0
-1
0
0
0
-1
-1
0
0
1
0
-1
0
0
0
0
0
0
-1
-1
0
0
-1
1
0
1
0
0
0
0
0
0
1
0
0
0
-1
0
0
0
0
0
1
-1
0
0
0
0
0
0
0
0
0
1
0
0
0
0
0
0
-1
0
0
-1
0
0
-1
0
0
0
0
0
0
0
0
1
0
0
-1
1
0
0
-1
-1
0
0
0
1
-1
0
0
0
-1
1
0
0
0
1
-1
0
0
0
0
0
0
0
0
0
0
0
-1
0
0
0
0
0
0
0
0
0
0
1
-1
0
0
-1
1
0
0
0
0
0
0
0
0
0
0
0
0
0
0
-1
0
0
0
0
0
0
0
-1
0
0
0
-1
0
0
-1
-1
0
0
0
0
0
1
1
-1
0
-1
0
0
0
0
0
0
0
0
1
0
0
0
0
-1
1
0
0
1
0
0
0
0
0
1
1
0
0
0
0
0
-1
0
-1
1
0
1
0
0
1
0
0
1
0
0
0
1
-1
-1
1
0
0
0
-1
0
0
1
0
0
0
0
0
0
-1
0
0
0
-1
0
0
1
1
-1
0
0
0
0
0
0
0
0
0
-1
1
0
0
1
0
0
0
0
1
-1
0
0
0
0
-1
1
0
0
-1
0
0
0
0
0
-1
0
-1
1
0
0
1
0
0
0
0
0
0
0
0
-1
0
0
0
1
0
1
0
-1
0
0
0
0
0
1
1
0
0
0
-1
-1
0
0
0
-1
-1
1
0
1
-15
26
-6
-56
54
184
212
156
198
224
187
242
331
299
266
331
343
328
361
341
291
278
268
250
278
267
200
162
112
86
105
113
67
-10
-110
-126
-152
-209
-240
-315
-365
-421
-448
-428
-450
-489
-532
-476
-388
-383
-394
-348
-365
-374
-336
-292
-205
-185
-224
-158
-39
-67
-114
-81
-1
62
69
81
114
80
52
217
377
353
281
335
499
604
587
423
363
535
596
595
637
507
399
367
434
536
470
378
333
224
228
204
-131
-337
-224
-235
-438
-448
-369
-523
-693
-560
-346
-336
-365
-454
-672
-822
-809
-783
-824
-747
-464
-132
149
514
925
1051
840
805
1117
1022
319
17
247
180
-116
311
1013
863
649
1440
2039
1464
1117
1283
920
231
211
303
-197
-756
-754
-430
35
445
235
52
881
1697
1096
528
1085
1021
-261
-199
872
546
-1060
-1727
-863
-696
-1626
-2286
-2355
-2565
-2998
-2995
-2667
-2664
-3612
-4658
-4278
-3446
-3595
-4278
-4826
-5329
-5427
-4273
-3673
-4925
-5254
-3808
-3964
-4299
-2085
-911
-2770
-2761
486
1749
854
2351
4506
3542
3623
7052
8404
6900
6971
8379
8452
8458
9489
9267
7266
7301
8671
7771
6254
6919
7527
5005
2989
5264
6843
3819
1460
2191
2066
1888
2235
60
-1629
-513
-1473
-3595
-1786
-269
-3697
-6263
-4221
-2525
-4287
-5349
-3203
-4018
-8570
-6817
-1083
-3960
-8632
-4933
-3571
-7354
-4767
-1517
-5599
-6730
-3141
-3600
-5100
-3877
-3074
-1812
-2497
-6542
-4641
1718
305
-4931
-3969
-913
-340
-942
-1932
-959
777
-492
-1321
351
1194
2413
2849
-670
-729
4569
4427
910
2460
2829
890
3460
4758
1459
1970
4638
2373
264
2910
5017
3688
1340
55
2216
5589
3481
-1170
1107
6042
2582
-2959
706
6445
3606
-2633
-2498
3031
5129
458
-2963
237
3202
728
-2161
-678
2585
2207
-2059
-3424
485
2858
623
-1485
-1329
-276
649
132
-620
561
667
-1546
-1101
825
-265
-907
1198
454
-3288
-2400
2272
1820
-2534
-2355
152
-709
-1709
-209
139
-1426
-1769
-1096
-1329
-1300
-322
-231
-1253
-2417
-2371
-263
434
-1837
-2494
-981
-1212
-2343
-1594
-195
-945
-2919
-1834
-171
-1741
-1753
205
-589
-2419
-1372
488
-464
-1316
594
257
-1792
224
1527
63
224
530
518
1027
909
800
556
990
2153
1063
-4
1199
2129
2054
881
119
1737
2773
1428
78
941
2621
1870
339
934
1595
1233
1184
977
906
1098
616
562
1087
830
209
207
727
767
-279
-816
268
1192
-6
-1731
-948
857
49
-1563
-666
407
-927
-1891
-441
438
-1047
-1632
-139
-108
-1664
-1382
387
462
-1243
-1869
-554
387
-515
-1203
-280
-39
-1294
-1460
39
179
-1263
-1098
-150
-1270
-1951
22
465
-1829
-2302
-310
-107
-2088
-1757
631
65
-2720
-2779
-47
1302
-274
-2113
-1858
15
1246
-158
-2099
-71
2955
694
-3340
-1277
4339
3946
-1669
-2691
1680
3422
1611
1081
1338
713
1168
2099
1236
1178
3310
2987
-499
-860
2644
3531
1450
1034
1646
568
-734
851
3739
3185
-745
-2629
11
3214
2416
-702
-1493
299
1291
-7
-1544
-420
1941
1102
-2260
-3155
-360
2249
1185
-2168
-3016
-490
1128
-220
-1548
-794
342
57
-945
-992
564
1873
690
-975
248
2634
2423
688
886
2617
2964
1696
1271
2695
3699
2382
620
1119
2719
2374
429
-321
429
653
-608
-2107
-2148
-1229
-1868
-3996
-4565
-3432
-3602
-5078
-5608
-5348
-5224
-4956
-5298
-6264
-5791
-4475
-4380
-4827
-4681
-3893
-2821
-2870
-3811
-2110
719
-1162
-3921
-683
3066
885
-1615
401
2538
2321
1252
-28
1339
5338
4623
-1060
-1344
4814
6818
2678
-202
918
4134
5520
2182
-517
3191
6701
3100
-1076
1105
4843
4822
2947
1485
655
1705
4122
3954
849
-254
2405
3842
983
-1740
256
3484
1857
-2393
-2480
1242
2844
600
-1724
-1195
390
-15
-999
1147
5017
4926
500
-2010
502
3863
4476
3938
4579
4852
2721
340
752
3050
3753
2146
441
218
507
-372
-2544
-4277
-4543
-4211
-4221
-4337
-4472
-5750
-8329
-10350
-9791
-7340
-5666
-5935
-6680
-7092
-8050
-8825
-7302
-4089
-2156
-2297
-2693
-2350
-2053
-2179
-1718
-31
2054
3283
3045
1798
812
939
1668
2294
3138
4383
4374
2262
349
395
1558
2411
2388
1640
1309
2105
1757
-708
-1322
1717
3131
8
-1716
2292
5725
1713
-4191
-2211
5228
6443
354
-1633
3545
6168
1562
-2346
1398
6745
5204
-19
-915
2603
4317
1730
-627
680
2174
66
-2795
-1302
2668
2900
-750
-2605
-920
-259
-2363
-2042
3900
9342
6591
-1548
-4554
832
6710
6969
5312
6558
7834
4650
53
466
5067
6915
3661
395
1091
2851
1203
-3059
-5687
-5278
-4129
-4031
-4496
-5151
-7145
-10641
-13089
-12098
-8795
-6635
-7355
-9539
-10951
-10831
-9627
-7911
-6189
-4957
-4290
-3699
-2829
-1966
-1502
-1227
-491
926
2504
3678
4194
3896
2750
1564
1706
3436
5118
5148
3741
2299
1666
1460
1251
1359
1954
2251
1481
254
-300
-168
-45
-5
474
1163
925
-10
-121
1172
2135
1472
814
2208
4193
3474
1140
1103
3686
4768
2882
1765
3721
5435
2948
-890
-893
2138
3217
1180
98
1610
2216
-171
-2157
-952
487
-953
-1718
3268
10154
9603
863
-5662
-2224
6098
10120
9405
9061
9130
5551
-9
-328
5799
10401
7803
2462
1133
2816
1854
-2333
-4989
-4200
-3067
-3872
-5135
-5706
-7600
-11936
-15474
-14544
-10372
-7647
-8869
-12223
-14687
-15047
-13572
-10915
-7975
-6011
-5991
-7344
-7937
-6056
-2421
407
1004
620
1191
2722
3870
4213
4387
4720
4941
5161
5764
6244
5430
3214
1408
1786
3708
4736
3492
991
-961
-1634
-1291
-303
718
848
-396
-2202
-2858
-1564
744
1928
784
-962
-651
1539
3020
2653
2108
2712
3385
3157
2989
3598
3542
1777
188
949
3200
4263
3141
1458
613
283
219
442
204
-254
2191
8832
13532
9022
-1273
-5238
2141
11888
14580
12409
11309
9797
4240
-483
3125
11443
13316
6691
1072
2082
3854
322
-4818
-5274
-2585
-2449
-5151
-6849
-7698
-11346
-16852
-18289
-13703
-8793
-9327
-14100
-18077
-18935
-17606
-14960
-11464
-8687
-8380
-10011
-10799
-8806
-4984
-1879
-688
-90
1505
3614
4654
4518
4596
5520
6614
7545
8524
8833
7313
4527
2812
3514
5379
6139
4763
1960
-651
-1799
-1458
-612
-190
-526
-1658
-3225
-4243
-3900
-2674
-1741
-1452
-1163
-554
-160
-226
-11
1010
2406
3550
4180
4277
3850
3291
3027
2855
2700
3261
4818
5876
4765
2408
1319
1562
892
416
5077
14518
18492
9612
-3278
-4464
7342
17595
17406
13560
12976
11106
3867
-500
6086
15545
14236
4315
-246
3605
4639
-2488
-8491
-5914
-1250
-2855
-7736
-9335
-10140
-15664
-21829
-20092
-12012
-8208
-13030
-19807
-22249
-21461
-19841
-16304
-10979
-8221
-10664
-14318
-13528
-8500
-3857
-2004
-1195
754
3203
4295
3969
3939
5252
7185
8826
10196
10865
9404
5862
3087
3739
6815
8693
7359
3844
233
-1940
-2094
-789
404
37
-1879
-4050
-5278
-5211
-4292
-3360
-2973
-2913
-2469
-1590
-1187
-1565
-1287
780
3087
3210
1738
1533
3089
3944
3081
2844
4801
6767
6319
4638
4305
4768
3898
3667
9049
18449
21258
11742
-51
475
12775
22163
21011
16434
14626
11508
4824
2898
10795
18177
13532
2675
-537
3824
3609
-4164
-9035
-5803
-2608
-5968
-10706
-11448
-12917
-19604
-24570
-19930
-11558
-11274
-18873
-24057
-23153
-21490
-20791
-16962
-10893
-9606
-14085
-16398
-12077
-6135
-3749
-2938
-401
2289
2635
2310
3987
6649
7814
7864
8793
10300
10088
7631
5323
5312
6833
7586
6562
4479
2044
-420
-1980
-1676
-325
-141
-1986
-4315
-5496
-5602
-5322
-4639
-3467
-2651
-2969
-3703
-3473
-2171
-873
-85
571
1041
822
530
1329
2836
3628
3728
4385
5455
5701
5431
5720
5760
5555
9216
18002
23026
15553
3025
2318
15174
25045
22613
17280
17214
15693
7722
3919
12523
21319
15537
2673
107
6353
5310
-4898
-9454
-3713
-666
-7328
-13567
-12206
-12134
-20160
-25923
-19490
-10368
-13007
-23471
-27074
-22377
-20000
-21560
-18589
-11308
-10092
-16402
-18695
-11704
-4603
-4293
-4604
434
5187
3302
-179
2328
8193
10413
9484
10308
11976
9957
5583
4638
7910
10282
8777
5707
3504
1536
-729
-1696
-555
536
-826
-3825
-5808
-6117
-6144
-6334
-5668
-4205
-3614
-4542
-5477
-5141
-3977
-2702
-1132
593
1161
46
-1086
-463
1386
2928
4135
5613
6329
5214
4096
5095
6410
6012
7998
16447
23673
17964
4066
681
13232
24870
23063
17127
17621
17422
8911
2979
11088
21849
17604
4238
855
7234
6263
-4613
-9220
-2157
1877
-5553
-13125
-11938
-11266
-19175
-25131
-18333
-8898
-12312
-23672
-26990
-21645
-19664
-22091
-19042
-11191
-10198
-17036
-19212
-12230
-6027
-6122
-5155
961
4535
1038
-1790
2569
8629
9734
8950
10769
11834
8430
4989
6804
10739
10768
7545
5395
4450
2306
-129
-147
1326
884
-1921
-4339
-4963
-5276
-6292
-6627
-5256
-3890
-4553
-6286
-6629
-5348
-4153
-3326
-1867
-486
-975
-2645
-2569
-142
2041
2619
3188
4441
4620
3648
4189
6314
6709
6524
12114
21650
21901
8928
-403
8692
24832
27413
18666
15553
18435
14169
5528
8794
21572
22642
8290
-400
6047
10281
371
-9066
-3944
4040
-1116
-12230
-14087
-10914
-15754
-23542
-19752
-9113
-10110
-23381
-30362
-24226
-18182
-19795
-20078
-14452
-12486
-18221
-20876
-13989
-6732
-6600
-6824
-1411
3021
394
-2749
1290
7960
9849
9215
10873
11891
8326
4879
7597
12717
12840
8859
6399
5659
3392
1015
2088
4333
2813
-1593
-4132
-4148
-4760
-6202
-5841
-4043
-4069
-6481
-8345
-7911
-6378
-5089
-3901
-2805
-2616
-3478
-4254
-3615
-1578
433
1357
1721
2430
3112
3093
3497
5351
6527
5735
7591
15910
22944
17518
4827
3119
16699
28187
25116
17433
17074
18104
12459
8660
16002
23782
17362
4462
2820
9729
8005
-2908
-6620
294
2666
-5954
-13518
-12750
-12727
-18922
-21573
-14888
-10419
-18064
-28357
-28129
-21312
-19430
-21681
-19831
-15444
-16303
-20390
-18849
-11938
-8074
-8435
-6067
-26
2432
-568
-1738
2877
8472
10561
11087
11851
10494
7212
6973
11286
14427
12163
7972
6312
5937
4429
3387
4242
4236
1153
-2221
-2941
-2941
-4604
-6046
-5026
-3745
-5152
-7713
-8335
-7312
-6474
-5477
-3654
-2759
-4042
-5345
-4308
-2063
-737
-188
389
523
389
1467
3424
4262
4336
5327
5948
5022
7030
15345
21430
15106
3896
5299
19344
27112
20800
14334
17029
19046
13319
10271
17035
21563
13578
4225
6606
12224
6699
-4205
-4900
2391
2318
-6904
-12665
-11374
-12432
-18075
-18996
-13472
-12686
-21087
-27686
-24456
-19036
-20075
-22813
-20079
-16109
-17481
-20097
-16863
-11078
-9680
-9903
-5237
762
216
-3689
-1734
5434
9430
8869
9231
10582
8897
6626
9234
13819
13236
8673
6961
8212
7248
4431
4055
5247
3704
115
-1369
-1137
-2554
-4868
-4702
-2842
-3310
-6326
-8081
-7096
-5676
-5122
-4321
-3284
-3674
-5079
-4798
-2551
-1074
-1212
-1059
-93
193
132
1400
3026
3151
3149
4685
5245
3704
5798
14486
19845
12559
2213
5263
18809
24434
17704
13022
16795
18184
12111
9658
16265
19860
12528
5478
8551
12151
5232
-4020
-2509
4564
3088
-6128
-11130
-10068
-11299
-15773
-16049
-12185
-13048
-20317
-24833
-22025
-18715
-20299
-22082
-19213
-15767
-16800
-19143
-17400
-13181
-10713
-8773
-4578
-1089
-2151
-4210
-1539
4437
7920
8156
8604
9379
8481
7522
9411
12241
12114
9807
8730
8606
7003
4889
4781
5659
4593
1878
-5
-1018
-2512
-3751
-3262
-2366
-3522
-5984
-7003
-6195
-5534
-5550
-4984
-3917
-3913
-4791
-4543
-2949
-1940
-2064
-1690
-462
-68
-559
136
2065
2991
2903
3868
4850
3377
2771
9018
17836
16958
6158
1163
10624
21943
21124
14046
13573
17395
15376
10149
11916
18084
17029
9488
7153
10975
9614
785
-3561
1824
6001
293
-8341
-10685
-9704
-11997
-15024
-13627
-11572
-15363
-21923
-23219
-19678
-18612
-21082
-21074
-17388
-15767
-18223
-19422
-16161
-12012
-9979
-7994
-4907
-3536
-4191
-2818
1723
5325
5855
6326
8416
9511
8580
8518
10529
11863
10979
9910
9705
8634
6437
5466
6282
6379
4343
1771
153
-948
-1857
-2055
-1938
-2811
-4626
-5772
-5704
-5488
-5643
-5485
-4824
-4497
-4793
-4867
-4238
-3387
-2716
-2097
-1529
-1351
-1433
-1057
161
1616
2531
3045
3641
3670
2573
2773
7801
15050
15893
8428
2747
7933
17981
20512
15572
13269
16016
16254
12162
11204
15591
17353
12735
8927
10266
10102
3640
-1769
1087
5994
3100
-5430
-10052
-9490
-10104
-13087
-13735
-12055
-13702
-19191
-22301
-20550
-18703
-19836
-20656
-18575
-16542
-17554
-19223
-17909
-13997
-10128
-7808
-7237
-7512
-6396
-2462
2045
3656
3022
3624
6213
8420
9059
9252
9539
9528
9727
10455
10315
8463
6603
6569
7321
6623
4461
2360
999
261
-2
-284
-1364
-3031
-4169
-4433
-4525
-4768
-4862
-4815
-4897
-4968
-4790
-4641
-4549
-3878
-2635
-1969
-2400
-2910
-2540
-1502
-127
1414
2193
1748
1696
3168
4077
3243
4741
11635
17003
12463
3588
4269
15399
22450
18295
12970
15035
18044
14727
11050
14381
19068
16452
10429
9458
10962
7068
490
590
5980
5810
-2515
-9682
-9964
-8717
-10927
-13344
-12714
-12895
-17462
-22279
-22049
-19148
-19054
-20867
-20174
-17750
-18051
-20581
-20093
-15564
-11484
-10056
-9120
-8019
-8020
-7053
-1964
4053
4760
1704
2077
6489
9065
8430
8802
10662
10498
8881
9266
10435
8946
6596
7224
8867
7044
3123
1617
2333
2065
715
44
-758
-2966
-4713
-4116
-2949
-3584
-4968
-5042
-4491
-4931
-5609
-4985
-3684
-3116
-3082
-2859
-2890
-3415
-3182
-1486
352
1039
909
951
1718
2926
3474
3149
4537
10146
15464
12985
5124
3683
12924
21499
19605
13587
13698
17275
15950
11961
13327
18142
17583
11904
9245
10423
8369
2439
731
5098
6591
-125
-8259
-10023
-8091
-8921
-11940
-12834
-12650
-15522
-20169
-21487
-19184
-18079
-19577
-20029
-18164
-17556
-19573
-19929
-16070
-11832
-10951
-11220
-9481
-7168
-6123
-4227
-257
2266
1663
1829
5034
7535
6695
6210
8721
10751
9562
7994
8488
8831
7548
7047
8090
7452
4322
2238
2809
3278
1773
136
-359
-1054
-2483
-3210
-2873
-2919
-3695
-3971
-3623
-3922
-4823
-4836
-3675
-2648
-2582
-2922
-3144
-3185
-2805
-1802
-698
28
490
847
1201
1877
2657
2719
3192
7139
13037
13558
6800
2208
8305
18524
20198
14030
11429
15108
16416
12496
11058
15401
17900
13790
9193
9105
8854
4330
988
3859
7142
2992
-5620
-9636
-7894
-6889
-9323
-11497
-11663
-13017
-16788
-19387
-18550
-16929
-17191
-17928
-17083
-16169
-17507
-18957
-16884
-12338
-9717
-10124
-10158
-8028
-6104
-5482
-3511
629
3505
3015
1947
3258
5565
6948
8166
9602
9479
7530
6597
7852
8819
7977
7079
6993
6016
3741
2328
2635
2713
1607
605
17
-1367
-3274
-3709
-2561
-2026
-2956
-3936
-4172
-4455
-4902
-4535
-3289
-2457
-2663
-3193
-3401
-3184
-2670
-1955
-1052
87
1094
1203
750
1243
2620
3068
3369
7148
12975
13079
5885
1719
8717
18822
19372
12645
10639
14976
16129
11791
10377
14863
17293
13200
8767
8634
8277
4067
1195
4018
6851
2574
-5748
-9528
-7620
-6309
-8617
-11213
-11795
-12893
-16229
-18953
-18314
-16354
-16327
-17530
-17411
-16541
-17361
-18642
-16742
-12226
-9715
-10521
-10812
-8543
-6410
-5687
-3522
886
3336
1876
858
3393
6438
7172
7713
9504
9742
7389
6280
8242
9746
8530
7168
7244
6309
3564
2201
3382
3915
2076
173
-377
-1286
-3043
-3529
-2366
-1934
-3132
-4198
-4303
-4602
-5176
-4607
-3070
-2327
-2827
-3395
-3500
-3406
-2768
-1405
-306
-20
245
847
1156
1499
2745
3799
3544
4842
10242
14136
9871
2647
4435
15185
20946
15660
9869
12284
16430
14188
10385
12617
16873
15140
9767
8144
9122
6531
1874
2061
6001
5274
-2176
-8650
-8681
-6407
-7319
-10319
-11729
-12193
-14590
-18050
-19043
-17247
-16056
-16955
-17869
-17411
-17168
-18098
-17755
-14520
-11085
-10491
-11230
-10097
-7514
-5774
-4446
-1770
1032
1838
1738
3000
5059
6032
6767
8567
9788
8662
7054
7572
9042
8975
7837
7371
6820
4896
3061
3168
3921
2907
794
-355
-780
-1878
-3078
-2920
-2170
-2595
-3872
-4385
-4194
-4343
-4495
-3722
-2604
-2428
-2901
-2985
-2679
-2352
-1706
-681
-58
80
585
1379
1711
2067
3221
3851
3183
4440
9928
13827
9589
2556
4209
14373
19720
14530
9018
11566
15865
13733
9670
11469
15671
14292
9250
7768
8891
6493
1852
1859
5671
5055
-1965
-7902
-7665
-5549
-6850
-10087
-11414
-11518
-13559
-16975
-18293
-16833
-15712
-16640
-17607
-16968
-16561
-18047
-18665
-15291
-10440
-9344
-11670
-11995
-8616
-5422
-4306
-2608
592
2419
1801
1961
4386
6355
6964
8368
10480
10132
7360
6449
8608
10192
9270
7964
7273
5628
3305
2901
4183
3890
1539
-165
-526
-1603
-3492
-3717
-2237
-1912
-3632
-5083
-4958
-4607
-4695
-4019
-2556
-2211
-3337
-3829
-2620
-1328
-1163
-974
-18
495
93
415
2071
3196
3000
3215
4195
4145
3966
7398
12602
12093
5405
2696
10008
18081
16328
9518
9037
14172
14927
10339
9113
13173
14566
10215
6730
7607
7557
3425
685
3024
4843
475
-6337
-8409
-6309
-6091
-9269
-11796
-11865
-12482
-15371
-17792
-17284
-15846
-16184
-17275
-16897
-15975
-16802
-17951
-16150
-12013
-9526
-9950
-10478
-9341
-7312
-4884
-1635
1129
1357
637
2045
4985
6314
6151
7378
9719
10095
8288
7262
7896
8448
8401
8648
8338
5935
3024
2365
3476
3555
2019
565
-466
-1898
-3200
-3190
-2528
-2693
-3445
-3704
-3703
-4249
-4632
-3785
-2319
-1676
-1986
-2146
-1744
-1163
-567
198
913
1016
686
850
2009
3226
3454
3264
3736
4237
3553
3508
7360
12537
11700
4796
1770
8563
16625
15470
9098
8457
13220
13755
8926
7586
12045
14105
9972
6206
6866
6707
2350
-327
2803
5341
656
-6857
-8868
-6268
-6189
-9741
-11808
-10989
-11607
-15385
-18237
-17380
-15669
-16070
-17048
-16295
-15360
-16788
-18557
-16652
-12036
-9543
-10284
-10478
-8359
-6521
-6086
-4158
-22
2638
2359
2451
4375
5264
4784
6533
10479
11607
8664
6492
7477
8476
7834
7955
8875
7335
3619
1969
3201
3577
1889
836
950
-300
-2893
-3761
-2371
-1545
-2335
-2943
-2802
-3235
-4024
-3379
-1459
-498
-1093
-1551
-1049
-467
-126
607
1548
1653
993
793
1633
2690
3039
3006
3416
4077
3632
2335
3467
8637
12352
8728
2096
2691
11164
16125
11873
6990
9439
13671
11476
6843
8187
12968
12537
7494
5531
7037
5428
661
57
4137
4415
-2354
-8402
-7657
-5085
-7034
-10904
-11354
-10121
-12212
-16431
-17565
-15551
-14892
-16347
-16499
-14790
-14745
-17123
-17602
-14010
-10161
-9675
-10550
-9344
-6932
-5849
-5244
-2851
385
2022
2414
3248
4072
4171
5052
7748
9926
9184
7161
6698
7498
7661
7301
7491
7414
5826
3808
3050
3028
2455
1742
1727
1450
-290
-2284
-2535
-1400
-805
-1279
-1830
-2150
-2586
-2623
-1622
-385
-171
-720
-856
-399
74
541
1107
1373
1123
827
885
1237
1833
2484
2706
2603
2777
2721
1758
1987
6311
11145
9188
1936
136
8039
15069
12133
6114
7486
12701
11522
5882
6032
11755
12939
7791
4870
6580
5763
604
-908
3765
5646
-667
-7777
-7846
-4822
-6013
-9818
-10541
-9170
-10786
-14867
-16510
-15033
-14360
-15480
-15425
-13687
-13577
-16163
-17480
-14620
-10411
-9035
-10049
-9872
-7642
-5797
-5339
-4392
-1740
1116
2550
2937
3186
3311
3752
5731
8622
9725
8094
6254
6404
7444
7661
7475
7581
7023
5292
3863
3711
3634
2804
2370
2718
2093
-151
-1807
-1231
70
175
-592
-1210
-1767
-2231
-1716
-326
349
-352
-1118
-889
-176
321
630
788
594
297
314
520
812
1421
2060
2078
1751
1689
1493
1203
3175
7984
9974
5104
-471
2440
11257
13995
8449
5187
9307
12410
8409
4566
7933
12617
10624
5724
5142
6329
3299
-713
1128
5406
3338
-4215
-8147
-5968
-4544
-7341
-9877
-9252
-9161
-12310
-15378
-15122
-13701
-14159
-15141
-14387
-13338
-14536
-16572
-15794
-12323
-9861
-10051
-10532
-9273
-7424
-6386
-5191
-2876
-659
206
771
2295
3682
4105
4929
7013
8619
8138
7167
7684
8804
8821
8226
8262
8280
7233
6004
5825
5857
4869
3610
3295
3244
2087
467
-47
355
256
-577
-1170
-1374
-1776
-2093
-1581
-759
-812
-1588
-1841
-1321
-896
-685
-105
455
71
-865
-1024
-319
281
678
1251
1508
951
527
803
850
1014
3956
8741
8712
2264
-1814
3881
12634
12848
6680
5364
10053
11023
6051
4413
9588
12897
9059
4811
5365
5643
1645
-726
3198
6489
1838
-5922
-7737
-4675
-4380
-7630
-9012
-7794
-8801
-12980
-15615
-14442
-12824
-13366
-14181
-13672
-13566
-15323
-16703
-14965
-11420
-9527
-10102
-10687
-9518
-7658
-6420
-5162
-2764
-146
867
730
1438
3298
4879
5923
7519
9129
8999
7625
7513
9060
10106
9776
9341
9078
7911
6378
6146
6802
6342
4792
3901
3597
2356
634
295
1060
858
-564
-1506
-1578
-1931
-2524
-2140
-1083
-1051
-2208
-2842
-2310
-1708
-1461
-868
-179
-619
-1905
-2217
-1164
-230
-19
282
681
366
-187
43
466
523
2228
6578
8582
4106
-1410
874
9392
13071
8657
5067
7768
10488
7620
4641
7652
11991
10543
6034
4975
5823
3460
202
1877
5800
4105
-2926
-7146
-5545
-3914
-5948
-8151
-7830
-8094
-11458
-14723
-14451
-12615
-12734
-14008
-13901
-13250
-14413
-16278
-15443
-12043
-9695
-9936
-10534
-9608
-8125
-6987
-5099
-2186
-219
-190
-143
1753
4296
5514
5987
7193
8635
8960
8628
9034
9939
10226
10038
10083
9762
8389
7081
7233
7912
7163
5163
3688
3180
2600
1708
1198
870
-95
-1414
-2023
-1966
-2235
-2836
-2874
-2371
-2327
-2936
-3313
-3040
-2623
-2320
-1738
-1039
-1095
-1915
-2306
-1646
-804
-555
-380
173
329
-200
-178
808
1113
311
1242
5527
8323
4769
-676
528
8150
12365
8849
4988
6837
9855
8087
5100
7001
10980
10301
6141
4710
5774
4242
788
1211
4936
4542
-1737
-6768
-5806
-3419
-4828
-7801
-8333
-7953
-10162
-13526
-14168
-12548
-12166
-13332
-13587
-12883
-13536
-15391
-15182
-12031
-9317
-9347
-10266
-9553
-7755
-6376
-4951
-2674
-650
25
614
2366
4088
4431
5023
7693
10296
9866
7791
7755
9863
11097
10675
10264
9946
8502
6884
7014
7974
7238
5135
3999
3727
2478
598
125
822
517
-1092
-2389
-2882
-3342
-3589
-2981
-2307
-2772
-3726
-3741
-3096
-2912
-3006
-2444
-1499
-1180
-1480
-1722
-1742
-1617
-1072
-249
85
-199
-289
137
547
681
566
421
1175
3998
6948
5672
978
-333
5215
11083
9881
5137
4909
8615
9047
5724
5351
9097
10423
7007
4475
5365
5108
1757
579
3965
5431
479
-5493
-5836
-3022
-3381
-6446
-7674
-7210
-8705
-11824
-12892
-11583
-11076
-12246
-12721
-11954
-12092
-13646
-14056
-11746
-8928
-8224
-9102
-9088
-7350
-5349
-4171
-3041
-1020
915
1481
1392
2544
5001
6742
7120
7473
8349
8609
8112
8449
9751
10148
9082
8220
8087
7344
5961
5611
6288
5786
3670
1978
1548
1069
60
-292
-55
-791
-2563
-3595
-3286
-2939
-3156
-3176
-2858
-3090
-3738
-3617
-2629
-1970
-2099
-2105
-1574
-1148
-1112
-1006
-661
-477
-528
-450
-145
178
424
577
640
826
920
462
307
2375
6023
6500
2288
-786
2665
8830
9596
5593
4409
7556
8692
5600
4274
7601
10039
7577
4592
5050
5455
2553
303
2781
5408
2334
-3491
-5338
-3237
-2923
-5436
-6849
-6284
-7037
-9960
-11774
-10979
-10190
-11044
-11576
-10702
-10285
-11595
-12869
-11677
-8890
-7262
-7450
-7715
-6810
-5306
-4082
-3024
-1487
172
1140
1691
2632
3876
4431
4670
5925
7783
8274
6977
6033
6775
7814
7710
7157
6866
6068
4717
4043
4393
4316
3088
1991
1703
1133
-229
-1047
-642
-295
-1040
-2106
-2538
-2664
-2795
-2490
-1751
-1583
-2340
-2805
-2160
-1284
-1183
-1393
-1101
-618
-546
-655
-482
-308
-435
-540
-318
-67
-53
-101
-15
246
548
399
-394
-417
2174
5551
4967
549
-1340
3050
8365
7735
3894
3725
6766
7105
4378
4184
7345
8357
5515
3772
5011
4850
1731
403
3240
4889
1267
-3425
-3870
-1883
-2271
-4568
-5275
-4765
-5968
-8451
-9261
-8268
-7913
-8827
-9089
-8257
-8204
-9503
-10103
-8625
-6387
-5373
-5830
-6177
-5313
-3889
-2893
-2176
-927
613
1254
915
1130
2591
3937
4237
4466
5254
5383
4458
4171
5221
5969
5310
4441
4351
4096
3099
2584
3036
3048
2016
1096
928
588
-279
-606
-82
69
-786
-1629
-1660
-1444
-1509
-1402
-915
-832
-1441
-1805
-1245
-471
-381
-648
-586
-456
-622
-593
-35
317
-122
-663
-574
-287
-318
-253
130
326
227
314
281
-415
-346
2439
5642
4416
-92
-1099
3712
7884
6227
3116
4118
6670
5603
2970
3987
7061
6803
3906
3369
4754
3467
125
75
3420
4014
-72
-3693
-3283
-1916
-2931
-4485
-4298
-4045
-5864
-8087
-8190
-7097
-7158
-8009
-7774
-6964
-7437
-8911
-9055
-7117
-5209
-4990
-5548
-5278
-4268
-3660
-3374
-2193
-219
858
460
26
812
2079
2738
3252
4146
4575
3825
3009
3469
4508
4752
4406
4265
3946
2981
2325
2789
3388
2916
1990
1637
1437
653
6
388
944
536
-394
-787
-805
-1074
-1206
-631
-19
-323
-1148
-1463
-1105
-610
-153
307
273
-471
-1152
-913
64
740
550
-65
-490
-648
-640
-435
126
695
613
170
273
588
-54
-725
1540
6118
6854
1651
-2291
1401
8276
9179
4842
3748
6851
7294
3862
3328
7512
9385
5826
3157
4909
5364
1150
-1352
2519
6179
2490
-4343
-5813
-2920
-2534
-5119
-5879
-4746
-6178
-9934
-11227
-9431
-8619
-10041
-10522
-9051
-8862
-11374
-12928
-10678
-7315
-6349
-7302
-7506
-6525
-5692
-5044
-3440
-1274
-161
-127
284
1319
1839
1911
3142
5476
6480
5234
3872
4220
5419
6027
6251
6424
5709
4090
3253
4053
4944
4444
3335
2816
2391
1409
719
1161
1855
1470
276
-542
-780
-877
-692
-3
463
-143
-1250
-1514
-781
-85
84
228
525
379
-306
-627
-131
542
767
753
699
195
-669
-994
-439
193
338
353
275
-247
-523
140
424
-521
136
4624
7732
3372
-3286
-1486
7803
11690
6131
2139
6085
9139
4700
1466
6852
12343
8288
1529
2633
6650
3729
-1738
613
6528
4054
-4757
-7502
-3019
-1754
-5946
-7538
-4923
-5624
-10941
-13068
-9756
-7954
-10683
-12106
-9696
-8802
-11732
-13373
-10460
-7155
-7177
-8080
-7119
-5970
-6027
-5233
-2832
-1058
-853
-200
1481
1872
833
1429
4426
6567
5892
4478
4390
4856
5090
5921
7074
6808
4956
3646
4142
4940
4638
3978
3830
3540
2539
1632
1615
1942
1843
1523
1306
873
86
-331
147
835
906
450
34
-159
-188
91
670
1025
744
166
-106
93
435
619
610
367
-86
-503
-553
-266
-102
-301
-638
-875
-1115
-1308
-1166
-705
-397
-403
-333
-267
-673
-1042
128
2670
3764
2106
127
796
3445
4999
4651
4117
4181
3995
3597
3918
4624
4538
3801
3574
3551
2439
659
110
981
1279
-24
-1857
-3039
-3721
-4186
-4238
-4270
-5064
-6407
-7178
-7127
-7207
-7770
-7857
-7264
-6980
-7305
-7560
-7236
-6618
-6005
-5061
-4090
-3958
-4178
-3346
-1558
-613
-925
-710
782
2083
2070
1697
2219
3140
3502
3613
3958
4015
3492
3235
3817
4345
3917
3119
2965
3241
3090
2640
2505
2494
2205
1829
1737
1752
1472
1136
1219
1417
1224
805
628
775
924
926
882
737
496
435
623
763
617
395
369
357
175
27
96
172
-2
-245
-311
-366
-557
-613
-406
-331
-639
-922
-816
-651
-725
-762
-539
-356
-442
-479
-325
-284
-265
276
1101
1117
320
136
1116
1984
1818
1427
1668
1975
1704
1496
1873
2106
1643
1176
1312
1361
656
-65
16
302
-151
-1030
-1530
-1720
-2103
-2456
-2457
-2547
-3176
-3858
-3913
-3648
-3765
-4041
-3916
-3680
-3830
-3983
-3614
-3091
-3001
-2993
-2370
-1583
-1595
-1945
-1545
-540
35
-21
92
471
559
519
958
1628
1711
1261
1166
1614
1799
1543
1476
1777
1924
1636
1402
1499
1549
1416
1483
1762
1720
1307
1092
1359
1639
1549
1383
1461
1537
1368
1247
1356
1471
1385
1254
1291
1296
1055
809
848
972
862
587
406
349
222
63
2
-36
-200
-391
-447
-424
-529
-707
-748
-698
-700
-772
-807
-768
-761
-826
-805
-658
-555
-564
-558
-452
-324
-331
-340
-148
145
260
167
118
211
337
421
529
637
613
443
313
362
463
465
385
302
209
37
-110
-130
-106
-160
-314
-475
-602
-728
-823
-823
-818
-903
-1067
-1199
-1225
-1193
-1203
-1215
-1202
-1226
-1272
-1267
-1201
-1109
-1054
-1029
-980
-915
-850
-782
-712
-612
-480
-396
-361
-305
-207
-93
0
91
177
258
332
399
481
604
708
755
810
899
978
1024
1068
1132
1213
1239
1204
1244
1291
1311
1291
1226
1214
1218
1168
1112
1073
1012
909
786
719
686
598
472
364
282
175
63
11
-34
-127
-221
-284
-318
-349
-408
-418
-429
-465
-499
-502
-483
-478
-496
-471
-425
-425
-434
-421
-359
-326
-343
-319
-260
-246
-258
-250
-196
-158
-169
-172
-138
-118
-114
-108
-70
-32
-53
-73
-39
2
22
10
11
24
15
27
44
36
22
16
21
24
2
-17
-27
-36
-41
-56
-88
-120
-148
-148
-134
-147
-194
-234
-239
-210
-206
-233
-252
-263
-254
-225
-211
-209
-215
-213
-186
-141
-113
-118
-118
-88
-46
-21
-9
2
18
46
74
93
115
127
133
153
167
168
168
177
204
216
209
203
206
216
227
227
216
208
205
206
212
212
202
186
176
170
171
166
154
144
138
137
138
121
108
109
103
103
89
66
49
47
40
27
21
11
-2
-18
-25
-34
-48
-40
-39
-61
-74
-78
-76
-79
-79
-82
-90
-90
-79
-84
-95
-88
-83
-81
-77
-80
-87
-80
-67
-66
-65
-62
-61
-61
-56
-57
-54
-54
-47
-34
-37
-38
-43
-48
-44
-20
-11
-19
-29
-33
-28
-13
4
3
-13
-20
-10
6
22
14
3
7
14
17
14
17
19
18
16
9
0
-1
11
19
9
-12
-22
-25
-15
5
0
-25
-37
-31
-21
-23
-27
-24
-23
-28
-28
-27
-34
-28
-14
-2
-1
-6
-9
9
34
42
38
31
42
58
63
67
74
75
74
76
80
90
86
86
90
80
72
68
65
58
48
42
36
30
29
30
23
11
13
15
3
2
1
-4
-8
-3
-3
-13
-15
-15
-16
-13
-10
-23
-30
-21
-13
-8
-21
-31
-28
-15
-12
-23
-28
-30
-21
-7
-9
-27
-27
-19
-12
-2
1
-10
-13
1
9
-1
-8
-8
-9
-4
6
11
-6
-18
-9
6
7
0
-2
0
5
7
-3
-4
3
6
8
10
0
-13
-15
-4
4
-10
-22
-23
-16
-8
-17
-30
-28
-20
-20
-18
-11
-13
-24
-22
-8
-14
-24
-23
-10
2
9
6
4
8
19
31
32
25
9
13
39
50
41
28
19
25
36
35
28
24
30
30
31
32
30
9
12
29
32
21
6
5
8
16
14
15
17
1
-8
4
12
3
-7
-3
4
6
-5
-10
-1
6
0
-2
-5
-11
-16
-2
13
4
-8
-12
-2
3
0
0
6
7
-2
-3
-3
-6
-10
-2
12
10
-6
-22
-10
1
4
-2
-8
-6
-11
-8
6
4
-20
-23
-2
11
-5
-25
-20
-9
-2
-5
-10
-10
-13
-13
-9
1
-10
-32
-27
-7
-7
-18
-17
-6
5
-8
-22
-5
18
23
16
6
-4
4
27
39
29
7
5
25
46
47
18
0
12
25
31
31
18
-1
-4
6
7
-2
-8
-4
-1
-1
-6
-19
-24
-18
-12
-7
-15
-33
-41
-25
7
15
-7
-29
-19
-3
3
16
18
2
-11
7
33
37
26
24
24
25
31
33
26
15
28
38
39
31
12
-1
8
35
29
8
-1
5
12
12
6
-13
-21
-7
7
-4
-18
-26
-15
0
-2
-6
-12
-10
-17
-24
-13
-12
-24
-18
-8
-27
-32
-23
-17
-20
-21
-29
-39
-25
-10
-11
-19
-19
-23
-22
-7
-6
-15
-11
-4
-2
-4
4
10
15
17
20
21
22
29
36
42
27
16
23
36
41
35
30
26
31
35
27
17
17
17
10
8
5
-3
-8
-12
-16
-12
-2
4
-10
-29
-24
-17
-12
-18
-16
3
6
-22
-31
-8
-6
-20
-10
-3
-8
-2
2
-9
-2
11
-1
0
14
5
-3
14
25
12
8
21
16
5
9
13
23
29
21
9
4
13
19
12
7
18
7
-6
15
15
3
0
-4
-8
-4
1
-7
-10
-8
-8
-17
-17
-9
-15
-17
-9
-19
-29
-25
-14
-12
-17
-26
-31
-22
-19
-27
-31
-29
-20
-23
-12
-3
-12
-16
-9
-2
-3
6
10
10
13
23
24
24
24
24
31
35
36
39
37
30
30
34
38
41
31
24
28
19
14
17
19
8
2
5
6
13
6
-6
-16
-9
-2
-13
-20
-12
-17
-26
-14
-12
-20
-30
-26
-18
-14
-16
-14
-11
-11
-2
-5
-4
-1
-2
-3
-1
-3
-9
-3
5
6
2
-5
-8
-3
0
4
3
2
-5
-14
-10
2
5
2
3
5
0
0
7
9
8
5
4
5
1
6
14
16
14
6
1
6
8
4
-4
-4
0
-1
-11
-7
-3
-13
-9
-7
-14
-22
-26
-20
-8
-2
-9
-16
-6
5
0
-5
2
6
2
4
9
13
7
7
15
20
18
5
6
17
28
24
19
15
15
17
23
34
22
10
6
12
28
24
3
-5
-1
0
0
-1
-6
-5
-4
-1
-6
-10
-17
-22
-14
-10
-10
-13
-14
-10
-4
-1
-6
-11
-10
-8
-6
-10
-14
-13
-8
-1
0
-5
-10
-13
-9
-6
-1
-2
-6
-6
-6
2
6
-4
-12
-11
-6
-5
-3
-8
-9
1
-7
1
8
5
-2
-5
4
5
7
6
3
3
4
6
15
13
0
-2
6
16
10
1
3
6
5
1
2
0
2
4
2
1
-2
-2
-4
-1
1
-1
-8
-7
-6
-1
5
6
2
3
4
9
9
12
10
14
18
15
18
18
12
16
23
20
14
8
6
4
9
7
4
0
-1
-5
-3
-3
-6
-13
-12
-5
-6
-9
-12
-12
-7
-6
-7
-8
-9
-9
-6
-7
-6
-6
-11
-12
-8
-5
-11
-14
-10
-11
-9
-14
-13
-13
-10
-6
-7
-6
-8
-7
-11
-10
-8
-6
-2
-7
-7
-9
-2
3
0
0
-1
-1
4
8
5
5
3
5
8
12
11
9
9
15
14
13
16
17
13
8
9
13
8
0
0
-3
1
-1
0
-1
1
1
0
0
-1
4
4
0
-1
-1
3
4
2
7
8
7
8
7
9
9
