SAMPLES:	9413
BITSPERSAMPLE:	16
CHANNELS:	1
SAMPLERATE:	16000
NORMALIZED:	FALSE
-4
-4
-1
-4
0
-3
-3
-4
-3
-3
-5
-3
-1
-3
-2
3
3
1
2
0
-3
-2
-2
1
0
0
0
-2
-3
-1
2
1
1
3
1
-1
1
1
2
1
-4
0
1
-2
-1
-2
-2
-1
1
2
2
1
2
0
-2
2
2
4
1
-2
0
-2
0
2
0
-2
-1
1
2
2
2
1
0
2
0
0
-1
0
-1
0
0
-3
-2
-2
1
1
1
-1
-3
-1
-1
-2
-1
0
0
-2
2
4
0
0
-4
1
1
-2
-2
-4
0
2
-1
0
1
0
-1
-2
0
1
-5
-6
-2
-1
-3
0
0
-3
1
1
3
2
0
3
4
0
5
3
1
-1
-2
0
0
3
2
1
-1
-3
2
1
1
3
2
2
3
3
4
3
0
3
2
0
0
-1
-1
-2
-5
-5
-1
1
2
4
1
1
3
2
2
1
0
1
-1
0
-2
-4
-2
-2
-3
-5
-3
1
1
-1
-3
0
-1
0
-2
-2
0
-3
0
-2
0
2
-3
-1
-5
-2
0
-2
0
2
0
0
0
-1
-1
-3
-5
-1
-2
0
5
4
3
1
0
3
3
1
-1
1
3
1
0
0
2
1
0
3
1
3
3
1
-1
0
3
-1
1
4
2
-2
0
-1
-3
-1
1
0
-2
-1
-3
-1
0
-4
-3
-1
-3
-3
-1
0
-1
-1
1
5
3
2
4
1
5
2
5
0
-1
-1
-1
1
3
1
-2
0
1
0
3
1
0
-1
-5
-4
-3
-4
-2
-5
-1
-4
-5
1
-3
1
2
0
3
2
2
2
2
3
0
1
2
1
0
-1
-2
-2
-1
-2
1
0
1
0
-3
-2
-1
1
1
2
2
1
-2
3
1
0
0
0
0
-2
0
-1
-1
-2
-2
-2
-4
-1
0
-1
0
0
-2
1
0
3
3
2
3
3
1
3
5
2
-1
-1
-1
-2
2
-3
-3
-1
1
3
-2
4
2
-1
-2
-5
-3
-2
-2
-1
-1
-6
-2
2
0
1
-1
-3
-5
2
0
-4
0
-1
2
3
0
3
3
-2
0
1
0
3
3
2
2
2
1
1
3
1
2
3
0
2
1
-1
2
1
2
4
-1
-1
1
1
-3
-3
-2
-5
-4
-1
-1
-3
-2
2
2
-1
0
1
-1
0
-3
1
3
1
-2
-1
0
1
1
-3
1
2
-1
1
1
0
0
-3
-5
-3
-2
-2
-4
0
0
-5
-5
0
0
0
-1
0
2
0
-3
-1
-3
-1
-3
-2
0
1
-4
-2
1
1
0
1
-1
-2
0
2
6
6
6
5
3
5
6
1
3
1
0
0
0
0
-2
-2
1
0
0
0
-1
1
0
1
3
2
1
-1
1
-1
-1
-1
2
3
-1
2
3
-1
-4
-3
-1
2
0
1
3
1
2
1
3
1
-3
-3
-5
-2
-1
-3
-3
-2
1
-1
-4
-2
-1
-2
0
-3
-1
-1
1
-2
-2
0
-2
0
0
-1
-2
-4
0
-3
-1
1
-3
-2
2
3
1
3
6
1
1
-1
2
5
-1
0
1
0
-1
1
3
-2
1
3
0
3
4
2
3
1
-2
-2
1
-2
1
3
-2
-1
-4
-3
-1
-2
0
-2
-1
-2
0
-2
-3
0
-1
1
-4
-7
-5
0
1
0
0
1
-1
3
3
3
3
2
1
2
1
2
1
-1
2
-2
2
1
1
2
-4
0
-2
-1
4
5
7
6
4
4
3
1
5
4
-2
-3
-5
-4
2
-1
-4
-4
-3
-2
-1
2
1
-1
1
2
0
0
0
0
-1
-1
1
-2
-4
-2
-4
-2
1
0
3
-1
-3
1
1
-1
1
-2
-1
-1
-3
0
0
1
1
1
1
-1
0
0
-2
-1
-1
-1
0
-1
-3
-5
-3
-3
-2
0
-2
-1
0
2
-3
-1
0
0
-2
1
1
0
2
0
2
2
1
4
5
4
5
5
3
2
3
-1
1
-3
-4
-3
-1
0
0
0
2
3
4
4
2
-1
-1
3
0
1
1
2
4
2
4
1
3
2
0
-2
-3
-1
-5
-2
-2
-4
1
2
3
1
0
-2
-2
0
-3
-2
1
-1
-1
-1
0
3
0
-2
-3
-4
-1
-1
-3
-2
-2
-1
0
-2
0
-2
-3
-2
-2
-3
-3
-3
-6
-1
-1
-2
-2
-3
0
0
-1
-1
2
0
-1
4
3
5
5
7
6
4
2
0
3
2
5
2
5
2
2
3
-1
2
2
3
2
2
2
-1
-2
-1
2
2
3
4
1
0
0
-1
-2
-1
-1
-3
-4
-4
-1
-1
1
4
0
-5
-4
-3
-4
-3
2
4
-2
-2
2
3
1
0
3
-1
-1
3
1
3
0
-1
1
1
0
-1
-5
-1
-1
-1
0
-2
-2
0
0
-2
-3
1
-6
-4
1
-2
-2
-3
-2
-6
-4
-3
-2
-1
-2
-1
1
3
0
1
0
-1
2
4
3
0
-2
-1
0
3
4
1
1
4
3
6
8
6
4
2
3
5
4
4
3
2
-2
1
0
2
2
1
3
1
1
1
2
-2
-1
0
-1
-2
-5
-1
-3
-5
-3
-5
-4
-4
-1
2
1
1
0
2
3
1
-1
0
2
-2
0
-2
-4
-2
-4
-2
-7
-2
1
2
1
-1
-4
0
-2
-2
2
-2
1
0
0
3
0
0
3
4
0
1
1
1
3
2
4
0
-1
1
0
0
-1
1
1
2
1
3
3
-1
2
2
3
2
-1
-1
2
1
-4
0
-1
-3
2
3
3
-1
-1
-3
-1
1
0
-2
1
8
11
2
-4
-2
-4
2
4
0
-3
-4
-1
-6
-4
-4
-3
0
1
-2
-5
-2
1
-1
-1
1
2
6
2
-4
0
1
3
1
0
-3
-1
-1
-1
-3
-4
-1
3
1
-2
-1
-2
-1
2
-1
0
0
-1
1
1
2
3
0
2
4
3
2
0
-1
3
2
-5
-1
-3
4
2
0
1
0
1
1
2
1
2
0
-2
-2
0
2
3
1
0
3
3
4
-1
-2
1
1
2
4
1
0
1
-1
-2
-2
-2
-1
-1
-3
-1
0
-2
-3
-3
-3
1
2
-1
1
-1
1
2
0
-1
0
0
-1
-1
0
-1
0
-2
1
-3
1
4
-2
-4
-3
-5
-4
-1
1
2
0
-3
-2
-3
-3
0
1
0
-2
0
1
-1
1
3
3
3
3
1
4
0
-3
-1
2
-1
0
-1
-2
0
2
0
-1
0
2
1
-1
0
-2
-2
1
-1
-2
1
-4
-1
2
5
2
1
3
3
3
2
0
-2
2
4
3
6
5
4
7
3
0
0
-1
-2
-1
-2
-4
-1
-4
0
-2
-3
-2
-4
-6
-3
-5
-1
-1
-2
-2
-4
-4
-4
-4
-3
-3
1
3
1
1
-1
1
2
4
5
4
2
1
2
1
3
1
0
-2
-2
-2
1
-3
-3
0
2
2
2
2
0
4
2
2
-1
-3
-2
0
1
3
2
1
1
-1
1
2
-2
-1
-2
-1
-2
-4
-3
0
-3
-2
-3
-1
0
-1
2
2
0
1
-1
-1
1
0
2
0
-3
-1
-2
-2
0
2
-2
-1
0
-2
-1
-1
0
-3
-1
3
0
1
2
2
2
3
0
-1
-1
0
0
-2
4
-1
-4
0
-1
1
4
4
2
1
2
1
-1
2
0
0
1
6
0
-1
1
-2
-1
1
-4
-1
0
-3
-3
-1
1
3
4
1
1
3
3
0
1
1
-1
0
-4
-3
1
-3
1
3
0
1
0
3
4
0
-3
-3
-2
-3
-3
0
-1
-1
-3
-2
0
0
0
-1
0
1
3
-1
-5
1
1
1
2
-2
-5
-2
-2
-1
-2
2
0
-6
-3
2
0
-4
-3
-3
-2
1
2
1
2
3
1
-1
-2
-2
3
0
-1
3
1
0
1
3
-1
0
-1
1
3
0
-7
-4
5
4
0
-2
0
2
3
2
-2
3
5
1
-1
-1
-3
1
0
2
-3
0
4
3
3
3
5
5
8
7
4
6
6
3
4
3
1
2
4
2
3
4
1
1
-1
-2
-7
-2
-2
0
-3
-7
-6
-4
-3
-2
-1
2
0
2
1
-3
0
6
3
-8
-9
-7
-7
-1
-4
-10
-6
-5
-7
-8
-3
-3
1
1
-5
-8
-3
-4
-3
1
-1
-3
-2
-3
-3
-2
-1
-5
-4
-2
-3
1
-2
-1
4
3
1
-2
-3
0
1
0
-2
2
-2
-2
2
1
1
0
3
0
1
0
2
5
2
2
3
3
2
2
7
5
4
6
6
7
5
8
6
5
4
5
6
7
3
3
4
1
2
3
4
3
7
2
4
2
2
5
5
4
3
1
-1
3
2
1
2
0
2
5
4
4
4
4
6
6
5
5
3
3
2
5
5
6
2
5
6
4
5
4
1
2
3
-2
-3
-3
-5
-5
-5
-10
-10
-12
-24
-34
-39
-43
-44
-47
-71
-77
-75
-80
-77
-89
-107
-106
-106
-105
-104
-118
-129
-125
-122
-116
-113
-123
-121
-103
-93
-83
-70
-65
-48
-27
-6
14
35
65
89
112
136
155
187
224
244
256
276
285
315
344
346
353
351
349
368
379
368
362
348
334
343
331
307
287
259
237
226
195
160
133
98
68
38
0
-30
-64
-97
-128
-168
-198
-228
-257
-284
-320
-354
-372
-384
-387
-386
-400
-387
-356
-317
-264
-202
-120
-33
65
172
283
398
517
632
749
853
951
1038
1111
1169
1203
1216
1212
1181
1123
1040
929
797
644
474
282
75
-142
-365
-589
-819
-1040
-1257
-1468
-1662
-1833
-1991
-2130
-2246
-2342
-2410
-2456
-2474
-2466
-2442
-2392
-2321
-2230
-2125
-2001
-1862
-1712
-1553
-1379
-1200
-1015
-816
-610
-403
-189
29
247
468
687
906
1119
1326
1519
1706
1881
2038
2180
2298
2403
2483
2548
2593
2614
2613
2594
2551
2492
2410
2318
2212
2090
1956
1816
1664
1506
1345
1174
1000
822
645
469
292
118
-59
-231
-397
-558
-720
-874
-1022
-1163
-1296
-1421
-1542
-1650
-1745
-1835
-1905
-1960
-1998
-2018
-2022
-1998
-1949
-1879
-1778
-1653
-1508
-1341
-1143
-928
-698
-452
-203
53
304
557
797
1026
1240
1423
1579
1708
1803
1867
1886
1869
1817
1728
1618
1472
1296
1100
881
648
410
164
-83
-338
-586
-826
-1054
-1263
-1457
-1637
-1801
-1945
-2062
-2154
-2232
-2281
-2318
-2327
-2317
-2288
-2241
-2179
-2099
-2009
-1898
-1771
-1624
-1469
-1298
-1112
-908
-693
-455
-206
50
321
598
886
1180
1473
1767
2048
2318
2580
2826
3045
3234
3388
3501
3590
3646
3664
3628
3547
3429
3276
3099
2886
2635
2342
2027
1699
1366
1025
674
302
-66
-417
-735
-1035
-1338
-1630
-1895
-2122
-2311
-2476
-2624
-2757
-2854
-2918
-2943
-2943
-2930
-2893
-2836
-2740
-2624
-2485
-2330
-2159
-1972
-1780
-1577
-1358
-1124
-892
-671
-457
-236
-10
216
419
601
780
952
1116
1255
1368
1466
1542
1595
1624
1636
1629
1590
1526
1456
1400
1346
1276
1172
1065
993
958
946
919
874
828
811
832
869
896
897
871
828
807
800
777
698
547
376
238
135
9
-159
-399
-634
-803
-888
-997
-1151
-1317
-1484
-1621
-1660
-1649
-1723
-1812
-1896
-1916
-1886
-1839
-1807
-1786
-1809
-1781
-1615
-1474
-1399
-1355
-1274
-1193
-1003
-812
-685
-486
-327
-263
-267
-149
403
1382
1268
188
-50
917
1763
1748
981
602
1174
1871
2041
1908
1844
1854
1988
2035
2011
2217
2574
2493
2078
1743
1697
1772
1613
1415
1443
1276
905
751
453
83
-90
-210
-322
-382
-759
-1099
-1169
-1509
-1723
-1490
-1267
-1728
-1845
-1849
-1935
-2195
-2044
-1995
-1656
-1630
-1712
-1499
-1573
-1721
-1489
-1147
-994
-587
-835
-738
-700
-411
-138
165
-160
3
231
118
209
281
458
327
464
465
699
646
413
249
456
323
691
1366
1734
1874
1254
386
330
1257
2367
2726
2150
1594
1405
1841
2216
2085
1878
2121
2437
2500
2215
1683
1156
921
924
1059
1047
450
-304
-1211
-1723
-1807
-1720
-1902
-2464
-3035
-3214
-3311
-3479
-3583
-3667
-3489
-3267
-2928
-2795
-3089
-3268
-2809
-2289
-1943
-1917
-703
-938
-2331
-1395
-131
125
-103
-104
262
602
766
1165
1359
818
1466
1743
1902
2900
2512
1826
2110
2803
2868
2897
2848
2550
2524
2557
3006
2925
2340
1700
764
1685
2074
1537
963
-138
-44
192
358
13
-1123
-1573
-1625
1057
-668
-3086
-2603
-1685
-422
-1382
-2064
-3019
-1347
-850
-3632
-1522
-3
-1601
-998
-2709
-788
265
-1114
-658
-2216
-1075
1525
-149
-1298
-823
-679
689
662
-743
-505
1256
1205
-934
-1447
1735
2468
82
-1490
-878
1424
1213
-8
-1660
-530
-962
-435
-1359
-861
3156
5167
3103
-2261
-3317
1201
6170
5901
3133
1165
1842
3324
3440
3162
3222
3455
3560
3823
3697
2945
1671
171
325
1953
2818
1567
-1219
-2955
-3250
-2552
-2229
-2463
-3353
-4569
-5554
-5839
-5577
-5507
-5402
-5515
-5529
-4994
-4646
-4611
-5136
-5182
-4022
-2402
-1266
-1196
-1755
-2285
-1497
-359
784
1711
1764
1260
1492
2043
1766
2441
3366
3665
3856
3677
3644
3589
3372
3532
3997
4299
4542
4263
3570
2563
2358
3520
4117
2829
1104
784
823
419
258
129
-558
-946
-634
-1357
-1566
-2110
-2106
-1800
-1366
-1808
-1613
-2701
-2225
-680
-3637
-2454
23
-1371
-1596
-654
-3117
-1776
294
81
-1538
167
-489
-2151
-1111
141
1317
-441
-523
-2648
-806
2239
1297
-2685
-2514
825
769
946
-300
-647
-490
-635
-536
239
860
-632
-2824
-1741
-1453
-249
-1044
-3427
791
7949
9880
1183
-7736
-4117
8260
13840
8212
1897
2131
4819
4983
4266
5572
6701
6662
4834
3141
3083
3931
2901
-509
-1118
1970
3781
118
-5096
-7448
-6318
-4156
-3228
-4191
-6974
-9281
-9745
-9547
-8819
-7454
-6396
-7396
-9103
-8670
-6345
-5247
-6220
-6197
-4252
-1703
-657
-1177
-1995
-1650
391
2676
3979
4173
4050
3689
3254
3859
5497
6937
6904
6253
5691
5367
5572
5860
5949
5303
5610
6653
6181
3513
964
1424
3088
3939
3256
1535
-1072
-2629
-2056
-725
-290
-920
-1737
-3509
-4423
-3549
-2271
-2399
-3397
-3054
-2432
-2306
-2787
-3225
-2833
-1875
-1389
-615
-820
-1711
-2176
-1535
-1048
1324
2686
-936
-2410
-1293
523
1918
-227
-307
-193
-823
791
-1739
-163
1246
-663
-2102
-987
1158
483
-1350
-3996
-2726
-310
-331
-2468
-3244
-3123
-3905
-5016
4
12619
17294
5004
-14076
-10077
11656
23422
14344
1917
3252
9153
8267
4525
7523
12256
11714
5517
1773
6206
8529
3802
-4764
-5570
3102
6743
17
-9790
-12515
-10408
-8155
-7678
-7546
-8835
-12033
-14735
-16720
-14096
-9168
-7063
-10003
-14099
-11548
-6061
-4709
-7828
-8589
-4444
339
1547
12
-43
978
2712
3540
5075
8309
9412
7345
3762
4425
8339
10639
9474
7580
7256
7483
7439
6620
6355
6469
6536
6243
5254
3676
2024
600
-99
234
1295
904
-1911
-4769
-4999
-3521
-2277
-2339
-3132
-4047
-4520
-4343
-3797
-2888
-2331
-2458
-2936
-2678
-1892
-1583
-1683
-1475
-557
126
236
152
191
322
305
494
876
796
372
-476
-467
-872
-725
-250
-1123
-745
-1183
-1582
-1647
-1793
-2757
-2047
-1175
-1580
-2249
-3305
-4228
-3759
-3872
-3996
-4712
5326
19966
19754
303
-18738
-4443
20725
27610
13896
6112
11179
10868
2542
1680
13962
20714
13652
1482
343
8373
6842
-3243
-10747
-2754
7011
2339
-9402
-15727
-14357
-14924
-15494
-12244
-6960
-9088
-17172
-23301
-22897
-14263
-8005
-7645
-12132
-13516
-9189
-6876
-7519
-7628
-3429
1499
3168
2455
2733
4472
4727
4552
5432
10904
15020
12860
7376
4724
8153
10759
10602
9997
10299
9369
6365
4373
4359
6023
5405
6167
5772
2718
-709
-3864
-2595
-1471
623
1094
-1657
-5714
-6633
-5326
-4006
-2172
-1236
-943
-3237
-3997
-3419
-3227
-1846
-696
368
-341
-1043
-1299
-1956
-2046
-337
1608
1515
453
-768
-885
-1109
-933
118
266
-385
-1309
-2089
-2826
-2801
-2045
-1854
-2724
-2654
-2225
-2927
-4746
-4683
-3563
-2491
-3127
-3428
-4869
-6018
-6446
1283
20276
26036
11365
-14075
-10225
16003
30112
22613
13555
18279
15989
3435
-1006
14404
26972
20016
5312
620
7922
5054
-5535
-10204
-1524
6513
-2706
-14874
-18737
-15894
-18836
-21946
-17447
-10898
-12924
-22456
-26458
-24291
-17662
-14129
-12894
-12097
-11211
-8594
-8486
-8355
-6577
-1974
2820
5527
6922
6798
6889
6038
6796
9371
14510
17741
14912
10414
8041
9506
9801
9793
11368
12233
9419
4307
2525
2749
3347
2389
3412
5318
2442
-2741
-7228
-5635
-2575
-184
526
-891
-4160
-7049
-6645
-4205
13
1724
853
-1552
-2446
-1588
-1470
-153
1489
2499
1362
183
-192
-959
-1928
-1414
896
1566
483
-1636
-3131
-3406
-3085
-2026
-1859
-2011
-2808
-4474
-5379
-4521
-3560
-4122
-5151
-4424
-3715
-4511
-5463
-4716
-4568
-4162
-5335
-4339
-4793
5483
25552
28531
8473
-16379
-4010
23340
32180
22243
18925
24716
15521
-1174
-662
21203
31988
20023
3293
1698
8352
-23
-10982
-9216
4735
5396
-11773
-21352
-18220
-15715
-23851
-26094
-17925
-11392
-17349
-26440
-27223
-23302
-18279
-17132
-14135
-10332
-8091
-8127
-9851
-7461
-3799
446
4488
8369
9879
8642
7551
6813
8494
11804
17036
17799
13899
10212
8361
7954
7206
9407
11453
10054
5545
2150
889
-272
-6
2072
5078
2741
-2379
-6453
-6462
-4054
-2020
340
838
-660
-3853
-5441
-3790
131
2647
2330
2072
2356
1765
-771
-904
2083
3976
3004
1475
1400
236
-2183
-3342
-1584
563
432
-1474
-3232
-3716
-4613
-5558
-5001
-3107
-2316
-4319
-6061
-6127
-5878
-6248
-6291
-5427
-4660
-4441
-5255
-5788
-6111
-6186
-5652
106
21537
32290
18700
-9577
-10537
16501
29985
25958
22750
30603
22457
131
-5723
14544
32101
24397
8551
3087
7201
-1725
-13746
-10234
3608
5418
-13070
-22398
-17881
-15368
-24203
-28563
-20608
-14617
-17996
-23868
-22142
-20203
-20466
-21387
-16582
-7375
-2880
-3480
-6877
-6454
-4172
-900
5049
11434
14466
11416
8090
6004
7593
11363
15668
16578
13313
10740
7735
5009
3521
5647
7485
6005
3639
1631
-717
-3680
-3645
-1300
829
378
-984
-2567
-4306
-5289
-4479
-969
2463
2995
541
-1407
-917
428
1468
3494
6310
6674
3955
1422
1664
2745
2548
2087
2770
3204
1065
-2317
-3993
-3038
-2449
-2937
-3116
-2326
-2885
-5890
-8202
-7341
-4923
-4434
-5047
-4442
-4328
-6245
-8030
-7272
-5261
-4334
-4119
-2941
-3176
-5203
-6455
-1069
20581
32767
22369
-4114
-7746
14497
25362
22950
23517
32277
22810
-756
-6990
12514
28080
20337
6989
3228
5123
-5338
-15915
-10751
979
-260
-16848
-22211
-16103
-15200
-24693
-28586
-21222
-16313
-18288
-20586
-17195
-16107
-18384
-20002
-15231
-5664
123
1115
-1381
-2266
-1960
7
6110
13098
16724
14143
9804
6451
7173
10878
14323
14158
11313
9797
6519
2336
724
3087
4172
1293
-523
-468
-1335
-5066
-5891
-4416
-471
1876
-790
-2619
-3899
-3082
-3699
-953
5178
6260
1641
-646
1529
2280
2698
4688
8136
7212
3956
2317
1855
3293
2585
968
492
1566
295
-3863
-5261
-3636
-3778
-6283
-5272
-3088
-3577
-7423
-8945
-7311
-5618
-5145
-4630
-3483
-3539
-5024
-7660
-6555
-4179
-2235
-2603
-1479
-1230
-2835
-4518
5321
25588
30223
15037
-4348
2684
19602
23924
22346
27567
31926
15252
-3778
-132
19674
24990
12821
3770
4131
1390
-11516
-14766
-6168
-967
-10808
-22829
-20144
-15473
-19396
-27450
-26521
-21024
-19654
-20686
-18187
-14198
-15776
-18823
-18397
-11126
-2895
1386
2412
1164
663
275
2900
8714
14742
17067
14279
9771
7149
9041
11380
11866
10768
10210
8382
3284
124
1065
2386
-602
-3447
-1568
-425
-3099
-6390
-653
2382
-3969
-7622
-3203
2463
-1153
-2290
1774
2616
-946
-183
3948
5917
5729
3698
3288
4431
7086
5590
3382
5577
5458
1295
-1283
1609
1857
-2298
-3946
-2619
-3069
-5205
-5110
-4976
-5138
-6693
-7233
-6291
-4542
-4556
-6644
-6803
-5046
-5353
-6822
-5613
-4231
-4899
-6226
-3714
-2368
-3261
-3935
10323
27916
28119
8369
-5710
8303
21967
22411
21262
30191
29391
8222
-5828
5866
23301
20215
8441
4956
6326
-2272
-14106
-11419
-2380
-2855
-15922
-21905
-15873
-13715
-21000
-27316
-23758
-20069
-20306
-19658
-14125
-11395
-14939
-18243
-16192
-8463
-1343
2835
3488
2651
2340
1879
3681
8442
14661
16455
12860
8617
8156
10242
9605
7546
7410
8991
6175
677
-723
1887
780
-5044
-6209
-1792
-677
-4308
-5378
470
905
-6048
-6238
-557
2091
-2064
-685
4339
3258
-724
787
4300
5274
5207
4809
5772
6112
5655
3398
3041
5562
4192
763
364
1608
-247
-3868
-3831
-2513
-3547
-5432
-4610
-3580
-4560
-6671
-6287
-4545
-4603
-4534
-4961
-3788
-4210
-5547
-6496
-5358
-3626
-3213
-3249
-2727
-2389
-161
14246
23974
19068
454
-1936
13487
20629
18432
20680
30082
22442
2113
-3565
12624
22800
14831
4686
4655
6023
-3679
-12939
-9700
-2514
-5217
-18031
-20964
-13195
-11000
-20765
-28257
-23264
-17155
-18496
-20259
-13638
-8426
-12417
-19406
-16658
-5945
822
1373
1553
4025
4909
2042
2232
8247
14961
14776
10070
8622
10976
11032
7347
5938
6901
6694
3684
1915
2197
1554
-1302
-5117
-6278
-3967
-597
-1118
-2600
-1161
-1136
-5313
-7624
-1856
3241
2142
-63
1341
2133
522
962
3302
5612
5834
5424
4852
5029
5626
4676
2830
1838
3217
3697
1171
-561
-292
-1549
-4689
-4877
-2316
-1193
-3258
-5284
-5068
-5134
-5099
-4173
-3347
-3892
-4132
-3303
-3497
-4973
-5322
-3945
-3478
-3247
-2226
-1494
-3531
445
12955
23087
17683
1270
-2768
7414
18203
18701
18653
22597
20496
7303
-2688
4257
17432
19090
7756
209
2166
2852
-4441
-11275
-8792
-4445
-8873
-16708
-16784
-10653
-11390
-20298
-26450
-22781
-15956
-13218
-13013
-12418
-12183
-14453
-15691
-12626
-5809
376
3121
2364
302
-102
2433
6204
8636
8992
9091
10024
10544
9217
7445
7250
7285
5480
2922
3848
6702
6363
1556
-2341
-2423
-1785
-1864
571
4622
4106
-1813
-6837
-6341
-3255
-674
1292
2119
542
-1434
-1436
-156
698
1643
2789
3443
3816
4862
5555
4122
1924
908
1178
1721
3069
4002
2192
-1633
-3832
-2618
-564
468
492
-274
-2033
-3914
-4376
-2847
-1930
-1939
-1265
-1932
-3023
-2615
-2441
-3399
-4544
-4125
-2331
-1502
-2055
-2749
717
7476
12776
10425
2039
-3035
478
8834
13905
14754
13225
10010
4916
1977
4514
9521
11339
8567
4605
2380
1421
663
-982
-2951
-4746
-6546
-7881
-7983
-6731
-7276
-10954
-15696
-17018
-15011
-12332
-10203
-8945
-9249
-11539
-13157
-11639
-7860
-4482
-2500
-1597
-1661
-1788
-776
1317
3009
2993
2757
3213
4638
6240
6849
6030
4201
2707
2219
3029
4574
5877
5471
3475
1445
400
625
1722
3230
3686
3104
3017
3243
2051
-571
-1828
-752
1141
2518
3801
3897
1704
-958
-1309
712
2869
3922
4256
2906
1826
618
-282
212
-279
-84
319
-419
-444
-98
-510
-1331
-2244
-1863
-597
-45
-413
-540
-1142
-1663
-1838
-1645
-1373
-1599
-1335
-751
-972
-1952
-2690
-2794
-3072
-2556
-2304
-3158
-3771
-4008
-2504
1071
5502
7602
4309
-1450
-3983
-497
5369
9798
11548
10045
6067
2357
2279
5224
7782
7469
5544
4304
3822
3572
2804
1088
-1337
-3708
-4838
-4490
-2727
-1794
-3583
-7781
-11473
-12591
-11581
-9211
-6807
-5573
-6651
-8826
-9851
-8860
-6905
-5065
-3653
-2671
-2105
-1766
-1186
-132
440
368
-70
187
1878
3825
4819
4422
3650
2606
1625
1397
2654
4597
5328
4713
3381
2691
3692
5744
6960
5485
2541
472
257
1488
3134
4085
2727
83
-1508
-939
528
1693
2051
1366
358
-71
711
1882
1030
-472
-529
-623
-1008
-533
451
-350
-1601
-1483
-1075
-1366
-995
-227
-399
-950
-1858
-2141
-1429
-774
-1149
-1613
-2398
-2669
-2329
-2079
-2226
-2251
-1971
-2715
-2762
-3446
-4119
-3555
-3492
-4032
-2209
3075
8984
10711
5736
-850
-3182
481
6828
12468
14699
12613
7049
2622
2571
5324
7411
6976
5507
4654
4170
3660
2293
-192
-3277
-6460
-8015
-6907
-3625
-1899
-3849
-8521
-12347
-14145
-13996
-11395
-7488
-4642
-4839
-6688
-7938
-8151
-7591
-5895
-3207
-684
371
514
771
1425
1600
1187
708
1272
2827
4487
5692
6112
5377
3214
990
288
1513
3021
3815
4185
3984
2692
929
294
1046
1815
2443
3273
4012
3714
2916
2282
1215
-159
-498
510
1803
2835
3070
2316
690
-639
-584
124
643
1424
1316
544
-586
-1601
-1563
-1252
-2514
-3745
-2527
-1790
-2255
-1792
-2409
-3817
-4439
-3463
-2180
-1731
-1609
-2359
-2370
-2408
-2526
-1941
-1815
-2771
-2952
-1404
-1694
-2757
-2665
-3014
-3351
-977
4722
11573
14850
10283
2968
-634
2075
8085
14049
16788
15088
9883
4545
3490
6164
8413
7004
3511
1705
2028
2178
365
-2228
-4444
-7421
-10684
-12234
-10338
-7681
-6972
-8654
-11017
-13571
-15697
-15317
-11565
-6501
-3938
-4456
-5796
-6167
-5286
-3463
-1058
932
1493
1221
2044
4471
6255
6013
4068
2602
2206
2918
4245
5757
6423
4834
1867
-464
-1126
-926
-88
1064
2289
3515
4350
3956
1395
-2115
-4066
-3328
-553
2414
4557
4307
1661
-934
-1068
309
1124
1599
2491
3756
4646
4943
4393
2438
-22
-1346
-1223
-446
304
775
54
-1791
-3396
-4213
-4450
-4165
-2944
-2122
-2587
-3277
-3617
-3370
-3429
-3281
-3316
-3895
-4224
-3227
-1640
-970
-1773
-3124
-4326
-4745
-4322
-2933
2981
12063
19555
18001
9663
2063
1267
6248
12393
18308
20798
17758
10511
5879
6303
7499
5373
1312
-321
779
1115
-788
-3718
-5521
-8580
-13684
-18783
-18925
-14771
-10727
-9248
-9882
-11748
-15656
-18397
-16852
-11248
-6283
-4285
-3411
-2048
-516
471
1415
2540
2985
3275
4012
6413
9100
10778
10263
8312
5539
2446
376
766
3588
5238
4002
1024
-1397
-3431
-4486
-3269
-447
1130
247
-1326
-2368
-3129
-3016
-1638
-311
-739
-1159
59
2088
3521
4388
4413
2756
1281
2172
4852
6511
6773
6199
4333
1594
-77
38
201
-440
-878
-1244
-2241
-3291
-3175
-3077
-4128
-5369
-5504
-5157
-4800
-3732
-2630
-2855
-4241
-4921
-4668
-4457
-4177
-3436
-2461
-2496
-2884
-3525
-991
7151
18543
23795
17591
8058
4199
7857
12445
17397
20975
20958
15380
9419
7731
7969
6561
2482
-944
-2806
-4364
-6484
-7985
-6862
-6621
-11503
-20307
-25112
-22169
-16793
-13437
-12410
-11493
-13217
-16005
-16240
-11864
-6797
-4328
-3050
-1221
1317
3304
5315
7880
9901
9693
6731
4741
6219
10130
12141
11120
8743
5247
1146
-1831
-1294
-223
-1473
-4236
-5645
-5931
-6026
-4508
-1849
-1181
-4000
-7071
-7700
-6136
-2910
1023
3575
2814
1370
1586
3156
4381
5503
6379
6072
5917
7278
9233
9129
7519
5652
3242
651
-367
744
1301
210
-1548
-3320
-5046
-5795
-4980
-4722
-6066
-7264
-6645
-5342
-4283
-3186
-2491
-3313
-4664
-4684
-3693
-2799
-2075
-1018
-354
-862
-1784
-1693
4172
15229
25409
24182
15283
8703
9699
12355
13523
16114
18339
16718
10781
7850
7626
6603
2213
-2699
-6425
-10198
-13287
-13676
-9884
-6101
-8830
-17533
-24995
-24383
-20689
-18182
-16573
-12248
-9262
-10543
-11876
-8928
-3678
-1585
-1154
3
1850
3157
5619
10831
15335
15252
10277
5648
5167
7317
8491
7461
6993
5679
2246
-2298
-3472
-2488
-3750
-7384
-10256
-10875
-10850
-8626
-3702
287
-400
-4133
-6005
-5571
-3426
-840
1903
3305
4073
5580
7059
8016
8306
8311
6427
4311
4469
6965
8965
9389
8806
6259
2165
-1012
-1630
-1878
-3219
-4367
-4791
-4966
-5024
-4079
-3771
-5127
-7094
-7742
-7147
-5723
-3273
-965
-249
-742
-890
-735
-1283
-1491
-1021
-474
-480
-521
-442
44
6106
17245
26465
23628
14604
9090
10337
11595
11232
12599
14580
13942
9565
6393
4940
3899
787
-4241
-9911
-15030
-16992
-15000
-10137
-7673
-11141
-17212
-20629
-19932
-19851
-19323
-16258
-10955
-9038
-9870
-8463
-3439
1381
2698
2345
1609
1364
2516
6214
11415
14429
13909
10725
8151
6613
5334
4111
3799
3798
1239
-2429
-3865
-2068
-1681
-4623
-8072
-10078
-11405
-12278
-9768
-4569
-299
1039
1339
1860
1389
794
1384
3166
3500
3174
4183
7052
9488
10061
9135
7062
4678
2562
1727
2192
3577
4584
3886
2309
935
-312
-2636
-5165
-6808
-7605
-7932
-6821
-4467
-2831
-2695
-3139
-3239
-3600
-3752
-2981
-1648
-462
401
1535
2527
2903
2491
1499
270
-759
-1136
-1657
-2127
-1658
4930
15319
23401
21253
14376
10777
11331
10437
7437
7561
10361
11246
7920
5540
5456
6176
3223
-3180
-10420
-15608
-16676
-15026
-12348
-10645
-11119
-12563
-14624
-16038
-17396
-16832
-14658
-12302
-12189
-11597
-7652
-1355
3278
4156
3839
3119
2384
1996
3499
7112
10217
11068
9401
7610
7056
7044
5888
3327
448
-2645
-4797
-5332
-3932
-3135
-3483
-4672
-6372
-8529
-9583
-8020
-5112
-2128
466
3248
4879
5383
5373
5499
5515
4564
3384
2981
4359
6402
7680
7979
7481
5863
3431
1746
1039
616
-132
-331
-526
-1207
-1806
-2200
-2870
-4801
-6769
-7854
-7664
-6497
-5043
-3558
-2228
-1022
-499
-437
-306
356
683
753
938
1513
2164
2429
2524
2239
1328
94
-1106
-2170
-3295
-2707
3932
13959
20579
17968
13308
12468
13467
10486
6555
6814
9276
7982
3970
3328
6402
8259
4253
-3085
-9396
-12910
-14617
-15753
-14913
-12782
-11838
-13126
-14700
-14327
-13111
-12145
-12139
-12703
-13694
-12312
-8020
-2368
1547
3870
5557
5912
4833
3940
5205
7607
8214
6527
4888
5839
7829
8090
6079
3937
1543
-2212
-6277
-7697
-6218
-5044
-5504
-6615
-7059
-6968
-6222
-4788
-3479
-2666
-1101
1685
4158
5759
7582
9639
9559
7457
6330
6954
7232
6387
5766
5567
4874
4132
3753
2954
1756
662
-839
-2818
-3878
-3454
-3493
-4694
-5441
-5564
-5937
-6338
-5906
-5456
-5464
-4797
-3201
-1780
-578
1111
2315
2192
1786
2203
2895
3027
2922
2739
2086
1388
706
114
-753
-1217
-2044
-3520
-5224
-2844
5172
13920
16688
13149
11536
12943
12509
8235
6349
9109
10115
5644
1855
3816
8161
7742
2263
-3114
-6005
-8843
-12890
-15546
-14005
-11979
-13187
-15871
-15616
-12243
-9930
-10192
-11355
-12146
-12077
-11027
-8444
-4304
291
4113
5630
5299
5281
6656
8492
8680
6897
5052
4538
5084
5143
4789
4939
4569
1507
-2946
-5513
-5158
-5268
-7347
-9142
-8992
-7807
-7063
-5813
-3266
-972
-474
-338
1935
5956
8616
9159
9200
9164
8845
8495
8602
8086
6682
5462
4164
2722
2437
3095
2320
-527
-2544
-2805
-3138
-3749
-3819
-4222
-5576
-6696
-6556
-6111
-5449
-4419
-4221
-4722
-3785
-1063
1126
1976
2680
3277
2979
2784
3468
3984
3720
2933
1863
660
167
219
-526
-1906
-3113
-3805
-5330
-6688
-7610
-4449
3611
11726
13863
10715
11651
15086
14336
9527
8066
11017
9733
4090
2016
6309
10887
8786
2858
-1406
-3064
-6670
-12546
-15570
-13310
-12394
-16188
-19049
-16089
-11002
-9880
-11240
-11304
-10537
-10292
-10473
-8736
-4587
-132
2635
3362
4829
7890
10461
11156
10159
8304
6159
4436
3715
3270
3288
3832
2936
-192
-2947
-3307
-3201
-5590
-8629
-9857
-9797
-9801
-9372
-6737
-3155
-1164
-978
-520
2298
5807
8579
10096
10995
11031
10319
9671
9425
9406
8534
6224
3331
1857
1894
1345
-56
-1279
-2269
-3786
-4636
-3951
-3367
-4094
-5128
-5580
-5818
-5452
-4246
-3249
-3133
-2806
-1789
-680
672
2325
3219
2790
2444
2896
3297
3278
3041
2300
962
-95
-591
-1191
-2141
-3074
-4049
-5299
-6156
-6215
-6584
-7132
-6991
-1551
6781
12717
13016
12424
16062
17688
14527
10773
11907
13652
9096
3817
3999
8534
9103
4228
227
-721
-2744
-9415
-15118
-15698
-14257
-17290
-21215
-19960
-14745
-11595
-12044
-10992
-8458
-7404
-8472
-8520
-5168
-1391
1077
2370
4543
7800
10573
12116
12378
11506
9420
6954
4642
2850
1642
1313
697
-1502
-3522
-3851
-3476
-4847
-7445
-8680
-9196
-10274
-11264
-9826
-6271
-3755
-2761
-1420
1610
4760
6588
8133
9953
11868
12637
12520
12414
12606
12128
9700
6991
5328
3979
1492
-709
-1421
-2350
-4004
-4921
-4390
-4375
-5043
-5217
-4937
-4832
-4764
-4318
-3968
-3546
-3112
-2860
-2321
-848
573
844
1084
2141
2933
2756
2620
2780
2205
922
-68
-535
-1043
-1419
-2137
-2732
-3073
-3383
-4079
-5021
-5323
-5452
-6317
-6898
-7005
-2884
5465
12914
15052
13505
16501
19474
17531
13042
12199
13709
9351
2824
1219
5322
7897
4369
-113
-1767
-2674
-7846
-13707
-15230
-13707
-16410
-21309
-21237
-16144
-11443
-10445
-8907
-6508
-5244
-5487
-5640
-3361
-349
1607
1976
2795
5618
8903
11059
11849
11358
9472
7223
4901
2528
289
-743
-1823
-4592
-6543
-5648
-3638
-3855
-5588
-6216
-6700
-8075
-9546
-8987
-6572
-4710
-3991
-2577
1144
5388
7526
9302
12492
14814
14251
12565
12704
12585
10429
7900
6168
4942
2999
930
-477
-1212
-1792
-3561
-5262
-5115
-4324
-5079
-5964
-5046
-3706
-4281
-4778
-3523
-2464
-2680
-3215
-2465
-1383
-771
-568
-238
1025
2363
2470
2026
2448
2806
1651
-2
-213
-256
-1423
-2598
-3096
-3031
-3272
-3814
-4455
-4645
-4346
-4562
-5352
-5338
-5069
-3920
2309
10209
14399
12478
13679
18803
18747
14602
11855
13883
11424
4146
558
2898
6810
4598
105
-1393
-589
-3796
-10351
-13198
-11850
-13738
-19648
-20979
-16759
-12230
-11389
-10046
-6670
-4560
-4151
-4705
-3280
-999
22
-150
138
2714
5487
7627
9508
10290
9271
7812
6798
4986
2002
98
-914
-3451
-6024
-5938
-3882
-3303
-4608
-5046
-4824
-5200
-6557
-7207
-5857
-4531
-4443
-4158
-1208
3067
5348
6406
8487
10450
11019
11614
13440
14795
13482
11408
9477
8266
7269
5031
2336
-308
-1950
-4105
-5831
-5279
-4620
-5852
-7488
-6852
-5492
-5338
-5218
-4002
-3561
-4190
-4510
-3493
-1770
-922
-1053
-1546
-788
666
1078
1210
2140
2851
1884
543
902
1363
484
-1154
-2172
-2374
-2479
-2618
-3129
-3263
-3289
-3823
-4726
-4444
-3754
-3759
-4534
-4825
-4808
-2748
4830
12150
14970
13427
16281
20450
18959
15216
13615
15028
10393
3467
861
3938
6540
3031
-1095
-1982
-1514
-5874
-11507
-12870
-11871
-15431
-21207
-21498
-17323
-13443
-12583
-10548
-7429
-5233
-4259
-3784
-1493
674
1299
702
1037
3361
5918
8359
10398
10770
9819
8976
8038
5820
3018
1396
-646
-4297
-6703
-6114
-4466
-4604
-5767
-5710
-5212
-5542
-6620
-6542
-4901
-4330
-5045
-4405
-820
3119
5024
6670
9281
11132
11012
10653
11570
12601
11777
10420
10218
10660
9961
7560
5722
3767
662
-3323
-6221
-7226
-8400
-9916
-10784
-9852
-8173
-7314
-6712
-5099
-3455
-3336
-3990
-3199
-1575
-1386
-1807
-1272
290
1270
1528
2174
3025
3377
2704
1749
1764
1894
941
-682
-1372
-1062
-1450
-2324
-2585
-2490
-2876
-3674
-4210
-4017
-3821
-3940
-4305
-4147
-3486
-2942
-2799
-2132
-1712
840
7596
13646
15671
13651
16791
20371
18679
14769
13149
14673
9570
3032
422
2839
3964
-368
-3992
-4267
-3507
-7442
-12295
-13370
-12593
-16182
-21073
-20841
-16872
-13613
-13026
-10487
-7066
-4315
-2792
-1718
644
2307
2972
2721
3270
5380
7519
9491
10787
10698
10033
9560
8719
6268
3249
1561
-740
-4461
-6987
-6750
-5690
-6560
-7649
-7061
-5997
-5793
-6477
-5876
-4198
-3650
-4301
-3804
-558
2628
3906
5451
8222
10370
10604
11421
13286
13860
12524
10800
10188
9172
7413
4654
2044
84
-2275
-4923
-6956
-6863
-7333
-9202
-10196
-8960
-7584
-7829
-7385
-5664
-4237
-4013
-3366
-1696
38
819
856
1440
2819
3928
3603
3229
3829
3969
2951
2151
2455
2307
875
-432
-983
-1303
-2076
-3034
-3804
-4147
-4494
-4967
-5094
-4673
-4195
-4387
-4236
-3555
-2570
-2340
-1959
-1596
-1233
-1287
1624
9042
14700
15727
13734
17420
20608
18377
13954
12490
13123
6707
-133
-2306
860
1044
-3545
-6415
-5731
-4991
-9064
-12646
-12802
-12097
-16024
-19982
-18833
-14653
-11714
-10891
-7847
-4205
-1110
615
2393
4699
5752
5638
4867
5014
5904
7076
8266
8769
7973
7242
7248
6628
4181
1465
-95
-2535
-6278
-8631
-8164
-7260
-8141
-8956
-7699
-5836
-5083
-5208
-3970
-2100
-1821
-2660
-2031
933
3167
3891
5261
7950
9928
10239
10503
11440
12093
11638
9649
7474
6398
5752
3540
832
110
-727
-3530
-5938
-5382
-5202
-7435
-8756
-7792
-6984
-7104
-5959
-4052
-2769
-1791
-710
222
1572
3016
2643
1564
2079
3125
2272
1371
2207
2622
1384
516
1003
1044
162
-961
-1980
-2586
-2708
-3348
-4418
-4526
-3928
-4297
-4891
-4139
-2985
-3055
-3495
-3013
-2216
-1901
-1749
-1409
-1049
-527
-499
-657
-235
3684
9518
12996
13001
12786
16111
17575
15230
11661
10779
9637
4157
-795
-1385
1022
50
-3633
-5349
-4062
-3968
-6925
-9287
-9375
-9945
-13608
-16191
-15019
-11771
-10116
-9499
-7136
-3784
-919
607
2220
4016
4710
4240
3576
3826
4784
5678
6299
6320
6198
6469
6572
5596
3505
1461
-525
-3375
-6417
-7844
-7671
-7800
-8911
-9060
-7358
-5518
-4899
-4623
-3242
-1923
-1985
-2357
-1014
1559
2994
3518
4864
7228
8853
9457
9891
10574
10378
8961
7226
6867
7681
6405
3950
2439
3056
2004
-258
-763
-1094
-3011
-6072
-6573
-6454
-6782
-7254
-7200
-6524
-5133
-3376
-2637
-1358
511
1328
378
796
2500
2443
1079
768
1321
830
273
540
634
41
-647
-1511
-2048
-1857
-1920
-3070
-3873
-3337
-3087
-3497
-3229
-2243
-1972
-2204
-1946
-1317
-646
-258
-227
-253
423
1140
967
767
1278
1589
715
277
311
2022
4560
8180
10232
9765
10313
10891
12087
10111
7965
6120
3772
1114
-1935
-1837
-1054
-1448
-3664
-4429
-3490
-3274
-5019
-6318
-6423
-7606
-9431
-10624
-8942
-7110
-6202
-5614
-4152
-1490
100
899
1651
2470
2350
1337
936
1395
1512
1360
1299
1425
1599
1690
1803
1265
197
-994
-2238
-3430
-4314
-4662
-4552
-4533
-4275
-3378
-1906
-394
391
1065
1775
2427
2558
2599
3180
3766
3852
3827
4565
5516
5975
5795
5553
5122
4430
3255
2193
1357
469
-702
-1042
-51
-30
-482
-539
485
-269
-1531
-1679
-2134
-3177
-4083
-3485
-3568
-3100
-1995
-1226
-898
507
1736
1022
629
1165
963
-676
-771
-363
-1082
-1598
-1028
-577
-838
-479
-392
-1275
-1588
-1317
-1864
-2429
-2045
-1625
-2003
-1570
-348
127
276
734
940
605
579
692
312
86
319
195
3
353
742
537
326
221
-215
-913
-1333
-1892
-1647
-230
1075
1939
3155
5790
7170
7767
8295
8602
7718
5787
4594
3175
2051
776
-302
-1166
-1273
-1176
-1699
-2025
-2255
-2920
-4426
-5272
-5785
-6504
-7025
-6900
-6310
-5695
-4333
-2774
-1598
-595
254
799
905
1044
1028
677
550
432
363
487
1000
1236
966
859
612
21
-770
-1240
-1910
-2730
-3163
-3098
-2846
-2575
-1948
-1338
-619
26
534
959
1401
1815
1810
1878
2150
2487
2704
3059
3433
3508
3353
3288
3101
2608
2094
1479
843
200
762
1434
1445
998
1381
2126
1583
1055
683
273
-1024
-1614
-1514
-1654
-1721
-1525
-1248
-1110
-182
480
322
-15
197
-205
-1040
-1075
-980
-1514
-2061
-1745
-1565
-1645
-1373
-1178
-1489
-1558
-1304
-1366
-1614
-1446
-1430
-1726
-1467
-809
-566
-640
-382
-175
-159
-86
72
-87
-215
-312
-496
-449
55
443
338
444
704
798
511
404
123
-249
-548
-619
-48
1062
2395
3127
4103
5427
6414
6639
6796
6889
6131
4892
3822
3091
2128
1208
230
-500
-973
-1369
-1940
-2473
-2739
-3371
-4257
-4882
-5084
-5421
-5692
-5597
-5157
-4548
-3623
-2569
-1672
-831
-69
367
526
705
790
648
384
249
127
183
281
270
65
-70
-262
-765
-1293
-1705
-2059
-2503
-2683
-2593
-2356
-2017
-1504
-917
-306
304
774
1145
1588
1971
2101
2188
2543
2847
2940
3029
3266
3428
3349
3292
3003
2784
2361
1796
1134
1284
1721
1025
84
235
1182
704
189
477
627
-383
-1085
-843
-1115
-1484
-1651
-1654
-1755
-905
-254
-541
-517
264
258
-523
-283
52
-688
-1427
-1054
-933
-1319
-1293
-1184
-1505
-1484
-1153
-1389
-1679
-1493
-1662
-2223
-1912
-1246
-1272
-1431
-884
-459
-329
121
552
519
456
629
469
467
828
920
550
605
1034
1000
856
934
864
394
133
33
-187
-287
-173
-167
-100
447
1219
1789
2300
2797
3197
3562
3764
3717
3508
3410
2999
2366
1906
1670
1181
478
38
-309
-717
-1201
-1508
-1855
-2191
-2469
-2667
-2789
-2831
-2860
-2925
-2738
-2366
-2038
-1810
-1427
-1051
-855
-718
-506
-424
-537
-662
-795
-893
-944
-928
-995
-1048
-1086
-1156
-1202
-1173
-1191
-1390
-1511
-1501
-1417
-1302
-978
-544
-96
365
858
1398
1906
2322
2450
2457
2455
2423
2272
2116
2027
1957
1879
1736
1608
1529
1439
1140
784
520
333
83
-106
-94
38
175
279
461
672
819
760
666
595
502
335
195
142
82
38
-30
-46
-57
-101
-323
-628
-895
-1165
-1524
-1862
-2053
-2201
-2304
-2332
-2179
-1947
-1633
-1362
-1178
-1004
-771
-591
-544
-433
-219
-17
66
243
491
719
736
653
563
492
340
50
-172
-315
-393
-583
-590
-429
-229
-223
-171
83
368
583
718
1030
1339
1668
1924
2429
2999
3388
3547
3727
3941
3847
3550
3117
2669
1998
1320
649
73
-458
-940
-1374
-1718
-1887
-2068
-2277
-2521
-2637
-2761
-2849
-2894
-2871
-2779
-2582
-2299
-1984
-1590
-1213
-932
-801
-667
-548
-505
-577
-715
-841
-928
-973
-1065
-1124
-1092
-1056
-1119
-1123
-987
-865
-816
-721
-498
-236
32
287
561
870
1171
1387
1521
1685
1822
1853
1809
1826
1890
1886
1814
1780
1821
1817
1702
1536
1425
1338
1171
906
704
639
546
345
220
265
314
257
224
289
391
409
349
327
335
276
101
-57
-172
-311
-493
-643
-756
-876
-983
-1082
-1204
-1355
-1492
-1646
-1831
-1995
-2090
-2096
-2044
-1941
-1761
-1474
-1137
-810
-484
-144
132
287
382
499
632
669
619
627
703
719
689
751
858
828
708
657
641
550
416
299
202
148
143
144
186
302
419
483
575
718
806
813
822
855
875
905
926
901
869
910
962
907
812
764
687
483
296
219
112
-137
-402
-552
-652
-818
-1029
-1190
-1272
-1356
-1493
-1584
-1543
-1492
-1559
-1627
-1548
-1420
-1393
-1376
-1246
-1064
-937
-834
-696
-529
-389
-309
-261
-197
-106
-52
-33
58
221
329
348
378
441
456
389
289
199
120
37
-46
-64
23
111
130
182
336
472
510
552
648
723
757
804
900
1020
1114
1157
1198
1284
1352
1329
1275
1260
1231
1122
983
876
781
648
480
304
150
23
-127
-285
-401
-457
-525
-641
-732
-760
-787
-871
-969
-1006
-1009
-1008
-1001
-944
-813
-657
-536
-416
-237
-57
42
76
136
197
191
139
106
112
103
57
4
2
13
-45
-137
-178
-192
-268
-365
-396
-378
-370
-375
-325
-208
-79
16
99
226
356
424
445
494
573
611
604
620
661
687
657
610
574
521
432
313
200
104
4
-121
-252
-353
-443
-556
-669
-759
-821
-878
-935
-961
-939
-894
-853
-804
-723
-631
-562
-508
-449
-396
-361
-346
-334
-307
-273
-245
-222
-185
-127
-73
-37
-3
45
92
122
131
153
185
205
220
255
326
407
487
578
701
829
922
991
1046
1088
1088
1049
997
954
895
819
744
686
630
556
480
403
326
242
155
77
18
-29
-65
-82
-81
-77
-71
-65
-69
-83
-111
-152
-198
-247
-295
-339
-383
-417
-451
-485
-522
-554
-581
-610
-640
-664
-678
-682
-682
-675
-657
-631
-601
-563
-505
-437
-362
-277
-181
-85
4
77
137
182
214
230
236
238
238
232
216
202
178
149
113
77
43
22
8
2
14
39
76
109
138
169
191
210
216
219
224
220
226
236
245
255
255
247
237
212
176
127
63
-2
-72
-132
-182
-212
-233
-242
-236
-226
-204
-188
-176
-174
-179
-188
-202
-210
-220
-228
-223
-219
-211
-194
-170
-144
-111
-75
-31
16
62
106
148
188
224
255
280
303
328
351
370
385
399
410
413
401
372
333
276
205
130
58
-4
-51
-81
-91
-91
-78
-66
-64
-61
-65
-75
-75
-61
-24
35
117
203
285
354
394
386
339
253
142
19
-102
-204
-280
-328
-353
-361
-372
-388
-420
-467
-523
-588
-646
-684
-685
-650
-586
-489
-370
-243
-130
-27
53
111
150
168
182
200
214
229
251
267
276
268
241
200
142
68
-10
-80
-137
-177
-199
-194
-168
-126
-76
-19
43
100
160
222
278
342
397
453
500
539
563
568
554
521
467
401
327
242
162
81
8
-64
-127
-182
-232
-276
-311
-342
-361
-365
-359
-343
-313
-274
-233
-191
-150
-116
-96
-78
-72
-71
-77
-89
-96
-108
-118
-134
-150
-166
-182
-198
-214
-226
-238
-241
-240
-227
-208
-175
-131
-83
-23
38
106
169
235
287
331
369
395
413
420
412
409
404
396
389
377
348
317
275
219
159
94
32
-23
-60
-78
-78
-67
-49
-34
-26
-34
-59
-96
-138
-190
-235
-264
-279
-275
-262
-251
-233
-219
-213
-213
-225
-241
-252
-258
-254
-227
-196
-162
-123
-88
-54
-22
-1
16
30
43
55
71
90
112
132
148
154
151
147
127
107
86
63
53
53
59
83
104
122
139
150
158
157
141
124
107
87
72
64
64
69
77
92
102
109
104
91
74
46
18
-16
-48
-70
-88
-103
-112
-111
-113
-115
-120
-126
-135
-139
-141
-142
-134
-121
-106
-86
-58
-39
-24
-17
-18
-24
-33
-42
-50
-56
-58
-52
-41
-26
-4
13
29
40
50
55
53
54
46
37
30
29
37
42
56
71
87
104
114
122
122
114
99
77
56
30
7
-14
-32
-44
-48
-50
-47
-44
-37
-35
-40
-40
-48
-62
-72
-79
-84
-75
-57
-38
-16
8
34
53
70
77
74
62
53
28
6
-14
-36
-47
-57
-55
-53
-47
-42
-37
-31
-32
-30
-28
-22
-26
-22
-13
-6
12
27
47
61
75
88
91
93
82
67
49
28
16
2
-13
-20
-27
-31
-37
-46
-52
-59
-67
-71
-76
-75
-69
-57
-47
-31
-11
6
22
33
43
51
52
53
50
50
52
50
51
51
49
51
47
42
33
21
12
1
-9
-22
-28
-32
-33
-27
-21
-9
1
11
21
24
28
25
23
16
7
-3
-9
-15
-20
-22
-25
-30
-32
-36
-37
-36
-42
-44
-46
-46
-46
-44
-39
-33
-25
-18
-2
12
22
32
35
36
37
37
37
36
39
35
34
34
30
24
17
11
2
-1
-1
5
7
11
16
20
25
26
23
20
16
12
8
7
14
16
23
24
23
17
7
-4
-19
-33
-55
-72
-86
-98
-106
-108
-106
-97
-87
-76
-64
-53
-43
-38
-35
-33
-26
-21
-12
-2
15
33
51
68
79
88
88
88
83
71
58
41
31
22
17
17
15
22
23
23
27
26
29
24
21
21
20
21
28
30
34
39
41
38
35
33
26
15
9
0
-10
-19
-27
-31
-33
-34
-43
-46
-50
-55
-58
-65
-65
-65
-63
-60
-52
-38
-29
-17
-6
-2
0
4
2
-3
-8
-9
-9
-11
-9
-8
-4
-7
-8
-9
-15
-14
-18
-23
-21
-18
-12
-3
10
26
41
55
66
75
85
89
91
91
88
83
80
77
72
63
55
52
42
25
10
-2
-15
-29
-44
-54
-62
-61
-64
-63
-60
-56
-51
-42
-37
-30
-26
-26
-22
-22
-24
-19
-18
-23
-23
-21
-25
-25
-28
-30
-30
-37
-40
-48
-47
-46
-46
-44
-40
-34
-29
-16
-8
4
13
25
33
38
47
52
59
64
67
68
71
69
64
63
56
50
41
34
28
24
21
10
2
2
0
-6
-5
-7
-8
-11
-10
-11
-10
-6
-7
-3
-3
-3
-5
-5
-2
-2
-3
-6
-6
-9
-13
-10
-14
-13
-18
-17
-17
-15
-17
-17
-17
-20
-18
-17
-15
-13
-9
-8
-8
-8
-6
-1
0
-1
-1
-1
0
-1
3
3
6
2
3
5
1
3
1
4
5
4
4
9
12
12
12
13
15
18
19
20
22
18
21
20
13
12
12
5
-1
-3
-3
-5
-8
-11
-12
-15
-17
-15
-14
-13
-10
-8
-8
-4
-1
-2
-2
-4
-3
-1
1
0
-4
-6
-6
-4
-5
-9
-11
-10
-14
-8
-9
-9
-11
-9
-8
-5
-2
-4
1
2
2
3
3
5
8
6
8
11
13
11
12
12
13
11
10
10
9
10
12
9
9
9
5
4
4
3
2
3
2
-2
-3
0
-2
-3
-5
-6
-2
-1
-5
-6
-8
-7
-4
-10
-11
-9
-9
-6
-6
-3
-3
-5
-4
-3
-2
-1
3
2
3
5
4
2
3
3
-1
3
4
2
2
3
3
-2
-4
1
-3
-5
-5
-7
-4
-4
-2
-2
3
3
5
8
9
7
7
10
5
7
7
6
4
8
8
4
4
3
1
-1
-4
-3
-4
-4
-6
-6
-6
-7
-6
-6
-4
-6
-9
-9
-7
-10
-8
-3
-4
-3
-1
-1
-1
-1
-1
0
-1
-4
0
-1
0
1
3
1
0
-1
-4
0
0
2
1
0
0
2
1
2
2
1
0
1
2
2
2
3
4
5
3
3
4
5
6
5
4
6
4
4
4
3
5
4
1
3
2
0
-1
-1
3
-1
-5
-5
-2
-6
-7
-7
0
-3
-5
-1
-4
-2
-3
-2
-1
-1
1
-2
-2
2
2
1
-1
0
1
3
4
5
3
3
5
2
2
2
0
1
4
3
3
7
7
4
1
1
2
-1
-2
1
-1
-1
-3
-6
-4
-3
-7
-7
-6
-5
-7
-6
-7
-5
-2
-1
-4
-2
-1
2
5
4
6
5
7
5
3
-1
0
-1
0
-1
-4
0
-3
0
-4
-5
0
-2
-4
-6
-3
-1
-2
0
-6
-5
-3
0
-3
-4
0
-1
-1
0
3
-1
3
5
6
4
3
4
2
4
4
3
3
1
1
-1
-1
-4
-4
-1
0
-3
-4
-2
-4
-1
-3
-3
0
0
-1
1
0
-2
2
-1
2
8
7
8
7
7
8
6
5
6
2
4
5
3
3
3
5
4
4
3
2
3
0
0
-3
-6
-3
-5
-3
-4
0
-2
-6
-1
-2
-4
0
-2
-2
-1
-4
-9
-5
-2
0
0
1
-2
-3
-2
-6
-5
-4
-5
-5
-5
-5
-4
-5
-5
-3
1
0
-4
-2
-1
1
2
-1
2
3
2
4
3
7
8
9
13
10
8
6
9
7
4
7
0
0
1
-1
-4
-4
-4
-6
-6
-9
-4
-1
-5
-5
-3
-7
-7
-2
-2
1
1
0
-2
0
1
0
-1
-2
1
-2
-1
1
-1
2
0
0
-5
-3
-3
-3
-1
-3
-3
-2
-2
0
-3
-1
-1
2
1
2
3
5
7
4
5
6
5
4
7
5
8
8
6
7
4
2
0
-1
0
-3
-2
-3
-3
0
-4
-4
-1
0
-1
-2
-5
-4
-3
-2
-1
-1
3
4
5
5
4
4
2
-4
-3
-4
0
1
-2
-2
-3
-3
-4
-2
-2
-6
-6
-8
-5
-4
-5
-2
0
2
4
-1
2
5
3
5
4
3
4
3
6
8
7
2
0
1
1
1
-2
1
1
-2
-6
-6
-6
-7
-7
-9
-6
-7
-4
-5
-2
-1
-2
-3
-2
-1
3
5
4
5
4
5
1
4
3
0
1
0
2
2
0
-1
-2
-1
1
-1
-1
-1
-1
-4
-2
-2
-2
-2
1
0
0
4
0
1
0
-2
0
3
2
3
7
1
3
2
-1
0
1
0
-2
-3
-4
-3
-5
0
0
-2
-1
-1
-1
0
0
-1
1
3
3
1
3
4
7
8
11
11
6
6
6
3
1
-2
2
1
1
-2
-5
-4
-3
-5
-3
-2
-6
-5
-7
-7
-3
-5
-4
-4
-3
0
0
2
1
2
4
1
-2
-2
1
2
4
5
3
4
-2
-1
0
4
5
4
2
0
0
-2
0
-2
2
-4
-4
-5
-1
0
-4
-4
-2
1
-1
-2
0
-1
-1
0
-1
2
0
-3
0
2
-1
-1
-2
0
1
-1
-2
-3
2
2
1
2
-1
2
-4
-2
-2
-5
-3
-6
-4
-3
2
-1
-1
-2
3
1
2
3
0
1
2
3
0
3
2
3
1
2
1
1
4
6
7
4
3
1
2
0
-1
0
1
-1
-3
0
-5
-3
-1
1
-1
3
3
3
5
4
4
2
4
3
3
2
0
0
1
-2
0
-1
-2
-1
-4
0
-2
-5
-3
-3
-4
-6
-5
-5
-4
-6
-6
-4
-6
-3
-2
2
2
1
2
2
1
-1
0
2
1
3
4
2
4
2
0
1
3
-2
-2
-1
0
-4
-2
-1
1
1
-1
2
3
0
2
4
4
5
2
5
6
6
3
3
2
2
2
-2
-2
0
-4
-5
-3
-4
-3
-9
-9
-2
-4
1
2
0
4
3
-3
0
-1
-3
0
-3
-2
-1
-4
3
1
1
7
3
-1
2
1
1
2
-4
-2
-2
-1
4
-2
0
-2
-3
-4
-3
-6
-4
-7
-5
2
-1
-2
3
2
0
1
1
4
5
1
4
2
2
5
4
3
-1
0
1
1
2
-2
0
0
-1
-2
1
1
-1
-1
-4
-1
-2
-1
-1
-1
0
-1
2
2
2
0
4
4
2
2
1
0
-1
1
-1
0
-1
0
1
-2
2
3
2
2
0
0
4
0
-3
-1
-2
-3
0
0
2
1
1
1
0
0
2
0
3
1
3
5
5
4
1
3
0
0
0
-2
-3
-7
-6
-5
-3
-2
-1
-3
1
-2
-3
-1
-4
3
2
0
0
0
2
2
2
1
2
1
-1
-1
0
1
-1
-1
-2
-3
-3
-4
-4
-6
-5
-5
-6
-4
-3
-4
-4
-2
-5
-4
-1
-2
-3
-4
2
5
4
2
3
3
3
4
2
6
7
7
5
5
3
2
6
6
7
3
1
-2
2
3
-3
0
-2
-2
-2
1
0
0
2
1
1
-1
2
2
2
2
0
3
3
4
1
-1
-3
-1
-2
-4
-4
-7
-5
-1
-7
-7
-4
-3
-2
-1
-1
-1
0
-3
-1
-3
-2
2
5
5
5
8
4
5
7
7
5
5
2
1
-1
-1
-1
-2
-1
-4
-5
-7
-5
-4
-3
-1
-4
-2
0
-1
1
2
2
2
3
3
3
3
1
-1
1
0
-2
-1
-1
0
-2
-1
-3
-4
-1
-2
-2
-4
-3
-2
-2
-3
-4
-2
-4
-3
-1
0
3
4
3
3
2
-1
-2
-1
1
2
0
0
1
-1
0
-4
