SAMPLES:	7630
BITSPERSAMPLE:	16
CHANNELS:	1
SAMPLERATE:	16000
NORMALIZED:	FALSE
-2
-1
-1
2
1
-1
3
0
-2
-1
1
3
4
2
2
4
1
2
2
1
0
0
2
-2
-1
1
-2
-3
0
0
0
1
2
1
-1
0
-1
3
0
2
6
1
-2
0
0
0
-2
-3
-2
-5
-4
-2
0
3
4
5
3
-1
2
1
1
0
-3
-1
2
1
0
1
0
-3
-3
-3
-4
-2
-2
-3
-2
0
0
1
4
2
-1
0
-1
-1
3
5
0
1
3
-3
-2
0
0
0
-3
0
2
2
2
5
2
2
6
2
2
0
-4
-2
-2
-1
-4
-2
0
-4
0
2
-3
1
-4
-3
-2
-3
-3
-1
-3
-5
0
0
-3
1
0
-1
3
2
3
0
2
3
6
4
2
-2
-3
-1
-2
-2
-1
2
1
3
5
-1
2
5
-1
-5
-1
3
-3
1
-3
0
-4
-1
4
0
1
0
3
-1
3
3
0
0
2
3
1
1
1
-1
0
0
-2
0
1
2
2
1
-2
-2
1
0
0
0
-2
0
0
2
5
1
2
1
0
-1
-1
1
0
-1
0
-2
-5
-4
-4
1
2
-3
-1
-5
-1
-3
-4
-1
-3
-3
-1
-1
1
-2
2
2
1
0
0
1
-2
-3
-2
-1
-2
0
2
2
-1
-1
-4
-2
-2
-3
-2
-5
-5
-1
-1
-3
-1
0
5
5
3
1
1
3
6
6
5
4
5
2
1
4
4
4
3
-1
-1
1
3
4
0
0
4
3
3
6
1
1
4
0
1
-2
0
-1
2
3
0
0
1
0
0
0
-2
-5
-2
-1
0
-4
1
-3
-4
-3
-4
-5
-6
-4
-4
2
3
0
-2
-1
0
-2
0
-3
-2
-1
-6
-2
-2
-2
0
-2
0
-4
-2
-1
-1
-1
-5
-4
-3
-3
-2
-1
-1
0
1
3
6
2
-2
0
0
-2
-1
-3
2
0
1
4
2
10
11
11
10
7
6
7
3
4
7
4
4
4
2
4
1
2
2
0
-1
-2
4
3
-2
-2
-4
-2
0
-1
-3
1
-2
-5
-4
-4
-2
-1
0
-3
-1
-2
-5
-5
-5
-2
-6
-3
0
-1
1
-1
-4
-3
-5
-4
-4
-3
-2
-1
-6
-5
-1
-1
0
-2
-1
0
-2
1
-1
1
-4
-2
1
1
3
2
6
5
7
5
7
8
4
9
6
5
5
4
5
1
1
3
2
-1
-3
1
0
0
0
2
2
3
2
-1
2
-1
2
0
-2
4
3
-4
-2
-5
-3
-1
-1
-3
-3
-2
-5
-7
-5
-1
-2
0
-2
-2
-3
-2
-2
-3
-2
-2
-4
-4
-2
-3
-5
1
0
-2
-3
-2
3
-2
0
2
1
1
5
3
-3
-1
0
-1
0
2
1
2
-1
-1
4
-1
1
2
4
4
2
3
5
4
4
5
2
1
-1
-2
0
-2
-3
-3
0
4
6
4
7
7
3
3
3
4
2
4
4
-1
-1
0
-2
-3
-3
-6
-5
-6
-5
-1
-4
-7
-9
-4
-7
-3
-2
-4
-5
-2
-1
-4
-1
-3
-1
-2
-2
-1
0
-2
-2
0
-1
-1
-2
2
-1
3
3
5
2
0
1
1
1
1
2
3
3
4
5
1
5
5
4
1
2
1
1
5
3
0
-2
3
4
4
1
0
4
3
0
-1
0
-3
-2
0
0
-1
-3
-3
-4
-6
-6
-4
-1
-5
-3
3
1
0
2
-2
3
-1
0
2
1
3
2
1
-1
1
1
0
1
-1
1
-3
-2
-3
-2
-4
-7
-3
-5
-4
-2
2
4
1
-1
-1
1
2
1
3
1
2
1
-1
0
-1
-2
-1
-3
-4
-2
-3
1
1
2
2
0
1
4
5
2
-1
-2
-1
1
0
-1
1
0
-1
0
1
4
0
3
1
0
1
-1
0
0
-2
-2
1
2
1
1
-2
2
4
3
5
1
-1
-2
0
-3
-4
-2
0
1
1
2
1
-2
1
-1
-3
-4
1
-2
2
2
1
-1
0
1
-2
2
1
4
0
3
0
1
3
1
0
0
0
-1
-3
-6
-6
-4
-1
-3
-2
1
-1
-1
1
0
-1
0
0
0
3
2
1
3
4
0
0
4
-2
-1
0
-2
-3
1
0
0
-2
-3
0
-2
1
1
-3
-2
-1
0
1
-2
-1
1
1
0
1
0
-5
-3
-1
0
1
-2
1
2
3
5
1
2
2
4
2
3
0
-2
1
4
6
5
7
10
9
7
10
6
2
3
2
-1
-2
-1
-9
-6
-6
-1
-7
-12
-17
-22
-20
-19
-19
-17
-18
-8
-2
1
-2
-8
-12
-5
0
-1
-4
-5
-13
-13
-3
5
8
9
9
13
22
27
22
12
7
7
18
24
26
24
9
-14
-28
-27
-15
-11
-5
1
8
10
11
15
14
6
9
14
9
-9
-19
-21
-16
-23
-24
-16
-1
8
9
4
10
14
17
4
-10
-34
-34
-19
17
21
11
4
27
43
47
22
0
-25
-41
-35
-5
19
18
3
8
30
46
22
-27
-53
42
347
773
1014
928
626
336
178
192
252
230
186
142
19
-157
-328
-481
-530
-430
-289
-187
-124
-159
-180
-109
-39
-93
-182
-296
-438
-500
-491
-526
-551
-556
-580
-539
-381
-216
-117
-35
32
57
101
184
245
286
326
341
325
315
307
263
181
102
95
182
286
341
350
369
425
475
443
363
279
183
102
59
3
-104
-200
-264
-302
-348
-372
-344
-283
-246
-230
-184
-142
-116
-56
46
90
30
-71
-134
-161
-156
-140
-143
-197
-308
-421
-452
-397
-387
-427
-441
-393
-299
-247
-259
-277
-284
-302
-325
-372
-478
-485
-316
-183
-108
52
178
113
4
-44
-107
-204
-236
-130
172
533
763
884
664
190
18
178
276
334
542
684
618
539
546
672
890
964
891
792
619
361
38
-280
-342
-91
109
148
372
542
327
238
361
127
-148
284
882
743
407
547
520
-13
-419
-386
-282
-399
-444
-333
-384
-520
-544
-581
-836
-1020
-610
-160
-405
-967
-1531
-1834
-1599
-1177
-954
-898
-701
-497
-479
-353
-222
-391
-491
-405
-424
-212
277
447
131
-103
28
153
385
886
938
289
-481
-524
-17
116
392
724
554
462
763
1172
1195
797
598
705
745
691
187
-593
-678
-400
-595
-736
-743
-727
-217
438
937
769
158
224
380
329
416
114
-415
-768
-915
-550
92
368
591
1093
1380
1259
1107
461
-156
37
183
174
517
716
264
224
295
-20
213
863
1398
900
105
-246
-797
-1053
-1032
-808
-426
-234
-327
-392
-368
-724
-802
-642
-457
-256
-132
-112
-421
-343
-329
-730
-810
-972
-1141
-1030
-783
-716
-810
-620
-293
-56
-110
249
509
212
304
364
228
24
245
516
128
92
169
-68
-479
-608
-393
-152
643
1329
1392
1197
1369
1489
810
220
206
374
346
140
-27
-357
-244
259
464
449
241
302
606
692
499
361
213
-14
-14
-252
-340
269
603
145
-180
-69
-164
-92
-315
-1095
-1420
-1510
-1459
-1232
-1020
-909
-285
516
1043
1218
848
18
-919
-1144
-916
-834
-590
-258
-170
-184
338
835
864
844
695
642
561
490
507
461
40
-333
3
-131
-619
-487
-92
-385
-696
-351
-489
-545
-432
-539
-590
-84
585
186
116
280
-19
-329
-198
-230
-485
-15
169
376
444
295
62
-346
-175
260
538
491
444
302
160
208
321
590
593
305
647
925
572
393
375
368
65
121
217
76
-95
28
200
4
484
783
627
541
522
314
87
64
-210
-612
-877
-683
-618
-824
-541
-221
-597
-531
127
158
194
677
822
643
787
997
1284
1320
1052
1108
1485
1560
1040
669
470
-98
-416
-74
195
438
787
685
394
143
-237
-563
-359
-232
-346
-287
-204
-116
344
701
437
659
1233
1195
960
1021
853
393
461
766
851
949
952
721
570
662
624
393
431
159
-748
-1504
-1824
-2209
-2567
-2709
-3232
-3700
-4125
-4840
-5569
-6108
-6572
-6798
-6543
-6337
-6170
-5968
-5798
-5759
-5925
-5941
-5981
-6079
-5864
-5608
-5729
-5453
-4786
-4503
-4084
-2848
-1323
225
2024
3768
5544
7184
8199
8600
8878
9117
8755
7947
7256
7179
7791
8277
8305
8451
8853
8459
8047
8378
8125
7521
7440
7176
6420
6062
5979
5467
5169
5521
5649
5309
5270
5275
4665
3961
3598
3121
2228
1240
338
-893
-2335
-3276
-3766
-4320
-4981
-5283
-5291
-5581
-5986
-6197
-6666
-7306
-7544
-7766
-8351
-8725
-8720
-8921
-9282
-9163
-8723
-8513
-8349
-7953
-7476
-7033
-6328
-5611
-5209
-4790
-4323
-4106
-4009
-3703
-3226
-2647
-2100
-1614
-1106
-748
-456
-151
-71
-372
-519
-83
259
195
341
585
450
487
1084
1654
2015
2586
3080
3118
3119
3370
3389
3191
3409
3871
4136
4497
5121
5486
5490
5468
5535
5482
5314
5354
5447
5461
5615
5699
5433
5137
5027
4907
4748
4706
4667
4359
3834
3467
3203
2704
2119
1695
1363
932
549
445
354
9
-269
-280
-350
-677
-1034
-1334
-1752
-2158
-2305
-2429
-2732
-2833
-2757
-2988
-3366
-3389
-3328
-3653
-3966
-4143
-4520
-4804
-4651
-4468
-4484
-4206
-3525
-3169
-3169
-2854
-2530
-2684
-2751
-2451
-2328
-2408
-2135
-1635
-1432
-1178
-647
-224
14
361
826
945
763
730
594
88
-221
-221
-503
-1014
-1221
-1242
-1503
-1681
-1532
-1538
-1849
-1977
-1860
-1960
-2092
-1848
-1580
-1492
-1023
-93
538
897
1413
1784
1818
1875
2161
2219
2138
2317
2576
2775
3088
3649
3967
3965
4050
4238
4278
4207
4402
4614
4470
4188
4172
4224
3905
3656
3519
3104
2480
1959
1511
883
536
393
-1
-413
-459
-491
-990
-1215
-1002
-1096
-1498
-1516
-1220
-1408
-1582
-1280
-1078
-1206
-1131
-684
-661
-829
-748
-879
-1453
-1926
-1961
-2253
-2637
-2512
-2224
-2125
-1965
-1485
-1243
-1343
-1286
-1153
-1323
-1773
-1985
-2131
-2435
-2550
-2406
-2289
-2360
-2235
-1928
-1781
-1658
-1393
-1080
-1063
-1095
-871
-674
-703
-802
-576
-442
-478
-224
186
319
219
577
897
681
574
888
1117
958
1249
1742
1777
1817
2108
2315
2095
2125
2297
2069
1944
2074
2281
2144
2176
2406
2366
2494
2623
2707
2469
2389
2386
1969
1861
1839
1740
1262
1184
1328
918
749
785
908
537
492
652
372
200
80
99
-355
-475
-399
-646
-900
-1007
-807
-1124
-1288
-1193
-1091
-1162
-1336
-1211
-1339
-1472
-1651
-1640
-1638
-1748
-1692
-1656
-1492
-1484
-1379
-1335
-1449
-1499
-1479
-1316
-1380
-1373
-1323
-1318
-1348
-1339
-1137
-1126
-1103
-1003
-806
-705
-692
-512
-452
-378
-361
-254
-177
-145
30
51
73
-27
20
101
90
63
-19
76
-75
-171
-151
-27
127
214
427
464
739
1007
1190
1355
1463
1527
1241
1197
1093
922
771
649
659
503
643
650
610
681
779
891
702
779
894
864
707
587
686
685
746
766
858
1500
2997
4530
5519
6717
8541
10007
10139
9960
9837
8952
6846
4254
2028
-411
-3025
-5490
-7433
-8757
-9582
-9774
-9640
-8905
-7759
-6658
-5806
-4858
-3577
-2967
-3015
-3114
-2941
-3112
-3733
-3850
-3773
-3797
-3984
-3843
-3460
-3296
-2898
-2603
-2488
-2307
-1844
-1361
-1377
-1179
-742
-624
-869
-871
-478
-487
-794
-868
-673
-633
-640
-280
126
582
1077
1561
1988
2292
2828
3227
3668
4230
4506
4580
4434
4236
3784
3142
2640
2005
1437
1227
1215
1090
1007
1573
2159
2085
2064
2457
2482
1737
1054
680
-99
-1427
-2345
-3305
-4680
-5842
-5286
1365
10491
16183
17559
20908
29520
31986
28704
26144
25116
19480
6756
-1549
-7051
-13280
-19746
-24601
-26199
-27934
-25507
-21783
-18925
-15162
-10967
-7829
-9115
-8306
-5821
-5838
-8390
-10309
-8886
-9341
-8904
-6059
-2226
1312
3793
7670
9262
10291
11757
11321
8490
4004
1465
-2161
-6792
-9691
-10728
-11201
-12627
-11673
-8916
-5969
-3353
-947
3270
7699
11006
12234
12504
13235
11613
8326
5431
2996
149
-3102
-4666
-5643
-6047
-4878
-3459
-2403
-920
1997
3861
4254
5440
6728
6307
4262
3231
2511
541
-1642
-3117
-3919
-4888
-4941
-4180
-3055
-1646
-361
974
1802
3297
4785
5149
4940
4649
4534
3254
1660
592
-387
-1847
-3543
-4385
-4833
-5083
-5392
-5649
-5803
-6028
-4817
2188
12651
18517
18885
21214
29527
32379
28381
25454
24993
20667
7992
-807
-5323
-10339
-16537
-22157
-23659
-25368
-23829
-20995
-18615
-14987
-11556
-8543
-9621
-8845
-6133
-5755
-7432
-9079
-7469
-7583
-7070
-4031
-302
2933
4994
8753
10319
10916
12079
11904
9259
4137
1028
-2580
-7240
-10781
-12563
-13208
-14889
-14604
-12301
-9291
-6279
-3640
-487
1784
3916
5487
6476
7504
9517
12716
13122
12085
11913
12701
10837
6388
4517
2176
-2269
-6702
-7834
-7865
-9315
-8104
-5829
-4053
-1671
2634
5752
5925
7449
8458
5948
2032
956
-324
-5041
-8144
-7882
-7146
-7407
-5222
-1162
989
2894
5571
7472
7517
7674
7622
4973
1940
302
-1438
-4649
-6794
-6755
-7513
-8662
-8216
-6511
-5408
-4359
2142
12741
19604
20856
21694
28322
32666
29479
24945
22559
20316
10328
-21
-4732
-7998
-12308
-18795
-21037
-21383
-20881
-18890
-17546
-14703
-12577
-10660
-10969
-11395
-9128
-7866
-8085
-9338
-8019
-6443
-5373
-2263
1390
4882
6446
8971
11080
10859
10860
10344
8598
3675
-766
-3261
-6846
-10355
-12826
-13082
-13734
-14395
-12766
-10156
-7122
-5009
-2547
-251
1573
3539
4786
6121
7359
10686
12962
12150
11421
12575
13910
9787
6280
5292
2422
-2595
-6344
-5482
-7038
-8745
-7312
-5466
-3818
-1492
3151
4281
4271
6375
6732
3721
892
1660
-886
-5883
-7407
-5997
-5943
-6805
-3364
-38
1011
2738
5691
7378
6691
7277
6659
3417
756
-495
-2676
-6507
-7948
-8036
-9366
-10194
-8572
-5974
-4525
2515
13912
19728
19635
21193
29582
32107
26957
23029
21597
17937
6430
-1815
-5552
-9086
-13205
-18701
-20015
-20118
-18036
-16201
-15625
-12280
-9778
-8795
-10505
-9692
-7120
-7469
-8448
-8880
-7175
-6682
-4854
-679
2276
4753
6848
10205
11017
10373
11094
10376
7397
2102
-1178
-3802
-7521
-10562
-12704
-12900
-13474
-13358
-11604
-8800
-5349
-3534
-1817
222
2434
3815
4236
5424
6180
6156
6417
9542
12248
11840
10811
11132
10871
6789
4405
3053
-639
-5378
-7669
-7397
-9435
-8988
-5745
-3895
-3242
-395
4365
4823
4683
6357
5910
2015
-611
-189
-2814
-6259
-6393
-4960
-5284
-4720
-386
2130
2644
4432
6923
6714
5033
5474
4116
165
-2639
-3597
-5831
-9156
-9259
-8311
-8733
-8138
-4728
3184
11945
18255
20262
21900
29518
32615
28078
22412
21208
18287
5355
-4020
-6856
-8915
-14838
-20592
-19823
-19770
-18466
-16073
-13512
-10954
-9416
-7253
-8788
-9228
-7076
-6134
-7870
-9853
-7544
-6161
-4864
-1468
2747
5488
6818
10620
11917
11102
11298
11430
8219
1272
-1867
-3434
-7375
-11852
-13453
-12430
-13765
-14168
-11631
-7834
-4900
-3503
-1296
783
2872
4126
4547
5222
5765
5782
6404
9375
11541
11162
10128
10818
9661
5978
4527
2620
-1523
-6157
-7087
-7432
-9860
-8430
-5229
-3971
-3709
345
4810
4466
4780
6582
5537
1150
-316
-175
-3629
-6697
-6152
-5040
-6245
-4611
-196
1451
1907
4510
7227
6190
5103
5977
4172
36
-2330
-3167
-6230
-9278
-8988
-8393
-9143
-7535
1502
11217
15848
17659
21992
30572
32135
28428
24764
23315
19377
6734
-2196
-6157
-8571
-14536
-21691
-21303
-20047
-18318
-17546
-14702
-10100
-8794
-7828
-8594
-7298
-6111
-6488
-7580
-9440
-8424
-7454
-5272
-2471
655
4175
6630
9938
11206
11949
12729
12174
8897
2800
-366
-2588
-6523
-11276
-13562
-12821
-13958
-14944
-12033
-6590
-3328
-2759
-46
4494
6491
6254
7107
8609
7458
4538
3360
3307
2595
1568
1022
456
128
1254
2016
1566
1694
2823
2362
349
643
2289
1620
-616
-580
575
-392
-1544
-921
-365
-1636
-2504
-1960
-1982
-2156
-1642
-1203
-1581
-1050
752
1373
1313
2350
3512
2637
1436
1735
1564
-556
-2631
-3199
-4131
-5686
-6140
-5480
-1802
5457
11908
14101
15114
22938
29829
27925
23867
23534
23578
13772
3100
-900
-4064
-10043
-18198
-20874
-21382
-20958
-19232
-18229
-15172
-11917
-8924
-8883
-8387
-4838
-3493
-5205
-7443
-6298
-5315
-5342
-3488
-954
1284
2948
6532
9011
9601
11402
12633
10843
5881
3254
2046
-2190
-7369
-10654
-11450
-13418
-15037
-13176
-9911
-7098
-5851
-3000
921
3810
5844
6579
7582
7255
6185
4810
3351
3002
1823
263
-1246
-949
346
489
670
1372
2512
2050
1628
2393
2986
2380
844
627
317
-177
-694
-1054
-1287
-2046
-2253
-2464
-2211
-1570
-1257
-1394
-1474
-363
661
874
1187
2273
2764
2118
1716
1834
1284
-338
-1608
-2513
-3597
-4579
-4775
-3408
2103
9097
12960
13706
17599
26186
28513
25230
23030
23862
19869
8604
1977
-1137
-5422
-13453
-19811
-20846
-21673
-20774
-20075
-17912
-14672
-11830
-9755
-9482
-6712
-4105
-4063
-5996
-6557
-5179
-5056
-4174
-2414
-236
1473
3936
7198
8534
10029
11858
11945
8632
5022
4009
1471
-3512
-8118
-9982
-11423
-13825
-13631
-11387
-8816
-7527
-5456
-1863
918
3509
4842
5900
6021
5691
5268
3712
3274
2805
1846
154
-182
1311
1337
971
1353
2600
2381
1525
2258
2725
2062
746
647
545
-132
-382
-690
-1197
-2035
-2065
-2222
-2624
-2446
-2124
-2189
-2456
-1371
-125
183
626
1751
2584
2121
2052
2502
1948
432
-973
-1681
-3103
-3987
-4096
-1215
5124
10382
13087
14008
20803
27514
27136
24354
23274
23935
15850
6103
1682
-1497
-7196
-16208
-19465
-20334
-20724
-20338
-19585
-16545
-14267
-11572
-10528
-8959
-5789
-4264
-5008
-6798
-5859
-4942
-4530
-3370
-1614
329
1686
4744
6951
8228
10114
11147
9791
5976
4541
3755
-22
-4990
-7967
-8790
-10681
-12488
-11696
-9441
-7596
-6597
-5007
-1838
1373
2950
3059
3704
4858
4250
2629
2425
2998
2080
401
375
1598
2006
1906
2387
2845
2884
2595
2434
2243
2019
1597
482
-305
-94
47
-656
-1286
-947
-1061
-1887
-2086
-1590
-1632
-2382
-2433
-1946
-1494
-1004
-178
663
1267
1901
2308
2448
2457
2091
915
-395
-1451
-2082
-2938
-598
5946
10697
12157
13032
20428
26655
25485
23279
23191
23480
15164
6341
2843
-490
-6722
-15580
-18776
-19683
-20398
-20535
-19827
-16550
-14380
-12535
-11592
-9091
-5937
-5280
-6193
-7009
-5674
-5149
-4489
-2969
-1323
292
1968
5174
7026
8246
10113
10645
8652
5260
4330
3199
-1035
-5610
-7933
-8736
-10239
-11471
-10267
-8261
-6823
-5599
-3943
-675
1603
2355
2327
2853
3655
2381
1269
1430
1658
637
-409
649
1957
2330
2587
3374
3944
3817
3609
3432
3053
2279
1308
115
-397
-353
-685
-1308
-1470
-1136
-1298
-1619
-1217
-917
-1379
-1942
-1839
-1402
-1320
-1024
-364
124
552
970
1420
1782
1785
1289
555
-356
-634
-1329
-8
5678
10577
12899
12817
18401
25069
24836
22713
21585
22537
15890
6914
3116
109
-4966
-13567
-17328
-18123
-19116
-19516
-19383
-16528
-14653
-13161
-12378
-10299
-7233
-6256
-6817
-7667
-6240
-5326
-4490
-2870
-906
1005
2382
5315
7655
9022
10532
10725
9222
6069
4416
3020
-837
-5070
-7899
-9085
-10225
-11159
-10245
-8524
-7024
-5581
-4113
-1321
907
1802
1864
2076
2523
1398
409
660
806
-102
-657
489
1754
2159
2865
3975
4294
4136
4167
4082
3502
2607
1781
500
-221
-292
-692
-1392
-1598
-1219
-1548
-1872
-1336
-878
-1313
-1829
-1357
-907
-894
-752
-120
366
664
1088
1366
1564
1555
1123
559
-254
-458
-948
587
6283
10707
13003
13403
19184
25090
24558
22958
21871
22040
15070
6819
3005
-732
-6041
-14082
-17594
-18613
-19501
-19571
-19329
-16467
-14496
-12863
-11992
-9906
-7124
-6473
-7096
-7834
-6564
-5853
-4906
-3256
-1378
719
2580
5596
7728
9207
10844
10880
9186
6332
4939
3222
-869
-4777
-6823
-7703
-9736
-11035
-9439
-7278
-6810
-6499
-3820
-769
-17
76
1306
2077
615
-498
21
369
-638
-1079
-54
776
1584
2725
4005
4390
4683
5043
4614
4149
3929
3079
1314
382
607
-94
-1378
-1335
-715
-1359
-2222
-1423
-610
-1368
-2151
-1757
-1420
-1838
-1679
-685
-188
-79
572
1121
1366
1486
1688
1192
317
-277
-657
-747
3319
9102
12422
13269
15855
23243
25619
24412
23043
22883
19828
10968
5451
1860
-2565
-9558
-16173
-18031
-19303
-19622
-19814
-18466
-15951
-14688
-13498
-12189
-9363
-7680
-7670
-8391
-8003
-6716
-5538
-3780
-2114
-107
2011
4629
7136
8793
10666
11449
10091
7590
5522
4304
1129
-2674
-5206
-6777
-8308
-9890
-8990
-7225
-6518
-6205
-4849
-2402
-1202
-734
-148
175
-442
-1202
-1033
-702
-584
-801
-294
578
1879
3174
3891
4656
4916
4829
4238
4004
3967
2837
1298
510
545
180
-436
-313
-14
-408
-915
-588
-184
-576
-1434
-1890
-2029
-2215
-2101
-1786
-1155
-773
-356
164
750
1579
1578
963
512
-231
-469
-1073
2042
8126
11847
13628
14795
21809
26348
25691
24054
23096
22008
14022
6790
2908
-882
-7060
-14939
-17947
-18853
-19331
-19751
-19112
-16483
-15159
-14229
-13353
-10820
-8859
-8691
-9441
-9532
-8006
-6598
-4530
-2692
-527
1947
4461
7361
9270
11046
11968
10687
8231
5580
4066
1539
-2599
-5925
-8002
-8715
-9158
-8861
-7178
-5880
-4703
-3705
-2135
-124
437
213
-362
-561
-1019
-1765
-1507
-868
-951
-922
312
2190
3372
4013
5026
5347
4809
4457
4269
3674
2342
1065
426
-78
-103
-141
-253
-207
-165
-303
-526
-398
-359
-1213
-2186
-2332
-1994
-1827
-1786
-1028
-170
237
734
1307
2019
1831
1102
429
-189
-1140
-1908
-1895
2327
7676
11125
13046
15964
23302
25866
25201
23728
23223
20386
11697
5662
1832
-2529
-9230
-15643
-17192
-17886
-18350
-18436
-17038
-14371
-13373
-12778
-12050
-9982
-9026
-9412
-10377
-10095
-8687
-7312
-5121
-2948
-103
2572
5275
8055
9896
11416
11627
9910
7361
4694
2910
-192
-3728
-6098
-7317
-8115
-8957
-7870
-6004
-4890
-4564
-3418
-1569
-811
-898
-758
-497
-1277
-2222
-1794
-862
-524
-496
633
2119
3003
3944
4888
5452
4895
4239
3817
3312
2697
1689
747
207
273
337
153
358
643
244
-518
-606
-296
-823
-1892
-2365
-2282
-2238
-2139
-1412
-440
208
677
1373
2125
2406
2154
1595
481
-287
-1465
-2278
-2871
-631
5747
10045
12733
14194
20621
26073
25528
23947
22456
21434
14110
5878
1733
-1745
-6922
-14132
-17246
-16916
-16941
-17112
-16637
-13764
-12157
-12201
-12360
-10882
-9353
-9987
-11127
-11456
-9899
-8482
-6355
-3550
-507
2561
5083
7991
10115
11179
11571
10127
7489
4241
2037
71
-3432
-6432
-7819
-7826
-7382
-6839
-4993
-3379
-2503
-1923
-1466
-486
-554
-1367
-2419
-2822
-2949
-3249
-2780
-1527
-335
349
1625
3463
4864
5378
5615
5543
4743
3826
3243
2644
1694
679
445
490
634
821
926
974
431
-186
-687
-894
-1291
-2145
-2849
-2861
-2422
-1877
-1248
-227
878
1443
1847
2350
2801
2467
1342
105
-597
-1528
-2702
-3400
-2049
4109
9325
12851
14492
19251
25866
26116
24423
22149
21109
15405
6183
1016
-2129
-6281
-12691
-16742
-16158
-15573
-15605
-15373
-13147
-11145
-11491
-12393
-12110
-10780
-11122
-12362
-12964
-11335
-9238
-6938
-3697
-33
3485
6100
8629
10751
11480
11510
10121
7065
3451
660
-888
-3555
-5960
-6693
-6358
-6159
-6057
-4113
-2188
-2042
-2750
-2837
-2063
-2659
-3524
-3552
-3231
-3408
-3576
-1931
135
1427
2169
3375
4573
4947
4960
4918
4448
3346
2316
1753
1567
1530
1520
1610
1823
2206
2380
2102
1853
1274
39
-1412
-2153
-2274
-2952
-3599
-3174
-2327
-1809
-1181
276
1662
2140
2333
2597
2603
2100
1341
376
-737
-1793
-2240
-3193
-3390
-2817
1848
8545
12896
15356
17084
23374
26198
24266
20939
18924
16354
7820
501
-2181
-4168
-8945
-14299
-14636
-12811
-12911
-13442
-12730
-10774
-11101
-13056
-14188
-13353
-12750
-13545
-14223
-12613
-9489
-6881
-3631
478
4432
6829
8424
10139
10745
9821
8457
5939
2764
-272
-1580
-2442
-3912
-4413
-4008
-3345
-3446
-2623
-1477
-1554
-2959
-4154
-4478
-4909
-5629
-5410
-4429
-3585
-2981
-1561
1107
2914
3558
3907
4664
4600
3775
3392
3430
2501
1279
1175
1791
2252
2535
3253
3571
3335
3093
2646
1633
537
-586
-1952
-3253
-3390
-3069
-3211
-3127
-1977
-914
-569
247
1564
2244
1668
1431
1715
1446
551
-68
-246
-753
-1335
-1455
-1540
-1359
-172
5645
11825
15199
15639
17886
23737
24244
21022
17452
16535
12335
3537
-1724
-2680
-4510
-9804
-13779
-12815
-11363
-12178
-13170
-12501
-11336
-12721
-15106
-15519
-13823
-13156
-13766
-13362
-9987
-6563
-3890
-406
3687
6603
7547
8464
9334
8821
7164
5613
3155
525
-1330
-1341
-1544
-2553
-2486
-1789
-1486
-2306
-2340
-2086
-3150
-5318
-6633
-6535
-6458
-6185
-5086
-3498
-2452
-1301
971
2823
3676
3994
4264
3770
2805
2830
2964
2331
1648
2095
2714
3007
3566
4413
4291
3482
2978
2313
1080
-80
-813
-2042
-3236
-3099
-2341
-2252
-2172
-1137
-247
-420
-147
814
1155
519
366
493
416
128
313
431
147
181
211
-22
-483
-542
1094
7115
12564
15202
14482
17801
23471
23010
19314
16339
16004
10406
1719
-2178
-2407
-4927
-10334
-13620
-12446
-11374
-12252
-13238
-12901
-12070
-13384
-15853
-15892
-13814
-12798
-13403
-12625
-8560
-4976
-2038
1187
4926
7155
7865
8445
8392
7401
5996
4434
1852
-172
-693
-395
-1008
-1637
-1111
-683
-1480
-2359
-2711
-3221
-5046
-6913
-7519
-7297
-6920
-6155
-4499
-2775
-1386
-59
2030
3296
3699
3571
3569
3166
2541
2593
2750
2659
2572
3275
3862
4268
4725
4849
4016
2973
2248
1177
-331
-1275
-1706
-2556
-3129
-2480
-1639
-1568
-1329
-546
-194
-591
-430
227
56
-351
-106
385
627
834
1490
1726
1617
1593
1459
1155
272
-329
-862
3279
9762
13894
14123
14417
20547
23026
20603
16371
15110
12836
4846
-1818
-3988
-4208
-7393
-12037
-13687
-11746
-10312
-11286
-12809
-12412
-11645
-13839
-16453
-15743
-13165
-12222
-13088
-10898
-6251
-2020
741
3110
6173
8050
8278
7037
6348
5910
4571
1801
-357
-472
-196
-449
-1435
-107
1034
-4
-1996
-3189
-2561
-4448
-7044
-8331
-7731
-7034
-6723
-4732
-2246
-177
795
1958
3054
3919
3854
2982
2172
1662
1781
2037
2347
2887
4062
4762
4694
5156
5560
4831
3104
1748
849
-593
-1821
-2313
-2335
-2548
-2304
-1648
-976
-545
-269
-394
-1004
-1178
-1071
-1050
-1205
-827
-104
634
1375
2299
3082
3301
2928
2430
1593
929
-216
-1379
-2360
1238
8472
13603
14690
14108
19533
23234
21562
15935
12825
11694
5144
-2893
-7004
-5535
-5748
-10054
-13292
-11170
-7489
-7914
-11129
-12209
-10825
-12266
-16740
-18088
-14838
-11570
-12335
-12148
-7119
-674
2647
3255
5638
8257
8399
5711
3901
4027
3637
1192
-1418
-1242
442
1307
311
262
1656
1338
-1045
-4044
-4309
-4661
-6969
-9181
-9242
-6581
-4861
-3460
-1719
1003
2752
2887
2600
2736
3182
2200
737
-59
1040
2489
3006
3524
4778
6307
6250
5284
4825
4542
3112
617
-1000
-1428
-1513
-2074
-2356
-1962
-1204
-631
-593
-570
-552
-644
-1524
-2424
-2425
-1560
-851
-604
305
1850
3134
3711
3960
3985
3570
2575
1239
213
-687
-1302
-2234
-2473
2335
9510
15123
15301
14593
18845
21392
19289
12610
9008
7519
2428
-4303
-7748
-5421
-3778
-6300
-9695
-8743
-5550
-5642
-9826
-13056
-12973
-13932
-17346
-19082
-15950
-11207
-9739
-9078
-5619
241
4466
5099
4803
4973
5158
3674
1339
327
930
1196
197
-317
1283
3791
4301
2991
857
-394
-1773
-3988
-6223
-7637
-7383
-7470
-7632
-6289
-2887
209
1171
1399
2417
3368
2793
1552
853
672
652
599
1103
2458
4516
6015
5874
5275
5477
5683
4080
1727
483
137
-749
-1823
-1711
-712
-203
-447
-792
-837
-621
-907
-1926
-2949
-3038
-2517
-2301
-2042
-631
1381
2638
3252
3852
4529
4400
3584
2426
1399
346
-380
-898
-1416
-1462
-1400
-985
2761
9251
15057
15583
12778
14552
17130
16984
11124
6254
5329
3080
-810
-4689
-3687
-1140
-1576
-5278
-8116
-7317
-6387
-8945
-13513
-15874
-15690
-15994
-16560
-15196
-11272
-7769
-5756
-4075
-1810
1162
2976
3438
1760
182
-28
574
1013
805
1475
2652
3529
3772
3888
4091
3983
2087
-787
-3662
-4778
-5022
-5668
-6173
-6143
-4886
-3420
-1627
-176
617
842
975
568
-230
-478
383
1043
869
1115
2543
4400
5339
5702
5563
5056
4258
3379
2306
1331
843
684
104
-422
55
885
991
45
-763
-1261
-1786
-2403
-2860
-3018
-2846
-2314
-1533
-650
656
2147
3176
3344
3169
3218
2871
2440
1549
950
161
-123
-109
-158
-202
-569
-596
-793
2985
8601
13820
13714
11228
12498
14598
15787
11367
7238
4962
3219
1123
-2215
-2943
-2401
-2182
-4401
-7826
-8993
-8914
-8929
-11350
-14218
-15697
-15902
-14119
-12426
-10370
-8793
-6520
-4040
-2606
-1716
-668
1222
1553
401
-977
-560
1506
3038
3457
3028
3359
4210
4309
3368
1984
1517
509
-1082
-3394
-4788
-4260
-3423
-2467
-3237
-3485
-2691
-979
228
-324
-809
-933
-243
-116
-179
440
1550
2945
3268
3315
3659
4477
5287
4618
3379
2170
2004
2060
1854
1526
1223
1229
970
761
225
-223
-640
-1167
-1883
-2704
-2816
-2285
-1422
-895
-521
13
808
1777
2352
2618
2475
2276
1996
1555
1167
767
679
403
209
-317
-573
-632
-824
-1125
-1106
2514
7935
13220
13601
11996
12137
13543
14548
10983
7206
3578
1622
130
-1686
-2343
-2997
-2674
-3465
-4997
-6794
-8599
-9471
-11084
-12467
-14484
-15947
-15198
-13204
-10299
-8905
-7298
-5224
-3257
-1872
-1508
-648
-163
167
-205
-429
325
1825
3719
4616
4862
4923
4786
4541
3763
2496
885
-1013
-2134
-2875
-3080
-3101
-2736
-2098
-1678
-1215
-1081
-830
-711
-643
-854
-1479
-1522
-965
-7
878
1605
2572
3147
3590
3836
3944
3831
3346
2942
2411
2048
1965
2136
2257
2125
1905
1503
933
332
-135
-681
-1355
-1821
-1845
-1594
-1301
-834
-126
538
911
1072
1129
1260
1199
1076
752
413
230
151
375
421
556
514
339
182
-221
-463
-1139
-1176
859
4892
9823
12041
12207
11308
10999
11019
9587
7505
4242
1816
-33
-738
-868
-1340
-1529
-2393
-3109
-4456
-6298
-8130
-10252
-11531
-12913
-13731
-13851
-13051
-11040
-9171
-6873
-5172
-3682
-2953
-2869
-2660
-2699
-2228
-1846
-1203
-459
370
1753
3139
4558
5316
5413
4970
4062
3176
1991
905
-97
-631
-686
-534
-148
80
362
546
611
270
-650
-1529
-2210
-2359
-2273
-1843
-1159
-529
271
1104
2052
2603
2782
2706
2402
2052
1771
1705
1773
1968
2357
2733
2971
3036
3002
2790
2299
1671
924
198
-291
-473
-457
-370
-55
339
631
716
728
676
425
75
-315
-607
-775
-770
-724
-531
-282
137
334
447
419
256
-48
-452
-753
-1249
-1592
-1738
-820
939
3857
6716
8818
9718
9427
8715
6968
5219
3018
1365
124
-446
-100
190
745
579
195
-712
-2179
-3714
-5779
-7489
-9077
-9953
-10120
-9954
-9109
-8295
-7005
-5903
-4830
-4024
-3873
-3966
-4632
-4967
-5162
-4767
-3803
-2566
-923
556
2080
3181
3824
4017
3606
3066
2385
1920
1834
2081
2863
3471
4010
4230
4116
3742
2734
1789
524
-387
-1119
-1566
-1638
-1721
-1188
-744
-108
300
519
634
417
492
487
518
505
672
1231
1645
2207
2684
3118
3220
2932
2623
2011
1436
783
427
294
308
537
702
993
1138
1204
913
257
-489
-1246
-1679
-1910
-1743
-1284
-843
-562
-502
-127
275
524
445
213
31
-299
-468
-687
-753
-769
-656
-452
-396
-348
-456
-614
-749
-575
14
843
1751
2725
3579
4262
4503
4299
3720
2860
2153
1447
1110
926
999
1141
1083
973
473
-115
-945
-1790
-2605
-3556
-4314
-5014
-5415
-5768
-5965
-5845
-5645
-5234
-4945
-4553
-4338
-4286
-4243
-4214
-3968
-3714
-3240
-2630
-1885
-912
-3
820
1238
1467
1602
1554
1559
1454
1692
2004
2716
3618
4567
5375
5670
5666
4987
4142
2884
1617
412
-336
-485
-411
7
458
1070
1291
1199
1023
776
448
-71
-246
-132
142
502
859
1203
1180
1053
718
326
-177
-622
-783
-738
-293
-70
-130
-332
-15
594
868
948
850
562
13
-323
-443
-775
-1202
-1223
-808
-442
-396
-411
-310
-68
16
-282
-787
-1013
-853
-744
-769
-720
-535
-442
-415
-440
-481
-444
-271
-176
-356
-524
-452
-133
210
572
1092
1694
2228
2465
2525
2453
2286
2051
1730
1473
1263
1156
1076
974
820
576
356
86
-258
-687
-1181
-1637
-2113
-2443
-2704
-2901
-3027
-3156
-3225
-3314
-3314
-3358
-3377
-3320
-3160
-2896
-2596
-2171
-1738
-1331
-957
-555
-195
54
258
572
959
1415
1871
2208
2484
2628
2773
2745
2553
2162
1746
1392
1048
862
674
608
479
476
552
570
539
307
154
-38
-67
-11
19
99
44
38
136
428
598
422
298
468
652
551
388
483
499
329
100
-119
17
436
913
870
469
204
138
11
-258
-253
-170
-50
-43
-231
-429
-494
-344
-291
-457
-686
-687
-448
-249
-140
-85
-92
-198
-260
-143
22
80
57
39
-79
-178
-104
40
49
-31
-58
-8
76
190
393
550
683
817
1004
1131
1169
1182
1105
982
778
646
561
517
487
421
353
204
25
-229
-528
-833
-1131
-1446
-1737
-1887
-1915
-1910
-1892
-1852
-1815
-1731
-1649
-1565
-1590
-1662
-1616
-1554
-1498
-1498
-1382
-1170
-976
-818
-684
-448
-286
-227
-215
-200
-129
-91
-17
88
222
463
858
1241
1258
1095
1091
1213
1345
1292
1103
945
882
1085
1291
1194
953
1037
1342
1394
1201
967
1089
1340
1277
934
594
629
918
1020
669
216
106
186
256
283
282
361
455
384
226
25
-49
107
166
-31
-475
-800
-491
-80
-107
-246
-250
-103
83
59
-248
-608
-693
-455
-202
-78
-157
-376
-414
-426
-501
-511
-513
-503
-506
-460
-370
-253
-156
-173
-207
-299
-380
-306
-77
97
107
115
137
173
266
421
505
488
486
426
295
127
-34
-165
-158
-44
-53
-215
-397
-464
-507
-573
-669
-758
-810
-886
-1000
-1141
-1222
-1283
-1367
-1497
-1591
-1502
-1339
-1192
-1044
-822
-637
-576
-486
-401
-357
-287
-179
-107
45
274
376
581
915
1002
769
730
1029
1093
947
964
1002
967
1111
1361
1222
880
953
1397
1449
911
614
817
914
594
424
601
619
400
238
241
173
306
782
911
558
343
428
396
258
215
144
135
331
475
221
-124
-172
148
727
746
16
-535
-369
-110
-224
-276
-237
-346
-519
-563
-687
-824
-564
-459
-757
-1018
-1097
-1027
-704
-364
-388
-449
-353
-369
-489
-512
-386
-211
-93
-117
-239
-295
-220
-208
-111
125
125
-2
47
72
-58
-130
-68
-100
-161
-203
-218
-232
-311
-284
-320
-360
-393
-527
-568
-509
-330
-314
-408
-455
-471
-452
-526
-489
-360
-217
-113
-179
-39
-77
-357
-216
157
402
470
422
268
68
400
435
403
739
548
610
810
700
504
643
676
484
412
223
496
553
419
575
465
562
528
331
450
523
293
304
289
-36
-26
347
573
487
410
362
194
301
197
-202
-251
-43
57
40
131
120
78
307
518
248
-219
-502
-637
-476
-252
-234
-48
46
-25
11
34
-98
-185
-79
-168
-466
-767
-772
-283
87
-100
-269
-203
-313
-300
-183
-355
-581
-559
-375
-260
-355
-513
-453
-313
-206
-168
-218
-408
-567
-457
-329
-231
-143
-106
-163
-125
-100
-187
-66
126
119
-71
-169
-211
-112
223
455
503
438
341
227
200
172
122
186
328
419
341
139
22
157
398
351
144
95
113
19
-203
-393
-471
-329
-65
31
21
60
155
138
3
-246
-567
-587
-419
-376
-190
206
491
662
750
598
433
435
479
381
122
49
179
311
400
487
407
407
707
599
149
130
177
-83
-140
-127
-289
-288
-149
-4
142
213
24
-294
-309
-192
-348
-544
-427
-74
212
326
258
54
-59
-21
-73
-156
-277
-316
71
357
154
-118
-238
-237
-22
101
-127
-409
-393
-183
-187
-400
-551
-529
-271
-18
-74
-285
-509
-626
-434
-231
-401
-449
-191
-89
-79
21
75
100
232
256
41
-205
-201
26
273
465
456
328
353
456
439
326
129
9
166
361
348
301
297
289
291
348
367
261
56
-119
-155
-203
-294
-371
-301
-191
-157
-93
-43
-128
-191
-82
-41
-66
-61
-81
-47
-35
-61
-23
0
69
243
392
381
249
114
141
170
64
54
11
-216
-328
-118
91
99
87
106
17
-121
-119
-138
-252
-203
-147
-268
-300
-133
-52
-77
43
182
181
165
154
39
-5
171
281
204
178
221
244
251
143
-57
13
326
420
234
-3
-179
-318
-416
-474
-438
-284
-219
-344
-365
-266
-364
-443
-287
-231
-344
-462
-577
-497
-241
-123
-116
18
219
287
194
160
186
96
68
264
392
374
343
338
415
499
539
579
569
504
405
200
-8
-108
-99
116
354
254
19
-53
-90
-145
-120
-22
39
-60
-165
-141
-154
-167
-66
-54
-107
-73
-47
-87
-110
-101
-111
-105
-43
21
-9
-81
-125
-110
-6
66
-54
-199
-151
-91
-159
-218
-240
-244
-189
-140
-203
-271
-218
-56
94
55
-110
-146
-66
-36
30
82
42
77
172
114
38
118
196
208
228
186
80
125
296
395
344
188
-24
-123
-79
-24
4
21
12
-31
-79
-123
-69
30
52
-25
-119
-241
-328
-282
-182
-70
43
118
88
41
5
-63
-148
-247
-302
-223
-19
140
202
198
199
206
170
85
14
-24
-24
60
153
162
149
186
204
211
240
199
54
-57
-93
-107
-95
-59
-11
87
231
295
207
76
33
30
-9
-82
-143
-125
-15
104
155
156
148
137
113
33
-106
-212
-236
-230
-225
-180
-108
-48
-28
-65
-178
-290
-352
-384
-363
-271
-199
-214
-251
-229
-139
-52
-13
-10
3
35
39
20
25
85
157
181
179
157
133
133
172
214
203
153
96
25
-42
-75
-48
21
74
77
36
-10
-32
-31
-41
-78
-117
-126
-90
-34
9
38
57
69
43
-35
-116
-141
-98
-35
-17
-37
-34
15
107
198
222
179
135
126
129
102
39
-8
-6
35
61
64
59
58
60
62
88
106
73
13
-21
-22
-21
-27
-21
-1
25
35
14
-17
-61
-101
-90
-14
60
67
14
-18
15
69
74
26
-27
-43
-52
-74
-99
-100
-69
-18
19
13
-27
-79
-105
-87
-59
-55
-57
-53
-53
-72
-94
-90
-58
-37
-41
-54
-43
-35
-57
-101
-128
-103
-33
25
55
64
53
31
8
-4
3
10
4
-5
-20
-30
-28
-1
58
129
160
152
126
95
69
40
10
-3
8
29
31
22
-1
-15
-20
-32
-35
-39
-45
-46
-44
-33
-11
18
36
39
22
8
7
14
18
10
-2
8
43
80
94
83
62
56
68
69
55
36
22
16
25
31
30
21
9
-1
-11
-18
-20
-29
-41
-53
-62
-52
-39
-31
-38
-52
-58
-55
-49
-49
-52
-50
-51
-45
-33
-22
-12
-2
3
10
12
20
29
37
33
19
9
11
19
30
41
34
21
7
-4
-17
-29
-41
-51
-64
-75
-75
-74
-67
-52
-45
-50
-55
-58
-49
-36
-27
-19
-9
1
18
35
59
74
77
78
73
76
88
89
83
68
57
50
49
46
39
31
18
10
-3
-12
-18
-28
-44
-56
-61
-56
-42
-22
-4
5
12
15
20
24
27
31
28
24
23
21
27
35
40
43
42
37
40
39
31
16
-6
-20
-27
-23
-14
-6
-3
-8
-20
-32
-28
-26
-26
-25
-30
-37
-46
-50
-47
-40
-35
-30
-29
-26
-26
-29
-26
-26
-23
-18
-14
-8
-2
-2
-3
2
3
13
23
24
24
23
18
17
17
17
15
11
13
13
11
12
6
2
-3
-11
-15
-18
-16
-15
-14
-15
-12
-10
-7
-4
-2
1
2
4
5
12
14
14
13
9
9
11
12
18
20
16
11
9
10
16
18
20
16
13
11
10
13
16
16
13
7
3
-1
0
1
3
0
-1
-6
-9
-11
-11
-13
-12
-16
-22
-26
-28
-28
-24
-22
-20
-19
-17
-17
-15
-13
-11
-8
-2
4
8
16
25
32
39
42
40
36
32
26
22
19
15
12
8
2
-3
-9
-13
-21
-26
-28
-30
-31
-31
-33
-29
-26
-25
-25
-26
-24
-24
-22
-22
-17
-14
-12
-11
-5
-5
-3
1
3
2
5
8
12
16
19
21
27
29
30
27
23
21
18
13
11
9
8
6
2
2
3
1
-3
-2
-4
-4
-6
-2
5
6
16
17
23
27
30
36
38
38
36
31
29
24
17
14
10
5
0
-4
-11
-18
-24
-34
-40
-49
-51
-54
-59
-58
-56
-53
-51
-48
-41
-35
-33
-24
-14
-5
4
12
22
33
41
46
56
62
63
65
66
62
57
54
46
37
28
15
6
-7
-19
-25
-37
-44
-47
-49
-54
-57
-57
-56
-55
-53
-45
-38
-34
-27
-22
-18
-12
-7
-3
3
9
16
20
21
26
31
32
32
29
30
24
16
13
11
7
1
-2
-7
-14
-19
-20
-20
-19
-20
-19
-15
-11
-9
-5
3
11
17
18
27
37
42
47
53
58
58
57
58
57
56
53
50
48
43
37
28
21
11
1
-11
-24
-29
-42
-57
-67
-73
-77
-83
-84
-88
-87
-81
-79
-78
-72
-63
-52
-46
-35
-25
-14
-4
8
19
26
33
38
45
52
54
50
50
46
42
39
30
22
18
11
-1
-2
-5
-11
-13
-17
-17
-17
-15
-18
-13
-9
-4
-3
0
5
10
17
18
25
28
31
32
33
34
37
33
31
29
26
24
18
14
8
7
2
-4
-5
-10
-13
-19
-21
-23
-26
-25
-27
-27
-30
-26
-23
-22
-18
-15
-10
-9
-4
3
6
11
13
15
18
19
20
21
18
17
16
12
11
4
2
1
-8
-11
-15
-17
-21
-22
-29
-29
-35
-35
-37
-37
-33
-35
-31
-30
-28
-28
-20
-14
-12
-8
-5
0
5
6
13
17
18
20
18
19
19
16
20
18
16
17
15
16
12
8
10
9
7
7
6
6
5
6
5
5
8
6
8
10
13
15
17
17
18
15
14
15
18
16
17
12
4
1
1
3
6
8
2
-5
-8
-8
-8
-4
-4
-2
-3
-9
-10
-9
-7
-2
-1
0
0
-4
-6
-2
-2
2
3
3
-2
-5
-5
-9
-7
-6
-6
-9
-13
-15
-16
-16
-20
-15
-16
-19
-21
-26
-28
-23
-19
-14
-16
-18
-21
-22
-17
-15
-11
-6
-2
0
2
5
4
10
19
19
22
22
21
15
15
20
23
24
21
22
18
16
16
15
15
11
6
1
-2
-2
-4
-2
1
2
0
-4
-4
-3
3
2
11
14
15
18
19
23
26
26
23
22
18
17
10
10
7
4
0
-2
-5
-11
-13
-16
-14
-19
-20
-20
-22
-23
-20
-23
-20
-18
-20
-17
-14
-15
-11
-9
-9
-5
-7
-3
-1
2
3
8
8
5
7
8
11
7
8
6
3
1
-1
-5
-6
-8
-11
-8
-9
-10
-9
-11
-9
-10
-13
-11
-10
-9
-10
-10
-5
-2
1
2
4
5
5
7
8
8
12
10
9
11
13
10
11
9
7
5
5
4
5
2
-2
-4
-7
-7
-5
-5
-5
-5
-4
-3
0
1
4
5
6
9
10
11
14
13
11
11
11
12
13
12
10
10
8
6
6
4
2
0
-6
-8
-4
-8
-9
-10
-11
-11
-10
-10
-9
-12
-11
-8
-12
-8
-7
-5
-1
-1
-1
0
3
3
5
1
3
5
4
6
2
1
1
0
-3
-2
-8
-10
-9
-10
-11
-11
-11
-11
-7
-4
-5
-6
-5
-7
-4
-3
-1
2
0
-2
-2
2
2
2
4
5
5
6
7
6
5
5
5
2
0
-2
-1
0
-3
0
-2
-1
-5
-4
-4
-5
-4
-6
-6
-3
-1
-1
0
-1
1
5
6
11
11
12
19
20
19
18
22
22
20
18
19
21
17
17
15
14
12
10
6
2
-1
-3
-3
-9
-13
-16
-16
-19
-17
-15
-15
-15
-14
-11
-10
-3
-5
-5
-1
-2
-1
0
-3
0
1
-1
-3
-6
-3
-3
-5
-7
-7
-8
-14
-13
-16
-17
-19
-19
-18
-20
-19
-16
-18
-17
-15
-13
-5
-8
-5
-1
2
6
8
