SAMPLES:	6863
BITSPERSAMPLE:	16
CHANNELS:	1
SAMPLERATE:	16000
NORMALIZED:	FALSE
1
-1
-2
0
2
1
-2
-1
5
3
-1
-4
-2
-1
-3
-2
0
4
2
-6
-5
6
7
0
-7
-2
4
2
-4
-3
5
4
2
4
5
7
2
5
6
1
-7
-2
6
4
-1
-7
5
8
-2
-6
2
7
-2
-6
0
9
0
-11
-1
4
-2
-7
-4
8
1
-8
-3
6
1
-4
-3
2
2
-6
-6
-2
6
1
-2
-1
6
5
-2
-7
1
3
0
-3
3
2
-1
0
1
1
-2
-4
1
3
-3
0
-1
2
2
1
4
-1
-4
0
2
6
-1
-1
1
0
3
-1
-5
-6
2
2
1
-4
-4
-2
2
2
-1
3
1
-2
-7
-1
4
-1
-3
2
3
1
-1
4
4
-1
0
2
-3
-8
-5
0
3
-4
-5
-1
4
7
1
3
5
5
0
-5
-5
1
4
-4
-9
-4
8
8
-1
1
9
7
-4
-7
-2
4
-2
-7
2
6
1
-4
-4
-1
-1
-4
-9
1
11
0
-9
-1
4
-5
-8
0
12
6
4
7
6
8
-1
13
9
-7
-11
-10
-1
-15
-10
-20
-20
2
0
8
4
53
37
13
-12
-26
-4
-9
-25
-25
-10
13
33
-26
-43
0
42
-6
-50
-38
10
9
-6
20
42
44
62
37
17
22
33
49
-55
-54
-4
6
-26
-33
-4
22
58
-6
50
141
121
40
9
34
-13
34
17
-6
30
54
61
48
34
-90
4
75
68
138
215
184
125
116
252
381
808
1502
3263
7105
8335
2790
-3530
-7053
-8881
-7236
-3066
1626
3921
3853
3315
4063
4676
3106
-26
91
2725
1108
-2351
-5265
-5862
-5880
-4444
-4401
-4389
-3153
-3916
-1190
-792
775
-3647
-6715
-7062
-3928
770
2982
1747
-249
415
989
-1587
-723
3743
795
207
6925
4999
2246
5417
3476
780
1274
2964
2494
1811
2450
3714
2017
782
1211
-1784
-2820
524
1634
640
2300
2060
262
-175
-1274
-2733
-889
1118
-422
-188
1378
1493
291
390
823
-596
-1130
1193
1794
1456
1899
1255
734
1823
1132
-1893
-1201
1154
65
-619
-464
-870
-707
-369
-812
-1856
-1273
-2646
-2439
-828
-2005
-2915
-3029
-759
-2301
-3852
-1211
-901
-2617
-3613
-1500
-1625
-2529
-1770
-622
-964
-1082
158
-472
-2187
-2713
-1227
-2950
-3376
-56
-106
-847
2095
1337
-1316
-405
-1385
-1073
540
321
-188
878
193
-1287
-727
-189
-1322
-2493
-2414
-2755
-2072
2636
9029
12325
9923
6334
6803
8576
8093
5935
6960
9491
9163
8277
8249
9914
9622
6690
3542
406
-1535
-2420
-2028
-1639
-2090
-3452
-5435
-7711
-8989
-8768
-9194
-10944
-11417
-11246
-11383
-10202
-7759
-6267
-5905
-5579
-5733
-5118
-4082
-1740
1269
3115
5604
6006
6973
8703
10181
9427
5946
4171
3887
3927
2886
2791
3697
2389
-150
-2088
-3005
-4286
-5409
-5844
-5720
-6094
-6780
-4390
-2709
-4601
-5856
-5895
-6649
-8623
-7877
-4959
-2893
-1796
-1184
220
492
752
959
-367
-2152
-3315
-3212
-2199
-1006
74
597
1474
1187
2172
9657
17386
19291
12972
10518
14683
17511
15717
12551
14112
15592
13347
10703
11086
13549
13601
10276
5174
269
-2442
-2566
-3174
-6215
-8437
-9693
-10964
-13559
-14684
-13336
-13733
-16208
-18893
-19226
-17141
-15176
-12697
-11029
-9545
-8429
-7979
-6204
-3632
-814
356
15
476
2376
4560
6302
8362
11845
14471
14196
12494
11805
12422
12223
9196
5853
2749
-323
-2405
-3739
-4459
-7219
-9901
-10316
-10409
-10906
-10313
-8387
-7849
-9525
-9582
-7431
-6187
-6702
-6709
-6164
-6919
-6929
-3877
-370
191
505
1514
2211
1957
2270
3328
2515
1357
796
1252
1518
599
1822
2889
6209
14737
21504
23261
17618
17548
22201
22536
18128
13864
15546
16463
13456
11772
12927
15911
15797
11341
4395
149
-887
-2838
-8152
-13213
-12815
-12953
-15061
-16999
-15516
-13156
-15552
-18718
-21290
-21165
-19714
-19187
-17824
-16716
-13574
-10524
-8535
-5572
-1814
740
170
-132
1474
4164
5421
7959
11694
14527
16524
16095
17364
17140
14866
10224
3549
10
-3224
-6157
-8504
-9576
-9209
-10478
-10781
-9796
-9149
-10047
-10991
-11491
-12597
-13176
-12010
-10365
-10958
-10336
-7768
-5394
-3765
-2090
458
771
556
1586
2817
3204
2893
3488
3892
3058
2999
4199
5423
7169
16366
25079
28374
23767
22142
29402
30958
26742
19480
18546
20247
15264
11479
11832
16619
17418
11225
4990
2211
2540
-1050
-8042
-14887
-17026
-18611
-21272
-22409
-20832
-17481
-18317
-20191
-21518
-20661
-17844
-18362
-18907
-19957
-18391
-14682
-11905
-7743
-3736
33
2297
3479
5471
7758
9686
10437
12232
12605
15062
16818
17166
17336
13935
12476
7351
2595
-1239
-6031
-9057
-13807
-15005
-15318
-15251
-13846
-12778
-11155
-11124
-10345
-9745
-9869
-10946
-11557
-12407
-13482
-12437
-9949
-5587
-3284
-383
2786
4600
6662
6298
6137
5204
3278
2777
1395
2432
3541
8226
19439
25712
27758
23988
26103
32225
30796
24693
17827
17853
16333
9776
6869
9955
14193
12558
8195
5796
6512
5118
276
-6814
-12961
-15984
-19487
-22051
-23526
-21676
-18682
-18958
-18975
-18231
-14522
-11679
-13408
-15578
-16930
-14932
-13024
-12536
-10234
-6029
-1701
601
2401
6571
11116
12623
12856
12918
13649
13864
13598
13416
11031
8589
6501
4239
1342
-1780
-3479
-6671
-11230
-13204
-12655
-12745
-14595
-14739
-12432
-11516
-11371
-9790
-8028
-8545
-10227
-10178
-9128
-9011
-7949
-5708
-3963
-2501
-5
3475
5155
5339
6569
6512
5590
4416
4597
4964
8127
16530
21618
22943
20451
25778
32417
30834
25744
21463
22519
18060
10252
7791
9434
10381
6344
2924
2858
4634
4941
820
-4956
-8725
-10913
-14976
-20140
-22294
-21189
-21256
-23419
-22728
-19635
-14820
-12466
-12723
-12407
-11938
-9436
-8538
-9311
-8481
-6247
-3619
-3311
-1396
3852
9093
11469
11378
12515
16028
19054
17048
13289
10372
10466
6413
-586
-1989
-1665
-4956
-12229
-12960
-8201
-9111
-13262
-13258
-9733
-10488
-13227
-10779
-8529
-10194
-12184
-11089
-9612
-9802
-8122
-5403
-5206
-4284
-127
2620
2921
3261
5981
6387
4022
4362
5847
6008
4153
7864
16756
20450
22255
21601
26867
31372
29542
26888
22694
22496
19036
11803
7786
8294
9535
5335
727
1605
4040
2899
-1280
-4007
-5923
-10166
-14601
-17224
-20031
-21993
-22595
-23035
-22841
-22302
-17305
-13018
-13002
-12656
-10423
-6549
-6297
-7738
-6549
-4645
-3362
-3941
-2477
1837
6213
8942
9316
11866
17269
20025
17964
14660
14121
12814
5805
-315
-1616
-3664
-9858
-15000
-13279
-10627
-12285
-13306
-10934
-8307
-9015
-9678
-7640
-7784
-10069
-11980
-12460
-12253
-11926
-10392
-8707
-6822
-3030
19
2266
4118
6341
7186
6045
5534
6120
5630
4025
3958
9735
16166
19402
21412
22494
29708
32603
31304
27942
25623
25277
18723
11729
8767
8770
6812
1126
-1023
856
1883
813
-1834
-3206
-5392
-8973
-12077
-15788
-19405
-21546
-23223
-24788
-25633
-23820
-18764
-16400
-15629
-13683
-9137
-4862
-4831
-4953
-3380
-1664
-1581
-3151
-1274
2153
4534
6116
7517
13287
17459
18531
17249
16466
16847
12233
5702
1368
-1746
-6777
-13630
-15961
-14127
-14394
-15667
-14402
-10254
-7802
-8029
-6724
-5141
-6278
-9292
-11300
-11581
-12270
-13185
-12232
-10697
-7379
-4098
-830
2286
4763
7274
7875
7593
8046
7736
6789
4759
7870
14355
16898
19137
18768
26205
31301
30838
29682
27976
28932
23925
16850
13270
11586
9010
2725
-1628
-1555
-1516
-1445
-3862
-5492
-5802
-7297
-9082
-12044
-15128
-17099
-19617
-22808
-24607
-24972
-22138
-20399
-19885
-18109
-14005
-7894
-5715
-4947
-2572
432
2384
518
797
3914
5812
5441
5113
9948
14618
15012
13027
13944
16655
13374
6991
3696
2182
-3332
-11170
-13991
-12745
-14822
-18506
-17179
-12816
-11029
-10886
-8286
-5392
-5906
-7826
-8363
-8336
-9756
-11150
-10704
-10171
-8940
-5872
-3105
-877
1312
4588
6911
6706
8026
9248
8932
7272
12447
17556
18741
17350
19360
28062
28989
27629
26739
28720
27795
21237
18161
16921
14055
8948
3345
1554
-371
-1853
-2449
-5532
-7325
-8539
-8549
-10020
-13293
-14925
-16139
-18679
-21454
-22745
-21724
-20505
-20834
-20687
-19214
-14609
-10134
-8811
-7044
-3835
303
1616
1044
3926
7355
8148
6698
8904
13304
13901
11939
11387
13778
12446
7613
4927
3958
153
-5937
-9319
-9850
-11870
-15473
-16169
-14187
-13188
-12945
-11057
-8505
-7781
-8245
-8285
-8178
-8299
-8746
-8675
-8880
-8169
-6364
-4425
-3345
-1300
1600
3631
4377
5964
7790
8235
7663
12140
17926
19655
19058
19146
26892
29213
27685
26019
26692
27643
21979
17794
17100
15872
11645
5380
3309
2462
273
-1181
-4551
-6684
-8495
-9632
-10374
-13168
-15110
-16232
-18006
-20214
-21928
-21201
-19843
-20440
-20725
-19702
-15776
-11707
-10196
-8414
-5422
-1840
690
1011
3389
6285
7926
7940
8822
11954
13837
13394
12204
12336
12428
10119
6046
3731
1057
-3025
-8023
-10776
-11048
-13156
-15960
-16345
-14006
-12270
-12278
-10929
-8606
-8076
-8748
-8871
-7256
-7347
-8728
-8784
-7288
-6060
-5350
-4114
-1663
-124
1456
3283
5185
6692
7463
8570
13342
17920
20571
20908
20147
27404
29642
28121
25417
26254
27975
22017
17289
16839
16747
12245
4924
3900
4087
641
-1723
-4343
-5516
-8396
-10258
-10387
-13295
-15929
-17121
-17981
-20213
-22415
-20906
-19144
-20531
-20836
-19037
-15028
-12339
-11324
-8721
-5820
-2984
-485
1018
3159
5557
7726
8341
9148
11761
13933
13070
11696
11918
12514
10066
5656
4180
2129
-2208
-7002
-9149
-9715
-12803
-15731
-15683
-13805
-12856
-13006
-11103
-9231
-8915
-8681
-8317
-7187
-7133
-7733
-7810
-7094
-5372
-4703
-3744
-2464
-900
1077
2214
4198
5668
7610
7649
11246
17021
19259
20635
18989
25360
29141
27680
26150
25723
27633
23281
18228
17412
16390
13395
6871
3962
4363
1190
-374
-3012
-5364
-7431
-9268
-9327
-12180
-15054
-15966
-17054
-19208
-21592
-20826
-18743
-20157
-20917
-19514
-16470
-13062
-11904
-10083
-7388
-4879
-1382
-1
1788
4465
7215
8745
7639
10202
13645
13556
11317
9705
12176
11333
6148
3710
3298
789
-5382
-8468
-7387
-9575
-13993
-15722
-13233
-11851
-13681
-12331
-9439
-8888
-9127
-8422
-6771
-6991
-7740
-6713
-6019
-5673
-5408
-3468
-2746
-2764
-739
2135
2846
3200
5952
7329
8131
12968
17295
20333
18600
20783
28370
28602
26391
24741
27892
26254
19488
17876
17866
15714
9482
4770
5647
2987
-253
-1232
-3472
-6127
-8992
-8144
-9302
-13594
-15295
-15662
-16912
-20384
-21728
-19043
-19463
-21627
-20900
-18334
-15238
-13474
-11571
-8889
-6800
-3669
-721
1207
3098
4860
6906
7552
9818
12496
13309
11205
11538
13096
12058
9178
6482
5383
1350
-2735
-4738
-6271
-9681
-13383
-13616
-13437
-14275
-13208
-11838
-10935
-10668
-9112
-6946
-7378
-7613
-6553
-5978
-7182
-6784
-3965
-3769
-5613
-4475
-1250
40
-171
2155
5378
6310
5782
8855
16503
17596
18673
18793
22307
26772
26257
26831
24653
24757
23742
20572
18604
15961
14620
11422
5628
4446
3350
2233
-524
-4837
-6002
-7716
-8048
-10091
-13202
-14501
-16194
-17397
-19385
-20688
-18824
-19202
-20897
-20849
-18566
-14852
-13387
-12404
-10206
-7592
-4280
-1883
381
2434
4045
7139
7922
8659
11237
13229
12705
10323
10792
12608
10355
5950
3793
3491
-5
-5366
-6280
-6536
-9865
-13524
-13545
-11383
-11939
-13035
-11333
-9568
-9477
-9183
-7316
-6695
-7829
-6852
-5556
-5552
-5110
-4078
-2977
-3518
-2750
-87
1702
1623
2828
5319
7021
5878
10636
16848
17946
18141
17403
25131
27351
25412
24561
24882
25357
20689
17983
17856
14995
11718
7123
4821
4352
1013
640
-2230
-5547
-7127
-7510
-7329
-11131
-13614
-13905
-15242
-17191
-19414
-18983
-17649
-20201
-20921
-19596
-16696
-14238
-13456
-11670
-9337
-6246
-2973
-967
1275
3168
4864
8159
8164
10470
11657
11854
11823
10018
11393
10345
7862
4735
2594
1785
-2018
-5201
-6060
-7969
-10141
-12604
-11937
-10496
-11771
-11864
-10944
-9172
-8982
-9013
-7398
-7233
-7510
-6785
-5976
-4859
-4906
-4348
-3411
-3070
-1252
-17
1749
2306
3632
5638
6476
6900
12746
15683
17391
17083
18617
25891
25975
25388
23646
25070
24857
20042
18364
17180
14652
11277
6046
5398
4051
1204
333
-3376
-5020
-6800
-6507
-7307
-11633
-12854
-13553
-14946
-17161
-19653
-18181
-18352
-21201
-21079
-19564
-16364
-15583
-14538
-11787
-9641
-6075
-3494
-1163
1235
2510
5001
7817
8800
10320
11191
11405
11194
10738
11105
9845
7530
4613
2624
1768
-1334
-4381
-5958
-7994
-9685
-11313
-11141
-10191
-10882
-11120
-10025
-7872
-7463
-8040
-7267
-7171
-7277
-6786
-5975
-4474
-4881
-5125
-3624
-2181
-1079
-545
1619
2855
3490
4912
6768
6815
11417
14549
16282
17289
16854
23556
25431
24803
22651
23272
25157
21002
17803
16963
15227
12551
6690
5065
5291
1825
223
-2902
-4366
-6023
-6943
-6751
-10573
-12725
-13191
-14397
-15914
-19059
-18419
-17569
-20463
-21206
-20017
-16642
-15709
-15779
-12923
-10432
-7357
-4716
-2791
543
1632
3768
5704
7691
10103
10325
11147
10109
11405
12146
10257
8550
6757
5051
2480
-13
-1631
-4124
-7104
-9268
-9982
-10103
-11274
-10647
-9950
-10068
-9033
-6979
-6114
-7385
-7550
-6142
-5749
-6560
-5821
-4274
-4524
-6200
-3966
-1098
-660
-766
1668
4748
4980
4807
7077
8352
10670
13539
15213
17453
15356
20423
24230
23515
21149
21169
24661
21646
17137
16693
16418
13855
7758
5110
6419
2902
-47
-2656
-4145
-5737
-7710
-7243
-9851
-12578
-13104
-13744
-14984
-18003
-18349
-16729
-19178
-20866
-19856
-16960
-15620
-16427
-14003
-11270
-8525
-5740
-4057
-825
789
2652
5288
6092
8373
10848
10641
10659
9792
12409
11824
8248
7176
5617
4471
-52
-2172
-2195
-5865
-9017
-10253
-9309
-9331
-11621
-9858
-8495
-8687
-7710
-6275
-4953
-7215
-7537
-5429
-5988
-7022
-6245
-3960
-4134
-5797
-2402
839
858
701
3605
6946
6105
5119
8254
9151
10763
12461
14995
16873
14347
19742
23644
22889
19893
20642
24820
21296
16144
16434
16692
13291
6355
4734
6381
2091
-1294
-3447
-4158
-5957
-8272
-7493
-9927
-12596
-13030
-13681
-15003
-18147
-18020
-16491
-19262
-20848
-19446
-16516
-15678
-16628
-13906
-10989
-8604
-6545
-3663
-848
668
2370
4602
7035
8512
9799
10181
10310
10473
11445
10706
8606
6983
5619
3494
1083
-964
-2721
-5247
-7841
-8609
-8859
-9275
-9768
-9289
-8737
-8474
-7314
-6374
-6698
-7617
-7633
-6429
-6265
-6371
-5164
-4144
-4103
-3627
-938
1395
1717
2595
4554
6644
6330
6734
7505
7880
6969
9244
13038
13610
13535
13589
19440
21424
20372
20286
22107
22958
19251
16634
16956
15269
11170
6450
4647
3915
144
-1664
-3346
-5301
-7138
-7913
-7242
-9709
-11861
-11999
-12618
-14489
-17170
-16764
-16056
-18668
-20281
-19172
-16671
-16063
-16090
-13585
-10928
-9040
-6218
-3739
-664
465
1869
4735
5316
7296
8664
10176
9604
8642
10655
11066
9412
6981
5853
5321
1929
-873
-1645
-3814
-7010
-9799
-9175
-8920
-10392
-10093
-9288
-8357
-7874
-6733
-5175
-5899
-6298
-5250
-4926
-5408
-4969
-3563
-3567
-4209
-2157
741
1714
2154
4300
7163
7207
6838
8033
8642
7700
6746
11383
12701
12299
11973
15121
20067
19236
19258
20743
22388
20624
17388
17538
16838
12909
9296
5897
4611
1723
-1258
-2108
-4962
-6917
-8200
-7806
-8520
-11308
-11681
-11995
-13464
-15308
-16449
-15830
-17080
-19314
-19424
-18216
-16685
-16444
-15318
-12951
-11106
-8484
-6011
-3515
-1518
1314
2989
4408
5424
8261
10544
9760
9188
9894
12522
10089
7619
7579
6864
3589
-245
-612
-1064
-5331
-8459
-8341
-7719
-9367
-10337
-7722
-7513
-8017
-6546
-4862
-5345
-7154
-5739
-4528
-6041
-5883
-3193
-1939
-3919
-3390
1654
3167
1481
2809
6510
7320
4879
6202
9241
7175
4763
5024
9880
10766
8782
11684
13365
16300
17441
19791
21389
19837
20132
19875
17727
15138
12396
11256
6830
1764
856
-410
-1986
-5550
-7171
-6714
-7565
-7523
-8893
-9921
-10334
-11846
-12862
-15019
-16060
-15763
-17800
-19715
-19956
-17874
-16086
-16332
-14558
-11750
-9090
-6612
-4377
-1059
800
2146
3820
5027
6885
8076
8417
8021
7829
9573
9817
7880
6879
6707
5580
2478
686
589
-1917
-5704
-7580
-7028
-7532
-9544
-9194
-7936
-7645
-7190
-5730
-4145
-4432
-4388
-2911
-2580
-2781
-2269
-1287
-1747
-2606
-723
1396
1469
1774
3799
5906
5907
6187
7959
8388
6975
5340
6391
6857
8807
9454
11270
11181
12456
17474
19580
18982
17578
19463
19810
15894
13071
12770
11137
6148
709
393
-139
-3035
-5273
-6730
-6997
-8188
-7894
-7634
-9721
-10910
-11603
-12502
-14801
-16799
-16135
-17097
-20036
-21016
-18909
-16466
-16299
-15506
-12689
-9893
-7347
-4897
-2182
145
1299
2724
4036
4761
6200
7282
7456
7550
8565
10484
9982
9132
9188
8700
6820
3791
2606
1181
-2471
-5581
-6911
-7263
-8526
-9412
-8147
-7236
-6255
-4648
-2613
-1597
-1949
-1187
-829
-1865
-2502
-2326
-2117
-3335
-3701
-1594
-487
11
1167
4191
6195
6253
7557
9191
9032
7439
5907
6073
4410
5248
7554
8163
8165
7923
13629
17342
17020
16266
17921
20057
17154
13546
13514
12281
8145
2393
240
484
-2353
-4673
-6132
-6786
-7474
-7755
-6558
-7679
-9609
-10167
-10929
-12712
-15476
-16184
-16111
-18799
-21117
-20586
-17972
-16395
-16352
-14325
-11108
-8081
-5558
-3442
-857
1009
1721
2501
2702
4485
6730
5869
6360
6983
10263
11420
9479
10246
10926
9932
6228
4426
4615
678
-4060
-6034
-5998
-6722
-9652
-8549
-6605
-6486
-5218
-2695
-290
-1436
-1540
337
-1141
-3148
-3195
-2500
-4135
-6496
-4002
-1133
-1824
-1517
2465
6109
5871
5973
10038
10961
8459
6706
7334
6369
2023
1183
5365
6086
4553
5255
10128
15206
15285
16735
18611
19695
18404
15765
14949
12407
8269
4696
808
-1514
-3599
-4793
-5407
-7549
-7725
-6982
-5737
-5681
-7604
-7963
-8722
-10551
-12954
-15367
-15878
-17497
-20092
-21061
-19893
-17042
-15833
-14800
-11807
-8409
-5102
-2908
-641
1743
2194
2687
3340
3586
3707
3707
4259
4425
5295
8095
9636
9980
9894
11279
12109
9520
7452
6184
3613
-1144
-4723
-5223
-6684
-9643
-10617
-8989
-6964
-6322
-4524
-1389
-298
-265
421
1208
445
-1383
-2411
-3350
-4546
-4760
-4145
-3243
-2526
-567
2502
4293
5735
8164
9339
8819
7533
7348
6158
2630
951
105
1635
2260
3189
5540
7286
11542
15482
17439
17609
17753
19230
17494
13103
10678
8950
5656
-214
-3532
-3201
-4442
-6367
-7229
-6304
-5537
-5795
-4911
-4858
-6250
-7611
-9117
-11024
-14193
-15904
-16236
-18249
-20286
-19717
-16779
-14502
-13660
-11165
-7233
-4331
-2460
-719
1434
2414
2105
2173
1792
1862
2247
2779
3320
3702
6373
9126
10522
11235
12219
13131
12187
9948
8053
5508
1614
-2617
-5197
-6541
-8418
-9743
-9676
-8002
-5702
-4144
-2171
72
1173
1236
803
542
-449
-2451
-4493
-5662
-5806
-5760
-5103
-3552
-1795
349
2818
5081
7143
8025
8652
7945
7322
5926
4083
1544
-814
-1936
-1652
852
2334
4403
5876
9773
14691
16957
17260
17170
17989
16524
12352
9246
7431
4582
-267
-4215
-4190
-4092
-4862
-5204
-4532
-3372
-2990
-2271
-2145
-3535
-5329
-7289
-9534
-12552
-14999
-15554
-16899
-18854
-19059
-16683
-13805
-12328
-10569
-7489
-4505
-2600
-1302
97
1070
747
277
127
-14
509
1041
1735
3035
5240
8222
10676
11946
13870
14283
14029
12326
10431
8275
3880
-90
-3672
-5720
-7580
-9449
-9506
-8671
-7056
-5024
-3022
-305
964
1135
913
327
-490
-2730
-5158
-6817
-7585
-7620
-7473
-6012
-3999
-2314
272
2890
5660
7151
7613
8128
7610
6826
5024
3298
1331
-949
-2445
-3102
-1326
1697
3746
5619
7446
11946
16115
17127
16872
16467
16347
13525
9601
7241
5445
2570
-1462
-3529
-2709
-2189
-2158
-1910
-1353
-646
-400
-48
-1107
-3383
-5655
-8057
-10805
-13858
-15571
-16046
-17391
-18718
-17954
-15151
-12319
-10645
-8898
-6361
-3895
-2288
-1523
-764
-180
-420
-1046
-1630
-1129
264
1115
1665
2663
5982
9095
10926
12439
13397
15107
13714
11727
10239
8105
4219
-1024
-3610
-4997
-6989
-9072
-9654
-7762
-6519
-5823
-3139
-405
725
91
51
460
-872
-3255
-5442
-6468
-7501
-8329
-7350
-5798
-4330
-2297
305
3148
5337
7147
8364
8268
7705
7062
5844
3937
1368
-273
-1785
-3545
-3619
-2280
1277
3354
5364
7308
10577
14803
16081
15471
14333
13864
12336
8463
5401
4244
2640
-531
-3220
-2247
-581
-427
-617
-330
481
561
68
-1001
-3242
-5973
-8432
-11003
-13720
-15546
-15728
-16257
-17339
-16673
-13729
-10533
-8832
-7538
-5017
-2739
-1769
-1200
-488
70
-514
-1165
-1357
-795
471
1752
2319
3388
5160
8573
10531
11850
14752
14427
14564
11744
12250
11039
5485
1082
-2030
-3125
-7118
-9826
-8754
-8938
-9894
-9441
-5654
-2145
-3343
-2533
-610
-457
-2092
-3386
-3255
-5867
-8708
-8621
-7720
-7295
-6784
-4153
-1359
-604
2428
6475
7740
7451
7865
9128
7627
4939
4178
3079
143
-2467
-2389
-1932
-3202
-2003
3162
5704
6509
7692
12664
16166
14735
13703
13663
13128
9744
6319
5532
3757
1476
-147
-820
152
577
1632
2040
1203
1382
1459
637
-1800
-4610
-6469
-9236
-12025
-13799
-14848
-14923
-15503
-15368
-13900
-11727
-8823
-7171
-6360
-4895
-3171
-1968
-2546
-2712
-1968
-2234
-2921
-3135
-1566
240
812
1771
3629
5782
7650
8554
10201
11069
11584
11029
9794
9379
7814
5234
1972
-421
-1807
-3991
-6355
-7265
-7288
-7294
-7836
-6421
-4409
-3763
-3635
-2945
-1403
-1334
-2399
-2655
-2844
-3948
-5157
-5129
-4418
-4421
-3883
-2226
-41
1972
3736
5632
6734
7099
7745
7747
6963
5448
4232
2792
1045
-267
-951
-1779
-2548
-2608
-511
2839
4746
6331
6907
9840
12343
12877
11791
10816
10880
9087
5968
4453
4356
3759
1277
-186
1225
2229
2307
1763
1754
1531
447
-486
-1925
-4208
-6456
-8618
-10626
-12800
-13692
-13081
-13395
-14074
-13604
-11235
-8934
-8213
-7588
-6190
-4925
-4462
-4587
-4156
-3417
-3311
-3575
-3682
-2312
-229
908
1525
2608
4841
6702
7321
8060
9879
10240
9612
8187
8501
8070
5157
2591
601
-47
-2533
-4749
-5120
-5422
-6151
-6808
-5687
-3763
-3587
-3098
-2038
-790
-513
-1000
-624
-924
-2024
-2994
-3000
-2489
-2514
-2209
-916
407
2143
3574
4992
5957
6464
6868
6715
6157
5181
4157
2327
930
-190
-791
-2083
-2946
-3094
-3039
-2387
428
3170
5200
4710
6490
10222
11440
10482
8999
10281
9305
6178
4516
5178
5367
2888
1048
2679
3711
3537
3094
3061
2685
923
-96
-1348
-3647
-6325
-8549
-10501
-12768
-14093
-13395
-13389
-14165
-14312
-12530
-9964
-9064
-8737
-7744
-6379
-5608
-5762
-5440
-4285
-3614
-3672
-3807
-2230
229
1434
2209
3343
5482
6965
7443
8374
9209
9043
8445
8546
8175
7436
5486
4942
3131
1375
516
-471
-1706
-4080
-3972
-3570
-4452
-4678
-3740
-2493
-2936
-3056
-695
-112
-1124
-1776
-920
-782
-2485
-2503
-1466
-1501
-2071
-1123
1101
1678
1733
3275
4511
4574
4555
4972
5015
3218
2381
2014
939
-755
-1707
-1696
-2853
-3536
-3580
-2974
-2819
224
2699
4474
3788
5690
9948
10589
9579
8772
10405
9710
6893
6146
6941
6299
4275
2781
4000
3899
3631
3442
2393
1210
-26
-528
-2253
-5015
-6986
-8389
-10548
-12638
-13405
-12482
-12985
-13799
-13573
-12024
-9938
-9155
-8832
-7933
-6715
-5668
-5426
-5213
-3797
-2927
-2931
-3040
-1183
1408
2277
2579
3794
5687
7197
7444
8300
8766
8285
8056
8338
8030
7279
6106
5395
4228
2606
2263
1284
-404
-2731
-2995
-2875
-4169
-4934
-4402
-3672
-4119
-4347
-2245
-1028
-1849
-2196
-1158
-527
-1830
-2139
-1482
-1810
-2708
-2362
-708
5
-77
1226
2590
2949
3207
4194
4631
3695
2857
2844
2194
886
-242
-794
-1723
-2766
-2690
-2339
-2781
-2973
-2265
758
2872
4242
4288
5441
8870
10062
9749
8425
9568
10161
7696
5851
6678
7568
5658
2992
3959
4975
4185
2689
2106
1825
-260
-1677
-2543
-4369
-6849
-8415
-9563
-11386
-12906
-12154
-11565
-12612
-13403
-11884
-9390
-8947
-9388
-8259
-6601
-5923
-6051
-5562
-3738
-2757
-2636
-2397
-839
1613
2816
3044
3703
5459
6770
6618
6616
7338
7974
6731
6565
6432
7033
5938
4469
4524
3665
3008
1348
341
-547
-2073
-3056
-3937
-4133
-4110
-4717
-4233
-3939
-2745
-1864
-1716
-1094
-733
-471
-780
-902
-835
-1434
-2126
-2250
-1674
-1037
-937
-23
1288
2242
3017
3656
4197
4079
3342
2951
2354
1484
194
-806
-1336
-1977
-2452
-2678
-2530
-2119
-2311
-2309
-1839
1383
3436
4551
3696
5212
9338
10029
9423
8418
10145
10236
7377
6528
7719
7994
5506
3033
4270
4608
3892
2454
1275
726
-980
-1855
-3150
-5055
-6777
-8171
-9688
-11265
-11770
-11090
-11396
-12330
-12575
-11082
-9251
-8882
-8935
-8159
-6900
-5905
-5678
-5119
-3349
-2384
-2479
-2350
-331
2201
2745
2557
3494
5283
6060
5709
6318
6753
6184
5291
4913
5107
4964
5218
5058
4514
3714
4399
4435
2718
794
159
-800
-3407
-4754
-4268
-4505
-6439
-6599
-3931
-2374
-2921
-1970
308
999
-197
257
1579
592
-1692
-2148
-1313
-1870
-2541
-1640
-425
120
1164
3146
4513
4521
4630
4972
4259
3228
2445
1219
-708
-1931
-2061
-2545
-3252
-3111
-2151
-1800
-1711
-706
166
2647
3741
5398
4407
4707
8205
8607
7591
5790
7711
8606
5666
4863
6700
7503
4805
2761
4992
5142
3360
1663
1149
539
-1988
-2959
-3681
-5637
-7401
-8374
-9158
-10166
-10558
-9781
-10081
-10841
-10549
-9179
-8187
-8285
-8182
-7398
-6658
-5855
-5496
-5055
-3471
-2558
-2126
-1674
193
2598
2613
2329
3608
5334
5407
4438
5085
5650
4721
3755
4009
4717
3950
3512
3700
3788
3207
3242
3293
2136
903
418
0
-1486
-2581
-2685
-3059
-3979
-3811
-2362
-1851
-2057
-1182
147
604
400
974
1509
762
-9
253
471
-209
-667
-51
440
568
1136
2118
2553
2261
2477
2741
2388
1456
750
147
-520
-1179
-1564
-1931
-2346
-2327
-2176
-2128
-2010
-1643
-1689
-1742
-2223
-174
2113
3127
3153
2982
6981
8768
8622
8060
8995
10467
8074
6379
7278
7683
5678
2498
2870
3697
2504
1111
27
153
-1184
-2554
-3021
-4225
-5720
-7366
-8778
-9697
-10411
-10610
-10955
-11651
-11586
-10615
-9234
-8482
-8108
-7216
-5963
-4950
-4333
-3962
-2539
-1596
-1787
-1569
-320
1739
1969
1658
2744
4232
4806
4412
4992
5812
5088
4316
4523
5503
4869
3635
3622
4234
4055
2704
2634
2625
1532
-25
-412
-127
-1135
-2474
-2480
-1924
-2045
-2163
-1231
-503
-510
-61
875
1277
839
696
694
246
-157
22
-68
-618
-532
211
572
609
1329
2082
1849
1437
1716
1884
965
-115
-354
-680
-1485
-1875
-1891
-1999
-2551
-2292
-1820
-1731
-1771
-1684
-1436
-1678
-1815
-1285
881
2265
2938
2628
4548
8205
8898
8195
8159
10109
9924
7118
6512
7479
6412
3048
1446
2781
2415
550
-703
-695
-898
-2335
-2929
-3529
-4701
-6214
-7662
-8808
-9339
-9706
-10214
-11035
-11089
-10078
-9031
-8295
-7601
-6665
-5724
-4737
-3777
-3151
-2596
-1775
-1624
-1494
-835
607
1473
1077
1598
3177
4208
4231
4401
5304
5365
4618
4423
4777
4558
3375
3813
3725
3618
2729
2987
3853
2263
1773
1430
1663
401
-868
-414
-795
-1870
-2074
-1073
-537
-1425
-816
457
552
185
374
1062
223
-591
-367
-365
-1234
-1544
-1160
-1109
-1294
-546
120
-99
-71
753
1239
767
496
831
374
-550
-801
-622
-855
-1453
-1147
-790
-512
-555
-87
157
124
214
200
128
-516
300
1719
3121
3444
4092
6032
7842
8271
7692
8031
8481
7437
5230
4102
3753
2531
201
-801
-651
-961
-2244
-2951
-2574
-2760
-3435
-4314
-4815
-5362
-6246
-7090
-7805
-8202
-8210
-8370
-8331
-7758
-6682
-5635
-5063
-4306
-3263
-2170
-1562
-1378
-1161
-720
-389
-578
-678
-211
284
231
169
904
1831
1911
1723
2083
2727
2779
2321
2245
2451
2069
1524
1495
2102
2218
1687
2052
2657
3095
2736
2804
3309
2881
2332
2125
2318
1854
997
887
998
728
347
385
445
26
-152
-134
-353
-958
-1220
-1266
-1885
-2255
-2252
-2169
-2392
-2200
-1512
-1226
-1199
-682
-22
225
272
694
884
615
440
473
656
384
475
600
651
716
637
762
569
430
126
-167
-527
-737
-40
794
2175
2563
3824
5353
6331
6666
6143
6862
6513
5142
3656
2583
2330
843
-215
-665
-869
-1096
-1872
-1726
-1519
-1568
-2063
-2907
-3231
-3676
-4432
-5351
-6157
-6484
-6919
-7287
-7014
-6506
-5998
-5664
-5035
-4083
-3376
-2936
-2651
-2584
-2367
-2292
-2480
-2707
-2827
-2521
-2431
-2278
-1681
-1011
-312
402
1179
2032
2530
3150
3402
3519
3786
3974
3892
3579
4082
4380
4375
4336
4987
5269
4582
4670
5061
4884
3715
3267
3383
2428
1465
1218
1067
-67
-899
-599
-698
-1415
-1687
-1448
-1770
-2316
-2143
-2016
-2573
-2936
-2580
-2403
-2552
-2291
-1721
-1516
-1315
-615
-118
-121
-1
476
591
402
395
456
177
28
225
331
145
-11
184
207
173
55
-94
-213
-378
-388
-88
640
1420
2147
3407
4732
5561
5561
6298
6719
6317
5290
4580
4033
2410
1271
733
184
-728
-1582
-1534
-1675
-1910
-1972
-2292
-2408
-2789
-3057
-3712
-4347
-4702
-5318
-5966
-6200
-6100
-6149
-6209
-5777
-5059
-4603
-4144
-3670
-3259
-2961
-2597
-2522
-2657
-2696
-2424
-2419
-2570
-2069
-1277
-832
-551
373
1812
2592
2808
3506
4325
4845
4478
4458
4768
4836
4414
4031
4230
4315
3922
3508
3733
3872
3477
2954
2843
2753
2222
1632
1241
719
74
-513
-857
-1237
-1531
-1748
-1921
-1922
-1801
-1672
-1822
-1795
-1562
-1443
-1492
-1342
-988
-812
-734
-356
54
170
160
345
539
430
384
277
240
73
40
-79
-280
-240
-293
-289
-420
-231
-247
-488
-391
-393
-296
-574
-580
-335
-268
356
720
1319
2035
2819
3701
3948
4475
4946
4939
4798
4202
3755
2975
2278
1720
809
97
-500
-929
-1355
-1623
-1683
-2011
-2371
-2417
-2400
-2691
-3132
-3510
-3847
-4186
-4450
-4661
-5052
-5092
-4924
-4736
-4507
-4234
-3768
-3526
-3108
-2557
-2327
-2090
-1778
-1369
-1159
-1046
-623
-551
-447
-69
363
541
652
1254
1748
1913
2295
2816
3001
2980
3214
3577
3347
3146
3268
3196
2887
2527
2591
2413
2015
1901
1756
1603
1332
1308
1286
926
738
651
524
298
154
92
-212
-448
-406
-490
-767
-945
-812
-816
-900
-703
-402
-283
-201
123
349
281
269
376
373
175
32
26
-122
-212
-257
-263
-287
-363
-226
-173
-77
-60
-30
-39
-90
-77
-85
-131
-215
67
237
454
646
1148
1471
1383
1570
1697
1574
1072
783
566
-5
-418
-557
-746
-978
-948
-727
-709
-586
-256
-157
-276
-197
-131
-463
-838
-942
-1134
-1625
-1900
-1950
-2032
-2212
-2132
-1985
-1858
-1705
-1536
-1334
-1237
-1088
-1143
-1204
-1226
-1307
-1417
-1591
-1620
-1574
-1487
-1347
-1162
-818
-397
-124
176
583
949
1051
1083
1318
1435
1287
1201
1340
1442
1376
1394
1657
1800
1853
1969
2116
2147
1997
1926
1808
1596
1349
1108
927
715
561
417
316
290
234
190
165
203
145
49
49
29
-54
-164
-140
-97
-103
-63
33
167
229
251
292
304
243
89
-67
-183
-325
-493
-623
-677
-675
-674
-674
-596
-475
-387
-399
-378
-278
-295
-391
-439
-386
-413
-514
-473
-367
-294
-265
-138
47
152
252
343
447
532
519
510
523
550
507
397
423
453
397
344
361
426
339
269
311
255
155
15
-45
-166
-365
-479
-671
-775
-893
-1045
-1143
-1183
-1155
-1289
-1325
-1195
-1194
-1268
-1214
-1079
-1112
-1148
-1017
-922
-937
-829
-665
-594
-457
-276
-134
-36
132
281
308
436
529
529
570
639
651
605
664
681
607
627
668
618
560
603
589
523
521
532
482
428
441
389
353
338
284
267
271
275
238
290
354
326
380
457
476
452
511
554
488
480
488
428
355
344
299
197
160
158
101
32
49
70
25
0
22
46
-5
-36
-22
-28
-72
-123
-101
-99
-137
-157
-131
-100
-131
-128
-78
-50
-76
-76
-10
-7
-39
-32
7
-5
-55
-30
-29
-66
-78
-72
-80
-124
-118
-130
-193
-226
-251
-300
-368
-408
-440
-498
-534
-569
-622
-641
-672
-713
-730
-715
-713
-718
-657
-586
-563
-487
-376
-319
-291
-218
-141
-148
-142
-95
-84
-91
-79
-43
-7
16
50
79
143
175
168
192
233
244
228
257
295
287
292
325
331
323
316
315
303
291
285
268
274
296
312
331
356
399
423
431
443
466
460
428
415
408
365
306
279
252
203
154
119
89
48
24
-10
-56
-88
-119
-175
-237
-262
-295
-337
-346
-320
-296
-255
-178
-95
-28
31
95
130
143
157
156
135
121
118
116
117
132
153
175
206
229
236
247
260
242
207
182
160
113
62
29
-6
-49
-81
-106
-137
-164
-187
-216
-263
-309
-352
-403
-462
-518
-564
-594
-614
-621
-601
-561
-518
-456
-370
-294
-234
-171
-111
-72
-54
-45
-34
-43
-42
-43
-49
-45
-35
-22
-17
-3
7
6
3
9
9
6
20
44
68
99
143
186
223
263
303
321
330
333
327
309
290
268
250
239
233
234
243
250
242
239
226
195
153
101
45
-13
-62
-113
-153
-171
-170
-175
-185
-169
-146
-147
-164
-167
-170
-187
-208
-213
-208
-198
-180
-145
-103
-61
-16
30
83
131
164
195
232
261
278
290
306
319
318
309
302
292
267
241
216
192
162
135
111
85
64
45
26
11
1
-8
-19
-30
-41
-53
-64
-81
-100
-124
-159
-200
-241
-276
-312
-345
-367
-377
-380
-367
-339
-303
-264
-217
-174
-144
-118
-98
-85
-81
-82
-77
-69
-62
-49
-30
-8
8
26
52
80
105
120
140
163
183
195
199
207
210
204
195
189
180
177
176
177
184
199
209
216
214
202
176
135
81
18
-48
-115
-179
-228
-264
-283
-291
-285
-265
-239
-212
-193
-180
-170
-170
-181
-197
-209
-217
-223
-223
-201
-171
-138
-103
-61
-21
13
43
69
90
104
117
133
150
169
189
209
236
264
275
289
304
308
308
303
295
281
261
243
234
216
190
171
162
146
123
102
89
78
61
44
31
20
11
-5
-21
-44
-62
-82
-102
-124
-155
-176
-187
-196
-216
-243
-259
-267
-281
-305
-323
-319
-302
-293
-271
-235
-181
-132
-91
-35
15
56
81
104
128
134
126
118
111
107
95
84
82
86
93
94
100
108
119
121
119
121
117
115
110
102
97
92
83
73
62
52
33
12
-12
-40
-70
-106
-144
-171
-194
-222
-252
-270
-272
-271
-280
-283
-269
-249
-233
-222
-205
-175
-152
-135
-119
-97
-77
-59
-44
-29
-9
8
28
47
71
98
120
146
177
209
231
249
275
298
305
307
308
314
315
310
303
296
291
280
265
249
231
208
183
161
133
110
85
56
29
11
-4
-23
-40
-47
-49
-55
-64
-70
-73
-75
-81
-83
-86
-85
-86
-88
-86
-88
-86
-88
-90
-91
-93
-94
-104
-113
-115
-114
-122
-131
-131
-126
-123
-122
-115
-106
-105
-96
-80
-70
-65
-63
-49
-34
-34
-35
-33
-26
-25
-29
-31
-28
-28
-29
-28
-25
-23
-28
-29
-27
-33
-44
-50
-49
-50
-61
-75
-74
-70
-76
-85
-85
-78
-74
-71
-70
-62
-56
-50
-40
-34
-23
-7
3
7
19
36
45
54
60
73
88
95
104
114
132
146
154
164
178
192
200
212
223
228
229
230
237
244
236
226
223
222
221
211
198
188
179
168
152
135
120
106
91
74
54
39
22
4
-14
-32
-44
-61
-76
-86
-96
-112
-127
-139
-145
-150
-165
-186
-197
-196
-205
-223
-239
-246
-248
-260
-275
-280
-279
-281
-285
-289
-286
-283
-284
-280
-271
-268
-262
-249
-232
-212
-204
-186
-163
-136
-113
-102
-82
-57
-31
-16
3
28
52
70
86
109
131
145
157
175
191
203
204
211
222
225
218
218
219
212
206
199
193
180
167
160
148
133
116
106
97
88
73
58
52
40
28
20
12
4
-3
-1
-5
-8
-11
-8
0
1
4
13
27
43
52
61
82
106
118
125
144
163
173
174
179
190
191
180
165
159
148
121
90
64
43
11
-22
-52
-82
-112
-142
-163
-179
-194
-216
-226
-228
-228
-230
-229
-225
-217
-210
-200
-193
-185
-175
-164
-160
-154
-147
-141
-140
-138
-135
-134
-129
-125
-116
-114
-115
-113
-103
-95
-89
-81
-74
-66
-55
-43
-31
-16
-3
12
27
43
54
68
82
96
107
115
126
132
134
138
143
144
142
140
141
133
127
128
120
112
98
90
86
74
60
48
47
42
28
16
16
15
8
2
1
4
-2
-5
-10
-5
-6
-10
-8
-9
-6
-3
-2
2
10
15
20
23
29
33
41
43
42
46
51
55
50
44
44
47
45
32
27
28
21
11
0
-5
-11
-22
-30
-36
-39
-46
-52
-54
-54
-56
-58
-55
-53
-53
-55
-52
-45
-42
-41
-40
-39
-38
-40
-40
-35
-31
-32
-35
-33
-29
-30
-37
-35
-36
-40
-45
-51
-51
-51
-50
-57
-59
-57
-66
-65
-66
-63
-71
-71
-64
-58
-56
-54
-47
-37
-26
-21
-8
6
19
27
41
54
62
75
83
93
99
103
108
110
111
114
110
98
100
94
83
71
62
61
55
45
32
30
27
13
8
8
4
-5
-8
-5
-7
-13
-15
-15
-14
-13
-12
-11
-13
-8
-4
-3
0
3
10
8
12
16
15
13
11
9
9
8
6
2
0
-1
-7
-13
-11
-13
-17
-24
-23
-25
-28
-28
-27
-26
-25
-24
-24
-23
-22
-21
-21
-20
-14
-18
-21
-19
-19
-23
-25
-23
-25
-30
-30
-24
-25
-23
-22
-22
-24
-27
-24
-24
-26
-29
-27
-18
-18
-21
-20
-13
-12
-12
-7
-1
5
4
5
9
12
15
17
21
24
27
30
32
36
37
40
41
39
46
44
41
42
40
35
32
32
35
30
20
18
27
26
12
8
11
14
2
-10
-10
-3
-6
-18
-17
-10
-4
-11
-15
-11
-6
-5
-11
-7
-4
-6
-10
-2
5
2
-2
-6
0
4
4
1
5
4
8
9
4
3
9
10
2
-1
1
5
-3
-8
-6
-2
-4
-9
-10
-6
-13
-20
-20
-16
-21
-27
-24
-21
-21
-24
-19
-19
-17
-12
-8
-7
-11
-9
-5
-7
-3
-6
-3
0
-2
-2
-6
-6
0
2
-1
-3
-2
5
-2
-9
-4
1
0
-6
-4
3
5
3
7
9
15
18
16
14
15
19
17
15
16
23
21
22
25
29
27
23
25
24
22
17
18
15
13
7
10
12
6
1
2
8
4
-6
-15
-9
-10
-18
-19
-14
-11
-19
-27
-22
-20
-24
-23
-24
-18
-18
-17
-16
-12
-9
-11
-10
-6
-4
-2
-1
-1
2
3
4
3
2
5
5
7
2
3
2
0
-1
-1
1
0
2
-1
2
3
3
4
5
7
9
11
4
8
11
10
13
10
13
15
10
8
10
10
9
5
4
5
3
3
3
5
0
1
-1
2
2
-1
-2
0
3
0
-4
-3
7
0
-9
-8
-6
-10
-16
-17
-12
-12
-12
-11
-6
-2
-3
-4
-2
1
0
1
3
1
0
-2
-3
0
0
5
3
2
0
2
0
-2
0
-1
-2
-5
1
5
-4
-5
3
6
3
1
3
3
4
-1
-1
2
3
-3
-4
1
2
-1
-3
2
3
0
0
4
3
-3
-2
3
7
-1
-4
5
8
2
-5
0
8
8
1
3
12
13
5
5
12
11
4
2
9
6
3
5
8
6
2
2
7
5
-3
-1
2
3
-5
-6
-1
-3
-7
-10
-5
-1
-4
-8
-7
-5
-4
-9
-9
-6
-7
-9
-10
-7
-6
-10
-12
-5
-2
-2
-7
-3
1
3
0
-3
2
4
0
4
3
1
-1
2
6
6
6
1
2
6
5
1
0
3
4
2
-1
-2
-1
2
1
1
-1
3
6
2
-2
0
6
2
-4
-1
2
1
-5
-5
5
3
-4
-4
5
2
-2
0
1
1
0
-2
-5
-4
-2
-1
0
-1
0
2
3
2
4
9
6
3
3
7
1
-3
3
9
4
-1
8
13
6
0
2
11
11
2
1
7
6
-2
-7
3
5
-2
-1
-1
5
1
-3
-2
2
-3
-5
-5
-2
2
-4
-6
-1
-1
-5
-8
-3
3
1
-9
-9
-4
-4
-8
-7
-4
-5
-9
-7
-4
-6
-9
-4
-4
-7
-10
-6
1
-1
-3
-2
3
1
3
1
0
3
4
2
3
1
0
5
3
1
-1
1
4
7
1
-2
1
5
2
-7
-4
2
5
-3
-10
-2
7
5
-4
-2
6
5
-2
1
7
9
9
4
4
8
7
5
6
10
9
6
7
10
13
9
3
3
5
6
2
4
12
14
8
7
11
13
10
8
10
8
9
9
10
13
8
5
2
5
8
3
-1
1
0
-2
-3
-5
-6
-7
-5
-8
-11
-11
-10
-8
-10
-9
-7
-9
-11
-12
-4
-6
-15
-20
-13
-11
-16
-13
-8
-10
-15
-11
-7
-5
-9
-8
0
3
-6
-12
-5
7
-1
-13
-9
4
8
1
-3
