SAMPLES:	15891
BITSPERSAMPLE:	16
CHANNELS:	1
SAMPLERATE:	16000
NORMALIZED:	FALSE
5
3
-9
-9
-7
-5
6
2
-4
0
0
1
5
-1
-5
-12
-9
2
2
4
4
-9
-4
-5
0
23
18
18
12
-5
8
10
-6
-10
-10
4
19
5
1
-8
-18
-4
-8
-6
8
12
19
11
-12
-16
-9
3
8
-5
-11
-18
-15
-13
-23
-22
-19
-15
-1
5
9
15
8
1
1
10
18
8
-13
-21
-22
-11
3
15
26
19
-4
-17
-19
-8
11
26
25
12
-3
-8
-6
6
18
8
2
-4
-2
3
2
7
7
9
2
-6
-10
-12
-2
3
-1
8
8
0
-18
-13
-2
12
27
17
3
-7
6
-1
-14
-8
4
17
15
9
7
-10
-21
-22
-24
-11
2
1
-6
-15
-15
-1
10
14
16
5
-11
-14
-19
-18
3
9
6
6
0
-12
-14
-6
3
-2
-8
-4
1
8
12
2
-2
-3
5
18
15
2
0
-3
-9
-7
-3
3
5
4
7
11
16
23
12
-3
4
11
10
4
-3
-2
-3
11
19
13
0
-12
-7
-3
-3
0
6
13
19
6
-8
-17
-22
-14
-2
4
5
2
3
-7
-30
-35
-35
-20
-1
10
13
10
4
0
0
6
13
5
-2
-4
-5
-4
-8
-2
0
10
8
-8
-1
8
8
0
-5
3
21
31
30
8
-17
-18
-5
7
0
-14
-14
-8
-5
-3
-7
-15
-18
-11
0
7
13
-1
-7
-9
-19
-10
1
10
15
4
-15
-30
-18
4
13
8
13
9
2
2
-4
-5
1
5
13
6
-2
-5
-5
-4
-2
2
18
46
42
11
-18
-36
-30
-1
14
8
3
-7
-18
-20
-16
1
17
30
34
12
-7
-2
-1
-3
-7
-16
-2
15
18
3
-17
-12
-1
4
10
3
-16
-20
-8
19
32
27
25
-2
-30
-36
-23
-2
9
4
-2
1
-4
-7
-1
4
1
-6
5
13
17
13
5
5
1
8
10
-7
-11
-14
-14
-5
7
9
1
-9
-8
5
24
28
20
1
-14
-9
-6
3
0
-18
-26
-18
-6
10
15
15
12
3
-3
0
10
9
-1
6
10
14
16
-2
-9
-11
-27
-31
-8
3
4
0
-12
-4
0
12
20
14
6
-11
-5
-2
-8
7
4
-3
-3
-14
-11
2
9
20
24
9
1
-9
-29
-34
-20
-1
11
9
3
1
-9
-9
-2
0
7
5
-6
-12
-6
18
33
22
-2
-19
-34
-34
-14
6
10
-1
-10
-14
-8
7
22
28
9
-13
-7
3
16
16
2
-2
-20
-17
-4
8
19
11
-4
-10
-16
-20
-10
-1
0
2
6
12
16
3
-6
-3
5
5
-1
3
13
5
-4
-4
0
1
1
3
2
0
3
4
10
11
1
-19
-21
-12
3
10
13
22
15
2
-6
-13
-15
-9
-4
10
19
18
13
-4
-9
-17
-17
-3
5
10
4
-2
-2
1
3
1
-5
-1
3
-1
-1
-8
-13
-1
6
3
-5
-25
-23
0
17
24
10
-6
-15
-11
5
20
26
29
15
-5
-17
-22
-6
11
18
10
-9
-11
-1
9
14
12
10
6
-8
-19
-8
2
5
3
-7
-12
-10
1
2
-2
-2
-8
-4
6
9
10
7
5
0
-2
-4
3
9
-3
-19
-11
9
10
4
-8
-16
-13
-6
7
19
21
19
15
-3
-23
-29
-24
-9
3
11
7
2
-3
-7
-5
-1
4
12
1
-12
-8
-2
13
16
8
2
-2
-7
-10
0
10
6
-3
-7
-3
3
-2
-4
-10
-17
-10
-15
-15
5
7
-5
-9
-8
-4
2
7
3
-5
-12
-8
7
24
28
12
-7
-12
-6
-3
0
9
-1
-11
-9
-14
-2
17
22
19
30
36
33
24
0
-6
-8
-16
-1
2
0
-2
-4
-1
-7
0
7
8
6
-2
-4
-10
-8
-9
-22
-18
-2
4
4
11
5
-7
-9
-4
-3
-11
-12
-3
0
9
4
-4
1
-5
4
12
9
16
11
4
-1
-4
-1
21
27
6
-5
-13
-2
5
7
13
11
1
-6
-4
3
6
6
4
-5
-5
-14
-10
4
9
6
-2
-7
-16
-1
14
23
24
6
-7
-24
-32
-23
-14
3
13
13
6
-7
-29
-38
-17
9
34
24
10
-3
-15
2
12
15
11
-7
-14
-13
-11
1
-3
-9
-4
4
15
15
4
1
-9
-16
-3
-5
-7
4
6
4
1
-1
-1
-6
-9
-3
3
1
-12
-11
-5
3
14
12
5
-10
-15
-21
-17
-3
4
23
24
11
1
-11
-12
-4
12
24
29
14
-7
-28
-33
-8
1
-1
-10
-17
-9
-8
-15
-19
-13
2
38
51
41
28
-4
-28
-39
-28
-3
19
20
6
-10
-14
-10
-12
-6
7
25
28
21
11
-6
-8
0
5
7
14
24
16
2
-8
-12
-10
4
11
1
0
-4
2
4
0
-4
-11
-8
-14
-16
-3
0
18
20
3
-14
-24
-10
6
14
13
11
10
3
-7
-14
-10
-3
1
13
19
6
-14
-24
-13
4
19
23
16
12
3
-3
-14
-18
-8
-6
-4
6
6
2
-2
-19
-25
-15
1
21
24
3
-14
-21
-18
-4
12
21
11
-10
-16
-16
-13
7
14
20
13
0
-2
-3
6
11
13
7
7
7
2
-3
-4
-11
-12
-5
0
3
8
4
-3
1
10
22
14
-9
-16
-14
-7
7
-2
-11
-15
-17
-9
-4
-2
-13
-15
-2
2
12
15
9
1
-2
7
6
8
5
-7
-16
-11
1
8
14
3
-10
-4
0
7
21
20
6
-8
-12
-8
-2
15
18
6
1
-5
7
18
6
-1
-3
-6
0
2
-3
-12
-19
-12
-5
0
7
10
10
12
7
-2
-3
7
15
3
-13
-6
3
20
16
3
-5
-33
-27
-7
7
21
17
14
4
-11
-17
-1
18
23
16
2
-2
3
14
12
-7
-26
-23
-7
3
-3
-6
-5
-5
0
-8
-11
-6
-2
0
0
-2
-8
-15
-15
-10
4
12
12
14
-6
-24
-23
-2
22
26
16
7
-2
-9
-5
3
7
-1
-1
0
-5
-4
4
9
9
12
6
1
-6
-13
-10
-13
-9
-1
-2
-4
-9
-11
-7
0
9
16
13
8
-2
-12
-2
4
7
3
-4
-11
-17
-13
-12
-15
-11
-1
0
1
-2
-1
14
12
5
2
3
5
0
-6
-11
-7
3
17
12
-2
-12
-15
-1
2
10
22
16
-1
-13
-8
0
5
7
2
2
10
11
3
0
-5
-9
-5
5
13
16
23
8
0
1
0
7
5
3
0
-4
-2
-8
-20
-20
-15
-1
10
19
3
-21
-21
-11
7
27
36
23
7
-11
-16
5
12
-9
-15
-7
7
21
28
18
-6
-30
-33
-23
-8
23
37
29
0
-31
-39
-12
12
24
14
0
1
0
3
9
6
5
7
-5
-7
-2
-2
1
-2
-9
-1
-2
4
6
11
16
12
12
16
15
3
-4
-14
-10
-3
-16
-15
-8
1
2
-1
-3
-9
1
-1
-5
4
6
2
-6
-4
-2
-15
-11
-5
-2
-3
-14
-14
-11
-4
-4
-20
-23
-11
13
21
16
12
-1
-15
-20
-21
-6
9
3
-7
-5
-2
0
11
8
2
0
4
8
9
14
16
15
6
-1
2
3
1
-3
-9
3
14
17
15
3
-9
-11
-1
12
22
13
4
1
-7
-12
-10
1
3
1
4
-5
-5
-6
-4
6
15
17
22
26
9
-19
-25
-13
2
9
9
0
-20
-22
-21
-7
8
8
11
6
3
4
0
5
9
2
-3
-8
-10
-10
-4
-1
5
3
1
0
-10
-5
-2
1
6
2
-2
9
9
-5
-7
1
11
4
-9
-9
-5
6
10
3
-1
-6
-4
1
9
8
1
-3
-7
-2
7
12
-7
-19
-21
-25
-20
-5
14
28
22
11
10
9
4
4
4
-6
-10
-4
3
6
9
-2
-9
-6
-3
-7
-17
-20
-7
9
25
20
1
-4
-11
-8
-5
3
6
3
3
-15
-18
-8
-4
5
3
-1
-2
1
14
11
9
1
0
0
-4
-2
-3
-3
1
-1
-21
-21
-3
9
8
-7
-9
-3
10
12
3
-2
-5
-4
-2
-7
-21
-17
-8
11
22
21
20
9
0
-13
-12
-1
21
29
13
-8
-24
-18
-10
-1
6
10
9
6
7
12
3
-10
-7
-3
1
3
6
2
-10
-9
-8
-5
-1
10
15
4
2
2
9
6
-5
-9
-4
4
14
9
-4
-16
-25
-24
-4
8
15
13
10
9
5
18
19
4
-11
-14
-4
0
6
-1
-9
0
12
17
21
12
-14
-22
-22
-18
-2
7
12
9
6
3
0
6
4
-7
-12
-10
0
7
12
18
5
-15
-24
-20
-7
4
2
3
13
13
4
0
0
1
5
13
19
14
4
0
-6
-7
-7
-5
-5
-5
0
-2
-3
1
3
-5
-3
-1
-3
-2
-7
-5
-5
-12
-11
-2
1
-11
-14
-15
-3
6
-5
-6
-8
-6
4
-2
1
3
2
5
0
-4
-5
4
17
12
0
-13
-19
-3
14
18
18
13
-8
-22
-21
-5
23
33
23
-1
-14
-18
-16
4
11
13
12
10
12
11
1
5
7
1
0
-9
-7
3
4
5
1
0
1
-7
-4
2
10
9
0
-3
-6
-6
-2
2
6
0
-7
3
9
3
-10
-23
-16
4
15
17
13
7
-4
-14
-22
-24
-10
13
23
17
-5
-15
-8
3
15
3
-14
-14
-2
5
2
4
-7
-17
-20
-15
-4
15
25
9
-10
-24
-24
1
22
21
18
13
13
8
-4
-15
-20
-13
-2
-1
-5
-5
-6
-6
-3
7
7
1
2
-8
-3
0
-1
1
6
10
2
-6
-5
1
7
7
-3
-5
-6
4
10
9
-9
-31
-18
9
21
15
8
0
-4
-3
-4
2
12
17
9
-1
1
5
4
2
5
3
1
-2
0
-6
-13
-3
-1
0
-4
-5
1
3
-5
-10
1
8
15
7
-7
-21
-10
15
27
17
4
-2
-14
-8
-12
-13
-9
-4
-5
-15
-6
-4
5
11
16
18
21
18
2
-3
-12
-8
2
3
2
-3
-13
-20
-7
8
13
18
9
2
-4
-14
-8
2
7
6
-1
-9
-2
2
16
12
-10
-19
-25
-19
-16
-13
-6
7
18
22
12
-3
-13
-17
-6
15
30
31
12
-18
-20
-9
2
11
-1
-15
-14
-8
5
12
15
7
-12
-19
-16
-1
35
42
18
1
-18
-17
-12
-3
4
1
7
11
4
-1
-2
-8
-16
-7
15
21
29
21
6
-7
-13
-9
-6
-7
-4
5
3
1
-3
-14
-14
-3
6
17
21
12
-9
-19
-19
-7
16
14
6
-9
-14
-3
8
13
-1
2
-8
-21
-15
-11
-1
9
12
9
14
18
12
-4
-13
-16
-16
4
11
-4
-12
-16
-14
-1
11
9
8
-5
-13
1
16
38
29
9
-4
-18
-11
-5
10
22
6
-16
-28
-23
-6
13
13
0
-13
-15
0
16
25
24
6
0
3
0
10
6
-8
-27
-43
-30
-14
4
18
13
5
-6
-14
-10
-5
2
8
10
9
-2
-19
-24
-21
-6
14
20
14
3
-5
3
5
10
7
-6
-4
-1
11
14
2
-3
-10
-16
-16
-17
-22
-5
15
25
21
15
4
-4
3
11
10
-3
-3
6
8
-8
-26
-27
-10
3
8
5
-1
-2
-3
-9
-9
3
21
21
0
-13
-12
-8
-6
0
2
11
20
13
-1
-1
9
6
-5
1
7
18
25
16
-4
-20
-14
-4
5
7
12
17
20
22
7
-8
-15
-17
-1
13
17
11
-1
-17
-30
-24
0
7
3
-9
-16
-3
4
10
2
-7
-9
-8
7
17
14
5
-17
-28
-25
-19
-2
9
24
28
16
-3
-11
-14
-13
-11
-14
2
8
10
13
0
-1
-5
3
3
-2
4
-4
-5
7
3
-4
-11
-5
-3
-9
-1
0
-4
-11
-15
-12
2
16
17
15
3
-4
0
6
1
-3
-10
-15
-1
7
14
18
-4
-21
-27
-14
-1
9
22
19
11
1
-9
-5
-6
4
18
16
17
9
-4
-16
-17
-4
-7
-8
-3
-2
-9
-15
-9
-1
18
27
22
15
1
-3
4
5
8
7
2
-2
-5
-13
-9
-1
8
10
-5
-8
-19
-18
-4
9
16
12
6
-20
-31
-19
-3
4
-1
5
14
7
-6
-9
-2
8
12
15
13
0
3
5
-7
-10
-5
-3
12
14
5
9
3
8
5
-4
2
9
16
21
9
0
-10
-11
-9
-14
-3
-1
-7
6
2
-4
-5
-8
-2
7
15
24
20
11
-7
-24
-22
-13
0
6
8
2
-5
-10
-11
-8
4
13
7
6
5
-3
-9
-2
1
2
-3
-3
-1
-10
-14
-8
5
23
21
6
0
-12
-5
1
0
5
2
-6
-15
-14
-5
7
7
-1
-4
-18
-18
-2
11
34
40
20
2
-13
-33
-35
-10
9
13
1
-16
-20
-19
-7
-7
-10
0
2
1
0
0
1
7
12
10
0
8
13
8
2
-19
-21
-16
-15
-4
4
13
10
-10
-11
-5
-4
13
26
27
12
3
-1
-9
-10
2
6
0
-1
-4
3
5
3
-3
-7
-8
-12
-7
4
18
20
9
2
-5
-8
-12
-11
-7
8
22
23
8
-7
-4
1
7
9
3
-8
-11
-8
1
6
15
18
8
-5
-12
-7
5
15
11
6
11
5
6
20
12
2
-10
-8
-1
-1
-3
-19
-17
-8
-5
-2
10
17
14
11
1
-10
-13
-5
1
9
17
9
0
-12
-17
-15
-9
13
25
26
10
-6
-17
-23
-13
-6
-5
1
9
15
14
-3
-16
-20
-29
-19
8
21
31
21
1
-7
-26
-25
-7
10
19
-2
-20
-24
-17
-1
-3
-13
-1
0
0
3
0
-7
-13
4
24
17
8
-19
-36
-18
-9
9
19
19
9
-16
-13
6
16
22
20
10
1
-12
-3
7
-1
-2
-11
-6
7
13
15
13
9
-3
-12
-6
-6
1
6
4
2
-7
-11
-7
-3
-3
-7
-14
-17
-3
2
1
9
13
19
18
3
-10
-14
-3
12
18
17
-3
-22
-29
-23
-5
15
30
24
7
-1
12
13
5
4
0
-5
-6
3
13
6
-6
-16
-23
-7
11
15
12
9
9
5
2
9
11
15
22
14
6
6
-5
-5
-7
-6
-7
-17
-2
-3
-9
-17
-21
-3
8
11
14
9
1
2
0
-4
-6
-10
-1
5
3
-5
-13
-6
2
1
0
4
11
4
-9
-15
-7
-3
-5
-1
-5
-11
-14
-8
7
6
6
2
-16
-14
-10
1
25
22
4
-14
-20
-10
-8
-4
8
5
-5
-12
-7
0
-7
-2
13
13
8
4
-2
-14
-11
0
8
12
12
6
-8
-8
-3
-7
5
8
1
1
-2
5
18
22
16
-3
-16
2
9
7
3
-17
-20
-20
-7
1
-5
-12
-20
-18
-8
0
16
25
17
8
1
1
10
21
21
10
2
-10
-17
-6
-4
-6
6
23
36
23
9
-6
-18
-7
-12
-12
-6
-6
-3
-10
-8
-6
3
2
-3
5
8
27
29
19
8
-1
-1
4
13
15
-1
-24
-33
-31
-27
-20
-10
-5
-3
14
18
4
2
1
9
6
12
20
12
5
-6
-12
-14
0
14
19
18
4
-4
-15
-11
0
0
1
5
4
2
-1
-2
0
-3
3
0
6
23
19
10
-3
-11
-11
-6
-4
-6
-10
-14
-2
7
15
1
-22
-30
-28
-8
17
24
15
-10
-31
-34
-20
4
16
13
4
-8
-3
9
16
15
-3
-16
-9
-3
4
3
-1
2
-5
-17
-23
-22
-8
-4
6
16
7
-1
-3
1
9
10
16
10
-5
-7
-10
-7
1
14
18
19
5
-4
-4
-3
11
20
7
-4
-9
-16
-1
5
-1
-4
-8
-4
1
1
4
9
-1
1
0
-2
2
13
16
6
12
20
25
15
3
1
-7
-6
11
15
12
-2
-15
-19
-20
-20
-11
0
12
11
0
-1
-1
3
13
1
2
1
-4
8
4
6
6
-8
0
0
-2
2
7
1
1
5
-16
-19
-17
-9
0
2
-1
-18
-33
-35
-23
4
19
11
1
-9
-9
-1
12
33
40
27
3
-18
-27
-16
-8
-8
-9
-10
3
10
10
0
-10
-8
4
25
30
16
8
-7
-22
-26
-35
-17
5
13
20
11
-3
-17
-14
-5
6
7
9
17
16
7
-1
7
5
-1
-4
-12
4
23
28
12
-7
-15
-25
-17
-6
10
31
29
-3
-34
-37
-25
-5
12
11
10
3
-4
-14
-10
4
15
18
9
-5
-13
-4
-1
-4
-23
-31
-20
-14
1
-2
-8
2
1
10
14
18
15
-4
-12
-10
2
19
21
7
-6
-20
-22
-10
4
17
27
18
11
14
6
7
5
-9
-1
15
14
13
-1
-18
-14
3
16
18
11
-2
-19
-16
-6
8
12
10
3
-10
-14
-16
-7
-6
-3
0
-4
-12
-15
-3
-1
8
23
26
24
23
10
-3
-8
-8
-3
-3
-6
2
12
3
-2
-12
-19
-3
-2
2
7
14
20
9
3
1
5
5
8
-1
-24
-16
-6
1
5
-3
-16
-16
-1
10
11
6
-7
-18
-22
-12
1
13
18
4
-12
-21
-16
0
12
11
3
-2
-15
-19
-16
-16
-1
3
4
8
4
2
-2
-1
8
11
13
14
5
1
-7
-12
-3
6
11
-4
-11
-6
0
-1
-3
0
-6
-3
-1
-3
9
22
27
21
1
-12
-9
4
15
14
4
-9
-20
-23
-16
-13
-5
5
-1
-2
4
19
19
0
-5
-1
5
12
6
6
6
-1
-12
-10
-6
-2
0
-7
-6
-3
2
10
1
-6
-3
2
1
-8
-1
3
-4
0
-3
-4
3
-2
-3
7
24
20
10
-5
-16
-6
3
5
-2
-1
0
0
-13
-13
17
37
21
2
-13
-22
-12
-1
14
25
21
9
-6
-14
-16
-12
-3
9
12
-1
-13
-19
-16
-3
12
21
22
12
-5
-15
-16
3
32
36
14
-6
-17
-14
-7
-2
4
1
-4
-1
-11
-17
-8
-5
0
0
9
24
21
12
-4
-26
-41
-32
-11
3
1
-8
-5
3
15
20
13
2
-10
-5
-3
-5
1
-2
-3
-6
-10
3
11
2
-8
-20
-13
3
14
26
17
1
-4
-8
2
13
4
-9
-15
-11
6
3
-3
1
1
10
8
9
11
6
4
-6
-8
3
12
7
-2
-15
-22
-14
-1
4
13
24
12
-9
-24
-28
-18
-2
16
25
11
2
-8
-6
-1
-3
4
8
16
21
10
-2
-16
-17
-5
-5
-8
-8
0
14
20
15
14
1
-7
-5
-16
-8
3
-5
-5
-4
-11
-4
-3
-1
2
-5
-4
-1
0
-1
-3
-2
-4
-8
-10
-5
3
11
13
7
0
5
-3
-8
1
7
10
13
19
6
-11
-2
-1
5
13
2
-9
-23
-25
-8
11
31
35
11
-7
-16
-17
0
2
9
19
19
5
-11
-17
-14
-7
0
20
33
20
9
2
-6
-10
-13
-3
14
13
10
-2
-16
-22
-21
-8
-8
-6
0
11
24
15
0
-14
-21
-18
-5
0
0
-1
-10
-5
-12
-6
12
3
-3
-16
-19
-1
15
24
16
-3
-9
-13
-11
4
17
24
23
10
-10
-29
-38
-17
8
13
8
8
12
8
2
-4
-6
2
13
23
13
-4
-1
-1
-2
9
3
-12
-11
-3
1
11
7
-10
-18
-12
-6
-7
-6
6
11
10
1
-9
-4
6
16
3
-8
-9
-7
3
15
20
13
1
-1
-3
-11
-12
-8
-6
-7
-13
-18
-7
-10
-9
9
18
35
42
28
9
-3
-11
-10
-11
-14
-13
-14
-11
-4
-9
-15
-15
-6
-1
2
13
18
10
2
-1
-4
6
21
21
4
-9
-15
-12
4
5
-3
-8
-3
14
20
12
0
0
1
2
9
9
3
-2
-1
4
5
2
2
-2
-8
-11
-12
3
29
34
28
14
-5
-16
-18
-8
4
7
-1
-11
-17
-7
0
0
9
4
-5
-13
-16
-22
-26
-19
-6
9
15
14
3
-15
-13
-7
1
11
9
12
14
14
15
6
-4
-12
-5
2
4
1
-4
-11
-5
-3
-4
10
3
-3
-3
0
16
11
-8
-15
-22
-20
-11
-3
4
12
15
18
15
11
11
-1
-11
-6
-1
0
0
-1
-9
-17
-20
-12
-5
-3
4
5
-3
-11
-9
0
12
16
8
2
4
17
27
16
-4
-7
0
7
3
-2
-8
-17
-11
-10
-8
-5
-13
-6
9
11
10
8
-1
-4
3
8
17
21
1
-9
-16
-12
-1
0
2
0
1
-2
-8
-6
-2
7
10
-3
-8
1
3
13
15
8
6
3
1
4
6
1
-4
-10
-16
-12
-4
3
11
6
-4
-10
-5
13
29
18
1
-9
-17
-1
17
26
20
1
-7
-8
0
6
4
-2
-5
-6
-9
-8
-11
-4
-14
-16
-6
-3
1
0
1
-3
-4
8
13
16
14
8
6
2
-2
-1
0
-6
4
5
7
13
17
20
19
24
23
28
23
7
8
11
5
-6
-9
-13
-16
-6
-18
-39
-99
-25
4
-74
-57
-62
-19
-31
-39
2
-41
10
46
1
1
-27
27
45
34
90
62
49
38
32
24
-3
28
31
26
26
8
-6
-34
-59
-55
-35
-35
-26
2
-11
-48
-52
-39
-37
-19
-20
4
22
-7
-4
-26
-20
-3
0
-12
-17
11
12
7
42
22
13
11
5
46
49
40
40
52
28
-6
37
10
1
6
-31
17
-6
-15
-37
-35
-16
-59
-22
-13
29
-56
-43
10
-49
-24
17
41
-51
21
7
-54
67
28
29
54
45
0
-37
26
9
33
51
68
14
-40
102
-15
-76
86
44
-53
-22
40
-4
-59
-6
8
-66
-54
-14
38
-83
10
64
-76
0
72
4
-82
98
92
-18
-5
65
70
19
31
59
-45
63
81
-119
-36
82
66
-360
52
249
-277
-76
13
90
-126
-67
58
-139
35
-72
11
53
-172
101
44
-108
34
-3
-62
75
-1
-54
206
-18
-137
67
87
-38
28
106
55
71
-7
70
35
-47
48
97
-60
-39
58
74
-161
4
51
-73
-78
-281
132
-110
-117
-143
-109
80
-231
-50
-28
-41
21
19
77
32
89
94
111
35
35
344
11
-32
230
96
-93
-60
139
91
-116
-106
144
-19
-208
-5
82
-192
-53
46
-82
-23
-40
-63
23
-2
-109
68
-74
1
-8
-57
-4
-11
83
-156
10
67
50
16
-32
117
44
-52
68
80
67
70
53
108
25
21
44
49
-7
-19
-6
6
-75
-51
7
-125
-33
16
-151
-42
79
62
1
-73
39
-9
41
-54
-5
77
-72
46
6
-2
-1
1
-13
-24
103
-4
5
10
24
102
8
-33
45
44
-86
-43
111
-16
-52
-102
-21
87
-245
-1
67
-125
6
-2
5
-16
-46
-72
80
72
-82
10
68
35
51
-97
-26
148
-6
-53
135
124
-24
-33
77
41
-85
135
37
-104
-24
26
-42
-92
73
33
-158
15
62
-57
-125
-21
85
-98
29
-80
-33
8
-111
56
16
-57
-52
-14
-19
40
-102
-111
180
30
-106
109
79
3
-11
41
151
69
-15
-7
137
31
-41
158
-37
-16
36
-56
27
-18
-33
-95
17
-10
-138
6
16
-55
-93
-17
97
-5
-114
75
23
-166
102
98
-51
-72
30
114
-74
-31
-27
-7
30
-8
-2
30
40
-62
53
-18
38
69
-2
41
27
4
-1
47
-13
20
57
-45
-25
1
-68
13
17
16
-16
-54
-4
66
-37
-103
125
15
-58
3
31
14
-22
48
0
-64
49
53
-61
-32
2
8
14
61
-61
33
34
-60
5
-33
14
76
-35
-25
73
-86
-15
20
-45
64
-23
-73
-1
16
30
33
-12
-30
37
25
-66
-35
8
55
-37
-29
63
-86
1
38
-15
54
10
-27
64
23
-84
30
75
26
-45
-27
76
-11
-98
49
41
-37
-31
45
-29
-60
6
101
25
-42
17
-10
59
-25
-66
25
34
-96
-10
40
-48
-4
-57
-52
38
-39
-13
-64
-60
74
-27
-18
27
-33
12
12
-102
61
117
-83
6
86
72
-99
65
77
-19
31
50
138
-21
4
142
13
-75
65
7
72
-28
-89
93
-25
-102
-34
-25
-114
-9
-49
-104
-56
-87
11
-3
-109
-89
-60
76
-48
-121
78
7
5
36
48
-19
70
124
5
29
84
105
37
-3
162
22
-79
143
52
-2
-2
68
-2
-69
57
7
-63
-36
-18
-68
-37
0
-72
-42
-64
-66
16
-82
-48
-50
-31
-26
33
-6
-70
72
24
41
33
16
38
54
44
64
45
49
65
17
-14
54
67
-35
33
99
51
-70
-60
8
-18
-19
-4
-22
-91
34
-23
-71
37
34
-51
-48
66
3
-33
30
14
-41
28
29
3
-7
-3
8
20
-14
-13
57
-25
-7
-7
37
149
-60
-50
58
-6
36
-23
-34
41
-18
-42
26
-54
-124
30
17
-55
-45
3
-34
-80
41
13
-60
-49
-34
28
-56
-63
12
-91
-108
-11
21
-50
-49
-50
-69
-58
-101
-135
-116
-50
-143
-152
-41
-50
-212
-103
4
-93
-83
-18
20
-63
-36
127
37
-2
163
49
63
152
125
120
97
178
165
130
144
203
174
130
142
151
205
105
42
162
120
126
78
75
206
55
69
122
160
120
76
220
210
114
143
184
183
207
184
168
203
172
132
77
150
138
64
57
84
51
-71
-40
-17
-103
-143
-178
-182
-219
-294
-231
-277
-325
-292
-385
-337
-320
-325
-300
-335
-277
-300
-307
-266
-266
-208
-220
-223
-143
-179
-171
-137
-170
-126
-84
-110
-137
-95
-75
-133
-91
-51
-93
-111
-100
-36
-51
-87
-32
-106
-108
-77
-131
-88
-88
-74
-52
-159
-119
-103
-128
-32
-75
-60
-54
-9
35
8
71
193
214
181
320
368
378
458
546
603
643
724
764
788
889
914
877
980
825
805
766
807
701
528
540
393
294
1
12
-70
-253
-386
-440
-508
-675
-797
-829
-816
-902
-879
-858
-816
-788
-732
-685
-561
-413
-304
-190
-35
124
239
292
457
625
617
692
783
872
809
773
777
753
652
517
377
326
186
-83
-201
-302
-381
-698
-822
-827
-1021
-1211
-1244
-1228
-1332
-1363
-1389
-1326
-1312
-1246
-1113
-1087
-919
-818
-752
-609
-388
-290
-193
-28
119
211
277
460
553
615
633
754
816
837
887
900
955
962
958
957
981
982
1035
947
907
897
1002
958
739
765
1004
798
150
503
624
626
-119
-81
424
-133
-687
-689
-182
-584
-1005
-913
-683
-851
-1295
-1217
-969
-850
-911
-1046
-767
-579
-697
-722
-289
108
-15
-42
344
684
544
580
963
1219
1158
1117
1360
1419
1271
1174
1190
1310
1170
845
748
651
516
146
-147
-126
-310
-663
-936
-956
-1168
-1439
-1685
-1624
-1527
-1814
-1898
-1797
-1634
-1770
-1731
-1500
-1314
-1220
-1136
-850
-716
-518
-342
-163
85
259
373
506
646
859
942
910
1068
1217
1232
1171
1215
1278
1284
1202
1203
1232
1188
1189
1063
1050
1011
904
998
941
786
724
904
720
-74
189
443
368
-316
-505
113
-406
-1219
-1276
-632
-870
-1462
-1447
-1110
-1220
-1807
-1695
-1263
-1099
-1230
-1329
-966
-719
-920
-888
-367
84
41
-5
486
765
619
657
1113
1421
1354
1359
1633
1631
1529
1435
1453
1606
1382
1184
948
840
726
323
43
-66
-286
-628
-876
-1055
-1210
-1615
-1820
-1719
-1717
-1929
-2138
-2023
-1880
-1917
-1912
-1580
-1308
-1376
-1246
-949
-793
-680
-417
-61
109
210
420
599
709
854
1076
1154
1326
1401
1461
1449
1477
1574
1495
1523
1507
1570
1462
1466
1447
1322
1238
1239
1310
1158
1145
1113
1194
805
-28
418
654
376
-378
-497
20
-700
-1535
-1541
-1058
-1247
-1785
-1814
-1593
-1793
-2377
-2229
-1685
-1519
-1641
-1730
-1208
-1033
-1361
-1243
-532
46
-108
-88
472
818
629
753
1349
1769
1723
1818
2003
1948
1841
1902
2074
1941
1844
1508
1387
1113
775
493
99
68
-162
-653
-1127
-1162
-1425
-1950
-2129
-1918
-1863
-2268
-2449
-2398
-2351
-2379
-2155
-1807
-1649
-1624
-1491
-1301
-1099
-826
-570
-213
58
172
316
472
757
996
1102
1376
1627
1656
1674
1826
1827
1882
1911
2086
2208
2079
2074
1966
1903
1816
1764
1759
1666
1508
1533
1461
1207
153
91
659
551
-52
-820
-280
-640
-1695
-2223
-1627
-1345
-2129
-2407
-2190
-2144
-2932
-3118
-2472
-1954
-2000
-2278
-1883
-1503
-1671
-1759
-1004
-204
-58
-97
357
836
775
832
1484
2092
2079
2095
2417
2501
2238
2140
2437
2650
2470
1958
1834
1712
1333
928
567
460
123
-341
-721
-982
-1541
-1950
-2148
-2209
-2102
-2493
-2704
-2916
-2820
-2729
-2738
-2409
-2209
-2126
-2079
-1682
-1549
-1330
-942
-583
-235
-235
134
469
760
1032
1326
1468
1662
2038
2224
2287
2297
2607
2576
2590
2700
2748
2624
2466
2477
2323
2267
2116
2066
1697
1597
1480
1287
438
-110
492
285
-191
-1108
-822
-1078
-2182
-2608
-2249
-1784
-2540
-2797
-2641
-2625
-3225
-3470
-2697
-2071
-2016
-2323
-1996
-1536
-1486
-1519
-1044
-154
124
127
596
1211
1111
981
1536
2266
2404
2344
2673
2798
2428
2253
2504
2740
2490
1954
1812
1566
1123
707
430
294
-114
-755
-1110
-1247
-1598
-2121
-2453
-2392
-2276
-2629
-2930
-2953
-2959
-2889
-2862
-2447
-2266
-2256
-2157
-1754
-1470
-1346
-1012
-609
-156
-36
242
525
831
1191
1484
1667
1842
2188
2364
2491
2511
2717
2858
2825
2914
2864
2893
2831
2722
2573
2347
2304
2131
1963
1782
1703
780
139
542
444
-5
-1016
-899
-805
-1903
-2691
-2422
-1860
-2414
-2972
-2859
-2486
-3115
-3745
-3068
-2329
-2045
-2401
-2223
-1668
-1681
-1746
-1281
-360
69
19
349
995
1066
832
1238
1967
2423
2286
2400
2638
2518
2203
2147
2544
2600
2257
1740
1494
1428
1091
637
307
222
-207
-971
-1307
-1232
-1625
-2311
-2414
-2307
-2485
-3035
-2975
-2696
-2831
-2796
-2556
-2384
-2367
-2265
-2092
-1784
-1406
-1102
-855
-635
-353
-200
25
453
951
1336
1574
1783
1945
2112
2368
2565
2749
3110
3352
3205
3033
3025
3121
3021
2937
3100
2960
2665
2275
2158
1846
908
800
1056
794
-142
-899
-645
-990
-2053
-2481
-2065
-2025
-2755
-3212
-3011
-2895
-3467
-3646
-3067
-2623
-2622
-2801
-2451
-1986
-1969
-1854
-1247
-441
-246
-216
234
835
845
905
1551
2136
2175
2052
2419
2604
2490
2373
2537
2626
2550
2263
1948
1792
1538
1280
772
611
342
-461
-872
-972
-1128
-1935
-2323
-2289
-2468
-2954
-3130
-2938
-3049
-3082
-2937
-2736
-2789
-2698
-2516
-2185
-1934
-1673
-1369
-1068
-847
-787
-422
135
511
687
1170
1676
1833
1890
2213
2774
2971
3105
3512
3764
3566
3445
3653
3751
3646
3598
3551
3359
2834
2588
2118
1381
1526
1525
1031
-70
-703
-593
-1209
-2101
-2436
-2017
-2245
-3030
-3493
-3281
-3305
-3818
-3653
-3047
-2771
-3015
-3091
-2635
-2118
-2073
-1855
-1101
-628
-585
-445
233
802
783
1051
1610
2085
2091
2146
2386
2502
2572
2664
2811
2626
2363
2041
1844
1621
1412
1152
770
391
24
-424
-992
-1302
-1504
-1529
-1836
-2159
-2402
-2750
-2866
-2857
-2649
-2624
-2662
-2559
-2498
-2545
-2482
-2093
-1884
-1620
-1370
-1092
-978
-928
-543
-133
293
687
1072
1201
1355
1717
2085
2431
2770
3200
3322
3372
3446
3506
3674
3805
3926
3774
3503
3366
3318
2481
1749
2048
2177
1615
281
55
77
-947
-1946
-1835
-1302
-1958
-2875
-3028
-2714
-3197
-3969
-3616
-2734
-2476
-3058
-3184
-2619
-2465
-2649
-2232
-1198
-716
-931
-791
-30
217
64
545
1492
1914
1704
1823
2233
2239
2099
2236
2481
2549
2349
2043
1777
1436
1239
972
730
603
186
-417
-922
-1094
-1261
-1526
-1742
-1712
-1985
-2498
-2595
-2489
-2415
-2409
-2120
-1894
-2066
-2283
-2141
-1900
-1606
-1229
-1147
-1036
-848
-738
-732
-573
-29
384
597
865
1183
1376
1536
2003
2415
2644
2894
3186
3410
3557
3620
3812
3562
3539
3663
3043
2512
2652
2784
2095
1109
739
875
63
-995
-942
-717
-1277
-2050
-2237
-2099
-2531
-3130
-2923
-2389
-2399
-2750
-2786
-2392
-2264
-2457
-2235
-1575
-1168
-1279
-1086
-460
-184
-295
37
709
1005
1054
1250
1708
1799
1650
1696
1945
2041
1587
1533
1427
1394
1048
680
508
171
-48
-563
-978
-896
-772
-1284
-1682
-1603
-1570
-2071
-2213
-1774
-1584
-1859
-1721
-1352
-1561
-1724
-1435
-1128
-1004
-824
-659
-754
-923
-507
-279
-335
-151
195
285
211
537
790
980
1153
1514
1804
1961
2155
2327
2560
2889
3113
2884
2859
3288
2866
2186
2478
2965
2624
1439
1121
1434
754
-210
-234
280
-272
-1269
-1508
-1287
-1699
-2384
-2214
-1671
-1637
-2052
-2342
-2195
-1969
-2071
-1926
-1428
-892
-1110
-1380
-985
-464
-441
-434
229
695
638
497
843
1133
1159
1286
1549
1462
1210
1093
1010
847
704
510
79
-148
-386
-723
-1279
-1170
-1149
-1556
-1821
-1613
-1513
-1987
-2077
-1621
-1324
-1459
-1236
-991
-987
-1033
-781
-493
-443
-204
-87
-160
-237
-20
138
18
158
384
472
376
515
718
907
1090
1279
1437
1530
1631
1681
1923
2337
2581
2201
2303
2267
1924
1798
1945
2394
1758
1144
1156
1136
321
-280
185
258
-286
-878
-737
-758
-1578
-1751
-1296
-1046
-1320
-1646
-1475
-1380
-1597
-1712
-1376
-948
-890
-989
-824
-445
-458
-596
-271
320
527
401
658
1019
985
807
845
1198
1187
808
981
830
640
69
-153
-282
-589
-801
-1255
-1254
-1670
-1706
-2027
-2124
-1966
-2060
-2092
-1958
-1647
-1501
-1460
-1275
-883
-894
-686
-329
36
66
142
369
444
440
589
908
774
792
946
992
965
959
1185
1237
1221
1267
1421
1440
1450
1559
1559
1796
1742
1642
1559
1294
1374
1271
1521
1455
972
677
543
449
11
225
357
302
-247
-598
-386
-606
-777
-721
-337
-448
-832
-961
-890
-949
-1114
-1030
-765
-679
-801
-842
-838
-745
-664
-496
-223
50
118
116
175
288
525
560
621
695
573
576
391
407
260
22
-243
-535
-585
-811
-911
-1214
-1429
-1622
-1758
-1796
-1838
-1775
-1772
-1742
-1658
-1482
-1330
-1267
-1059
-765
-535
-277
-193
-30
238
211
209
502
642
716
702
615
786
855
688
678
1004
1069
908
909
1089
1141
967
1091
1221
1245
1279
1197
1267
1174
1095
1087
1166
1326
1156
1031
948
998
855
667
783
847
813
470
402
416
255
-35
-114
86
-97
-356
-548
-604
-721
-1078
-1175
-1070
-1041
-1204
-1412
-1326
-1276
-1353
-1389
-1109
-861
-804
-743
-508
-226
-257
-168
9
284
423
448
537
649
600
453
467
539
575
394
301
215
158
-61
-306
-339
-389
-607
-777
-776
-882
-1034
-1201
-1207
-1195
-1278
-1277
-1232
-1207
-1181
-1130
-1098
-1068
-946
-863
-842
-705
-465
-312
-279
-193
-5
136
201
346
602
756
794
908
1142
1239
1297
1390
1572
1736
1762
1844
1948
2040
1988
1934
1992
2173
2166
1996
1954
1887
1751
1500
1373
1328
1118
860
590
376
108
-158
-394
-710
-1004
-1258
-1454
-1605
-1787
-1988
-2186
-2281
-2358
-2390
-2307
-2219
-2076
-1971
-1827
-1641
-1333
-1126
-872
-565
-293
-20
173
462
696
849
925
1094
1267
1326
1347
1319
1354
1313
1162
974
947
840
578
329
159
17
-268
-513
-689
-817
-1023
-1206
-1339
-1475
-1559
-1645
-1741
-1776
-1758
-1680
-1690
-1651
-1524
-1384
-1270
-1190
-955
-752
-564
-430
-199
46
209
395
636
926
1107
1265
1452
1710
1858
1961
2155
2378
2453
2463
2566
2700
2689
2488
2456
2489
2355
2045
1818
1734
1523
1189
918
759
517
128
-209
-454
-657
-953
-1278
-1461
-1656
-1878
-2138
-2257
-2301
-2353
-2409
-2414
-2258
-2158
-2070
-1912
-1642
-1425
-1214
-943
-616
-327
-102
139
370
610
763
959
1163
1337
1376
1422
1497
1521
1455
1384
1338
1233
1056
827
678
475
244
-11
-235
-448
-681
-909
-1126
-1297
-1451
-1609
-1746
-1847
-1932
-1992
-2049
-2054
-1984
-1887
-1836
-1747
-1590
-1425
-1296
-1129
-869
-620
-431
-248
23
284
511
713
950
1181
1391
1593
1789
2003
2183
2321
2431
2574
2666
2682
2650
2588
2543
2458
2370
2211
2026
1848
1583
1309
1041
870
625
327
64
-199
-460
-763
-955
-1157
-1363
-1571
-1709
-1798
-1906
-1961
-2001
-1975
-1934
-1848
-1789
-1686
-1503
-1286
-1110
-961
-771
-534
-330
-170
2
219
432
551
639
779
931
958
962
997
1064
1042
972
924
865
725
538
404
263
127
-50
-197
-363
-512
-673
-830
-963
-1079
-1166
-1282
-1363
-1443
-1465
-1514
-1557
-1575
-1520
-1451
-1398
-1322
-1218
-1078
-955
-786
-608
-438
-274
-95
95
301
490
693
876
1048
1179
1328
1504
1645
1785
1890
1989
2041
2063
2053
2062
2077
2022
1921
1817
1739
1636
1464
1271
1135
968
726
454
257
114
-91
-347
-542
-657
-842
-1056
-1193
-1233
-1325
-1449
-1491
-1463
-1467
-1487
-1443
-1327
-1242
-1179
-1068
-895
-766
-671
-558
-396
-249
-166
-68
45
172
256
332
423
505
517
512
557
622
666
661
653
654
607
523
459
433
395
305
204
131
62
-62
-205
-312
-391
-519
-673
-782
-867
-979
-1122
-1211
-1249
-1287
-1344
-1346
-1336
-1309
-1257
-1195
-1121
-1049
-905
-713
-548
-407
-235
-37
140
318
499
680
819
969
1137
1273
1400
1507
1592
1647
1700
1736
1767
1776
1757
1746
1711
1639
1538
1433
1342
1249
1121
959
832
717
556
337
156
43
-115
-317
-477
-570
-690
-880
-1021
-1075
-1156
-1271
-1336
-1310
-1290
-1314
-1344
-1327
-1258
-1218
-1160
-1038
-904
-828
-782
-650
-497
-392
-255
-99
41
157
256
400
511
603
706
774
834
904
970
957
918
895
811
699
574
474
330
144
-12
-192
-379
-573
-741
-919
-1090
-1233
-1363
-1415
-1495
-1595
-1634
-1617
-1565
-1549
-1485
-1323
-1190
-1110
-910
-669
-500
-342
-117
160
354
484
747
1065
1152
1204
1373
1631
1728
1683
1827
1977
1910
1825
1913
1905
1791
1684
1678
1629
1407
1315
1260
1116
889
716
654
515
365
172
46
-43
-282
-534
-687
-683
-774
-1048
-1238
-1258
-1312
-1552
-1695
-1602
-1549
-1683
-1796
-1641
-1445
-1493
-1523
-1297
-1005
-908
-840
-553
-219
-85
-28
239
557
733
879
1060
1259
1324
1343
1429
1545
1495
1406
1374
1284
1155
921
777
585
305
24
-161
-372
-686
-878
-1094
-1379
-1600
-1700
-1730
-1920
-2037
-1922
-1935
-1979
-1891
-1724
-1540
-1371
-1223
-1047
-721
-461
-302
-129
219
539
575
729
1032
1353
1168
1212
1588
1584
1580
1385
1595
1805
1375
1339
1540
1598
1318
1154
1402
1376
1209
1056
1203
1250
949
994
979
808
710
624
697
421
176
151
11
-268
-609
-583
-650
-961
-1286
-1367
-1300
-1602
-1860
-1806
-1652
-1763
-1969
-1838
-1602
-1599
-1623
-1297
-956
-885
-762
-462
-138
32
148
514
795
919
1044
1246
1466
1459
1519
1571
1615
1504
1359
1333
1132
956
712
529
284
-66
-334
-587
-810
-1091
-1285
-1460
-1628
-1754
-1863
-1913
-1985
-1918
-1843
-1812
-1688
-1518
-1335
-1235
-1086
-877
-611
-403
-329
-72
254
385
381
600
919
967
945
1153
1378
1371
1372
1429
1560
1660
1638
1600
1757
1896
1768
1686
1909
2024
1818
1766
1869
1990
1585
1325
1481
1531
1181
608
660
664
134
-517
-527
-358
-915
-1556
-1603
-1459
-1870
-2471
-2396
-2037
-2263
-2699
-2644
-2225
-2280
-2432
-2113
-1637
-1463
-1525
-1215
-733
-440
-341
2
529
766
849
1087
1450
1633
1623
1689
1895
1969
1787
1583
1548
1519
1311
977
753
617
287
-155
-415
-466
-728
-1130
-1364
-1449
-1607
-1894
-1987
-1844
-1953
-2101
-2008
-1868
-1775
-1838
-1628
-1387
-1258
-1086
-871
-652
-501
-256
-67
139
395
589
743
885
1058
1273
1448
1641
1779
1860
2007
2125
2191
2271
2504
2597
2529
2515
2490
2516
2430
2067
1920
2077
2079
1626
957
943
934
232
-383
-191
-49
-866
-1549
-1507
-1425
-2077
-2550
-2205
-1986
-2428
-2883
-2636
-2318
-2523
-2622
-2127
-1659
-1778
-1816
-1350
-870
-760
-635
-65
423
504
490
885
1346
1366
1367
1712
1961
1820
1570
1642
1729
1534
1316
1229
1008
666
358
50
-38
-286
-668
-1017
-1233
-1281
-1598
-1921
-1932
-1863
-2083
-2298
-2131
-2010
-2086
-2092
-1842
-1563
-1550
-1443
-1165
-956
-806
-590
-248
-33
96
299
552
815
1089
1338
1563
1765
1946
2139
2333
2474
2585
2768
2999
2938
2763
2939
3078
2767
2188
2345
2694
2356
1508
1202
1568
1096
106
-178
289
-27
-1018
-1322
-1054
-1363
-2274
-2330
-1840
-1897
-2553
-2759
-2397
-2337
-2669
-2584
-1990
-1795
-2032
-1997
-1443
-1086
-1145
-964
-315
80
-64
111
725
978
888
1096
1621
1661
1401
1411
1709
1673
1450
1391
1280
956
594
578
306
239
-79
-465
-742
-1097
-1058
-1237
-1512
-1710
-1654
-1822
-1910
-1903
-1885
-1834
-1871
-1679
-1704
-1654
-1385
-1172
-1162
-987
-657
-531
-549
-273
182
264
460
869
1036
1057
1277
1668
1901
1953
2287
2552
2511
2603
2693
2700
2873
3163
3042
2465
2292
2743
2747
1983
1563
1795
1668
797
223
391
339
-317
-816
-821
-906
-1641
-2127
-1810
-1526
-1940
-2444
-2412
-2198
-2368
-2587
-2152
-1737
-1902
-2282
-1902
-1296
-1330
-1377
-815
-307
-495
-445
96
597
552
642
1151
1281
1167
1183
1415
1545
1468
1378
1301
1172
979
623
425
589
469
-76
-589
-449
-577
-1144
-1287
-1000
-1092
-1811
-1851
-1545
-1733
-2032
-1711
-1409
-1680
-1784
-1514
-1366
-1449
-1261
-922
-865
-834
-579
-421
-315
-104
110
201
530
871
870
992
1283
1497
1637
1966
2333
2296
2172
2467
2747
2666
2914
3292
2983
2134
2139
2916
2868
2047
1547
1804
1596
705
296
556
555
-286
-930
-889
-887
-1567
-2169
-1801
-1553
-2134
-2790
-2624
-2186
-2508
-2870
-2401
-1894
-2202
-2426
-1913
-1420
-1504
-1479
-837
-372
-505
-539
75
514
559
726
1149
1419
1260
1204
1443
1833
1946
1787
1552
1445
1485
1276
1062
980
1002
609
-1
-223
-225
-407
-842
-997
-1097
-1415
-1778
-1735
-1616
-1840
-2010
-1894
-1879
-2115
-2108
-1891
-1696
-1632
-1502
-1405
-1375
-1155
-906
-745
-482
5
247
250
288
536
966
1357
1701
1749
1792
2067
2303
2397
2680
3111
3057
2860
2962
3222
3339
3275
2876
2437
2671
2944
2528
1445
1289
1734
984
-3
12
340
-475
-1581
-1586
-1285
-1992
-2734
-2420
-2246
-2821
-3553
-3394
-2930
-3139
-3378
-3023
-2641
-2752
-2953
-2504
-1724
-1588
-1629
-1094
-354
-179
-208
300
930
1003
1144
1792
2161
1920
1784
2169
2498
2370
2349
2449
2200
1827
1641
1654
1618
1316
840
324
78
-24
-418
-634
-964
-1262
-1643
-1913
-1939
-2223
-2431
-2513
-2462
-2609
-2782
-2723
-2577
-2538
-2389
-2073
-1965
-1807
-1522
-1235
-981
-687
-327
153
545
836
1160
1464
1814
2080
2370
2684
3007
3164
3243
3330
3426
3509
3550
3707
3529
3270
3283
3262
2812
2230
2378
2397
1785
920
716
913
115
-838
-1002
-812
-1443
-2457
-2606
-2362
-2837
-3659
-3560
-3181
-3353
-3880
-3835
-3328
-3310
-3477
-3082
-2422
-2281
-2437
-2084
-1176
-786
-834
-411
380
654
582
1030
1814
2135
1961
2148
2530
2675
2667
2783
2882
2699
2647
2532
2324
2080
1881
1622
1290
1108
624
156
-179
-394
-774
-1337
-1572
-1790
-2140
-2535
-2719
-2824
-2956
-3061
-3059
-3069
-3142
-2995
-2792
-2588
-2436
-2178
-1753
-1445
-1255
-826
-358
-42
317
751
1345
1656
1763
2161
2609
2840
2960
3158
3426
3479
3408
3555
3648
3429
3298
3239
3208
2947
2569
2567
2451
1887
1152
1151
1257
679
-235
-556
-269
-834
-1791
-2080
-1900
-2210
-2925
-3077
-2838
-3192
-3810
-3617
-3143
-3202
-3542
-3428
-2892
-2703
-2737
-2403
-1843
-1533
-1495
-1258
-614
-139
-99
157
818
1179
1037
1284
1970
2225
2103
2259
2679
2713
2537
2595
2759
2745
2585
2466
2278
1963
1602
1359
1163
881
422
-44
-473
-811
-1118
-1490
-1728
-2006
-2374
-2729
-2836
-2806
-2975
-3105
-2988
-2902
-2997
-2876
-2521
-2242
-2048
-1783
-1393
-1088
-765
-246
219
529
847
1266
1703
2023
2246
2553
2848
3018
3118
3248
3415
3336
3168
3095
3232
3153
2805
2604
2473
2226
1816
1605
1623
1440
849
173
101
227
-98
-768
-1164
-982
-1331
-2139
-2299
-1933
-2044
-2745
-3021
-2711
-2693
-3200
-3174
-2691
-2604
-2894
-2942
-2406
-2032
-2125
-1986
-1386
-1062
-1144
-1004
-321
224
189
346
943
1292
1244
1435
1951
2276
2160
2265
2684
2710
2523
2492
2670
2673
2448
2275
2082
1779
1395
1212
1003
669
175
-342
-726
-1057
-1294
-1655
-2016
-2336
-2584
-2844
-3028
-3011
-2966
-2961
-2960
-2866
-2744
-2489
-2159
-1849
-1622
-1310
-885
-518
-146
250
700
1000
1273
1710
2112
2262
2328
2618
2883
2899
2874
2976
3074
2988
2752
2492
2471
2428
2168
1971
1771
1558
1178
894
813
713
476
194
-150
-568
-574
-544
-835
-1434
-1582
-1389
-1793
-2291
-2235
-1946
-2289
-2782
-2698
-2451
-2614
-2877
-2625
-2329
-2381
-2516
-2266
-1779
-1653
-1673
-1335
-812
-540
-423
-138
354
658
817
1246
1699
1812
1820
2159
2537
2598
2549
2712
2787
2599
2529
2512
2353
2127
2038
1837
1366
908
660
484
198
-156
-606
-1074
-1395
-1563
-1822
-2071
-2195
-2360
-2546
-2689
-2681
-2570
-2505
-2397
-2243
-2065
-1869
-1595
-1290
-926
-658
-395
-43
267
600
870
1171
1445
1646
1774
1984
2215
2208
2236
2380
2518
2408
2260
2210
2159
1990
1851
1804
1604
1322
1119
1049
854
528
311
230
30
-276
-409
-428
-587
-1069
-1211
-1023
-1128
-1594
-1944
-1600
-1587
-2180
-2453
-2112
-1857
-2251
-2496
-2236
-1951
-2138
-2205
-1751
-1397
-1458
-1591
-1132
-648
-566
-493
-81
342
372
449
944
1411
1333
1299
1719
2052
1973
1866
2143
2349
2168
2035
2152
2181
1850
1598
1595
1560
1239
859
696
596
298
-120
-243
-364
-753
-1104
-1191
-1194
-1438
-1760
-1789
-1711
-1830
-1979
-1930
-1761
-1727
-1756
-1566
-1301
-1143
-982
-795
-618
-404
-92
204
383
497
715
1022
1176
1270
1393
1610
1759
1757
1766
1871
1924
1784
1703
1712
1680
1461
1261
1199
1061
811
613
493
300
40
-149
-313
-442
-614
-776
-936
-1069
-1104
-1222
-1422
-1586
-1420
-1353
-1562
-1803
-1705
-1420
-1558
-1768
-1611
-1297
-1320
-1514
-1386
-1025
-957
-1053
-786
-423
-337
-408
-216
236
415
368
574
909
1065
1047
1198
1491
1557
1479
1615
1812
1722
1548
1600
1742
1620
1366
1296
1296
1117
858
746
704
526
237
56
-44
-163
-373
-573
-629
-695
-890
-1096
-1107
-1002
-1074
-1271
-1256
-1185
-1148
-1153
-1101
-985
-908
-800
-664
-570
-484
-283
-80
71
150
269
471
651
777
862
916
995
1086
1114
1130
1101
1079
1077
1044
914
729
689
644
485
252
143
82
-92
-289
-432
-483
-670
-804
-799
-850
-983
-1099
-1047
-1019
-1105
-1189
-1071
-926
-928
-1135
-1066
-705
-636
-789
-883
-527
-320
-509
-516
-205
17
-139
-148
171
391
236
212
578
745
596
493
742
943
786
649
806
945
804
650
710
812
669
496
545
561
409
298
379
415
244
107
173
229
135
55
111
178
123
83
53
108
96
42
61
105
158
62
24
66
106
36
-11
-14
-23
-111
-158
-120
-155
-159
-186
-230
-267
-288
-264
-247
-274
-267
-255
-264
-225
-220
-224
-240
-249
-206
-170
-164
-210
-257
-224
-172
-209
-284
-292
-288
-309
-355
-345
-342
-437
-487
-435
-410
-449
-493
-473
-393
-369
-343
-301
-231
-124
-77
-42
63
179
270
194
263
532
594
458
371
645
757
501
363
540
676
409
247
355
417
150
-52
66
107
-104
-330
-257
-169
-310
-468
-377
-282
-408
-492
-353
-164
-247
-277
-55
99
59
41
305
521
540
566
764
909
876
914
1074
1212
1188
1145
1157
1176
1163
1065
998
933
879
713
520
403
275
106
-92
-193
-350
-536
-684
-800
-975
-1138
-1173
-1203
-1278
-1400
-1409
-1414
-1427
-1402
-1364
-1332
-1319
-1238
-1133
-1004
-957
-907
-801
-659
-544
-489
-329
-172
-104
-46
75
189
246
328
478
572
537
547
660
704
666
656
717
753
687
659
678
699
671
593
566
519
446
426
438
415
224
137
223
195
-27
-191
-32
-19
-313
-493
-358
-273
-525
-685
-530
-448
-642
-746
-560
-427
-530
-597
-429
-237
-283
-307
-98
114
139
137
324
532
532
550
776
988
1000
977
1130
1295
1282
1240
1345
1437
1367
1250
1249
1304
1242
1093
980
909
767
552
379
306
136
-122
-316
-458
-684
-989
-1121
-1178
-1397
-1672
-1761
-1773
-1920
-2085
-2059
-1977
-2061
-2086
-1935
-1781
-1735
-1662
-1428
-1208
-1088
-906
-584
-329
-197
-30
275
565
652
746
991
1236
1274
1259
1403
1519
1428
1311
1346
1364
1199
1007
920
822
624
457
369
255
58
-114
-208
-274
-398
-524
-557
-527
-582
-708
-695
-550
-497
-656
-604
-318
-211
-393
-419
-74
32
-151
-167
121
250
65
53
282
338
135
131
354
426
242
192
413
523
396
378
575
661
522
488
721
847
718
673
846
894
748
747
918
927
718
635
685
610
460
364
316
205
29
-116
-257
-371
-520
-707
-852
-932
-1045
-1199
-1299
-1309
-1313
-1404
-1448
-1423
-1385
-1364
-1304
-1196
-1089
-967
-846
-705
-583
-438
-283
-140
12
182
349
461
566
689
787
822
866
942
993
998
960
910
853
765
670
596
523
404
247
117
6
-130
-280
-361
-403
-505
-636
-700
-737
-792
-807
-761
-715
-707
-646
-541
-434
-367
-275
-117
5
58
162
374
512
455
512
775
903
774
718
936
1005
790
728
918
948
693
553
662
643
365
242
376
378
89
-137
-72
-38
-233
-359
-275
-257
-469
-622
-525
-454
-576
-628
-515
-475
-563
-591
-469
-370
-376
-355
-246
-143
-109
-103
-12
134
206
201
225
353
429
381
379
479
495
392
339
377
377
275
230
224
151
32
-41
-57
-107
-198
-248
-267
-336
-409
-451
-444
-432
-462
-464
-423
-416
-425
-406
-361
-347
-346
-284
-215
-228
-215
-141
-122
-149
-134
-52
-51
-100
-73
-45
-83
-102
-63
-44
-61
-65
-39
-36
-19
13
32
67
110
147
189
259
331
368
411
513
598
592
596
694
791
736
625
678
777
709
525
472
534
381
127
88
152
-24
-334
-418
-361
-503
-777
-808
-715
-832
-1046
-1051
-887
-872
-975
-908
-699
-619
-659
-546
-284
-139
-130
11
283
438
456
557
768
889
920
981
1117
1172
1116
1082
1130
1167
1067
948
906
872
704
525
477
447
274
43
-42
-84
-249
-437
-469
-466
-600
-739
-735
-710
-787
-845
-792
-761
-801
-778
-679
-624
-637
-607
-502
-437
-447
-407
-304
-230
-225
-214
-147
-102
-117
-117
-66
-24
-35
-37
-16
-23
-57
-50
-3
-4
-37
-33
-26
-67
-97
-64
-31
-58
-81
-41
-11
-14
2
54
84
85
112
144
155
188
268
289
246
279
366
321
183
228
380
348
146
120
247
155
-48
-56
73
18
-168
-180
-78
-136
-292
-265
-121
-130
-262
-255
-117
-97
-179
-102
84
119
55
126
311
349
286
363
512
558
540
601
709
730
703
726
735
714
702
709
721
695
642
581
520
460
419
353
297
257
174
88
14
-46
-109
-196
-276
-325
-378
-449
-541
-603
-619
-664
-727
-762
-777
-815
-868
-882
-860
-861
-865
-837
-826
-813
-782
-736
-681
-629
-575
-543
-510
-451
-400
-384
-340
-254
-192
-157
-125
-85
-63
-60
-30
-4
12
40
73
82
60
69
109
152
184
206
214
229
261
291
328
377
419
422
413
447
501
512
510
542
587
542
437
455
542
527
394
360
424
364
189
137
218
151
-23
-77
-2
-25
-161
-178
-100
-118
-235
-277
-188
-124
-150
-126
-27
36
8
0
111
210
217
243
343
423
430
450
514
575
613
653
699
712
703
698
700
702
693
628
550
499
452
374
296
243
109
-42
-145
-241
-370
-491
-566
-669
-826
-953
-1030
-1133
-1227
-1282
-1329
-1392
-1415
-1401
-1427
-1461
-1427
-1352
-1296
-1238
-1148
-1036
-943
-868
-773
-617
-422
-278
-186
-70
82
197
284
424
569
637
659
728
818
848
860
886
916
886
845
813
764
716
667
604
537
502
453
374
294
244
188
128
115
97
54
28
32
23
-24
-39
0
38
36
14
55
108
98
25
31
116
141
101
97
162
149
76
66
119
118
62
84
147
145
101
113
157
170
153
188
262
302
304
316
380
429
418
397
433
468
446
430
433
423
365
320
317
281
200
101
47
16
-52
-180
-297
-342
-427
-545
-647
-699
-776
-921
-992
-1006
-1056
-1133
-1165
-1165
-1174
-1209
-1184
-1125
-1085
-1013
-924
-846
-781
-679
-558
-437
-330
-200
-66
37
137
252
386
485
547
621
706
749
760
787
840
861
819
780
752
713
657
588
520
454
370
280
188
108
31
-68
-162
-231
-291
-362
-414
-421
-428
-459
-480
-456
-425
-397
-362
-302
-206
-137
-83
6
128
232
295
388
514
606
642
699
806
880
891
881
900
911
865
812
804
779
685
562
484
419
307
196
130
70
-38
-171
-267
-340
-427
-513
-552
-563
-612
-683
-719
-694
-683
-710
-704
-654
-626
-612
-566
-492
-420
-388
-339
-273
-199
-125
-74
-13
40
63
95
134
177
206
209
207
213
213
207
188
148
116
96
70
27
-18
-45
-61
-88
-112
-127
-143
-161
-168
-164
-167
-166
-163
-154
-132
-110
-81
-81
-98
-96
-96
-88
-89
-78
-57
-62
-68
-82
-95
-117
-136
-128
-113
-106
-99
-72
-72
-77
-69
-54
-25
-15
1
37
59
73
94
132
185
207
231
266
299
329
363
389
415
435
441
459
482
483
463
465
485
483
466
436
382
329
300
275
206
117
79
41
-62
-156
-181
-226
-334
-429
-461
-489
-556
-596
-586
-580
-615
-648
-630
-576
-545
-514
-461
-388
-317
-263
-174
-76
-7
22
94
231
339
377
410
489
553
570
580
629
663
650
631
628
619
558
490
453
409
303
211
208
144
-2
-117
-126
-172
-340
-413
-377
-426
-571
-603
-559
-584
-683
-698
-646
-658
-667
-619
-553
-503
-481
-462
-388
-298
-232
-172
-74
18
38
83
210
302
318
356
430
467
468
485
515
495
453
427
397
387
345
263
200
171
117
-4
-74
-81
-132
-229
-272
-285
-349
-426
-452
-440
-456
-468
-445
-403
-380
-367
-349
-301
-221
-156
-98
-51
1
57
129
208
256
301
358
399
411
439
498
540
527
511
536
518
456
446
459
422
336
282
262
214
125
67
37
-18
-70
-100
-115
-157
-222
-244
-223
-220
-237
-238
-207
-190
-209
-193
-148
-111
-91
-63
-28
-6
13
44
85
83
94
116
117
111
124
147
132
100
95
111
81
57
59
48
32
3
7
1
-50
-96
-99
-83
-95
-122
-123
-119
-161
-194
-190
-163
-163
-183
-178
-172
-188
-201
-197
-173
-156
-180
-188
-179
-167
-152
-169
-182
-201
-227
-242
-227
-194
-207
-250
-277
-258
-248
-249
-231
-200
-188
-203
-180
-138
-109
-86
-61
-26
20
74
127
178
217
266
314
368
425
465
493
530
561
571
584
607
629
616
588
554
527
493
441
385
334
281
222
158
81
18
-32
-86
-151
-216
-261
-308
-346
-374
-399
-414
-408
-399
-392
-373
-324
-281
-252
-193
-127
-80
-40
22
96
146
185
233
260
279
307
325
340
343
326
311
303
284
246
208
178
136
62
7
-42
-98
-142
-205
-269
-313
-336
-361
-398
-448
-470
-473
-475
-467
-453
-431
-416
-412
-381
-342
-294
-239
-213
-185
-142
-109
-57
5
53
83
81
96
126
143
167
185
198
196
178
165
162
145
114
76
51
32
17
8
-14
-35
-58
-60
-58
-54
-58
-70
-76
-68
-50
-23
14
21
23
39
67
98
127
159
185
210
223
229
247
264
272
270
262
274
271
258
242
210
191
170
147
137
133
125
102
64
37
19
10
18
13
-2
-20
-39
-39
-30
-22
-9
6
13
20
23
27
30
29
31
42
45
35
1
-27
-38
-43
-52
-73
-109
-150
-174
-191
-216
-226
-235
-259
-285
-322
-351
-349
-334
-311
-300
-307
-306
-299
-290
-267
-234
-195
-148
-103
-66
-35
-10
21
59
94
133
168
205
227
225
222
236
247
244
232
223
215
190
171
140
114
89
45
16
-14
-40
-57
-87
-123
-164
-188
-200
-209
-207
-224
-244
-230
-207
-182
-165
-144
-124
-118
-85
-33
29
85
127
152
171
190
227
265
295
319
330
346
354
351
343
317
308
305
302
297
266
218
171
116
78
54
35
21
2
-36
-56
-77
-105
-116
-128
-133
-126
-116
-95
-79
-80
-81
-78
-62
-41
-15
5
23
39
30
38
46
31
33
17
20
31
33
38
18
-2
-31
-67
-104
-118
-127
-145
-158
-186
-212
-224
-240
-258
-262
-260
-260
-251
-232
-220
-215
-191
-162
-140
-121
-104
-78
-49
-28
8
30
37
52
65
87
110
124
138
135
114
99
94
97
100
98
87
59
39
25
10
-4
-20
-45
-73
-87
-97
-103
-100
-101
-117
-136
-143
-151
-128
-100
-87
-84
-85
-69
-43
-3
33
62
93
122
161
199
224
247
269
289
308
329
343
346
340
347
346
327
308
281
258
239
220
193
158
126
105
87
52
8
-21
-45
-61
-77
-97
-108
-128
-145
-151
-154
-138
-129
-119
-106
-104
-88
-84
-80
-56
-31
-10
9
-6
-22
-26
-41
-30
-27
-18
-1
-36
-54
-67
-78
-76
-75
-90
-111
-137
-151
-137
-147
-151
-151
-168
-168
-179
-193
-179
-167
-146
-120
-111
-100
-94
-80
-58
-48
-42
-37
-39
-30
-29
-21
-11
-12
-23
-43
-64
-64
-42
-26
-9
-12
-15
-29
-57
-60
-62
-53
-44
-52
-76
-91
-99
-89
-79
-83
-76
-76
-60
-40
-26
0
14
14
23
40
70
108
141
166
179
192
214
245
272
303
329
342
357
378
391
395
398
398
385
362
354
345
329
310
290
259
230
195
152
113
74
46
19
-28
-76
-121
-169
-210
-238
-250
-254
-264
-291
-316
-327
-323
-314
-299
-279
-250
-226
-213
-198
-179
-150
-115
-88
-57
-27
-1
16
28
45
75
93
102
113
116
124
117
114
118
106
100
90
79
66
34
14
1
-24
-51
-66
-84
-104
-122
-139
-155
-178
-183
-188
-201
-208
-222
-234
-229
-214
-195
-175
-164
-156
-149
-137
-108
-78
-54
-31
-19
-4
20
52
69
77
92
104
110
123
138
144
141
132
122
112
116
122
99
64
43
41
38
31
21
12
20
20
15
9
1
-2
2
5
5
15
26
55
70
81
96
95
110
124
137
139
136
146
149
158
162
148
129
111
107
114
96
66
37
17
5
-8
-17
-37
-69
-95
-116
-120
-105
-95
-93
-113
-124
-109
-88
-66
-61
-68
-73
-67
-40
-25
-18
-35
-61
-66
-60
-39
-21
-16
-22
-34
-35
-11
0
7
8
5
14
33
49
49
43
33
29
28
44
67
79
86
88
84
69
72
80
80
84
80
75
69
61
67
63
51
44
36
33
18
-1
-12
-24
-29
-32
-56
-77
-93
-106
-116
-127
-137
-147
-153
-154
-151
-151
-138
-129
-135
-140
-139
-126
-108
-89
-76
-68
-55
-43
-25
-9
-5
-10
2
30
54
70
87
91
103
124
127
124
137
156
161
154
143
135
135
129
116
89
70
65
67
64
40
-2
-40
-57
-71
-72
-74
-96
-114
-131
-158
-180
-182
-187
-182
-174
-169
-159
-162
-152
-133
-119
-98
-97
-87
-61
-34
-6
17
41
58
68
79
96
98
118
152
186
202
195
190
192
200
199
203
215
215
213
188
158
139
112
101
93
91
82
62
50
30
-1
-23
-39
-44
-40
-33
-34
-52
-70
-72
-75
-79
-82
-103
-109
-94
-88
-82
-79
-76
-79
-90
-88
-86
-80
-63
-51
-47
-39
-24
-13
-6
-18
-21
-11
-8
2
5
-12
-20
-25
-30
-17
-7
-4
-9
-6
-3
-6
11
29
36
37
28
19
28
61
81
59
23
9
20
42
60
60
57
54
35
10
4
5
12
8
-16
-34
-50
-51
-58
-63
-65
-83
-94
-99
-112
-123
-129
-127
-121
-123
-124
-121
-104
-90
-91
-75
-63
-49
-27
-15
-8
-10
7
38
73
101
104
98
87
95
115
127
141
148
155
158
149
138
125
122
131
132
128
121
104
104
96
78
64
55
49
48
40
28
13
-4
-10
-15
-24
-33
-47
-47
-39
-41
-61
-84
-99
-99
-88
-69
-67
-76
-82
-77
-59
-55
-48
-47
-61
-68
-75
-80
-69
-41
-38
-49
-46
-37
-26
-12
-5
3
10
20
29
24
29
42
53
65
77
87
94
96
88
87
95
96
94
97
87
61
54
54
60
49
24
0
-25
-36
-43
-50
-66
-98
-132
-146
-147
-135
-125
-126
-137
-145
-156
-168
-164
-156
-138
-115
-102
-92
-92
-91
-76
-48
-1
30
48
65
76
85
95
112
136
161
174
183
167
154
154
143
128
118
117
118
106
84
72
65
58
45
38
30
13
-15
-31
-34
-42
-44
-36
-27
-25
-41
-50
-59
-61
-50
-45
-35
-30
-25
-14
-17
-30
-39
-39
-26
-15
-1
9
4
-5
-13
-15
-7
1
10
28
38
29
15
0
0
-2
-13
1
22
17
4
-2
-2
-14
-43
-64
-73
-67
-45
-39
-45
-53
-72
-83
-80
-80
-73
-71
-68
-62
-61
-56
-54
-55
-44
-21
1
25
35
34
35
36
48
55
62
68
65
64
68
72
71
60
55
50
41
41
38
46
46
33
22
5
-4
0
12
14
3
-16
-34
-34
-40
-47
-48
-45
-32
-15
-15
-36
-58
-59
-35
-20
-19
-23
-34
-34
-25
-15
2
14
20
28
24
36
59
90
107
97
98
103
114
133
141
145
139
132
123
112
94
92
97
94
80
56
44
32
30
10
-13
-15
-11
-12
-27
-48
-65
-77
-91
-94
-98
-104
-108
-117
-124
-131
-131
-119
-121
-113
-100
-89
-79
-77
-90
-102
-94
-68
-39
-15
-2
-4
-28
-30
-5
2
-1
3
8
29
42
28
22
19
18
13
19
32
43
56
55
39
18
14
12
27
38
21
13
17
12
9
-6
-18
-14
-16
-19
-30
-31
-31
-33
-41
-52
-46
-36
-43
-50
-44
-38
-25
-30
-41
-41
-40
-35
-19
-1
16
22
19
20
29
41
55
76
98
96
96
92
85
91
106
103
95
95
85
92
89
75
71
72
84
79
55
36
17
11
17
8
-2
-17
-27
-27
-36
-43
-46
-50
-56
-65
-79
-80
-71
-64
-51
-48
-44
-48
-48
-45
-47
-31
-15
-9
-7
-6
-1
4
9
19
32
29
21
24
35
38
21
18
27
29
19
8
-15
-13
-8
-17
-19
-22
-28
-54
-69
-66
-68
-76
-86
-84
-81
-85
-83
-82
-84
-81
-77
-61
-34
-22
-32
-41
-39
-37
-11
14
24
20
9
24
51
83
100
84
70
66
80
109
122
135
133
117
102
92
93
102
115
115
110
78
50
45
36
45
51
49
39
19
0
-16
-36
-33
-21
-27
-22
-31
-56
-69
-80
-81
-75
-79
-89
-109
-114
-106
-103
-99
-94
-98
-107
-106
-90
-77
-70
-67
-54
-32
-16
-5
1
13
21
21
11
20
47
59
60
53
55
48
50
64
72
76
69
56
51
53
50
49
46
40
24
14
5
-18
-33
-34
-48
-62
-67
-69
-73
-82
-86
-87
-106
-104
-93
-86
-80
-83
-80
-81
-66
-62
-52
-36
-19
5
20
32
34
38
56
75
97
108
110
113
115
117
127
140
152
149
137
141
138
131
133
123
114
102
96
98
92
75
40
18
14
17
5
-14
-36
-46
-42
-44
-53
-71
-81
-87
-91
-91
-88
-103
-103
-93
-93
-94
-111
-117
-98
-76
-60
-63
-65
-50
-42
-31
-35
-39
-21
-4
4
5
1
1
6
9
17
31
49
57
49
42
39
38
45
55
56
52
51
45
34
36
28
22
24
25
24
14
5
-9
-19
-25
-34
-29
-25
-33
-38
-43
-47
-52
-57
-64
-83
-90
-88
-76
-60
-65
-77
-75
-66
-54
-55
-50
-41
-37
-19
-6
-1
14
35
38
30
30
44
63
71
69
65
65
70
70
74
82
85
88
99
101
99
91
88
87
82
71
71
72
55
41
28
14
2
-10
-14
-4
1
-12
-38
-53
-50
-49
-48
-52
-66
-75
-84
-87
-80
-72
-61
-48
-43
-50
-53
-52
-51
-52
-59
-48
-36
-25
-14
-17
-15
-9
-7
-2
5
-2
-7
1
19
34
41
34
27
21
18
18
26
32
29
24
22
23
30
35
29
31
32
29
35
44
49
45
40
38
28
15
10
6
7
13
6
-2
-6
-9
-15
-17
-15
-22
-21
-13
-10
-21
-32
-44
-41
-39
-42
-40
-40
-32
-21
-25
-34
-24
-20
-21
-18
-15
-6
3
11
14
17
19
15
10
13
13
20
38
50
45
36
41
39
40
43
41
44
45
42
41
40
42
36
30
21
6
1
-3
-6
-10
-6
9
8
1
-8
-23
-35
-36
-37
-30
-25
-32
-37
-36
-35
-26
-24
-45
-60
-61
-49
-39
-45
-36
-32
-38
-34
-32
-33
-37
-33
-22
-10
-6
-6
-14
-15
-7
6
25
34
30
16
8
9
10
23
34
37
31
30
32
25
31
40
49
55
45
29
8
10
30
39
38
33
12
-3
-2
-3
3
-4
-17
-11
-5
-1
-7
-21
-37
-52
-48
-26
-24
-20
-19
-28
-29
-21
-14
-25
-36
-38
-35
-24
-11
-7
-4
-2
-7
-5
9
11
12
12
8
9
14
23
35
41
42
47
44
43
43
42
37
32
39
39
28
20
12
8
10
9
7
16
21
9
-8
-23
-26
-12
-8
-11
-14
-11
-10
-23
-24
-21
-25
-19
-26
-37
-36
-40
-28
-23
-31
-32
-29
-18
-8
1
1
-8
-3
8
16
18
16
15
12
23
33
26
16
11
15
19
20
23
28
33
33
22
19
27
30
14
1
-2
7
16
7
3
-6
-10
3
8
10
3
-6
-14
-19
-17
-22
-22
-26
-29
-27
-26
-18
-17
-24
-36
-47
-42
-26
-14
-4
-2
-3
3
9
8
9
12
11
8
1
-3
-1
-1
1
-2
-5
-2
7
17
12
0
-6
0
24
29
14
0
-15
-18
-9
6
4
-2
-4
-8
5
5
10
-1
-20
-6
13
29
23
8
-8
-14
-12
-2
19
27
28
19
-2
-16
-12
9
28
31
19
7
-4
-9
-3
9
12
4
-7
-12
-1
16
17
8
7
-3
0
1
1
16
21
19
9
1
-5
-11
-3
-8
-6
-6
-6
2
-5
2
10
20
27
24
16
3
1
12
8
10
26
19
1
-19
-27
-16
-11
-9
-18
-24
-10
8
18
17
13
0
-12
-18
-19
-11
-10
-20
-25
-31
-35
-33
-26
-12
-13
-19
-21
-13
-8
-10
-16
-3
5
-2
-5
-9
-10
-10
-16
-16
-16
-4
5
6
3
-1
2
7
19
30
29
18
9
3
8
14
10
0
-13
-18
-12
-1
10
13
8
-1
-11
-9
10
21
13
0
0
-9
-10
-9
-15
-28
-17
-3
-3
-6
-4
14
13
5
-2
-4
-2
6
21
28
22
14
1
-13
-20
-7
21
26
14
-10
-18
0
17
12
-1
-7
-5
-3
6
15
26
27
11
-4
-7
-5
5
10
3
0
0
12
23
14
-8
-20
-13
2
21
25
16
6
-12
-16
-6
1
7
17
18
8
0
-4
1
4
-2
-3
-8
-11
-7
3
2
-16
-14
-9
-8
1
1
-9
-26
-35
-16
10
16
10
2
-3
-1
1
-7
-8
8
15
8
-4
-8
-22
-31
-11
6
6
15
21
13
3
-1
-5
-13
-6
7
9
7
-8
-16
-7
0
5
-5
-15
-4
3
16
13
-6
-11
-14
-3
16
21
13
-11
-25
-18
-12
18
40
27
5
-14
-25
-13
14
29
26
4
-1
1
-1
-11
-27
-24
-13
8
15
6
1
0
1
-2
-1
10
14
14
13
-5
-12
-10
-2
2
-11
-14
-13
-6
9
13
1
-9
-11
-5
5
7
-1
-5
-14
-10
2
-2
-4
-3
-10
-8
5
12
17
15
5
4
-7
-12
-3
-1
1
6
8
12
14
13
2
-16
-15
2
11
15
7
-2
1
4
7
15
5
1
4
6
13
19
10
-6
-16
-17
-9
-3
-4
-9
-16
-14
-10
-6
11
17
25
11
-11
-13
1
14
16
14
5
3
5
3
-1
-3
-13
-16
-8
-5
0
8
10
9
8
14
19
16
12
6
-7
-14
-9
-5
-1
0
-2
-2
5
5
-2
-10
-17
-29
-17
2
16
16
-2
-14
-15
5
14
3
5
-1
-6
-2
-8
-15
-24
-14
-5
-7
-2
-1
1
-10
-26
-20
-7
-5
-8
-7
-2
3
9
17
25
13
-5
-17
-13
11
22
26
10
-12
-30
-28
-7
19
27
19
13
0
-10
-11
-3
10
13
2
-12
-12
3
15
19
14
0
-7
-5
-5
-2
2
0
0
-2
-4
1
6
5
-3
-8
-10
1
17
9
-2
-17
-17
-3
-3
-10
-2
4
3
9
10
9
10
9
23
23
17
14
-6
-6
3
6
18
11
-2
-2
-7
19
43
32
15
-2
-16
-27
-20
-5
0
6
2
-7
0
-1
9
19
1
-17
-16
-8
-3
-3
1
2
2
9
6
-3
-13
-27
-20
-14
-9
1
-1
-7
-11
-21
-14
-17
-26
-18
-9
7
12
9
2
0
1
12
13
5
5
6
0
-17
-23
-10
5
-1
-7
-21
-21
2
13
16
13
0
-2
-9
-11
2
15
17
15
-2
-19
-22
-14
-2
5
11
4
5
10
15
15
2
-6
-15
-13
6
17
18
17
5
1
9
6
14
13
-4
-8
-5
14
23
4
-8
-23
-31
-8
9
21
27
15
-1
-17
-30
-30
-7
18
36
32
22
8
-8
-17
-22
-11
8
14
13
2
-13
-8
-2
-2
-1
-12
-22
-11
1
19
24
23
16
-19
-32
-33
-20
15
20
10
5
-4
-6
0
-4
1
4
2
12
11
10
0
-16
-15
-17
-11
6
5
2
6
6
1
-1
-4
-12
-10
0
13
21
14
9
-7
-18
-24
-27
-7
0
12
27
10
4
-1
-12
-15
-19
-7
10
27
31
6
-13
-17
-20
-26
-24
-17
-2
17
24
19
4
-8
-11
-10
-7
-4
6
16
11
3
-2
-9
-2
4
10
16
14
6
1
0
-7
-1
4
-8
-6
0
1
8
5
-5
-1
5
9
15
14
17
11
-6
-8
-3
6
10
1
-20
-21
-12
-13
-6
-6
-12
-11
3
16
16
17
15
22
18
8
1
-9
-15
-23
-18
-8
6
23
23
14
-6
-21
-25
-22
-7
3
9
1
-2
6
1
-5
-8
-10
-8
-1
6
12
10
14
20
13
7
-10
-21
-12
-10
-1
12
22
25
13
1
-15
-25
-13
-5
12
11
1
-1
-10
-9
-9
-15
-8
-5
-3
4
5
9
8
-4
-3
-4
-8
8
10
15
14
2
-4
-13
-16
-12
0
7
7
1
-3
1
0
4
9
15
16
16
6
-16
-22
-29
-14
10
21
30
15
-6
-14
-24
-14
-7
-9
-2
19
34
27
14
0
-17
-28
-24
-17
-5
18
24
3
-21
-28
-20
-1
12
13
11
0
-1
-1
-9
-12
-3
17
20
7
-1
-5
-8
-1
2
0
0
3
4
-5
-7
2
1
2
0
-4
-12
-10
2
2
8
15
14
24
27
10
4
1
5
10
-4
-15
-20
-15
-13
-6
4
8
18
9
0
-4
-19
-17
-4
2
9
9
1
7
-9
-31
-19
-11
-3
3
13
4
-11
-18
-8
6
11
16
5
4
4
-2
2
9
2
-5
-2
-3
7
6
6
17
8
-3
-14
-20
-9
-3
5
9
-15
-15
-5
0
14
-2
-12
1
1
19
24
10
2
-18
-20
-12
-15
-14
-18
-15
0
11
19
16
4
-9
-12
-18
-7
9
16
15
-3
-3
0
6
15
5
-4
-7
-1
8
17
28
23
5
-7
-7
-7
5
12
14
14
0
0
-1
0
11
15
4
1
4
17
20
1
-2
-8
-19
-21
-15
1
19
29
17
2
-11
-20
-2
14
7
-1
-6
-14
-15
-9
-9
-1
2
-13
-21
-26
-15
0
8
18
14
-2
-8
-8
-17
-8
4
13
5
-12
-14
-12
-2
2
2
6
9
23
27
7
-13
-14
-1
4
5
-6
-17
-15
-3
13
6
4
10
-1
-8
-9
-10
2
14
17
19
11
8
5
-2
-5
-12
-13
-6
-1
1
-3
-9
-5
-6
-4
0
6
2
-9
-9
-10
-2
-5
-9
-1
-1
10
14
2
-2
-7
-6
0
1
7
21
14
-15
-25
-24
-7
12
14
11
4
10
14
18
15
6
5
-7
-14
-18
-9
9
13
8
-4
-14
-19
-17
-1
14
7
1
7
11
-2
-9
-4
4
20
19
-1
-13
-9
3
14
10
-3
-17
-22
-6
-3
-4
0
2
3
-9
-17
-12
3
16
16
6
-11
-15
0
16
15
10
7
-3
-1
4
12
13
0
-13
-17
-5
12
14
13
10
-3
-9
-1
5
12
13
9
-2
-10
-8
3
9
2
3
4
4
6
-5
-12
-9
-10
-1
-2
-7
-5
-5
0
3
0
-7
-5
-2
-4
-7
-7
1
5
0
-6
-14
-14
-7
4
4
2
0
-5
-2
-3
6
10
8
7
-5
-12
-5
-3
3
15
20
21
17
9
2
-10
-13
-14
-10
2
8
3
3
2
0
5
5
5
-5
-12
-15
-17
-6
-3
5
18
25
17
-1
-16
-28
-20
-5
11
14
2
-12
-20
-11
1
11
15
17
1
-15
-20
-17
-3
0
1
7
9
3
13
8
-1
-10
-11
-2
-11
2
9
-4
-15
-17
0
18
30
30
22
12
3
12
16
23
22
11
-5
-20
-13
-6
5
14
14
9
-6
-17
-19
-17
3
16
9
10
5
8
7
-4
-9
-6
10
14
4
-6
-12
-17
-14
-8
-10
-10
-12
-10
-7
6
14
4
2
-13
-15
-7
4
11
11
7
-2
-1
11
21
17
12
-4
-17
-9
1
4
-1
-14
-18
-14
3
0
3
8
6
2
-12
-17
-8
2
3
6
4
3
0
-3
-4
-5
-9
-1
7
0
-6
-10
-6
-3
5
12
9
11
0
-15
-9
-6
-6
-2
-6
-5
3
14
8
2
-10
-18
-16
-7
9
11
13
19
10
1
-4
-14
-18
-5
2
11
13
2
-4
-13
-7
-1
3
8
12
16
5
-3
-7
-5
-1
10
14
6
-6
-13
-9
-5
3
-10
-6
10
9
13
8
-1
1
11
12
7
-7
-19
-13
-15
-5
-10
-19
-5
0
-9
-5
4
11
16
8
5
12
15
20
21
13
1
-9
-10
-5
-7
-16
-14
2
8
1
6
11
6
-2
-3
7
12
11
-2
-17
-14
-2
1
-1
5
11
6
-2
-8
-3
14
24
17
5
-7
-11
-4
-3
0
0
-2
-3
-2
-3
5
2
4
10
5
12
6
0
3
0
-8
-9
-10
-12
-9
-6
-9
-8
-2
11
16
-5
-24
-30
-19
-1
15
13
4
1
-1
5
7
3
7
9
5
-5
-19
-15
-14
-11
0
15
17
5
-7
-17
-10
6
20
14
-2
-7
-15
-7
5
14
22
11
-3
-10
-2
9
5
3
-1
-4
-6
-5
-2
-2
-2
-4
-13
-18
-8
7
7
1
0
1
-2
-6
-8
3
7
7
7
11
11
-2
1
2
-6
-7
0
1
6
-1
-12
-20
-17
-1
6
17
24
14
-3
-10
-9
-4
-4
-1
-3
-10
-18
-11
8
22
19
10
7
-4
-6
-7
-2
21
26
17
8
-3
-7
3
8
8
-3
-9
-13
-14
-3
1
1
14
9
5
8
6
11
14
15
11
0
-5
-3
0
-2
3
13
24
18
-6
-28
-40
-36
-25
-4
16
8
-11
-24
-28
-12
13
26
25
15
1
-5
-3
-6
-1
2
5
8
4
6
8
-1
-3
-5
-3
0
-6
-2
3
4
12
15
1
2
0
-8
-8
1
17
25
20
12
-8
-27
-28
-23
-10
-8
-7
0
2
-4
-14
-18
-20
-9
7
7
1
0
-1
-6
-9
-10
-14
-11
-6
-3
-3
-4
1
12
13
0
-11
-17
-9
17
35
19
-8
-21
-12
-1
2
5
-1
1
14
12
5
7
3
-1
2
0
1
7
14
7
-5
-14
-17
-5
9
14
14
9
-4
-4
6
9
3
-5
-7
-10
-13
-5
0
5
8
8
5
3
-4
-6
-4
-6
-4
9
18
0
-25
-30
-14
9
22
13
1
1
10
9
13
14
4
2
4
5
17
23
13
-9
-25
-23
-15
2
23
19
-1
-12
-19
-8
4
21
29
16
15
12
5
3
-3
-4
2
-7
-10
-8
-16
-10
-10
-10
-3
3
5
5
6
2
3
-7
-12
-11
-10
2
3
1
-6
-23
-21
-16
-10
5
14
18
8
-9
-2
-2
-2
0
2
13
14
13
14
7
-7
-5
-7
-13
-1
11
18
7
-6
-5
-10
-6
-7
-3
6
8
4
-5
-13
-6
-8
-13
2
7
12
-4
-18
-12
-15
-14
-11
-7
-1
-2
3
3
-3
-2
3
16
15
2
-10
-8
-4
-7
-2
-3
3
1
1
5
4
7
16
12
1
9
2
-1
-2
-7
1
12
21
9
-3
-8
-13
0
14
18
12
4
-3
-12
-5
9
15
19
18
11
-7
-16
-9
-1
1
-4
-9
-5
4
9
7
-5
-19
-14
-2
7
8
7
0
-6
0
0
0
-3
-8
-7
5
16
14
6
-2
-8
-12
-16
-5
0
3
13
24
15
4
-6
-9
0
9
17
15
-4
-17
-13
-2
7
5
1
-1
0
-2
0
3
8
12
8
6
-9
-10
-4
4
9
-1
-12
-11
-7
-1
1
-8
-15
-15
0
8
-10
-18
-9
-3
3
6
5
-3
-20
-29
-6
16
24
8
-5
-16
-22
3
16
18
12
-5
-13
-18
-4
3
10
14
1
-1
-8
-15
-18
-7
14
15
12
7
12
24
20
10
-10
-19
-7
17
25
9
-14
-30
-33
-29
-25
-17
-9
1
-4
1
6
2
2
-4
-1
3
16
32
28
15
-3
-22
-25
-10
1
8
6
11
10
5
11
4
3
-8
-8
6
8
-3
-13
-12
-13
-12
-1
3
12
16
7
0
2
10
12
-4
-19
-16
-2
20
16
-5
-17
-14
4
11
9
-3
-11
-1
-4
-8
12
22
12
3
-1
4
19
16
3
-8
-7
-2
0
10
12
6
0
-7
-9
-12
-8
10
18
11
1
-3
-1
5
5
-2
0
4
4
7
-1
-20
-27
-25
-10
8
8
2
-2
-7
-3
3
6
4
-8
-10
8
16
19
15
2
-11
-16
-19
-5
14
17
14
5
4
-11
-18
-16
-16
-13
-10
1
20
31
12
-9
-11
-3
12
29
25
7
-18
-26
-14
-9
1
12
6
-9
-16
-16
-3
8
8
1
6
10
6
3
-1
-6
-11
-4
4
5
-5
-14
-17
-14
-3
1
-2
6
8
-8
-11
-4
10
10
0
-7
-7
9
15
4
7
6
0
-3
-7
-10
0
13
13
3
-6
-4
-8
-22
-17
-16
-11
21
29
19
14
4
-8
1
4
6
3
3
13
7
3
-4
-19
-8
-5
-2
3
-3
11
3
-2
4
-6
1
15
24
18
4
-8
-8
-2
0
5
0
-4
1
5
-1
-7
-9
-15
-24
-16
4
8
6
-7
-23
-23
-11
4
7
9
3
-6
0
17
20
14
4
-4
-3
0
2
4
2
1
-5
-13
-8
-5
-4
1
13
22
18
14
8
1
-13
-26
-27
-7
8
7
4
-5
-21
-11
-4
-1
8
10
26
30
23
4
-14
-23
-21
-6
0
12
11
-8
-12
-7
1
7
9
-3
-13
-6
-1
4
3
4
-7
-13
-4
0
1
-8
-2
1
3
9
0
5
12
0
1
12
20
18
11
-10
-16
-13
-22
-20
-19
-19
-12
8
21
18
13
7
1
-3
-6
3
22
25
14
-13
-28
-18
-11
-13
-11
-3
3
11
14
3
-1
-6
0
12
12
10
14
16
2
-10
-15
-8
3
14
15
7
-4
-9
5
10
13
16
9
-7
-16
-22
-26
-14
-1
2
-6
-12
-10
5
18
17
14
7
2
3
5
6
1
-2
0
1
0
-10
-9
4
9
9
-4
-16
-19
-26
-18
-4
5
11
4
-1
-2
-3
-5
0
8
7
0
2
2
8
3
-13
-17
-11
-6
6
14
18
14
-3
-4
3
9
9
4
1
0
6
2
-3
-2
1
12
10
10
0
-9
-15
-7
10
17
15
10
4
-12
-20
-25
-8
17
21
-1
-21
-24
-12
4
6
-7
-16
-13
-2
14
19
9
0
-2
-6
-6
1
3
5
5
8
9
9
16
7
10
16
4
-2
0
8
3
-7
-22
-33
-29
-21
-12
-2
1
4
9
6
9
12
11
9
7
13
9
-1
-14
-14
-5
-5
-3
0
-2
0
13
16
4
-2
-3
0
9
17
21
8
-13
-20
-22
-17
1
4
2
-2
-15
-23
-23
-4
5
12
22
21
20
-5
-17
-16
-17
-5
3
-6
-18
-11
15
17
12
19
25
17
3
-2
-11
-2
5
0
3
-2
-14
-25
-17
-1
7
8
-8
-13
-9
-2
14
14
15
15
6
1
-1
1
6
6
-1
-9
-6
-9
-10
-5
-8
1
10
6
4
4
0
-7
-10
-19
-30
-27
2
18
20
18
6
6
8
1
9
17
19
25
1
-26
-37
-29
-14
5
28
23
14
-5
-13
-5
2
19
24
11
6
2
3
12
8
1
-8
-20
-28
-23
-3
9
-1
2
4
6
17
10
2
-1
4
2
1
6
3
2
-7
-12
-10
-15
-14
-17
-18
-5
-5
1
12
4
-5
2
-2
-5
0
5
5
2
15
13
-1
-1
-4
-7
-2
5
12
15
7
1
0
1
-1
-11
-14
-2
9
10
2
-10
-15
-12
-9
1
5
-2
-13
-11
0
5
3
7
4
-8
-15
-8
10
23
16
6
-3
-16
-25
-28
-15
-1
2
5
2
7
15
23
31
20
1
-3
-1
9
9
3
0
-10
-10
-17
-10
0
0
3
2
-3
0
8
2
9
15
11
6
4
10
3
-3
-3
-7
-8
2
8
9
15
13
-6
-22
-15
-3
6
1
0
6
2
0
-1
10
18
14
5
-2
-5
0
-6
-4
-3
-7
-1
-14
-12
-9
-3
15
14
3
-6
-21
-18
-2
9
24
25
10
-13
-26
-12
9
12
3
-4
-12
-14
-4
3
-3
-4
0
15
15
12
9
0
-6
-8
-3
5
11
11
11
0
-9
-5
1
6
9
9
6
-1
1
-9
-10
-17
-20
-8
-4
0
-5
-5
-2
-3
5
10
6
4
0
-6
-10
-17
-21
-9
-1
5
5
-10
-13
1
7
12
2
-6
-9
-10
-1
-4
-6
-4
-5
-3
-3
-2
6
9
21
17
10
5
-9
-15
-7
1
5
24
21
7
-13
-21
-12
-13
-4
0
-1
7
2
-3
-3
-3
-1
2
20
25
17
12
-1
-20
-23
-15
-2
19
27
18
6
-10
-14
-18
-22
-10
0
7
18
19
5
-1
-2
5
22
23
18
4
-11
-7
5
16
8
-15
-27
-27
-23
-13
0
0
-1
-1
-4
2
26
31
27
22
7
-2
-7
1
7
-1
4
8
8
11
-10
-33
-32
-23
-3
14
15
19
17
11
8
-1
6
17
10
3
-8
-15
-11
-15
-13
-12
-20
-9
14
25
21
2
-9
-10
-7
-4
-5
-1
4
8
8
1
-3
-8
-19
-23
-6
10
15
13
-1
-1
7
0
-7
-19
-14
-4
-5
-4
-3
7
16
8
0
-3
-6
-13
-4
-3
-1
-1
3
8
-9
-8
-7
0
2
-7
-13
-12
1
4
8
5
-2
14
10
-10
-16
-10
4
8
11
15
9
6
0
3
8
1
1
-5
-7
3
13
15
6
-9
-12
-19
-6
-2
-8
2
0
-3
-1
-12
0
13
10
10
-3
-8
1
2
5
11
0
-1
5
1
0
-4
-5
-3
-11
-9
0
5
19
20
26
31
16
8
2
1
4
-5
-11
-5
-6
-8
-11
-15
-9
-4
-2
-10
-6
10
29
40
43
36
15
6
8
-1
-5
-4
-14
-25
-26
-24
-15
-5
-14
-17
-14
-18
-15
-5
7
22
23
23
14
-3
-7
-7
-9
-3
5
6
-1
-17
-22
-30
-19
6
23
26
4
-12
-12
-9
8
20
13
3
-5
-11
-3
0
-1
-11
-21
-12
-6
-4
2
12
17
11
14
11
4
5
5
4
-7
-23
-22
-19
-18
-7
1
22
22
10
11
4
-9
0
15
23
16
-6
-18
-24
-19
-9
-13
-8
-5
-4
10
10
8
12
6
1
-1
2
7
16
17
4
-13
-24
-26
-23
-6
5
11
7
2
-1
4
15
7
0
3
2
5
8
3
-10
-28
-27
-11
5
9
1
-17
-10
16
35
39
26
0
-20
-12
7
16
14
5
-10
-15
-7
2
3
5
9
14
15
19
16
3
-10
-19
-16
-4
3
9
11
5
-1
-15
-21
-26
-26
-5
6
10
17
19
13
4
-2
11
4
-8
-3
4
5
-13
-16
-3
-9
-13
-7
-9
-5
9
18
10
-7
2
8
13
14
6
-3
-16
-16
-5
16
34
23
-3
-24
-17
-1
7
9
-13
-27
-19
-3
9
12
6
-2
-9
-15
-8
4
5
6
-7
-15
-4
0
15
22
14
-4
-16
-14
-7
4
-1
-8
-15
-23
-8
8
10
21
17
8
9
4
7
14
6
1
-11
-23
-8
-7
-9
3
0
10
17
3
7
0
0
11
1
-5
-9
-18
-5
5
7
17
5
4
7
-8
-13
-9
-1
3
-10
-9
-2
-7
6
7
-7
-4
3
5
1
-5
-9
-11
-5
6
6
3
4
6
-1
-6
-2
10
15
16
8
-13
-23
-18
-5
9
10
5
2
-1
7
6
-5
-10
-4
14
22
11
5
1
8
13
5
14
17
6
1
-7
-20
-17
-4
-5
-14
-14
-8
3
10
9
2
-7
-2
6
16
19
12
-2
-1
-14
-24
-10
7
18
8
5
-4
-16
-16
-9
0
3
3
-8
-8
2
12
13
15
14
4
-3
-2
0
-5
-2
-1
-5
-16
-18
-6
-2
5
6
12
3
-13
