SAMPLES:	19480
BITSPERSAMPLE:	16
CHANNELS:	1
SAMPLERATE:	16000
NORMALIZED:	FALSE
-13
-7
3
17
19
14
0
-19
-20
-3
8
15
5
-13
-16
-7
6
8
-1
-1
1
7
5
-4
-9
-8
-2
9
11
4
-4
-8
-1
7
7
7
11
4
-10
-13
-8
6
22
34
26
8
-5
-16
-9
-2
4
-2
-11
-11
-3
6
-1
-13
-20
-13
-5
4
11
7
-2
-12
-6
8
9
4
7
7
13
7
-4
-1
-9
-18
-23
-17
-4
11
10
-8
-17
-16
-11
-2
5
12
10
3
17
19
8
2
-4
-3
2
1
1
0
-6
-5
9
7
-3
0
-4
-13
-6
-4
-5
1
-4
-7
-11
-17
-20
-15
-5
6
14
6
1
-1
-4
4
17
21
11
0
2
10
3
-9
-8
-5
12
13
2
-7
-8
2
1
-9
-4
9
14
4
-3
1
10
11
4
-2
-2
2
5
11
18
12
-8
-18
-17
-11
-1
4
17
15
7
2
-6
-16
-14
-11
4
23
11
2
-2
-4
-5
-16
-18
-16
-9
-11
-9
4
20
27
10
-13
-17
-11
4
12
14
12
4
-2
-6
-7
-3
6
3
-7
-15
-18
-14
0
-2
-3
-2
5
21
16
5
-4
-13
-4
1
-2
-1
-3
-11
-16
-9
9
25
31
21
1
-4
-3
1
11
10
3
1
-5
-1
0
-9
-11
-10
-8
0
6
-2
-12
-18
-18
-3
9
26
25
2
-19
-23
-12
3
16
9
8
0
-4
3
3
1
-4
-13
-21
-5
-2
-2
2
5
10
8
6
-3
0
7
11
7
-3
-10
-8
-4
5
9
0
-1
7
9
3
-3
-4
-2
8
16
19
13
12
18
7
-5
-17
-20
-12
-9
-16
-20
-10
-2
0
2
5
5
-3
-11
-13
0
10
23
31
18
7
-2
-1
16
22
12
3
-12
-24
-25
-16
-5
-4
0
5
3
-5
-13
1
11
8
2
-6
-1
7
8
6
3
2
10
8
-1
13
21
11
-4
-28
-29
-11
0
5
-4
-8
-2
-2
0
7
12
17
20
6
-9
-14
-10
-2
-5
-19
-21
-13
-2
-1
0
0
1
-5
-19
-12
12
26
16
6
-7
-9
-1
-5
-8
-4
6
0
-17
-23
-15
9
19
6
-12
-24
-16
-1
8
12
14
7
-3
4
6
6
5
-1
-3
-10
-4
7
10
-2
-13
0
11
21
13
-2
-2
-3
-2
-3
-2
-3
-2
3
10
5
0
3
-9
-11
1
5
10
13
10
8
3
2
4
3
0
-2
-5
-13
-13
-8
-4
-7
-4
3
12
15
13
15
-1
-14
-4
1
16
26
7
-13
-26
-19
-4
8
20
14
-1
-15
-21
-18
-1
9
0
0
0
1
7
-4
-24
-16
8
24
33
31
14
-13
-21
-14
-3
0
8
3
-6
-4
1
1
3
3
-5
3
11
10
9
-4
-4
-4
-4
20
23
11
-15
-28
-21
-17
-8
-5
-1
-5
1
-1
0
5
0
5
7
3
5
13
13
3
-14
-32
-21
6
23
29
17
-1
-6
-15
-18
-4
-1
5
5
2
9
4
3
-2
-9
-9
-3
8
8
12
5
-9
-13
-20
-9
-1
-5
-8
-2
8
10
8
-6
-8
4
7
7
1
-5
3
4
-4
-17
-21
-6
7
17
10
-5
-5
0
4
-4
-1
11
12
7
-12
-10
6
14
20
11
-1
-12
-19
-8
-7
-2
3
-4
-14
-21
-11
-1
9
5
-4
-6
-7
-3
13
27
33
27
7
-20
-17
-6
11
24
15
2
-9
-10
-7
-6
1
16
31
29
22
15
12
10
-4
-18
-17
-8
-1
-3
-10
-22
-20
-4
11
10
-1
0
5
16
24
24
14
-7
-28
-43
-34
-15
1
10
11
-9
-24
-22
-21
-10
3
17
24
22
12
-5
-11
-3
11
19
17
10
-1
-10
-10
-13
-9
4
5
3
15
12
1
-15
-15
-1
16
20
7
-4
-11
-16
-11
-1
3
9
1
-10
-14
-9
-6
-1
16
13
-3
-14
-17
-16
-4
6
6
-8
-18
-9
13
41
42
17
-10
-20
-15
-3
1
3
-1
-6
-5
-6
-5
-4
-9
-16
-16
0
6
13
17
5
-6
-4
5
6
11
12
-8
-11
-18
-26
-24
-27
-10
10
13
19
19
11
4
-4
-5
3
11
9
2
-5
-10
-17
-9
12
13
4
6
0
3
12
11
10
2
-1
1
14
20
7
-2
-2
6
8
-1
0
0
0
-1
4
8
3
0
-1
-2
7
13
8
-10
-18
-21
-26
-4
10
9
6
-9
-26
-33
-28
-6
16
23
16
-5
-15
-7
2
7
6
7
9
10
4
-11
-4
2
1
-1
-8
0
1
-1
-2
-5
-1
8
15
4
4
3
4
11
4
-7
-9
-1
3
1
-7
-7
0
14
18
1
-8
-4
2
2
-2
-5
-7
-5
-1
2
4
10
19
13
0
-10
-12
-3
13
12
-2
-12
-19
-14
-5
-3
6
2
-13
-16
-11
-4
13
26
22
9
1
0
2
12
12
2
-6
-16
-16
-12
-9
-11
-13
-8
9
14
17
18
4
0
-1
1
5
4
5
6
4
0
-2
-7
-6
-6
-8
-6
2
1
1
-1
-14
-24
-21
-9
8
18
21
9
-8
-6
0
0
3
2
-3
-9
-17
-7
4
4
0
4
5
2
-7
-3
11
12
5
-8
-12
-10
-5
-6
5
10
8
11
-3
-12
-13
-3
5
6
7
-15
-28
-7
14
17
7
3
3
6
11
12
19
18
9
2
-10
-13
-3
-2
-1
-8
-5
2
2
-2
-1
6
9
4
-7
-14
-12
0
13
9
5
9
9
9
-3
-22
-28
-13
4
12
18
13
2
-11
-10
-3
0
6
2
6
14
7
-5
-10
-4
-10
-14
-5
-3
6
3
-5
4
16
21
15
-6
-16
-12
6
18
11
5
-5
-14
-14
-4
1
5
13
7
-4
3
4
-7
-9
-7
0
9
17
15
6
-8
-13
-11
-12
-8
-19
-20
-10
0
16
27
24
8
-10
-19
-9
8
13
9
3
0
-7
-10
-17
-13
-7
-12
-10
-7
-1
12
27
17
-15
-23
-21
-9
3
11
8
-5
-5
-7
-1
16
10
1
4
-2
0
16
33
22
-7
-25
-23
-10
7
8
5
-4
-10
-2
1
3
3
0
3
11
17
18
9
4
-3
-17
-8
1
-7
-17
-16
-4
13
21
9
-9
-22
-18
1
15
24
16
6
-3
-17
-16
-11
-7
3
-5
-14
-8
-7
-8
-3
-6
-3
8
11
16
17
21
23
11
9
4
-17
-17
-10
-5
4
-1
3
11
5
0
-13
-16
-4
3
17
23
16
1
-14
-18
-5
3
16
20
12
3
-8
-15
-10
4
19
24
20
18
3
-12
-6
2
14
9
-9
-13
-22
-24
-9
5
11
9
0
-17
-17
6
23
34
23
4
-7
-7
-9
-7
-13
-16
-2
12
19
-2
-22
-20
-6
10
12
11
17
5
-3
-6
-25
-20
-13
-4
9
8
-1
1
-12
-22
-7
-12
-3
18
31
22
-2
-2
-17
-21
-12
-14
-6
-9
-8
-12
-3
10
13
14
5
3
-2
8
12
17
31
21
1
-16
-24
-15
-12
-13
-13
-15
5
26
25
15
5
2
-2
11
26
20
11
-8
-25
-29
-23
-14
-8
-2
-3
1
-5
-11
-2
3
8
14
7
14
25
25
2
-8
0
5
-1
-8
-11
-15
-17
-10
0
-1
0
4
3
3
5
5
17
19
6
-3
-11
-16
-24
-25
-17
-1
17
34
32
6
-19
-20
-1
11
19
11
1
-9
-19
-13
-3
12
16
0
-3
-6
-6
2
3
4
7
11
11
2
0
6
-7
-3
2
3
9
-8
-6
-12
-11
2
-4
-2
-7
-13
1
3
13
30
28
25
15
1
-1
-2
3
2
-13
-13
-11
-7
-11
-27
-13
-1
7
13
6
-2
-6
-5
6
-4
-13
-8
-7
2
-3
1
8
9
12
6
0
4
7
-1
-2
-1
3
11
9
-2
-12
-12
-6
-4
-6
-2
-2
-5
-11
-17
-10
2
13
12
0
-7
-2
2
10
9
-3
-11
-18
-20
1
13
15
5
-17
-10
0
6
4
-1
10
8
0
0
0
14
15
5
0
-9
-13
-10
0
-1
-9
-8
-11
-17
0
14
18
18
14
22
29
26
14
-12
-22
-17
-6
9
4
-9
-27
-30
-15
9
25
17
7
0
1
12
13
7
0
-9
-7
3
7
-4
-14
-11
-8
-2
5
10
12
3
0
2
2
9
13
4
-1
-16
-29
-14
6
9
10
2
4
10
5
7
3
0
10
14
16
12
-2
-10
-24
-23
-5
-8
-11
-8
-5
14
20
11
6
-4
-9
-6
3
9
7
1
-1
-19
-23
-4
5
14
11
3
-3
-5
7
14
5
-3
-14
-18
-2
2
0
-4
-18
-19
-24
-20
5
18
22
17
2
1
-3
-13
-9
-2
10
9
4
2
-8
-13
-12
-4
4
0
2
-4
1
14
17
16
8
-4
-9
-10
-5
3
1
4
-1
-7
-14
-20
-12
7
23
26
11
-4
-13
-20
-8
10
17
20
19
7
-3
-5
-13
-24
-26
-10
14
12
-3
-8
-4
5
7
2
-7
-8
3
14
18
12
6
-2
-14
-22
-5
7
3
-3
-17
-17
-6
1
9
15
21
22
14
4
-1
-11
-6
-2
-9
4
5
11
9
-3
-8
-13
-4
7
10
14
16
2
0
-7
4
14
-6
-7
-16
-9
-1
-8
0
4
15
26
21
-1
-5
0
3
7
6
-8
-21
-21
-21
-8
3
7
7
0
-8
-4
5
16
16
10
-3
-15
-4
11
19
14
-5
-21
-19
-9
0
3
-8
-9
-8
-6
2
7
9
5
1
-4
1
11
17
16
5
-15
-11
1
6
6
-1
-2
-1
-5
-8
-8
-3
7
11
6
-7
-4
4
-2
-6
-8
-9
1
5
3
-5
2
-2
-9
-2
-3
5
20
15
7
-12
-25
-13
-23
-15
-3
7
13
5
5
1
-17
-18
-3
3
8
-5
-11
5
3
1
-1
-3
-2
-8
-10
-7
0
10
17
27
25
19
3
-10
-11
-8
4
12
22
25
16
1
-9
-12
-3
11
13
10
-6
-9
0
-7
-8
-10
-5
-1
-1
0
11
18
5
-2
-10
-6
6
20
21
15
5
2
11
6
-1
0
4
5
2
0
2
-7
-23
-21
-28
-23
4
11
10
8
0
1
5
6
-3
-9
-7
1
9
11
6
2
-5
-22
-23
-16
-7
3
14
19
11
9
5
1
3
7
11
14
11
1
-15
-26
-24
-19
-6
-8
-3
11
7
-3
-19
-18
-9
-6
-2
-3
-4
-2
-1
-5
-4
-4
-5
5
8
1
-1
1
4
3
1
9
13
-5
-15
-8
0
10
5
-4
-1
0
9
9
6
15
5
-3
3
10
9
12
6
-4
-3
-1
1
-8
-15
-14
-10
4
8
5
7
4
9
3
-2
-5
-10
-14
-11
-9
-6
-8
-25
-23
-5
0
3
7
5
1
-8
-2
0
10
35
34
7
-16
-27
-19
-2
21
29
16
4
-6
-9
8
39
34
17
4
-4
-8
-13
0
6
7
17
11
-2
-6
-16
-14
0
17
7
-7
-5
-3
-5
4
16
4
-5
-10
-12
-13
-6
5
6
-15
-25
-9
-1
9
12
-1
-13
-4
8
14
14
9
0
-8
-17
-8
13
26
17
-1
-16
-22
-9
3
3
4
1
-7
-3
5
15
20
8
-4
-10
-6
8
18
10
4
-15
-23
-13
4
14
12
8
3
0
-3
-4
-5
-7
-10
-15
-2
5
4
4
-1
5
8
3
-1
-5
-5
4
4
-7
-8
1
-7
-8
-6
0
11
6
-3
-16
-17
-11
-3
15
18
3
-11
-14
-7
12
20
8
-2
-11
-24
-28
-20
-14
-2
11
7
-5
-2
7
19
17
6
-5
3
18
12
6
6
9
14
-2
-24
-24
-23
-11
2
4
1
0
-6
-4
-5
0
3
5
19
14
2
1
10
10
-4
-14
-7
-3
11
37
24
0
-15
-28
-11
11
8
0
-7
0
1
-9
-4
1
1
5
4
5
8
5
6
7
7
4
1
0
9
6
-7
-7
0
0
4
11
5
-6
-7
-17
-30
-23
-11
-8
2
8
20
31
19
-2
-20
-14
5
18
24
22
1
-12
-20
-28
-20
-13
-3
3
10
8
3
0
-11
-13
-2
8
10
13
17
10
4
0
3
-1
-9
-15
-15
1
14
17
8
-7
-19
-9
1
7
9
12
20
14
10
-6
-17
-17
-12
-3
0
-2
2
16
18
5
-6
-11
-10
-1
2
-3
-2
-7
-14
-22
-27
-19
-11
-1
9
15
17
10
8
5
2
12
17
10
-6
-17
-15
-1
2
1
-3
-6
-4
-8
-1
4
6
8
1
-4
-9
-6
2
8
10
-1
-6
-13
-13
-6
-16
-10
-1
5
17
25
17
2
-1
5
9
17
23
11
5
-2
-1
8
15
15
9
1
-13
-14
-8
-3
7
18
24
13
-8
-14
-7
0
1
-2
-4
-7
-9
-8
-9
-20
-18
-5
6
12
4
5
11
7
2
-6
-12
-13
-19
-17
-17
-13
-8
1
12
8
3
4
8
-2
-1
1
8
18
7
1
-9
-19
-6
-1
4
10
-3
-4
1
7
15
22
20
3
-17
-14
-6
5
19
19
9
0
0
7
5
5
8
-4
-6
-10
-17
-14
-11
-9
-9
0
8
1
-2
-4
-6
4
14
16
11
-1
-12
-15
-4
13
20
4
-18
-35
-26
-15
1
16
5
-8
-3
-2
-13
-5
4
12
16
14
13
13
8
2
-3
-9
-5
3
14
12
5
2
-7
-5
-3
-8
-5
-2
-4
-7
-5
-2
4
-2
-7
3
10
21
23
4
-14
-19
-13
3
8
3
-5
-22
-21
-6
6
9
-4
-10
-12
-9
3
18
24
15
3
-2
2
12
15
17
-4
-10
-5
1
11
7
-7
-16
-13
-5
11
22
13
1
-8
-3
3
14
21
10
2
-7
-12
-16
-9
-1
2
5
-6
-11
-17
-23
-16
-1
13
23
27
11
-8
-19
-27
-22
5
25
32
18
-9
-24
-36
-29
-5
25
35
18
-1
-12
-3
1
3
13
15
9
-8
-15
-24
-26
-5
-1
1
-1
0
11
1
-3
7
2
7
5
-9
-13
-6
7
6
-5
-8
-12
-8
-4
-1
-1
0
6
0
2
11
15
16
11
5
16
26
10
0
-3
-7
-3
-4
0
4
-8
-16
-18
-15
1
19
14
7
2
2
6
-1
-2
-2
-3
-10
-11
-8
-2
-5
-9
-4
-2
-4
-7
-10
-16
-17
-14
0
2
-9
-4
0
12
19
12
2
-11
-9
-3
1
13
32
30
19
3
-8
-10
-8
3
1
-13
-18
-7
4
17
16
4
-3
-3
-4
6
22
29
24
9
-4
-7
0
0
1
-8
-23
-18
-8
3
13
9
-1
-2
-4
-5
3
14
18
6
-4
-5
-1
-5
-8
-9
4
11
5
-11
-14
-19
-23
-5
7
16
15
8
1
-7
-2
-3
-9
-8
2
9
9
7
-1
-2
-9
-19
-16
4
23
21
8
-5
-8
-4
4
10
11
8
17
10
-7
-16
-18
-12
-3
10
16
8
2
3
2
1
8
2
-1
-2
-7
-7
-3
7
7
2
-3
-18
-28
-21
-7
-1
1
3
-7
-2
3
-1
1
1
0
-9
-21
-13
-1
10
13
8
13
22
28
18
-4
-15
-8
-3
2
15
22
27
25
12
-1
-2
1
12
8
-3
-14
-21
-5
1
8
8
-2
3
-5
-25
-35
-33
-20
-9
-3
-7
-7
-5
0
2
1
-4
-4
-14
-16
-13
-3
10
13
7
-15
-31
-32
-10
9
12
15
16
13
1
-1
11
28
33
26
9
7
6
14
13
2
0
-1
1
-1
-5
-9
-9
-3
-1
-8
-12
-4
9
20
18
4
-10
-13
-10
1
-1
-6
3
1
-5
-11
-18
-9
9
13
10
-1
-12
-12
-12
-4
-2
8
21
19
14
0
-13
-19
-4
14
17
26
20
-3
-14
-18
-4
19
29
14
-7
-14
-11
0
7
18
21
5
-4
-12
-10
9
14
3
-13
-22
-16
-11
-7
-2
-1
6
5
-9
-13
-4
3
10
11
5
7
-1
-5
-11
-19
-12
-10
-8
-5
-12
-10
2
6
10
2
-8
-8
-6
4
10
12
4
-5
-12
-13
-2
-5
-5
-3
-5
1
10
23
31
15
5
1
2
10
3
-8
-9
-13
-2
8
3
3
0
-15
-26
-21
-4
15
17
18
14
11
16
6
-4
-13
-15
-10
-3
7
7
-5
-18
-19
-27
-14
10
17
12
-8
-20
-11
9
29
22
9
-5
-10
1
10
23
18
2
-6
-17
-19
-13
-3
-12
-15
1
21
35
20
1
-19
-26
-12
8
25
27
19
8
-9
-22
-21
-9
-5
5
0
-10
-2
-6
-4
-4
-3
17
18
8
0
0
1
3
5
7
12
8
1
0
0
2
11
9
-4
-19
-26
-13
18
28
13
-3
-13
-12
-2
10
10
12
7
-5
-2
1
17
19
9
-4
-17
-12
1
3
-12
-18
-6
7
17
6
1
-3
-8
0
-2
0
3
4
2
-15
-15
0
14
13
-7
-17
-12
1
17
20
5
-11
-15
-5
0
4
11
19
12
-7
-14
-17
-8
6
20
15
-4
-13
-12
-2
1
1
0
-6
-9
-2
-1
-11
-13
-4
8
9
-4
-12
-18
-21
-15
-5
4
15
21
18
8
2
-6
-13
-10
-16
-14
4
22
22
4
-16
-19
-5
1
6
-2
-11
-9
-8
5
11
6
2
7
8
12
11
7
8
6
3
3
-2
-4
-2
-9
-15
-18
-11
8
16
11
4
-3
-5
8
24
28
29
21
-1
-14
-21
-18
-4
3
12
8
1
0
-16
-25
-14
-1
12
16
12
9
5
0
-11
-18
-9
3
4
-1
-8
-2
7
6
-1
-5
-3
-3
-1
0
7
3
-3
-3
-7
2
1
-3
1
9
18
23
25
11
-7
-20
-17
-2
6
13
1
-10
-5
-1
3
10
18
20
5
-5
-2
1
-1
-7
-13
-8
-2
1
5
3
-2
-1
-4
4
12
4
-12
-29
-13
12
14
5
-2
-4
-10
-8
-7
3
14
9
0
-13
-16
-16
-13
-9
-6
2
2
-1
-4
2
8
12
16
8
3
-2
-11
-9
-8
-13
-5
3
6
5
-3
-21
-32
-13
10
12
12
17
16
9
-9
-19
-22
-7
9
3
0
0
-2
-3
3
3
2
9
5
1
2
5
15
13
5
-7
-23
-18
-2
3
20
37
27
5
-12
-10
-6
-2
0
-1
2
16
17
13
-2
-13
-1
9
23
17
0
1
2
-1
-8
-2
-3
-5
-4
-17
-17
-11
6
12
5
7
7
7
3
-1
-7
-16
-21
-10
1
2
15
6
-11
-12
-16
-16
-3
4
11
13
6
0
1
4
1
-1
7
16
14
10
1
-10
-14
-5
10
24
24
11
3
-10
-14
-11
-2
-1
-8
-10
-6
1
1
1
4
2
-2
-2
2
5
12
5
-10
-12
-14
-8
-2
-1
3
-7
-13
-4
2
6
6
-6
-5
0
1
9
8
-2
-11
-11
6
14
8
-7
-14
-3
6
14
13
4
-5
-6
-6
-10
-4
2
10
9
-1
0
3
1
-4
-15
-23
-17
-8
11
8
1
-2
-12
-11
-15
-3
8
7
9
12
1
-4
-5
-8
-1
7
4
1
-11
-24
-22
1
32
51
37
1
-14
-21
-21
-7
6
14
20
15
4
-2
-9
-8
-9
-2
12
14
6
1
-1
1
13
18
16
6
-3
-5
-11
-10
-3
-8
-6
2
-2
4
13
4
-4
-9
-5
4
3
-2
1
3
2
0
5
16
15
8
-4
-15
-11
-3
2
2
-4
-11
-15
-16
-2
13
17
4
-12
-9
3
22
26
1
-8
1
11
13
-1
-3
-2
-14
-13
-13
-5
15
21
15
-1
-6
1
0
-3
-3
-4
2
8
0
2
6
4
3
-5
-7
-1
5
5
2
-7
-15
-7
2
0
-8
-6
-12
-20
-19
-8
-3
-7
-6
-10
-3
12
30
20
-2
-13
-15
-11
0
5
4
13
12
3
-7
0
12
8
-4
-12
-3
5
7
4
-6
-10
-1
15
19
-1
-22
-24
-8
11
2
-14
-26
-34
-23
-1
13
23
23
11
-6
-19
-5
5
9
11
-3
-9
2
17
16
2
-10
-7
-4
-9
-7
-2
10
20
14
7
-3
-2
4
3
2
2
5
12
17
2
-10
-2
7
16
22
11
2
3
4
2
1
-1
-12
-12
-5
3
1
-3
-7
-8
-16
-10
13
22
20
3
1
5
5
13
14
0
-7
-6
-8
-5
-8
-2
-4
-2
-1
-4
0
-1
-2
8
3
-5
-6
-6
2
4
9
12
9
-5
-19
-13
-7
-4
1
-7
-4
6
10
6
0
6
2
-9
-19
-16
-1
12
31
23
6
4
-10
-10
3
19
18
-5
-17
-19
-11
-5
-5
-9
-18
-22
-17
-2
-1
11
15
0
4
2
-2
-6
-7
0
-6
-10
3
-9
-12
-4
-10
-2
4
4
1
-5
-6
-7
-12
-4
11
23
24
7
2
12
16
9
-4
-14
-11
-8
-2
-5
-8
1
15
12
-5
-13
-9
-3
-1
1
2
13
24
17
1
-11
-13
-6
7
6
-2
2
4
2
-6
-20
-15
1
12
11
5
2
6
3
-10
-14
3
12
8
9
-3
-4
-3
10
17
-4
-1
9
13
17
8
1
3
-9
-22
-15
8
22
9
-9
-20
-9
-1
5
12
4
-4
-10
-13
3
21
22
9
-13
-12
-1
3
6
-2
-6
-9
-10
-9
-7
-2
8
9
7
-7
-12
-1
3
13
16
14
14
0
-10
-12
-8
5
11
3
-3
-9
-14
-13
-13
-1
10
16
16
-3
-16
-19
-22
-2
14
19
14
3
3
-7
-19
-15
3
14
11
-2
-11
-17
-16
-3
-4
-6
5
4
1
3
7
7
7
7
1
0
4
14
17
2
-13
-15
-11
0
5
2
-11
-27
-23
-10
2
11
11
13
13
11
20
24
9
-14
-24
-12
-3
3
12
18
14
-9
-29
-35
-15
8
9
8
2
0
5
8
8
4
8
16
15
2
-5
-2
3
-5
-2
6
9
2
-1
-5
-7
-3
-3
10
9
-1
-7
-24
-22
-13
-5
3
5
2
0
-3
-8
-5
1
-1
2
4
1
-1
-7
-11
-7
-2
1
-5
-11
-9
2
12
15
18
15
10
0
-6
3
6
9
10
2
-7
-16
-16
0
11
4
8
8
11
18
5
5
-3
-12
-2
0
3
11
5
-7
-25
-34
-15
-8
-4
10
4
16
23
6
-7
-11
1
17
8
1
-9
-19
-11
-10
-5
6
12
15
5
-10
-9
4
12
18
3
-11
-1
7
30
30
8
-12
-25
-20
-10
-8
-1
0
-10
-11
-4
7
15
5
-5
-9
-14
-4
5
-3
-6
-8
-14
-17
-10
-5
-14
-10
-1
4
7
6
6
2
4
10
14
18
14
7
-1
-1
5
4
3
-11
-31
-24
-3
3
13
14
-1
-14
-21
-8
10
22
21
6
-13
-24
-14
8
18
11
4
-2
-12
-14
-7
6
19
26
21
6
-7
-6
-3
-6
-9
-5
2
2
-6
-5
5
15
18
15
10
8
8
9
7
-1
-10
-24
-27
-19
-8
6
14
2
-9
-5
-1
10
6
2
3
2
15
13
17
9
-5
-17
-29
-17
-7
-5
3
-1
-11
-7
-8
3
11
13
11
10
17
9
2
4
14
10
3
-3
-19
-21
1
17
10
-3
-11
-9
-1
9
4
-1
-2
-5
-3
4
6
-3
-2
-12
-20
-12
1
9
10
1
-10
-10
0
3
0
13
21
25
13
0
-10
-11
4
13
9
0
-11
-19
-9
6
13
7
-9
-10
-2
4
11
5
10
1
-13
-12
-5
5
10
-3
-13
-10
-2
-1
-3
-5
-13
-11
-9
-19
-9
8
20
17
13
21
14
5
-6
-10
1
10
17
-5
-20
-7
-3
4
3
-13
-13
-6
-1
3
-1
3
5
-8
-20
-16
4
28
27
9
-20
-35
-23
-15
-2
3
3
-1
-15
-12
-5
-3
4
4
5
6
2
2
7
3
1
0
-2
6
17
17
8
-6
-10
-2
9
22
23
16
4
-9
-10
8
24
20
11
6
-5
-8
0
17
20
5
-9
-20
-23
-24
-28
-28
-17
-1
10
9
3
2
5
7
7
12
10
0
-17
-22
-24
-11
10
17
3
-15
-9
5
10
14
4
-4
-1
-1
5
10
8
17
16
9
4
1
4
-3
-11
-9
-7
7
14
-8
-14
-3
3
15
10
-1
-14
-14
7
12
15
16
4
-2
-12
-22
-11
12
15
-5
-16
-21
-11
5
23
27
12
-13
-22
-7
12
19
17
8
-7
-13
-7
-14
-14
-14
-16
-4
2
-1
0
4
6
9
23
27
13
-2
-18
-26
-14
0
-3
-14
-19
-8
-8
-19
-15
-5
0
4
2
1
-2
3
13
6
5
10
17
13
4
-7
-12
-21
-17
-2
-2
-2
-3
1
1
-1
12
22
8
-4
3
11
12
2
0
-3
2
10
6
2
-12
-23
-16
-3
15
18
12
-1
-21
-21
-14
4
21
17
16
1
-9
-1
1
14
22
17
7
-2
0
10
15
11
19
5
-21
-26
-9
6
7
9
3
2
8
5
0
-3
-6
5
18
24
17
-3
-17
-13
-9
-3
-7
-17
-16
-17
-8
-1
0
-3
-6
-2
6
10
14
22
8
-4
-15
-13
3
1
0
-10
-12
-8
-1
0
3
0
-9
2
3
14
23
5
-2
-12
-15
-19
-20
0
5
5
7
3
8
6
-3
-4
1
12
9
14
7
-3
-6
-11
-2
3
8
1
-13
-12
-15
-6
7
10
-1
-8
-2
-2
10
7
-7
-17
-23
-12
-3
16
22
3
-2
-12
-6
0
-1
7
-11
-20
-12
-7
-2
-2
0
15
25
31
23
-1
-10
-14
-14
-3
5
10
7
4
0
-15
-19
0
-1
4
1
-7
4
4
-2
-7
-7
10
24
16
1
-10
-14
-8
5
9
5
1
0
-3
-8
-1
2
3
1
-14
-16
-4
19
36
30
18
3
-15
-18
-2
4
8
8
3
-3
-5
-5
-7
-8
-2
0
-1
2
-2
-5
-2
-2
3
10
29
37
16
0
-20
-36
-19
5
15
15
0
-15
-6
2
10
12
0
-13
-20
-12
6
26
25
16
8
-2
-2
-7
-3
0
0
4
6
-4
-23
-30
-9
15
20
13
-2
-12
-18
-17
-7
-3
-1
0
-2
4
11
8
8
6
2
-11
-13
-8
-8
-3
0
1
-4
2
9
12
4
-17
-15
-12
-2
17
18
12
3
-4
-11
-16
-11
-4
1
4
4
-6
-9
3
6
3
2
-3
-1
2
9
5
-12
-11
-4
10
18
8
8
8
2
2
-5
-10
0
0
0
3
-11
-9
-1
6
9
5
-1
-5
-7
-6
-6
-3
-2
-4
3
-9
-13
2
10
18
17
6
2
-2
-2
6
10
3
-8
-9
-1
8
9
5
-11
-25
-24
-10
0
19
31
11
-4
-6
9
31
28
11
-11
-21
-10
-4
11
7
-3
-1
1
11
12
17
21
17
6
-1
-7
-10
-2
2
13
11
10
10
-9
-23
-30
-37
-22
0
19
19
4
0
-10
-14
-6
8
23
13
-4
-16
-9
-1
2
-1
-14
-27
-21
8
24
25
11
-9
-27
-28
-22
-4
7
8
13
10
3
-1
0
1
1
-3
13
13
9
14
7
1
-18
-29
-17
-5
1
13
8
9
10
-2
-12
-13
-2
12
15
6
-4
-19
-12
-4
2
9
6
9
4
-10
-9
-6
-6
-8
-13
-10
-10
-8
5
5
-3
-11
-10
1
10
16
12
-7
-26
-23
-8
14
9
-3
-2
-1
7
11
-2
-3
0
-3
4
2
13
28
16
-7
-24
-15
1
13
23
17
7
7
1
-2
-9
-16
-6
3
22
27
9
3
-5
-3
-8
-8
-3
-6
4
8
8
5
10
2
-12
-15
-3
16
31
32
9
-19
-26
-13
-2
6
10
8
-2
-7
-11
-13
-2
0
-7
-2
0
-2
-3
-3
4
11
9
6
8
9
-1
-4
-3
-3
10
6
-7
-3
-5
-11
-17
-16
-4
1
-1
5
0
-11
-16
-8
10
19
17
11
13
10
-2
-18
-24
-15
-1
8
7
-9
-9
1
-3
0
12
27
24
4
2
11
6
6
-2
-22
-23
-13
4
30
27
9
-11
-18
-7
1
4
10
4
-2
4
7
12
6
-3
-1
2
6
8
6
2
2
-8
-15
-12
-18
-22
-18
-2
5
5
4
-9
-14
-15
-17
-5
6
7
0
-14
-13
-4
1
7
9
-3
-5
-2
3
12
-1
-3
-3
-5
3
10
14
12
-2
-14
-10
0
14
15
8
1
2
15
17
10
-2
-6
-8
-3
8
17
15
1
-9
-18
-10
3
5
3
5
0
-5
4
-1
2
11
10
8
1
-6
-8
-2
0
4
5
-1
-1
-10
-6
4
0
9
9
4
-4
-11
-3
-1
-3
0
-2
-12
-1
8
6
7
11
0
-14
-21
-16
-4
-5
0
-1
-5
0
1
-7
-9
-14
-14
-1
11
19
20
16
9
-3
8
16
10
7
1
-6
-31
-22
1
-2
6
2
-4
-1
3
-9
-13
-16
-6
24
33
27
11
-5
-13
-20
-14
2
6
8
7
-7
-11
-15
-19
-9
1
-3
-1
14
2
13
18
4
-2
-3
22
6
10
19
-7
-12
-8
0
-2
-2
10
-5
-12
8
4
-1
-3
-10
11
-13
-3
6
10
0
-20
10
1
-1
14
13
-8
2
7
4
-2
5
-9
1
7
28
10
49
12
-24
11
86
-108
-9
303
-418
137
396
-581
186
337
-415
110
164
-136
-7
146
-92
-66
110
-254
333
-395
-12
570
-801
357
60
-591
420
-270
46
146
-300
248
3
-176
142
194
-291
298
171
-372
573
-339
-17
373
-355
186
67
-50
-173
194
-180
-9
41
-141
70
-105
-32
41
-84
-51
172
-256
70
204
-395
51
292
-523
362
-52
-291
254
-187
34
20
69
-124
50
113
-91
139
-1
5
152
-23
222
-179
155
102
-281
341
-73
-93
122
27
-153
73
89
-271
171
27
-108
-84
151
37
-354
319
-12
-321
281
37
-319
272
57
-316
367
-124
-125
74
5
63
-29
3
174
-61
-179
449
-211
-247
642
-320
-122
607
-325
-189
512
-158
-304
474
-135
-258
324
-140
-145
160
-269
67
50
-73
55
-69
22
5
79
-211
174
98
-156
167
24
10
-250
153
210
-373
86
-44
-18
122
-284
-49
252
-258
-57
215
-114
4
-85
238
-69
-121
196
-127
261
-127
-136
256
-5
-162
203
87
-227
-8
112
-53
111
-250
16
388
-401
-218
329
-113
-234
230
-76
-47
-21
-93
180
3
-156
-71
178
-44
-175
-11
13
-19
-116
19
-15
-137
-27
-41
24
103
-75
-30
104
45
-3
110
-41
70
161
-7
-117
8
84
-94
43
-12
-42
-51
-5
-55
-35
51
-80
-96
158
86
-303
169
103
-192
156
47
-78
161
-1
32
99
-34
9
69
68
-116
81
-30
25
-42
-5
89
-282
134
-52
-17
46
-6
96
-131
169
8
-35
19
23
58
-5
45
-104
50
140
-225
80
16
-60
56
-79
143
-82
-35
73
4
-34
-21
67
3
-61
45
108
-78
-28
-47
74
-16
-100
97
-11
2
94
-94
-15
68
-2
46
-121
91
-11
-79
79
-66
-22
49
47
-91
134
-28
-168
152
108
-166
3
56
-20
-84
1
26
-85
19
-11
45
-165
64
68
-85
99
-57
74
-13
-17
16
54
-28
-45
-4
77
-59
38
-2
-6
72
-142
68
5
13
-52
55
55
-75
-30
111
27
-213
70
49
11
-48
-84
18
121
-43
-141
171
-48
-137
117
66
-172
18
18
45
-35
-88
36
0
45
-27
23
17
0
-101
48
99
-124
70
85
-45
-85
72
66
-124
91
-11
-57
53
32
21
-39
-18
129
-21
-14
-43
77
24
-125
33
71
13
-142
72
50
-114
5
-64
27
36
-34
-57
21
145
-113
-118
166
80
-83
-125
182
76
-136
45
81
40
-154
26
164
-19
-88
42
25
-24
-15
-43
30
22
-1
-73
83
78
-109
-87
107
-2
-156
45
68
-28
5
-76
-37
38
-132
51
109
-114
-2
134
-107
-29
151
-86
-17
125
47
-41
13
89
-51
58
-14
31
48
-26
0
-83
78
-21
-71
62
-70
46
-10
-21
96
-97
30
-33
-23
40
-50
-2
20
7
-153
101
102
-175
23
86
-15
-95
30
140
-22
-81
50
51
-105
50
71
9
-17
-22
96
-86
-27
130
-83
-71
117
-13
-60
64
-46
-49
-2
-35
-15
-124
121
-48
-137
87
-119
40
-43
7
37
-90
95
-51
37
20
-69
79
12
32
12
5
-3
2
34
-4
40
-24
65
-8
-18
84
-56
-22
50
-7
36
2
-28
18
-1
-42
-37
15
-41
-23
-29
-34
57
-56
-92
82
-42
-20
24
-19
95
14
-89
70
103
-55
13
65
71
-58
50
54
-130
113
13
-36
64
24
11
-91
23
-15
-69
58
28
-95
-15
71
-96
-127
124
34
-157
33
41
-28
-82
39
48
-54
10
-14
26
29
-14
52
22
0
-37
50
39
-16
81
-53
30
104
-63
-65
49
16
-36
43
-5
-62
25
-56
-78
113
7
-65
-31
29
41
-136
20
96
-40
-20
-8
43
-60
-2
95
-34
10
78
-36
-77
27
74
-79
-16
135
-4
-33
-56
108
-42
-83
54
8
-96
20
40
-22
56
16
-49
1
55
-58
-13
33
64
-46
-36
43
-64
27
2
-18
33
-20
-16
10
-77
41
16
-71
45
-11
2
-29
40
56
-97
10
25
8
9
10
74
4
-16
16
42
21
14
54
55
49
36
-1
100
2
-3
100
66
5
53
72
-35
11
3
33
-32
-8
28
-30
3
-55
-42
8
-34
-34
-51
12
-32
-65
-14
-85
-54
-66
-80
26
-31
-68
-1
-61
-98
-81
6
23
-96
-23
13
-45
-11
-34
-47
-49
-25
-33
-95
22
-53
-77
-60
-107
-97
-110
-114
-81
-108
-101
-79
-130
-145
-153
-53
-144
-204
-68
-83
-164
-60
-9
-100
-74
-37
-83
16
84
-18
60
102
109
36
82
174
59
88
191
213
99
95
203
175
140
149
162
185
153
242
139
124
281
126
126
186
221
184
123
290
231
91
257
288
219
298
271
299
273
363
234
262
382
268
324
235
307
259
174
222
221
159
66
93
-6
-82
-128
-178
-192
-342
-299
-407
-440
-404
-556
-561
-555
-530
-594
-615
-595
-545
-539
-582
-485
-465
-426
-417
-366
-313
-262
-190
-195
-59
-75
-51
23
-7
67
34
72
148
52
91
65
42
11
-68
-20
-101
-120
-148
-276
-316
-297
-317
-404
-392
-365
-471
-457
-424
-424
-427
-371
-308
-380
-238
-113
-121
-96
98
242
188
386
510
664
725
770
981
1045
1180
1238
1245
1483
1491
1410
1416
1636
1615
1000
1248
1359
1280
934
504
876
446
163
-137
-209
-24
-602
-846
-998
-882
-1079
-1508
-1303
-1212
-1259
-1596
-1462
-1195
-1204
-1073
-1157
-716
-589
-623
-460
-262
180
64
170
497
685
658
550
902
1069
891
863
1038
972
764
627
589
659
464
140
19
-160
-346
-592
-661
-626
-972
-1277
-1343
-1288
-1391
-1498
-1539
-1460
-1447
-1594
-1452
-1261
-1077
-1093
-1033
-797
-720
-544
-442
-201
-2
64
240
366
653
710
813
1049
1067
1322
1331
1478
1587
1619
1752
1681
1787
1878
1866
1719
1742
2081
1992
733
1000
1540
1535
1109
-178
532
598
-217
-726
-992
-60
-621
-1615
-1600
-1392
-1347
-2201
-1953
-1316
-1282
-1759
-2097
-1501
-1203
-1017
-1234
-623
-83
-579
-437
-80
741
609
438
1085
1191
1161
924
1286
1689
1530
1272
1297
1552
941
658
806
960
791
-41
-107
-289
-534
-803
-975
-792
-1266
-1742
-2032
-1699
-1629
-2000
-2099
-2033
-1806
-1939
-1872
-1605
-1349
-1330
-1341
-887
-632
-389
-301
-142
234
281
630
783
904
1098
1164
1339
1386
1614
1696
1740
1785
1745
1953
1895
1939
1960
2065
1928
1689
1953
2224
2264
379
687
1588
1531
1290
-582
478
439
-675
-969
-1457
-164
-844
-1835
-1846
-1758
-1530
-2641
-2192
-1549
-1310
-1807
-2437
-1574
-1501
-1119
-1342
-822
-240
-746
-364
-229
484
424
332
1019
1056
1082
899
1373
1519
1365
1471
1422
1467
886
814
946
931
884
84
-25
-206
-598
-816
-902
-732
-1181
-1650
-2037
-1787
-1785
-1927
-1866
-1890
-1770
-2027
-1949
-1579
-1174
-1116
-1097
-851
-639
-296
-261
51
442
489
734
693
1044
1252
1204
1390
1367
1719
1710
1793
1911
1816
2026
1809
1979
2074
2024
2052
2004
2299
2507
1888
146
940
1835
1985
1250
-488
691
230
-806
-1079
-1269
175
-699
-1741
-1866
-1928
-1645
-2530
-2043
-1347
-1145
-1746
-2382
-1939
-1702
-1136
-1278
-698
-374
-1054
-889
-751
170
325
328
834
342
497
631
1082
1370
1229
1379
1280
1047
569
846
1123
982
713
157
97
-328
-637
-685
-646
-575
-1153
-1676
-1851
-1623
-1667
-1746
-1838
-1770
-1718
-1804
-1729
-1627
-1233
-1136
-1010
-853
-697
-399
-333
-71
152
371
663
631
801
936
1168
1269
1429
1645
1486
1714
1845
2141
2170
1800
1952
2151
2376
2462
2530
2887
2375
757
1030
2323
2655
2025
278
516
823
-260
-494
-628
213
-169
-1715
-1847
-1716
-1394
-2011
-2150
-1427
-1359
-1816
-2473
-2103
-1670
-1320
-1313
-1298
-890
-1213
-1225
-1080
-518
42
66
286
-87
-172
205
677
965
910
1131
1096
845
330
503
917
1100
999
184
-10
-292
-305
-274
-509
-394
-923
-1283
-1551
-1426
-1127
-1376
-1573
-1797
-1475
-1437
-1384
-1269
-1162
-860
-998
-798
-657
-329
-17
-71
71
91
405
415
551
872
793
940
854
1359
1492
1229
1468
1712
2172
1883
1622
1985
2345
2722
2782
2706
2212
1023
1717
2690
2879
2103
648
1014
863
250
-9
139
858
-169
-1424
-1693
-1367
-1124
-1740
-1620
-1447
-1508
-2114
-2676
-2190
-1729
-1540
-1777
-1638
-1524
-1552
-1399
-1457
-962
-595
-215
-23
-441
-251
98
469
699
683
942
912
574
384
692
1155
1130
849
75
-171
-18
52
274
-209
-426
-853
-1283
-1201
-1113
-783
-1039
-1596
-1831
-1687
-1337
-1229
-1212
-1268
-1129
-1179
-1062
-858
-575
-278
-393
-55
96
222
202
170
579
733
957
1094
1406
1519
1112
1228
1725
2282
2363
1989
1981
2382
2813
2830
2649
1657
1888
2554
2523
2521
1400
1359
1210
352
290
199
783
393
-973
-1350
-1405
-987
-1255
-1510
-1292
-1421
-1841
-2353
-2117
-1504
-1106
-1628
-2012
-1661
-1390
-1002
-1118
-1074
-698
-587
-258
-281
-159
218
332
633
762
901
797
637
659
714
1001
967
1019
558
-121
-418
-264
140
-75
-548
-992
-1267
-1559
-1576
-1352
-1276
-1407
-1969
-2101
-1781
-1588
-1353
-1351
-1264
-1233
-1317
-1020
-548
-311
-251
-145
75
337
241
389
631
1043
1264
1141
1320
1513
1716
1786
1802
2045
2281
2447
2313
2276
2370
2437
2362
1588
2168
2347
2048
1596
604
1227
928
303
220
-40
496
-288
-1104
-1187
-1099
-818
-1298
-1152
-1317
-1441
-1657
-1950
-1443
-1194
-801
-1176
-1463
-1363
-1150
-446
-539
-411
-312
-285
-92
-325
26
469
753
620
590
735
516
426
326
850
923
659
521
0
-227
-617
-508
-162
-345
-865
-1410
-1671
-1861
-1660
-1607
-1634
-1848
-2211
-2060
-1882
-1691
-1475
-1376
-1191
-1100
-980
-711
-356
-70
100
177
362
719
800
827
887
1150
1596
1711
1734
1723
1724
1888
2070
2200
2301
2293
2347
2308
2142
2069
1253
1363
2133
2037
1693
361
161
535
-14
-4
-225
146
-62
-1360
-1571
-1306
-694
-834
-1222
-1061
-1088
-1251
-1576
-1283
-574
-59
-337
-959
-942
-669
-47
128
223
400
140
-11
-183
137
675
800
625
560
555
345
166
65
457
629
347
185
-288
-554
-823
-823
-402
-578
-1099
-1660
-1864
-1912
-1796
-1514
-1445
-1793
-2370
-2287
-1822
-1388
-1308
-1349
-1128
-1132
-1048
-782
-290
136
45
147
286
554
811
958
1149
1181
1208
1452
1756
1948
2016
1624
1858
2148
2012
2326
2361
2250
1984
1788
1406
1148
1708
1836
1401
659
111
264
19
-306
-433
-275
-17
-751
-1542
-1733
-1096
-842
-895
-753
-896
-897
-1348
-1413
-766
-38
453
-92
-550
-665
-473
221
554
823
722
321
-20
-131
382
889
994
710
558
398
31
-49
133
573
434
37
-248
-740
-1024
-1120
-770
-468
-991
-1661
-1987
-2098
-1998
-1720
-1386
-1493
-2123
-2514
-2199
-1595
-1215
-1178
-1277
-1237
-1188
-964
-557
-93
140
104
157
346
694
837
1064
1249
1356
1566
1667
1907
1911
1773
2033
2241
2279
2275
2278
2402
2361
2155
1598
995
1491
2176
1950
1010
33
63
220
-346
-654
-433
-25
-531
-1658
-2003
-1624
-1160
-1139
-1040
-969
-1013
-1360
-1592
-1104
-303
304
59
-328
-341
-181
225
495
872
1243
955
447
48
392
1135
1204
946
730
631
327
-82
-91
340
460
158
-323
-775
-1023
-1299
-1103
-754
-870
-1532
-2041
-2090
-2024
-1899
-1769
-1585
-1783
-2236
-2249
-1742
-1347
-1258
-1182
-994
-904
-1027
-822
-182
385
480
218
149
439
784
1158
1240
1289
1367
1512
1742
1694
1665
1736
2074
2274
2146
2106
2081
2221
2260
2048
1352
983
1595
1898
1678
768
71
88
-259
-464
-456
-163
-111
-1151
-1859
-1864
-1243
-957
-1098
-958
-1027
-1106
-1470
-1303
-545
210
400
-192
-463
-402
130
684
792
1075
943
690
303
83
822
1218
1176
779
552
577
124
-168
-55
261
288
-106
-666
-1145
-1331
-1290
-1115
-1041
-1428
-1865
-2122
-2235
-2108
-1821
-1420
-1556
-2050
-2304
-1947
-1278
-989
-880
-849
-846
-855
-849
-395
132
457
520
412
395
370
671
1035
1300
1335
1212
1439
1635
1589
1497
1644
1962
2101
2051
2051
2188
2116
1978
1564
1183
1621
1825
1632
978
348
352
67
-357
-617
-330
56
-571
-1471
-1892
-1524
-942
-886
-855
-889
-965
-1187
-1330
-820
53
566
209
-271
-411
-91
463
812
1160
1191
785
389
236
695
1291
1286
930
674
631
386
-88
-94
191
240
7
-485
-950
-1369
-1500
-1189
-967
-1224
-1895
-2168
-2178
-2135
-1880
-1654
-1434
-1842
-2259
-2094
-1630
-1092
-1012
-921
-795
-807
-710
-593
-147
169
244
437
573
725
627
662
724
912
1223
1418
1627
1406
1309
1329
1405
1575
1766
2123
2295
2050
1647
1281
894
1315
2032
2012
1284
105
-209
125
-6
-281
-532
-334
-510
-1349
-1798
-1639
-949
-846
-909
-850
-869
-868
-1190
-927
-117
717
855
169
-185
-121
424
982
1284
1574
1378
800
242
332
1070
1653
1404
841
620
341
144
-129
96
395
36
-339
-952
-1327
-1443
-1330
-1043
-1236
-1856
-2224
-2171
-2045
-1888
-1744
-1676
-1744
-2071
-2014
-1358
-943
-828
-1015
-949
-729
-539
-272
-36
395
448
259
207
423
796
943
926
855
926
1070
1234
1402
1297
1261
1293
1459
1669
1707
1932
1952
1741
1608
1220
796
1340
1835
1733
865
-93
-118
-136
-340
-455
-394
-247
-804
-1647
-1873
-1444
-880
-978
-1021
-918
-785
-769
-1163
-923
-140
710
739
161
-31
138
689
993
1296
1537
1255
808
425
728
1357
1482
1173
743
560
391
79
45
187
326
52
-538
-1190
-1468
-1257
-1092
-995
-1360
-1917
-2203
-2340
-2154
-1855
-1584
-1550
-1977
-2226
-1998
-1430
-1115
-1051
-921
-764
-571
-585
-466
-67
294
443
498
483
555
616
659
833
941
1052
1200
1280
1239
1237
1367
1499
1485
1535
1758
1960
2124
1826
1536
1076
847
1523
1776
1572
674
-43
-118
-225
-475
-577
-352
-434
-1088
-1822
-1988
-1332
-953
-1064
-1107
-1130
-901
-1140
-1299
-710
198
715
279
-238
-157
365
790
1013
1355
1410
1184
640
482
1061
1570
1543
1014
876
943
671
214
7
280
454
143
-197
-749
-1095
-1304
-1214
-945
-1118
-1442
-1889
-2148
-2251
-1955
-1561
-1589
-1799
-2070
-1876
-1429
-1400
-1196
-969
-648
-527
-612
-401
-20
221
211
340
572
830
788
581
604
825
1065
1218
1298
1303
1215
1227
1373
1481
1533
1728
1864
1951
1813
1701
1460
927
1159
1684
1737
1033
158
-4
140
-338
-575
-443
-366
-698
-1606
-1901
-1443
-1064
-1172
-1335
-1365
-1186
-1235
-1438
-1142
-335
119
-141
-583
-541
118
443
463
689
941
1059
720
409
752
1163
1202
932
909
1192
1073
435
-82
250
779
609
120
-234
-368
-779
-1100
-888
-584
-816
-1366
-1660
-1675
-1601
-1590
-1510
-1449
-1541
-1581
-1379
-1284
-1223
-1115
-795
-565
-623
-526
-174
20
-90
-195
91
635
733
427
209
385
693
872
939
1119
1175
952
897
988
1280
1525
1535
1481
1429
1508
1548
1231
908
1066
1493
1587
1066
546
471
486
84
-362
-207
289
234
-528
-1157
-1125
-857
-882
-982
-814
-610
-681
-970
-1074
-786
-569
-607
-615
-337
85
180
-213
-516
-410
-46
281
286
233
120
-54
-169
-66
216
389
271
6
-49
76
205
258
240
208
183
35
73
204
220
183
86
110
135
7
-111
-220
-201
-180
-215
-259
-382
-522
-715
-766
-735
-702
-699
-804
-955
-1119
-1064
-939
-1019
-1079
-1015
-768
-699
-796
-803
-617
-405
-369
-228
-1
236
283
204
384
712
932
1022
1104
1323
1492
1511
1543
1579
1676
1800
1878
1854
1693
1618
1663
1615
1412
1252
1251
1197
939
631
477
509
437
193
-86
-367
-587
-840
-944
-906
-836
-1058
-1571
-2013
-2059
-1748
-1567
-1723
-1929
-1979
-1908
-1794
-1720
-1459
-1174
-1087
-1127
-935
-398
5
0
-122
68
542
895
999
1070
1171
1279
1273
1315
1409
1481
1479
1365
1250
1129
1063
969
761
531
401
345
187
-105
-355
-466
-545
-747
-968
-1115
-1209
-1325
-1427
-1440
-1409
-1436
-1475
-1504
-1489
-1427
-1251
-1021
-905
-879
-798
-546
-262
-38
181
425
621
722
886
1162
1468
1681
1728
1725
1812
1999
2104
2049
2001
2060
2083
1909
1638
1500
1456
1350
1120
885
755
575
226
-193
-410
-415
-481
-769
-1160
-1421
-1564
-1717
-1858
-1900
-1862
-1934
-2115
-2246
-2180
-1947
-1763
-1679
-1649
-1517
-1256
-970
-722
-521
-311
-34
250
498
714
908
1112
1306
1476
1604
1668
1738
1771
1750
1660
1598
1603
1540
1338
1084
929
806
636
424
223
27
-229
-484
-655
-774
-891
-1038
-1215
-1389
-1519
-1596
-1622
-1622
-1624
-1650
-1647
-1610
-1576
-1555
-1486
-1305
-1060
-837
-709
-608
-497
-349
-163
83
390
674
835
908
983
1112
1295
1524
1733
1892
1945
1911
1907
1953
2039
2068
2033
1959
1857
1694
1478
1286
1150
1010
788
494
187
-91
-340
-606
-846
-998
-1133
-1342
-1639
-1859
-1902
-1862
-1854
-1873
-1839
-1786
-1764
-1708
-1559
-1330
-1149
-1022
-852
-645
-453
-298
-125
72
241
380
498
626
788
943
1028
1009
999
1085
1171
1174
1123
1066
1001
924
863
809
713
565
409
301
238
159
34
-124
-293
-434
-505
-525
-576
-694
-833
-892
-887
-921
-1008
-1070
-1058
-999
-952
-938
-932
-916
-867
-758
-593
-442
-351
-294
-177
-24
138
295
453
585
648
765
942
1109
1221
1266
1327
1374
1381
1398
1442
1504
1488
1375
1254
1159
1060
928
771
609
454
290
100
-125
-345
-507
-648
-821
-981
-1084
-1155
-1253
-1379
-1450
-1439
-1412
-1401
-1390
-1320
-1189
-1077
-1011
-952
-846
-663
-496
-402
-311
-167
18
121
157
247
410
560
625
680
791
890
942
964
1010
1075
1104
1079
1082
1152
1166
1021
850
847
897
790
572
464
434
290
37
-147
-256
-397
-586
-774
-872
-974
-1170
-1354
-1431
-1461
-1527
-1563
-1535
-1580
-1653
-1533
-1342
-1277
-1206
-1004
-803
-720
-556
-237
25
193
385
542
674
854
1108
1238
1312
1509
1551
1442
1415
1582
1632
1448
1414
1466
1363
1153
1056
1107
1005
823
758
677
494
290
253
233
52
-152
-230
-300
-550
-794
-846
-829
-944
-1142
-1235
-1301
-1412
-1498
-1471
-1363
-1307
-1321
-1315
-1277
-1192
-1041
-848
-666
-515
-358
-180
-54
51
292
585
789
896
1039
1189
1209
1263
1440
1571
1583
1529
1451
1349
1213
1077
934
811
706
492
143
-179
-364
-516
-752
-954
-1053
-1183
-1425
-1684
-1776
-1681
-1574
-1651
-1718
-1594
-1476
-1431
-1366
-1092
-687
-519
-486
-304
-1
221
335
608
936
1043
1002
1151
1340
1298
1246
1371
1531
1363
1132
1203
1220
912
753
897
870
667
531
487
439
296
186
245
310
281
178
99
23
-145
-258
-141
78
-75
-400
-441
-454
-680
-951
-924
-608
-588
-972
-1231
-1200
-1116
-1155
-1201
-1028
-774
-801
-927
-934
-744
-404
-295
-220
-24
162
332
396
399
582
921
1098
1062
1049
1154
1267
1190
1071
1207
1369
1244
925
696
702
693
463
220
209
138
-237
-560
-677
-689
-785
-1011
-1113
-1102
-1155
-1304
-1388
-1287
-1219
-1246
-1166
-1014
-959
-974
-927
-763
-605
-517
-371
-245
-213
-167
-114
23
240
323
342
415
454
492
565
724
877
814
782
852
932
953
973
1141
1216
1156
1086
1118
1176
1085
1044
1161
1250
1116
989
1067
809
329
252
652
836
290
-138
-186
-332
-725
-1063
-801
-458
-723
-1322
-1711
-1700
-1657
-1725
-1684
-1516
-1345
-1494
-1830
-1866
-1454
-1013
-924
-865
-565
-256
-266
-333
-27
515
873
886
841
1001
1232
1323
1318
1492
1857
1920
1555
1239
1366
1602
1491
1260
1192
1053
626
248
169
169
8
-304
-648
-990
-1301
-1427
-1459
-1598
-1794
-1922
-2042
-2169
-2181
-2063
-1942
-1959
-1968
-1843
-1595
-1326
-1183
-1053
-773
-391
-91
49
266
638
945
1137
1382
1685
1803
1806
1973
2256
2405
2363
2335
2390
2365
2284
2219
2172
2149
2026
1728
1523
1584
1671
1178
264
29
533
806
118
-839
-1016
-875
-1238
-1886
-1992
-1527
-1551
-2362
-3042
-2925
-2472
-2457
-2721
-2608
-2201
-2167
-2567
-2697
-2068
-1125
-756
-971
-1032
-644
-115
192
513
1090
1624
1738
1530
1618
2142
2679
2832
2726
2790
2882
2708
2385
2338
2557
2512
2087
1566
1173
769
322
158
130
-256
-1066
-1786
-2063
-2166
-2319
-2480
-2636
-2975
-3417
-3547
-3314
-3040
-2944
-2866
-2693
-2576
-2450
-2072
-1524
-1090
-817
-484
-51
253
438
807
1393
1847
1986
2008
2205
2492
2616
2700
2911
3098
3042
2827
2810
2953
2870
2600
2462
2417
2223
1992
2011
2061
1363
253
88
861
1194
214
-1007
-1180
-948
-1345
-2054
-2076
-1567
-1773
-2792
-3529
-3287
-2705
-2780
-3193
-3172
-2711
-2626
-3159
-3296
-2535
-1551
-1264
-1508
-1402
-903
-445
-187
242
1059
1741
1799
1491
1610
2278
2859
3125
3318
3499
3267
2676
2484
2886
3225
2975
2433
1899
1316
748
496
547
337
-414
-1275
-1805
-2042
-2179
-2349
-2650
-3088
-3456
-3526
-3401
-3318
-3249
-3153
-3111
-3081
-2901
-2386
-1815
-1523
-1394
-1100
-532
-57
143
383
918
1542
1867
1923
2054
2337
2586
2722
2932
3201
3241
3005
2797
2879
3117
3132
2831
2512
2355
2271
2148
2137
2162
1756
608
-114
542
1349
877
-676
-1476
-1136
-1137
-1810
-2216
-1847
-1697
-2673
-3747
-3827
-3115
-2770
-3149
-3406
-3292
-3119
-3358
-3449
-2804
-1925
-1529
-1805
-1828
-1268
-593
-157
76
641
1343
1654
1628
1731
2349
2958
3078
3162
3542
3692
3209
2753
3067
3692
3506
2777
2262
1923
1561
1136
1018
909
292
-608
-1286
-1516
-1640
-1935
-2385
-2826
-3146
-3364
-3445
-3494
-3576
-3614
-3554
-3349
-3219
-3103
-2821
-2447
-2097
-1771
-1253
-685
-463
-404
55
813
1411
1669
1805
2123
2417
2653
2914
3140
3362
3400
3288
3292
3427
3495
3376
2999
2724
2757
2710
2478
2193
2060
1915
1068
-11
208
1074
1019
-372
-1811
-1670
-1142
-1499
-2224
-2513
-2346
-2745
-3573
-3756
-3258
-2972
-3480
-3877
-3576
-3031
-2989
-3392
-3192
-2374
-1623
-1550
-1708
-1335
-656
-79
172
583
1310
1819
1862
1720
2122
2953
3402
3343
3254
3515
3589
3260
3094
3371
3572
3107
2550
2103
1739
1422
1138
1058
549
-398
-1042
-1293
-1555
-1986
-2358
-2537
-2881
-3534
-3859
-3668
-3584
-3696
-3849
-3693
-3355
-3289
-3190
-2944
-2548
-2044
-1488
-954
-619
-522
-232
482
1236
1718
1931
2223
2582
2689
2802
3204
3656
3782
3525
3376
3471
3462
3271
3109
3061
2947
2600
2135
1771
1503
1387
1388
1284
595
-641
-987
-294
28
-740
-1911
-2113
-1769
-2168
-2967
-3050
-2384
-2175
-2901
-3797
-3825
-3164
-2901
-2788
-2671
-2520
-2503
-2846
-2613
-1681
-717
-504
-975
-907
-166
590
880
965
1476
2046
2129
1828
1983
2721
3287
3179
2848
3075
3254
2907
2525
2659
3085
2954
2402
1752
1254
1049
917
827
477
-200
-929
-1511
-1812
-1851
-1926
-2352
-2974
-3402
-3442
-3312
-3369
-3394
-3268
-3149
-3153
-3255
-2974
-2292
-1604
-1323
-1416
-1232
-623
46
543
995
1424
1571
1605
1913
2470
2921
3062
3036
2924
2870
3041
3131
2914
2618
2504
2457
2214
1842
1548
1331
1012
737
613
430
75
-250
-348
-351
-955
-1715
-1432
-782
-816
-1751
-2428
-1974
-1642
-2094
-2532
-2245
-1606
-1704
-2361
-2631
-2251
-1898
-1888
-1712
-1382
-1152
-1370
-1610
-1302
-599
70
45
-139
104
513
826
926
1323
1898
2083
1887
1699
2149
2727
2796
2601
2595
2842
2640
2186
2026
2331
2537
2139
1552
1055
732
475
366
308
-43
-710
-1338
-1617
-1715
-1928
-2169
-2342
-2556
-2868
-3085
-2961
-2849
-2835
-2793
-2562
-2297
-2303
-2155
-1680
-1164
-950
-819
-370
142
374
484
876
1438
1693
1663
1765
2052
2246
2341
2446
2484
2343
2083
1952
2001
2089
1953
1540
1106
851
778
742
573
296
17
-244
-409
-594
-670
-637
-569
-548
-869
-1571
-1760
-1103
-531
-769
-1618
-1819
-1342
-1246
-1612
-1737
-1302
-983
-1359
-1790
-1567
-1102
-1021
-1148
-947
-503
-357
-657
-591
-29
575
748
512
581
920
1268
1392
1514
1869
2085
1963
1680
1757
2182
2285
2069
1866
1954
1893
1400
1087
1164
1377
1144
611
211
-29
-158
-318
-458
-592
-799
-1159
-1579
-1794
-1634
-1388
-1509
-1835
-2024
-2064
-1970
-1822
-1609
-1420
-1392
-1404
-1371
-1252
-981
-532
-237
-178
-188
-46
234
398
576
833
1022
1090
1064
1031
1134
1261
1368
1369
1244
1108
988
931
909
866
670
461
327
223
109
-95
-245
-373
-494
-524
-534
-594
-777
-923
-895
-824
-656
-556
-594
-950
-1029
-500
-109
-265
-749
-563
49
121
-282
-496
-26
471
273
-84
-93
299
425
340
390
506
500
231
349
663
791
579
276
353
594
758
645
328
265
435
571
398
154
199
280
247
164
277
337
89
-168
-123
287
507
383
82
-55
114
226
289
343
480
390
11
-130
152
491
306
-182
-377
-276
-157
-251
-377
-434
-595
-832
-1018
-897
-758
-709
-867
-1131
-1116
-1016
-794
-738
-769
-711
-708
-654
-636
-484
-258
-187
-205
-184
-32
39
-25
-9
171
383
316
215
150
159
259
309
454
365
207
152
111
155
248
452
496
256
0
30
258
583
753
682
201
-132
267
739
876
437
269
446
366
94
56
496
743
216
-368
-384
40
197
-152
-316
-327
-312
-601
-757
-523
-308
-317
-690
-835
-681
-416
-311
-437
-386
-183
6
-61
-114
170
478
615
615
724
912
875
981
1189
1473
1505
1322
1350
1342
1391
1359
1339
1318
1142
848
699
542
382
290
107
-96
-399
-733
-963
-1119
-1188
-1153
-1342
-1753
-2029
-2100
-1956
-1845
-1894
-1928
-2108
-2221
-2022
-1692
-1378
-1322
-1374
-1228
-1025
-734
-368
-63
93
145
240
533
844
1005
1163
1233
1255
1262
1270
1435
1437
1304
1216
1132
1070
905
802
691
546
380
260
143
-37
-82
-109
-149
-262
-432
-399
-236
-191
-294
-616
-313
26
9
-303
-420
106
241
-99
-364
-65
411
261
-219
-370
-57
223
30
-53
-62
41
-145
-392
-69
109
178
-206
-367
16
243
289
-19
-4
282
443
404
289
553
730
652
488
587
1047
1068
842
654
799
1100
995
902
748
757
710
453
392
404
490
166
-216
-453
-303
-200
-606
-825
-1043
-931
-1094
-1503
-1395
-1340
-1312
-1523
-1716
-1524
-1528
-1409
-1332
-1219
-1170
-1121
-859
-749
-485
-479
-272
-95
-6
321
371
467
459
582
872
947
868
797
887
934
885
755
748
814
580
428
339
235
175
-84
-52
-149
-375
-513
-597
-413
-470
-572
-691
-614
-520
-442
-306
-323
-187
-74
33
227
56
262
603
638
551
307
704
1049
821
513
552
898
869
510
377
567
613
272
169
233
235
85
-178
-71
-55
-57
-102
-250
-154
-181
-207
-273
-300
-79
22
-136
-321
-222
30
92
-128
-204
37
77
-44
-97
29
278
102
-33
45
111
180
65
36
173
232
130
30
-24
151
273
183
3
141
242
197
11
42
355
109
-99
-51
114
15
-339
-251
-7
-230
-453
-546
-501
-527
-615
-475
-602
-834
-846
-631
-651
-829
-847
-633
-517
-738
-768
-565
-395
-375
-491
-400
-203
-243
-195
-90
-27
-73
-132
34
189
111
35
165
240
195
150
261
397
363
355
428
474
573
715
714
703
791
951
1034
949
754
1010
1195
1141
892
648
965
1055
727
332
298
555
366
-87
-313
-248
-246
-596
-726
-829
-944
-1092
-1192
-1098
-1245
-1293
-1290
-1262
-1195
-1203
-1085
-980
-855
-656
-547
-410
-255
-11
235
343
554
727
924
1045
1165
1348
1476
1507
1487
1659
1703
1673
1594
1563
1624
1534
1294
1141
1069
973
879
625
406
225
10
-209
-338
-484
-701
-960
-1087
-1159
-1389
-1621
-1651
-1607
-1747
-1918
-1937
-1785
-1849
-1924
-1861
-1641
-1491
-1574
-1486
-1239
-999
-881
-705
-483
-299
-196
-16
274
416
458
642
863
968
941
969
1173
1187
1130
1136
1181
1109
988
992
988
809
601
564
520
387
229
114
16
-160
-291
-276
-368
-484
-587
-619
-604
-639
-556
-546
-666
-855
-492
-151
-225
-506
-539
73
216
-101
-201
193
671
468
173
346
736
829
504
544
833
973
694
429
660
842
834
460
334
513
542
438
107
96
323
287
35
-198
-28
195
40
-160
-143
87
102
-8
-47
72
218
166
150
186
300
335
254
274
314
263
237
238
236
193
29
-26
-17
-62
-201
-421
-521
-403
-436
-720
-882
-857
-708
-871
-1080
-1049
-983
-982
-989
-1010
-958
-940
-879
-759
-784
-679
-577
-493
-451
-351
-190
-122
-135
-91
115
231
160
78
148
346
387
193
133
240
298
176
23
40
87
23
-85
-154
-157
-117
-134
-154
-187
-193
-111
-122
-83
5
31
118
186
304
429
430
497
651
790
943
758
764
1053
1225
1128
742
848
1195
1134
750
566
817
864
512
228
282
401
153
-59
-69
-53
-127
-397
-401
-330
-356
-443
-526
-458
-430
-374
-395
-357
-283
-243
-174
-166
-60
57
92
96
144
280
313
233
285
397
468
333
238
314
349
283
161
131
101
56
-62
-154
-247
-307
-332
-447
-505
-594
-630
-700
-713
-717
-790
-847
-813
-738
-794
-837
-730
-624
-694
-730
-591
-398
-500
-560
-370
-124
-152
-305
-105
94
71
-30
137
327
256
184
325
507
389
236
336
460
394
261
281
381
291
105
85
149
77
-57
-151
-107
-139
-252
-284
-327
-341
-340
-304
-319
-387
-352
-249
-182
-166
-97
47
173
263
365
433
588
786
929
898
829
1150
1429
1399
1113
1071
1474
1590
1263
978
1087
1315
1020
616
512
629
531
86
-57
-97
-203
-530
-735
-641
-779
-1022
-1216
-1181
-1120
-1275
-1385
-1389
-1273
-1224
-1287
-1331
-1236
-1017
-917
-879
-864
-727
-526
-410
-306
-242
-59
122
203
276
349
515
596
662
769
819
845
878
974
997
945
923
961
965
857
784
731
699
691
583
390
137
208
281
68
-245
-378
-280
-385
-556
-618
-632
-723
-834
-810
-836
-935
-920
-820
-744
-873
-858
-691
-584
-610
-667
-488
-373
-351
-354
-251
-89
-107
-66
38
116
94
93
258
310
265
265
394
458
335
301
394
449
416
370
391
430
440
422
406
402
405
380
378
467
475
405
304
403
518
523
345
184
460
599
426
34
-24
398
376
-125
-421
-166
85
-343
-755
-604
-312
-515
-1002
-934
-630
-665
-1040
-1105
-729
-609
-826
-950
-635
-363
-450
-553
-395
-57
45
-50
-24
223
483
514
452
530
787
894
787
796
935
1116
1041
898
996
1044
988
831
810
894
816
607
493
532
467
307
137
100
117
-24
-176
-245
-289
-286
-392
-553
-521
-490
-479
-681
-805
-413
-438
-759
-801
-528
-279
-636
-729
-328
-310
-538
-490
-141
-213
-474
-310
-12
-40
-364
-161
143
51
-151
-157
114
96
-97
-89
80
72
-137
-162
-48
-72
-329
-360
-198
-336
-518
-516
-378
-457
-680
-605
-541
-580
-657
-610
-459
-506
-481
-451
-298
-87
-75
-82
51
373
445
404
598
907
914
664
941
1322
1246
963
965
1414
1394
979
838
1000
1168
871
570
556
708
624
175
69
144
114
-159
-410
-293
-294
-477
-659
-671
-587
-653
-783
-866
-751
-621
-683
-779
-704
-502
-509
-600
-485
-284
-192
-246
-130
17
98
220
260
361
504
631
694
700
877
1033
967
928
1072
1172
1124
1088
1119
1149
1036
899
857
814
749
603
358
276
247
8
-247
-356
-372
-607
-935
-941
-1005
-1258
-1407
-1404
-1447
-1706
-1739
-1614
-1707
-1789
-1702
-1580
-1584
-1544
-1406
-1252
-1167
-1113
-881
-676
-539
-404
-278
-40
103
189
387
527
593
670
779
892
916
851
907
975
900
795
760
786
720
605
535
422
336
323
220
106
117
168
94
-4
76
195
103
10
156
378
304
132
343
542
520
355
350
648
684
430
324
560
695
384
169
267
418
258
-43
29
126
-30
-258
-337
-206
-210
-405
-487
-417
-424
-532
-585
-512
-395
-407
-464
-448
-357
-273
-260
-208
-110
-33
4
53
146
217
275
317
377
438
455
479
519
580
575
542
538
515
498
475
464
413
343
300
215
143
108
29
-60
-124
-177
-263
-411
-494
-476
-540
-718
-791
-721
-746
-914
-957
-847
-820
-906
-924
-807
-742
-762
-716
-585
-491
-442
-343
-228
-127
-71
3
120
189
209
263
363
418
387
365
404
396
308
267
271
213
108
18
-35
-84
-160
-252
-302
-303
-329
-396
-424
-346
-272
-288
-293
-214
-113
-21
80
176
266
382
530
632
674
764
964
1109
1046
1008
1198
1371
1240
991
1061
1280
1152
792
695
880
806
363
94
186
207
-133
-452
-429
-386
-640
-972
-999
-880
-969
-1176
-1205
-1088
-1085
-1187
-1221
-1102
-970
-955
-950
-882
-718
-578
-529
-432
-241
-57
1
55
213
422
559
602
708
842
918
942
1004
1127
1182
1109
1046
1084
1101
1004
896
880
834
667
506
439
365
176
-40
-135
-190
-359
-555
-615
-592
-740
-967
-998
-918
-967
-1122
-1082
-922
-919
-1035
-975
-769
-697
-735
-663
-473
-377
-372
-282
-121
-45
-46
25
154
175
150
191
270
289
232
214
223
208
154
105
101
80
12
-62
-101
-135
-180
-203
-218
-246
-289
-287
-258
-247
-230
-208
-178
-134
-74
-22
38
130
208
271
339
432
527
609
689
752
824
899
913
901
967
1052
1037
933
914
969
902
746
666
688
634
439
274
192
103
-54
-193
-257
-348
-498
-656
-736
-808
-926
-1022
-1048
-1044
-1098
-1148
-1130
-1070
-1021
-997
-941
-825
-686
-578
-491
-350
-183
-45
55
198
377
499
597
692
798
879
919
981
1020
1030
1045
1027
976
925
886
826
740
640
558
434
311
258
150
-7
-137
-170
-202
-361
-469
-447
-475
-636
-737
-633
-582
-696
-756
-641
-580
-689
-685
-520
-427
-514
-539
-378
-290
-370
-410
-291
-207
-274
-314
-220
-146
-216
-299
-258
-207
-267
-329
-290
-248
-309
-383
-371
-323
-355
-403
-372
-318
-305
-347
-322
-229
-184
-198
-160
-54
22
53
110
229
319
384
469
556
636
701
804
917
991
1056
1128
1203
1218
1201
1235
1299
1310
1218
1133
1105
1076
969
811
712
622
470
272
112
6
-137
-327
-502
-625
-744
-889
-1026
-1130
-1198
-1269
-1338
-1366
-1359
-1337
-1331
-1299
-1222
-1123
-1023
-931
-807
-683
-545
-409
-269
-88
101
280
413
524
661
813
930
1013
1082
1144
1215
1252
1250
1235
1229
1231
1177
1093
1019
943
837
690
579
525
433
274
115
26
-43
-174
-318
-370
-379
-497
-659
-664
-593
-667
-824
-821
-732
-793
-889
-818
-707
-762
-839
-746
-664
-724
-735
-588
-505
-582
-590
-458
-400
-473
-492
-398
-339
-386
-399
-310
-261
-306
-332
-288
-253
-253
-221
-141
-107
-126
-130
-81
-13
29
72
132
170
192
238
304
376
449
522
586
625
663
730
777
821
844
867
924
943
924
929
978
989
916
867
895
877
780
703
660
594
471
357
300
213
77
-46
-144
-244
-386
-520
-600
-682
-778
-856
-906
-953
-1014
-1074
-1067
-1033
-1041
-1033
-975
-910
-875
-830
-704
-581
-497
-390
-273
-158
-34
93
201
297
416
531
612
692
793
872
912
934
960
990
1011
1012
981
947
917
861
821
771
686
586
479
406
322
216
109
0
-92
-159
-245
-357
-442
-491
-540
-603
-651
-656
-666
-697
-723
-743
-742
-733
-716
-688
-675
-659
-635
-597
-568
-566
-539
-509
-509
-507
-465
-424
-439
-456
-428
-387
-396
-400
-345
-312
-306
-287
-236
-181
-161
-141
-98
-30
22
74
143
202
261
317
388
464
518
557
613
678
736
788
851
897
920
935
942
960
976
992
1006
986
934
889
851
794
707
621
550
488
402
292
201
109
-16
-166
-278
-344
-427
-532
-636
-715
-784
-877
-942
-977
-1008
-1049
-1065
-1036
-998
-988
-964
-912
-846
-776
-702
-594
-462
-360
-280
-178
-66
31
122
232
357
468
562
620
654
717
782
831
855
854
850
830
807
773
731
699
655
596
529
440
354
274
189
113
36
-51
-119
-188
-267
-331
-381
-409
-458
-522
-569
-589
-600
-600
-584
-570
-555
-554
-540
-512
-481
-450
-433
-402
-367
-340
-314
-287
-248
-232
-233
-234
-232
-210
-180
-153
-149
-168
-174
-164
-157
-147
-128
-101
-77
-62
-50
-30
-2
37
73
104
147
191
246
292
325
374
431
491
534
566
596
632
668
700
728
740
749
749
748
744
735
725
692
652
601
562
527
485
418
322
232
142
81
23
-70
-162
-270
-362
-437
-518
-560
-607
-656
-702
-754
-775
-783
-797
-793
-771
-743
-698
-673
-632
-564
-518
-449
-373
-291
-184
-124
-76
-15
51
135
203
263
329
381
414
440
462
493
515
497
483
460
440
427
397
371
328
259
201
150
96
48
-3
-55
-106
-153
-184
-210
-241
-263
-292
-315
-313
-303
-291
-275
-272
-267
-254
-228
-197
-186
-169
-151
-132
-101
-85
-69
-65
-72
-66
-62
-49
-31
-33
-37
-49
-62
-74
-88
-96
-106
-114
-123
-120
-117
-135
-160
-169
-168
-152
-134
-116
-99
-72
-52
-48
-22
28
81
110
134
164
199
230
270
315
359
393
413
440
464
494
514
525
532
542
553
552
526
505
488
465
440
410
369
326
284
238
181
128
64
0
-53
-103
-146
-206
-245
-293
-362
-424
-472
-497
-515
-529
-538
-544
-538
-531
-522
-487
-463
-441
-408
-359
-304
-258
-206
-161
-125
-82
-39
18
65
112
160
182
212
244
264
287
306
304
298
290
299
301
276
254
225
186
150
123
101
77
36
6
-25
-54
-77
-102
-121
-149
-158
-168
-176
-181
-186
-190
-188
-185
-176
-153
-140
-145
-158
-144
-134
-120
-102
-100
-92
-92
-94
-115
-134
-126
-107
-94
-113
-121
-112
-105
-99
-99
-92
-81
-72
-77
-79
-64
-49
-21
-7
3
14
7
22
49
88
127
138
141
143
152
170
190
222
250
251
256
279
291
306
311
302
308
295
297
308
300
279
251
239
219
193
168
149
125
78
28
-4
-39
-73
-104
-143
-169
-189
-200
-212
-226
-244
-268
-275
-274
-259
-246
-236
-223
-214
-192
-156
-128
-108
-85
-61
-27
13
51
84
111
132
140
158
184
202
206
184
162
143
140
150
146
117
79
38
0
-29
-56
-73
-90
-116
-132
-156
-184
-198
-200
-189
-181
-170
-156
-156
-157
-146
-130
-92
-41
-3
13
13
32
59
92
111
122
150
153
151
152
150
161
165
172
155
128
116
94
75
77
70
47
23
-3
-19
-41
-53
-68
-82
-90
-106
-123
-142
-163
-173
-174
-171
-160
-167
-183
-187
-188
-174
-155
-136
-130
-132
-122
-112
-93
-72
-39
-8
16
24
18
41
78
109
120
121
139
153
160
159
147
149
153
154
142
119
111
96
72
58
48
31
10
-22
-46
-56
-72
-82
-89
-103
-109
-105
-87
-74
-68
-69
-79
-69
-34
-2
4
9
20
23
30
39
56
90
115
134
133
121
119
103
99
105
96
79
65
60
60
55
26
-11
-54
-76
-73
-76
-93
-116
-133
-140
-137
-124
-118
-127
-133
-130
-118
-101
-75
-39
-15
4
33
66
97
123
151
161
160
189
224
240
251
244
233
236
236
232
223
208
188
167
145
123
100
67
43
21
-4
-26
-59
-92
-119
-156
-177
-189
-198
-195
-208
-231
-257
-279
-284
-276
-268
-250
-245
-243
-224
-205
-187
-183
-170
-140
-106
-71
-56
-64
-60
-35
-15
13
42
63
60
46
57
69
91
108
109
95
81
86
102
101
98
92
72
55
40
35
42
44
37
20
5
11
37
40
34
30
21
43
67
77
79
76
72
71
81
102
127
149
151
129
117
121
134
138
136
114
85
60
31
2
-34
-61
-85
-121
-160
-198
-213
-216
-230
-253
-271
-282
-285
-281
-275
-259
-230
-210
-197
-179
-149
-114
-68
-17
14
50
80
108
136
157
196
226
246
258
265
283
287
295
292
285
276
259
246
229
214
197
175
163
134
82
30
-8
-23
-37
-64
-99
-133
-161
-203
-241
-244
-230
-221
-227
-239
-259
-278
-273
-232
-198
-195
-194
-197
-184
-158
-138
-116
-89
-49
-7
15
28
53
95
141
158
176
196
226
259
271
273
269
265
263
260
255
236
199
165
153
145
117
92
65
37
24
-3
-12
-16
-42
-65
-93
-114
-116
-115
-112
-137
-156
-151
-144
-131
-123
-119
-108
-106
-108
-89
-76
-70
-56
-35
-18
-13
-21
-20
-8
0
10
18
29
39
31
20
15
13
13
17
19
7
6
2
-10
-15
-25
-39
-51
-49
-65
-76
-75
-68
-62
-73
-79
-78
-77
-64
-47
-56
-57
-52
-45
-31
-34
-47
-47
-38
-28
-16
-14
-23
-40
-47
-39
-15
4
11
14
22
29
34
43
42
40
45
52
74
98
113
117
99
84
81
98
128
138
150
154
147
153
150
134
133
133
128
110
93
94
101
105
103
94
74
59
45
26
15
11
3
-14
-41
-76
-91
-99
-96
-96
-107
-116
-131
-140
-152
-165
-155
-147
-142
-136
-135
-136
-131
-118
-106
-102
-106
-94
-60
-40
-22
-18
-12
7
36
72
94
114
127
124
117
124
144
171
185
165
146
125
114
137
154
152
134
101
66
36
22
26
16
-3
-34
-57
-66
-85
-102
-131
-160
-164
-167
-175
-190
-212
-211
-201
-209
-210
-194
-188
-182
-170
-156
-138
-124
-116
-107
-88
-54
-17
16
40
51
56
61
75
100
140
170
171
173
170
162
171
179
180
179
160
159
164
150
140
118
104
98
92
85
71
53
41
15
-7
-22
-34
-31
-40
-43
-27
-22
-31
-39
-58
-72
-59
-45
-32
-26
-22
-22
-38
-46
-30
-9
0
-4
-19
-31
-31
-9
4
0
2
-11
-19
-19
-14
-12
-23
-37
-47
-55
-53
-56
-62
-54
-50
-54
-60
-63
-63
-58
-52
-53
-49
-50
-42
-32
-38
-30
-16
-5
-4
-3
5
18
48
62
66
65
60
69
75
81
104
119
122
128
118
106
113
102
89
82
74
72
64
52
37
24
5
-22
-26
-26
-29
-39
-58
-73
-79
-83
-91
-99
-103
-108
-114
-127
-124
-114
-119
-117
-118
-108
-87
-67
-42
-18
-16
-20
-11
4
30
51
66
84
87
89
91
88
99
108
114
119
118
120
117
114
102
81
69
68
74
73
52
31
19
20
23
20
14
5
-13
-19
-15
-22
-23
-25
-27
-34
-39
-53
-68
-71
-60
-47
-38
-26
-26
-41
-58
-71
-69
-59
-51
-41
-45
-70
-87
-89
-88
-79
-76
-73
-83
-93
-94
-87
-77
-72
-67
-54
-26
-22
-35
-39
-25
-11
11
37
42
40
23
19
36
55
73
94
97
105
109
105
110
105
112
114
107
103
98
99
93
88
79
59
50
49
50
55
44
26
6
-8
-25
-39
-48
-60
-66
-66
-70
-93
-112
-111
-112
-120
-124
-133
-125
-107
-109
-110
-104
-83
-64
-69
-71
-61
-50
-32
-13
-2
21
31
28
29
33
56
69
71
75
79
85
87
92
91
81
68
66
78
85
85
76
69
65
60
54
40
29
25
35
49
44
25
10
2
2
7
18
26
31
33
32
28
23
28
28
20
21
33
47
38
6
-17
-20
-6
1
6
5
-4
-23
-38
-37
-46
-42
-29
-26
-35
-49
-63
-83
-85
-81
-72
-63
-85
-104
-104
-97
-75
-51
-56
-73
-75
-68
-58
-50
-44
-38
-24
0
7
-4
-5
8
22
42
53
44
41
52
59
61
72
74
70
66
62
58
62
70
69
68
59
37
5
-15
-18
-17
-16
-17
-16
-31
-58
-74
-92
-102
-86
-74
-70
-84
-103
-117
-124
-116
-101
-88
-82
-75
-63
-61
-59
-42
-25
-20
-16
-6
7
29
55
70
87
95
94
95
105
120
130
131
128
131
140
150
152
140
122
116
118
128
123
106
93
79
75
62
46
37
35
34
27
27
21
3
-17
-27
-28
-31
-26
-21
-21
-27
-43
-56
-66
-63
-53
-46
-40
-42
-37
-38
-51
-59
-62
-56
-52
-60
-66
-74
-76
-73
-57
-57
-66
-64
-62
-56
-54
-46
-41
-38
-36
-46
-49
-30
-17
-14
2
4
0
-3
-7
5
21
37
45
36
26
27
41
47
40
31
33
28
28
33
23
7
-19
-32
-17
-5
-8
-26
-38
-41
-48
-50
-51
-50
-53
-60
-63
-71
-67
-53
-38
-36
-44
-54
-52
-34
-28
-28
-32
-26
-4
17
24
11
-7
-7
2
21
32
34
36
26
16
17
37
66
86
79
68
72
74
81
88
82
79
71
69
65
60
72
75
65
51
44
45
53
53
47
42
28
1
-5
-10
-15
-14
-8
4
0
-17
-26
-24
-11
0
-3
-14
-22
-21
-10
-3
-2
2
11
7
6
3
-5
-3
0
-3
-5
-10
-6
-2
-12
-18
-22
-22
-10
-12
-19
-23
-27
-38
-48
-40
-32
-29
-26
-18
-15
-19
-28
-31
-25
-24
-18
-18
-15
-10
-3
3
6
4
-2
-2
2
9
11
18
17
6
0
7
14
10
5
3
4
6
3
-3
-8
-10
-17
-14
-12
-18
-32
-54
-55
-44
-29
-24
-30
-31
-27
-32
-45
-54
-46
-30
-7
7
11
16
12
7
2
19
38
54
64
54
44
51
53
59
63
62
50
45
53
57
64
67
52
30
26
30
45
48
30
3
-21
-20
-12
-1
-10
-28
-47
-63
-56
-43
-30
-30
-50
-65
-69
-60
-37
-26
-15
-10
-12
-14
-2
4
8
20
27
25
17
21
36
43
52
55
49
45
41
38
24
22
23
24
31
23
21
22
21
16
13
6
5
1
-15
-26
-37
-42
-44
-54
-68
-74
-66
-52
-38
-34
-43
-57
-78
-81
-73
-46
-23
-19
-13
-20
-27
-30
-25
-16
-6
-10
-11
-10
-19
-15
-11
-10
3
18
22
25
21
5
13
31
39
51
49
36
27
26
23
34
40
29
16
4
4
13
27
35
30
17
5
0
0
2
-2
0
0
2
3
3
-8
-11
1
9
7
-4
-7
10
26
15
14
18
11
12
18
11
10
11
4
-4
-18
-8
14
16
14
11
-6
-8
-7
-13
-7
-5
-11
-15
-23
-26
-25
-28
-23
-13
-5
2
0
-10
-14
-12
-15
-11
0
0
11
10
2
1
0
14
20
17
6
2
5
15
12
4
16
16
6
7
11
12
2
-4
-3
5
20
23
24
15
2
-6
-1
8
10
11
1
2
1
-1
-4
-14
-14
-20
-18
-4
5
4
-5
-13
-13
-3
4
2
-16
-27
-22
-30
-39
-28
-15
-20
-28
-34
-28
-25
-26
-9
-1
-2
-11
-18
-7
12
14
10
0
-4
14
27
27
23
16
14
9
2
1
7
21
29
35
44
52
40
26
24
33
45
44
41
37
38
39
26
10
1
0
-3
2
8
6
2
-14
-34
-43
-57
-57
-43
-38
-44
-48
-46
-44
-56
-66
-58
-60
-46
-27
-18
-23
-30
-35
-43
-29
-9
2
11
26
35
18
10
10
22
37
46
63
62
55
62
59
54
50
54
54
48
60
68
57
43
30
10
8
25
30
20
3
-12
-31
-47
-42
-25
-17
-19
-30
-35
-46
-45
-43
-51
-45
-44
-37
-32
-24
-31
-44
-50
-46
-31
-14
-7
-24
-30
-24
-19
-1
1
-5
-8
4
18
16
24
29
25
31
36
23
8
4
7
16
32
34
24
12
10
15
22
29
35
39
29
11
-1
7
12
6
1
0
-4
-3
2
-4
-4
-4
-1
11
8
-5
2
6
-10
-24
-19
-10
1
3
1
-13
-26
-28
-33
-28
-15
-6
-3
-7
-20
-27
-30
-29
-21
-16
-20
-20
-29
-30
-38
-36
-23
-14
3
10
12
27
41
21
7
17
30
36
36
38
54
50
32
26
30
42
41
39
48
50
57
57
40
24
18
15
16
6
0
-2
-3
-11
-33
-44
-34
-22
-18
-27
-31
-39
-55
-59
-52
-40
-34
-41
-40
-41
-47
-55
-48
-38
-37
-31
-33
-18
-13
-1
1
-4
4
-2
6
18
19
19
18
22
21
10
19
30
35
47
49
49
44
38
31
24
28
39
45
45
24
5
1
-2
5
11
9
7
1
-10
-22
-18
-2
0
-8
-30
-43
-46
-48
-44
-36
-21
-10
-9
-22
-41
-56
-49
-42
-24
-14
-7
-2
-8
-11
-10
-2
13
23
19
10
-2
7
22
35
44
29
22
25
29
36
28
27
26
22
25
17
11
9
4
4
-1
3
18
24
22
5
-20
-25
-12
9
20
10
-1
-1
-4
0
-3
-18
-14
-3
10
16
14
-4
-17
-25
-30
-26
-15
1
9
8
1
-12
-12
-2
2
5
3
3
6
-1
-4
6
-5
-14
-12
-12
-11
-13
-20
-24
-25
-13
-10
-7
1
-6
-5
-2
4
13
1
-19
-22
-11
3
2
-8
-9
-11
-3
6
16
27
29
29
30
27
17
6
6
7
11
18
21
24
30
22
-2
-8
-1
8
17
6
-8
-18
-19
-12
-15
-9
-7
-4
-16
-32
-35
-35
-30
-26
-21
-20
-20
-27
-32
-15
0
3
6
-5
-5
-7
-6
0
5
20
20
16
23
8
-7
-11
1
23
37
48
47
31
12
7
5
12
8
4
22
31
36
33
11
-6
-20
-13
20
24
19
12
0
1
-17
-16
-12
-10
1
4
0
-12
-21
-28
-40
-32
-30
-31
-22
-11
4
2
2
2
-4
-11
-5
1
-1
-4
-10
-8
-6
-4
12
11
4
-1
-5
2
13
23
29
16
-1
-19
-27
-15
-4
9
18
12
-6
-17
-26
-16
13
24
21
9
-1
20
41
35
18
-6
-9
5
25
44
43
21
-5
-27
-29
-16
3
17
19
12
-8
-24
-22
-14
-6
-4
-12
-16
-18
-21
-28
-39
-43
-45
-39
-22
-20
-26
-29
-29
-26
-24
-13
2
14
15
4
6
9
8
20
31
33
39
30
19
24
18
27
37
37
45
48
41
38
33
33
35
35
26
3
-6
6
18
19
5
-11
-23
-28
-25
-25
-24
-29
-46
-49
-44
-42
-39
-38
-41
-49
-53
-40
-44
-45
-37
-37
-26
-9
16
30
22
10
2
4
17
30
29
17
23
22
24
51
61
59
46
30
25
25
39
38
26
21
7
4
17
18
0
-22
-27
-26
-25
-7
4
4
0
-24
-39
-31
-19
-8
-3
-10
-17
-32
-38
-35
-23
-19
-23
2
9
-8
-5
5
10
12
5
-2
-7
2
14
18
22
13
-2
-14
-13
-15
-15
2
13
15
20
26
26
27
29
22
11
3
-11
-16
-12
-8
-5
-9
-14
-5
-3
-3
1
-10
-12
-3
10
26
24
10
-1
-6
2
7
6
5
-6
-7
-1
-4
4
8
3
1
-3
-2
21
22
19
17
8
10
-12
-17
-7
-14
-6
-4
-18
-26
-31
-27
-17
-21
-21
-25
-22
-8
-11
-21
-28
-41
-34
-7
9
21
19
9
14
24
21
20
12
16
23
16
11
0
-9
-3
-2
-5
15
24
33
30
11
8
5
5
8
3
-4
-5
5
7
4
5
1
9
15
7
-9
-18
-25
-16
0
19
22
14
-7
-29
-25
-4
4
8
8
-4
-15
-16
-5
-2
1
-5
-14
-11
-8
-9
-13
-13
-7
-4
-5
-6
-4
5
6
6
3
-3
1
-1
0
8
17
13
-1
10
14
2
3
3
6
10
16
8
-1
7
17
23
23
9
1
1
14
19
3
1
5
1
0
2
9
17
10
10
3
-11
-19
-20
-11
-9
-12
-15
-7
3
2
-9
-24
-26
-36
-44
-36
-36
-24
-2
14
17
8
-11
-16
-14
-8
-1
-3
12
13
-4
-18
-27
-15
2
10
14
9
4
-1
9
23
27
22
19
15
10
12
11
4
-9
-7
-1
9
17
17
12
-2
-10
-1
13
19
17
5
-6
-13
-7
9
17
7
-8
-15
-12
-6
-2
-4
7
12
2
-15
-32
-26
-14
-7
-12
-10
6
18
6
-17
-24
-22
-3
11
5
3
2
1
-3
-9
-3
-8
-26
-27
-15
-1
13
27
22
11
4
0
15
24
29
24
7
0
-6
7
30
19
13
12
12
21
16
27
20
0
5
8
7
20
11
1
0
-4
-14
-21
-15
-7
-5
-10
-10
-13
-18
-23
-23
-16
-11
-7
-15
-17
-14
-19
-17
-23
-18
-6
-14
-21
-22
-15
2
2
-5
-11
-18
-13
3
12
20
25
25
6
0
13
34
36
14
-1
-4
9
34
47
42
24
9
5
-2
9
20
18
23
33
25
8
-6
-14
-12
-17
-13
-11
-19
-22
-27
-30
-23
-20
-12
-9
-14
-19
-28
-28
-20
-22
-9
-3
2
21
12
-2
-9
-5
6
3
1
6
-4
-15
-22
-23
-7
21
34
21
4
-8
5
9
24
26
6
13
9
6
1
5
10
7
1
-10
-10
-1
-5
-15
-18
-8
1
1
8
10
8
-2
-13
-3
9
12
13
16
2
-12
-10
-5
3
-1
1
12
18
18
17
0
-12
-4
8
25
32
14
-2
1
1
2
9
-9
-11
-5
-5
4
4
-6
-18
-16
-20
-20
-10
8
14
9
-8
-14
-17
-23
-18
-20
-13
7
6
-8
-6
-2
9
9
5
-4
-13
-9
-5
-2
0
-1
10
21
15
0
-2
-3
2
10
2
-2
3
12
17
14
8
9
3
10
13
4
9
13
4
-3
-8
-10
-5
-3
-2
6
11
0
-5
-9
-5
0
-13
-15
-7
3
6
-5
-25
-29
-12
2
4
-1
-11
-17
-18
-15
0
6
3
-3
-4
-9
0
18
28
18
2
-2
3
17
21
16
14
10
-5
-9
-1
2
9
5
3
0
-6
6
7
2
5
4
4
15
22
19
9
0
-5
-14
-16
-16
-10
1
2
0
-11
-21
-30
-26
-14
0
13
0
-10
-19
-15
5
13
15
6
-2
-2
-3
8
4
1
-7
-19
-13
-4
16
37
35
9
-20
-32
-27
-2
22
35
33
12
-4
-8
-13
-4
1
-3
-10
-18
-9
-4
-8
-12
-22
-26
-10
13
27
18
1
6
21
22
19
-2
-19
-27
-18
1
4
11
13
2
-5
3
7
22
25
7
-2
-13
-5
7
8
11
1
-9
-3
-4
-4
-5
-8
2
4
14
19
15
12
7
1
2
2
-2
-5
-19
-14
-6
-9
-4
-10
-10
-4
7
12
12
7
-4
-12
-15
-1
15
16
11
-8
-18
-20
-24
-22
-15
0
11
-2
-11
-2
-2
-2
3
8
8
17
16
4
-8
-3
-1
-5
0
-5
-5
0
8
9
11
17
6
4
6
10
15
7
2
1
8
8
4
1
-13
-17
-9
-4
0
14
18
17
6
-3
-13
-16
-3
2
3
-7
-8
-7
-10
-9
-6
-2
0
-1
-9
1
6
3
-7
-15
-9
3
20
18
4
-16
-38
-35
-21
-9
-1
0
-5
-3
8
11
17
11
-6
-3
8
17
19
17
3
-11
-15
-10
6
20
18
0
-11
-12
-9
3
16
0
-10
-13
-18
0
6
1
2
-1
4
8
7
7
4
-3
-13
-1
26
44
25
1
-17
-22
-9
0
1
5
-1
-6
1
7
3
-10
-4
3
5
10
14
15
12
3
1
-4
-4
0
0
-6
-18
-13
-4
7
9
4
2
-4
-2
5
5
2
2
-3
-2
-1
-7
-13
-9
-2
7
9
13
10
-2
-4
-10
-2
1
-1
3
-6
-6
-2
3
23
19
12
8
-2
-1
-1
-1
2
-2
1
5
-8
-9
-6
-14
-11
-13
-13
0
4
8
3
0
3
0
7
3
-7
-15
-27
-16
-3
3
7
1
-8
-1
3
-4
-3
-8
-2
6
4
10
10
8
5
0
5
6
-4
-10
-16
-12
4
21
21
9
-10
-19
-14
-8
9
16
3
4
1
0
-7
-11
4
9
6
-4
-8
-5
4
4
-7
-4
6
11
22
18
3
-3
0
3
5
2
-11
-5
-3
-4
-1
-6
-11
-12
-7
-5
8
15
12
5
-10
-9
2
17
21
2
-9
-21
-22
-13
-4
2
5
-2
-11
-2
10
14
13
11
0
-14
-10
1
0
1
6
4
5
8
6
4
-1
-9
-6
4
10
14
14
5
-1
-10
-10
-1
5
20
14
6
5
14
12
3
-11
-21
-1
15
16
3
-11
-13
-9
-14
-16
-7
-1
4
2
-7
-5
5
6
-7
-14
1
17
21
15
3
-7
-8
-1
1
0
1
-5
-9
-8
-7
-7
-3
3
8
-2
1
13
16
9
-8
-18
-12
-6
0
-7
-19
-7
-3
1
-2
-8
-8
-17
-13
2
25
33
18
5
-14
-17
-1
8
12
12
2
-13
-19
-18
-12
-3
13
16
3
-5
-5
0
13
20
7
-3
-8
-3
-5
-8
4
7
5
0
-18
-30
-14
3
14
19
18
5
-10
-19
-14
-6
6
6
-4
-1
6
13
10
9
7
-12
-24
-18
2
20
25
12
6
10
16
16
7
-1
-3
5
13
15
5
4
-4
-11
-7
-7
4
24
22
5
-9
-12
-1
9
8
12
8
-2
-3
-6
-6
-9
-20
-21
-19
-4
13
12
0
-13
-19
-25
-16
9
26
30
15
-8
-15
-13
-7
6
12
11
2
-1
-1
-2
-2
3
6
5
9
1
-6
-5
-5
-4
-2
-4
-1
0
0
7
6
-3
-6
1
6
-8
-15
-15
-8
-6
-3
2
16
35
26
3
-22
-28
-22
-8
7
16
21
16
3
-15
-19
-12
4
15
14
10
3
-1
-7
-15
-24
-26
-10
6
18
5
-14
-24
-22
-11
-4
4
1
-2
5
11
14
13
12
2
-4
-5
-11
-6
-3
-10
-16
-17
2
11
13
15
12
6
6
10
11
12
13
4
-9
-11
-6
-10
-16
-4
-3
-1
11
13
19
13
0
-1
1
8
16
15
-7
-18
-13
-10
-10
-8
2
6
9
3
-4
-5
-10
-1
0
3
10
3
0
1
-4
0
8
8
8
1
-19
-20
-11
-3
13
27
18
2
3
1
5
11
23
29
14
5
-5
-12
-7
-13
-20
-22
-17
0
8
13
11
6
11
12
8
0
12
29
25
8
-14
-23
-6
-3
-6
-9
-15
-8
-7
-12
-13
-5
5
13
14
5
2
0
-2
-1
1
1
-1
-1
-1
1
-4
-4
-10
-10
-3
-7
-10
-11
-10
-10
6
16
16
12
2
-10
2
8
1
3
0
0
16
21
2
-9
-17
-17
-15
-5
6
8
1
1
-3
-12
-6
5
9
8
-1
-6
-8
-15
-9
-1
-1
2
-6
-24
-21
-6
6
15
13
-3
-17
-23
-16
11
26
19
-4
-22
-15
-4
8
10
4
-3
-5
-4
1
2
1
6
7
8
20
19
7
4
-2
-8
-3
7
13
10
6
-4
0
7
2
-2
-7
0
5
5
2
5
3
-10
-13
-9
0
10
13
2
-9
-13
-6
1
8
16
12
0
1
5
1
-8
-5
2
6
15
12
6
2
-8
-15
-11
-6
5
15
16
5
-11
-12
-12
-3
-4
-2
15
11
11
9
4
2
12
12
-3
-8
-11
1
3
-3
-7
-13
-13
-7
0
10
13
2
-11
-24
-21
-13
1
13
20
18
7
0
-2
8
17
13
3
-5
-16
-14
-1
11
6
-4
-12
-26
-29
-7
12
14
7
5
11
3
1
-3
-8
-13
-23
-7
0
3
4
-1
-11
-17
-2
12
23
24
1
-16
-10
-2
1
1
10
17
24
22
-1
-23
-31
-29
-22
-5
6
0
2
9
-1
0
-1
-4
3
3
4
1
-1
3
10
-4
-11
0
11
22
15
9
-3
-23
-26
-20
-12
4
17
15
9
-5
-19
-23
-19
-8
3
8
17
18
5
-9
-10
-2
10
8
5
2
0
-11
-11
4
7
0
-12
-22
-17
6
14
10
-2
-8
-3
4
16
30
35
27
6
-12
-21
-19
-6
2
6
15
27
29
6
-8
-1
4
13
17
9
10
9
1
-3
3
15
11
-6
-9
-12
-11
0
7
2
-9
-6
-12
-14
-8
-1
7
3
2
-1
-6
-7
-11
-13
-11
-5
-3
5
14
13
7
-9
-24
-10
15
14
2
0
-13
-19
-16
-13
-15
-15
-10
-10
-5
6
6
4
-1
0
11
17
19
14
3
-3
-4
3
7
0
-5
-11
-5
-1
6
12
11
5
-5
-12
-11
-5
-2
4
12
11
7
-2
3
11
-1
-11
-14
-11
-8
0
17
15
1
-16
-9
0
0
10
6
4
4
-3
-7
-16
-19
-10
7
18
10
0
-9
-12
-12
-2
5
5
6
1
-3
-1
-4
-5
-2
-3
-8
-3
-1
8
9
-4
-7
-6
1
9
3
6
14
21
25
5
-7
-16
-22
-11
1
7
13
7
0
2
-4
6
19
25
20
11
7
6
1
2
9
1
-6
-9
-1
18
24
13
6
-6
-14
-10
-4
0
-1
-9
-8
3
9
-2
-13
-12
-18
-25
-19
-11
1
0
-10
-13
-12
-3
3
6
6
0
-1
0
1
-5
-9
-5
9
16
16
15
-2
-15
-22
-26
1
22
19
3
-19
-28
-24
-14
4
13
20
25
16
1
-11
-17
-8
-5
4
3
2
13
11
10
-1
-2
-3
-2
4
7
15
16
0
-11
-17
-16
-3
4
9
13
7
5
-10
-27
-15
4
20
27
20
4
1
6
6
3
-5
-5
-7
-10
-9
-10
-10
-18
-17
-3
13
19
16
7
-3
-6
6
18
21
8
-14
-22
-18
-4
8
26
25
6
-15
-35
-24
-7
1
11
13
14
7
-6
-22
-27
-9
7
17
22
10
-1
-2
0
5
9
2
2
-1
-6
0
0
1
2
-10
-19
-21
-5
16
25
23
8
-7
-22
-31
-15
9
24
25
15
0
-7
-15
-24
-21
-2
14
17
18
6
-4
-3
-6
-10
-10
-2
9
21
19
10
-3
-11
-22
-18
-12
-2
14
5
1
-4
-17
-18
-12
4
11
7
9
16
11
8
8
3
-2
-5
-11
-14
-5
10
9
-7
-18
-17
-7
0
5
5
7
15
14
16
14
5
0
-5
-14
-7
3
18
22
9
-5
-18
-8
1
-2
-2
-4
-1
1
8
-3
-11
-8
-10
-2
5
5
-1
-19
-18
-8
-17
-14
-5
1
6
8
16
20
22
19
10
2
-14
-11
-6
-3
1
-2
-1
4
-3
-10
-13
-6
9
14
29
32
16
7
-10
-11
1
15
30
13
-12
-27
-37
-34
-14
12
26
16
7
2
-6
-2
5
-3
-4
-4
-1
6
0
14
6
-10
-9
-12
-2
11
14
17
11
4
1
-5
-7
-8
-16
-15
-7
1
11
12
4
2
-7
-4
2
1
10
7
0
-2
-3
-5
-15
-20
-24
-16
-1
4
8
10
1
-3
0
4
11
20
19
10
2
3
-2
-9
-9
-9
-11
-3
0
-9
-5
-6
-10
0
5
6
0
-4
0
9
17
27
15
-17
-33
-33
-11
8
15
25
12
-5
-10
-17
-13
-4
-8
-8
-8
-4
14
29
16
4
-15
-23
-9
8
28
12
-8
-9
-5
4
2
-3
8
18
16
6
-8
-6
11
21
17
16
9
1
-12
-25
-28
-13
7
16
-2
-14
-2
11
17
8
1
-2
6
5
-1
-1
-12
-11
-5
2
0
-15
-13
-11
-17
-17
-5
11
18
12
0
-1
-3
-2
10
18
6
-16
-31
-30
-15
1
13
16
6
0
0
-7
7
15
20
24
14
11
3
-3
-12
-16
-17
-14
-11
1
12
9
7
-4
-5
1
-12
-19
-11
-5
5
12
10
5
-6
-13
-11
-8
9
18
14
8
-7
-12
3
9
17
14
7
4
-6
-12
-8
-7
-12
-11
1
22
20
4
-1
2
0
-1
7
14
4
-6
-1
0
5
12
12
3
-12
-18
-13
2
11
10
10
2
-3
2
6
1
-6
-15
-12
-6
5
17
16
6
-17
-28
-23
-15
2
6
-2
7
6
3
-7
-18
-6
0
21
34
18
2
-10
-17
-12
1
18
32
24
8
-11
-27
-27
-12
4
13
14
19
13
-6
-15
-22
-15
0
18
21
14
1
-17
-21
-15
-4
11
19
15
3
-4
-12
-2
3
-3
-5
-12
-9
0
2
-3
-4
-15
-27
-24
-13
-1
5
3
6
1
5
14
14
8
-12
-26
-22
-6
9
9
1
-7
-6
2
8
0
-6
1
7
10
2
-2
-1
0
2
8
14
22
18
11
9
4
12
9
4
-1
-12
-7
8
9
6
-4
-20
-20
-13
7
20
5
-3
-17
-19
-1
3
4
4
-3
-1
-1
-3
0
-11
-8
0
1
9
12
9
7
1
-1
5
9
14
12
-7
-14
-3
4
13
12
-2
-4
-10
1
14
9
15
2
-10
-18
-18
4
16
10
-1
-13
-15
-3
4
10
12
9
3
-8
-4
-4
-13
-7
-9
-8
-7
-4
3
7
-1
-10
-13
-8
-2
2
18
21
11
-7
-25
-23
-10
-5
1
10
15
12
-10
-15
-12
-7
12
21
12
1
-10
-18
-10
3
10
2
-4
2
6
9
8
0
-13
-21
-4
17
19
14
1
-1
-3
-16
-16
0
13
11
0
-3
-6
2
6
0
-1
-6
2
9
13
12
-6
-11
-15
-14
-3
5
11
3
-7
-12
-7
11
20
7
-10
-22
-12
4
22
30
14
-1
-7
-9
-6
-6
-2
15
11
3
-5
-18
-13
-22
-15
9
15
14
8
0
-9
-16
-8
2
16
19
17
11
-2
-17
-14
-3
-1
3
-4
-1
4
-3
0
6
15
22
16
8
-7
-14
-8
10
21
14
15
4
-8
-7
7
28
25
10
-5
-14
-5
4
7
3
-16
-25
-15
-7
-1
-7
-12
-7
-13
-19
-7
9
15
10
-1
-2
0
9
16
11
-3
-19
-16
-8
-18
-24
-19
-11
7
15
18
12
4
1
4
15
24
26
20
3
-10
-17
-13
0
-5
-14
-11
-8
4
10
7
2
-13
-12
-3
2
14
12
6
1
-5
-10
-16
-11
-3
-6
-5
-2
1
5
-4
-6
4
15
11
5
-11
-21
-5
2
2
0
1
6
1
-8
-9
-6
1
11
6
6
9
6
5
10
7
-5
-14
-16
-10
-1
11
14
5
-2
-5
3
8
1
5
12
14
10
0
-6
-8
-2
-1
-6
-6
-3
-5
-6
-10
-3
12
16
18
0
-9
6
10
8
4
2
4
-2
-4
3
1
1
-3
-1
-2
-2
2
0
4
3
-1
7
21
25
14
-1
-4
-9
-18
-14
-5
0
9
13
4
0
-3
-7
-20
-13
10
18
19
5
-17
-23
-26
-15
-1
0
-3
-10
-7
4
19
30
18
-4
-12
-13
-13
-2
7
10
7
-15
-29
-27
-18
-5
-8
-9
1
8
11
7
9
11
7
5
11
12
9
5
-4
-6
-9
-9
-1
1
-2
-2
-5
6
12
5
-2
-21
-20
2
31
54
39
15
-5
-26
-29
-15
0
8
4
-4
-10
-11
-11
-13
-14
-5
11
16
16
5
-3
-2
-5
-3
2
-2
-3
-3
-2
-5
-7
-6
-5
1
1
-2
3
10
9
5
-7
-13
-4
-3
-1
-2
-8
-7
4
12
25
29
16
10
-3
-6
1
4
6
-2
-5
-1
-2
-5
-2
-7
-12
-21
-20
5
15
13
1
-14
-10
-2
-2
11
13
-1
-6
-17
-4
15
14
8
-2
5
15
9
8
14
-4
-15
-8
3
17
19
-2
-15
-15
-3
10
17
8
2
12
9
3
-3
-1
-7
-13
-7
12
16
-1
-10
-14
-2
13
16
16
8
-5
-13
-11
-4
2
7
10
8
-6
-4
-2
1
4
-6
-9
-12
-7
-6
0
7
3
-2
-16
-29
-21
-10
12
23
10
2
10
8
-3
-3
-5
-5
-2
-6
-4
-2
-2
-5
-7
-6
-13
-9
-5
2
10
11
12
3
-3
0
12
19
13
5
-9
-17
-10
-9
-8
6
17
8
-2
-9
-15
-8
3
14
4
-6
-9
-14
-5
-8
-10
5
14
16
16
2
-3
-9
-16
-2
9
7
6
-3
-12
-11
0
14
8
-8
-5
-2
-5
0
3
11
15
2
-2
-2
-2
8
15
16
18
15
5
-9
-28
-17
6
9
5
-5
-21
-22
-15
2
8
17
17
4
-1
-17
-8
11
19
24
7
-13
-21
-22
-17
0
13
14
2
-12
-5
3
12
13
7
7
13
16
14
8
3
0
-3
-10
-18
-25
-27
-10
-2
11
24
19
20
8
-3
-2
5
15
14
2
-11
-18
-21
-24
-11
-4
-6
-2
5
5
7
12
3
-2
-3
6
6
0
-4
-18
-13
-8
-10
-9
-7
-13
-13
-8
-7
10
19
25
28
8
-3
-16
-17
-12
6
24
14
-7
-16
-17
-14
-7
4
13
14
9
4
7
3
11
16
9
1
-9
-6
18
38
21
-1
-13
-13
3
7
-1
0
-4
-13
-8
-8
-16
-2
11
4
-6
-16
-11
6
10
7
4
-1
-14
-13
-11
-6
4
-1
-5
-16
-12
-2
8
10
6
3
3
3
0
2
-1
-7
-1
2
-1
0
-2
-7
5
15
13
5
-5
-3
1
3
15
17
2
-2
-9
-5
-5
-6
-14
-11
0
-1
10
23
16
3
-4
-10
9
21
18
12
-17
-37
-38
-40
-23
0
18
30
24
26
15
12
9
0
-1
-8
5
11
14
6
-11
-22
-17
4
11
15
18
2
-12
-16
-4
1
0
8
6
7
10
-3
-10
-13
-19
-10
-10
0
9
3
9
5
2
7
6
0
-3
-4
-5
0
3
5
-6
-17
-18
-8
7
18
20
9
-7
-6
4
4
1
-6
-12
-6
1
8
9
-6
-15
-15
-10
-12
-15
-9
-2
5
11
8
-9
-20
-25
-18
-7
17
32
31
13
-5
-11
-7
8
10
-4
-23
-18
0
16
13
3
-8
-9
-4
5
14
15
13
-1
-9
-4
5
13
5
-10
-14
-16
-6
-1
-1
-2
-9
-16
-14
-1
2
6
3
3
4
10
12
13
17
0
-7
-7
-2
8
13
14
5
8
3
6
22
15
-3
-20
-25
-6
11
15
10
3
-6
-2
11
10
6
4
4
1
-4
-1
-3
-12
-25
-34
-18
4
23
18
-1
-14
-21
-1
11
13
16
2
0
-2
-6
13
33
23
-6
-29
-31
-13
7
13
7
3
0
-2
-8
-2
8
2
-1
0
-4
6
10
7
0
-14
-11
-1
9
9
-2
-8
-5
-3
4
5
-8
-7
7
14
15
2
-13
-15
-2
1
8
10
7
1
-10
-11
-3
-2
-4
-18
-28
-14
-3
7
11
5
6
4
-7
-11
-4
-1
2
6
10
8
0
-9
-7
9
20
16
9
-6
-21
-12
-3
8
14
14
12
-2
-14
-13
-8
-6
1
0
-5
6
19
14
9
8
-1
-18
-24
0
17
29
20
-11
-20
-6
1
-6
-15
-19
-5
14
20
18
7
-13
-15
-8
1
11
13
20
14
-2
-2
-1
-4
-1
-5
-6
3
2
0
2
-4
-18
-33
-36
-30
-14
9
25
26
11
-8
-13
-3
7
11
15
7
6
6
9
2
-15
-25
-16
-2
3
2
4
3
1
11
15
11
1
-1
-1
7
13
8
6
0
-13
-22
-12
6
6
-11
-15
-17
-12
4
8
8
9
9
3
-4
-10
-6
6
1
-12
-7
3
19
18
5
-3
-11
-4
14
16
6
-15
-23
-14
-12
0
10
17
7
-4
4
13
11
7
8
3
0
3
5
-2
-6
-1
3
3
-3
-11
-8
-7
-10
1
14
13
8
8
-3
-6
-4
-4
2
11
11
1
-5
-5
-4
-7
-12
-6
2
11
15
-3
-6
-6
-7
0
1
6
10
-4
-12
-16
-16
-2
-6
-9
-2
-11
-10
-3
2
2
10
17
14
7
1
-12
-14
-2
13
20
0
-21
-29
-25
-7
11
11
11
5
1
7
-1
4
17
22
13
-5
-22
-23
1
13
4
-5
-16
-21
-8
2
3
14
30
25
10
0
0
7
12
0
-12
-11
1
3
-11
-18
-4
8
23
33
1
-29
-34
-5
25
34
28
4
-7
-5
-5
-12
-7
1
0
0
-4
2
6
7
0
-13
-10
2
2
5
7
-3
-10
-19
-6
9
1
-3
10
16
25
17
1
-4
-5
-9
-1
15
6
-12
-21
-22
-11
-3
13
19
10
8
-2
-6
6
27
17
-7
-21
-21
-12
9
18
3
-8
-8
-2
1
1
-1
-3
-7
-6
-10
-2
14
15
6
-8
-19
-12
3
12
11
12
10
-1
-3
-1
-2
-3
-2
5
3
-7
-13
-16
-15
-5
13
15
5
-4
-2
9
9
13
3
-9
-13
-17
-11
-2
9
9
0
-15
-25
-12
3
8
8
6
8
-1
-6
-3
4
5
7
7
3
0
-4
-3
2
-3
2
8
9
11
0
-11
-15
-3
7
5
-1
-5
-2
3
7
5
1
-2
-15
-21
-23
-15
3
17
23
8
2
7
10
6
2
2
4
7
1
-11
-26
-20
-5
4
3
1
0
-3
-1
2
-2
-6
12
16
14
13
11
18
2
-29
-41
-30
-6
18
32
17
-14
-37
-39
-9
10
23
35
29
11
0
-1
5
11
10
0
-12
-16
-5
10
13
3
-4
2
6
13
14
6
1
-12
-14
-5
6
4
0
-3
-11
-13
-19
-13
0
3
5
3
5
0
-6
-7
-11
-11
-10
-1
4
0
1
0
-4
-4
-13
-11
-3
0
4
7
6
3
6
7
5
4
4
7
6
6
1
1
6
7
3
0
-4
-4
1
9
17
10
-2
-13
-9
-2
3
13
13
11
1
-6
-13
-13
-5
0
-1
4
12
10
3
1
-4
-11
-10
-7
0
0
4
7
-5
-9
-5
-9
-11
-11
-13
-9
3
4
-2
-7
2
2
-2
2
-6
-18
-16
-16
-10
1
17
14
2
1
-7
-3
6
12
8
9
6
-4
-7
-6
4
7
11
18
19
14
8
-7
-26
-23
-10
10
31
38
36
19
2
-12
-13
0
2
3
4
3
6
3
-24
-40
-30
-10
14
18
20
23
7
-5
-14
-16
-10
10
30
24
2
-21
-25
-25
-16
1
2
9
15
6
-12
-17
0
11
14
15
6
1
4
7
11
10
-10
-19
-23
-25
-2
28
30
18
4
-15
-17
-1
3
1
-7
-21
-23
-10
15
16
0
-3
-10
-5
5
8
9
3
6
12
5
-8
-11
-24
-20
2
8
14
13
-3
-15
-14
-8
-2
4
13
4
-1
-3
-10
0
6
6
-3
-24
-26
-12
1
10
13
4
-3
-12
-13
-9
0
13
20
27
2
-18
-21
-19
-9
6
12
12
6
-3
-8
-1
8
10
8
18
17
0
2
2
1
-5
-15
-14
-6
5
4
1
2
0
-1
0
0
5
7
1
-2
-2
1
0
-1
-4
-10
-13
-6
4
8
7
6
0
-2
5
14
11
0
-11
-9
-2
3
13
16
-1
-14
-18
-15
4
18
13
5
-7
-11
-5
6
8
10
8
1
-7
-9
-6
-1
0
2
16
21
10
6
-2
-5
6
13
19
6
9
14
2
-9
-21
-15
-12
-15
-13
-4
6
8
5
3
-1
-2
4
10
2
-4
-23
-38
-23
-7
7
17
13
7
-15
-25
-11
-3
6
10
8
15
14
9
3
-5
-4
-6
-7
1
9
17
6
-6
-11
-10
-1
7
15
15
9
-2
-9
-17
-15
-8
2
9
3
6
11
1
-15
-25
-16
-5
7
7
-10
-18
-20
-15
2
21
20
5
-10
-20
-14
1
14
25
22
19
12
12
11
3
-5
-12
-2
5
-2
-15
-35
-41
-29
-6
