SAMPLES:	18968
BITSPERSAMPLE:	16
CHANNELS:	1
SAMPLERATE:	16000
NORMALIZED:	FALSE
-15
-20
-19
-12
-3
4
6
5
0
-3
-1
8
18
10
-2
-5
-5
3
4
1
-7
-8
6
8
9
7
1
-1
0
4
4
-2
-1
5
10
19
18
8
-3
-18
-14
4
16
18
7
-8
-18
-8
-1
3
-1
-10
-8
-6
1
7
9
10
2
4
9
2
10
11
1
-4
-11
-26
-23
-6
5
-1
-6
-11
-16
-3
4
6
9
5
-1
-4
-1
7
2
-3
3
10
14
6
-2
0
-4
1
2
0
-2
-18
-18
-2
14
14
5
-11
-25
-8
14
16
20
16
0
-7
-11
-20
-17
-9
-4
-8
-18
-9
2
3
0
-3
-5
1
10
9
11
6
-2
-12
-11
1
21
23
-1
-14
-14
-13
-1
7
1
-7
-7
-1
11
17
4
-3
-5
4
9
-1
-12
-16
-33
-37
-17
9
25
20
15
10
8
4
0
11
17
8
1
6
10
4
-2
-15
-19
-9
3
8
10
16
14
7
-3
-1
1
-1
0
4
16
19
8
-17
-28
-16
2
10
7
1
-6
-3
4
2
-8
0
10
9
0
-6
-3
7
18
-3
-29
-34
-18
1
17
20
20
11
-9
-20
-14
-1
21
23
11
9
1
0
-1
2
2
5
11
1
-15
-13
-8
4
13
3
-6
-20
-9
-1
13
16
-14
-33
-23
1
13
14
14
7
-3
-7
-4
5
18
17
10
-12
-26
-15
-1
13
21
13
3
-4
-11
-10
-1
11
14
6
6
13
8
-2
-7
-10
-19
-18
-1
8
11
0
-13
-16
-9
-3
-7
-11
-11
-12
-3
9
15
5
-12
-17
-15
1
19
26
20
7
-7
-18
-12
-7
0
-1
-6
-3
-2
6
14
6
-8
-10
-7
-6
-4
-2
2
1
-4
0
1
13
14
12
16
4
-7
-14
-14
-6
-3
-1
6
0
-6
-5
-2
7
2
-5
-5
1
9
7
7
14
9
4
-8
-19
-12
9
13
2
-10
-9
-6
-14
-6
1
21
24
15
-1
-16
-7
1
2
-1
-7
-9
6
19
12
-9
-24
-25
-20
4
27
29
22
11
-11
-19
-9
4
13
7
6
-7
-12
-6
-10
-2
18
33
37
19
-1
-15
-8
3
4
-2
-5
-4
-5
1
-6
-10
-6
-4
-4
-5
-3
3
11
15
18
12
4
0
-1
1
0
-3
-4
-2
-1
-9
-11
0
2
8
11
-1
-14
-18
-5
10
10
10
10
7
6
2
-8
-3
6
9
5
-5
-12
-13
-4
-2
-2
0
-1
1
-9
-16
-20
-25
-7
2
7
10
-8
-7
8
12
12
4
-3
-3
-9
-7
-6
-8
-1
4
5
-6
-15
-16
-9
5
7
12
21
24
9
-1
-5
3
10
5
3
-1
-6
-12
-25
-18
-4
2
13
10
1
-6
-2
8
7
11
20
14
-4
-18
-19
-11
9
21
9
-9
-25
-32
-20
-4
3
11
12
8
7
-1
-4
2
5
13
21
11
3
2
1
-8
-14
-15
-7
3
9
14
12
3
-5
-12
-11
9
21
29
25
5
-16
-25
-13
1
8
11
5
6
0
0
5
0
6
1
-8
2
2
3
8
-3
-13
-17
-7
-3
-1
1
-8
-7
1
2
9
16
10
-3
-2
5
7
9
6
8
8
2
-5
-12
-6
14
19
7
0
-2
-7
-4
3
7
8
6
-2
-12
-19
-17
-3
6
7
0
-8
-5
-8
-15
-13
-16
-15
1
3
-5
-2
0
2
-10
-27
-16
-10
10
24
13
4
-12
-15
-14
-9
1
1
1
11
8
0
8
8
-8
-14
-6
2
11
11
6
0
-14
-12
9
31
40
27
3
-28
-29
-14
4
24
18
5
-8
-21
-16
-10
-4
8
5
2
4
-4
-8
2
9
14
19
13
11
3
-5
-11
-20
-21
-17
-6
12
23
6
-6
-12
-12
-10
-3
14
16
18
7
-3
-15
-15
-1
8
8
-1
-9
-5
4
7
8
7
5
-13
-14
-3
6
15
4
-4
-10
-9
0
1
3
12
9
-1
-4
-2
6
0
0
-7
-6
8
23
23
23
6
-19
-27
-27
-2
16
24
20
4
-8
-16
-10
6
11
16
12
0
-4
-17
-18
-11
-1
3
9
17
14
5
-4
1
7
21
23
1
-7
-11
-8
-1
-2
-9
-18
-6
6
9
11
16
14
0
-8
-12
-11
-4
-7
-8
8
17
16
1
-22
-45
-50
-26
-3
22
25
11
-4
-19
-12
-5
2
9
17
12
2
-4
-17
-23
-24
-20
-21
-14
-1
11
16
6
-3
-1
11
20
20
20
11
6
9
5
-7
-13
-11
-7
1
-1
7
5
2
11
3
-1
11
11
12
-2
-18
-13
-2
9
3
-4
-14
-23
-18
-1
12
24
24
11
3
-7
-14
-9
-10
-6
-8
-16
-1
-2
1
-2
-9
3
13
23
16
15
20
1
-4
6
16
15
-4
-16
-11
1
13
11
1
1
-2
-7
-9
-15
-11
4
3
6
9
-1
0
-5
-13
-17
-11
-6
-7
-7
-3
-2
4
10
5
-4
-5
-4
12
24
14
6
-10
-26
-20
-5
11
22
21
16
8
6
6
5
17
16
5
-1
-5
3
12
11
6
-3
-10
-4
-1
-4
2
11
13
15
5
-10
-28
-29
-22
-5
15
7
-2
-14
-37
-35
-27
-10
14
18
6
-11
-19
-17
-10
10
15
6
-1
-12
-8
-1
1
1
-5
-13
-4
-4
-3
5
5
18
18
11
7
-7
-7
-2
-12
-6
3
8
18
2
-2
9
10
23
20
5
-8
-11
0
3
-4
-10
-11
-14
-6
-5
4
19
7
3
7
1
6
8
-1
-6
-4
8
16
10
0
-11
-7
-2
-2
-8
-16
-21
-14
-3
0
11
23
18
12
-5
-9
7
3
-7
-11
0
14
18
11
-6
-14
-9
-12
-5
10
7
6
1
-5
-5
-1
10
9
4
-10
-17
-7
4
13
24
13
-13
-27
-26
-1
18
19
7
-5
-7
-6
1
9
15
18
18
9
-5
-10
-4
4
4
3
9
3
4
8
0
3
6
-2
-9
-14
-6
3
1
-2
-3
7
8
6
3
-7
-6
0
-9
-12
0
6
3
-7
-23
-34
-26
-19
-2
15
11
-5
-14
-17
-6
5
2
10
6
1
1
0
11
9
-2
-13
-8
13
19
25
12
-2
1
-5
2
2
0
11
14
9
-3
-11
-12
-8
-1
3
-9
-9
2
0
-5
-15
-19
-11
3
22
14
-3
-17
-23
-16
-7
0
15
31
34
17
-4
-30
-39
-22
-4
15
20
14
8
-5
-13
-2
6
9
9
0
3
11
15
11
-2
-11
-17
-9
2
18
18
18
5
-15
-18
-9
-6
1
22
26
24
26
18
-4
-25
-26
-18
-8
11
20
0
-14
-23
-33
-30
-13
10
23
20
18
-6
-13
0
0
5
1
0
1
-8
-3
3
11
14
-1
-2
2
1
0
-4
-1
0
7
16
9
1
0
1
-1
-1
-2
1
6
14
25
21
10
-8
-7
-7
-23
-11
0
-2
-2
-9
-16
-16
-6
0
0
6
1
-2
-3
6
20
8
-4
-12
-13
1
0
3
5
-8
-4
-1
-6
-6
-6
2
12
19
16
4
-1
-3
-9
-13
-9
-2
5
2
-7
-7
-8
-2
1
8
2
-12
-11
-1
8
21
19
14
0
-12
-9
-16
-10
-8
-7
-7
-3
-1
-5
-7
-10
-4
-4
0
6
8
7
6
9
1
-5
-1
-1
-14
-18
-7
8
15
16
1
-3
8
18
25
11
3
1
-4
1
1
-7
-16
-4
11
4
-3
3
7
-11
-19
-12
0
19
23
2
-13
-11
-3
15
27
21
8
-9
-5
-3
-10
-5
-3
-3
3
7
-2
-8
-4
1
0
2
15
18
21
19
3
-1
6
8
3
0
-2
-1
-5
-1
-5
-16
-14
-9
0
1
-3
-7
-12
-9
-11
-8
-1
6
9
12
15
3
-6
-8
-8
-13
-15
-7
-2
5
6
7
7
3
-7
-6
4
8
15
13
9
2
2
-3
0
2
-4
-7
-13
1
9
5
-4
-18
-20
-13
6
10
10
15
10
2
2
0
4
15
6
-10
-9
-2
1
-8
-12
-2
-6
-2
-5
-9
-13
-15
0
15
13
7
-2
-9
0
7
4
-1
-2
4
1
-6
-6
-2
12
18
13
5
-10
-12
7
12
3
-2
-3
0
4
-7
-14
-9
-7
3
8
10
2
-15
-10
1
8
9
1
-1
0
-2
-14
-18
-19
-20
-13
5
19
19
16
8
-5
-11
0
19
25
16
1
-15
-11
5
11
14
6
-1
-8
-18
-14
-10
-14
-9
0
4
8
7
10
1
-18
-24
-2
13
16
19
17
13
12
9
4
-3
-1
8
0
-10
-10
-4
-6
-1
-5
-10
6
16
16
8
-3
-3
11
8
-1
-2
-2
-3
-1
4
4
7
7
-9
-24
-17
1
16
8
3
-3
-10
0
6
13
10
4
3
-2
-1
-6
-10
-2
-10
-8
-4
4
12
8
1
-1
5
-6
-4
-1
-10
-9
-14
-11
1
3
6
-3
-5
1
8
13
4
2
0
1
2
-3
-3
0
1
-3
-8
-6
-6
-5
3
8
3
1
-3
-7
-6
11
16
4
0
-6
-4
-4
-12
-9
-5
4
5
9
15
8
-10
-18
-29
-23
-4
3
13
8
19
24
0
-17
-10
-5
5
10
4
-4
-5
-4
-4
-7
-1
3
0
13
17
6
5
4
-1
-6
-9
2
13
9
-3
-13
-7
2
2
0
4
10
5
1
6
13
11
4
-12
-21
-8
1
4
0
-6
-2
-2
-6
6
14
7
-1
-8
-6
5
16
10
-10
-16
-8
-6
1
-3
-8
-2
8
8
0
-11
-9
5
12
21
23
18
4
-6
-2
3
3
3
-8
-15
-7
3
12
3
-11
-28
-24
-5
13
23
11
1
-16
-19
-7
9
20
15
0
-7
-15
-17
-9
1
2
-1
0
0
4
20
24
9
-6
-12
-17
-2
7
4
8
0
-6
2
13
16
6
-8
-23
-18
1
21
36
23
9
-8
-20
-19
-11
1
10
10
-5
-25
-21
-9
-8
-5
-1
8
19
20
15
3
-5
-1
-8
-17
-15
-7
1
8
3
-12
-21
-14
-12
-11
-12
-8
9
25
23
6
0
5
5
-6
-12
-12
0
4
3
8
2
-8
-10
-3
-1
14
10
11
11
-5
-5
-15
-5
10
9
16
12
-10
-14
-12
-11
11
19
18
10
9
13
9
-6
2
-1
-3
5
-7
-10
-7
2
7
-2
-6
-9
-7
1
4
4
15
21
11
4
-4
-8
-1
-6
-4
0
0
-1
-11
-23
-27
-22
-8
8
18
17
6
2
4
4
5
-1
-7
1
6
7
-2
-20
-25
-13
0
16
20
7
6
4
-5
2
9
-1
-4
3
-3
-1
15
19
10
7
4
-8
-20
-19
-13
-10
-5
-7
-13
6
20
8
3
-12
-21
-11
10
24
19
14
-4
-18
-18
2
10
4
4
5
-1
-11
-9
-13
-11
0
7
5
9
8
5
10
2
-3
-8
-1
18
18
11
-7
-22
-15
1
17
5
-15
-18
-8
9
15
12
4
-8
-12
-1
0
6
12
6
4
11
6
0
6
7
1
-9
-10
-11
-15
-2
-6
-7
-1
-6
-2
-1
8
15
11
6
-4
-5
-12
-16
-2
15
34
29
3
-25
-32
-18
-6
3
16
13
3
-2
-12
-15
-5
5
4
1
2
-1
5
10
15
11
2
-9
-15
-7
3
12
12
8
-2
-4
-3
1
16
20
13
1
-12
-22
-20
-11
-3
6
18
20
-5
-24
-29
-27
-4
4
1
2
-4
-1
4
-4
-8
-8
-2
2
-9
-14
-6
-3
-1
-6
-4
12
22
21
9
-4
-13
-11
-1
6
11
18
25
23
14
4
-4
-3
5
17
22
19
6
-10
-12
-10
-3
2
-3
1
5
4
9
14
17
9
-4
-8
-8
-10
-3
3
-6
-29
-43
-31
-29
-18
-7
-11
-6
-1
13
30
24
13
4
-12
-12
2
16
14
3
-17
-21
-16
-9
1
2
1
-2
0
6
16
20
14
14
18
13
6
1
0
-7
-8
1
0
3
1
3
-1
-7
-9
-17
-11
-7
-5
3
0
2
13
14
0
-6
-3
8
28
22
0
-24
-32
-28
-18
0
4
-2
-10
-14
-13
-6
1
-3
-1
1
9
21
17
11
3
-3
3
0
6
15
11
8
-2
-11
-16
-14
-7
3
10
18
16
10
6
-5
-15
-13
2
13
11
9
2
-6
-11
-10
-8
-2
3
7
5
4
6
6
6
5
-3
-9
-3
3
8
7
-2
-6
-6
5
2
0
-4
-12
-7
-3
9
7
-1
1
4
15
14
7
1
-4
-4
-8
-4
2
6
5
-8
-3
2
5
25
24
14
1
-9
0
14
8
-11
-19
-19
-11
-2
1
5
3
-1
-8
-23
-14
-7
-6
-2
-9
-4
4
-1
-3
0
9
23
8
-15
-24
-25
-7
5
3
-4
-9
-11
-5
-3
-1
6
11
3
3
5
16
21
6
-3
-15
-20
-3
16
15
3
5
8
8
9
-9
-20
-14
-9
-12
-10
0
5
6
-1
-12
-25
-8
25
24
12
-1
-14
-7
6
12
8
4
8
6
-10
-17
-16
-6
3
2
-2
1
14
20
15
7
-3
1
11
23
33
22
-4
-28
-30
-23
-8
2
4
-1
-10
5
18
13
8
5
12
14
3
-8
-2
10
3
-12
-13
-6
2
3
0
0
-2
-1
-12
-18
-14
4
23
27
21
9
-7
-12
-12
-5
5
3
-5
-10
-10
-4
7
14
5
-7
-18
-18
-16
-13
-8
5
14
3
-11
-9
-3
0
0
3
0
6
11
5
-6
-14
-9
4
19
13
-2
-3
0
2
2
8
14
13
12
-3
-16
-14
-7
7
3
-1
-3
-9
-1
-4
0
9
14
16
8
-3
-6
-21
-24
-19
-7
9
4
-5
-2
-2
8
14
-3
-20
-23
-24
-10
0
8
11
3
-5
-18
-9
7
21
26
26
17
8
8
7
-5
-11
-11
-3
7
2
-3
-1
7
11
3
-3
-3
1
15
19
18
12
-3
-9
-11
-13
-12
-2
5
0
-17
-24
-32
-22
-6
-2
13
21
11
3
0
4
9
15
14
4
-7
-10
5
18
20
8
-12
-21
-17
-12
1
11
6
7
-1
-2
1
-3
1
1
13
29
29
20
-1
-21
-18
-3
6
15
14
17
25
28
15
-7
-14
-18
-15
0
7
5
3
-1
-3
-9
-17
-15
-14
-4
3
2
1
-7
-12
-21
-29
-17
3
12
9
-2
2
-7
-14
-13
-6
10
18
18
5
-6
-1
1
-3
-6
-14
-14
2
21
13
-2
-1
-10
-10
4
13
16
7
-5
-19
-25
-9
3
10
10
-2
-2
2
0
-3
-9
1
8
-3
-10
-15
-9
4
7
-5
-11
-11
-4
6
12
14
8
0
-2
2
3
0
-1
2
-3
-7
-7
-1
6
13
12
10
11
11
15
9
2
-1
-9
-6
5
3
3
-4
-13
-15
-3
14
14
13
16
12
12
0
-10
-7
2
0
-2
-7
-12
-13
-12
2
1
-8
-8
-6
0
1
0
7
5
9
12
2
-16
-27
-26
-22
-15
2
14
3
-14
-29
-15
8
25
33
18
4
-2
1
10
22
31
13
-6
-19
-18
4
21
27
21
8
-11
-13
-2
4
8
11
10
6
0
6
11
2
0
-2
-2
-2
0
2
-1
-1
-4
-2
-11
-24
-24
-28
-14
-4
4
10
7
0
-13
-16
-4
4
1
0
6
9
22
20
4
-11
-20
-6
14
25
17
-11
-37
-41
-26
-9
14
21
14
-2
-14
-6
-1
4
4
3
4
7
7
4
-1
-7
-11
-14
-5
-5
-2
-6
-9
-9
-10
6
16
14
8
0
4
9
5
-2
-3
-9
-9
2
8
6
-1
-5
-8
-9
-8
3
11
21
18
9
14
13
15
-3
-18
-14
-5
6
3
3
1
-12
-8
-7
3
17
15
-5
-22
-27
-16
-1
2
10
17
17
18
7
-10
-15
-17
-6
4
16
20
8
-3
4
9
10
19
17
8
-2
-9
-11
-11
3
12
7
0
-13
-17
-12
-4
0
4
12
17
17
8
9
5
0
-1
9
14
4
-13
-25
-20
-11
2
5
-4
-18
-14
0
6
6
-3
0
-4
3
3
-8
4
9
5
-15
-24
-9
2
17
15
9
2
-2
0
5
11
15
9
-4
-18
-16
-9
-6
5
-3
-4
9
13
11
-1
-7
0
2
0
-6
-16
-16
-5
-2
7
6
-6
1
-6
-2
4
4
6
-1
-6
-11
-16
-1
7
0
1
-10
-15
-3
1
8
5
-2
-1
2
3
0
4
15
21
11
-3
-11
-10
-1
3
-6
-9
-10
-3
6
-1
-2
-6
-4
6
4
4
4
5
12
8
0
-3
-8
-10
-5
4
9
8
-8
-18
-17
-10
4
11
20
21
5
-1
-7
-7
-4
-2
0
7
9
4
7
2
1
2
7
6
2
-5
-8
-4
3
17
15
11
6
-6
-12
-13
-9
-9
-7
1
-2
2
0
-15
-6
-2
-6
2
2
6
10
2
0
-3
-1
5
4
3
0
-7
-3
-2
-5
-3
-4
3
5
8
17
27
5
-20
-19
-1
22
35
22
-3
-22
-24
-15
-1
8
10
2
-7
-5
-10
-11
-9
-11
-8
-6
-1
12
5
-6
-8
-2
15
24
26
14
-3
-10
-4
-2
14
27
28
16
-10
-22
-21
-6
1
-5
-11
-13
-14
-11
0
6
1
3
2
3
14
22
10
-5
-10
-13
-11
-8
-11
-7
-10
-5
0
5
11
0
5
0
-7
-4
7
20
11
-1
-10
-19
-10
5
1
-6
-2
5
10
5
-10
-21
-20
-10
0
2
7
8
-2
-2
2
10
10
4
-6
-16
-12
1
12
12
13
14
12
1
-5
7
17
12
-1
-19
-26
-21
-2
3
9
17
9
2
6
3
2
6
9
16
9
-8
-20
-12
3
20
24
26
0
-30
-36
-25
2
30
31
16
-1
-13
-15
-13
-2
6
6
3
1
0
1
0
-2
-2
-5
2
9
5
0
-10
-7
-1
-3
-1
0
-4
-12
-22
-11
1
6
10
2
-2
10
20
15
1
-4
4
5
4
1
-7
-9
-18
-18
2
9
3
-3
-10
-5
-4
1
11
7
5
-2
-4
3
7
5
-1
-8
-5
-6
-18
-15
-6
-5
-11
-15
-9
1
-2
3
6
1
2
12
24
20
20
13
1
1
-2
-2
-2
-6
-2
-5
-9
-3
-9
-13
3
5
1
5
2
10
16
10
9
6
-4
-5
-9
0
8
9
21
4
-21
-21
-18
1
17
15
4
-7
-9
-10
-14
-3
9
5
8
5
-3
-2
-1
-1
-2
-6
-3
0
9
16
18
2
-11
-20
-18
-5
3
11
9
1
-7
-12
-1
6
9
16
12
3
-6
-4
0
-9
-11
-5
2
16
23
-5
-25
-30
-18
2
11
18
8
12
17
10
0
-13
-11
-3
-3
-11
-7
-1
-3
-19
-19
-3
3
5
-5
-10
-4
-3
2
11
10
7
-5
-14
-8
-1
2
15
22
28
33
13
-5
-14
-10
1
14
12
11
4
-9
-11
-7
1
4
-5
-11
-2
-1
0
1
3
7
6
-2
11
20
22
19
-1
-12
-16
-1
9
7
-3
-21
-29
-15
1
5
-4
-7
-1
3
5
1
13
17
13
10
-13
-26
-15
-12
-11
-2
-4
7
4
-11
-12
-13
7
26
24
13
-9
-12
-4
-6
-4
3
4
5
-1
-11
-4
5
11
11
4
-8
-12
4
17
23
15
1
-8
-13
-9
-1
1
2
6
9
18
18
13
0
-12
-18
-19
0
11
3
-11
-19
-25
-21
2
3
-9
-1
13
14
1
-5
-2
-4
4
15
20
19
17
0
-9
-6
-9
-16
-19
-4
-2
-8
-3
1
2
-1
4
5
-1
-6
-6
2
11
7
-14
-14
-1
5
0
-6
6
8
3
2
5
1
4
14
10
10
9
2
6
5
-2
-3
-2
-4
-5
-5
-7
-3
-1
-3
-5
-3
7
9
12
14
6
-6
-11
-3
2
12
6
-14
-27
-34
-2
17
16
10
-4
-2
6
17
21
20
11
0
-12
-17
-3
0
0
-2
-11
-9
-11
-1
13
4
-9
-20
-13
4
12
22
12
3
10
6
0
-11
-19
-8
-11
-14
-12
-22
-17
-8
1
17
21
18
12
8
10
17
20
23
20
2
-18
-24
-15
-7
-4
-3
-1
7
11
16
15
4
-11
-21
-17
-9
-3
9
7
5
2
-13
-12
2
13
16
0
-18
-13
0
15
21
11
0
-15
-29
-33
-19
1
5
-2
-18
-25
-16
-1
12
23
21
9
5
9
6
7
5
10
-1
-20
-22
-22
-11
-1
5
16
14
-4
-20
-20
-5
20
41
39
14
-16
-25
-19
-13
10
24
13
-2
-15
-20
-4
11
19
11
0
4
16
20
18
5
-2
-1
-1
0
-12
-14
-10
-16
-10
-2
20
36
13
-3
-5
-7
6
15
6
-6
-16
-16
-6
-5
-8
-12
-17
-13
-10
-3
13
22
24
18
1
-2
3
0
-1
-11
-13
-5
-15
-22
-24
-17
5
21
22
24
14
5
-1
-4
4
12
15
15
2
-5
-16
-16
-2
-2
-2
-2
1
12
17
3
-2
5
2
9
15
11
4
-16
-32
-33
-17
-2
-1
9
9
-1
-6
-5
-1
-9
-11
-1
7
9
12
0
-10
-19
-20
-6
5
19
21
4
-1
0
1
-3
-3
13
20
14
4
-2
-8
-8
-6
-4
-8
-7
-4
-3
-6
-7
0
2
2
2
1
5
7
22
23
0
-7
-9
-9
-5
3
7
4
8
3
-13
-20
-19
-18
-16
-7
7
12
25
25
1
-16
-18
1
20
33
17
-3
-19
-21
-6
9
13
4
-1
-5
-2
5
7
4
3
4
2
-5
-3
-2
0
-1
-3
-2
6
20
21
21
7
-7
-1
3
7
3
0
-9
-18
-17
-12
-2
-1
-11
-10
-6
-1
11
14
20
15
-1
1
-1
10
23
11
3
-5
-14
-14
-17
-13
-2
0
-1
0
0
3
4
-1
4
5
-1
0
-5
-5
-9
-12
-10
-10
-15
-17
-14
-10
6
17
19
15
5
2
5
11
6
-7
-5
-11
-4
2
1
2
0
2
1
2
-3
-9
-14
-12
2
2
13
23
3
-8
-19
-21
-8
-7
-2
7
1
-5
-13
-10
1
5
12
12
8
1
2
5
0
-6
5
4
-7
-7
-9
-10
-2
7
8
11
4
-9
-9
-1
18
30
30
18
-3
-19
-12
2
5
-1
-1
-1
-8
2
15
15
1
-12
-14
-4
7
7
-1
-3
-5
3
16
18
6
-7
-11
-15
-9
3
13
19
10
4
-6
-4
0
-3
-13
-26
-18
-4
26
33
13
3
-10
-15
-5
10
16
15
11
-8
-11
-5
2
4
0
10
17
24
17
0
-4
-4
1
-2
0
2
0
4
-6
-15
-8
2
6
6
3
-15
-20
-7
0
5
3
7
0
-17
-24
-22
-13
2
9
2
4
11
12
-5
-25
-21
-7
2
3
2
-2
-11
-13
-3
10
15
9
-1
-13
-13
-12
-4
1
8
11
4
11
9
6
4
-2
-9
-6
8
13
5
-7
-8
3
15
14
0
1
2
4
7
-2
-16
-16
-3
8
8
2
4
1
-3
-8
-2
9
15
13
-2
-9
-5
-4
0
-2
2
13
-3
-13
-10
-10
-9
-3
-6
-7
-3
-7
-8
-4
1
14
25
21
4
-14
-22
-12
13
23
12
-8
-23
-17
0
10
14
9
1
-1
1
7
22
20
5
0
-2
12
16
5
-6
-16
-15
-15
-17
-5
10
18
11
-2
-10
-14
-14
0
14
11
14
9
-7
-21
-29
-16
0
12
25
20
10
0
-12
-15
-6
11
15
7
2
-4
2
4
2
4
-7
-5
0
-3
-1
8
14
22
23
11
0
-16
-23
-18
-7
5
20
27
14
-11
-25
-30
-33
-18
5
10
14
10
-3
-4
-2
10
26
13
-9
-13
-16
-13
-12
-12
-11
-16
-8
-2
10
15
-2
-9
-5
2
16
7
-8
-16
-3
19
14
3
-9
-22
-28
-22
-6
12
27
26
17
5
3
11
7
1
1
-1
2
-1
-5
-14
-22
-13
-3
-1
10
17
4
-8
-8
-2
2
14
27
20
6
-6
-17
-14
-4
-3
-17
-18
-3
6
13
4
0
9
18
21
8
6
-1
-4
7
10
7
-2
-15
-9
-3
-4
-4
14
20
-7
-11
-11
3
18
20
18
7
6
-2
-12
-19
-21
-30
-21
-1
1
9
14
17
19
1
-12
-5
5
17
16
8
3
2
5
9
2
-8
-15
-12
4
13
15
6
-5
-11
-11
-12
-12
-2
3
-4
-18
-11
3
13
17
4
1
11
31
29
11
-6
-21
-14
-7
-4
9
7
-7
-30
-29
-17
-7
2
-1
5
4
2
0
-7
-16
-18
-8
9
24
26
14
-2
-14
-16
-12
-9
4
2
-6
-13
-10
2
9
1
-6
1
8
16
13
-1
-13
-16
-12
0
10
22
20
5
-2
4
5
-2
-6
-8
-4
5
6
0
-7
3
11
8
5
4
7
1
-12
-17
-7
3
11
4
1
0
-9
-8
2
19
20
9
-7
-18
-9
2
4
1
-4
-3
-6
8
17
7
-2
0
6
12
13
12
6
-4
1
4
-2
-15
-27
-33
-17
8
16
9
4
-19
-26
-11
2
14
11
11
1
-4
9
10
2
0
0
-3
-4
-18
-26
-16
-13
2
19
20
19
15
5
-11
-11
1
4
4
14
13
9
15
13
4
0
-1
-4
-6
-1
1
-2
1
-2
-14
-8
4
6
-5
-25
-20
1
15
5
-8
-10
-12
-3
0
17
35
30
8
-14
-31
-27
-10
0
-2
-19
-19
-8
8
21
18
14
6
2
11
15
19
15
2
-7
-14
-15
-5
0
3
-1
-18
-8
5
7
2
-8
-1
14
25
34
27
4
-11
-31
-28
1
10
13
-2
-17
-12
-5
9
11
4
-1
-7
-10
5
18
18
13
-9
-27
-23
-14
2
10
-3
-12
-15
-14
-14
-11
-1
4
7
-7
-11
-8
-5
-7
-16
-11
0
13
17
9
-5
-17
-20
-7
5
10
18
12
-2
0
10
8
1
6
3
7
15
2
-18
-23
-6
7
18
24
23
9
-12
-17
-14
3
22
21
12
4
3
5
8
3
-7
-9
-7
-7
-4
-9
-13
-5
-3
-1
-2
1
2
-1
-8
-25
-20
5
18
10
-6
-6
11
20
15
4
-6
-1
-3
4
8
5
6
8
5
4
0
6
11
9
3
2
1
13
18
4
8
14
10
-1
-1
3
-2
1
1
-6
-8
-22
-21
-15
-4
9
12
17
-3
-14
-18
-15
-2
2
4
1
-1
-1
-1
0
-6
-9
-6
-6
2
9
7
-10
-32
-24
-9
-3
4
7
12
3
-1
-7
4
13
5
3
2
0
8
11
8
-8
-17
-20
-21
-4
3
9
11
11
-4
-14
-8
-1
8
14
11
-1
-1
11
26
17
-7
-14
-7
1
3
4
-9
-15
-11
5
14
-2
-11
-10
-12
-16
-11
4
13
14
9
12
1
-16
-22
-17
-2
11
25
23
9
-6
-22
-17
-9
8
24
22
9
0
-1
-7
-13
-19
-14
-8
-2
7
14
17
6
-10
-18
-8
13
26
33
12
-10
-10
-9
-9
-4
1
0
2
5
8
5
-2
-8
-1
2
3
11
18
17
15
5
-7
-12
-12
-15
-18
-8
-5
5
3
-7
-9
-9
-3
1
0
-5
0
6
-4
-4
-6
-8
-7
-3
4
0
-5
-2
-9
-4
4
6
12
8
1
-2
0
0
9
22
11
4
-3
-8
8
22
21
14
0
-21
-27
-7
18
29
20
0
-17
-24
-20
-7
-9
-7
-2
-2
-2
-3
1
-3
1
8
2
-7
2
8
-12
-22
-11
-8
0
15
17
-6
-21
-3
0
-12
6
20
13
15
19
17
21
16
4
-10
-19
-16
-10
19
36
3
-7
10
-9
-35
-14
0
-9
2
7
-21
-23
9
5
-3
9
3
6
4
2
12
8
-2
-2
-12
-13
7
1
-13
-8
7
16
-2
-6
-1
-18
-6
21
18
-5
7
19
21
25
14
-6
-16
-17
-21
-9
10
20
20
-2
-22
-22
-13
-8
5
18
15
13
11
-11
-12
14
3
2
62
6
-59
86
18
-121
10
76
-120
-50
150
-54
-121
53
111
-80
-146
110
116
-142
-63
193
17
-170
90
111
-100
-47
97
58
-98
-6
139
-73
-154
112
58
-143
-10
87
8
-140
-14
87
-142
-32
182
-48
-114
152
56
-95
35
136
2
-94
40
123
-140
-90
237
-37
-234
111
188
-250
-38
204
-129
-149
52
83
-194
-113
164
-69
-191
78
124
-200
-73
246
-80
-79
147
87
112
-100
71
281
-33
-98
160
119
-95
-107
35
100
-47
-84
42
-53
-183
-25
-4
-25
-8
-43
50
-48
-86
87
36
-65
-71
173
-40
-61
98
-2
106
-298
196
266
-499
187
186
-161
-65
23
165
-107
1
123
54
-40
-166
375
-36
-256
292
9
37
-217
45
256
-251
-126
154
85
-241
-70
74
-32
-86
-114
183
37
-175
113
196
-190
33
387
-388
18
207
33
-104
-261
464
-170
-363
81
373
-466
-264
774
-533
-214
566
-259
-146
137
20
1
81
-77
55
120
-119
268
-176
-22
438
-368
-27
382
-182
-171
267
38
-222
116
-83
-10
-40
-74
127
-198
83
-135
-77
188
-139
-158
78
139
-244
15
92
-123
54
-174
82
30
-118
64
92
-24
-82
338
-68
-57
244
-111
76
110
9
-18
13
38
53
-79
-272
274
-29
-193
140
-20
-6
-50
-58
95
63
-77
-98
162
24
-225
36
93
-91
-216
139
103
-222
50
-31
54
-6
-114
155
64
-7
-63
183
76
-151
155
88
-60
59
37
-3
-102
80
-4
-118
61
-57
-133
35
39
-100
9
-43
-59
120
64
-191
143
63
-59
164
-162
80
7
-31
19
-34
10
29
-41
-151
188
-34
-98
176
-34
-118
163
35
-183
122
-26
-9
-46
-114
131
-144
-115
77
44
-46
-125
135
41
-33
24
148
20
-125
216
-9
-16
61
28
0
-46
24
-35
-50
-51
91
-83
-28
97
-115
-29
115
9
-173
111
73
-138
48
28
-97
-83
93
-58
-63
116
-101
15
84
-12
-32
24
51
-32
-17
87
38
-69
-31
59
17
-112
58
68
-51
30
36
-26
-68
4
34
-71
-50
54
-5
-47
-23
-9
41
-73
-36
79
47
-38
-49
142
20
-37
83
-39
81
-12
-25
124
8
-29
29
40
-147
53
37
-153
73
33
-71
-39
34
-33
-57
23
-23
-25
-55
-16
27
-59
-70
30
-46
0
121
-78
17
104
-8
54
82
35
45
46
-8
4
62
51
22
34
54
12
-30
11
10
-136
-16
99
-144
-39
64
-36
-103
-117
88
-67
-109
-22
-19
-151
-15
57
-152
12
-28
-35
-14
111
31
35
119
-3
52
11
63
118
8
109
78
65
1
45
69
-63
95
88
-9
13
1
12
-58
-102
37
12
-154
-47
19
-105
-139
0
-9
-171
-29
47
-88
-175
35
78
-76
-19
78
-3
-57
57
-25
111
15
4
108
-4
15
51
107
1
97
73
-9
67
33
38
20
54
28
-1
29
12
-39
-37
28
-18
-70
46
30
-61
-28
-33
25
-44
12
-3
-60
-23
5
17
-21
21
-33
-49
16
-25
-2
31
-61
63
7
-21
37
18
1
-47
89
-29
11
40
47
-6
-23
95
-39
41
21
27
112
-35
45
90
15
16
45
55
34
20
38
74
-9
-10
61
14
-15
-14
68
-98
-34
19
-142
12
-72
-117
-137
-49
-128
-235
-38
-170
-164
-122
-189
-80
-177
-161
-125
-186
-178
-118
-75
-193
-120
-104
-130
-96
-117
-48
-84
-73
-99
-9
-27
-72
12
39
79
-32
106
68
89
121
39
162
78
106
141
129
160
127
139
159
141
218
145
184
183
132
228
208
228
199
279
272
292
302
346
361
358
427
363
461
444
393
418
443
402
349
356
353
214
169
137
52
-20
-75
-153
-206
-325
-385
-448
-560
-525
-622
-651
-673
-694
-707
-727
-734
-671
-703
-655
-540
-509
-509
-415
-297
-348
-298
-180
-92
-68
-46
56
87
94
176
167
161
175
165
180
163
140
124
78
32
-14
-62
-112
-114
-180
-251
-270
-279
-338
-328
-327
-329
-299
-331
-267
-193
-152
-132
-24
98
162
279
403
482
632
709
754
892
1024
1174
1104
1059
1204
1444
1061
712
1131
1127
911
254
628
810
-8
-378
-162
-62
-666
-895
-707
-582
-1130
-1410
-1091
-926
-1262
-1279
-964
-765
-908
-945
-534
-210
-323
-271
276
447
415
474
866
1120
949
1046
1313
1337
1228
1159
1293
1169
1026
937
733
592
319
207
-62
-242
-457
-696
-864
-1141
-1278
-1449
-1479
-1667
-1717
-1693
-1769
-1764
-1699
-1625
-1541
-1394
-1253
-1063
-983
-754
-637
-537
-275
-125
-10
144
342
486
528
571
738
847
813
896
1002
1034
1028
983
1082
1067
1028
1021
1077
1078
1037
1002
1042
1171
951
945
1053
1137
682
364
707
735
358
-92
193
237
-477
-865
-642
-558
-940
-1100
-851
-855
-1318
-1508
-1092
-886
-1038
-1074
-740
-515
-736
-630
-220
8
15
84
486
736
630
712
1083
1265
1172
1132
1386
1482
1217
1236
1278
1146
980
842
579
408
168
-44
-282
-574
-666
-962
-1232
-1459
-1537
-1709
-1944
-1916
-1953
-2007
-2026
-1974
-1898
-1887
-1675
-1424
-1265
-1151
-990
-690
-502
-405
-35
236
309
407
640
841
810
988
1274
1417
1388
1335
1446
1504
1487
1518
1663
1735
1696
1499
1477
1580
1503
1533
1429
1465
1388
1387
930
31
684
841
478
-425
-397
282
-921
-1622
-1508
-827
-1439
-2067
-1513
-1251
-2026
-2673
-1938
-1325
-1603
-1831
-1251
-810
-1103
-1437
-867
-199
-111
-182
297
843
593
439
962
1506
1445
1443
1903
2003
1697
1519
1719
1860
1657
1441
1253
1131
804
426
246
21
-166
-593
-895
-1115
-1394
-1695
-1754
-1795
-1970
-2092
-2239
-2116
-2184
-2078
-1888
-1643
-1436
-1376
-1314
-1173
-830
-734
-491
-243
-20
150
185
339
436
620
911
1116
1162
1211
1313
1383
1290
1327
1588
1687
1681
1659
1572
1508
1501
1576
1648
1666
1606
1719
1620
1336
414
692
1415
991
327
-207
572
-144
-1279
-1362
-716
-752
-1629
-1475
-1167
-1600
-2460
-2267
-1410
-1282
-1627
-1565
-1188
-1212
-1598
-1354
-685
-344
-535
-253
330
273
-32
294
1110
1365
1270
1431
1730
1710
1574
1756
1854
1848
1722
1470
1184
919
888
555
95
11
-158
-669
-1192
-1362
-1453
-1789
-1883
-1925
-2144
-2398
-2523
-2434
-2296
-2245
-2029
-1839
-1751
-1645
-1668
-1368
-1035
-853
-559
-252
-61
1
63
353
562
753
1147
1381
1347
1358
1616
1729
1647
1964
2310
2450
2196
2125
2367
2271
2278
2308
2575
2496
2194
2056
1754
971
1065
1512
1336
569
-133
147
-350
-1287
-1573
-948
-960
-1718
-1891
-1724
-2123
-2905
-2659
-1921
-1764
-2127
-2144
-1849
-1909
-2218
-1986
-1185
-849
-918
-727
-247
-184
-425
72
883
1180
1122
1323
1590
1539
1530
1817
2019
2008
1854
1770
1497
1296
1245
1079
851
537
445
86
-450
-810
-946
-976
-1160
-1383
-1538
-1865
-1994
-2159
-2027
-1934
-1913
-1766
-1838
-1830
-1839
-1682
-1540
-1261
-1037
-854
-751
-750
-704
-468
-47
255
480
655
798
842
962
1312
1611
1915
2312
2590
2543
2423
2585
2697
2834
3020
3221
3274
2927
2647
2251
1412
1604
1982
1692
937
80
232
-314
-1376
-1708
-1261
-1238
-2013
-2286
-2350
-2663
-3327
-3310
-2606
-2375
-2619
-2762
-2529
-2339
-2436
-2238
-1557
-932
-794
-687
-188
110
111
474
1270
1719
1730
1881
2182
2203
2250
2481
2610
2556
2293
2174
1953
1684
1494
1328
960
446
289
-178
-683
-1073
-1158
-1273
-1728
-2008
-2185
-2459
-2658
-2628
-2504
-2496
-2460
-2359
-2355
-2299
-2193
-1962
-1753
-1462
-1195
-1026
-862
-685
-583
-312
87
470
626
809
1131
1170
1458
1753
2022
2275
2568
2805
2797
2742
2952
3205
3220
3291
3356
3332
2916
2784
2267
1883
1997
2099
1695
625
228
107
-636
-1388
-1356
-1076
-1485
-2307
-2501
-2606
-3056
-3362
-2980
-2430
-2494
-2908
-2887
-2500
-2426
-2402
-1891
-1149
-938
-1011
-760
-242
-12
172
739
1438
1669
1535
1785
1982
2172
2314
2538
2573
2449
2110
1773
1694
1389
1293
942
638
251
-189
-617
-1040
-1257
-1466
-1558
-1788
-1971
-2249
-2463
-2419
-2444
-2325
-2348
-2231
-2050
-2043
-2001
-1937
-1667
-1446
-1207
-1012
-804
-724
-596
-393
-159
273
587
676
831
970
1144
1464
1820
2140
2288
2441
2653
2643
2775
2989
3128
3244
3304
3406
3133
2922
2314
1971
2105
2225
1977
911
482
384
-319
-1191
-1314
-876
-1155
-1944
-2286
-2316
-2762
-3197
-2968
-2357
-2234
-2781
-2915
-2588
-2421
-2550
-2229
-1443
-1042
-1219
-1112
-517
-273
-158
365
1126
1576
1562
1636
1884
1947
2079
2395
2679
2552
2240
1702
1630
1583
1368
1127
713
477
-25
-355
-641
-885
-1203
-1338
-1406
-1669
-2051
-2343
-2280
-2153
-2032
-2039
-2184
-2276
-2172
-2018
-1831
-1680
-1497
-1422
-1292
-1066
-982
-987
-845
-517
-215
108
248
284
380
636
910
1244
1554
1854
2086
2251
2451
2531
2778
3038
3264
3402
3418
3390
3367
2908
2553
2605
2743
2471
1670
1326
1145
410
-417
-468
-345
-783
-1594
-1778
-1770
-2425
-3025
-2966
-2421
-2411
-2860
-2994
-2680
-2638
-2758
-2441
-1853
-1492
-1621
-1339
-705
-478
-424
-69
718
1099
1205
1393
1615
1830
1925
2221
2346
2347
2074
1779
1828
1603
1428
1157
958
658
-47
-371
-426
-643
-1134
-1335
-1383
-1569
-1880
-2094
-2191
-2173
-2123
-2006
-1916
-1980
-1926
-1935
-1815
-1701
-1556
-1369
-1228
-1043
-953
-878
-801
-676
-426
-119
163
355
575
760
913
1161
1508
1939
2171
2329
2500
2720
2860
3032
3280
3283
3168
3355
3089
2581
2479
2720
2676
1809
1303
1285
1001
17
-498
-236
-195
-1084
-1771
-1643
-1788
-2496
-2863
-2446
-2129
-2410
-2906
-2750
-2554
-2608
-2571
-2032
-1489
-1512
-1526
-1112
-597
-503
-283
274
854
975
1019
1372
1604
1674
1785
1978
2073
2014
1815
1477
1296
1414
1148
810
533
341
-96
-611
-626
-636
-1032
-1452
-1438
-1522
-1782
-2007
-1809
-1777
-1826
-1727
-1707
-1680
-1686
-1519
-1339
-1209
-1109
-1107
-1161
-1026
-833
-723
-558
-419
-374
-322
-58
152
223
442
837
1097
1228
1512
1785
1993
2199
2538
2808
2975
3098
3176
3097
3260
3074
2790
2671
2837
2774
1895
1409
1362
1106
233
-183
-47
-258
-1147
-1700
-1671
-1837
-2392
-2677
-2342
-2287
-2733
-3059
-2780
-2516
-2555
-2508
-1986
-1575
-1673
-1612
-1110
-608
-504
-204
427
868
903
1073
1414
1678
1842
2012
2132
2156
2032
1835
1631
1483
1396
1045
797
468
164
-296
-664
-798
-1007
-1358
-1574
-1643
-1796
-1968
-2050
-1942
-1980
-1962
-1824
-1748
-1719
-1646
-1538
-1343
-1138
-1023
-1021
-988
-794
-629
-554
-342
-151
-106
-67
123
304
464
720
1048
1264
1390
1612
1851
2038
2267
2520
2792
2981
3071
3015
2915
3043
2731
2576
2557
2669
2299
1506
1339
1180
599
-133
-113
-8
-587
-1318
-1481
-1540
-2067
-2452
-2307
-2055
-2278
-2657
-2684
-2494
-2467
-2439
-2145
-1697
-1546
-1581
-1218
-774
-541
-328
194
646
842
1009
1320
1617
1687
1870
2105
2144
1956
1811
1809
1591
1328
1196
1020
620
141
-229
-519
-784
-1024
-1163
-1419
-1713
-1969
-2151
-2288
-2259
-2163
-2085
-2002
-2012
-2017
-1946
-1766
-1571
-1381
-1143
-977
-960
-970
-773
-463
-306
-153
65
215
192
302
571
833
1035
1261
1521
1578
1702
1878
2125
2343
2604
2826
2977
3032
2934
2844
2901
2750
2623
2646
2631
2323
1618
1341
1103
609
52
-41
-36
-573
-1188
-1412
-1558
-2057
-2402
-2231
-2096
-2366
-2663
-2623
-2512
-2589
-2556
-2234
-1851
-1744
-1669
-1377
-1005
-768
-501
-30
428
705
910
1210
1505
1676
1841
2073
2148
2066
1904
1833
1675
1429
1255
962
659
215
-160
-498
-810
-1100
-1344
-1585
-1799
-1978
-2200
-2233
-2272
-2304
-2254
-2179
-2081
-2032
-1927
-1770
-1600
-1457
-1310
-1139
-1003
-817
-645
-434
-238
-57
131
297
430
641
876
1061
1218
1432
1664
1722
1890
2139
2291
2349
2507
2726
2883
2862
2878
2886
2849
2474
2391
2567
2480
2089
1506
1470
1070
415
-96
0
-32
-680
-1198
-1321
-1451
-2077
-2361
-2129
-2001
-2371
-2612
-2492
-2450
-2557
-2515
-2108
-1733
-1666
-1619
-1240
-858
-676
-402
143
622
803
990
1284
1525
1615
1802
2091
2156
2062
1887
1818
1669
1491
1359
1097
798
333
32
-336
-621
-897
-1234
-1539
-1892
-2053
-2287
-2414
-2509
-2474
-2456
-2477
-2401
-2376
-2198
-2044
-1831
-1620
-1412
-1280
-1240
-1026
-775
-525
-401
-170
58
184
279
496
801
989
1175
1386
1607
1723
1943
2181
2408
2487
2563
2798
2966
3153
3118
3245
3180
2888
2416
2348
2676
2482
1997
1487
1397
782
-16
-280
-23
-103
-854
-1317
-1449
-1763
-2457
-2641
-2251
-2139
-2543
-2853
-2751
-2703
-2923
-2820
-2196
-1731
-1726
-1662
-1234
-902
-737
-402
323
853
988
1111
1387
1628
1730
1996
2315
2452
2303
2073
1907
1767
1680
1579
1297
939
493
47
-347
-693
-879
-1183
-1428
-1715
-2000
-2309
-2570
-2629
-2656
-2544
-2505
-2408
-2422
-2464
-2420
-2224
-1886
-1631
-1426
-1305
-1165
-1015
-728
-411
-103
203
425
525
669
945
1245
1481
1690
1867
1995
2124
2324
2530
2671
2725
2766
2911
3128
3164
3151
3171
2866
2241
2068
2490
2672
2078
1383
1256
831
-45
-592
-197
72
-636
-1445
-1654
-1761
-2483
-2972
-2513
-2016
-2313
-2889
-2812
-2629
-2939
-3074
-2418
-1557
-1448
-1592
-1314
-930
-919
-771
24
932
1193
1090
1158
1431
1579
1726
2181
2613
2573
2065
1710
1694
1745
1627
1424
1267
968
425
-122
-334
-396
-685
-1081
-1262
-1350
-1733
-2133
-2250
-2176
-2192
-2192
-2097
-2083
-2200
-2326
-2213
-2054
-1855
-1763
-1444
-1343
-1484
-1465
-1250
-943
-621
-77
26
-104
54
379
619
959
1447
1659
1582
1685
1885
2099
2147
2292
2544
2606
2585
2539
2488
2303
2252
2251
2438
2535
2312
1835
1410
1310
1321
1255
1075
958
608
38
-482
-652
-707
-868
-1140
-1378
-1527
-1857
-2261
-2407
-2244
-2158
-2185
-2197
-2077
-1954
-1987
-1944
-1675
-1312
-1080
-819
-574
-399
-282
-87
213
483
668
811
1024
1078
1044
1101
1249
1396
1441
1404
1364
1366
1223
1032
1061
1130
978
649
407
247
56
-210
-409
-554
-807
-1136
-1357
-1475
-1720
-1949
-2105
-2141
-2113
-2084
-2118
-2231
-2315
-2284
-1994
-1604
-1343
-1254
-1201
-1060
-831
-475
-54
340
568
729
947
1228
1531
1772
1992
2174
2321
2428
2511
2547
2511
2455
2441
2450
2410
2311
2109
1842
1566
1413
1338
1276
1105
785
426
128
-99
-246
-299
-397
-619
-988
-1265
-1393
-1455
-1531
-1567
-1577
-1664
-1719
-1805
-1781
-1743
-1677
-1490
-1294
-1085
-1095
-1047
-989
-780
-484
-209
66
133
144
93
268
472
719
913
1019
998
907
879
917
1066
1147
1195
1150
1010
825
693
670
606
513
323
99
-114
-319
-463
-669
-876
-1079
-1213
-1338
-1432
-1510
-1626
-1754
-1780
-1639
-1491
-1450
-1463
-1432
-1324
-1132
-874
-554
-322
-232
-180
-24
289
571
786
982
1171
1294
1345
1452
1602
1694
1702
1720
1786
1777
1669
1537
1454
1393
1233
1099
1040
991
805
553
386
229
155
90
58
-51
-204
-350
-441
-419
-408
-407
-430
-459
-542
-615
-601
-586
-592
-595
-574
-559
-654
-737
-790
-750
-668
-611
-591
-618
-614
-611
-569
-479
-322
-219
-188
-166
-87
-24
-9
68
190
281
260
262
301
330
327
320
321
262
204
182
191
175
75
-43
-160
-209
-242
-299
-348
-450
-575
-700
-694
-604
-563
-592
-640
-648
-605
-488
-315
-155
-66
-36
-7
83
245
425
559
616
630
626
628
678
754
772
758
736
712
667
613
543
488
467
440
418
379
312
176
70
60
124
123
79
7
-31
-71
-52
42
106
121
91
97
101
130
195
254
272
249
196
176
115
63
-10
-50
-107
-223
-328
-420
-466
-566
-649
-704
-735
-779
-809
-794
-772
-757
-756
-729
-657
-560
-479
-404
-344
-296
-259
-213
-143
-84
-34
-2
18
31
64
120
146
154
158
192
225
229
230
219
251
302
346
362
368
374
377
386
410
441
447
437
443
445
424
382
347
340
305
257
226
212
168
90
21
-8
-54
-129
-177
-223
-272
-332
-350
-357
-385
-401
-406
-381
-350
-280
-225
-167
-101
-29
32
96
213
307
395
456
497
526
554
591
599
571
539
504
448
386
323
255
146
38
-37
-102
-208
-328
-411
-477
-561
-649
-686
-709
-754
-773
-749
-710
-699
-683
-635
-580
-548
-515
-465
-402
-344
-296
-235
-215
-194
-159
-97
-48
-20
-12
-1
46
79
113
136
168
187
208
239
271
306
315
330
367
400
403
393
405
421
418
402
397
406
413
411
405
392
382
349
321
298
283
279
280
267
220
181
149
122
108
102
95
74
48
36
22
19
27
70
107
106
96
123
154
156
164
189
179
144
128
109
86
39
-27
-86
-120
-159
-224
-272
-295
-336
-404
-464
-507
-533
-563
-577
-574
-579
-625
-655
-616
-590
-616
-608
-536
-495
-509
-525
-472
-430
-447
-453
-414
-381
-381
-380
-334
-280
-253
-240
-219
-140
-66
-26
39
128
199
228
272
334
394
431
464
517
546
573
603
599
580
575
575
560
531
520
521
487
432
383
352
347
308
239
222
215
189
178
163
154
165
187
170
149
161
179
227
256
265
270
266
271
287
307
300
288
335
346
246
220
308
217
-23
84
220
31
-153
-79
30
-179
-312
-183
-277
-428
-262
-238
-571
-577
-269
-389
-667
-576
-328
-428
-647
-545
-395
-486
-642
-561
-425
-544
-590
-577
-731
-762
-703
-860
-945
-773
-767
-889
-873
-777
-653
-633
-585
-335
-153
-126
-4
192
381
394
456
773
802
762
828
897
1018
883
821
961
921
880
844
753
845
810
521
490
610
472
271
210
220
130
-99
-171
-159
-258
-396
-406
-355
-446
-479
-418
-404
-357
-281
-183
-85
-11
96
254
352
381
549
716
737
724
844
979
918
889
878
940
935
613
620
778
530
235
178
276
69
-312
-289
-135
-475
-866
-717
-617
-948
-1156
-983
-1034
-1248
-1226
-1348
-1281
-1157
-1382
-1300
-1193
-1154
-1101
-1201
-1009
-864
-934
-778
-539
-575
-492
-203
-225
-155
122
185
142
398
639
527
539
912
959
640
995
1191
913
1044
1082
1191
1044
808
1209
1205
853
794
995
846
418
425
398
509
373
-194
-48
23
-439
-666
-604
-394
-535
-839
-920
-677
-730
-1158
-856
-581
-605
-677
-684
-329
-227
-366
-202
292
365
302
429
751
933
643
963
1379
1246
1127
1327
1472
1218
1147
1296
1294
1032
929
927
644
444
436
219
-139
-153
-346
-743
-921
-939
-1128
-1432
-1535
-1601
-1820
-2060
-2013
-1940
-2145
-2149
-1891
-1992
-2029
-1873
-1735
-1516
-1409
-1196
-962
-751
-701
-501
-17
75
160
610
755
719
959
1172
1389
1417
1400
1556
1518
1449
1458
1538
1561
1404
1303
1301
1221
943
990
990
864
916
786
640
695
660
44
33
301
369
77
-459
-84
-211
-849
-1065
-665
-395
-883
-1144
-1067
-680
-1191
-1437
-755
-681
-751
-1038
-792
-405
-574
-556
-159
267
64
-10
378
779
783
680
1193
1492
1285
1219
1548
1852
1641
1654
1807
1764
1504
1131
1323
1133
837
671
343
103
-375
-672
-929
-1077
-1317
-1667
-1914
-2268
-2359
-2564
-2640
-2480
-2544
-2690
-2675
-2491
-2356
-2157
-1937
-1591
-1464
-1378
-910
-520
-343
1
486
650
749
928
1262
1524
1475
1697
1981
1912
1781
1787
1779
1653
1665
1731
1648
1562
1420
1291
1019
884
1056
1059
1003
844
724
856
156
82
370
529
585
-464
-185
-114
-690
-1003
-891
-234
-852
-1520
-1544
-1047
-1403
-1991
-1383
-1120
-1122
-1712
-1589
-1019
-1156
-1156
-823
-164
-217
-629
-371
262
528
423
954
1417
1154
989
1362
1935
1907
1836
2172
2143
1818
1503
1674
1753
1359
1351
1008
480
89
-326
-474
-702
-945
-1409
-1852
-2227
-2291
-2384
-2612
-2468
-2709
-2853
-2835
-2612
-2338
-2261
-2045
-1794
-1652
-1463
-1087
-822
-435
-119
125
441
695
939
1003
1122
1552
1803
1816
1934
1975
1849
1734
1913
2017
1944
1833
1759
1673
1603
1545
1389
1315
1281
1345
1281
1049
1235
1037
143
437
816
1092
477
-369
273
-118
-872
-831
-380
-295
-1335
-1762
-1266
-1316
-2044
-1991
-1640
-1717
-2052
-2285
-1779
-1586
-1877
-1833
-1339
-896
-1045
-1117
-494
-47
-103
73
735
1139
925
924
1535
1857
1781
2087
2315
2115
1807
1747
2038
1900
1666
1550
1064
668
340
62
-211
-405
-762
-1359
-1618
-1864
-1934
-2200
-2321
-2361
-2669
-2662
-2505
-2310
-2228
-2066
-1899
-1776
-1672
-1339
-872
-698
-340
-52
49
310
534
813
1045
1334
1607
1443
1524
1857
1792
1706
1905
2049
1783
1622
1801
1743
1488
1334
1508
1430
1076
1095
1155
1026
846
838
858
1029
315
90
600
617
375
-507
-39
275
-757
-871
-653
-515
-1165
-1676
-1219
-1184
-1859
-2101
-1685
-1682
-1779
-2128
-1965
-1471
-1650
-1638
-1265
-825
-922
-1167
-576
165
194
155
714
1047
847
865
1512
1918
1656
1638
1963
2037
1781
1699
1706
1587
1494
1245
999
769
517
215
-129
-326
-531
-989
-1307
-1376
-1665
-1976
-2041
-1996
-2212
-2389
-2400
-2304
-2237
-2145
-1740
-1633
-1623
-1534
-1242
-808
-516
-144
81
179
229
543
1050
1374
1450
1463
1592
1646
1761
1939
2090
2123
1832
1673
1937
1880
1749
1665
1553
1548
1282
1236
1268
1103
870
610
811
908
680
655
-126
-308
59
150
121
-597
-463
-488
-1374
-1407
-957
-757
-1245
-1793
-1604
-1589
-1931
-1922
-1471
-1373
-1588
-1926
-1843
-1256
-1161
-1045
-871
-616
-639
-848
-233
378
375
179
660
989
761
775
1413
1743
1226
1391
1745
1711
1387
1286
1479
1243
1194
1233
993
537
292
-23
-348
-117
-278
-808
-1255
-1393
-1523
-1904
-1771
-1640
-1948
-2312
-2200
-2001
-2051
-1840
-1717
-1636
-1525
-1173
-764
-739
-567
-169
87
321
608
879
1163
1155
1314
1520
1705
2046
2096
2021
1931
1956
1893
1918
2040
2058
1731
1359
1406
1222
1138
1086
985
817
436
235
11
171
198
37
-99
-140
-759
-1192
-525
-158
-373
-1111
-1097
-752
-1267
-1399
-1024
-740
-1082
-1524
-1353
-1120
-1274
-1489
-1209
-851
-859
-1248
-1158
-686
-678
-739
-479
75
52
-400
-36
620
609
359
638
1132
1060
854
1077
1292
1171
1120
1348
1398
1271
961
862
1020
938
754
399
215
104
-183
-327
-221
-406
-1057
-1255
-1322
-1303
-1318
-1484
-1361
-1699
-1902
-1749
-1522
-1343
-1299
-1169
-1161
-1091
-810
-330
-87
-62
70
326
531
700
1039
1295
1422
1343
1350
1489
1603
1609
1667
1776
1576
1371
1212
1244
1219
1066
848
610
643
416
227
227
182
-78
-247
-171
-298
-495
-518
-351
-470
-460
-403
-392
-853
-1010
-382
-182
-351
-876
-615
-329
-818
-923
-755
-281
-445
-851
-790
-659
-737
-1001
-535
-177
-298
-806
-747
-281
-267
-159
7
289
-7
-224
171
622
669
430
595
644
569
560
855
967
609
582
669
707
620
504
450
459
423
239
157
53
-60
-249
-254
18
-81
-774
-815
-466
-440
-631
-746
-411
-710
-991
-551
-514
-544
-360
-250
-252
-453
-323
78
147
244
390
113
231
435
450
685
792
880
495
351
821
884
679
782
793
371
256
537
714
366
68
279
74
-79
50
-100
-172
-130
-167
-385
-433
-236
-320
-495
-327
-270
-592
-495
27
-287
-791
-419
14
-109
-614
-427
45
-285
-565
-366
-55
-24
-433
-410
-63
-129
-341
-257
34
42
-280
-258
195
155
-142
-158
95
333
-59
-52
257
194
-26
-125
307
388
-47
-124
171
240
137
255
318
238
89
216
478
490
543
471
374
396
438
499
628
727
558
203
189
484
359
132
147
123
-94
-350
-205
-124
-358
-491
-518
-568
-618
-556
-538
-600
-623
-567
-552
-520
-407
-409
-341
-195
-173
-257
-128
84
80
29
170
336
194
192
331
395
334
288
421
281
144
229
263
180
31
59
5
-77
-40
-97
-170
-144
-145
-251
-198
-103
-163
-132
-170
-362
-216
79
119
-214
-287
86
30
-230
-53
137
89
-183
-219
9
2
-208
-263
-64
-62
-293
-456
-234
-121
-277
-359
-266
-145
-310
-327
-121
-50
-74
-87
95
246
181
254
447
515
586
708
800
823
801
868
1080
1196
1192
1075
1040
1124
1110
981
1022
1099
885
574
431
447
226
77
110
-121
-546
-766
-715
-831
-1047
-1085
-1132
-1349
-1598
-1493
-1354
-1361
-1332
-1312
-1331
-1309
-1164
-1024
-830
-616
-543
-516
-310
-89
-53
81
352
523
491
584
746
745
819
857
900
824
725
712
650
652
575
445
296
236
162
19
4
-66
-205
-258
-209
-247
-418
-473
-304
-195
-460
-465
-239
-136
-212
-462
-190
122
-53
-324
-229
102
9
-206
-59
104
-121
-340
-153
161
75
-265
-242
-21
-23
-196
-137
174
111
-172
-10
332
345
202
323
660
600
441
733
955
892
877
1069
1134
1043
998
1106
1234
1142
1057
944
894
859
643
486
525
417
76
-147
-219
-283
-611
-796
-734
-983
-1243
-1364
-1365
-1416
-1543
-1573
-1547
-1555
-1628
-1506
-1411
-1235
-1109
-1108
-871
-737
-608
-400
-167
60
98
220
453
613
648
777
927
918
888
895
998
978
836
744
714
643
486
352
305
222
-30
-123
-166
-284
-362
-531
-559
-586
-585
-612
-637
-577
-548
-538
-526
-383
-234
-212
-308
-150
91
182
73
53
343
342
188
238
433
503
275
196
306
375
234
124
281
340
215
48
141
248
147
128
253
314
205
232
384
444
350
373
522
519
494
520
626
610
485
529
551
510
470
420
358
268
228
213
82
-10
-26
-181
-293
-299
-334
-438
-588
-623
-591
-677
-697
-640
-650
-701
-742
-687
-597
-592
-608
-501
-414
-398
-442
-330
-155
-187
-125
-45
5
15
12
154
242
211
187
219
219
186
192
231
189
98
34
27
-17
-114
-124
-167
-233
-309
-363
-351
-391
-446
-481
-496
-505
-500
-483
-436
-393
-402
-328
-251
-222
-173
-71
100
142
162
317
506
470
419
615
778
792
636
736
952
838
663
717
905
786
506
511
640
525
242
193
278
178
-90
-202
-80
-139
-424
-499
-327
-333
-604
-619
-396
-421
-624
-595
-351
-295
-439
-361
-115
-61
-100
-24
172
291
264
317
494
625
634
663
739
786
766
721
791
843
710
598
576
576
440
286
270
177
11
-120
-197
-279
-379
-466
-557
-654
-751
-774
-833
-923
-936
-924
-894
-893
-887
-859
-827
-796
-754
-693
-577
-475
-455
-450
-362
-254
-209
-186
-81
-9
-47
-51
12
38
23
49
103
95
40
52
82
91
89
81
99
128
129
141
208
272
278
278
341
433
483
520
546
562
632
712
662
555
611
734
672
462
425
521
396
144
60
127
37
-204
-312
-281
-330
-522
-600
-538
-537
-656
-699
-571
-492
-540
-524
-372
-269
-286
-198
43
190
174
226
435
563
548
614
784
851
807
835
924
946
874
826
838
816
736
645
613
585
480
342
278
254
148
13
-49
-59
-154
-295
-340
-348
-414
-531
-609
-631
-695
-778
-784
-765
-818
-895
-918
-908
-925
-970
-944
-890
-882
-867
-817
-741
-718
-721
-656
-554
-474
-406
-311
-207
-159
-129
-36
65
112
145
229
317
345
356
402
426
397
378
387
380
356
351
340
294
248
219
159
90
95
134
120
71
75
105
83
35
24
121
198
98
15
170
331
243
92
204
390
278
96
199
384
314
132
158
316
269
76
95
277
265
35
-31
161
203
15
-30
135
170
-11
-47
135
195
90
92
204
215
133
155
280
331
322
344
397
425
406
403
465
528
532
486
461
496
478
412
390
403
325
186
134
117
23
-135
-221
-280
-414
-556
-638
-684
-793
-937
-1031
-1065
-1106
-1194
-1244
-1229
-1224
-1279
-1283
-1191
-1128
-1131
-1082
-957
-857
-770
-644
-490
-402
-337
-217
-71
50
122
230
344
421
455
480
560
616
601
576
596
627
585
508
482
464
397
326
312
309
243
158
125
117
86
77
104
79
33
45
129
151
95
137
266
277
163
229
412
434
295
283
458
461
286
244
365
384
209
150
269
266
78
-2
118
147
-18
-121
9
80
-42
-99
35
131
12
-43
108
215
144
106
258
380
332
293
387
499
502
462
505
603
579
479
466
507
472
351
276
274
193
32
-48
-97
-239
-416
-523
-557
-655
-841
-957
-987
-1068
-1222
-1311
-1289
-1314
-1426
-1449
-1364
-1324
-1343
-1293
-1159
-1071
-1005
-875
-719
-605
-503
-346
-163
-16
81
225
385
496
577
664
783
839
834
875
940
927
871
851
853
780
638
581
575
475
295
161
110
24
-106
-175
-197
-275
-403
-457
-426
-424
-471
-467
-380
-308
-322
-307
-167
-5
39
49
181
374
436
388
503
751
846
748
712
908
1016
850
749
884
993
829
654
701
743
594
414
394
391
250
79
37
58
-31
-185
-247
-233
-321
-467
-473
-393
-422
-519
-519
-461
-494
-575
-541
-416
-366
-401
-401
-315
-243
-275
-277
-157
-35
-55
-114
-44
43
-1
-61
3
44
-40
-118
-70
-15
-82
-196
-216
-182
-223
-302
-314
-259
-265
-347
-367
-322
-308
-339
-333
-277
-255
-274
-239
-168
-136
-132
-86
-17
-10
-11
39
92
103
79
97
144
146
111
85
94
96
86
72
54
40
18
-5
-43
-76
-81
-76
-86
-120
-122
-90
-69
-84
-85
-43
10
50
73
117
199
287
344
388
465
573
653
658
663
748
842
797
705
810
951
851
620
589
721
591
309
258
345
226
-86
-229
-187
-276
-538
-663
-598
-616
-827
-981
-910
-856
-956
-1020
-916
-802
-843
-860
-714
-578
-551
-503
-353
-170
-84
-44
100
267
348
393
495
629
662
642
724
838
833
752
734
783
710
571
556
590
499
333
258
245
132
-57
-130
-129
-224
-353
-423
-446
-494
-569
-603
-603
-628
-684
-701
-646
-594
-607
-603
-547
-521
-517
-444
-320
-248
-213
-145
-69
-20
32
117
196
263
311
352
411
450
458
451
480
496
454
408
400
363
285
247
206
126
44
-11
-47
-108
-157
-186
-243
-304
-334
-319
-298
-287
-260
-236
-229
-226
-171
-65
-4
-9
38
156
181
76
127
344
408
253
194
364
401
203
122
283
351
145
12
117
168
-13
-154
-66
-6
-166
-319
-249
-149
-242
-358
-283
-159
-228
-349
-281
-129
-109
-160
-93
41
41
-16
87
247
293
261
323
439
457
403
427
556
600
533
497
530
524
429
383
396
345
223
138
107
38
-67
-145
-193
-249
-330
-419
-475
-511
-542
-571
-566
-568
-630
-647
-580
-520
-517
-487
-369
-286
-285
-262
-153
-34
5
53
133
185
211
241
300
332
315
308
315
300
258
218
172
87
-10
-84
-134
-179
-249
-333
-406
-474
-534
-580
-602
-614
-631
-641
-646
-612
-564
-532
-495
-416
-327
-265
-171
-25
99
137
193
351
494
551
633
791
886
833
813
954
1051
954
845
916
964
796
617
635
668
476
241
202
207
24
-196
-212
-186
-323
-519
-554
-500
-578
-695
-663
-568
-594
-660
-575
-415
-388
-415
-304
-131
-56
-36
54
197
285
314
363
470
562
571
580
688
773
721
664
689
687
582
515
547
520
362
226
194
155
30
-106
-163
-185
-284
-422
-481
-476
-525
-631
-672
-647
-656
-677
-646
-611
-619
-616
-552
-493
-469
-414
-327
-271
-250
-211
-161
-122
-95
-72
-28
-17
-19
-11
-21
-53
-80
-70
-76
-104
-119
-140
-182
-226
-240
-239
-258
-286
-294
-281
-257
-244
-250
-231
-190
-143
-106
-58
37
116
154
203
256
317
392
459
530
589
646
678
679
711
789
830
741
678
730
781
691
559
559
549
420
263
205
183
75
-79
-147
-153
-244
-373
-409
-385
-437
-542
-533
-423
-404
-459
-433
-323
-280
-295
-229
-98
-27
-23
31
134
210
232
268
348
402
410
417
455
477
451
435
465
471
395
321
314
294
188
105
105
89
3
-98
-128
-149
-225
-289
-303
-312
-376
-431
-414
-381
-429
-481
-449
-419
-441
-447
-379
-310
-315
-350
-322
-280
-281
-276
-229
-162
-149
-151
-124
-98
-113
-152
-138
-94
-91
-96
-76
-65
-115
-178
-182
-147
-156
-199
-194
-175
-188
-228
-244
-215
-196
-206
-210
-177
-98
-45
-45
-42
-22
4
31
89
159
225
270
298
309
333
401
452
467
500
558
601
610
607
605
610
596
565
563
574
531
450
416
403
335
251
217
192
106
23
8
-14
-97
-177
-201
-260
-356
-395
-368
-351
-386
-398
-399
-430
-453
-430
-366
-311
-295
-277
-230
-168
-138
-119
-74
-1
54
97
154
199
231
242
278
349
390
397
402
416
425
403
397
436
422
338
298
307
270
188
151
165
135
36
-35
-85
-107
-148
-226
-253
-279
-338
-377
-392
-388
-411
-469
-480
-471
-490
-504
-486
-454
-444
-450
-407
-380
-390
-390
-359
-317
-306
-291
-260
-230
-205
-187
-166
-124
-89
-81
-73
-30
19
45
67
83
81
76
96
127
127
123
145
162
146
121
133
148
125
107
111
130
141
130
120
134
160
167
176
225
268
291
318
344
355
362
372
399
436
429
405
396
413
409
352
300
271
258
205
136
89
24
-39
-81
-114
-149
-189
-240
-290
-336
-384
-404
-406
-399
-392
-399
-404
-385
-370
-344
-296
-245
-198
-146
-73
-4
53
116
180
248
326
393
436
480
515
537
564
591
620
599
557
521
519
499
448
386
325
263
159
99
61
-2
-76
-155
-209
-272
-354
-417
-455
-507
-559
-592
-616
-641
-663
-684
-707
-715
-708
-676
-642
-604
-573
-560
-520
-473
-423
-346
-274
-224
-175
-116
-54
-3
37
85
128
157
196
224
247
266
272
269
249
229
210
184
162
154
125
85
49
10
-20
-48
-60
-74
-96
-102
-103
-104
-85
-67
-36
7
32
53
82
130
195
243
294
358
401
434
465
487
517
548
577
582
557
535
517
486
444
401
337
267
206
141
75
9
-63
-133
-187
-239
-294
-343
-369
-373
-379
-387
-395
-400
-396
-375
-335
-297
-269
-235
-188
-145
-92
-27
33
90
134
172
211
259
318
377
411
420
408
412
416
425
448
422
376
322
287
242
164
120
90
28
-53
-117
-182
-256
-320
-380
-442
-521
-584
-613
-636
-652
-669
-685
-689
-681
-662
-624
-563
-507
-470
-427
-364
-308
-242
-171
-101
-32
23
78
117
143
186
229
266
311
318
304
287
269
259
216
186
162
118
83
49
-4
-59
-103
-151
-177
-200
-219
-236
-254
-242
-239
-234
-206
-168
-120
-65
-12
36
85
153
226
287
352
422
481
521
564
621
668
702
717
710
685
661
662
639
598
556
494
427
354
271
179
97
25
-53
-133
-205
-283
-359
-417
-466
-503
-526
-539
-543
-560
-579
-568
-525
-483
-452
-420
-380
-311
-235
-173
-121
-70
-25
37
108
172
227
263
301
337
369
393
408
403
381
354
329
318
303
269
226
181
130
72
29
-30
-88
-143
-198
-255
-308
-355
-405
-443
-468
-461
-461
-472
-469
-482
-484
-467
-443
-370
-307
-267
-222
-194
-144
-83
-26
30
54
84
130
175
206
233
250
267
256
222
211
203
190
166
135
98
59
12
-39
-73
-111
-148
-174
-192
-194
-206
-214
-224
-227
-197
-169
-132
-111
-97
-62
-24
27
84
129
169
226
274
315
359
422
475
496
514
525
544
566
567
563
558
534
507
477
441
391
337
283
227
170
106
46
-16
-76
-127
-179
-227
-266
-305
-352
-392
-424
-444
-454
-451
-459
-471
-469
-442
-402
-359
-330
-322
-296
-261
-226
-167
-105
-50
-14
13
36
65
104
123
136
146
145
152
156
155
149
121
93
70
44
21
-14
-45
-66
-86
-110
-139
-143
-156
-181
-193
-194
-194
-174
-158
-154
-125
-109
-96
-58
-14
29
67
104
140
169
189
213
231
231
237
240
240
238
217
181
145
115
91
50
2
-40
-97
-140
-171
-211
-241
-294
-338
-357
-374
-386
-398
-395
-388
-382
-373
-345
-308
-267
-215
-155
-89
-14
66
123
177
231
296
376
445
509
575
623
660
677
686
713
729
727
710
687
657
625
593
549
483
404
337
272
208
131
35
-45
-112
-165
-230
-301
-357
-410
-452
-499
-533
-555
-573
-585
-600
-608
-609
-593
-567
-546
-525
-486
-436
-388
-342
-300
-258
-205
-154
-123
-84
-34
2
41
66
91
124
156
170
160
164
166
160
170
172
164
140
118
98
85
86
76
60
43
21
6
9
8
5
-3
-10
-16
-15
-8
-5
3
6
4
-2
11
26
36
49
47
43
31
26
32
23
24
21
16
21
16
3
-12
-39
-58
-69
-73
-77
-83
-88
-97
-106
-109
-109
-105
-89
-84
-86
-70
-40
-10
6
15
34
64
101
130
160
191
216
244
256
275
302
326
354
373
383
390
401
400
382
362
349
341
332
315
284
250
215
178
151
116
72
29
-24
-56
-76
-102
-133
-176
-207
-251
-293
-301
-309
-332
-363
-386
-395
-390
-387
-374
-361
-360
-351
-335
-319
-303
-287
-262
-238
-214
-177
-156
-130
-97
-70
-42
-24
-3
10
20
26
33
48
70
83
90
91
85
88
79
60
42
28
21
27
24
15
5
-19
-44
-52
-33
-19
-22
-27
-48
-56
-37
-5
22
23
17
18
19
32
57
71
82
87
77
77
81
96
119
128
115
96
84
68
67
68
59
45
30
28
20
11
-9
-46
-74
-89
-93
-89
-72
-67
-79
-89
-93
-84
-65
-44
-28
0
27
64
92
107
119
132
163
195
232
260
296
328
337
332
317
313
318
328
338
330
327
309
272
227
189
159
129
110
81
47
4
-46
-78
-107
-133
-151
-188
-231
-262
-286
-291
-302
-313
-324
-348
-356
-344
-323
-304
-294
-278
-264
-257
-229
-205
-186
-166
-140
-104
-83
-76
-58
-39
-27
-10
4
28
52
62
69
67
72
86
88
98
93
69
59
51
45
41
33
19
10
-2
-11
-16
-20
-16
-27
-42
-35
-29
-37
-44
-45
-44
-37
-20
-2
-5
-14
-26
-43
-45
-29
-10
10
16
12
18
30
28
10
10
22
28
29
26
23
17
3
-15
-21
-2
9
10
4
-18
-19
-6
15
31
34
45
58
72
85
84
79
81
93
97
109
125
134
150
166
185
202
212
208
195
186
191
206
214
207
186
168
146
130
116
98
76
39
15
-6
-29
-40
-52
-77
-96
-115
-135
-145
-145
-146
-165
-192
-215
-220
-216
-204
-194
-193
-201
-200
-200
-178
-137
-112
-93
-90
-94
-95
-89
-58
-30
-10
13
16
17
26
34
35
38
44
53
67
77
87
83
69
61
56
38
15
-2
-3
3
11
25
20
-1
-15
-36
-40
-21
-6
8
-1
-10
-10
-21
-22
-19
-13
-7
3
28
43
41
27
19
15
24
48
61
75
67
62
59
41
32
20
3
4
8
-1
-20
-43
-46
-49
-66
-76
-84
-100
-102
-95
-97
-92
-100
-105
-104
-100
-68
-42
-21
-6
-1
-1
3
25
38
72
112
132
131
135
151
156
166
162
160
181
190
186
171
150
141
115
104
96
71
57
30
10
-13
-44
-58
-67
-81
-98
-118
-148
-165
-175
-181
-199
-207
-199
-197
-196
-193
-194
-186
-168
-151
-139
-124
-103
-84
-61
-37
-8
17
48
58
69
84
91
101
125
157
180
189
180
176
182
188
200
205
197
185
179
171
163
163
150
123
106
89
68
47
36
11
-14
-33
-47
-56
-68
-77
-95
-112
-134
-143
-140
-137
-127
-131
-145
-145
-143
-134
-128
-113
-94
-97
-85
-76
-79
-70
-70
-64
-51
-51
-43
-26
-13
-9
1
17
24
27
37
47
53
63
89
94
92
91
89
86
93
103
91
80
88
91
100
108
95
85
78
71
56
45
45
47
46
29
2
-14
-27
-41
-58
-78
-80
-81
-94
-105
-130
-149
-148
-158
-170
-166
-157
-146
-145
-151
-157
-160
-129
-106
-101
-83
-65
-35
-15
-14
-8
-2
15
41
52
64
95
114
127
131
133
149
161
170
165
150
150
161
158
152
139
121
116
110
106
97
81
69
52
41
38
25
6
-8
-27
-40
-45
-39
-45
-72
-95
-112
-126
-116
-99
-94
-92
-96
-106
-109
-113
-108
-104
-107
-102
-97
-78
-70
-60
-39
-27
-24
-30
-32
-15
17
39
40
34
32
36
50
52
61
85
97
93
76
62
58
58
65
72
77
83
84
78
71
60
42
26
30
31
34
36
33
26
21
17
7
7
18
22
3
-11
-27
-43
-35
-19
-20
-44
-61
-62
-67
-57
-43
-43
-35
-35
-49
-54
-58
-54
-42
-43
-35
-17
-13
-9
-17
-34
-34
-26
-16
-2
16
27
20
12
10
24
33
36
47
52
47
53
44
35
37
35
26
18
20
19
10
2
-2
-4
4
10
11
8
1
-8
-6
-2
-12
-18
-20
-22
-21
-17
-21
-25
-28
-36
-41
-48
-47
-41
-43
-51
-50
-45
-40
-30
-33
-43
-45
-46
-51
-52
-40
-21
-21
-25
-20
-17
-12
-9
-7
5
18
26
31
18
12
18
21
39
58
60
59
61
60
64
77
96
89
79
65
55
73
87
83
72
54
31
24
42
67
72
56
38
23
8
11
14
19
16
7
1
-6
-10
-15
-27
-32
-26
-29
-19
-17
-19
-13
-19
-23
-26
-35
-43
-38
-29
-24
-27
-28
-31
-55
-68
-63
-47
-25
-14
-9
-16
-24
-18
-23
-26
-18
-12
-3
4
-2
-16
-21
-24
-21
-20
-27
-26
-11
6
12
5
-6
-4
8
11
12
5
-1
-4
-2
7
16
-2
-18
-26
-34
-2
22
19
-3
-27
-31
-15
7
16
14
7
4
-8
-24
-22
2
20
8
-18
-15
-4
2
-3
-7
-6
1
15
10
-5
-18
-15
-12
-10
0
17
34
53
54
42
36
25
20
26
33
41
41
44
41
34
22
1
-13
-4
12
26
40
39
23
5
-8
-17
-17
-6
7
25
24
14
-3
-22
-28
-32
-35
-24
-19
-17
-6
-3
-4
-8
-21
-35
-35
-25
2
23
21
4
-18
-15
-12
-10
-1
10
16
5
-1
-11
-13
-3
3
9
4
2
5
3
6
8
4
0
-1
7
6
-3
-7
-7
-8
-6
5
10
4
3
5
-1
-8
5
9
12
20
16
15
4
-10
-13
1
16
19
7
-2
-4
1
11
10
15
16
14
15
6
7
14
5
-2
-3
-5
-2
-5
-9
-17
-14
-9
-10
-12
-16
-9
-2
3
-1
-14
-18
-7
5
4
-10
-19
-23
-21
-13
-12
-13
-9
-6
-16
-13
-1
8
-5
-14
-10
5
26
17
5
2
-1
3
17
16
5
-12
-21
-21
-12
2
-1
4
5
3
2
-7
-12
-4
2
14
14
7
3
-4
-5
-7
-14
-12
-2
6
7
2
-4
-14
-17
-10
-3
-1
9
12
8
4
7
13
10
16
14
7
15
25
28
20
17
19
12
7
3
-5
-4
2
11
18
6
-6
-10
-7
2
3
11
23
13
-2
-14
-17
3
15
9
-12
-30
-33
-27
-9
-9
-15
-14
-12
-13
-6
6
6
11
17
15
13
15
11
3
-7
-6
6
12
18
10
2
-6
-10
-9
-11
-7
2
19
19
15
12
0
-7
-8
8
7
-6
-9
-15
-11
-4
-5
1
7
4
-7
-14
-12
-3
7
16
13
-2
-11
-16
-17
-4
9
11
-3
-15
-15
-18
-11
-6
0
20
24
22
14
0
-13
-20
-21
-17
-12
-1
14
7
-6
-8
-1
2
0
1
0
0
1
-1
1
5
10
7
10
19
20
14
-3
-19
-25
-11
12
21
21
17
8
8
13
12
8
-1
5
5
4
14
19
23
15
2
-6
-9
-12
-11
1
-3
-15
-15
-21
-19
-21
-30
-13
4
13
7
-7
-19
-31
-24
-1
26
33
17
-5
-22
-20
-5
8
11
11
6
-5
-7
-7
-5
-2
8
9
2
3
8
10
-1
-6
2
12
22
23
11
-12
-16
-7
-5
0
8
11
-1
-14
-15
-8
9
17
7
0
-6
-8
-9
-3
-1
0
3
2
0
-1
0
2
-1
-13
-8
0
-6
-10
-10
-5
-1
-9
-5
-4
-10
-4
5
15
12
-7
-25
-31
-16
-2
1
0
-4
-4
-8
-5
0
6
8
8
8
8
26
43
33
13
7
14
22
27
29
27
16
7
-1
-4
2
5
3
0
3
25
37
29
21
3
4
10
0
3
11
-1
-24
-33
-34
-33
-26
-25
-32
-37
-31
-24
-23
-22
-20
-23
-27
-31
-37
-43
-29
-12
-19
-7
0
-6
-10
-18
-15
1
25
40
37
25
27
30
31
29
28
31
35
38
39
29
20
19
15
11
16
22
27
25
4
-10
-16
-2
19
21
5
-7
-12
-20
-16
-17
-24
-28
-30
-36
-36
-36
-28
-31
-39
-43
-47
-32
-8
-1
-9
-22
-24
-19
-2
18
20
12
-3
-10
-5
-2
5
9
17
19
9
13
18
22
12
4
9
27
48
54
42
22
7
6
16
12
27
42
27
14
-5
-17
-18
-14
-12
-4
5
23
24
9
1
-17
-29
-23
-17
-6
2
0
-10
-16
-19
-15
-14
-16
-12
-10
-14
-12
-5
-2
-8
-4
3
7
10
-3
-13
-9
1
4
-3
-8
-5
-7
-6
8
12
13
10
-1
-2
3
21
27
15
5
-5
-8
-3
10
24
23
7
-9
-7
8
21
21
17
14
13
13
20
25
20
9
2
0
-7
-7
-5
4
1
-9
-13
-20
-22
-22
-23
-26
-27
-18
-11
-12
-24
-31
-25
-16
-5
2
2
-12
-19
-23
-24
-16
-11
-5
1
6
9
3
-1
-6
-7
-4
10
30
47
57
38
18
13
10
9
3
3
7
9
9
1
-4
-22
-17
10
23
30
20
8
2
-9
-18
-17
2
12
11
-1
-24
-34
-23
-7
-9
-14
-11
-12
-6
-3
-1
-2
0
10
3
0
-4
-12
-4
3
9
6
-1
6
3
1
-1
1
14
15
16
8
7
16
13
9
1
-8
-11
-1
0
0
7
7
1
-17
-25
-15
-12
3
20
10
1
-3
-5
-7
-12
-7
1
2
10
15
17
13
11
6
-7
-10
-6
-2
11
22
8
-6
-6
9
23
17
6
-2
3
-4
-18
-26
-14
-3
7
12
-5
-22
-24
-8
5
-1
-15
-15
-16
-15
-3
10
20
16
5
-9
-14
-11
-3
2
-1
0
-8
-13
2
20
29
17
3
-1
4
16
17
15
6
-5
-9
-4
7
10
7
5
-2
-6
-10
-8
2
12
9
-4
-14
-11
2
9
5
-11
-26
-18
-12
-11
-5
1
10
7
-4
-20
-33
-22
-2
6
17
10
0
0
-9
7
13
11
11
-2
-6
-6
-4
6
20
20
14
6
-4
-3
-1
0
0
-2
9
14
1
-1
0
-2
1
2
10
9
8
6
-6
-4
2
2
5
8
-2
-10
-12
-7
-2
-7
1
2
-1
5
-5
-15
-14
-13
0
11
4
3
0
-3
4
2
8
10
0
-10
-18
-11
10
28
28
23
13
4
-2
-5
-12
-11
-1
7
12
14
7
-5
-4
-7
-2
1
3
6
8
7
3
0
1
16
4
-11
-13
-13
-1
4
11
16
10
3
-10
-20
-12
-9
-1
10
8
7
10
4
-5
-7
-7
-2
9
14
-2
-29
-40
-42
-23
0
17
20
-1
-13
-14
-9
2
10
3
-4
0
1
-5
-7
-14
-15
-4
-4
-11
-6
-10
-12
-8
-4
7
10
7
12
6
0
1
8
7
4
3
6
-8
-13
4
7
1
-3
-3
3
23
35
19
-1
-14
-25
-17
-5
7
19
9
-5
-22
-27
-13
3
11
12
14
8
14
9
5
-4
-25
-28
-27
-22
-8
6
16
12
7
1
-1
7
6
11
18
18
20
16
4
-3
0
5
12
14
14
14
0
-4
-4
-7
-4
0
6
14
17
23
26
5
-1
0
0
9
17
22
16
6
-7
-11
-6
-11
-9
-11
-5
11
5
1
-14
-30
-25
-10
6
13
7
10
18
4
-18
-29
-31
-18
-11
-8
0
1
11
13
-6
-25
-25
-13
3
10
10
3
-4
-9
-13
-14
-9
-18
-18
-5
9
18
15
12
7
2
0
13
13
1
2
-2
-1
-5
-7
4
11
9
-3
-18
-20
-8
6
3
0
-8
-15
-2
11
17
11
-3
-12
-13
-6
-5
-4
-7
-6
-12
-18
-11
-12
6
27
18
4
-7
-12
-3
6
16
24
14
6
-5
-24
-17
1
16
29
21
0
-14
-14
-3
14
30
23
9
7
4
4
7
-3
0
8
3
15
20
10
3
-6
-11
-12
-17
2
10
8
11
-6
-1
11
13
24
8
-3
-3
-12
-6
-11
-18
1
4
8
19
10
2
-3
-12
-4
-8
-13
-7
-6
-3
0
-1
-7
-11
-13
-5
-4
-10
-9
-7
-7
-10
-10
2
15
23
21
3
-9
-10
-14
-3
3
2
6
5
4
9
4
0
0
-2
2
0
11
11
7
4
-4
-6
6
18
6
-5
-5
-1
12
24
17
-13
-37
-36
-13
10
22
30
10
-8
-15
-24
-14
2
6
0
-13
-15
-11
-1
8
-9
-28
-39
-45
-30
-14
-15
-21
-24
-21
-5
0
-2
5
7
4
0
10
21
25
28
14
-8
-8
9
21
25
34
27
28
21
11
19
23
32
46
42
36
28
5
2
-9
-7
14
22
23
9
6
2
-7
-9
-16
-39
-49
-42
-33
-17
5
6
-17
-32
-45
-44
-37
-31
-20
-13
-11
-12
-19
-17
-19
-34
-27
-15
-1
20
23
7
1
-8
-3
18
31
35
28
21
23
26
26
17
7
16
9
8
24
28
34
27
28
32
28
28
28
31
21
9
7
1
-7
-17
-30
-29
-21
-12
6
6
-10
-38
-48
-25
-12
-2
-10
-13
-12
-23
-34
-42
-41
-37
-30
-20
-23
-26
-17
-20
-18
-4
0
-2
12
18
17
18
16
19
12
2
-10
-2
23
39
38
25
12
13
14
22
31
26
22
21
24
28
30
23
24
24
2
-3
0
6
15
5
-4
-16
-18
-11
-5
-5
-21
-36
-51
-35
-9
0
4
-8
-27
-37
-38
-30
-23
-16
-16
-31
-45
-40
-19
-4
0
-6
-7
-1
-3
7
6
-1
1
8
21
16
8
21
42
44
37
35
28
31
33
35
37
33
25
23
22
17
6
0
-3
-8
-5
0
8
18
18
-2
-24
-29
-20
-12
-2
1
-2
-15
-29
-29
-37
-44
-44
-42
-28
-23
-20
-9
-12
-18
-18
-18
-6
11
20
20
5
-1
0
5
9
4
6
2
14
21
22
18
18
16
14
5
-1
15
21
25
20
8
-1
1
7
8
12
10
3
-5
1
-1
-1
0
-11
-6
-1
-3
-1
-4
-5
6
15
22
8
-9
-20
-36
-30
-22
-9
6
14
12
8
2
-4
-2
-7
-4
6
0
-5
-15
-23
-11
-3
2
1
-3
-6
-13
-25
-17
-8
-7
3
-3
0
16
18
22
14
3
-8
-23
-31
-19
0
7
12
12
2
-3
1
21
36
36
28
10
-6
-4
12
23
17
5
-4
-4
11
8
6
8
2
-4
5
9
9
-1
-4
-11
-24
-26
-23
-9
-3
-1
-2
-5
-1
5
5
1
-12
-18
-8
0
-1
-4
1
-13
-22
-28
-29
-12
5
16
15
6
2
5
10
21
23
23
25
13
-6
-25
-25
-8
-1
2
-2
-6
2
-1
2
16
20
15
3
-12
-6
19
34
30
0
-25
-31
-18
-2
-9
-6
-3
-4
4
6
5
-1
-8
-13
-8
5
20
13
-8
-13
-14
-13
1
3
4
1
-5
-12
-26
-20
-4
2
7
2
-1
-3
2
8
6
2
0
2
2
9
7
-2
-5
2
0
4
15
14
16
8
14
12
5
10
26
34
18
8
3
-4
-10
-19
-10
-6
-6
3
3
-9
-16
-6
7
14
13
-2
-16
-16
-10
-7
-5
-16
-31
-27
-22
-24
-32
-36
-14
11
17
12
4
-4
-5
-1
10
12
11
7
2
-3
3
22
32
29
19
5
6
13
16
15
5
-2
0
8
17
15
11
6
-8
-18
-5
11
12
22
4
-11
-5
-10
-5
-4
-3
3
-11
-18
-11
-15
-17
-21
-26
-22
-5
-1
-7
-7
-13
-8
-2
1
-6
-14
-3
0
6
10
7
0
-6
-6
4
5
13
23
12
7
-5
-6
7
22
24
16
9
10
22
20
6
0
4
2
4
13
9
-4
-13
-26
-14
11
11
16
13
-1
-14
-23
-20
-5
6
3
-4
-6
-3
2
13
8
-5
-12
-25
-28
-14
-5
-9
-4
-9
-22
-19
-14
1
16
23
26
13
0
-5
-7
1
1
-2
3
7
16
15
9
-2
-16
-12
1
1
5
10
7
13
4
-12
-10
-7
1
4
0
2
4
13
11
-4
-15
-20
-7
16
25
19
15
6
-3
-3
-1
-6
-4
4
-1
-9
-20
-14
-3
2
5
-3
-15
-11
2
16
21
8
4
-7
-10
-11
-20
-11
-5
-2
4
4
11
12
1
-21
-33
-28
-9
6
6
3
-3
-1
-3
-15
-23
-13
1
18
24
14
7
3
-2
-8
-9
6
16
16
13
7
8
13
12
4
-1
3
16
18
16
13
4
-5
-18
-15
-3
5
13
8
-1
-18
-20
-15
-13
-11
-11
-2
0
5
11
20
28
14
-1
-16
-22
-4
16
25
22
8
-15
-24
-34
-27
-15
-5
2
-4
-2
-7
-7
5
14
18
14
12
5
-3
-3
-6
1
6
6
-8
-19
-12
-4
4
6
9
11
8
-4
-5
-5
6
11
3
5
-1
5
3
-1
-10
-12
1
10
15
17
4
-14
-15
-7
10
18
22
14
-8
-19
-9
5
-1
-3
3
6
0
-7
-4
4
10
0
-9
-6
9
10
-11
-23
-13
-10
-4
5
-3
-13
-9
-6
-7
-5
5
6
4
4
5
10
12
11
6
3
2
0
-9
-7
-12
-16
-1
14
20
18
17
12
-1
-3
7
18
15
3
-10
-11
-2
-11
-9
-6
-5
-8
-18
-13
-7
-12
-8
-1
-1
5
0
-5
-13
-26
-19
-4
12
31
29
11
-10
-16
-9
-1
14
30
27
16
9
3
-6
-15
-22
-18
3
21
33
21
-5
-23
-18
-4
1
6
11
10
8
7
10
2
-7
-10
-13
-14
-3
12
9
0
-16
-14
-8
-3
3
0
-8
-8
0
5
9
9
8
12
-2
-16
-8
3
15
22
19
2
-18
-22
-18
-8
-4
-5
-4
6
10
6
3
2
2
9
14
9
2
-5
-1
-4
-10
0
-6
-10
-9
-10
-2
19
31
22
6
-22
-24
-14
5
27
20
4
3
3
1
-8
-20
-17
-10
11
31
25
6
-6
-22
-22
-17
-12
9
24
25
9
-6
-3
-8
-17
-9
-9
-4
14
12
7
-11
-18
-14
-14
1
-1
0
3
1
-7
-7
-2
1
5
2
13
14
7
1
-19
-25
-19
-13
5
4
0
-6
-20
-18
2
22
27
23
8
-9
-7
5
11
15
15
-9
-18
-16
-11
-9
-12
-2
3
9
25
18
0
-2
5
16
10
3
-10
-24
-10
-1
0
-1
0
-10
-21
-23
-22
-10
7
28
31
19
3
-5
-5
-5
-6
-3
6
11
13
-3
-25
-28
-20
-3
15
21
19
11
2
-3
4
22
31
29
19
4
-16
-15
1
9
9
0
-7
3
10
24
21
-7
-10
-5
-6
1
3
10
17
3
-9
-15
-13
0
13
8
-7
-13
-11
3
1
-9
-5
0
-2
-3
-5
-10
-9
-5
-5
3
8
5
0
5
14
18
14
-3
-14
-16
-10
-8
-6
0
0
0
1
2
4
7
8
5
-1
-1
2
1
-6
-6
-5
-4
-4
1
4
0
-1
-1
-2
-3
-1
-3
-8
-11
-12
-8
3
3
-3
-6
-10
-16
-10
5
8
2
-6
-6
2
12
19
18
8
-5
-20
-19
2
21
24
4
-9
-11
-1
2
3
4
-3
-4
-2
11
12
12
1
-7
-13
-15
-1
8
7
0
-1
-1
-12
-13
-9
-5
3
6
3
1
0
-2
-1
1
1
-5
6
12
4
8
10
6
1
-8
-3
7
8
17
8
1
2
-7
-13
-18
-10
9
14
9
-7
-21
-16
-4
10
22
24
21
9
-5
-3
0
3
2
2
-8
-10
-8
-10
-14
-10
-5
-3
-8
-9
0
2
8
9
4
1
2
0
3
8
4
0
-3
-11
-8
5
15
14
2
-11
-18
-8
-3
5
15
13
6
-10
-13
4
23
30
15
-1
-11
-9
6
27
34
18
-4
-17
-17
-8
0
-1
-3
-7
-12
-12
0
13
9
8
12
12
7
-2
-14
-17
-7
-10
-11
-21
-24
-14
-4
1
-5
-3
1
0
7
8
10
6
-5
-12
-10
2
9
12
15
8
-10
-15
-7
7
18
12
-6
-18
-18
-7
12
15
9
0
-15
-11
-8
-5
9
8
5
3
3
0
3
9
0
-4
-9
-6
0
0
0
1
2
-8
-6
6
9
3
1
3
1
3
0
-9
-6
0
3
13
13
1
-3
-2
2
8
2
-3
-7
-6
-1
-4
-4
-4
-1
0
-8
-1
8
1
1
6
5
12
18
13
11
12
-2
-3
-4
-8
-13
-17
-11
2
5
-2
-10
-9
-4
2
15
21
8
0
-3
-7
0
16
32
33
3
-19
-19
-16
-5
8
15
6
-5
-12
-15
1
18
26
16
0
-5
-3
-3
-3
14
16
2
-13
-21
-18
-4
8
-2
-8
-9
-6
-6
-2
-10
-12
-6
8
15
12
19
8
-2
-1
-5
-2
-1
-5
-8
-14
-5
-3
-3
5
6
3
-9
-27
-26
-15
-6
0
-4
-4
1
4
2
-8
-1
16
16
5
-4
-7
-2
13
5
-7
-13
-2
2
0
-1
7
14
10
5
-5
-8
1
6
-1
-4
2
10
12
5
1
-6
-17
-10
1
8
16
12
0
-17
-21
-8
1
6
-1
-1
2
2
7
5
-4
-2
4
-3
-15
-16
-8
3
1
-7
-4
7
16
23
13
2
0
2
18
10
13
15
15
16
3
2
-4
-10
-16
-8
2
8
2
-3
-1
-11
-3
14
19
16
6
-3
-6
-7
-8
-2
0
0
-4
-7
5
9
-3
-6
-3
3
12
12
6
-7
-15
-16
-11
-4
5
11
14
18
12
12
4
-13
-27
-33
-25
0
27
27
10
-7
-27
-30
-14
5
15
12
9
5
-9
-11
-16
-11
5
18
22
7
-7
-9
-16
-21
-15
-7
3
15
19
16
13
-1
2
10
6
2
-4
-9
-8
-10
-10
-11
-15
2
7
6
10
14
10
-2
1
-1
7
19
10
7
-8
-17
-5
3
0
-9
-12
-13
-7
0
3
-7
-14
-14
0
15
21
18
5
-6
-14
-15
-6
2
-2
-1
1
-4
0
-3
-4
10
9
0
4
7
18
20
7
-12
-11
0
5
4
-8
-11
-1
4
13
12
2
-5
-13
-8
0
-4
0
-1
-1
-6
-9
0
3
8
2
-9
0
10
12
2
-7
-8
6
15
16
17
7
4
0
-9
-6
5
4
-6
-15
-13
-4
10
21
15
1
-1
0
1
-1
-4
-8
-11
-12
-8
-3
-6
-13
-18
-20
-5
7
7
3
-1
3
14
12
9
8
-2
-6
-15
-13
-1
8
5
-13
-19
-12
8
24
31
23
5
-2
2
0
0
5
4
-3
-12
-9
-10
-13
-11
-3
9
11
8
0
-4
7
13
15
18
15
4
-11
-20
-20
-20
1
12
-1
-7
-5
1
1
-2
-3
-4
11
12
3
0
2
8
9
2
-3
-13
-17
-8
-13
-5
2
0
-7
-22
-21
-6
6
25
25
16
11
5
-3
-4
-2
4
4
-4
-9
-26
-24
-9
15
29
24
24
12
3
-4
-16
-15
-16
-9
-4
0
-4
-20
-17
-6
3
8
11
23
26
15
6
2
2
1
-15
-30
-32
-11
10
16
20
11
-1
1
-4
2
8
5
0
-5
1
10
22
20
5
-8
-12
-12
-3
0
-9
-15
-15
-7
8
15
7
6
10
1
2
3
-13
-21
-13
-6
10
14
-5
-13
-19
-14
-4
17
29
22
9
-3
-9
-8
-5
-2
2
4
3
2
-8
-8
3
-9
-15
-16
-1
14
14
20
6
5
9
9
12
12
-1
-9
-9
-4
1
-1
2
-5
-14
-10
11
26
28
19
3
-5
-5
-1
-4
-10
-21
-14
-3
7
-5
-17
-3
-4
-1
9
11
13
0
-11
-4
7
11
-2
-22
-24
-9
5
13
13
9
-4
-13
-6
-5
3
17
14
-1
-6
-1
7
4
-3
-9
-9
6
12
2
-11
-12
-11
-2
12
21
17
-5
-14
-23
-13
2
15
21
2
-22
-32
-29
-6
6
14
14
-7
-12
-12
11
34
27
16
-1
1
19
24
16
-3
-19
-30
-37
-32
-7
9
9
2
-8
-6
15
27
24
16
9
11
5
-8
-16
-23
-21
-21
-10
-1
0
9
10
12
17
13
14
29
18
9
8
-19
-25
-20
-15
-9
-17
-4
5
2
11
11
16
24
15
13
2
-15
-8
-6
-11
-5
-4
-9
-12
-2
5
1
-2
2
10
8
3
0
-1
14
21
18
1
-23
-31
-30
-18
-9
-5
8
15
6
10
1
-13
2
18
24
22
3
-18
-35
-32
-9
4
8
-1
-10
-14
-10
4
23
22
8
-7
-17
-4
4
12
12
4
-3
-22
-24
-8
5
15
13
6
1
-4
-2
2
-6
-17
-14
-12
-4
4
13
16
18
17
6
-12
-26
-23
-15
-2
16
8
1
-3
1
21
27
21
16
11
-10
-13
-1
4
11
2
-12
-28
-38
-20
-9
-5
5
14
21
22
13
-1
1
13
20
17
9
-4
-16
-24
-31
-24
-9
1
7
-5
-14
-7
-1
13
16
13
10
-9
-13
-2
8
13
11
6
5
-3
-10
-9
-8
7
14
11
4
-7
-2
3
9
11
5
20
12
-9
-14
-11
-2
9
15
15
20
-2
-12
-14
-16
-3
-2
-11
-14
-7
11
27
26
14
-12
-30
-21
-14
-6
5
12
20
15
2
-6
-2
8
15
30
22
4
-9
-43
-48
-32
-11
21
21
8
3
-8
-2
8
15
22
13
-2
-11
-6
0
4
-4
-5
-11
-21
-17
-10
-8
-8
-3
7
14
13
13
12
0
-16
-27
-13
16
26
26
1
-19
-26
-15
11
27
31
16
-3
-7
-1
-3
-7
-4
2
13
7
-5
-14
-22
-16
-7
5
1
6
1
-9
3
13
14
9
-4
-10
-11
-9
-4
-8
-11
-1
1
-3
-12
-17
-3
9
6
5
-8
-12
8
10
1
1
6
1
-5
0
5
5
-2
-9
-19
-13
12
14
11
5
-2
-4
-18
-25
-22
-6
21
45
40
22
-3
-25
-21
-9
7
17
19
15
-1
-4
-7
-15
-7
-12
4
20
11
23
13
0
-9
-34
-11
23
28
23
7
-12
-8
-3
2
9
3
3
2
5
22
20
8
5
-15
-17
2
7
16
9
-9
-18
-20
4
9
6
-1
-10
-6
6
15
14
0
-18
-19
-13
-10
-5
-1
1
4
0
-1
-5
-10
-7
-3
6
9
7
16
9
-1
-13
-22
-17
-8
-2
-2
-10
-21
-12
-1
4
14
15
6
6
9
14
5
1
2
5
16
14
12
0
-7
-10
-16
-14
-8
-5
-5
-2
6
6
6
1
-9
-7
1
5
6
15
5
-13
-26
-29
-16
-8
5
14
1
-5
-14
-13
7
18
15
6
13
11
3
-6
-12
-10
-20
-14
-3
6
13
10
-8
-5
6
6
10
1
-10
-12
-7
4
8
10
18
10
-1
-2
-12
-11
-1
3
8
8
5
7
4
0
6
11
12
10
9
11
12
8
-6
-19
-19
-15
-7
2
16
14
2
-10
-16
-8
-3
-1
1
9
13
5
-7
-7
-5
0
4
3
6
7
27
28
10
-17
-39
-31
-11
14
24
18
2
-31
-42
-23
7
29
28
16
7
9
14
12
-3
-11
-12
-3
3
2
-2
-20
-21
-9
5
22
32
35
26
9
2
6
5
9
2
-6
-6
-14
-19
-26
-21
-9
-12
-9
5
9
6
-5
-2
8
12
5
-10
-19
-23
-26
-13
7
23
17
4
-2
-10
-9
4
8
8
-2
-12
-11
-9
1
-2
-5
-4
0
-3
-4
3
-1
1
3
8
13
11
10
-2
-14
-11
-9
-9
-2
1
-3
-3
-12
-6
9
9
21
23
13
10
-3
-8
-9
-14
-2
0
3
14
6
-4
-1
-2
0
7
15
18
10
2
-5
-5
3
6
-5
-9
-8
-1
1
5
4
-8
-6
-4
-3
0
-2
-9
-2
7
8
0
-6
-1
0
6
8
2
1
-2
-7
-14
-21
-13
7
14
16
4
-5
1
9
9
3
-1
-7
-2
5
4
6
-8
-11
0
2
11
13
-4
-22
-29
-16
3
8
15
25
25
14
7
6
5
0
-9
-10
-2
5
3
-12
-22
-23
-15
-9
-4
2
22
26
15
2
-4
8
10
11
10
-2
-3
2
-2
-6
-15
-14
-12
-5
6
6
-2
2
6
4
0
-11
-14
-13
3
19
25
22
6
-15
-20
-14
-4
9
13
9
-5
-24
-25
-7
3
18
25
9
-2
-11
-18
-15
-10
1
0
2
11
1
-5
-5
-3
4
8
6
0
-12
-18
-13
-14
3
3
-5
4
4
4
13
15
6
-4
-14
-12
4
16
8
-13
-29
-17
-2
2
12
3
1
-3
-9
-3
11
37
34
22
14
5
-5
-1
-2
-5
1
-3
-6
-3
10
13
-2
1
-3
-4
11
8
0
3
0
3
6
3
-1
-4
-9
-10
-7
2
8
0
4
5
6
7
4
7
-9
-19
-11
-19
-9
-2
-2
10
6
-1
-6
-7
-14
-24
-12
7
20
18
3
-7
-7
5
17
24
15
9
2
-10
-11
-6
2
6
5
-1
0
7
15
6
-1
-11
-11
-2
1
4
6
14
14
20
19
3
-17
-24
-23
-20
-2
3
3
2
-15
-29
-33
-27
-1
16
24
16
2
0
-4
-3
-2
-2
-5
-4
12
16
4
-18
-25
-12
3
15
9
6
6
-6
-18
-13
0
12
9
6
20
32
24
5
-8
-20
-23
-17
-11
0
7
2
-3
-10
-3
11
5
-1
-5
-1
6
3
0
-3
-11
-6
-4
-5
10
7
2
-1
-9
-5
-4
-4
1
1
1
9
13
12
4
-8
-11
-10
-3
5
5
7
9
0
-6
2
12
29
25
12
-4
-21
-24
-15
-6
6
6
2
8
6
7
5
-2
-7
-6
-8
4
7
0
-1
-12
-10
-8
-7
-2
-2
-2
-7
7
18
7
0
11
20
29
20
2
-7
-14
-7
8
8
-2
-8
-14
-6
0
6
16
14
9
5
-3
2
-2
-18
-21
-17
2
8
3
-1
-5
-21
-33
-36
-22
6
12
21
23
10
10
-1
-16
-13
-3
2
-1
-7
-18
-30
-26
-8
-1
7
26
22
12
2
1
15
29
30
13
1
4
12
23
21
-1
-22
-24
-25
-14
3
14
17
-8
-26
-22
-14
3
11
8
16
9
-7
-4
-11
-11
-5
1
-2
-8
-3
0
4
6
-7
-15
-1
12
18
8
-1
-6
5
26
25
7
-7
-3
6
9
7
13
11
0
-5
-14
-14
-11
-5
2
10
10
-4
-13
-17
-11
-2
7
12
16
3
-16
-29
-24
3
23
28
17
3
-9
-19
-10
8
18
4
-9
-18
-17
-9
-8
9
18
18
9
-1
-7
-13
-11
-5
5
9
13
7
2
-2
-10
-3
-1
3
11
13
10
-1
-9
1
6
6
2
-5
-1
0
4
9
-3
-11
-11
-3
8
14
21
10
-4
-12
-10
2
9
5
-9
-13
-24
-13
6
12
14
-1
-11
-15
-10
8
11
9
-2
-14
-2
4
8
-3
-17
-23
-15
-2
6
16
10
5
-5
-15
1
6
15
17
2
-16
-16
1
11
9
3
5
4
7
8
-8
-18
-14
-8
-1
10
8
-2
-2
5
5
3
-3
-6
-2
4
8
11
9
3
3
-1
0
0
-3
-15
-23
-12
-2
3
9
-3
-30
-41
-20
18
33
30
16
-6
-25
-20
6
27
28
11
-6
-19
-18
-12
-3
-3
0
7
10
12
9
8
1
0
0
4
10
7
4
6
-1
0
2
-7
2
6
-7
-13
-16
-8
8
12
16
4
-7
-13
-8
4
8
8
5
-5
-12
2
6
8
14
7
2
-13
-20
-15
-10
-1
3
2
-4
-16
-18
-7
-1
11
20
19
8
-10
-15
-10
-8
-3
10
9
-3
-6
5
7
7
6
0
8
16
13
2
-13
-15
-19
-12
0
-1
4
0
-2
8
10
13
22
13
2
2
0
8
14
21
6
-12
-20
-20
-8
0
2
8
9
10
14
13
-3
-20
-24
-19
4
17
9
-5
-10
-8
-1
-9
-7
-2
-4
-10
-16
5
12
4
1
-2
0
8
12
1
-9
-20
-18
-10
-1
15
2
-7
0
0
8
23
20
3
-8
-7
0
6
1
-3
-12
-6
8
5
5
3
0
-14
-16
14
29
33
18
-19
-30
-15
2
12
13
7
-1
-15
-17
-6
-2
5
-2
-12
-17
-9
6
13
15
6
1
2
0
-2
7
14
4
-11
-7
0
12
10
0
-5
-8
-4
-6
-19
-28
-19
-14
-6
13
19
14
3
-6
5
23
26
14
3
-13
-21
-9
-3
10
13
-5
-7
0
7
12
6
2
1
4
4
-2
-11
-6
0
-2
4
-5
-15
-13
-1
7
5
4
1
8
18
6
-9
-11
-7
3
13
6
-2
0
3
5
10
10
5
0
-7
-16
-14
-9
-4
4
9
5
-5
-8
-1
-5
-5
-2
-1
5
6
3
-4
-2
2
4
4
0
3
9
6
-8
-15
-15
-13
-7
6
14
17
11
-5
-17
-15
-4
10
16
12
5
2
7
12
16
16
8
-12
-19
-13
-4
2
10
7
-12
-19
-6
8
21
18
1
-6
-21
-25
-12
-14
1
12
1
-7
-6
-5
-2
-4
0
6
-2
-8
-8
0
8
2
-7
-12
-15
-13
-12
-9
-3
4
1
-14
-17
1
13
15
27
17
-1
6
13
14
10
-1
-3
-6
-15
-7
0
7
11
-4
-13
-15
-9
12
28
25
17
3
2
2
5
13
10
-1
-11
-5
-3
-6
2
4
1
-8
-7
-4
-7
-4
-2
-1
0
3
0
-4
3
7
6
7
3
-6
-7
4
13
7
0
-7
-2
5
4
6
13
9
-2
-7
-15
-12
0
6
4
-4
-2
1
10
14
-1
-9
-10
-6
4
4
11
9
5
4
-6
-7
-9
-13
-8
-2
0
8
11
8
1
-14
-29
-24
2
27
25
12
3
-10
-20
-20
-7
2
17
19
0
-11
-10
-3
-5
-13
-9
1
18
26
13
-1
-13
-5
9
4
-3
0
11
20
21
10
8
0
-11
-11
-10
4
15
7
5
-10
-19
-22
-26
-12
11
21
24
18
7
-4
-17
-18
-20
-10
7
10
-1
-16
-28
-21
-9
2
5
3
0
-4
0
0
-3
-2
-4
-2
3
5
8
5
2
-3
-5
-7
-11
-7
-4
-3
-10
-13
5
22
22
10
2
-2
7
17
13
2
-1
-8
-8
5
6
9
10
9
4
-8
-8
-1
5
0
-10
-7
1
7
9
1
-8
-11
-6
13
29
33
24
-3
-23
-15
2
18
20
8
-2
-3
-6
-14
-15
-15
-4
2
5
12
10
9
9
10
9
7
8
3
-12
-25
-26
-12
11
23
12
-4
-11
-16
-9
-6
10
17
7
0
-11
-10
-9
-6
1
13
12
11
12
-3
-17
-21
-13
-7
0
6
1
-9
-5
3
-5
0
6
5
-1
-6
-7
-6
-1
1
0
4
-4
-13
-6
6
8
8
5
5
4
3
4
-16
-24
-16
-6
2
2
0
-4
3
9
16
23
6
-11
-16
-9
0
0
-9
-13
-5
2
-5
-6
1
-2
0
-6
-4
4
15
15
-2
-11
1
12
7
9
8
-7
-8
2
-7
-5
-5
-9
3
10
14
11
1
1
6
3
-1
10
8
5
0
-16
-18
-13
-3
7
7
12
18
20
15
12
10
8
3
1
3
-1
-2
-1
0
-3
-9
-6
-12
-22
-19
-11
3
15
13
8
9
7
4
6
15
21
16
6
-5
-13
-25
-33
-25
-17
-1
8
12
21
8
-8
3
13
13
17
13
2
-1
-16
-22
-11
-2
7
5
-3
5
11
15
9
-7
-8
-9
-6
-7
1
20
25
8
-18
-23
-12
1
8
12
3
-3
-6
-5
-9
-13
-8
1
10
12
10
2
-4
-21
-25
-7
2
1
6
6
3
-4
-12
-7
5
5
3
-5
-11
1
0
-7
-12
-11
-8
0
10
6
5
8
19
23
9
-11
-11
-12
-10
-3
2
1
-9
-17
-24
-16
-1
4
11
0
-8
-8
-6
7
14
9
4
0
-8
1
6
12
9
-2
-10
-10
3
14
19
9
1
-4
-2
9
10
4
-3
-5
-1
6
15
13
7
2
-5
-17
-10
9
18
21
17
5
-8
-3
1
6
9
12
14
1
-11
-12
-4
6
9
11
11
1
-14
-6
0
-5
-6
-12
-11
3
5
7
7
-6
-14
-9
-6
1
6
11
7
-3
-6
-9
-7
0
5
6
5
9
11
4
1
-17
-23
-10
-2
13
18
6
-3
-12
-11
1
5
5
-7
-26
-29
-17
-6
-3
-3
-10
-7
7
11
17
21
5
-5
-6
0
13
14
14
1
-12
-20
-20
-10
0
0
-8
-10
-2
2
12
13
5
6
12
21
21
17
13
