SAMPLES:	18455
BITSPERSAMPLE:	16
CHANNELS:	1
SAMPLERATE:	16000
NORMALIZED:	FALSE
8
-5
-22
-23
-20
-3
13
22
24
24
18
1
0
-3
-3
-1
1
9
2
-12
-9
-9
-11
-2
-4
-8
-3
5
27
32
18
10
-3
-7
-3
-9
-8
-1
-4
-3
-4
-16
-24
-33
-28
-13
2
14
20
28
27
7
-4
-4
-3
6
0
-6
-3
-9
-14
-19
-23
-18
-4
13
10
18
20
7
-1
-10
-11
-10
-5
0
0
3
8
1
-2
-8
-14
-16
-4
15
10
-9
-9
-20
-25
-14
-3
7
14
20
17
8
-4
4
9
10
6
-1
-5
-3
2
4
14
18
14
3
1
-1
-8
-5
-8
1
5
13
11
2
-1
-4
-7
-5
7
11
5
1
6
12
3
-7
-7
-11
-9
-11
-18
-7
9
7
4
0
-17
-11
5
17
28
18
8
6
-7
-9
-9
1
16
13
9
-5
-21
-18
-7
16
29
23
8
-4
-14
-12
-4
9
17
14
12
2
-14
-18
-19
-10
3
14
24
14
-6
-21
-26
-18
-6
1
4
12
8
-4
-12
-8
-6
0
2
4
-3
-8
-5
14
29
7
-11
-12
-11
-10
-2
2
5
-1
-7
-8
-10
-2
-4
3
-4
-15
-6
-3
6
3
-6
-3
-3
7
16
11
8
-2
-2
-9
-15
-4
4
15
15
1
-6
-4
-1
-7
-19
-14
2
9
15
13
0
-7
-8
-4
-3
-6
-3
7
11
5
-3
-13
-12
-3
7
8
3
0
6
6
6
15
14
15
10
2
-11
-14
-10
0
3
7
10
2
-5
-10
-2
3
3
-2
0
9
11
9
11
10
1
-5
-16
-23
-25
-22
-3
9
23
17
-4
-10
-15
-11
7
24
18
-4
-25
-24
-20
-16
-2
0
6
5
2
14
13
13
18
10
10
11
7
11
10
0
-4
-19
-18
-5
0
13
0
-12
-14
-17
-7
4
18
15
0
2
12
17
12
-9
-15
-1
10
12
4
-7
-13
-12
-12
7
31
25
7
-10
-12
-1
9
19
14
10
12
7
3
-7
-17
-17
-17
-6
10
3
0
-3
-20
-24
-28
-15
-4
1
6
3
8
7
3
-10
-11
-1
5
6
17
24
18
0
-26
-22
9
27
15
-4
-16
-18
-15
-23
-25
-14
1
-1
-6
0
17
25
15
2
-4
9
18
18
7
-7
-12
-8
3
-1
-5
-7
-7
-6
-5
-1
6
3
-10
-16
-11
2
12
15
9
1
1
2
-2
-3
-3
1
7
15
11
-8
-18
-29
-21
6
16
27
16
-1
3
-3
-7
2
2
-9
-14
-10
6
27
27
16
-15
-27
-7
3
15
24
17
-8
-22
-18
-8
7
22
36
30
7
-10
-16
-9
-4
-17
-10
7
19
16
-3
-14
-24
-26
-19
-8
4
12
14
6
-6
-7
4
12
14
12
3
4
8
9
13
6
-12
-17
-12
-12
-12
-10
-7
-1
0
8
9
2
2
-2
-5
1
0
-2
-5
-1
7
-6
-19
-14
-4
1
2
1
8
10
4
-12
-33
-24
-6
8
15
11
10
-7
-17
-9
4
11
14
12
4
-3
-1
5
7
9
4
3
0
5
9
9
8
-3
-11
-17
-12
-5
-3
4
12
16
15
10
9
3
5
4
1
3
-7
-10
-2
2
9
8
-5
-5
-15
-17
-7
-1
8
3
-15
-14
-4
14
33
30
17
-9
-30
-28
0
21
13
-6
-6
-4
-8
-10
-6
0
19
19
6
-4
-9
-11
-17
-11
-6
-4
0
-3
-2
7
18
24
13
-10
-27
-17
4
22
23
2
-7
-26
-34
-19
-7
16
22
15
12
5
14
30
25
10
-11
-23
-16
-3
17
19
3
-21
-25
-10
2
10
8
3
0
-1
-1
3
7
18
16
5
3
-1
-8
-21
-28
-22
6
28
23
12
-4
-11
-2
8
15
10
4
-6
-28
-39
-24
-1
13
11
2
-2
0
-3
0
-1
-10
-11
1
10
13
11
0
-13
-9
-7
7
20
5
-12
-32
-32
-12
2
6
0
5
9
11
13
-1
-13
-11
-2
-1
1
0
0
3
-7
-19
-17
-8
6
22
26
29
24
15
14
1
-16
-22
-17
-7
-1
2
5
4
5
-1
-4
-3
-2
-1
-5
-4
1
7
14
13
6
8
8
1
-3
-8
-12
-15
-11
-1
1
-4
-11
-15
-6
12
28
21
0
-7
-7
-3
7
17
15
8
1
-10
-6
-2
13
20
15
10
7
7
0
-1
1
5
5
-2
-4
-14
-22
-18
-10
-3
1
14
16
8
-9
-18
0
11
16
15
10
0
-4
-5
-7
-5
8
11
-1
-5
-8
-16
-21
-18
-12
2
12
6
-5
-13
-8
2
13
14
5
5
1
-3
6
15
7
0
-8
-10
-8
-7
1
2
-21
-36
-24
-12
-1
13
8
1
4
4
8
11
6
5
3
1
3
2
7
2
-12
-18
-12
0
6
8
1
0
1
2
11
15
14
14
14
14
11
2
-5
-15
-12
-8
-16
-6
7
6
7
4
-4
-5
-6
-5
-10
-11
-9
-6
-1
3
-5
-19
-24
-13
6
20
24
19
1
-5
-10
-11
0
9
6
2
-4
-16
-22
-16
-3
12
27
29
27
4
-21
-23
-4
14
20
22
5
-11
-20
-13
7
10
2
-11
-21
-16
3
18
32
29
4
-6
-19
-15
-1
7
1
-8
-4
5
1
-6
-8
-11
-4
5
13
25
21
5
-5
-12
-1
11
13
9
-2
-11
-8
-16
-16
-3
1
11
9
2
-1
-13
-18
-16
-6
5
23
17
1
-8
-16
-12
-1
13
17
12
-2
-18
-26
-22
3
13
16
22
18
25
14
-2
-15
-8
1
6
12
8
7
6
1
1
3
6
2
-7
-12
-8
7
15
11
5
-5
-10
-7
-2
-2
3
-1
-7
-7
-5
-8
-5
0
2
8
0
-7
-13
-11
0
-4
-14
-8
-6
-2
14
19
13
-1
-9
0
2
6
10
2
1
-1
1
4
-5
-14
-25
-20
6
22
17
4
0
6
18
21
3
-9
-12
-8
8
14
4
-20
-27
-29
-26
-7
12
22
13
-10
-18
-10
-3
8
9
4
-2
-1
2
2
5
2
-2
-17
-23
-8
1
4
4
4
8
9
2
-3
-1
6
13
12
4
-1
-14
-27
-35
-20
3
16
11
6
8
3
9
23
30
20
2
-12
-18
-9
6
11
12
2
-13
-27
-21
4
15
4
0
2
-3
-10
-1
17
23
18
2
-9
-13
-13
-2
-9
-22
-22
-16
-12
-9
0
8
11
8
0
-1
9
21
27
21
14
13
2
-5
-7
-2
-7
-7
0
1
8
7
1
-9
-16
-16
-6
10
25
30
16
5
-21
-27
-13
12
29
27
15
1
-12
-8
-4
-20
-18
-12
-4
7
10
10
7
-2
-8
-12
-8
4
8
5
1
3
10
10
1
-7
-16
-7
6
11
8
-3
-11
-15
-22
-18
-10
6
21
16
7
-4
-11
-9
-3
-6
-2
15
24
17
-4
-19
-24
-19
-8
3
17
14
10
-7
-23
-17
3
12
5
13
17
13
13
3
-7
-9
-15
-18
-15
-11
-10
-9
-11
-1
8
11
16
9
-3
-5
4
13
17
15
2
-16
-26
-12
0
13
28
22
9
-8
-17
-27
-26
-9
4
19
18
8
-1
-4
-8
-12
-12
3
7
11
9
4
-2
-11
6
18
14
3
-4
-3
0
-6
-11
-7
-2
-2
3
14
15
4
-3
-8
-6
9
21
26
14
-4
-10
-2
5
6
-2
-8
-2
9
15
9
-1
6
7
15
12
0
-4
-20
-28
-25
-5
18
19
13
3
-5
0
15
16
5
-7
-16
-16
-13
-15
-20
-17
-1
10
2
-8
-9
-13
-10
-5
5
14
16
-1
-16
-2
15
12
17
8
-10
-16
-20
-10
-2
2
-6
-16
-10
-6
2
6
1
-4
-4
5
10
7
-3
1
10
22
16
3
1
-4
-14
-19
-12
-4
7
8
-3
-13
-8
2
4
6
10
25
23
16
11
7
7
-9
-27
-17
-8
-5
6
7
6
-2
-11
-6
0
6
9
9
7
0
-10
-3
5
4
-5
-11
-11
1
0
-1
3
-8
-5
-4
-7
-3
-6
-11
-7
2
11
13
14
10
-5
-11
-8
-9
-3
-1
3
17
11
-5
-6
-4
4
9
9
20
19
8
-11
-32
-32
-11
12
12
16
20
14
11
-2
-10
-18
-12
3
6
12
15
11
-2
-12
-12
-11
-8
6
5
-1
1
2
11
14
10
2
-4
-2
8
16
8
1
-13
-21
-17
-12
11
16
10
3
-11
-3
3
6
3
1
0
1
10
6
-4
-9
-13
-20
-7
3
11
15
5
-6
-19
-5
7
2
-10
-16
-9
-4
-2
-7
-8
-8
-5
-11
-9
18
30
15
-14
-30
-22
-4
10
27
22
2
4
11
12
-5
-18
-9
1
4
2
0
-8
-9
-8
-3
7
14
5
-4
-6
7
13
3
-5
-5
0
3
5
7
7
2
4
-3
-3
9
22
19
-1
-20
-26
-18
-12
1
13
11
4
0
2
12
12
0
-5
-8
-1
16
24
17
0
-16
-18
-21
-14
-9
-4
0
1
4
0
2
0
4
6
8
14
6
6
6
-4
-3
9
11
-2
-14
-19
-13
-1
5
24
37
30
7
-22
-29
-33
-26
-1
18
27
20
-5
-19
-21
-15
-3
8
20
27
20
4
-4
-8
-13
-12
1
7
7
2
-6
-12
-21
-26
-23
-7
11
12
12
14
13
7
-5
-7
-4
-1
10
14
17
6
-3
-5
-13
-14
-9
-7
-3
4
7
15
23
14
-5
-17
-7
3
4
8
3
7
13
-3
-28
-28
-15
-5
5
13
19
16
5
-13
-32
-25
0
16
25
16
-8
-11
-8
-5
-4
-18
-11
2
1
5
5
6
3
-6
-11
-6
6
5
-7
-19
-25
-16
0
21
23
20
20
7
13
12
6
-1
-8
-14
-14
-13
-11
-3
-3
3
-7
-11
-6
-15
0
17
17
14
8
3
16
9
5
12
0
-4
-9
-7
-1
-2
6
12
0
-16
-25
-3
22
21
25
20
8
5
-4
-2
3
2
2
-3
-14
-17
-15
-18
-10
2
7
12
7
-3
-6
-10
-2
4
11
21
13
4
10
12
15
7
-10
-15
-16
-5
0
-6
5
11
2
-11
-16
-8
9
20
12
5
-6
-14
-5
0
3
2
-4
-5
-7
-4
-4
0
-1
1
5
4
8
2
1
-4
-4
-1
-3
-1
-11
-15
-9
8
24
30
26
7
-11
-21
-20
-9
6
9
-3
-7
-12
-7
7
10
4
-13
-28
-16
-10
5
26
18
6
-6
-8
3
3
-3
-10
0
10
2
0
-10
-17
-8
2
28
36
13
-8
-22
-21
-3
1
-2
-7
-19
-11
1
17
22
11
6
-6
-9
1
17
21
5
-14
-28
-25
-1
14
14
5
-5
-14
-10
-1
0
0
-5
-3
1
-5
-3
3
3
4
18
22
13
6
0
-8
-6
0
8
4
-2
-18
-26
-8
-2
3
9
0
-4
8
9
1
3
9
3
4
6
6
0
0
-2
-12
10
23
19
14
-17
-27
-16
6
21
18
13
0
-8
-13
-4
10
18
30
19
-1
2
6
7
3
-4
-10
-7
4
-4
-12
-17
-5
5
0
6
6
6
7
-7
-6
1
2
2
-6
-12
-3
0
-2
-1
-12
-16
-6
-2
9
9
3
-1
-11
-9
-10
-9
-6
-8
-2
-1
-3
-2
-6
2
4
-4
-6
-12
-15
-10
-9
-17
-13
-2
19
20
1
-14
-19
-7
-2
5
14
12
0
-10
-3
8
20
22
3
-11
-17
-3
11
17
11
-5
-5
-1
0
11
16
8
13
13
5
-4
-15
-9
-8
-9
4
1
5
10
-7
-13
-7
-1
21
16
5
5
-2
-1
-5
-5
3
0
-2
-1
-2
-4
-14
-17
-12
-4
8
20
17
20
13
5
-5
-8
1
2
-3
2
3
0
-2
-6
-10
-17
-19
-10
1
15
17
0
9
13
15
16
3
-1
-4
-5
3
11
3
1
-4
-22
-24
-14
0
10
11
21
13
2
3
-3
0
10
14
13
10
5
-4
-9
-19
-16
-13
0
4
-5
-3
-13
-16
-2
5
15
18
18
14
-1
-7
-11
-14
-14
-9
-6
0
9
7
7
-3
-10
-4
1
14
11
-5
-9
-15
-13
1
11
12
2
-7
-8
-3
-3
-6
1
7
6
4
7
7
-11
-24
-19
0
20
20
3
0
-8
-18
-8
5
12
10
0
-11
-18
-10
9
11
-1
-2
1
11
22
12
-4
-14
-12
-4
0
2
5
7
5
5
-2
-2
5
14
0
-11
-3
8
20
21
11
2
5
7
-1
-5
-17
-27
-22
-10
5
11
11
3
-6
-6
5
8
11
12
7
0
2
-3
-10
-13
-23
-21
-3
7
17
14
-1
-10
-10
-1
9
14
10
-3
-17
-11
-5
3
11
3
-3
-12
-11
2
17
21
6
-7
-15
-14
-4
-2
6
8
4
5
-6
-18
-21
-3
4
9
16
10
-6
-14
6
27
39
31
3
-18
-25
-23
-13
-5
-4
-2
-8
-15
-13
-3
10
13
6
11
19
23
12
-6
-27
-24
-8
-2
19
13
-1
-5
-16
-19
-11
10
25
11
5
3
3
11
4
2
3
-1
-9
-8
-3
5
12
-3
-11
-6
-1
-1
-1
-2
-2
5
7
4
-7
-12
-3
-4
-5
-5
-10
-2
-3
-3
3
6
16
12
0
-4
-10
2
14
5
-2
-5
1
6
-1
-2
-3
-6
0
-5
-19
-20
-14
-2
19
35
28
12
8
-1
-13
-17
-2
9
7
3
-3
-21
-25
-4
16
20
19
16
-1
-3
7
6
6
1
-1
-5
-9
4
4
-3
1
-12
-19
-12
0
15
12
1
-1
3
11
6
-4
2
11
7
4
-1
-1
-1
-3
-10
-16
-16
-7
0
-1
1
-5
1
7
6
-2
-17
-18
-17
-4
3
-5
-6
-9
-11
-13
-15
4
19
16
14
16
14
7
4
-2
-12
-8
2
6
-2
-9
-2
2
0
10
7
-1
-2
0
2
7
10
16
12
-1
-4
-8
-10
-4
-4
6
17
13
6
5
-2
-3
7
12
21
12
-3
-13
-13
3
18
25
13
-3
-8
-4
-3
-4
-5
-6
-8
-16
-15
-4
3
9
6
-13
-14
-6
-3
0
-4
-3
-8
-11
-2
8
13
9
-7
-21
-21
-1
18
19
21
6
-13
-22
-19
-7
1
-4
-5
-6
-2
7
10
11
-5
-10
-1
18
33
38
20
7
5
-9
-19
-17
-21
-13
4
1
-6
-11
-6
11
17
7
8
4
1
9
3
-15
-22
-11
2
17
18
7
-7
-14
-10
0
3
-1
-6
-13
-10
1
0
2
6
1
-1
-10
-21
-11
0
3
6
11
16
10
-1
-13
-15
-1
10
15
14
2
-14
-12
-2
-4
-9
-11
-4
7
19
19
21
19
1
-12
-16
5
26
21
7
-6
-10
-5
1
1
9
10
7
2
-4
-7
-4
3
-1
1
3
8
10
-3
-13
-8
6
11
3
-1
1
4
8
2
-10
-12
-5
2
-2
1
1
-18
-23
-28
-26
-2
14
18
12
13
13
2
-4
-11
-13
-1
13
13
5
-6
-16
-11
-5
-15
-11
2
12
10
-3
-7
-5
3
7
7
5
-10
-7
0
3
14
15
12
9
-1
0
-3
-7
-8
-24
-12
12
12
13
4
-8
-10
-9
-6
-2
-5
0
1
-6
-2
0
2
11
15
6
-11
-11
-2
-6
-2
-6
-8
6
7
11
19
8
2
10
16
17
17
4
1
-2
-8
-6
-1
7
-2
-3
7
7
-3
-3
-11
-17
-6
9
27
23
6
-23
-31
-20
-6
6
7
9
-1
-16
-17
-7
4
1
-8
-22
-14
14
31
23
-10
-29
-25
-9
4
21
26
11
-5
-20
-16
11
32
37
10
-16
-17
-12
-9
-10
-8
-4
-8
-9
-2
12
17
14
9
5
7
4
0
3
12
27
27
10
-8
-12
-3
-2
3
4
2
1
-2
-5
-4
-5
9
6
-7
-3
-8
-3
6
5
0
-12
-18
-3
8
14
25
9
-10
-15
-17
-12
5
18
20
4
-9
-10
-16
-15
-8
0
1
-17
-20
-14
-6
4
13
23
32
26
1
-12
-8
5
8
-3
-9
-11
-3
0
-7
-1
3
-1
1
1
5
16
19
14
15
-3
-14
-8
-9
-10
-27
-34
-7
8
12
10
-15
-19
-9
-3
7
13
11
9
3
-8
-4
-4
5
7
1
-11
-27
-21
-3
8
17
18
9
0
-11
-7
2
5
5
-6
-7
1
-3
1
10
-3
-3
13
24
22
9
5
-1
-11
-4
1
-3
-9
0
1
0
0
1
0
-7
-5
1
6
22
16
0
-11
-25
-13
5
12
4
-4
-4
-4
1
0
-6
-13
-7
8
11
6
-2
-19
-21
-15
-5
0
7
15
4
-2
-10
-9
-3
9
17
1
2
8
2
15
11
4
2
3
9
4
-4
-3
7
1
1
5
14
17
5
7
16
15
4
-12
-11
-5
11
24
18
-3
-20
-26
-18
-7
-4
2
0
-3
-11
-12
-3
4
3
-7
-3
2
11
12
-7
-21
-27
-15
9
14
14
1
-18
-23
-15
5
15
14
0
-17
-12
4
11
14
15
5
-10
-14
-5
11
21
20
4
-6
-6
-9
-10
-10
-6
-5
6
18
25
19
7
-10
-14
-6
3
15
19
9
-10
-15
2
5
6
2
-10
-15
-13
-8
-2
-7
-17
-18
-20
-17
-12
1
9
9
3
-8
-7
-1
-1
9
15
13
10
-3
-9
-9
-8
-7
1
12
8
5
-9
-18
-9
4
26
25
11
9
-6
-7
7
19
27
18
10
1
-9
-13
-12
-6
3
7
6
13
9
-3
-13
-14
-9
-6
1
0
-14
-29
-38
-18
15
35
40
16
-16
-24
-20
-1
10
7
2
-3
9
13
5
4
0
-3
-2
4
13
25
32
32
16
2
2
-2
0
10
7
5
2
-9
-10
-8
-20
-14
-11
-7
5
2
0
-6
-4
-5
-16
-18
-1
10
7
1
-8
-18
-24
-25
-15
-3
3
11
10
8
-4
-6
10
22
25
13
-3
-9
-1
18
23
16
5
1
7
5
-8
-6
-3
-4
0
-3
5
8
6
-3
-11
-19
-12
6
7
-5
-21
-20
-13
-10
-9
-2
-3
4
8
-3
-10
-8
-11
-18
-7
0
10
13
-7
-26
-30
-13
6
17
9
-15
-13
8
21
13
16
13
0
-2
0
8
11
11
4
-6
-4
5
6
8
1
-15
-13
-7
-6
-4
6
18
15
6
4
5
1
-14
-17
-2
16
27
24
11
-8
-11
-2
-3
-2
7
6
-2
-8
-3
5
13
17
5
6
8
11
16
14
10
3
-7
-20
-15
-5
-1
-3
-6
3
15
8
-4
-12
-12
9
18
5
-4
-8
8
16
9
-3
-6
2
2
5
0
-17
-10
1
-3
-8
-8
1
10
8
-2
0
-4
-1
11
10
-4
-15
-18
-8
0
-3
-10
-4
0
-11
-13
-6
4
10
1
-5
-7
-5
7
20
13
-14
-37
-32
-10
11
28
16
-6
-8
2
8
6
4
3
-4
-3
1
5
9
3
-12
-28
-22
-11
-1
15
25
18
-1
-11
-6
-4
-8
-6
1
14
19
11
3
-12
-27
-27
-24
-11
13
22
17
1
-20
-27
-14
2
12
16
16
10
6
-2
-9
-2
8
17
21
24
16
-1
-6
6
7
5
6
-2
-7
-9
2
8
15
14
1
-12
-15
1
6
0
1
2
7
15
13
5
2
0
-6
-15
-17
-13
-6
-4
-5
1
9
2
-1
-2
-3
6
10
15
13
3
-3
-4
-4
-2
6
9
2
-4
-20
-16
-14
-5
2
9
22
10
5
-1
-9
-8
1
19
12
2
6
3
-8
-20
-28
-24
-5
4
-1
1
0
12
29
17
1
-10
-12
-6
1
0
-14
-12
-17
-23
-20
-3
16
5
-11
-11
-5
8
18
7
-11
-14
-5
1
18
20
7
2
-10
-12
0
12
8
0
0
-6
0
11
14
14
6
-2
-6
-11
0
8
0
-7
-3
2
8
-2
-13
-12
-7
-1
0
6
10
8
-4
-5
-17
-20
-10
-9
-8
-12
-2
14
19
3
-18
-28
-20
6
33
34
15
1
-6
-10
-15
-4
6
16
31
26
24
10
-2
-5
-9
-10
-4
16
10
6
5
-6
-10
-3
-1
-5
-12
-11
6
10
8
2
-5
-7
3
5
5
15
13
5
-16
-18
-12
-7
2
-3
-16
-21
-4
14
19
5
-1
3
10
15
7
3
15
15
8
-3
-4
-2
-1
5
-5
-16
-13
-3
1
-1
-7
-17
-14
-8
-2
1
6
15
20
11
-9
-9
-2
-2
-8
-9
-4
7
8
-4
-3
-1
-4
-2
-1
2
3
1
6
3
-1
-3
-7
-2
15
25
33
21
-3
-16
-17
-14
-5
1
2
5
3
-1
-10
-15
-6
6
0
-17
-24
-7
7
5
-5
-8
-7
5
15
14
12
-4
-19
-21
-15
-7
-4
2
9
4
2
-2
-10
-3
3
11
16
19
20
2
-8
-10
-10
-4
6
9
1
0
3
-4
-5
-2
2
-7
-12
6
28
34
19
3
-14
-26
-17
-7
0
15
16
9
-4
-18
-18
-5
3
17
19
14
8
4
-2
-8
-5
-5
-7
-7
-13
-15
-11
-5
5
8
7
11
13
18
27
17
6
-11
-12
-1
-7
-5
-5
-15
-15
-12
-11
-5
-3
12
22
15
6
0
0
11
15
2
-9
-5
-1
-9
-16
-18
-9
-3
-4
0
5
14
11
9
4
2
16
11
-1
-12
-16
-4
-3
-7
-7
-14
-13
-4
0
9
5
1
0
0
12
28
27
6
-19
-24
-18
-10
-7
-14
-13
-8
-2
11
21
25
21
18
6
-17
-18
-2
14
12
10
5
-11
-2
-2
-8
-17
-10
5
15
22
14
16
12
5
1
-1
-4
-11
-13
-12
-3
-2
-19
-30
-16
-7
5
22
27
28
15
-4
-23
-32
-20
-1
7
11
5
-6
-6
3
6
-2
-2
1
0
14
22
13
9
-1
-11
-10
-11
-7
-7
-18
-18
-10
0
6
2
-1
6
13
22
32
36
23
-2
-18
-34
-31
-11
0
-1
-20
-33
-27
-7
11
18
27
22
11
7
1
-9
-14
-10
-2
3
6
-5
-12
-16
-8
7
24
23
10
8
3
11
18
13
13
6
-10
-26
-29
-5
21
20
0
-15
-6
1
1
3
1
7
4
-3
-10
-16
5
6
4
7
3
-1
-17
-29
-33
-21
5
26
32
9
-4
0
6
19
23
19
14
5
-7
-3
1
-2
0
-10
-11
-6
0
2
3
-3
3
12
14
8
-11
-8
-7
-5
1
1
19
16
-3
-23
-36
-20
-1
8
7
-6
-21
-14
1
10
4
-9
-14
-12
6
9
10
11
2
-15
-29
-29
6
38
32
21
1
-13
-4
5
3
-4
-10
-6
2
-1
-4
1
-4
7
10
1
7
6
11
11
3
7
3
2
-5
-16
-14
-12
0
3
2
3
-8
-16
-20
-6
8
5
-6
-12
5
21
22
17
11
2
-3
-13
-22
-19
-14
-10
-4
-14
-19
-3
21
32
18
14
14
17
6
2
8
10
2
-12
-18
-24
-15
1
1
-7
-5
1
-1
-1
5
12
8
11
4
-7
-8
-3
14
19
2
-10
-21
-22
-7
4
2
3
6
11
7
-1
0
-4
1
9
15
30
16
-7
-28
-44
-30
-1
14
21
7
-10
-14
-15
2
15
17
20
10
-6
-16
-19
-5
7
4
2
4
1
-1
-14
-18
-3
8
23
27
19
16
16
14
19
9
-6
-11
-12
0
-2
-10
-17
-28
-25
-7
5
16
16
-6
-19
-21
-12
19
33
34
27
4
-13
-10
-1
0
-6
-9
-3
-1
6
7
6
-5
-21
-27
-12
7
7
5
-8
-22
-17
-4
9
22
20
14
9
-10
-16
-9
4
8
14
13
-1
1
-10
-22
-17
-10
-1
4
4
-4
-12
-4
0
7
16
17
4
-7
-14
-15
-9
-5
4
-1
-10
-17
-18
-5
7
9
7
12
15
14
5
2
0
8
2
-7
-5
1
9
6
6
5
0
2
5
-1
-8
-7
-5
3
6
-2
1
1
6
17
17
16
3
-11
-10
-9
2
10
4
0
0
1
0
4
2
-4
-2
-5
-12
-8
-4
8
18
18
12
7
-2
-8
-4
3
8
4
9
12
-4
-27
-28
-2
25
30
29
5
-23
-34
-32
-7
17
16
8
-2
-12
-14
-12
-6
5
8
12
2
-4
-7
-8
6
10
18
28
18
-9
-19
-16
-7
9
20
24
12
-9
-13
-14
-9
4
11
13
4
5
2
-6
1
-1
-11
-14
-15
-12
-14
-21
-21
-15
0
1
-1
2
-2
-7
-6
-3
6
14
15
5
-7
2
4
4
1
-15
-23
-16
-9
-7
-5
-9
-12
-9
-7
2
5
-1
-6
-4
-1
7
22
25
22
-4
-20
-20
-14
10
25
19
5
-10
-23
-16
-8
-12
0
9
12
18
13
-1
-1
-6
-6
4
13
17
27
22
8
3
-3
0
1
1
3
11
20
10
-7
-12
-3
13
13
-2
-2
1
2
8
0
-11
-5
3
12
10
3
-1
-3
-1
-8
-7
-4
-1
7
15
9
-2
-12
-10
-3
1
14
9
0
1
-1
0
23
21
7
-4
-17
-8
1
1
0
-7
-8
-8
-7
2
0
-10
-3
-8
-2
6
-2
11
13
7
-1
-26
-31
-13
6
13
7
8
8
-2
-10
-9
-5
8
14
-1
-11
-19
-20
1
16
14
14
-1
-11
-11
-7
6
19
19
9
-7
-20
-20
-9
19
27
22
-2
-26
-22
-16
-15
-5
-4
3
6
1
0
-12
-7
18
22
15
1
-20
-11
7
17
9
-13
-17
-21
-19
-14
-15
-2
9
10
20
13
4
15
20
12
9
5
5
9
3
-14
-22
-12
-10
-7
-1
8
4
-15
-16
-10
-2
7
18
22
19
8
-18
-15
4
20
19
-7
-31
-29
-11
1
9
5
12
17
8
5
5
1
1
0
2
16
22
16
7
-12
-13
-2
1
7
6
-4
-3
-17
-9
4
5
7
-6
-4
8
26
26
7
-3
-16
-15
-6
0
15
10
9
6
-1
4
-9
-7
0
0
5
4
1
-11
-23
-18
-7
-8
-3
9
19
18
15
13
3
3
10
2
0
0
-13
-13
-12
-17
-9
-7
-7
-5
-7
2
4
1
1
4
7
3
1
-6
-7
1
5
12
14
13
5
-10
-12
-20
-21
-5
8
11
17
21
8
-11
-22
-11
7
15
7
-19
-36
-36
-33
-17
4
15
9
-2
-8
-11
6
10
14
10
-9
-7
7
18
21
9
-4
-10
-16
-9
4
11
5
-7
-9
-9
2
20
14
5
4
6
17
8
0
-7
-17
-9
-7
-9
-8
-11
-12
-9
3
15
21
21
4
-21
-17
-3
8
19
10
-1
-3
0
1
2
1
-2
-3
-4
9
11
-3
-26
-27
-2
14
14
8
13
0
-4
-7
-12
0
12
14
7
-2
-1
9
9
7
-11
-14
-3
2
7
-6
-15
-9
-3
7
8
13
18
22
21
6
11
17
10
1
-4
-7
5
11
4
-6
-17
-14
-7
3
19
23
19
9
-7
-18
-11
10
13
11
2
-1
-11
-10
-14
-13
-13
-18
-14
-12
-4
-9
-15
0
15
13
6
-10
-20
-13
-2
3
1
1
-4
-7
2
5
4
1
-8
-2
1
4
9
2
-2
4
1
1
2
1
8
-3
-18
-9
-2
0
-1
-8
-4
-1
0
18
19
3
-3
-9
-12
-8
4
19
6
-10
-9
-17
-13
6
9
11
10
0
-2
-4
-2
7
4
-5
2
6
11
18
3
-4
-11
-10
-10
-4
3
3
2
4
10
15
12
4
-4
-16
-6
12
14
7
7
4
3
4
-1
-6
-3
-4
0
3
-4
-16
-24
-10
-2
13
28
17
-5
-22
-32
-12
11
19
20
0
-13
-7
-1
7
18
22
18
10
0
-7
-5
-8
-16
-19
-20
-21
-8
-5
-7
6
5
10
11
11
20
14
-1
-6
-7
4
13
4
3
-3
-5
5
3
2
-1
0
0
1
6
14
18
3
-11
-13
-4
8
14
9
-12
-17
-10
-6
9
4
-11
1
2
3
-1
-1
-1
-14
-23
-22
-8
1
4
-2
-9
-5
-7
-8
-11
-4
4
3
1
0
2
3
-3
-10
-11
-6
11
12
2
6
7
6
2
-3
-6
-2
14
12
5
9
-1
-11
-16
-15
-8
15
27
16
-1
-15
-13
-15
-2
16
24
24
9
-5
-4
2
8
11
1
-9
-15
-12
-4
0
2
-7
-10
-13
-8
2
6
16
24
18
11
3
-19
-27
-14
1
13
23
16
1
-20
-21
-6
7
15
10
2
-4
6
16
4
-2
2
2
7
3
-5
-8
-20
-8
-6
-4
6
-3
-5
-2
-9
0
12
12
16
14
3
-1
-7
-8
-7
-13
-2
14
13
12
7
-9
-12
-6
9
23
24
10
-8
-13
-11
-5
2
2
5
10
0
-11
-4
-10
-12
-10
-10
5
13
10
-5
-16
-23
-11
0
6
3
0
2
-3
-2
-5
1
8
5
0
-8
-7
-5
1
-6
-15
-20
-18
2
11
16
20
14
10
9
11
22
28
23
7
-4
-2
-7
-9
-9
-15
-2
6
-3
-3
-12
-9
-3
-7
4
16
25
28
15
-5
-10
-1
3
-15
-28
-12
0
12
17
3
-7
-25
-21
-8
5
16
10
-2
-13
-7
-4
6
7
-1
10
4
-3
-7
-9
-6
-9
-15
-12
-6
3
16
13
7
1
-5
-7
5
18
13
3
1
7
6
0
-1
-1
-5
-3
-5
-8
-1
3
9
21
21
20
3
-26
-31
-28
-7
11
11
14
-4
-27
-33
-25
-6
10
18
20
29
36
22
-2
-26
-33
-25
-4
12
14
6
-4
-8
-13
-8
8
10
7
3
2
3
-3
-5
-3
3
8
8
5
5
0
-10
-6
-7
-11
10
18
13
2
-4
5
7
10
0
-6
-1
4
5
-5
-5
1
13
10
3
1
-6
-6
-14
-15
-5
6
10
-2
-13
-19
-21
-16
-1
12
18
15
10
0
5
15
15
7
3
-6
-14
-2
15
10
0
-10
-17
-22
-12
0
2
-6
-15
-8
3
7
6
16
14
10
9
7
8
-4
-10
-13
-14
1
2
-3
-1
-12
-8
1
7
12
11
12
4
-7
-19
-16
-10
-1
11
4
-6
-15
-13
-8
2
3
1
15
30
21
-3
-17
-22
-9
7
9
6
11
5
-1
-5
-10
-7
-5
-3
3
5
9
14
5
1
-2
-1
-3
-3
1
-8
-7
-11
-9
0
2
8
13
15
11
15
15
3
1
-7
-2
11
15
6
-6
-16
-17
-9
-11
0
0
-14
-16
-11
-3
2
10
15
16
13
7
4
-3
-2
2
2
8
9
5
0
-11
-12
-12
-8
7
16
24
20
-1
-18
-22
-14
-4
-3
10
16
-3
-11
-7
-2
-4
1
11
10
3
-4
-6
0
13
14
4
-2
-9
-6
1
6
-3
-15
-15
-8
4
11
20
19
9
2
-7
-8
0
10
8
-11
-22
-20
-18
2
19
12
-2
-20
-26
-16
-7
6
8
9
17
19
19
15
3
-10
-13
-2
12
11
9
6
-4
-14
-21
-19
-8
4
8
15
8
1
3
-3
-8
-2
-1
12
17
5
7
1
-14
-14
-10
-1
9
4
-6
-13
-10
10
17
10
9
-3
-11
-11
-9
-5
-7
-11
-6
2
6
8
11
0
-8
-7
3
12
12
-5
-20
-18
-14
2
10
7
7
5
7
12
14
5
1
2
3
5
1
7
15
15
5
-6
-6
-9
-9
-9
-9
-7
-6
-2
14
11
14
2
-10
-10
-7
6
0
-23
-32
-26
-14
-7
-1
1
-1
-8
-12
-6
-2
11
6
3
13
8
8
6
3
0
7
22
24
13
5
-5
-11
5
14
7
-6
-4
-1
1
-4
-6
0
-2
6
4
3
11
11
4
-3
3
7
14
18
2
-15
-15
-4
2
9
12
7
7
-6
-21
-16
-12
-12
-3
-2
0
4
-7
-16
-9
-2
5
12
6
-3
-8
-7
-9
-2
9
19
12
-11
-23
-11
-1
3
5
-6
-26
-36
-17
0
24
28
9
-6
-10
-4
9
18
10
6
6
7
16
22
15
-1
-2
2
0
-2
0
-1
-5
1
4
3
5
11
10
-3
3
16
10
-14
-27
-14
-8
0
9
6
-3
-13
-22
-26
-12
0
4
13
9
5
6
6
1
-4
4
6
1
-8
-24
-20
-12
-3
-3
-14
-4
6
16
5
-11
-11
-13
-3
3
9
8
6
-2
-7
5
7
0
-5
6
20
-1
14
27
6
-4
5
11
-2
3
5
11
20
-6
-13
7
1
-10
-1
9
14
3
-3
-12
-5
0
-1
-1
-6
-2
-6
-13
-4
12
21
10
11
8
-5
15
23
29
33
25
10
-15
-2
0
-15
12
12
-6
19
13
-17
-31
18
-10
-64
-12
104
-113
-200
193
47
-147
-114
58
141
-185
-56
149
24
-35
24
128
-3
48
54
-90
45
67
-24
-94
33
48
-79
-144
0
68
-48
-30
3
47
-19
-59
-86
83
89
-90
-35
50
64
-114
-61
125
-11
-92
2
24
-29
-36
27
23
-21
-13
80
29
-51
48
42
-3
40
-9
44
20
-26
-8
-3
-13
-68
84
-64
-118
97
97
-184
-251
255
151
-383
-87
407
5
-457
-4
404
-33
-342
154
277
-90
-134
112
162
-130
75
171
-8
15
21
190
0
-68
189
48
-59
-150
42
90
-194
-113
54
-52
-96
-120
42
-103
-92
3
-167
145
-101
-91
12
-12
47
-144
139
147
-23
31
142
196
-92
102
331
-115
83
216
-120
40
49
65
27
-116
-39
30
-79
-190
98
-3
-197
-53
-75
28
-113
-117
38
8
-32
-36
-51
23
62
-234
167
129
-194
186
-56
61
107
-80
107
65
47
-39
57
89
27
17
-98
134
102
-316
159
100
-94
-1
6
56
24
-55
-95
172
-19
-218
71
8
-208
108
-102
-204
23
6
-34
-188
50
23
-75
-18
-26
124
-74
67
86
-103
179
127
-64
28
138
13
-115
49
62
-3
-28
-37
190
10
-148
64
-10
39
4
-72
-14
59
17
-91
-43
58
-1
-260
-57
279
-179
-168
58
124
-101
-195
115
108
-45
-191
150
225
-81
-78
67
86
15
-14
58
123
-31
-42
67
-94
54
150
-141
-63
137
-53
-132
67
98
-22
-163
72
159
-147
-96
112
-18
108
-42
-112
130
56
-114
-72
62
46
-50
-180
156
12
-99
-48
64
89
-93
10
49
94
-64
13
191
-21
-70
152
-8
12
24
53
-54
-40
-42
1
140
-251
14
101
-111
-43
-46
45
-15
-90
-7
16
49
-50
-48
47
-3
-20
-39
70
-35
-17
19
11
65
-60
25
31
90
-68
17
129
-24
28
-28
117
13
-136
116
59
-43
-54
-76
133
-66
-105
-2
6
-77
-113
-22
2
-1
-122
-57
55
-63
-151
48
94
-36
-63
101
162
-51
-102
179
164
-170
126
180
-102
33
70
-9
-39
-20
7
-72
-52
77
-88
-100
89
-76
-22
-84
-21
39
-4
-18
34
71
-63
65
-55
91
116
-101
1
177
9
-95
8
52
4
-70
-15
72
-16
-104
-35
10
-44
-94
-35
99
17
-94
49
-20
-32
90
19
-81
50
119
-27
3
6
-60
-46
35
19
-51
76
21
-14
27
-4
-74
-45
110
39
-70
73
-54
-43
105
25
62
-77
-19
106
-24
-30
50
69
-53
32
78
5
22
-30
123
-31
-104
43
81
-126
-28
106
-134
-62
60
-38
-176
72
42
-142
104
52
-71
-9
-13
81
-79
-26
132
-95
7
82
-54
-112
41
141
-136
-48
135
-10
-71
32
19
-31
-30
49
30
47
1
-1
29
-18
60
13
-17
65
34
-62
38
-4
-4
-28
16
-46
-65
16
-98
22
-30
-84
-87
11
55
-100
-14
57
-69
-27
67
-73
13
14
74
-44
25
153
-62
-44
114
86
-147
100
152
-78
3
75
15
-53
-11
7
31
-11
26
-18
-75
69
45
-73
-3
-8
-24
31
9
-31
-77
-56
16
-7
-99
-6
-42
6
6
-50
-13
-19
-6
7
-4
-7
10
31
16
-12
13
-11
64
2
-17
4
21
75
-96
76
39
-47
85
26
43
18
46
33
17
29
11
44
78
52
-15
34
16
-87
23
78
-20
-38
-85
-28
-45
-58
-50
-85
8
-59
-109
-21
15
-65
-32
-34
-63
19
35
45
16
61
-49
-14
68
32
58
10
-1
33
53
-47
47
105
-46
-72
108
68
-31
19
10
78
-14
-40
27
7
-37
-13
13
1
-35
-41
-11
-30
-48
-13
-40
25
58
-21
-54
-78
78
-21
-91
41
13
-64
-20
22
-40
33
-18
-45
40
-12
29
-28
-32
26
-14
38
-1
24
61
-42
33
49
-39
13
69
33
15
50
19
61
95
45
30
12
91
49
-28
42
79
-7
-43
58
9
-25
-3
-25
19
-36
-12
-17
-69
-4
2
-87
-63
5
-83
-47
6
-4
-90
-48
-32
-97
15
-56
-69
10
-45
-45
-89
5
-47
-170
-23
-37
-64
-93
-91
-86
-120
-94
-134
-92
-163
-151
-46
-140
-95
-52
-112
-124
-63
-50
-121
-70
12
0
-92
-67
52
18
16
1
91
124
54
102
197
145
73
162
239
147
126
215
215
206
193
216
206
273
253
139
251
318
229
281
361
277
258
320
322
307
308
328
322
299
312
285
276
310
257
171
148
196
119
76
8
-64
-90
-204
-194
-286
-356
-376
-447
-555
-571
-515
-589
-611
-609
-629
-647
-633
-544
-517
-566
-471
-404
-418
-344
-279
-205
-163
-183
-87
-34
-27
34
24
72
68
70
63
91
100
29
37
22
55
-34
-22
-25
-123
-95
-75
-157
-158
-124
-198
-208
-195
-146
-137
-133
-81
-5
8
-2
99
220
330
310
433
604
689
663
794
896
1058
1016
948
1067
1242
1015
660
952
978
902
336
457
662
181
-272
-272
6
-411
-727
-670
-644
-864
-1106
-1086
-996
-903
-1012
-1074
-858
-654
-702
-765
-383
-107
-103
-37
316
534
488
522
817
1070
1003
1009
1092
1155
1106
975
950
932
811
551
281
133
101
-181
-521
-599
-755
-972
-1383
-1340
-1371
-1583
-1761
-1719
-1608
-1706
-1782
-1680
-1436
-1460
-1289
-1112
-951
-786
-685
-521
-320
-36
124
231
410
658
745
771
965
1144
1201
1163
1230
1371
1433
1360
1362
1442
1437
1309
1214
1246
1336
1214
981
911
1121
748
110
328
531
342
-371
-326
17
-456
-1125
-1181
-697
-855
-1301
-1286
-963
-1055
-1487
-1428
-1027
-757
-750
-890
-569
-255
-283
-388
-13
528
475
437
739
1146
1082
942
1265
1530
1459
1285
1372
1536
1349
1195
1051
1015
866
526
273
43
-29
-400
-756
-1012
-1060
-1388
-1768
-1916
-1867
-1992
-2329
-2212
-2106
-2141
-2298
-2115
-1724
-1698
-1529
-1235
-1102
-913
-672
-472
-236
154
414
478
581
969
1167
1160
1378
1553
1646
1694
1722
1893
1948
1941
1902
1967
1992
1832
1696
1764
1909
1616
1415
1370
1392
858
92
422
664
335
-498
-569
-286
-991
-1747
-1761
-1137
-1336
-1860
-1845
-1559
-1648
-2270
-2142
-1453
-1098
-1287
-1319
-904
-637
-737
-835
-244
261
330
314
637
1013
911
815
1222
1619
1544
1467
1589
1727
1629
1380
1351
1370
1216
834
589
491
374
18
-688
-691
-649
-1342
-1691
-1627
-1592
-2016
-2506
-2148
-2043
-2362
-2367
-2104
-1827
-1791
-1712
-1446
-1256
-1035
-814
-699
-263
104
110
204
532
802
841
913
1310
1536
1453
1500
1612
1610
1711
1744
1761
1818
1942
1876
1540
1544
1628
1614
1442
1424
1462
1273
1099
639
168
573
461
228
-412
-455
-146
-1107
-1556
-1466
-1020
-1248
-1674
-1449
-1340
-1582
-2032
-1632
-1044
-829
-965
-984
-486
-593
-723
-552
-1
396
196
282
595
758
606
678
1136
1398
1296
1311
1460
1405
1245
1158
1212
1218
979
621
570
297
43
-268
-476
-640
-1187
-1298
-1446
-1647
-1922
-2005
-2041
-2145
-2196
-2239
-2190
-2070
-1772
-1675
-1629
-1414
-1166
-1155
-1007
-590
-361
-335
-161
185
270
319
547
836
927
1078
1299
1304
1430
1628
1833
1923
2114
2234
2119
1991
2111
2286
2308
2278
2265
2100
1897
1367
754
1175
1262
1094
292
46
205
-626
-1274
-1280
-662
-833
-1421
-1490
-1374
-1696
-2273
-1999
-1303
-1044
-1259
-1483
-1135
-1083
-1311
-1161
-530
-43
-236
-285
47
218
20
197
731
1066
960
890
1063
1082
949
980
1208
1218
854
572
583
439
122
-200
-324
-384
-729
-1207
-1391
-1366
-1517
-1744
-1860
-1658
-1677
-1868
-1902
-1737
-1402
-1381
-1220
-975
-862
-817
-663
-431
-222
-64
69
295
235
245
494
651
786
846
898
918
992
1158
1324
1393
1546
1701
1712
1629
1581
1856
2051
2149
2010
1933
2076
1403
1004
1396
1631
1423
532
581
724
-108
-764
-640
-72
-422
-1046
-1073
-848
-1297
-1907
-1641
-1105
-906
-1381
-1530
-1188
-1193
-1438
-1474
-861
-513
-715
-858
-503
-272
-485
-354
232
633
423
428
720
883
777
850
1117
1323
1126
781
834
710
566
255
53
125
-128
-595
-900
-966
-1110
-1478
-1574
-1332
-1472
-1815
-1831
-1649
-1489
-1584
-1491
-1126
-1115
-1118
-1043
-838
-567
-523
-446
-198
-113
-119
5
163
366
515
619
781
990
1126
1361
1505
1584
1724
1951
2126
2108
2144
2259
2257
2281
2204
1711
1500
1614
1808
1403
750
771
705
106
-431
-217
-45
-445
-933
-935
-773
-1286
-1571
-1367
-974
-1004
-1388
-1453
-1185
-1085
-1297
-1139
-726
-488
-753
-740
-321
-245
-359
-58
455
579
379
394
790
934
886
910
1107
1114
863
703
606
608
447
176
-83
-275
-561
-874
-1078
-1102
-1236
-1558
-1702
-1722
-1781
-1940
-1886
-1706
-1598
-1590
-1565
-1382
-1181
-1149
-1017
-746
-557
-413
-306
-108
9
132
352
430
546
697
853
1039
1098
1283
1426
1551
1680
1692
1761
1898
2089
2130
2071
1808
2043
1935
1466
1404
1620
1663
922
450
628
498
-189
-490
-153
-55
-681
-1124
-946
-876
-1188
-1356
-933
-670
-891
-1186
-1038
-647
-725
-868
-636
-142
-203
-497
-283
54
63
-162
67
524
537
347
491
773
754
597
690
794
692
549
425
430
274
75
-155
-352
-529
-841
-1077
-1166
-1190
-1479
-1756
-1808
-1747
-1849
-2021
-1864
-1645
-1638
-1570
-1393
-1173
-1071
-966
-626
-375
-242
-177
44
297
370
491
664
802
855
930
992
1196
1401
1481
1553
1602
1651
1700
1699
1895
2040
1900
1753
1690
1626
1125
857
1158
1286
691
15
-74
-28
-540
-963
-633
-304
-712
-1240
-1157
-865
-985
-1221
-885
-345
-270
-678
-701
-267
-122
-219
-107
362
428
131
92
450
631
430
489
831
876
548
493
783
868
657
623
666
456
117
49
-21
-94
-227
-484
-724
-1081
-1359
-1535
-1609
-1583
-1647
-1879
-1986
-2036
-2067
-2094
-2007
-1704
-1513
-1408
-1312
-1152
-1051
-936
-581
-210
-1
108
259
354
443
596
814
1025
1143
1176
1172
1112
1269
1444
1503
1648
1628
1592
1527
1508
1673
1725
1575
1439
1504
1202
755
640
836
871
226
-83
33
-185
-801
-1058
-584
-396
-833
-1070
-827
-784
-1048
-1062
-563
-127
-275
-427
-259
69
5
-85
349
748
571
265
479
759
593
352
642
950
690
355
478
634
484
400
536
622
356
89
-35
-115
-165
-317
-505
-785
-949
-1077
-1488
-1719
-1732
-1672
-1992
-2152
-1941
-1957
-2171
-2035
-1671
-1626
-1549
-1328
-1037
-1012
-818
-483
-278
-192
8
173
230
480
687
737
722
1000
1167
1051
1223
1500
1558
1519
1678
1829
1724
1735
1882
1922
1821
1786
1551
1437
1356
1043
897
856
874
411
-225
-208
-75
-591
-1033
-776
-530
-862
-1397
-1249
-903
-1101
-1256
-933
-418
-500
-777
-595
-129
10
-133
172
596
566
317
430
777
786
619
721
908
858
604
598
726
686
596
600
567
415
166
126
77
-114
-226
-316
-711
-1306
-991
-1203
-1615
-1906
-1702
-1624
-2375
-2250
-1865
-1888
-2190
-1856
-1374
-1501
-1610
-1246
-925
-860
-625
-379
-355
-169
19
80
122
430
669
451
616
1028
1036
864
1194
1568
1420
1367
1683
1845
1578
1799
1985
1871
1805
1912
1607
1504
1583
1338
1081
977
1287
651
-56
113
363
-296
-942
-580
-212
-804
-1340
-1021
-772
-1184
-1424
-909
-516
-672
-940
-638
-313
-423
-512
-333
107
197
-6
4
266
323
124
224
521
687
524
474
670
800
722
614
833
839
576
413
472
497
161
-306
-112
-233
-772
-1176
-917
-900
-1547
-1698
-1473
-1488
-2087
-1939
-1602
-1605
-1733
-1574
-1389
-1461
-1417
-1162
-1037
-860
-565
-544
-549
-368
-207
-308
51
464
414
224
637
996
652
797
1416
1579
1154
1415
1952
1807
1560
1910
2396
2092
1731
1965
2145
1536
1267
1570
1660
1065
444
467
426
-69
-562
-455
-209
-500
-1027
-1109
-884
-957
-1383
-1213
-651
-577
-995
-1085
-650
-610
-906
-825
-187
-81
-467
-453
-89
-16
-304
70
576
605
386
523
810
772
768
1023
1194
1081
932
935
704
485
717
399
210
-139
-317
-516
-978
-843
-1024
-1271
-1517
-1563
-1732
-2001
-1925
-1758
-1682
-1783
-1704
-1628
-1773
-1597
-1276
-1136
-1002
-869
-621
-721
-746
-412
-143
-39
85
377
457
483
645
935
1175
1291
1539
1657
1695
1821
1901
2063
2245
2461
2262
1898
2068
1856
1623
1581
1864
1752
850
496
667
505
-289
-298
291
62
-770
-1016
-656
-869
-1443
-1255
-649
-613
-1038
-1339
-1156
-1059
-1163
-1186
-844
-427
-589
-908
-883
-447
-410
-424
-79
379
350
108
404
761
737
711
1158
1411
1126
820
1033
1113
939
725
592
609
253
-49
-251
-376
-460
-788
-977
-1111
-1248
-1483
-1707
-1603
-1544
-1658
-1786
-1811
-1731
-1757
-1606
-1430
-1295
-1205
-1176
-1062
-1054
-926
-630
-337
-221
-64
142
192
235
492
866
1084
1128
1347
1592
1603
1633
1715
2082
2160
2130
2075
2139
2065
1710
1701
1700
1800
1379
999
913
847
474
29
104
205
8
-552
-679
-611
-764
-1117
-937
-581
-779
-1197
-1304
-955
-1097
-1298
-1126
-801
-755
-1070
-1131
-923
-755
-736
-687
-347
-58
-58
-70
191
511
571
668
980
1272
1097
1056
1143
1261
1151
928
962
911
807
434
286
77
-16
-199
-459
-460
-600
-727
-1019
-1048
-1026
-1073
-1197
-1302
-1137
-1313
-1461
-1470
-1232
-1185
-1431
-1315
-1259
-1264
-1284
-1250
-1026
-663
-686
-920
-480
-109
-304
-209
236
536
532
608
786
978
1113
1197
1242
1447
1677
1563
1556
1775
1936
1759
1671
1840
1959
1933
1691
1773
1778
1605
1387
1293
1282
1067
857
622
535
338
15
-322
-486
-596
-913
-1167
-1275
-1433
-1684
-1883
-2016
-1988
-2062
-2094
-1980
-1936
-1932
-1861
-1644
-1416
-1206
-1028
-727
-438
-268
-40
234
531
781
903
1117
1310
1506
1536
1573
1695
1705
1642
1555
1592
1417
1225
1006
841
659
376
171
-45
-277
-596
-835
-1003
-1172
-1352
-1498
-1655
-1827
-1911
-1956
-2020
-1978
-1924
-1887
-1869
-1807
-1581
-1489
-1359
-1157
-936
-739
-624
-442
-152
115
266
475
666
892
1072
1218
1433
1659
1866
1886
2028
2258
2367
2340
2398
2554
2540
2462
2398
2394
2227
2039
1869
1661
1447
1114
782
467
157
-190
-535
-812
-1139
-1473
-1810
-2063
-2268
-2455
-2562
-2604
-2615
-2689
-2644
-2490
-2305
-2185
-1946
-1659
-1386
-1096
-869
-552
-208
130
324
618
951
1141
1325
1494
1729
1851
1904
1966
2022
2039
1938
1885
1830
1736
1559
1341
1148
945
734
426
203
0
-277
-577
-841
-1008
-1245
-1472
-1642
-1792
-1929
-2039
-2077
-2088
-2093
-2117
-2053
-1961
-1875
-1782
-1683
-1556
-1401
-1223
-1019
-800
-625
-416
-203
-7
252
529
808
1034
1236
1517
1750
1929
2103
2319
2456
2547
2615
2684
2710
2609
2523
2450
2381
2153
1875
1692
1425
1041
702
495
184
-213
-556
-848
-1114
-1480
-1728
-1887
-2015
-2222
-2361
-2367
-2384
-2379
-2316
-2178
-2033
-1886
-1728
-1500
-1232
-1011
-778
-517
-242
-38
194
464
690
849
975
1156
1289
1393
1434
1487
1548
1542
1517
1465
1407
1323
1209
1080
947
844
685
499
308
153
-19
-236
-422
-599
-732
-909
-1054
-1161
-1252
-1364
-1458
-1494
-1548
-1596
-1605
-1556
-1533
-1546
-1514
-1407
-1298
-1216
-1095
-915
-750
-592
-401
-145
82
272
480
719
947
1131
1326
1525
1687
1784
1878
1969
2035
2062
2064
2044
1967
1873
1731
1604
1452
1271
1060
862
712
488
252
34
-153
-369
-576
-736
-862
-985
-1135
-1234
-1294
-1347
-1395
-1415
-1391
-1362
-1355
-1331
-1247
-1163
-1086
-1012
-904
-769
-662
-528
-384
-235
-121
-23
100
212
305
403
505
591
673
730
756
789
838
871
883
878
900
906
870
810
739
707
665
571
470
388
318
196
39
-104
-235
-394
-543
-636
-733
-869
-1008
-1108
-1171
-1226
-1271
-1278
-1251
-1204
-1169
-1114
-1018
-886
-751
-631
-477
-326
-179
-46
117
301
429
550
676
795
890
986
1065
1097
1109
1113
1125
1092
1040
995
946
874
779
708
647
573
493
430
365
298
226
177
141
101
47
-9
-51
-104
-158
-215
-281
-335
-393
-464
-512
-556
-595
-660
-709
-736
-761
-788
-809
-795
-775
-762
-752
-715
-652
-586
-529
-447
-330
-212
-97
21
127
214
309
413
513
606
698
767
792
802
811
819
814
779
717
624
511
411
327
231
104
-41
-177
-288
-416
-536
-614
-660
-735
-821
-852
-839
-835
-850
-823
-769
-684
-582
-479
-389
-319
-234
-136
-22
91
206
299
362
416
455
518
578
620
638
637
635
618
590
575
568
534
490
477
450
394
345
313
309
288
254
200
143
104
71
59
66
50
3
-60
-109
-137
-175
-191
-208
-237
-280
-323
-366
-423
-427
-429
-454
-501
-517
-498
-514
-511
-476
-413
-392
-380
-315
-223
-173
-171
-115
-17
40
64
122
202
233
240
288
327
327
299
276
299
292
255
218
227
180
64
67
59
6
7
11
-19
-57
-60
-19
-9
-35
13
89
91
59
92
151
148
101
85
111
109
57
1
2
0
-60
-132
-161
-161
-216
-282
-325
-300
-280
-308
-326
-326
-286
-320
-298
-237
-166
-67
-96
-62
60
129
51
66
246
297
247
313
410
408
351
385
431
369
414
471
427
368
425
445
343
329
339
308
254
198
181
150
113
94
22
-125
-154
-188
-330
-399
-409
-380
-517
-669
-689
-669
-697
-830
-794
-715
-707
-776
-773
-638
-620
-611
-481
-312
-236
-181
-105
78
202
249
410
603
708
754
845
950
1053
1023
1097
1191
1150
1066
1036
1058
874
706
655
617
423
191
66
-44
-234
-476
-574
-659
-776
-933
-1073
-1144
-1212
-1277
-1288
-1243
-1163
-1089
-1209
-1078
-849
-689
-794
-623
-151
-231
-197
108
311
365
467
586
681
831
829
946
957
997
1095
981
947
980
1036
909
773
786
766
731
544
514
515
390
354
198
242
208
-1
-225
-161
-95
-246
-413
-571
-487
-722
-933
-965
-962
-892
-1183
-1271
-1196
-1133
-1335
-1417
-1093
-1011
-983
-1038
-797
-526
-605
-450
-127
166
228
273
601
837
941
979
1238
1485
1460
1407
1517
1673
1564
1440
1470
1491
1300
1072
971
807
574
329
129
5
-308
-554
-721
-927
-1089
-1315
-1480
-1590
-1653
-1764
-1793
-1766
-1719
-1668
-1671
-1527
-1390
-1251
-1101
-903
-651
-430
-235
-69
166
335
497
749
930
1013
1165
1280
1358
1382
1436
1478
1485
1469
1429
1446
1393
1355
1250
1234
1149
899
883
947
871
642
512
535
397
-64
-192
-2
1
-441
-797
-655
-887
-1251
-1499
-1322
-1139
-1507
-1852
-1769
-1530
-1810
-1961
-1562
-1180
-1260
-1433
-1148
-860
-802
-640
-221
217
291
278
495
817
993
1091
1422
1707
1686
1523
1587
1829
1828
1736
1783
1822
1554
1191
1105
1039
885
645
420
189
-225
-555
-731
-886
-1108
-1292
-1551
-1790
-1953
-2135
-2143
-2158
-2048
-2033
-2072
-1958
-1806
-1674
-1545
-1199
-929
-725
-565
-332
-61
131
460
729
903
1064
1174
1303
1432
1557
1751
1836
1788
1797
1817
1795
1757
1756
1786
1694
1469
1369
1326
1298
1110
908
859
788
393
-67
4
66
-117
-647
-829
-653
-1057
-1605
-1605
-1193
-1355
-1941
-1987
-1604
-1744
-2213
-1936
-1366
-1366
-1693
-1630
-1176
-1099
-1161
-746
-260
-124
-297
-144
358
617
638
910
1411
1518
1295
1334
1760
1991
1815
1864
2136
2062
1640
1446
1569
1485
1238
1008
823
559
109
-243
-373
-484
-902
-1187
-1400
-1626
-1809
-2126
-2048
-2156
-2283
-2278
-2228
-2164
-2134
-1952
-1793
-1594
-1491
-1168
-954
-822
-481
-184
136
403
564
786
1065
1258
1388
1663
1951
2035
1949
1999
2271
2206
2127
2220
2370
2209
1807
1857
1836
1697
1453
1368
1243
981
804
191
69
234
141
-433
-891
-534
-874
-1673
-1794
-1265
-1276
-2054
-2172
-1797
-1920
-2526
-2360
-1692
-1687
-2075
-2067
-1611
-1559
-1581
-1218
-761
-495
-611
-521
-111
324
436
598
1093
1437
1242
1191
1762
2055
1884
1921
2369
2341
1839
1808
2091
2014
1603
1532
1442
988
549
387
266
-94
-538
-908
-1163
-1578
-1756
-2027
-2175
-2339
-2649
-2696
-2796
-2674
-2652
-2620
-2441
-2250
-2230
-2044
-1628
-1401
-1101
-789
-384
-166
25
431
817
1065
1313
1744
1982
2102
2182
2371
2635
2662
2708
2814
2863
2719
2547
2513
2405
2179
2052
2007
1740
1527
1303
977
423
289
403
203
-272
-785
-557
-954
-1680
-1771
-1487
-1509
-2264
-2441
-2195
-2293
-2761
-2715
-2166
-2144
-2492
-2549
-2066
-1785
-1933
-1679
-1091
-821
-846
-760
-147
323
346
525
1190
1515
1308
1549
2049
2316
2186
2332
2742
2591
2258
2327
2529
2428
2162
1990
1773
1295
965
819
705
105
-351
-320
-1070
-1426
-1803
-1861
-1985
-2836
-2647
-2644
-3122
-3257
-3030
-2963
-3102
-3025
-2573
-2320
-2442
-1921
-1604
-1427
-958
-566
-183
162
582
816
1047
1556
2048
2072
2275
2791
2753
2579
2813
3225
3049
2743
3001
3057
2555
2331
2484
2218
1914
1707
1669
1229
832
706
-5
-6
144
-156
-1042
-1405
-989
-1568
-2346
-2130
-1543
-2200
-3016
-2775
-2350
-2713
-3192
-2590
-2126
-2498
-2645
-2282
-1930
-1813
-1662
-1247
-778
-548
-568
-260
322
794
891
1084
1732
1950
1765
1968
2600
2819
2639
2683
2950
2892
2471
2554
2682
2489
2201
1988
1728
1318
910
613
403
64
-349
-1045
-1239
-1478
-1923
-2320
-2563
-2451
-3018
-3413
-3250
-3073
-3309
-3405
-3002
-2831
-2991
-2809
-2199
-1912
-1708
-1163
-666
-529
-343
155
746
1139
1462
1737
2064
2331
2409
2535
2898
3121
2942
2927
3163
3022
2663
2621
2758
2562
2074
1966
1876
1474
1113
998
968
582
285
-313
-685
-553
-641
-960
-1625
-1460
-1504
-2319
-2658
-2271
-1928
-2451
-2822
-2538
-2462
-2901
-2898
-2199
-1895
-2091
-2192
-1836
-1422
-1345
-1067
-523
-20
78
45
473
1091
1304
1379
1894
2367
2358
2161
2483
2930
2809
2734
3011
3122
2680
2254
2368
2420
1998
1681
1524
1164
628
219
-103
-397
-734
-1072
-1556
-2085
-2206
-2577
-2904
-3051
-3109
-3187
-3484
-3466
-3358
-3270
-3176
-2881
-2669
-2446
-2089
-1763
-1402
-1048
-538
-115
201
603
1091
1398
1655
2039
2346
2509
2663
2902
3007
2970
2989
3011
2953
2824
2689
2584
2341
2096
1934
1669
1455
1175
915
622
355
172
-33
-424
-886
-826
-935
-1248
-1680
-1854
-1649
-2065
-2450
-2356
-2110
-2250
-2666
-2602
-2247
-2254
-2504
-2201
-1744
-1658
-1807
-1603
-1018
-752
-668
-374
135
342
337
665
1332
1640
1557
1835
2258
2407
2238
2463
2876
2885
2696
2691
2824
2489
2185
2107
2160
1898
1452
1193
811
454
-58
-375
-547
-882
-1389
-1887
-2144
-2416
-2731
-2922
-2892
-3080
-3348
-3360
-3286
-3183
-3042
-2771
-2493
-2379
-2182
-1747
-1405
-976
-496
-96
236
485
783
1206
1584
1859
2162
2327
2447
2585
2609
2699
2755
2699
2707
2589
2345
2116
2033
2002
1760
1496
1305
1067
685
538
537
238
-13
-217
-381
-856
-1188
-919
-923
-1241
-1690
-1663
-1621
-2034
-2224
-1969
-1712
-2004
-2250
-2113
-1913
-1989
-2053
-1675
-1289
-1234
-1349
-1122
-668
-472
-379
24
509
604
602
927
1427
1563
1604
1903
2194
2111
2030
2353
2545
2408
2212
2287
2295
1952
1691
1633
1604
1245
942
681
370
-21
-396
-601
-839
-1064
-1495
-1819
-1981
-2142
-2455
-2572
-2467
-2512
-2736
-2816
-2503
-2374
-2345
-2136
-1830
-1659
-1579
-1236
-801
-516
-258
80
356
572
796
1029
1362
1621
1797
1920
1966
2095
2075
2065
2170
2282
2141
1940
1927
1819
1584
1423
1469
1276
952
757
670
422
191
201
-4
-228
-369
-468
-908
-1078
-847
-908
-1219
-1587
-1343
-1373
-1817
-1837
-1624
-1480
-1793
-1958
-1643
-1505
-1700
-1643
-1266
-1016
-1038
-1143
-816
-395
-282
-157
235
598
650
664
958
1448
1569
1546
1737
2001
2034
1883
2046
2262
2119
1930
1952
1990
1680
1358
1355
1290
917
608
421
115
-157
-511
-676
-879
-1161
-1418
-1745
-1830
-1892
-2091
-2247
-2241
-2242
-2338
-2349
-2177
-2002
-1944
-1851
-1590
-1405
-1266
-997
-643
-418
-222
136
369
525
770
1108
1339
1445
1611
1821
1876
1844
1964
2069
2095
2013
1923
1824
1680
1589
1439
1342
1194
980
755
582
399
181
-20
-54
-191
-527
-654
-642
-865
-1212
-1119
-933
-1151
-1664
-1590
-1234
-1510
-1825
-1606
-1244
-1385
-1721
-1586
-1258
-1297
-1330
-1014
-624
-563
-747
-608
-155
83
92
326
749
911
781
908
1375
1608
1498
1535
1842
1878
1667
1689
1926
1959
1715
1612
1581
1408
1153
991
943
789
563
260
-5
-222
-480
-716
-874
-962
-1185
-1480
-1659
-1687
-1832
-2044
-2002
-1907
-1899
-1965
-1888
-1795
-1735
-1571
-1324
-1125
-1004
-729
-472
-289
-115
140
431
649
857
1054
1264
1397
1472
1500
1616
1726
1718
1741
1762
1688
1447
1325
1309
1175
972
849
775
537
263
90
30
-120
-306
-406
-493
-566
-735
-858
-805
-893
-1109
-1049
-885
-921
-1183
-1219
-887
-959
-1223
-1090
-721
-716
-1056
-942
-556
-504
-738
-613
-219
-114
-260
-208
149
272
230
376
639
776
693
734
1029
1187
1073
1081
1293
1395
1227
1119
1283
1319
1163
1030
1057
1017
802
597
546
519
344
179
0
-171
-341
-470
-549
-661
-831
-997
-1073
-1113
-1175
-1269
-1275
-1212
-1264
-1355
-1285
-1126
-1089
-1085
-958
-787
-702
-579
-395
-276
-124
0
152
297
433
550
660
783
835
893
965
1004
948
907
930
899
818
713
692
610
409
313
291
199
9
-45
-51
-120
-271
-325
-266
-238
-339
-435
-333
-216
-319
-597
-424
-122
-174
-442
-458
-136
-219
-534
-521
-152
-106
-486
-566
-312
-233
-521
-534
-205
-97
-330
-438
-132
43
-65
-80
179
351
238
189
414
685
621
550
722
897
772
650
882
1058
925
786
933
975
792
718
823
832
635
498
424
392
276
108
13
-41
-160
-405
-564
-550
-558
-737
-894
-883
-940
-1090
-1156
-1069
-1029
-1106
-1076
-1004
-980
-973
-851
-689
-594
-492
-337
-238
-250
-109
107
197
232
338
424
402
392
462
516
489
478
475
448
412
353
302
281
278
248
198
187
206
165
117
196
282
230
212
253
255
197
263
213
135
234
342
214
-93
-42
114
-101
-391
-322
-161
-401
-708
-635
-484
-656
-855
-718
-555
-610
-757
-684
-445
-391
-428
-314
-30
95
4
56
364
561
504
570
878
988
837
876
1144
1174
1058
1157
1284
1175
1000
1038
1103
960
811
775
709
541
348
263
195
131
-106
-353
-390
-374
-731
-1017
-777
-787
-1192
-1410
-1099
-1154
-1559
-1498
-1157
-1252
-1532
-1341
-1103
-1126
-1148
-902
-771
-746
-605
-514
-445
-225
-31
-62
57
361
327
128
389
749
606
493
806
899
614
660
959
900
722
823
898
736
707
823
759
626
648
632
408
452
503
240
143
330
193
-273
-215
62
-134
-618
-494
-226
-586
-934
-769
-489
-699
-946
-792
-603
-754
-873
-651
-447
-449
-529
-403
-192
-161
-168
-5
263
359
266
322
607
726
584
641
927
977
787
851
1098
1086
928
961
1136
1081
876
869
980
929
787
704
658
568
439
319
223
142
-10
-232
-398
-417
-545
-808
-931
-958
-1126
-1326
-1367
-1402
-1595
-1720
-1624
-1602
-1732
-1687
-1493
-1484
-1517
-1345
-1115
-1012
-908
-669
-449
-324
-121
111
289
466
634
764
918
1069
1101
1154
1299
1378
1297
1254
1347
1275
1063
1024
1060
894
668
597
517
304
122
89
38
-127
-245
-280
-345
-460
-469
-424
-430
-567
-605
-457
-342
-465
-626
-399
-292
-474
-555
-310
-148
-336
-429
-260
-111
-258
-303
-90
50
-51
-132
60
175
126
106
251
419
372
319
432
638
600
527
670
863
819
717
895
1052
983
892
981
1043
943
856
873
839
706
596
495
379
250
98
-75
-258
-383
-573
-766
-911
-1041
-1199
-1414
-1483
-1562
-1717
-1763
-1680
-1666
-1748
-1667
-1501
-1463
-1403
-1130
-938
-890
-675
-367
-195
-75
159
413
558
680
856
996
1111
1225
1298
1341
1373
1335
1255
1223
1217
1126
969
899
804
553
351
298
164
-82
-214
-242
-362
-534
-587
-617
-730
-756
-711
-708
-659
-660
-623
-510
-359
-418
-455
-187
-6
-95
-186
108
268
99
6
248
439
237
127
304
414
199
69
220
331
201
33
125
198
100
-17
93
252
182
56
129
321
263
162
253
415
379
266
356
501
489
361
382
454
386
281
310
402
324
178
106
110
79
-85
-195
-174
-173
-360
-538
-514
-497
-663
-784
-725
-690
-837
-941
-857
-778
-836
-878
-693
-595
-706
-670
-429
-312
-310
-189
-14
22
34
179
326
382
457
551
580
607
616
607
637
676
599
527
561
515
334
242
257
176
-23
-114
-74
-132
-337
-387
-315
-400
-518
-461
-353
-392
-400
-316
-218
-143
-95
-58
40
228
291
194
318
558
598
404
395
618
556
300
288
476
431
144
49
165
65
-216
-289
-194
-247
-441
-513
-426
-412
-529
-595
-458
-326
-414
-463
-249
-81
-176
-167
90
235
154
182
427
521
494
569
702
739
658
669
758
809
771
719
725
682
553
439
421
374
256
143
19
-73
-176
-271
-366
-487
-553
-650
-772
-798
-785
-861
-928
-893
-850
-882
-886
-737
-677
-686
-582
-448
-365
-311
-190
-72
-15
62
204
280
312
399
425
422
438
424
412
433
405
308
256
272
200
37
-1
-12
-131
-238
-204
-182
-304
-382
-335
-330
-405
-374
-271
-236
-263
-203
-64
-72
-60
98
209
114
115
296
392
325
241
391
448
324
206
253
334
203
30
62
149
-6
-202
-173
-44
-132
-354
-340
-209
-254
-354
-296
-132
-128
-224
-138
49
103
130
251
374
423
438
536
662
725
770
831
872
873
829
832
892
889
799
696
674
602
465
382
372
277
76
-55
-118
-199
-366
-437
-458
-592
-707
-745
-751
-800
-869
-868
-808
-824
-841
-757
-671
-627
-611
-549
-446
-354
-307
-259
-164
-71
-49
-40
46
80
75
106
146
153
91
46
32
-16
-83
-110
-121
-182
-286
-380
-394
-414
-454
-488
-522
-535
-542
-535
-506
-462
-439
-405
-315
-223
-151
-53
89
197
247
357
509
567
519
642
830
868
789
763
854
805
665
618
691
648
414
306
344
267
34
-66
-16
-59
-217
-333
-298
-299
-378
-392
-296
-253
-310
-307
-206
-91
-56
13
179
285
268
305
466
591
604
640
754
817
784
769
813
838
793
728
675
653
589
500
437
376
298
146
21
-28
-78
-208
-299
-307
-352
-478
-569
-564
-593
-643
-665
-651
-684
-745
-733
-723
-762
-767
-733
-737
-756
-740
-713
-712
-705
-671
-669
-669
-636
-595
-596
-574
-549
-536
-529
-478
-431
-435
-388
-332
-278
-276
-226
-160
-107
-50
18
74
89
159
245
297
349
439
521
552
584
648
703
726
787
869
871
847
874
911
844
711
745
821
749
557
473
509
398
184
104
151
66
-155
-276
-226
-274
-438
-502
-455
-472
-574
-587
-506
-472
-502
-436
-304
-235
-236
-172
-34
57
94
204
359
448
457
521
678
779
809
840
924
972
952
935
956
1025
1018
907
824
814
767
644
570
534
415
236
115
56
-74
-263
-395
-504
-633
-811
-927
-995
-1087
-1237
-1357
-1410
-1457
-1520
-1592
-1582
-1567
-1564
-1552
-1510
-1459
-1403
-1298
-1183
-1104
-1001
-837
-687
-570
-417
-253
-111
15
158
310
431
565
682
755
819
902
938
932
955
991
968
908
897
858
755
676
644
599
484
411
389
329
238
180
166
128
66
35
55
73
30
-27
9
66
-25
-111
10
151
57
-115
-5
132
-23
-166
-16
127
-34
-158
-3
103
-66
-158
-2
94
2
-43
77
172
115
82
224
386
372
302
399
582
564
465
569
734
693
565
645
773
697
584
620
672
576
435
390
381
289
171
81
16
-76
-221
-341
-408
-510
-681
-814
-866
-931
-1059
-1155
-1186
-1264
-1361
-1395
-1367
-1367
-1413
-1388
-1331
-1287
-1220
-1122
-1010
-908
-792
-645
-480
-333
-192
-63
67
206
348
478
591
704
786
848
918
991
1033
1017
968
934
933
922
858
764
690
592
428
274
215
169
29
-127
-217
-311
-454
-553
-562
-574
-647
-690
-680
-640
-613
-609
-533
-419
-343
-280
-158
20
131
185
314
521
638
638
695
876
1010
976
953
1080
1128
995
945
1016
994
834
718
736
667
458
339
330
252
71
-69
-95
-142
-291
-386
-387
-401
-519
-641
-609
-559
-618
-665
-593
-535
-583
-612
-518
-415
-416
-405
-312
-227
-213
-206
-150
-91
-39
-24
-26
38
78
30
10
47
40
-21
-23
8
-68
-149
-124
-111
-187
-253
-224
-223
-290
-315
-284
-269
-289
-264
-222
-222
-216
-186
-137
-102
-62
-18
20
75
97
85
104
143
138
128
154
168
128
76
65
67
19
-26
-30
-65
-109
-142
-165
-164
-175
-206
-231
-224
-213
-208
-185
-142
-98
-90
-55
15
81
115
151
209
269
348
415
466
530
598
614
616
652
698
720
705
711
704
649
610
596
588
518
412
349
282
195
123
38
-39
-147
-239
-300
-398
-490
-554
-599
-648
-696
-726
-717
-718
-734
-722
-684
-622
-561
-502
-441
-372
-277
-165
-86
-48
30
150
244
290
356
447
485
477
486
530
547
529
507
482
437
389
341
281
204
146
110
42
-35
-90
-116
-144
-208
-253
-289
-332
-359
-379
-373
-375
-413
-452
-450
-414
-407
-404
-351
-281
-267
-273
-236
-173
-134
-105
-21
53
72
94
122
164
193
191
216
251
252
247
235
246
258
210
162
151
157
130
89
73
64
12
-58
-108
-132
-121
-113
-116
-145
-180
-202
-216
-206
-181
-158
-152
-121
-87
-79
-59
-26
5
35
84
145
168
167
208
268
302
312
339
350
337
329
329
338
325
308
303
275
214
167
161
130
57
-1
-14
-24
-73
-115
-141
-177
-207
-230
-240
-242
-239
-247
-245
-232
-243
-257
-230
-186
-161
-134
-106
-74
-61
-64
-34
12
51
72
104
127
144
155
156
161
175
201
216
220
212
193
166
157
152
133
111
87
64
32
2
-11
-29
-49
-65
-86
-102
-116
-110
-100
-113
-122
-118
-108
-87
-64
-59
-59
-64
-54
-38
-28
-36
-64
-78
-94
-101
-91
-81
-104
-150
-185
-212
-222
-238
-254
-267
-282
-283
-284
-286
-282
-291
-295
-272
-234
-188
-153
-133
-122
-100
-49
-8
27
67
114
154
201
253
290
320
350
390
417
419
425
424
430
427
413
400
376
356
348
317
270
233
199
165
131
99
51
3
-41
-71
-100
-137
-170
-181
-188
-211
-206
-206
-220
-214
-206
-201
-178
-156
-137
-107
-78
-61
-39
-9
14
27
38
63
106
124
134
140
107
80
80
102
120
122
98
71
52
34
43
43
38
19
-7
-25
-35
-33
-31
-34
-35
-51
-66
-61
-56
-57
-55
-52
-45
-43
-38
-25
-13
-13
-24
-44
-56
-64
-76
-85
-95
-104
-116
-138
-153
-162
-181
-202
-204
-206
-202
-204
-218
-220
-228
-244
-238
-217
-193
-187
-186
-162
-136
-109
-93
-67
-32
8
55
88
113
125
145
176
188
204
220
241
244
236
242
245
238
228
194
171
162
150
147
130
114
97
61
29
14
-4
-9
-6
0
2
2
17
37
53
60
76
98
126
160
191
205
227
249
251
240
230
246
269
269
261
243
195
168
139
101
62
17
-12
-68
-123
-163
-208
-253
-289
-323
-355
-383
-403
-414
-400
-387
-374
-356
-350
-328
-304
-258
-203
-161
-125
-86
-46
-8
29
79
128
155
190
211
227
245
253
264
259
242
230
207
185
145
100
54
16
-4
-34
-73
-122
-163
-190
-217
-234
-246
-262
-288
-312
-307
-305
-305
-291
-277
-265
-248
-211
-168
-105
-66
-34
6
30
91
137
166
211
229
233
229
230
246
244
226
214
203
186
164
130
94
65
32
16
4
-21
-42
-73
-100
-116
-113
-97
-84
-75
-68
-42
-5
36
82
116
142
174
223
287
336
366
361
352
358
368
388
393
373
360
326
286
262
229
193
136
72
31
-12
-69
-121
-189
-245
-290
-335
-361
-396
-431
-437
-452
-460
-458
-455
-428
-408
-380
-330
-288
-241
-197
-161
-108
-71
-21
34
78
101
114
125
147
177
188
209
220
201
178
155
145
148
141
127
90
50
11
-24
-47
-77
-112
-138
-158
-172
-197
-231
-267
-291
-292
-275
-258
-264
-268
-259
-242
-217
-195
-177
-138
-88
-53
-22
18
65
106
149
196
228
250
284
325
365
380
377
365
344
322
308
301
280
261
237
202
156
104
78
66
50
24
-3
-29
-66
-110
-133
-137
-140
-139
-143
-144
-144
-134
-117
-91
-70
-52
-40
-20
12
48
76
89
92
99
107
124
143
165
164
141
119
107
111
115
116
122
115
72
47
37
29
25
7
-14
-39
-45
-52
-71
-78
-83
-84
-87
-85
-90
-83
-62
-61
-63
-85
-106
-106
-110
-114
-120
-130
-138
-139
-141
-141
-144
-148
-151
-146
-138
-143
-138
-132
-133
-127
-124
-124
-123
-131
-135
-135
-134
-112
-99
-95
-83
-84
-73
-39
-4
16
30
51
57
69
87
98
121
147
175
188
189
191
195
207
235
260
257
245
228
212
204
200
191
186
166
150
125
97
73
43
29
14
-11
-39
-57
-78
-108
-135
-164
-181
-180
-173
-167
-172
-194
-214
-214
-202
-190
-184
-172
-151
-148
-143
-121
-94
-65
-36
-11
10
31
53
82
100
115
134
144
155
158
164
176
181
206
230
228
217
198
183
175
172
171
162
146
118
82
56
37
19
-9
-46
-73
-92
-106
-118
-137
-146
-159
-175
-167
-163
-166
-162
-167
-168
-157
-139
-119
-97
-82
-71
-61
-51
-50
-43
-29
-15
4
21
30
26
20
15
12
30
57
72
61
47
31
34
47
46
41
34
36
34
31
21
0
7
21
23
30
31
36
39
31
28
28
47
70
78
82
83
73
75
77
73
64
54
61
73
69
52
43
20
-7
-38
-59
-69
-79
-91
-121
-143
-161
-185
-207
-223
-217
-213
-221
-224
-228
-221
-199
-184
-170
-140
-112
-71
-43
-44
-45
-36
7
49
79
96
105
114
138
171
174
171
177
182
196
201
204
208
205
187
159
145
156
168
156
128
98
88
77
68
67
63
57
44
32
24
14
1
0
-14
-41
-57
-68
-55
-42
-65
-89
-110
-123
-117
-109
-98
-92
-88
-91
-97
-93
-79
-71
-64
-50
-31
-15
-5
9
15
19
29
36
44
55
65
57
35
24
29
24
23
21
15
6
-11
-15
-12
-12
2
10
-4
-21
-23
-8
13
24
22
22
30
26
22
19
4
7
7
-3
-16
-36
-32
-24
-40
-43
-50
-61
-68
-58
-58
-63
-55
-69
-94
-110
-117
-107
-88
-69
-62
-63
-61
-53
-47
-50
-37
-21
-14
-3
-6
-4
20
31
22
2
-7
3
24
44
50
51
67
75
72
85
100
106
115
116
119
114
108
111
105
93
100
111
106
101
89
72
64
63
49
28
23
15
14
18
1
-17
-40
-54
-53
-59
-58
-57
-50
-43
-39
-55
-77
-80
-81
-69
-54
-49
-48
-60
-60
-54
-58
-46
-30
-33
-42
-40
-35
-34
-25
-20
-19
-27
-23
-10
-2
22
32
43
48
46
57
75
94
99
97
98
97
104
113
115
118
116
103
94
80
69
67
51
32
12
-4
-14
-25
-31
-46
-71
-104
-139
-154
-144
-131
-145
-170
-186
-203
-213
-201
-184
-173
-159
-157
-160
-146
-128
-106
-84
-65
-47
-22
-9
19
51
72
93
105
115
120
128
140
147
167
187
181
163
159
164
166
179
180
165
143
117
109
102
96
87
64
27
0
-5
-7
-9
-25
-50
-77
-98
-100
-99
-94
-102
-109
-117
-131
-121
-114
-118
-112
-107
-101
-96
-97
-85
-72
-75
-64
-48
-48
-38
-33
-22
-3
8
15
16
18
22
27
23
40
57
67
79
70
63
68
81
104
114
108
105
105
108
109
98
94
84
76
81
78
79
69
35
11
3
-2
-8
-13
-20
-44
-69
-86
-96
-94
-96
-121
-135
-140
-134
-124
-133
-148
-157
-153
-131
-106
-93
-74
-67
-67
-61
-56
-30
13
44
62
67
71
74
88
112
134
144
155
167
167
150
125
115
116
110
104
87
62
49
40
27
9
-10
-10
-18
-37
-49
-60
-71
-80
-93
-93
-76
-70
-74
-78
-87
-87
-83
-72
-49
-38
-41
-34
-30
-13
13
27
35
36
47
56
57
69
76
78
87
88
66
52
54
58
59
65
60
43
25
8
-3
-12
-10
-5
-5
-6
-14
-18
-24
-32
-38
-51
-47
-44
-42
-52
-73
-69
-58
-50
-43
-49
-63
-46
-31
-22
-16
-16
-10
-17
-18
-6
-3
14
29
34
30
28
36
35
30
23
14
15
44
62
55
35
19
8
8
19
16
10
8
-1
-6
-3
-1
-10
-26
-34
-37
-53
-43
-27
-38
-50
-59
-60
-57
-56
-61
-55
-52
-52
-38
-32
-38
-41
-49
-41
-32
-11
6
4
4
6
4
13
39
61
77
76
85
99
91
102
108
98
108
113
109
108
108
115
107
90
73
55
57
65
63
62
42
18
-10
-28
-36
-43
-48
-48
-50
-64
-78
-97
-113
-110
-103
-100
-90
-86
-88
-94
-89
-89
-95
-80
-64
-43
-29
-27
-44
-62
-53
-32
-12
-3
0
-1
-3
2
9
28
47
56
42
26
19
33
65
77
83
77
52
27
23
31
30
33
33
26
10
3
8
8
12
6
-8
-23
-22
-19
-10
-4
-26
-42
-43
-37
-35
-34
-37
-48
-58
-54
-46
-45
-46
-56
-60
-43
-18
-4
4
-2
1
5
19
48
62
62
60
70
94
107
106
102
91
78
76
81
90
102
93
76
68
63
55
41
18
-1
-3
0
0
-14
-41
-61
-70
-79
-62
-48
-53
-60
-72
-66
-63
-62
-56
-59
-48
-40
-36
-28
-14
-8
-11
-3
15
24
28
24
10
12
12
15
21
17
26
25
16
7
-2
2
12
19
16
1
-24
-28
-18
-15
-24
-34
-27
-15
-24
-38
-54
-70
-71
-58
-43
-34
-31
-32
-38
-38
-31
-30
-27
-24
-30
-33
-20
1
8
7
4
6
18
30
50
64
67
68
62
54
58
65
67
68
69
60
57
56
57
59
58
55
55
57
56
50
29
21
25
25
33
30
12
-1
-10
-15
-17
-20
-22
-16
-30
-52
-76
-92
-86
-76
-82
-92
-89
-81
-69
-71
-72
-62
-51
-40
-32
-26
-26
-19
-6
16
22
6
2
13
30
53
67
80
81
71
74
79
93
109
103
96
81
66
63
68
65
41
11
-14
-12
-4
-5
-19
-37
-58
-84
-89
-91
-95
-93
-107
-128
-141
-151
-136
-105
-97
-97
-108
-116
-89
-65
-57
-53
-46
-29
-15
4
6
6
19
40
64
73
88
96
102
109
107
123
139
141
136
117
102
99
110
127
125
98
71
56
53
58
54
41
19
12
7
1
2
-2
-18
-44
-56
-57
-59
-56
-56
-66
-77
-90
-107
-112
-105
-95
-83
-78
-90
-93
-72
-67
-65
-71
-67
-48
-22
0
-4
-6
-9
1
32
51
49
41
48
68
77
75
71
73
69
71
70
75
83
75
64
58
57
50
43
32
25
25
25
25
18
4
-12
-28
-34
-42
-55
-55
-57
-69
-77
-85
-87
-81
-75
-72
-80
-82
-91
-98
-90
-80
-72
-55
-45
-35
-26
-35
-34
-24
-8
15
41
57
57
56
46
40
55
68
86
94
85
98
113
111
95
80
79
77
93
102
103
96
71
50
30
26
33
24
10
-3
-19
-22
-25
-35
-52
-67
-68
-74
-73
-62
-57
-57
-66
-86
-85
-81
-78
-66
-66
-67
-60
-49
-46
-36
-28
-30
-31
-27
-10
6
10
7
-7
0
23
37
43
50
53
42
46
50
41
41
44
47
50
53
51
32
14
13
15
21
32
36
18
5
-5
-20
-24
-18
-20
-12
-4
-7
-15
-19
-20
-27
-24
-19
-12
-13
-26
-45
-52
-54
-42
-24
-12
-16
-23
-30
-30
-18
-7
6
17
19
6
-2
-4
3
11
19
17
17
14
16
22
26
28
17
10
14
22
27
30
29
25
22
16
8
17
24
10
10
4
-1
-1
-5
1
4
4
0
-8
-7
-6
-2
-1
-7
-12
-11
-10
-4
0
-4
-13
-12
-2
10
13
11
8
-4
-10
-12
-19
-21
-13
-12
-12
-13
-18
-19
-18
-6
-3
-5
-6
-16
-22
-6
5
8
5
-5
-5
4
15
8
2
9
16
17
6
3
4
10
23
22
23
22
18
7
5
21
28
26
25
24
24
16
10
15
21
21
10
-5
-18
-23
-28
-26
-26
-34
-33
-35
-33
-24
-25
-31
-31
-31
-24
-26
-32
-29
-24
-21
-36
-47
-29
-3
19
21
7
-15
-25
-9
9
14
18
24
32
39
35
41
33
33
43
45
51
46
42
43
36
34
36
41
35
23
2
-3
0
6
9
5
-7
-16
-17
-11
-18
-30
-35
-33
-36
-35
-19
-27
-46
-54
-51
-45
-34
-29
-36
-49
-50
-31
-20
-12
-10
-11
-5
11
12
6
6
1
11
17
20
26
35
46
43
33
29
32
39
52
50
35
21
24
31
41
42
30
18
10
22
30
26
13
-5
-8
0
-4
-12
-25
-32
-31
-33
-41
-40
-39
-42
-40
-43
-49
-56
-51
-41
-38
-39
-33
-14
-4
-12
-24
-31
-28
-12
-7
-9
-4
6
21
25
22
17
22
38
47
51
47
42
38
36
35
31
33
30
31
35
34
34
28
23
19
-3
-16
-13
-5
2
-13
-32
-40
-40
-43
-39
-24
-9
-2
-17
-37
-34
-16
-5
-11
-27
-36
-30
-26
-17
-6
-3
-2
-1
1
12
8
5
13
18
18
25
25
28
30
22
15
16
33
30
13
3
3
11
26
26
21
22
19
3
-12
-12
-2
5
2
3
-14
-29
-28
-24
-22
-13
-2
5
13
0
-9
-13
-11
-9
-15
-16
-4
0
-8
-11
-13
-10
-11
-6
7
9
3
0
-3
1
12
12
10
7
10
19
33
40
18
-8
-25
-12
3
15
17
0
-2
-12
-12
-6
-14
-11
-5
0
3
13
10
3
-11
-18
-12
-8
2
0
-10
-24
-33
-26
-9
-3
-9
-22
-16
-9
5
21
16
6
-3
-3
4
5
6
1
-3
-5
-13
-19
-6
4
13
9
2
9
17
17
9
5
4
10
23
23
2
-21
-33
-25
1
12
9
2
4
13
12
7
2
2
6
14
10
3
6
5
0
-6
-12
-12
-10
-6
-2
-7
-1
8
8
14
12
6
7
7
11
16
10
2
-20
-28
-20
-15
-16
-22
-16
-10
1
6
6
2
-8
0
-7
-5
8
8
9
7
1
5
8
0
-10
-18
-10
19
29
27
19
-4
-23
-21
-13
-11
-1
11
12
6
3
5
13
11
6
10
2
2
12
10
11
4
-12
-25
-26
-11
-1
-8
-6
-3
-1
13
22
21
6
4
4
8
14
14
4
-14
-23
-19
-24
-30
-25
-10
8
24
20
8
-3
-5
-1
1
13
17
12
5
-10
-17
-16
-12
2
12
9
0
-12
-16
-20
-13
2
4
10
13
3
-4
-3
-7
-2
6
19
15
19
12
-2
-6
-1
9
14
12
-1
-1
11
20
16
6
2
-10
-18
-7
-5
-15
-12
-8
-10
-8
-5
4
-2
-2
-15
-32
-15
8
12
4
-13
-14
1
-1
-4
-1
0
1
1
2
-9
-9
-4
-1
-1
6
21
17
11
3
-5
-6
0
4
5
6
4
-4
-5
4
8
9
5
-6
-20
-18
-3
7
19
18
1
-7
-11
-13
2
12
9
6
6
11
8
4
-1
-13
-10
-6
-1
1
0
3
1
2
-1
1
7
0
6
15
12
16
14
2
-5
7
19
12
7
2
-9
-11
-2
9
11
3
-14
-26
-23
-3
3
10
22
25
12
-7
-17
-14
-1
8
-4
-17
-17
-24
-22
-16
-12
2
2
2
-7
-18
-4
7
8
1
-5
-1
-3
-4
-1
7
6
-5
-7
-9
-4
3
9
15
18
14
12
1
-10
1
3
-3
-10
-9
-11
-4
0
15
22
5
-3
-8
1
10
5
3
-3
-11
-5
-10
-18
-23
-21
-19
-18
-18
-17
-11
-3
10
13
10
14
7
-2
-10
-24
-8
12
17
15
1
-11
-21
-19
-1
6
20
28
15
9
1
7
10
0
13
23
32
43
35
8
-7
4
5
4
-2
4
16
19
27
9
-7
-15
-16
1
-1
4
5
-2
-6
-11
-16
-14
-19
-26
-19
-14
-5
6
13
12
3
-4
-11
-17
-7
9
5
1
2
-8
-21
-19
1
4
-1
0
3
1
5
1
-7
-6
-4
17
37
34
14
-10
-16
-19
-21
-5
6
8
7
1
-12
-5
5
3
6
-7
-11
0
8
19
17
10
6
-7
-19
-19
-11
14
32
17
3
-6
-7
0
-5
2
6
2
4
-6
-5
-4
-15
-4
5
5
11
3
2
18
18
7
-8
-14
-12
-9
-1
1
-2
-6
-12
-11
-20
-29
-15
4
12
19
18
5
-4
-4
-6
-10
-8
-3
1
-12
-30
-15
2
1
15
15
11
5
-14
-17
-7
4
21
32
21
3
-8
-15
-13
-3
-3
1
12
12
0
-12
-7
-3
-4
6
23
24
25
17
3
-18
-29
-27
-13
15
22
12
-1
-9
-18
-27
-14
4
14
22
11
-8
-12
-6
3
-2
-10
0
13
16
2
-17
-14
-5
0
3
2
7
15
19
13
0
-5
-5
-2
3
2
2
-8
-16
-4
5
13
20
15
1
-9
-12
-8
-3
2
5
6
12
21
15
1
1
-11
-17
-14
4
12
-1
-7
-9
-4
1
1
16
14
3
-1
-11
-7
3
9
5
-6
-2
6
10
12
1
-7
-4
3
2
-3
-16
-26
-19
-2
14
6
-6
-16
-12
-7
-11
-2
8
26
23
11
0
-3
-2
-5
-6
5
6
-1
-9
-19
-20
-25
-16
-1
13
20
15
11
7
1
-2
-4
1
9
11
0
-17
-20
-5
10
18
15
5
-6
-15
-11
5
5
-1
0
-2
13
15
6
-3
-11
-11
-4
4
7
9
8
-5
-14
-7
-5
4
5
-3
-11
-7
4
12
9
2
-9
-13
-2
-4
2
11
6
-3
0
6
14
6
-2
1
1
5
15
7
-6
-8
-24
-23
-10
-1
12
14
7
4
-3
-7
-15
-8
12
11
13
-6
-21
-6
1
9
14
-1
-5
-8
-17
-13
-9
-7
10
16
10
13
1
2
7
-10
-9
-1
3
15
18
20
8
-18
-23
-11
6
20
12
-4
-10
-11
2
13
17
21
9
-4
-14
-15
-12
-1
14
15
6
7
8
10
5
-10
-17
0
17
19
7
-8
-8
-11
2
14
14
16
-1
-19
-25
-19
0
10
-3
-14
-18
-21
-8
5
12
13
0
-16
-22
-8
1
10
12
0
-2
-12
-14
-8
-5
7
21
19
14
7
-8
-14
-5
4
11
4
-8
-12
-2
7
2
2
-4
-3
-6
-2
5
-2
11
11
-3
-2
7
23
34
16
-12
-38
-40
-17
2
5
-2
-5
-2
0
3
8
0
-19
-27
-18
0
16
17
2
-8
-13
-1
10
7
-1
-10
-12
0
10
10
6
-3
-4
-1
1
4
7
4
4
-7
-17
-12
3
15
15
14
20
14
8
7
3
8
10
11
8
5
2
-16
-30
-25
-19
-14
-5
4
3
5
7
1
11
19
13
6
5
1
1
-7
-12
-10
-14
-5
5
10
15
11
-2
-6
-2
9
13
5
0
2
7
8
5
-3
-14
-26
-26
-15
1
15
9
-1
-8
-10
1
19
22
10
5
0
1
-6
-16
-16
-15
3
12
11
3
-12
-17
-8
9
20
21
23
13
-7
-21
-24
-10
3
14
6
-3
-13
-11
-11
-17
0
5
8
2
-9
-5
6
7
12
13
13
9
1
-7
-26
-28
-13
3
12
6
-3
-9
-8
-6
1
7
-3
-5
0
4
9
18
20
18
9
7
-1
-8
-3
-5
8
9
-8
-11
-18
-17
-6
5
17
13
9
8
-2
-9
-10
-3
2
0
0
-3
-7
-2
1
5
10
1
-5
-14
-12
2
8
8
-1
-17
-19
-9
-7
-4
-8
-4
-1
1
13
12
14
8
-1
-9
-15
-12
-8
3
9
2
-6
-8
1
14
23
24
24
14
12
15
11
5
3
4
11
11
2
-3
-10
-3
-12
-12
2
1
11
18
12
-1
-18
-27
-23
0
24
34
20
2
-20
-32
-22
-8
6
3
-6
-4
-15
-10
6
11
20
14
1
-5
-13
-15
-9
-3
0
-2
-4
0
2
3
1
1
0
0
-5
-4
9
4
9
16
6
6
1
-17
-16
-4
10
19
10
-3
-18
-34
-13
14
24
14
-5
-7
3
19
26
17
4
-7
-16
-9
-1
2
3
-3
-3
-6
-8
-7
-7
0
4
-6
-10
-8
-20
-19
-5
5
16
10
1
-11
-18
-2
0
1
-1
-10
-16
-5
9
12
6
5
4
-5
-7
1
0
-2
-3
-2
3
7
15
25
9
-11
-19
-14
5
10
7
-1
-14
-10
-8
-3
11
23
29
19
2
-8
-4
6
19
18
15
6
-4
-3
-8
-11
-6
1
-2
-9
-16
-6
1
-2
-10
-20
-14
-2
6
8
9
12
8
0
1
-6
-12
2
6
1
-6
-19
-13
5
17
27
25
24
24
10
-6
-14
-3
5
12
3
-16
-16
-2
11
11
6
-10
-12
-3
7
26
32
16
-4
-15
-20
-14
6
15
10
-1
-8
-13
-9
-5
-1
2
4
10
1
-5
1
3
-4
-12
-15
-13
-6
-1
-1
-10
-19
-20
-11
-2
3
7
21
18
9
-13
-28
-17
-2
13
13
1
2
-1
-2
13
16
16
7
-12
-18
-15
-7
5
11
8
-3
-4
-2
0
4
4
9
15
19
13
-4
-13
-20
-17
-9
4
5
-5
-10
-17
-17
-6
0
-9
-11
-11
-4
-2
-4
6
9
7
-8
-14
-6
13
18
7
-8
-8
12
17
13
-5
-22
-14
-10
-5
-6
-5
7
7
10
6
-2
0
9
30
33
24
22
15
2
-9
-24
-28
-3
11
3
-2
-15
-23
-19
-2
21
37
35
20
14
14
9
4
5
3
-14
-20
-17
-7
0
-5
-7
-8
-6
0
-6
-1
13
25
29
25
14
1
-11
-27
-16
6
21
12
-8
-17
-22
-5
20
26
24
9
-7
-12
-16
5
24
27
24
-1
-20
-24
-29
-24
-14
-15
-3
4
7
11
1
-8
-4
0
9
12
0
-16
-33
-33
-20
-6
2
8
10
3
-1
-1
-3
0
6
9
8
16
8
0
-7
-13
-10
-2
-2
-7
2
6
2
-5
-12
-12
-10
-10
-7
-11
-3
5
3
6
10
-3
-2
6
7
0
-10
-11
-7
0
2
2
7
4
2
2
0
8
0
-11
-12
-7
6
7
4
-7
-11
-1
1
12
11
8
11
12
12
4
6
12
13
9
5
-5
-6
-3
-9
-14
-14
-16
1
17
20
24
17
17
7
-10
-6
-1
4
0
-14
-24
-33
-23
-15
-20
-2
11
27
36
32
20
5
2
1
2
5
7
5
5
1
-1
-1
-10
-14
-16
-7
3
8
13
7
-3
-1
3
-1
-1
1
6
9
1
0
-12
-25
-15
-11
-2
12
23
32
22
-2
-13
-12
-5
9
13
12
6
-11
-14
-15
-19
-5
-8
-20
-21
-13
1
11
19
20
6
-1
2
2
-10
-17
-16
-11
-4
0
0
0
2
5
2
2
4
4
-1
-1
-1
2
8
8
-1
-5
-2
1
2
-2
-4
-12
-24
-25
-7
11
25
25
14
5
-5
-3
2
6
5
-4
-11
-18
-15
-9
-7
11
13
1
-12
-13
2
9
6
2
7
6
10
8
-10
-9
3
12
16
-7
-19
-17
-14
4
13
17
10
-2
-10
-10
10
25
19
6
-11
-15
-5
9
8
6
7
6
13
13
4
8
0
-1
4
3
14
8
16
14
2
-6
-14
-16
-8
-2
5
8
-4
-10
-14
-11
-6
5
20
18
16
3
1
4
5
-2
-17
-25
-36
-37
-18
-7
-4
2
3
0
4
2
-7
-7
0
18
25
28
30
9
-9
-20
-34
-24
-2
21
29
8
-11
-20
-17
-2
7
7
-1
-9
-6
0
0
9
11
3
-13
-20
-8
12
20
11
9
-6
-7
-8
-9
8
15
13
7
-7
-19
-16
-11
-10
-13
-14
0
5
6
9
-1
-9
0
11
30
27
5
-13
-20
-10
-3
-1
4
7
5
-3
-10
-7
-3
0
-10
-14
1
8
14
4
-8
-7
-1
9
7
5
0
-4
-3
-1
4
-8
-23
-24
-16
-6
5
18
10
-8
-10
-17
-3
21
19
13
9
8
-3
-14
-7
-1
3
21
18
-1
-7
5
15
11
7
-6
-7
-3
4
10
6
9
12
2
-10
-23
-21
-7
13
18
5
8
6
7
1
-4
0
-4
-4
1
1
1
-5
-17
-16
-8
0
13
15
14
4
-3
-2
7
13
14
16
2
-11
-15
-14
-13
-5
4
4
0
3
4
1
-6
-7
7
11
2
-7
-16
-20
-12
5
22
24
18
3
-12
-15
-7
3
11
5
-4
-8
-11
-4
10
8
5
1
-5
-11
-15
-7
9
27
32
19
-4
-13
-7
-1
-1
-5
3
10
2
-14
-23
-12
1
7
9
2
3
-1
-5
-5
9
18
16
11
-7
-11
-10
-11
2
14
6
-4
-9
-9
-6
-8
-6
-13
-11
8
11
3
0
-5
0
14
20
11
-1
2
-5
-22
-21
-7
4
-4
-23
-37
-18
11
28
27
18
-1
-17
-13
-1
5
7
12
2
-17
-24
-11
12
21
16
0
-19
-19
-13
-6
3
16
29
22
1
-9
-2
8
17
17
4
-11
-19
-17
-6
-2
16
34
20
-1
-4
0
2
7
15
3
-11
-18
-10
0
6
5
-7
-11
-26
-11
2
8
12
6
2
-5
-1
5
0
3
-4
-7
3
1
10
7
-2
-12
-13
-3
3
-1
-9
-4
0
3
7
5
3
4
9
5
2
9
1
-2
-7
-27
-27
-5
9
13
10
2
-3
-2
-4
-11
-9
-3
-6
-3
-1
8
13
0
1
-2
-2
12
17
9
1
-5
-7
-7
-9
-7
5
10
9
5
-1
-4
-6
-8
0
9
10
2
-3
5
22
22
2
-24
-33
-17
3
6
2
1
-7
-21
-19
-4
8
14
18
12
-7
-12
-1
18
27
17
3
-6
-10
-6
4
11
12
0
-9
-3
1
-1
-2
5
15
15
12
11
9
7
-2
-9
-8
-3
2
-5
-22
-27
-17
-7
-1
-3
-8
-6
2
11
23
26
19
2
-20
-24
-21
-9
2
-1
-2
-7
-3
2
1
-1
1
10
15
13
5
1
4
1
-1
-3
-3
-2
-2
-1
-4
-12
-5
8
8
4
-5
-6
-5
1
5
4
0
0
1
-8
-12
-7
-6
-8
-6
0
8
23
19
2
-10
-11
-4
8
14
4
3
16
12
-2
-7
-15
-13
-3
7
16
11
6
4
1
6
14
18
24
13
-1
-8
-6
-3
-8
-4
5
15
24
12
-2
-10
-15
-8
-20
-25
-19
-11
3
16
12
-9
-28
-31
-25
-14
5
10
14
7
-8
-8
0
10
24
28
16
-2
-12
-10
-1
6
2
1
-4
-3
-3
-9
-11
-4
4
17
21
14
11
3
5
7
10
10
11
18
14
-1
-11
-14
-8
-3
-1
-3
-20
-34
-30
-18
-5
13
24
28
17
-6
-16
-16
-7
-1
-2
-8
-7
5
8
-6
-20
-18
-5
10
8
2
-9
-8
-5
-3
10
30
27
4
-15
-14
6
14
7
-5
-18
-24
-14
2
15
14
7
-1
-6
-10
-17
-7
1
4
2
10
19
18
7
-11
-21
-17
1
17
24
20
10
4
-4
-8
-9
-2
3
10
7
11
7
-5
-7
-6
4
17
22
15
0
-25
-31
-15
3
20
17
12
10
6
4
-9
-13
-12
-5
5
4
4
-1
-2
-4
-4
-2
1
6
1
-4
-15
-19
-8
3
-2
-9
-15
-17
-4
9
25
14
-9
-18
-19
-4
14
11
7
-7
-17
-11
-8
1
-2
5
12
11
13
5
5
12
17
22
22
26
8
-15
-22
-16
-3
1
3
-3
-9
-8
-12
-13
-5
-1
1
1
2
9
25
34
22
-14
-24
-5
3
-1
0
-1
-13
-17
-12
-5
0
2
4
5
8
3
-7
-8
-2
2
2
2
-5
-3
-1
-10
-4
0
4
5
-4
-7
-17
-6
11
10
17
10
1
12
9
4
11
17
12
0
-7
-13
-18
-16
-9
-5
-1
1
3
-3
-5
-7
-14
-11
2
11
19
24
7
-1
-7
-4
5
10
18
14
10
5
-14
-26
-21
-8
9
32
29
7
7
1
0
-6
-18
-17
-5
13
18
8
-6
-8
3
8
7
4
1
6
3
2
6
4
-6
-27
-21
-4
-11
2
9
10
8
-2
1
-9
-15
-15
3
26
34
21
-4
-15
-27
-20
-11
-15
-7
-3
0
6
7
4
-2
-4
-2
-1
1
10
10
-1
-13
-13
-4
1
3
-3
-16
-16
-12
-2
16
27
28
14
-11
-15
-11
0
8
0
-10
-17
-6
7
8
9
4
-6
-12
-12
1
13
7
-1
-15
-17
-8
11
32
38
29
14
-11
-23
-16
-5
8
9
5
-3
-7
0
13
21
16
3
-14
-20
-17
-15
-4
8
5
0
-1
-11
-13
-1
-2
-10
-6
-1
-2
5
7
7
3
-2
0
1
6
8
-4
-22
-21
-7
-2
0
5
0
-6
4
6
3
4
5
1
1
-9
-5
11
17
17
3
-7
-12
-9
0
16
14
7
2
4
5
10
13
0
-8
-17
-8
4
8
9
5
-5
-6
-2
3
9
6
0
-4
-12
-21
-12
-4
-3
3
4
9
1
-11
-14
-6
10
14
10
1
4
9
3
9
12
8
5
6
3
2
5
7
0
2
8
0
-11
-15
-18
-13
-2
5
7
11
15
9
-1
-6
-11
-7
8
15
10
-1
-11
-18
-16
-7
-3
-4
-1
-2
-12
-11
-10
-2
11
19
22
20
9
0
-12
-23
-25
-17
-1
11
17
11
6
-7
-5
5
2
1
-1
5
11
14
11
3
-1
-4
-12
-9
-1
-2
-8
-13
-13
0
4
0
-4
-9
-10
-5
-9
-12
3
11
1
0
2
3
12
4
-1
-5
-15
-10
-5
-9
-1
3
7
17
14
13
7
-4
3
5
5
2
-8
-14
-17
-7
10
7
5
-1
0
8
2
7
16
15
11
5
-7
2
-3
-3
6
2
-3
-12
-11
-5
-5
-16
-6
18
28
31
19
14
12
4
1
-5
-12
-10
-6
1
-1
-9
-5
0
0
-4
-2
11
18
11
1
-11
-11
-12
-3
4
-1
0
1
8
12
4
1
7
2
-13
-16
-18
-9
5
7
1
-10
-15
-7
-2
6
-4
-19
-3
8
12
13
6
-5
-3
0
3
10
2
-5
-10
-10
1
1
-7
-4
-6
-12
-8
2
7
0
-1
5
0
-2
2
4
6
2
-5
-4
-5
4
2
-12
-12
-14
2
17
15
3
-13
-15
2
4
3
20
12
-3
-6
-8
2
9
6
-7
-24
-21
-8
7
18
16
0
-7
-2
9
12
10
9
-6
-14
-10
-16
-10
3
9
3
1
7
1
5
11
9
13
9
7
-6
-17
-12
-1
7
-1
-14
-11
-1
2
2
-1
2
0
-6
-4
-7
-5
13
20
9
8
20
20
13
5
-8
-19
-14
-1
5
5
2
-5
-13
-13
-2
9
11
1
-6
-1
10
10
12
11
20
26
7
-4
-26
-25
-8
0
11
6
2
4
-16
-30
-22
1
21
27
22
14
8
4
2
-9
-12
-5
-5
-8
-13
-14
-6
-1
12
12
-3
-2
6
6
-8
-25
-24
-11
-1
6
12
10
4
-2
-4
1
18
17
2
-2
0
-1
2
3
1
2
-3
-3
5
4
0
0
2
4
1
-4
-12
-15
-5
4
5
5
5
-6
-19
-23
-12
-1
8
13
4
-5
-3
-7
8
11
-1
-7
-15
-10
-10
-9
12
24
19
4
-23
-34
-24
-8
17
30
24
6
-9
-13
-17
-9
-6
-3
15
26
24
0
-13
-23
-14
13
12
12
2
-9
-8
-15
-13
2
19
20
8
-5
-13
-13
-9
5
13
12
8
1
-6
-4
-1
1
5
8
8
8
8
9
8
2
3
0
-5
-7
-6
12
11
2
15
19
2
-3
-12
-3
8
15
23
0
-11
-9
-20
-3
5
10
20
13
1
-4
-5
-4
-1
-11
-7
-7
-1
6
-5
5
17
5
2
-7
1
11
3
9
-1
-13
-2
11
18
7
-26
-37
-22
-8
9
16
4
-18
-44
-37
-12
5
25
18
-7
-19
-15
-7
6
8
2
-5
-9
1
6
10
15
-5
-17
-17
-7
5
-3
-6
1
3
16
18
6
8
-1
-2
6
3
1
1
-1
-3
-6
9
15
0
-6
-12
-8
-8
1
18
9
3
-3
-3
4
-5
-1
-2
-7
9
9
0
-2
-9
-13
-6
2
9
4
-2
-1
-16
-22
-8
3
11
16
9
-2
-10
-9
3
7
1
-5
-7
-1
3
5
4
0
-5
-2
5
12
12
1
-4
-11
-11
0
18
31
24
2
1
-1
-8
-2
-4
2
16
13
8
-3
-11
-13
-8
2
13
12
5
-3
-20
-25
-8
13
25
35
22
-7
-18
-19
-5
13
14
9
2
11
16
6
-3
-12
-13
-6
-6
-3
0
1
6
1
0
-7
-11
8
10
0
-6
-9
-1
-4
-8
-3
1
1
4
-2
-9
-2
4
9
4
-2
-10
-21
-13
-13
-9
3
9
2
-13
-19
-7
-1
7
20
11
5
0
5
4
1
-1
-9
-2
7
5
-3
-12
-17
-12
6
20
27
21
3
-3
-5
3
18
22
8
-11
-24
-17
2
10
7
5
-2
-7
-9
-8
-6
-1
6
1
-4
1
5
-7
-15
-19
-19
-4
11
16
21
10
-9
-18
-14
-6
2
10
4
6
-2
-7
-3
-12
-12
-16
-7
19
44
34
2
-17
-29
-18
5
22
36
28
14
1
-16
-26
-17
-9
-9
1
15
30
21
0
-19
-25
-8
3
13
11
-3
-7
-6
5
9
15
19
9
4
-9
-13
-12
-7
2
6
9
7
-1
-11
-5
-1
-15
3
23
18
10
