SAMPLES:	12303
BITSPERSAMPLE:	16
CHANNELS:	1
SAMPLERATE:	16000
NORMALIZED:	FALSE
8
3
-4
-12
-11
-11
-6
11
21
20
0
-15
-9
7
19
16
7
-5
-7
-5
-2
1
-3
1
7
9
-1
-20
-15
-2
-1
1
5
15
17
-5
-21
-22
-6
18
19
7
-8
-3
6
6
4
0
-4
8
15
9
2
-9
-11
-6
-6
-9
-4
7
6
-1
-11
-22
-12
13
21
16
6
0
0
6
9
2
7
7
3
-7
-12
0
-4
-6
-2
-1
4
3
-5
-13
-19
0
25
26
12
-6
-20
-15
0
5
8
3
4
2
-9
-12
-12
-3
0
-3
0
1
14
8
-6
-4
-1
1
4
2
8
15
11
8
2
0
16
16
-1
4
5
2
2
-10
-21
-23
-5
11
11
10
5
1
8
8
0
-1
-2
-5
2
5
-4
-11
-17
-25
-29
-22
-8
11
13
-1
-20
-30
-14
16
30
21
8
-3
-2
4
10
5
-3
-11
-15
-14
-7
11
13
4
-16
-31
-13
8
17
17
3
1
4
-5
-1
3
-5
-12
-5
-4
-5
0
-1
3
3
-4
-11
-8
8
13
11
7
0
-5
1
7
0
-5
-3
-7
2
12
5
-4
-6
-3
-3
9
17
10
3
1
1
1
-5
-10
-11
-5
9
12
5
0
-14
-17
1
-1
6
17
3
-13
-10
6
26
21
4
2
-13
-21
-8
15
33
22
8
-18
-20
3
11
6
0
-3
-3
1
4
8
19
16
6
-6
-14
-11
0
14
10
4
-16
-23
-16
-6
3
8
6
3
-3
-9
-11
-10
6
30
32
13
5
-2
3
9
6
-4
-12
-18
-27
-23
-18
-21
-18
-7
7
15
12
10
3
-12
-14
0
16
37
33
13
-7
-27
-24
-14
3
13
9
2
-7
-11
-14
-18
-10
1
3
13
13
11
2
-3
-7
-10
-1
8
7
1
3
0
-9
-6
-5
-6
-6
-7
-1
5
15
11
-3
-11
-13
-10
-4
22
29
10
-5
-15
-7
-4
-8
-15
-16
-3
0
3
-7
-14
-14
1
22
19
11
1
-13
-6
11
27
24
8
-7
-16
-6
4
20
27
14
1
-6
-3
-2
-6
-10
-13
-4
6
13
12
14
10
-12
-22
-23
-4
20
26
6
-10
-20
-15
-5
0
8
11
7
-2
-6
-2
7
4
3
2
-12
-6
2
11
11
-6
-10
-5
2
18
17
7
3
0
5
-9
-23
-22
-11
8
14
10
-2
-4
-1
-3
-3
8
21
22
15
3
-10
-9
1
2
0
2
10
10
0
-13
-12
4
4
5
16
2
-16
-22
-17
-12
-2
0
-8
-14
-21
-13
11
25
25
18
2
-2
-8
-11
5
15
3
-8
-9
-5
0
-2
-15
-25
-16
-1
10
9
10
17
11
-4
-5
-10
-7
-6
-18
-19
-20
-11
11
14
7
6
-4
-4
4
4
9
9
3
-7
-11
-7
-2
-2
-7
-8
1
5
4
3
-1
-11
-9
-2
11
20
21
27
25
13
-6
-16
-14
-4
-1
-3
-4
-2
9
10
15
9
1
-5
-8
2
8
3
-2
0
-2
-8
-15
-24
-21
-13
3
10
20
24
11
-2
-4
13
20
9
-4
-1
3
13
14
-3
-7
-17
-22
-19
-15
1
9
7
12
10
0
2
2
-2
-8
-11
0
23
28
2
-18
-17
-1
9
-1
-11
-6
2
22
25
13
-3
-16
-15
-12
-6
0
11
13
9
-11
-26
-17
2
16
20
18
9
6
12
14
-1
-14
-10
-9
-2
-5
-16
-14
0
9
3
-7
-11
-20
-17
-1
8
8
7
4
9
12
9
13
8
1
-3
-14
-16
-7
5
2
-9
-10
-1
5
6
3
-4
-4
0
8
13
0
-12
-10
5
10
15
20
12
-3
-15
-19
-15
6
15
3
-13
-15
-10
-13
-14
-5
5
9
10
0
-1
-1
-8
-10
-8
1
10
13
9
0
-9
0
15
6
-7
-19
-25
-14
-6
2
6
0
1
3
5
13
16
6
5
-3
-12
-9
-3
12
12
-1
-8
-16
-8
0
0
3
9
13
12
6
0
-1
-4
-8
-9
0
19
29
20
-1
-15
-9
-5
1
1
-6
-2
-3
-7
0
1
3
2
0
4
15
30
27
7
-11
-17
-13
-4
3
11
15
9
4
-9
-17
-18
-13
-4
9
23
22
12
-7
-28
-30
-13
13
36
28
5
-19
-31
-33
-28
-11
4
12
11
5
4
4
-1
-1
-1
-14
-21
-4
24
24
7
-6
-14
-5
0
1
-6
-8
6
18
17
17
-2
-27
-31
-22
-6
6
25
29
17
-10
-30
-33
-19
5
17
22
22
21
10
-2
-6
-10
3
25
35
21
0
-18
-39
-26
-5
-7
-14
-9
0
12
4
-1
-7
-15
-8
3
20
28
26
16
1
-15
-15
3
18
15
-2
-11
-9
-12
-12
-16
-18
-17
-3
13
13
10
4
5
-6
-14
-5
4
24
30
6
-16
-29
-31
-7
14
24
26
8
-16
-29
-29
-18
-3
10
12
4
3
10
11
9
6
1
12
11
1
-3
-8
2
16
9
-1
-11
-21
-9
6
22
22
2
-12
-8
-4
9
16
10
5
-5
-11
-2
7
15
5
-4
3
9
10
5
9
-4
-18
-20
-10
-1
-2
0
4
7
3
-7
-20
-21
0
9
9
2
-13
-8
-7
-5
10
17
18
11
-2
-7
-6
2
12
8
4
-5
7
13
3
-1
-10
-4
-8
-6
-9
-8
0
-1
-8
-14
-3
10
19
17
-3
-19
-25
-14
2
13
20
4
-8
-15
-11
-4
-2
6
11
6
0
-1
-2
0
6
2
2
0
0
-6
-14
-10
-4
-1
4
0
-6
-3
-2
-9
-8
1
11
4
-4
1
5
8
5
2
2
0
0
4
-3
-3
-8
-16
-13
-4
12
19
17
5
-5
1
-2
6
15
12
0
-10
-9
-6
-4
-9
-4
10
16
13
1
-3
-8
-14
-1
-2
-1
5
15
19
3
-1
1
1
-7
-9
-11
-8
0
11
20
10
6
-5
-14
-2
-2
-2
-10
-12
-2
2
6
-3
-4
-2
1
11
28
19
6
-10
-23
-12
-3
7
10
-5
-8
-11
-17
-10
5
20
22
11
8
7
-1
-5
-11
-14
3
10
10
18
19
1
-11
-18
-9
13
21
14
1
-5
-15
-17
-12
-6
-2
14
23
15
4
-1
1
-2
-4
-4
-6
6
13
9
-6
-24
-25
-20
-10
-1
7
10
6
2
4
2
1
7
5
-3
-3
-2
3
-2
-13
-13
-26
-15
0
-1
4
-1
1
15
15
4
-1
-3
6
10
13
9
1
-2
-15
-12
1
4
4
12
17
15
6
-13
-22
-19
-9
7
6
2
-4
-18
-20
-12
-6
5
13
11
1
-7
-7
-7
0
8
-3
10
25
13
6
0
4
3
-1
1
6
17
15
-1
-12
-12
-7
2
-1
-7
-12
-10
1
9
8
3
1
8
11
1
-6
0
3
-1
-3
-9
-7
-3
2
-4
-11
-9
-9
-6
2
15
20
14
-1
-16
-16
-2
16
17
12
3
-3
6
10
3
-2
-10
-8
10
5
1
0
-1
2
-4
0
1
0
8
19
23
17
3
-3
-6
-16
-10
-7
-8
-2
-7
0
6
2
1
-8
-10
-2
3
4
0
-9
-26
-28
-14
-1
10
16
6
-6
-16
-16
-9
-3
2
0
-6
0
-2
-5
7
12
8
-1
-12
-10
4
15
2
-19
-16
1
11
8
9
-2
-7
-5
-7
0
7
15
15
0
-7
-9
4
28
23
11
8
10
3
-11
-17
-18
-9
7
7
0
-2
-4
-15
-18
-5
4
15
19
14
4
0
1
1
-1
-4
-4
-3
-11
-3
0
1
8
5
14
15
1
-11
-16
-7
3
8
1
-6
2
8
0
-14
-19
-18
-15
-10
3
10
13
20
14
7
1
-1
10
20
19
0
-14
-10
2
7
4
1
-2
-2
3
8
1
-12
-19
-23
-10
16
24
26
14
-2
3
5
15
12
3
-5
-27
-21
-6
-1
5
2
-11
-22
-17
-5
3
10
15
19
9
6
4
-9
-5
7
11
3
-9
-15
-15
-6
5
-2
-13
-13
-11
-9
-6
-12
-7
-2
0
-2
-4
0
4
15
19
8
3
7
2
-2
-5
-5
-8
-11
-3
-6
14
27
24
14
-5
-9
-2
8
11
1
-9
-9
-2
3
8
7
14
9
-5
0
3
14
10
-3
-11
-19
-15
-6
-6
-8
-12
-11
0
5
8
1
-12
-12
-10
-12
-4
13
17
9
-6
-17
-8
6
18
17
4
3
3
6
9
2
-4
-7
-5
2
1
2
17
-2
-18
-16
-18
-4
13
21
21
13
12
13
-4
-13
-14
-21
-4
-4
-11
-13
-17
-5
2
-4
9
12
7
12
0
1
3
0
5
4
7
2
-4
-11
-15
-16
-2
10
13
10
-6
-14
-13
-1
10
10
14
11
0
-7
3
10
15
16
5
-7
-10
-3
11
17
9
-2
-13
-5
-6
-12
-13
-16
-7
2
9
12
1
-10
-14
-10
5
21
31
19
-7
-29
-32
-22
-6
8
9
-1
-2
9
23
22
8
2
-2
-1
12
25
26
9
-4
-16
-17
-8
0
1
-1
3
0
-4
2
8
5
0
-5
-7
-3
-11
-20
-11
-3
12
23
29
22
2
-21
-24
-10
5
19
10
-7
-17
-17
-9
-3
-4
-2
-11
-20
-13
-5
9
16
-2
-7
-1
8
12
-1
-13
-7
3
5
8
6
4
-9
-22
-12
-3
19
24
8
-2
-8
-4
4
6
2
-1
-8
1
7
0
-9
-13
-1
6
8
6
5
6
7
-6
-11
-10
-14
-2
12
10
5
10
4
-7
-13
-9
0
5
14
14
4
-11
-20
-14
-9
-3
8
1
-4
-15
-14
-2
8
7
0
5
3
-3
-8
-10
-5
7
17
25
29
17
7
-6
-22
-12
14
32
38
18
-6
-17
-17
-5
3
4
5
7
7
-2
7
13
18
14
-4
4
14
11
3
-5
-2
-4
-20
-8
1
-11
-14
-12
-17
-7
3
7
5
4
12
1
-5
1
-1
1
12
14
0
-14
-21
-11
-6
-1
3
-2
-4
-15
-20
-15
-4
4
9
14
4
-8
-10
2
21
15
-3
-14
-27
-22
9
32
26
16
-1
-17
-17
-15
-6
-3
-3
2
6
8
-1
-8
-5
3
2
6
5
-5
-2
-4
5
15
10
-2
-16
-20
-11
1
0
10
13
4
-3
-11
-13
-5
3
2
4
-6
-12
-9
-15
-15
-7
10
24
20
9
2
-12
-30
-20
0
4
23
27
0
-17
-20
-5
15
17
24
23
1
-6
3
13
22
22
24
13
-11
-10
-14
-18
-1
3
-10
-7
4
3
-9
2
-10
-18
-4
-6
7
10
-2
9
9
-5
-2
3
-2
19
14
6
32
23
20
26
13
13
8
21
12
-4
32
31
15
22
-7
26
5
-100
55
123
-219
-151
210
-63
-281
137
13
-287
72
69
-139
-129
142
114
-241
-31
195
10
-159
132
223
-175
33
264
-85
-47
196
56
-101
94
103
-90
22
71
-19
-25
45
42
-62
-37
41
-136
-140
42
-24
-166
-88
92
-175
-140
108
-90
-113
6
62
-25
-67
117
39
-76
29
109
51
-43
86
89
23
85
40
53
129
51
-25
85
90
-28
-17
74
81
-46
-42
-13
-42
0
-198
-172
142
-142
-246
76
-7
-252
-62
87
-145
-45
42
47
26
-94
119
123
-56
41
128
110
-12
54
59
99
62
-19
161
79
-33
-16
80
9
-53
45
-52
39
-1
-132
57
-61
-94
-20
-28
-37
-177
12
18
-219
-9
121
-119
-125
90
-5
-106
148
-35
52
63
-24
131
-14
94
-1
109
53
49
59
75
137
-143
132
157
-88
-8
105
117
-97
-130
-53
210
-92
-451
226
108
-341
-44
1
15
-145
-160
166
14
-313
115
215
-282
4
246
-93
5
98
-14
115
-90
-13
263
-23
0
103
-28
106
-29
2
59
0
10
-115
117
-212
32
73
-92
11
-164
152
-169
-2
100
-167
8
23
95
-200
-39
154
-129
105
-211
151
-16
-174
33
-198
231
-141
-184
119
145
-80
-196
388
-8
-357
436
138
-176
81
251
107
-219
246
-85
116
-14
-207
316
-248
-48
120
-265
-73
126
-56
-243
126
-76
-166
180
-109
-2
-82
-49
228
-170
-103
226
-25
-55
-81
194
31
-131
155
66
1
-35
153
70
-26
2
-43
215
43
-93
-121
79
245
-233
-108
160
162
-198
-151
277
-66
-148
-106
115
89
-331
1
255
-86
-411
287
238
-446
77
140
-23
4
-15
111
-68
-89
136
225
-107
-95
191
-35
65
70
-47
24
10
40
134
-3
-107
-54
-64
278
-12
-400
66
238
-103
-192
16
105
-95
-171
87
133
-146
-105
20
-21
149
-145
2
112
-109
16
182
142
-347
42
270
-43
-84
18
60
-162
167
83
-318
142
65
-73
14
-42
62
-156
62
121
12
-102
-41
118
-194
86
156
-219
-67
138
32
-240
109
30
-205
91
73
-146
-26
189
-105
-138
230
39
-246
-6
231
-27
-214
182
139
-155
-53
156
5
-45
42
39
95
-33
-137
136
213
-226
-158
303
80
-311
28
88
-12
-123
-200
255
3
-399
218
113
-156
-13
6
77
-55
84
-99
16
277
-266
121
242
-223
-17
172
53
-187
76
129
-31
-57
-25
207
-21
-115
32
-84
127
25
-231
108
45
-107
-2
-29
-30
-19
-67
142
63
-370
259
74
-281
126
93
-54
-34
90
-72
62
58
-73
59
-13
179
-7
-178
70
172
42
-200
106
-25
0
143
-95
-172
37
172
-64
-7
-83
-150
73
127
-28
-86
-90
-42
158
-41
-89
51
12
-109
-26
142
-45
-28
-176
149
272
-167
-78
-14
90
117
106
-3
-243
117
142
41
27
-191
71
38
118
27
-233
-85
48
165
-180
-213
192
-14
-154
24
-38
32
-158
-9
73
-25
-51
-20
218
-134
-66
86
126
-29
-36
125
20
28
20
64
124
39
-107
157
235
-206
-209
280
117
-189
-171
104
-25
-216
88
-8
-82
-190
10
30
-119
-179
-124
97
-37
-23
-27
-161
53
157
-130
10
153
-39
50
236
9
-91
131
239
58
-115
121
135
44
134
15
-175
126
157
-294
35
98
-107
-123
51
-48
-161
13
-106
-103
-36
-7
-70
-73
-35
45
-58
16
39
-164
-4
231
-27
-226
237
130
-68
70
89
-54
-92
212
38
46
31
-12
144
-56
84
37
-78
49
21
-33
-24
-19
-25
-74
26
-69
-110
-11
-47
-67
14
109
-138
-79
42
61
-49
-32
58
4
-3
63
48
-13
-8
24
87
3
10
48
33
76
30
10
47
77
-102
26
36
-75
100
-110
-46
29
-26
-63
-45
-46
-40
92
-116
-50
51
-21
-73
-8
-25
125
-78
-99
107
50
27
-158
116
78
-173
44
79
4
0
30
66
-84
-70
155
20
-54
-46
26
11
22
19
-230
70
141
-150
-15
133
-37
-68
6
54
-56
72
-26
-121
180
-24
-66
90
2
-29
53
-76
40
39
2
-5
11
24
-158
42
108
-27
-73
9
7
73
-59
-19
21
-91
42
82
-44
-40
-15
-84
95
-17
-101
-2
-31
84
6
-48
53
32
-22
-77
151
-58
-134
156
72
-55
3
-52
72
19
-25
21
-29
42
-16
123
34
-166
36
149
75
-57
-44
121
24
23
-5
1
38
-47
139
102
-136
-59
163
65
-122
42
-23
-139
70
131
-113
-143
48
-16
-70
-40
47
-128
-98
86
-26
-118
-48
-8
6
-60
-65
22
-113
-25
80
66
-136
10
45
-125
63
89
-148
-37
87
-11
-65
-68
92
-35
-113
-3
-4
56
-23
-72
-36
-70
14
-12
35
-60
-101
27
100
-23
-102
1
76
42
48
-45
-58
174
19
44
67
64
91
53
213
62
34
138
160
209
5
123
201
215
124
101
247
191
139
69
242
244
175
129
173
210
128
178
112
90
174
112
56
79
23
-6
21
62
-121
-118
-47
-78
-136
-201
-148
-225
-279
-201
-268
-290
-318
-396
-260
-244
-340
-411
-349
-279
-284
-319
-291
-296
-300
-225
-208
-295
-277
-193
-140
-184
-162
-140
-207
-108
-2
-106
-103
-25
-36
-55
65
-7
-155
87
14
-51
-43
138
3
-225
85
76
-162
-27
53
-147
-31
74
-90
-91
22
-38
-67
53
83
41
47
81
192
156
261
179
313
464
331
490
545
596
605
655
843
824
707
665
914
935
703
749
686
817
580
413
431
467
211
11
204
-15
-132
-312
-248
-345
-554
-480
-486
-649
-636
-581
-701
-652
-615
-634
-587
-483
-459
-386
-305
-203
-258
-64
47
111
98
53
279
248
319
277
259
191
257
333
141
32
48
-3
-140
-111
-233
-481
-521
-450
-556
-769
-766
-771
-927
-890
-817
-948
-950
-917
-802
-780
-743
-742
-641
-464
-431
-240
-239
-131
-33
148
266
269
420
520
596
754
835
885
985
1026
1087
1071
1342
1229
1175
1167
1227
1344
1271
743
747
1219
921
553
162
637
474
-156
-251
-128
-109
-663
-738
-500
-642
-1117
-1137
-744
-904
-1177
-1150
-908
-761
-970
-870
-620
-477
-480
-505
-52
110
38
206
453
659
550
714
978
979
926
962
1143
1046
1077
893
930
858
693
650
249
342
154
-140
-344
-376
-559
-959
-949
-1079
-1313
-1493
-1435
-1515
-1670
-1646
-1664
-1557
-1547
-1483
-1403
-1223
-1107
-1032
-794
-632
-463
-289
-64
121
213
425
589
778
833
1001
1196
1208
1264
1402
1526
1503
1589
1616
1632
1509
1612
1647
1573
1331
1205
1371
1444
1147
222
849
1056
527
-117
-289
549
-164
-873
-903
-447
-736
-1380
-1262
-1088
-1309
-1824
-1394
-1144
-1446
-1591
-1445
-1012
-1124
-1248
-934
-498
-507
-638
-363
80
205
45
393
796
760
710
997
1219
1155
1148
1317
1430
1242
1294
1170
1117
1023
638
901
392
242
-5
-285
-422
-679
-816
-1168
-1283
-1573
-1473
-1787
-1821
-1879
-2011
-1933
-1878
-1889
-1877
-1681
-1529
-1294
-1391
-1059
-821
-711
-474
-242
86
192
399
624
964
1056
1189
1409
1547
1798
1717
1863
2098
2192
2016
1986
2315
2223
2004
1905
1943
1950
1806
1644
835
1164
1465
803
200
-159
648
-24
-1019
-1000
-595
-950
-1657
-1513
-1399
-1687
-2263
-1903
-1586
-1852
-2130
-1939
-1522
-1559
-1792
-1465
-997
-960
-912
-731
-227
-99
-144
294
757
800
735
1134
1499
1466
1457
1726
1945
1674
1659
1658
1670
1398
1150
1367
783
830
401
-21
-138
-433
-588
-1077
-1166
-1508
-1483
-1914
-1976
-2071
-2324
-2143
-2326
-2084
-2209
-2089
-1883
-1740
-1575
-1419
-1292
-1122
-620
-523
-301
-65
172
464
617
792
1107
1357
1474
1721
1829
2067
2297
2243
2429
2417
2665
2660
2511
2605
2472
2534
2540
2272
1165
1669
1986
1315
513
56
1034
4
-950
-922
-571
-1027
-1903
-1654
-1527
-1823
-2695
-2227
-1778
-2137
-2481
-2427
-1807
-1976
-2208
-1780
-1345
-1404
-1478
-1094
-454
-524
-670
-47
507
462
430
867
1226
1277
1360
1809
1876
1649
1777
1817
1817
1754
1612
1642
1168
891
925
434
192
-75
-405
-614
-1062
-1263
-1394
-1771
-1990
-2051
-2130
-2233
-2388
-2395
-2192
-2156
-2164
-2040
-2002
-1629
-1489
-1454
-1065
-993
-721
-436
-150
83
238
614
1032
1193
1262
1715
1882
2111
2323
2526
2686
2749
2838
2954
2974
2801
2877
2959
2934
2726
1818
1909
2516
1875
1235
604
1186
905
-470
-691
-377
-421
-1478
-1725
-1596
-1880
-2558
-2645
-2093
-2418
-2842
-2983
-2559
-2370
-2716
-2596
-2012
-1842
-1979
-1799
-1217
-939
-1045
-616
17
335
226
602
1103
1208
1271
1771
2192
2001
2038
2098
2170
2106
2098
2170
1487
1364
1536
990
562
276
317
-296
-887
-933
-1032
-1550
-1884
-1790
-2070
-2177
-2589
-2496
-2368
-2358
-2352
-2369
-2168
-2079
-1970
-1853
-1258
-1255
-1276
-898
-453
-203
-106
412
652
802
1107
1754
1838
1794
2287
2822
2953
2849
3133
3213
3310
3399
3474
3385
3223
2637
2717
2916
2371
1891
1096
1554
1320
51
-467
-283
-237
-1268
-1645
-1546
-1809
-2630
-2809
-2218
-2552
-2906
-3103
-2886
-2726
-2944
-2656
-2314
-2198
-2265
-2002
-1537
-1197
-1104
-863
-117
100
163
456
992
1370
1446
1700
2011
2134
2074
2314
2330
2192
2096
2126
1900
1495
1336
1053
713
481
281
-349
-735
-960
-1101
-1471
-1946
-1952
-2165
-2361
-2496
-2520
-2649
-2556
-2512
-2451
-2328
-2254
-1989
-2002
-1679
-1261
-1145
-933
-669
-406
-45
293
551
745
1047
1448
1737
1830
2145
2480
2655
2879
3098
3131
3183
3367
3390
3400
3372
2870
2763
3036
2686
2211
1436
1575
1682
595
96
23
-4
-771
-1302
-1203
-1375
-2020
-2430
-1916
-2143
-2656
-2848
-2510
-2324
-2819
-2741
-2284
-2081
-2250
-2205
-1736
-1323
-1373
-1176
-502
-181
-281
39
691
1000
984
1348
1742
1772
1742
1794
2113
2078
1881
1743
1724
1527
1164
759
607
616
30
-218
-510
-880
-1209
-1444
-1405
-1756
-2068
-2154
-2050
-2244
-2257
-2158
-2241
-2076
-2062
-1841
-1764
-1731
-1487
-1270
-981
-815
-659
-469
-142
84
268
626
883
1109
1336
1740
1940
2015
2206
2611
2924
2783
2963
2969
3126
3293
2709
2780
2982
2795
2243
1644
1931
1882
972
450
561
485
-193
-798
-701
-766
-1411
-1855
-1554
-1564
-2072
-2449
-2301
-2031
-2359
-2545
-2376
-2036
-2158
-2267
-1871
-1544
-1492
-1416
-857
-515
-509
-300
228
603
694
934
1247
1383
1485
1491
1634
1743
1707
1622
1296
1294
1252
942
538
406
420
-15
-405
-631
-677
-1059
-1409
-1423
-1531
-1708
-1908
-1885
-1980
-1936
-1871
-1859
-1778
-1744
-1515
-1425
-1269
-1114
-1006
-740
-571
-426
-253
61
177
325
654
914
1051
1140
1562
1889
1843
1899
2350
2630
2562
2500
2852
2919
2330
2461
2779
2632
2029
1658
1976
1683
950
676
828
684
-53
-446
-303
-395
-1015
-1351
-1014
-1077
-1645
-1921
-1677
-1553
-1892
-2060
-1739
-1604
-1902
-1837
-1481
-1375
-1424
-1231
-788
-590
-602
-384
-9
190
412
550
694
1014
999
1054
1145
1239
1218
1044
896
852
808
415
319
111
-131
-435
-700
-744
-1016
-1258
-1427
-1474
-1601
-1651
-1731
-1746
-1629
-1608
-1547
-1506
-1339
-1315
-1124
-914
-878
-750
-591
-265
-214
-167
108
420
449
567
988
1131
1162
1308
1713
1895
1798
1960
2162
2297
2252
2289
2359
2047
2021
2134
2094
1760
1239
1296
1425
969
463
367
464
190
-317
-394
-294
-620
-1005
-927
-774
-1044
-1414
-1326
-1083
-1273
-1513
-1395
-1214
-1279
-1349
-1076
-914
-901
-887
-656
-362
-294
-238
-58
248
396
513
492
631
778
707
772
760
815
698
499
399
313
134
-108
-268
-464
-632
-888
-1052
-1162
-1346
-1457
-1546
-1577
-1642
-1650
-1608
-1507
-1393
-1441
-1267
-1075
-954
-806
-695
-515
-409
-242
-6
72
149
380
620
676
804
1005
1208
1312
1339
1581
1804
1830
1846
1928
2035
2021
1982
2066
1766
1739
1853
1729
1445
1039
1143
1081
659
236
258
337
-74
-333
-515
-434
-660
-964
-813
-835
-987
-1170
-1111
-942
-976
-1118
-956
-812
-913
-825
-691
-616
-580
-514
-260
-176
-193
-114
97
271
353
431
449
541
601
620
593
543
597
530
319
165
42
-94
-311
-458
-647
-817
-1044
-1260
-1296
-1464
-1593
-1710
-1707
-1622
-1665
-1750
-1703
-1485
-1374
-1282
-1175
-1063
-855
-616
-449
-330
-247
-2
203
246
362
587
799
876
1038
1236
1395
1499
1715
1914
1924
2036
2139
2256
2275
2117
2316
2051
1806
1942
1820
1626
970
868
1024
676
111
-146
78
-181
-594
-800
-683
-677
-1177
-1060
-829
-888
-1153
-1255
-863
-836
-1012
-981
-697
-620
-753
-580
-416
-349
-402
-261
91
101
80
171
367
498
578
615
650
755
730
713
711
672
594
437
309
153
-123
-356
-457
-590
-922
-1181
-1329
-1431
-1602
-1830
-1814
-1909
-1939
-1942
-1960
-1859
-1756
-1628
-1552
-1381
-1273
-1099
-915
-743
-541
-484
-245
-46
123
244
362
620
772
1003
1195
1320
1452
1575
1827
1978
2066
2113
2188
2276
2412
2288
2241
2071
1945
2116
1832
1680
1306
1150
1130
774
465
171
188
-83
-377
-524
-657
-680
-1099
-1098
-958
-1077
-1243
-1371
-1132
-1027
-1141
-1200
-1006
-830
-822
-759
-667
-522
-415
-310
-123
-4
50
177
350
509
616
688
723
867
936
835
893
894
869
666
464
451
257
-43
-319
-304
-614
-938
-1139
-1279
-1403
-1813
-1823
-1839
-1887
-2012
-2067
-1947
-1948
-1835
-1783
-1596
-1505
-1393
-1166
-1028
-802
-751
-574
-415
-240
-44
127
370
401
584
832
1054
1138
1270
1591
1813
1922
2006
2199
2280
2350
2546
2490
2562
2288
2138
2339
2192
1971
1443
1363
1402
1026
562
321
438
7
-412
-493
-598
-707
-1223
-1103
-907
-1218
-1491
-1563
-1251
-1298
-1506
-1557
-1269
-1121
-1331
-1207
-1062
-885
-819
-709
-376
-296
-197
75
370
459
626
868
1007
1139
1196
1317
1337
1324
1378
1239
997
879
833
537
206
93
-128
-467
-837
-957
-1080
-1431
-1686
-1735
-1811
-1990
-2073
-2095
-2046
-2006
-2025
-1934
-1816
-1741
-1665
-1545
-1293
-1159
-1067
-886
-621
-479
-366
-143
117
364
559
772
936
1149
1403
1590
1713
1859
2143
2275
2341
2448
2597
2565
2577
2554
2449
2537
2368
2259
1966
1828
1699
1325
1037
723
781
405
-102
-220
-465
-589
-1047
-1223
-1173
-1404
-1634
-1842
-1790
-1906
-1933
-2010
-1900
-1817
-2041
-1871
-1677
-1446
-1426
-1305
-899
-699
-546
-311
70
334
514
834
1126
1330
1387
1562
1779
1728
1818
1868
1830
1618
1073
1269
1212
887
380
111
253
-397
-680
-892
-877
-1175
-1612
-1419
-1689
-1796
-1972
-1899
-1798
-2021
-1813
-1836
-1726
-1881
-1889
-1492
-1508
-1392
-1543
-1259
-882
-1103
-896
-565
-427
-303
-1
218
226
525
839
1150
1343
1454
1811
1822
1881
2287
2508
2505
2472
2679
2724
2586
2498
2631
2721
2387
2276
2140
1988
1695
1417
1312
1049
767
390
107
-184
-500
-903
-1255
-1417
-1691
-1947
-2264
-2459
-2563
-2731
-2792
-2805
-2704
-2679
-2535
-2375
-2204
-1916
-1737
-1385
-1031
-683
-397
-111
291
637
828
974
1340
1641
1809
1958
2124
2214
2156
2257
2286
2253
2186
2044
1923
1716
1427
1152
950
742
458
66
-303
-600
-914
-1222
-1548
-1778
-1973
-2225
-2511
-2685
-2771
-2895
-2912
-2916
-2844
-2780
-2731
-2529
-2358
-2250
-2019
-1710
-1421
-1145
-847
-446
-137
79
366
748
1137
1475
1747
2003
2259
2453
2658
2900
3059
3150
3218
3269
3244
3233
3243
3154
2985
2728
2529
2285
1979
1670
1421
1121
666
286
-157
-579
-935
-1318
-1592
-1874
-2186
-2485
-2739
-2892
-3035
-3044
-3052
-2957
-2913
-2842
-2593
-2419
-2149
-1884
-1522
-1190
-909
-514
-174
142
409
730
1088
1314
1525
1717
1934
2091
2184
2277
2304
2291
2243
2201
2131
2002
1863
1696
1476
1272
1014
731
459
197
-52
-418
-753
-1038
-1268
-1499
-1766
-1944
-2186
-2353
-2513
-2529
-2517
-2611
-2569
-2552
-2396
-2357
-2281
-1980
-1722
-1545
-1429
-1163
-830
-543
-250
48
406
667
904
1228
1522
1782
1999
2218
2436
2571
2704
2785
2819
2876
2857
2796
2628
2489
2366
2173
1916
1600
1342
1047
748
432
177
-113
-507
-794
-1069
-1272
-1528
-1783
-1936
-2045
-2122
-2286
-2294
-2276
-2234
-2192
-2142
-1948
-1807
-1661
-1437
-1180
-940
-735
-496
-182
65
259
483
728
937
1070
1190
1339
1461
1493
1554
1638
1659
1612
1529
1505
1443
1354
1256
1146
1001
817
649
457
284
97
-103
-335
-562
-739
-916
-1109
-1309
-1478
-1590
-1737
-1870
-1935
-1952
-1979
-1974
-1920
-1848
-1773
-1706
-1551
-1352
-1148
-932
-721
-497
-256
-27
220
476
729
946
1155
1354
1536
1686
1792
1927
2017
2042
2034
1992
1945
1871
1768
1646
1475
1285
1082
885
683
479
323
143
-31
-214
-353
-447
-582
-672
-727
-746
-795
-847
-822
-825
-848
-873
-855
-802
-795
-773
-753
-709
-663
-635
-574
-516
-431
-366
-311
-219
-120
-56
-28
42
154
242
295
364
450
479
475
510
585
592
541
540
573
537
474
430
397
342
264
196
114
33
-42
-113
-211
-326
-430
-541
-628
-700
-744
-791
-845
-873
-906
-901
-852
-785
-723
-670
-595
-489
-350
-240
-131
-3
123
223
323
443
563
664
733
779
807
850
865
836
817
780
732
663
597
516
408
311
216
133
27
-60
-111
-161
-207
-237
-256
-304
-345
-344
-329
-308
-280
-234
-220
-216
-213
-183
-143
-108
-71
-58
-50
-37
5
45
74
88
95
78
33
15
16
30
13
-23
-44
-80
-94
-98
-87
-92
-112
-99
-68
-46
-49
-37
-2
42
69
65
84
101
90
62
57
48
-3
-54
-108
-155
-190
-230
-276
-296
-310
-331
-353
-335
-274
-245
-208
-152
-96
-59
3
114
196
267
345
427
467
500
554
594
625
624
619
611
591
565
503
441
384
299
202
138
108
48
-54
-133
-159
-219
-292
-310
-303
-301
-325
-334
-320
-325
-329
-329
-340
-319
-300
-290
-280
-247
-204
-175
-176
-146
-69
-70
-102
-55
14
33
33
59
87
74
58
97
141
155
168
158
148
150
122
79
96
145
121
32
-6
24
-15
-169
-215
-121
-150
-314
-381
-303
-324
-511
-580
-477
-481
-636
-673
-536
-492
-602
-622
-482
-395
-471
-430
-207
-97
-89
-3
192
317
352
490
691
792
850
993
1073
1086
1147
1204
1217
1186
1165
1168
1081
942
878
804
665
517
419
340
177
-11
-105
-202
-368
-479
-505
-545
-697
-803
-785
-804
-893
-952
-826
-745
-854
-855
-703
-598
-663
-619
-422
-335
-356
-349
-170
-81
-153
-101
1
127
107
36
139
244
210
108
184
309
241
160
198
288
306
200
227
311
279
226
223
312
351
265
238
303
313
154
66
170
243
106
-146
-93
-8
-211
-421
-379
-211
-364
-619
-578
-424
-507
-739
-650
-447
-493
-602
-551
-343
-312
-377
-244
-43
37
-9
106
291
409
447
506
704
769
794
851
960
1062
1039
1053
1110
1155
1103
1038
1015
1004
925
811
754
645
514
348
224
155
1
-185
-361
-474
-614
-813
-923
-974
-1054
-1224
-1281
-1245
-1309
-1422
-1375
-1204
-1279
-1304
-1122
-988
-1058
-1085
-718
-576
-631
-486
-267
-189
-240
-37
124
137
234
327
426
482
491
560
671
689
634
697
710
745
755
728
840
777
729
801
803
757
744
784
718
484
453
632
595
260
75
152
101
-246
-497
-301
-277
-692
-1007
-927
-828
-1126
-1332
-1119
-965
-1198
-1430
-1246
-1023
-1069
-1024
-738
-455
-488
-526
-199
186
300
394
770
1030
1098
1167
1380
1709
1791
1831
2003
2114
1969
1844
1885
1901
1854
1662
1477
1275
981
711
484
282
60
-292
-628
-905
-1179
-1397
-1604
-1792
-1949
-2130
-2269
-2299
-2353
-2367
-2302
-2235
-2179
-2087
-1897
-1761
-1625
-1307
-1058
-880
-722
-514
-224
8
162
453
782
789
850
1174
1340
1347
1491
1716
1728
1640
1744
1907
1816
1759
1813
1813
1816
1693
1575
1411
1446
1304
779
698
913
777
83
-329
-110
-284
-973
-1289
-981
-1015
-1686
-2049
-1912
-1775
-2263
-2518
-2036
-1818
-2086
-2380
-2003
-1591
-1664
-1609
-1074
-563
-653
-573
-111
456
634
661
1221
1636
1606
1659
2163
2477
2452
2460
2586
2745
2544
2363
2464
2467
2290
1943
1613
1425
1170
772
406
248
-108
-612
-1094
-1372
-1488
-1892
-2207
-2332
-2551
-2813
-2930
-2963
-2974
-2982
-2916
-2771
-2705
-2638
-2419
-2116
-1811
-1521
-1258
-983
-738
-466
-125
270
595
843
1095
1380
1553
1613
1910
2214
2286
2360
2487
2581
2505
2441
2559
2616
2521
2402
2361
2187
1972
1836
1872
1507
736
752
1038
672
-249
-683
-314
-623
-1613
-1954
-1570
-1644
-2477
-2857
-2468
-2444
-3169
-3253
-2539
-2339
-2764
-2939
-2357
-1860
-1908
-1716
-1043
-642
-749
-497
309
863
840
998
1686
2118
2031
2171
2621
2884
2903
2984
3184
3161
2927
2728
2705
2731
2567
2129
1636
1334
1039
592
230
-12
-506
-1172
-1612
-1848
-2129
-2478
-2731
-2845
-3157
-3431
-3396
-3417
-3426
-3302
-3125
-3015
-2970
-2776
-2453
-2101
-1765
-1407
-1098
-811
-489
-137
422
885
995
1177
1620
1997
2191
2389
2693
2806
2657
2777
3065
3102
2901
2802
2862
2775
2574
2420
2307
2086
1818
1741
1714
1473
436
-75
513
599
-146
-1225
-954
-598
-1812
-2685
-2268
-1744
-2291
-3038
-3020
-2746
-3212
-3702
-2957
-2265
-2467
-3054
-2953
-1965
-1711
-1864
-1307
-555
-518
-676
19
968
1186
1062
1598
2260
2236
2234
2743
3270
3185
3026
3290
3492
3333
2938
2775
2938
2916
2404
1847
1493
1303
753
336
-186
-770
-876
-1449
-1956
-2502
-2779
-2988
-3552
-3578
-3375
-3733
-4052
-3968
-3846
-3660
-3492
-3336
-3023
-2686
-2278
-1974
-1816
-1167
-600
-390
211
876
1058
1280
1745
2317
2567
2679
3157
3313
3250
3378
3379
3365
3479
3420
3142
2848
2950
2753
2115
2139
2170
1666
1129
1052
1089
701
203
-551
-670
-328
-371
-1169
-2182
-1568
-1198
-2422
-3096
-2426
-1857
-2682
-3384
-2718
-2390
-3151
-3311
-2341
-1853
-2195
-2584
-2036
-1199
-1166
-1091
-550
119
196
-31
759
1732
1552
1332
2131
2788
2511
2226
2852
3403
2948
2842
3201
3055
2673
2426
2508
2445
1984
1693
1326
887
508
25
-387
-369
-890
-2122
-2081
-2148
-2688
-3251
-3476
-3161
-3774
-4093
-3682
-3813
-3973
-3538
-3202
-3162
-2990
-2678
-2110
-1735
-1277
-673
-612
-110
527
851
1385
1820
1985
2204
2613
3043
3111
3120
3495
3452
3115
3298
3444
3003
2728
2752
2694
2206
1743
1702
1346
961
910
647
222
-1
-355
-576
-484
-503
-1444
-2036
-1058
-723
-1802
-2701
-2039
-1339
-2291
-2837
-2120
-1645
-2179
-2570
-2120
-1777
-1978
-2174
-1380
-632
-901
-1464
-1209
-68
213
-122
382
1267
1076
455
1291
2333
2068
1480
1979
2740
2543
2132
2272
2560
2302
2164
2321
2195
1857
1294
1020
1357
1356
694
-86
-339
-367
-769
-1160
-937
-1478
-2434
-2462
-2492
-2704
-2904
-2746
-2735
-3338
-3523
-2935
-2699
-2752
-2381
-2067
-2069
-1943
-1432
-731
-494
-329
20
398
895
1091
1226
1797
2246
1969
1983
2539
2849
2554
2505
2922
2784
2241
2197
2510
2333
1900
1697
1565
1301
947
787
549
360
206
-157
-280
-347
-647
-969
-865
-532
-652
-1351
-1827
-1170
-653
-925
-1531
-1851
-1174
-1032
-1693
-1766
-1204
-971
-1550
-1735
-1120
-874
-1437
-1317
-434
-99
-544
-767
-105
378
236
399
1015
1198
820
722
1412
1801
1441
1363
1681
1731
1394
1299
1646
1635
1139
996
1246
1055
502
184
353
467
39
-323
-656
-732
-827
-1143
-1080
-1084
-1327
-1754
-1862
-1712
-1677
-1586
-1658
-1801
-1976
-1722
-1371
-1419
-1336
-1041
-870
-895
-645
-294
-106
53
412
696
655
711
1058
1312
1455
1533
1501
1617
1706
1644
1566
1665
1899
1597
1224
1265
1246
1114
972
921
635
245
168
280
102
-196
-253
-351
-485
-606
-574
-552
-664
-562
-430
-585
-1165
-1021
-270
-117
-675
-1352
-870
-243
-693
-1194
-847
-320
-700
-1206
-775
-196
-549
-980
-314
307
42
-401
-126
517
530
362
534
766
638
446
718
1068
885
514
622
870
742
469
614
767
477
233
402
565
344
28
2
172
110
-84
-184
-207
-302
-421
-406
-271
-323
-636
-675
-546
-488
-620
-743
-539
-590
-824
-872
-688
-537
-619
-620
-457
-437
-627
-508
-104
113
-17
-116
142
370
343
369
582
659
560
550
747
869
684
617
696
648
527
620
712
522
287
178
279
355
161
1
-91
-169
-137
-31
-30
-146
-313
-334
-189
-55
131
154
-318
-504
12
343
48
-456
-284
171
-181
-746
-510
27
-94
-678
-650
-250
-413
-755
-461
161
24
-705
-777
-132
241
-92
-297
-25
13
-248
-201
205
302
19
-36
272
347
98
100
421
558
435
426
610
667
478
458
718
953
873
633
528
587
631
633
791
708
338
82
28
113
42
-102
-191
-461
-719
-833
-829
-824
-882
-961
-1038
-1169
-1259
-1137
-920
-774
-856
-932
-795
-611
-513
-381
-154
-91
-157
-101
121
297
292
335
431
465
508
619
695
670
605
643
829
887
766
633
613
719
719
631
607
631
563
421
291
271
409
547
487
-27
-554
-293
413
456
-340
-867
-480
-168
-644
-998
-610
-309
-771
-1249
-1006
-632
-864
-1087
-708
-462
-851
-1199
-818
-301
-428
-715
-465
-113
-314
-517
-73
439
305
-27
252
765
787
581
766
1161
1214
1094
1206
1453
1470
1304
1315
1472
1487
1337
1262
1277
1147
924
832
829
667
365
142
-41
-307
-557
-685
-779
-1013
-1369
-1602
-1634
-1614
-1661
-1813
-1987
-2031
-1927
-1723
-1614
-1668
-1605
-1380
-1153
-1014
-893
-682
-499
-337
-32
296
391
398
604
966
1187
1183
1222
1390
1503
1518
1485
1488
1491
1383
1320
1336
1177
878
704
762
801
505
175
99
110
26
-168
-289
-234
-243
-616
-972
-711
-270
-492
-1129
-1134
-583
-652
-1266
-1292
-676
-484
-968
-1198
-823
-594
-881
-903
-402
-171
-587
-860
-317
208
-21
-291
10
367
274
221
577
766
559
606
1050
1225
984
960
1331
1526
1375
1344
1557
1645
1433
1213
1368
1669
1575
1141
874
968
1016
676
318
308
241
-160
-589
-752
-782
-1047
-1396
-1549
-1665
-1878
-2033
-2015
-2003
-2136
-2229
-2113
-1933
-1817
-1730
-1630
-1424
-1213
-1070
-858
-558
-275
-89
62
242
470
740
999
1167
1267
1418
1523
1525
1577
1739
1806
1652
1503
1478
1404
1214
1014
838
664
492
348
196
-52
-291
-419
-519
-612
-693
-779
-873
-995
-1000
-800
-728
-1021
-1124
-730
-433
-757
-1120
-680
-112
-397
-933
-687
-64
-101
-546
-439
6
-97
-455
-207
324
262
-184
-151
319
430
151
186
611
728
421
388
774
980
811
754
1008
1119
957
980
1251
1296
1060
983
1186
1296
1076
855
855
879
757
545
380
228
25
-161
-237
-334
-652
-961
-1025
-1007
-1189
-1467
-1543
-1475
-1494
-1578
-1661
-1703
-1611
-1402
-1234
-1237
-1261
-1067
-749
-558
-483
-349
-133
62
248
479
679
753
810
1013
1218
1209
1116
1196
1357
1324
1154
1072
1050
919
747
702
664
453
192
56
-62
-274
-452
-540
-618
-769
-938
-991
-998
-1078
-1170
-1113
-933
-859
-963
-954
-618
-326
-487
-626
-186
314
188
-197
36
646
654
227
257
668
722
385
336
654
641
267
270
653
623
121
16
475
578
159
32
373
465
116
36
341
384
106
67
309
352
112
62
322
404
185
54
204
352
216
74
216
341
230
90
140
229
138
30
89
143
49
-83
-123
-93
-165
-297
-339
-330
-316
-410
-577
-587
-495
-519
-625
-652
-591
-554
-578
-546
-463
-451
-409
-341
-268
-151
-90
-84
-33
99
211
178
158
257
276
219
260
317
258
142
113
130
89
-20
-144
-218
-236
-290
-413
-470
-455
-488
-553
-566
-514
-522
-546
-456
-316
-207
-154
-145
-87
113
355
319
148
378
803
815
485
476
860
949
592
435
712
845
509
249
430
547
173
-162
30
237
-76
-497
-397
-150
-334
-653
-577
-350
-453
-612
-463
-264
-327
-370
-127
111
109
87
311
575
589
554
752
1022
1040
908
988
1274
1326
1079
992
1143
1154
881
697
756
709
399
153
125
43
-236
-470
-515
-587
-844
-1094
-1098
-1044
-1181
-1357
-1330
-1205
-1219
-1281
-1179
-1018
-976
-919
-761
-625
-555
-442
-252
-134
-99
-22
95
187
239
285
333
338
300
254
235
249
217
114
8
-29
-54
-150
-275
-380
-387
-359
-429
-539
-559
-490
-449
-464
-461
-394
-323
-243
-99
12
14
45
249
518
534
350
486
871
935
620
548
924
1067
685
427
669
853
543
209
308
461
201
-139
-81
110
-81
-455
-428
-143
-196
-485
-464
-198
-178
-340
-244
16
30
-72
72
354
409
264
326
609
755
646
565
736
883
778
674
781
889
773
654
699
697
516
397
449
396
182
36
40
26
-128
-284
-341
-372
-455
-568
-612
-599
-640
-732
-761
-721
-744
-819
-807
-725
-708
-741
-718
-679
-668
-662
-658
-649
-617
-561
-551
-610
-611
-522
-491
-544
-591
-543
-470
-500
-561
-539
-467
-454
-497
-494
-406
-360
-364
-318
-260
-209
-143
-27
86
121
145
264
447
588
643
699
844
999
1032
1050
1199
1313
1149
1041
1279
1471
1213
823
907
1156
914
436
366
570
396
-58
-201
-49
-180
-597
-690
-488
-554
-934
-1048
-758
-659
-908
-960
-671
-536
-688
-650
-295
-86
-170
-132
182
390
364
431
717
918
886
902
1123
1279
1169
1096
1301
1469
1318
1101
1141
1231
1117
950
903
870
657
427
356
299
105
-148
-265
-313
-515
-789
-919
-947
-1080
-1307
-1425
-1425
-1500
-1663
-1729
-1694
-1718
-1809
-1812
-1704
-1639
-1643
-1616
-1526
-1420
-1309
-1194
-1065
-921
-805
-678
-503
-314
-184
-102
66
294
454
507
547
671
817
877
901
981
1061
1056
1009
1035
1079
1012
924
968
1033
956
801
786
847
782
669
635
613
551
530
531
382
171
229
403
279
-81
-167
62
57
-305
-488
-305
-252
-524
-679
-505
-415
-658
-799
-582
-414
-547
-654
-444
-239
-319
-361
-100
138
90
89
336
544
501
504
775
989
935
867
1044
1272
1259
1117
1137
1293
1292
1115
1065
1173
1119
866
719
749
669
390
210
179
43
-235
-436
-510
-644
-914
-1134
-1215
-1300
-1474
-1660
-1755
-1779
-1882
-2018
-2032
-1981
-1983
-2000
-1895
-1768
-1743
-1705
-1547
-1360
-1216
-1056
-854
-643
-434
-242
-73
91
298
513
682
848
986
1066
1142
1272
1393
1421
1370
1344
1355
1345
1293
1185
1072
971
879
762
622
485
357
246
138
28
-107
-202
-245
-300
-385
-464
-434
-366
-380
-452
-401
-244
-240
-393
-333
-4
145
-69
-193
91
322
160
8
226
495
377
168
302
535
444
257
403
633
539
273
341
627
585
326
343
603
605
339
306
509
520
299
239
397
424
231
108
206
263
131
15
75
108
-41
-151
-62
-6
-185
-343
-277
-208
-327
-467
-441
-398
-524
-677
-706
-661
-690
-801
-869
-867
-897
-969
-989
-944
-924
-982
-969
-852
-802
-830
-788
-655
-556
-527
-446
-307
-212
-124
5
124
194
276
398
513
561
589
652
708
727
733
741
742
689
607
587
564
459
313
221
171
61
-69
-133
-199
-318
-424
-458
-453
-514
-584
-567
-508
-459
-443
-374
-216
-115
-115
-45
176
368
398
453
710
880
769
773
1041
1208
1042
902
1103
1217
967
759
865
939
668
397
455
506
225
-71
-37
24
-221
-518
-492
-387
-574
-803
-754
-635
-745
-904
-834
-690
-720
-792
-682
-506
-482
-519
-404
-187
-92
-98
-9
198
322
284
321
493
591
544
540
654
691
573
521
586
557
405
279
270
232
68
-95
-180
-233
-350
-506
-601
-635
-696
-810
-873
-846
-818
-855
-895
-858
-774
-723
-689
-651
-580
-476
-391
-335
-256
-143
-51
5
70
178
259
279
314
372
394
392
419
475
465
403
371
378
356
302
273
246
197
142
102
97
72
9
-25
11
21
-46
-78
-13
47
1
-18
69
142
108
99
217
318
275
236
375
519
422
283
433
632
521
258
318
573
467
141
116
333
269
-62
-137
31
-10
-313
-413
-234
-220
-460
-582
-435
-379
-557
-636
-472
-369
-497
-537
-365
-245
-282
-276
-91
43
22
46
189
312
334
358
443
537
551
503
501
551
576
511
449
441
392
294
234
220
147
33
-53
-119
-183
-262
-301
-304
-347
-447
-521
-521
-527
-575
-570
-491
-490
-557
-526
-427
-396
-412
-350
-248
-202
-176
-123
-53
-6
15
39
92
143
159
169
193
212
204
209
236
224
182
165
166
132
75
51
28
-36
-115
-142
-142
-165
-216
-270
-282
-271
-300
-341
-303
-240
-247
-279
-230
-133
-116
-120
-40
76
120
130
203
322
373
355
395
539
616
526
535
708
752
586
540
725
734
471
345
457
468
238
108
190
147
-119
-265
-164
-130
-336
-519
-437
-327
-460
-603
-524
-429
-529
-622
-476
-314
-352
-389
-259
-139
-147
-125
11
144
191
211
278
372
445
455
453
519
593
551
499
571
624
522
434
483
491
368
248
255
272
160
24
-14
-48
-153
-271
-316
-325
-415
-524
-534
-504
-543
-610
-607
-541
-508
-531
-511
-458
-409
-386
-350
-263
-192
-152
-123
-86
-32
6
27
47
86
107
91
80
60
36
17
-2
-39
-85
-114
-143
-197
-241
-265
-294
-326
-339
-348
-373
-407
-423
-390
-354
-324
-321
-315
-250
-195
-157
-103
-6
91
155
218
306
400
485
549
565
610
687
758
798
792
838
885
853
777
748
762
708
595
514
481
393
237
116
42
-36
-168
-286
-331
-371
-463
-568
-600
-590
-617
-643
-610
-564
-558
-542
-476
-384
-317
-268
-186
-93
-5
100
183
241
304
392
472
513
547
577
596
621
631
605
578
574
541
464
421
387
327
228
145
95
30
-33
-102
-157
-219
-275
-323
-368
-390
-408
-418
-437
-438
-425
-416
-399
-380
-357
-345
-343
-329
-284
-244
-238
-236
-229
-215
-234
-259
-238
-210
-236
-287
-287
-273
-281
-318
-337
-338
-361
-393
-394
-355
-327
-339
-365
-352
-324
-301
-256
-189
-133
-125
-114
-57
19
79
116
170
222
260
300
362
403
418
442
479
514
511
511
519
532
548
559
564
538
521
515
500
462
435
453
433
358
295
283
243
154
95
109
83
-25
-96
-95
-98
-154
-206
-214
-220
-256
-287
-292
-289
-305
-310
-274
-248
-257
-254
-217
-181
-166
-148
-97
-49
-20
1
34
70
92
121
149
181
192
199
222
264
297
280
281
319
337
307
300
325
328
296
281
283
255
198
159
166
146
70
19
18
-2
-88
-164
-173
-176
-237
-302
-340
-367
-408
-452
-466
-485
-516
-547
-557
-552
-551
-536
-527
-530
-533
-526
-508
-469
-433
-406
-381
-347
-298
-261
-233
-201
-146
-83
-45
-12
29
73
101
97
96
118
150
181
204
201
188
173
165
153
134
125
115
118
109
95
93
75
68
76
92
115
151
198
227
247
281
331
376
419
458
487
518
544
576
600
613
611
596
579
557
515
465
421
362
282
193
127
65
-17
-103
-191
-277
-362
-437
-498
-560
-618
-670
-711
-732
-737
-743
-728
-694
-660
-607
-525
-442
-371
-299
-218
-120
-6
110
220
305
368
442
535
630
695
725
730
748
758
771
780
757
719
655
602
544
476
399
305
210
109
-3
-116
-211
-301
-382
-460
-534
-614
-699
-759
-810
-848
-881
-899
-896
-884
-873
-871
-846
-797
-734
-654
-568
-491
-426
-344
-241
-151
-65
20
95
167
226
267
307
355
394
409
402
397
398
390
367
339
299
261
233
189
145
93
58
29
0
-15
-42
-64
-78
-86
-70
-47
-13
20
35
63
106
154
222
287
336
358
380
416
459
508
515
507
497
485
471
441
415
371
317
272
212
146
79
13
-65
-143
-205
-246
-283
-322
-367
-408
-433
-429
-404
-391
-380
-362
-335
-304
-258
-201
-145
-104
-82
-47
-2
41
69
96
130
145
149
147
149
168
171
168
175
177
170
146
125
97
64
45
24
7
-10
-41
-85
-133
-169
-207
-241
-267
-303
-327
-343
-355
-353
-342
-344
-361
-365
-353
-323
-283
-250
-222
-196
-162
-110
-43
19
67
102
123
152
188
235
279
294
296
282
257
246
258
255
224
181
128
86
48
13
-27
-75
-123
-169
-214
-250
-273
-287
-305
-328
-350
-363
-355
-328
-295
-252
-200
-151
-112
-65
-3
70
151
216
293
362
422
480
528
586
638
670
698
714
724
721
713
696
664
628
585
542
497
442
377
304
227
150
83
19
-46
-105
-174
-249
-322
-369
-399
-441
-477
-510
-531
-558
-576
-582
-568
-544
-532
-519
-495
-457
-419
-388
-355
-312
-247
-189
-146
-104
-55
-9
30
73
112
144
178
203
207
206
212
225
226
208
195
173
148
121
80
41
10
-17
-46
-72
-97
-131
-168
-201
-212
-211
-217
-216
-212
-199
-186
-178
-153
-123
-92
-59
-23
17
54
91
119
125
135
150
174
201
207
197
173
153
129
109
103
73
31
-14
-53
-73
-97
-128
-166
-203
-235
-244
-241
-243
-254
-270
-276
-258
-232
-200
-159
-117
-80
-41
-1
51
105
150
193
236
270
312
360
412
438
452
475
489
502
513
529
535
526
506
493
478
449
419
381
343
311
257
205
152
108
60
-1
-54
-111
-160
-206
-244
-294
-328
-352
-383
-402
-433
-453
-445
-431
-430
-433
-436
-435
-412
-383
-351
-318
-282
-245
-218
-183
-155
-131
-88
-41
-11
17
42
51
68
79
88
103
113
134
130
101
69
32
16
18
15
13
0
-26
-42
-55
-43
-23
-12
0
3
4
9
25
50
75
86
90
108
122
141
158
164
167
168
190
189
174
172
151
137
123
105
89
48
8
-32
-63
-82
-108
-139
-180
-226
-264
-289
-311
-320
-332
-342
-341
-344
-341
-329
-309
-282
-262
-231
-184
-146
-103
-67
-21
44
85
134
187
234
295
345
388
432
458
472
488
500
515
533
541
536
520
481
434
398
361
329
310
290
242
164
92
39
-1
-42
-84
-133
-173
-204
-248
-304
-345
-376
-385
-387
-389
-398
-421
-431
-419
-394
-364
-335
-304
-289
-288
-274
-230
-181
-138
-97
-79
-58
-39
-12
21
38
61
69
91
128
142
146
136
127
132
148
178
189
190
186
177
167
161
171
187
191
169
145
136
151
169
158
136
102
83
64
59
67
51
32
14
-8
-23
-49
-51
-42
-62
-95
-127
-146
-152
-169
-206
-242
-256
-262
-267
-282
-295
-288
-287
-280
-284
-283
-271
-254
-220
-210
-190
-164
-142
-102
-67
-29
0
33
72
97
126
168
209
245
269
290
303
318
334
342
346
339
331
312
301
301
284
249
217
184
149
118
105
84
62
32
-7
-37
-70
-101
-131
-151
-157
-158
-157
-178
-197
-206
-212
-197
-185
-184
-174
-151
-134
-124
-121
-112
-100
-78
-57
-44
-19
13
36
48
60
74
83
89
111
129
145
160
154
133
112
107
115
136
146
128
105
88
81
79
69
55
39
24
17
8
-14
-38
-58
-64
-68
-78
-87
-101
-115
-122
-127
-127
-118
-112
-113
-106
-104
-96
-83
-78
-71
-73
-68
-57
-42
-31
-21
-2
10
16
19
34
47
64
69
55
61
68
65
59
36
7
-10
-21
-18
-27
-44
-53
-85
-111
-120
-115
-97
-101
-112
-130
-138
-134
-129
-126
-119
-99
-83
-59
-34
-16
-5
6
38
77
125
174
196
200
205
206
219
241
258
280
289
281
272
254
240
244
234
218
204
179
151
113
72
37
3
-21
-41
-70
-95
-124
-162
-184
-213
-225
-227
-236
-230
-240
-238
-232
-230
-218
-211
-203
-190
-163
-134
-108
-82
-63
-39
-11
6
12
13
29
64
105
127
133
146
145
133
128
131
146
156
148
125
105
92
84
74
50
22
-4
-24
-30
-39
-55
-67
-78
-90
-106
-117
-114
-104
-108
-117
-121
-123
-110
-101
-103
-109
-105
-86
-57
-47
-52
-55
-49
-33
-7
22
37
33
15
-7
-7
13
30
43
50
41
36
39
56
82
84
81
76
91
110
113
119
115
107
114
117
132
134
129
131
114
110
110
108
108
91
83
76
72
76
61
35
15
-1
-4
0
-16
-32
-69
-90
-93
-99
-89
-89
-98
-111
-127
-126
-123
-124
-122
-118
-115
-96
-85
-80
-67
-63
-58
-55
-53
-24
-14
-21
-20
-31
-24
-7
18
26
14
12
14
29
37
40
51
58
68
76
66
62
53
41
33
25
17
19
24
16
6
-9
-16
-23
-19
-18
-32
-40
-49
-45
-41
-44
-69
-80
-74
-76
-64
-56
-58
-63
-64
-50
-42
-34
-15
-8
3
30
46
53
70
78
72
64
79
99
100
117
126
116
105
92
98
99
98
84
66
55
39
32
37
18
-18
-28
-31
-34
-42
-47
-52
-66
-73
-84
-72
-68
-70
-66
-68
-54
-49
-40
-25
-7
-2
0
15
37
56
59
56
62
67
69
88
93
92
91
75
71
63
54
58
41
22
10
3
-1
-15
-51
-62
-68
-88
-95
-115
-117
-123
-147
-156
-164
-160
-155
-152
-148
-151
-149
-151
-147
-134
-122
-108
-77
-59
-52
-36
-33
-4
16
25
60
80
91
117
127
139
161
166
186
187
171
175
168
169
167
156
154
147
150
148
124
91
62
25
23
26
15
0
-40
-67
-74
-75
-75
-84
-105
-123
-127
-116
-99
-109
-123
-125
-138
-130
-102
-79
-72
-79
-82
-82
-73
-59
-51
-42
-35
-29
-8
8
22
46
58
59
56
56
76
102
109
104
100
105
113
107
111
122
126
117
122
127
112
115
113
97
91
90
90
86
70
43
14
-3
-6
-8
-12
-25
-47
-73
-87
-94
-116
-126
-129
-135
-142
-153
-168
-177
-176
-172
-177
-173
-165
-162
-149
-138
-122
-111
-103
-87
-78
-66
-49
-31
-1
27
43
46
44
45
69
98
122
139
141
151
154
153
162
172
177
182
181
153
134
115
100
109
116
120
92
63
37
10
1
0
1
-3
-13
-32
-56
-76
-80
-75
-70
-78
-91
-107
-130
-135
-128
-121
-109
-106
-104
-109
-105
-86
-76
-74
-73
-66
-66
-57
-34
-21
-9
-2
-1
10
19
36
48
66
94
104
102
101
99
85
92
99
114
128
121
109
102
100
93
78
63
44
39
36
30
21
10
1
-14
-9
0
-10
-26
-44
-66
-79
-75
-69
-69
-86
-99
-103
-105
-97
-92
-93
-94
-97
-94
-87
-65
-51
-43
-40
-54
-53
-40
-20
5
8
11
14
11
12
30
56
65
71
65
69
86
93
100
106
106
103
99
95
86
85
83
68
59
49
50
43
28
20
12
4
-4
-12
-29
-35
-42
-53
-46
-52
-59
-72
-82
-69
-63
-60
-45
-51
-71
-72
-75
-69
-64
-66
-61
-70
-74
-65
-60
-39
-18
-15
-24
-36
-40
-32
-9
11
11
13
16
9
10
19
16
17
36
44
43
42
45
55
66
67
68
69
75
73
72
65
55
46
33
38
40
36
30
21
17
16
11
2
-5
-13
-7
0
-10
-26
-32
-26
-24
-30
-45
-50
-45
-60
-61
-49
-38
-40
-50
-53
-53
-54
-41
-29
-14
-5
1
16
21
24
13
2
22
48
49
39
38
37
46
58
61
55
57
65
65
64
66
57
51
49
32
16
3
-7
-12
-10
0
-2
-14
-20
-33
-46
-52
-49
-31
-18
-23
-39
-52
-55
-47
-42
-44
-40
-46
-58
-42
-33
-20
-17
-15
-16
-21
-19
-10
9
28
29
12
-1
-2
-9
-5
7
10
23
19
17
19
13
7
1
4
21
35
45
45
29
12
6
8
22
26
26
30
24
29
42
52
43
14
-7
-8
3
22
31
15
-11
-35
-48
-39
-32
-38
-43
-41
-39
-40
-43
-45
-52
-63
-55
-49
-37
-22
-31
-34
-32
-31
-33
-25
-5
3
12
16
8
27
48
58
60
49
41
40
48
59
69
64
58
51
45
40
35
34
35
36
39
34
30
15
5
-8
-19
-23
-27
-29
-27
-11
-20
-27
-36
-43
-39
-48
-58
-52
-51
-35
-26
-29
-33
-43
-43
-38
-27
-15
-7
-9
-21
-18
-5
9
19
23
23
16
21
21
21
24
23
27
21
26
22
12
17
14
23
32
40
47
30
21
22
24
17
13
11
6
5
-7
-4
0
-7
-8
-3
-1
-3
-6
-11
-18
-19
-16
-5
0
-8
-18
-24
-26
-26
-25
-23
-26
-42
-47
-37
-30
-17
-8
-9
-10
-13
-11
-9
-4
-1
-9
-7
-1
-13
-18
-15
-7
0
0
8
15
20
24
24
29
35
41
59
56
37
30
22
20
31
30
31
20
9
10
0
7
12
-7
-1
16
21
22
4
-14
-21
-26
-42
-40
-31
-19
-11
-18
-18
-15
-14
-14
-7
-4
-2
0
-3
-6
-14
-25
-30
-21
-6
6
14
4
0
-2
-10
-5
0
7
14
4
-2
8
8
6
4
-3
-4
5
9
8
6
6
10
11
15
20
27
24
13
11
9
9
12
13
10
1
1
0
-4
-7
-8
-17
-16
-7
-2
20
23
8
-5
-14
-17
-10
-4
0
0
-7
-11
-16
-22
-20
-19
-8
8
2
-4
0
-5
-9
-10
-7
4
13
5
-16
-28
-22
-9
3
2
4
6
-7
-8
2
14
31
31
9
-3
-9
-13
-6
3
24
36
24
1
-19
-28
-13
1
5
7
-1
6
8
10
20
22
24
23
11
-8
-20
-24
-17
-2
1
-1
-7
-10
-3
1
4
6
-4
-7
-2
0
1
3
16
15
6
2
3
-5
-19
-16
-8
3
8
-7
-32
-40
-28
-7
6
22
13
-1
-1
-1
1
10
11
8
2
-5
2
6
14
20
7
0
-3
-1
15
16
2
-6
-9
-9
-5
-1
2
-2
-4
-8
-4
4
4
4
4
-5
-12
-5
1
6
-8
-19
-21
-22
-7
-10
-16
-11
-22
-16
7
12
26
27
22
21
19
10
7
0
-13
-12
-7
7
11
2
4
10
5
-8
-8
2
10
14
9
9
18
17
14
3
-16
-21
-17
-9
7
9
18
11
-16
-18
-17
-13
-1
4
-7
-17
-13
1
0
-5
-8
-11
-9
-2
10
13
25
25
18
8
7
2
2
13
16
17
17
5
-6
-6
-8
-6
4
23
39
38
29
11
-5
0
4
5
5
-7
-15
-16
-12
-9
-12
-11
-8
-4
-12
-19
-36
-48
-45
-36
-21
-4
-1
-20
-39
-42
-28
-9
2
-1
-6
-11
-1
4
9
18
15
12
8
20
27
34
30
27
12
-1
2
8
18
23
31
31
21
20
16
10
16
14
1
-5
-3
-5
-5
2
3
-1
-21
-41
-42
-27
-7
-9
-22
-20
-12
-13
-17
-19
-12
-1
-5
-8
-14
-12
1
5
-6
-9
-2
12
14
-1
-11
-17
-8
3
18
39
44
41
28
14
8
16
35
39
27
22
15
5
7
21
27
17
10
-10
-24
-15
7
20
19
10
1
0
2
9
-3
-2
-5
-10
-18
-25
-14
-13
-14
-20
-27
-33
-44
-52
-46
-26
-14
-11
-14
-17
-17
-18
-11
9
10
-9
-11
-2
1
10
7
5
2
1
14
22
29
28
9
-1
10
8
23
43
40
35
15
7
9
20
38
31
19
8
-3
-10
-7
-4
-2
-1
5
7
-7
-11
-23
-35
-31
-24
-14
0
-3
-20
-31
-40
-34
-32
-40
-33
-32
-30
-20
-16
-9
-5
-2
-13
-26
-11
16
36
39
19
-10
-27
-14
14
22
22
25
20
25
17
11
19
33
41
34
28
20
21
25
31
25
17
11
4
6
9
14
10
15
9
-19
-30
-28
-22
-9
5
9
8
1
-4
-13
-17
-21
-24
-29
-30
-24
-13
-7
-16
-39
-54
-41
-16
6
9
2
-5
-8
-1
-3
-4
6
6
3
7
6
24
32
16
-4
-5
6
17
27
21
13
7
17
27
18
18
18
16
11
4
11
24
34
25
4
-13
-19
-6
5
7
2
-8
-17
-27
-36
-33
-13
4
3
-2
-17
-33
-36
-31
-13
-2
-1
-3
-10
-26
-31
-32
-23
-5
2
7
-6
-8
5
11
13
4
2
15
17
10
3
-1
5
12
11
2
0
6
12
18
18
13
17
25
20
12
6
1
4
14
14
3
0
3
2
-2
-10
-7
-1
3
-2
-10
-5
10
23
24
3
-9
-19
-20
-6
-2
1
-9
-27
-31
-25
-15
-4
5
12
10
10
12
8
-10
-22
-16
-8
-8
6
5
-6
-11
-10
-4
-4
-2
-3
0
8
2
9
23
23
17
-3
-2
11
14
12
6
9
13
5
-16
-23
-12
2
7
9
15
19
10
-2
-10
-9
6
11
7
-8
-18
-8
1
5
7
-1
-12
-13
-2
11
12
6
4
-11
-17
-23
-26
-19
-15
-11
-15
-9
-6
1
-2
-14
-25
-29
-15
1
16
22
17
10
-1
-14
-12
-12
-1
19
22
16
14
8
-5
-1
3
7
14
18
29
32
27
25
18
13
12
8
4
4
3
-3
-4
-9
-12
-13
-9
-2
-4
-4
1
-3
-8
-5
-3
-5
4
8
-3
-3
4
6
4
-10
-19
-9
2
9
3
-9
-9
-3
0
2
3
-4
-13
-13
-5
-3
11
16
8
-1
-10
-9
8
21
20
5
-4
1
-1
-3
-3
-7
-16
-11
-9
-8
0
-4
-6
-6
-1
-4
-4
10
10
1
-2
1
7
14
13
2
-13
-5
7
9
11
11
5
-5
-5
1
5
10
10
13
8
9
3
-2
-6
-17
-25
-21
-10
-10
-7
-11
-11
-6
-15
-18
-29
-26
-17
-8
6
2
-3
-12
-20
-16
-15
-16
-13
-3
2
-2
-1
0
1
4
3
5
19
35
35
32
26
17
13
12
28
34
24
31
33
21
10
10
7
13
37
52
45
27
19
-8
-22
-6
-1
-3
2
4
-16
-33
-43
-49
-29
-21
-15
-16
-22
-22
-23
-15
-21
-30
-28
-15
-10
-8
-15
-17
-13
-13
-14
-12
-1
12
13
5
0
5
20
30
31
17
-1
1
24
38
38
40
29
17
6
5
13
27
42
40
24
14
11
3
-4
0
4
10
8
-1
-11
-15
-11
-8
0
2
-4
-4
-11
-25
-22
-20
-20
-23
-30
-44
-48
-30
-18
-18
-21
-25
-29
-28
-21
-13
-6
-7
-8
-8
0
8
8
0
-8
-6
-3
2
4
4
4
10
12
13
20
24
22
14
16
34
43
39
22
6
6
11
24
33
29
14
-1
-3
-2
-14
-17
-2
14
21
10
0
-4
-7
-18
-30
-24
-11
-4
-15
-37
-41
-33
-26
-23
-11
-7
-18
-22
-18
-19
-7
11
19
9
-8
-14
-4
4
13
11
-2
-5
-1
7
9
11
21
33
33
36
25
11
4
-1
4
18
18
4
1
-5
0
1
-6
4
5
4
4
2
0
2
8
17
20
19
11
-4
-12
-20
-19
-19
-14
-1
14
17
3
-13
-22
-21
-9
14
14
7
6
9
8
-4
-12
-19
-12
-2
-1
1
6
2
-8
-12
-12
-7
3
-2
-11
-18
-16
-11
-9
7
11
24
25
3
-10
-17
-8
10
16
14
13
11
6
-5
-6
-3
-3
1
11
9
7
10
-6
-14
-8
12
22
19
16
13
7
-5
-14
-29
-27
-4
16
20
-1
-26
-40
-40
-24
-9
-6
-3
0
-8
-16
-22
-24
-14
-9
-7
-9
-2
1
1
-4
-7
-6
-5
1
19
39
41
20
6
13
14
23
28
24
14
8
13
22
27
23
11
1
4
10
17
23
15
-6
-20
-19
-6
1
5
7
3
-5
-22
-30
-30
-22
-16
-10
-3
3
2
-5
-19
-32
-32
-25
-21
-17
-7
-9
-19
-13
-1
6
11
5
1
1
4
19
24
14
4
7
12
19
25
26
24
17
24
23
18
22
11
-1
-5
3
11
14
15
6
7
14
9
-4
-14
-18
-11
1
7
6
-8
-22
-21
-11
9
24
21
10
-1
-10
-11
-12
-10
-17
-32
-26
-10
-4
-2
-13
-19
-19
-22
-19
-17
-15
-17
-23
-27
-20
-15
-9
-13
-14
-9
-18
-21
-11
0
3
-1
3
10
17
22
8
0
3
31
56
46
36
9
-13
-10
9
34
46
56
45
16
-8
-19
-4
18
34
37
25
6
0
-4
-10
-6
1
9
6
1
-9
-15
-9
-11
-13
-20
-25
-37
-50
-40
-27
-14
-13
-13
-17
-29
-26
-29
-28
-9
-9
-7
-9
-8
0
8
21
15
1
-3
-1
5
8
8
14
20
16
11
24
40
42
33
22
31
30
26
33
24
12
12
24
12
0
1
1
7
14
13
4
-5
-12
-14
-12
-13
-4
-2
-13
-16
-21
-31
-28
-23
-27
-35
-41
-26
-7
3
-1
-22
-25
-26
-16
2
0
-9
-14
-7
-2
0
-8
-8
0
-5
-1
5
9
23
23
10
18
28
33
40
36
21
26
25
20
12
-3
3
11
16
13
3
-3
4
12
9
3
7
8
-8
-19
-24
-19
-3
1
1
-12
-30
-39
-36
-16
-10
-17
-20
-17
-11
-4
2
-2
-6
-18
-31
-18
2
17
24
9
0
-4
-11
11
32
38
28
8
-7
-14
-10
6
4
-9
-12
-14
-5
12
18
13
-3
-1
2
6
17
24
19
2
-2
-7
-12
-9
-12
-13
-7
-11
-21
-19
-10
4
13
26
28
15
6
-5
-4
5
8
12
-1
-6
0
10
18
14
15
2
-3
5
1
3
10
13
6
-4
-11
-21
-8
7
3
3
1
-14
-6
-5
-7
-7
-20
-11
4
14
4
-16
-33
-43
-43
-20
-3
-6
2
-7
-1
3
0
18
12
5
0
-7
2
10
13
24
25
24
25
8
-2
8
9
19
23
18
13
-1
-4
1
8
20
21
16
14
3
-3
-3
-3
0
2
5
-2
-12
-20
-22
-13
-10
-8
-9
-26
-32
-35
-30
-11
-3
7
3
-11
-20
-46
-49
-26
-3
13
16
2
-11
-9
-8
6
27
14
13
15
11
16
11
17
13
3
4
7
22
41
37
26
9
7
5
7
18
14
12
16
11
7
11
3
-4
-14
-21
-19
-13
-11
-13
-19
-16
-20
-20
-13
-12
-12
-28
-29
-21
-15
-7
-18
-36
-32
-27
-16
0
1
-13
-28
-23
-13
-4
16
31
36
42
38
25
12
6
16
19
22
32
17
19
31
16
-3
0
12
22
32
29
8
-11
0
10
15
21
19
13
-1
5
12
3
3
-12
-25
-28
-23
-10
5
4
-10
-22
-14
-8
-6
-10
-20
-14
-11
-11
-6
-8
-18
-28
-24
-18
-2
11
9
2
-6
-13
-16
-13
-7
-3
-10
-10
7
7
2
12
4
4
7
19
19
16
23
14
19
15
10
2
-13
-13
-11
6
31
28
15
1
-18
-16
9
25
24
10
7
5
-1
13
12
3
4
1
-1
-7
-10
-13
-27
-31
-24
-13
1
5
2
-8
-23
-25
-14
-11
-14
-6
-6
-17
-23
-10
-1
-11
-21
-10
7
9
-2
-16
-24
-25
-14
0
5
13
12
16
25
18
12
12
23
24
9
3
10
21
28
24
20
29
17
3
20
25
25
31
13
-4
-14
-5
14
-4
-18
-18
-26
-12
-15
-16
0
-4
0
-4
-14
-7
6
14
14
-5
-18
-17
-32
-33
-22
-21
-10
-9
-17
-9
2
3
5
8
13
11
7
-1
-5
-2
2
1
1
-3
11
25
19
20
2
-17
-1
15
22
28
22
9
-1
8
21
15
7
5
14
19
23
22
7
4
3
-5
-9
-3
-3
-2
-4
-7
-9
-10
-7
-8
-25
-31
-24
-21
-18
-17
-20
-25
-24
-20
-8
-2
-1
-11
-20
-14
-10
-10
-21
-20
-22
-35
-24
-16
-9
4
9
6
1
9
25
31
22
8
11
15
21
28
17
20
20
15
16
6
16
23
25
25
14
8
3
3
1
-1
-5
-1
0
-1
-7
-11
-10
-16
-9
1
6
4
2
7
3
-7
-9
-20
-22
-15
-13
3
5
-2
-5
-14
-18
-15
12
32
15
-3
-10
-13
-5
7
10
11
-2
-19
-19
-14
0
7
10
11
-2
-7
-3
-7
-3
7
