SAMPLES:	10237
BITSPERSAMPLE:	16
CHANNELS:	1
SAMPLERATE:	16000
NORMALIZED:	FALSE
6
0
-20
-25
-12
-5
1
2
-1
-11
-6
11
17
18
-2
-25
-21
1
19
30
20
-4
-21
-20
-17
-6
-2
2
5
-2
-10
-8
-2
6
14
6
3
9
3
0
-4
-13
-16
-14
-12
-12
-7
8
25
20
8
-2
-11
-6
-5
-8
1
25
30
14
-8
-13
-11
-17
-10
-9
-9
-3
4
14
18
23
22
7
1
-8
-10
-1
7
12
13
7
0
1
-7
-10
-5
2
18
22
20
16
8
13
20
7
-8
-17
-19
-10
0
-4
-15
-20
-5
12
9
10
15
20
11
-6
-26
-32
-16
5
17
14
0
-7
-5
2
7
-1
-11
-7
-14
-11
15
25
29
20
8
4
0
5
1
-6
2
-1
-1
5
-13
-19
-16
-9
3
3
4
3
-5
-7
-4
-8
-9
-12
-3
7
5
0
-8
-9
1
-3
0
2
3
4
-2
-11
-14
-8
-3
6
-1
-7
-13
-18
-8
6
5
9
3
-10
-6
3
7
9
8
6
-1
-13
-7
2
1
2
-3
-8
-8
1
3
7
16
7
1
7
11
2
-12
-6
6
14
13
-1
-17
-21
-13
-9
2
18
22
15
-1
-11
-12
-2
10
9
1
-10
-13
-15
-22
-13
-8
-4
7
21
17
5
-2
-4
-7
-1
10
6
4
-5
-17
-17
-6
10
19
17
12
11
1
2
-1
0
3
13
27
25
16
5
5
7
11
10
-7
-13
-17
-21
-19
-11
7
8
11
7
-4
-8
-9
-7
0
8
23
25
12
2
-8
-6
-9
-6
5
13
13
3
-10
-22
-25
-14
-6
1
11
15
8
7
5
1
0
4
0
-9
-4
9
26
17
-1
-23
-30
-18
-1
10
8
1
-3
-6
-3
6
16
15
3
-2
-5
-7
-3
2
3
6
-2
-11
-14
-16
-29
-28
-14
6
17
14
8
-8
-17
-7
-2
2
6
11
14
0
-15
-14
4
11
4
-6
0
8
2
-7
-24
-26
-11
-6
-4
2
-2
5
10
6
7
7
18
17
4
3
2
6
5
-2
-4
-9
-8
-6
-6
4
7
10
13
5
-2
2
2
1
3
7
16
12
5
-2
-7
-11
-9
0
0
0
2
1
0
0
-4
-8
-1
1
-2
-1
2
2
-3
-3
-10
-10
-8
-4
5
15
14
4
-4
-3
2
-1
1
3
-1
-1
-4
-3
-3
3
7
0
-1
-1
-8
-7
5
16
17
11
4
-2
-4
2
11
24
21
7
-2
-7
-7
-5
3
5
3
3
6
11
9
-1
-6
-5
-8
0
9
2
8
3
1
6
2
-3
-11
-24
-27
-15
-1
9
8
-2
-12
-21
-22
-12
-2
18
28
15
2
-9
-9
-18
-29
-34
-25
-2
19
25
15
4
-4
-7
-11
-18
-12
-1
11
9
8
4
-18
-9
-2
-4
0
5
17
30
33
15
0
-6
-4
-3
-7
8
-4
-6
8
-14
-13
-1
1
9
14
10
5
7
7
2
1
1
-4
-8
-8
-4
-4
-2
-2
-6
-3
-4
-9
-11
-11
0
11
22
13
6
3
-10
-15
-11
-4
2
0
-3
-2
0
-1
-1
3
-1
0
10
16
17
10
-6
-11
0
5
5
1
7
14
16
13
6
2
-3
-9
-6
3
8
6
6
-4
-14
-8
-3
-7
-7
0
8
8
3
2
-3
1
13
6
-11
-16
-8
6
3
-1
-11
-14
-11
-10
4
14
25
21
2
-10
-14
-7
2
7
8
-4
-13
-22
-19
-9
-6
7
3
2
8
16
25
21
8
-1
-1
3
4
2
-2
-16
-22
-20
-7
0
-3
-2
-8
-3
16
38
41
33
11
-7
1
16
19
25
34
30
16
5
3
1
-8
-24
-13
0
12
5
-7
-2
52
-148
-155
107
-8
-122
-123
97
-40
-225
28
51
-34
-89
97
35
-167
48
119
9
-86
56
127
-46
-36
43
72
-34
-36
145
22
-28
55
125
64
-137
138
135
-37
-87
29
159
-145
-20
75
3
-77
-102
153
-99
-177
164
-57
-234
-36
118
-36
-199
30
29
-96
-113
-19
72
-10
-58
-1
25
59
82
-21
90
92
59
32
-104
143
146
-109
-102
156
107
-210
33
107
-63
-70
53
160
-119
86
88
-145
72
30
-29
-69
219
-77
-251
204
-4
-198
-42
130
-87
-169
-4
80
-32
-145
21
127
-101
-72
73
-47
55
-22
-92
61
130
-56
-136
117
94
-24
-118
213
238
-273
110
260
-136
-3
260
-56
-95
124
110
-118
-55
154
-52
-61
-36
69
-182
-3
44
-224
21
-106
-89
69
-141
-218
189
18
-238
44
152
12
-103
13
213
-37
-133
189
83
-181
49
182
-85
56
-11
171
62
-86
259
117
6
154
142
-33
109
119
-73
36
-22
-163
26
-215
-121
-148
-362
-50
-217
-294
-123
-15
-262
-97
113
-155
15
22
118
22
-36
186
120
15
82
216
78
-1
149
134
155
34
123
214
-14
85
153
77
-56
41
34
-38
19
-56
-75
-162
-121
-103
-100
-186
-206
63
-232
-213
-81
-80
-96
-182
53
-25
-85
-27
135
64
-32
217
62
153
178
62
210
165
140
19
163
185
-2
39
135
23
-13
26
-8
-55
-170
-29
-171
-67
-185
-161
-78
-159
-125
-172
-68
-64
11
-75
22
121
79
-1
145
143
62
82
7
72
59
33
71
44
-39
78
54
-156
93
176
-142
63
60
24
16
19
-17
49
48
-88
32
-77
12
-72
-109
41
-27
-132
-107
68
-15
-131
73
52
-11
-27
-6
192
-27
-83
122
11
-42
44
7
3
53
8
30
-22
-32
110
-83
-9
88
62
-41
-37
137
-60
-27
-34
31
74
-191
-73
116
-69
-108
5
-45
-60
-66
-10
44
-48
-28
120
-44
-54
136
12
96
31
-21
77
25
-119
2
143
-87
-96
6
64
-55
-111
56
-15
-117
14
62
-39
-43
49
77
-61
-32
78
29
-19
36
-31
-62
-8
-68
-40
-48
16
-77
-59
17
-5
35
-80
-39
43
30
-11
-3
-10
51
20
-86
-7
-15
-4
-37
-6
55
30
-72
0
126
-29
-22
-6
22
106
-102
-6
127
-60
-101
-51
65
4
-67
4
67
-47
29
100
-19
63
14
76
53
24
56
25
-22
92
35
-75
66
-32
12
-3
-18
46
-38
-59
73
10
-15
49
-122
114
13
-162
44
-30
-43
-9
-32
28
19
-64
6
35
17
33
-6
27
80
23
37
9
22
4
0
1
-10
42
6
-83
-91
111
-36
-45
26
-42
101
-87
-15
69
-36
-23
-89
-39
34
25
-30
-94
-27
74
43
-122
88
11
-39
68
3
62
-22
47
99
12
39
46
-35
115
-15
1
0
-36
47
-32
15
-29
25
-158
-12
89
-136
-66
24
-89
-69
-74
2
58
-175
13
60
-23
-33
-1
23
-35
51
-28
68
32
-48
59
26
69
15
-46
103
21
-30
56
48
1
65
1
-148
96
12
-83
-5
81
19
-57
67
-39
-10
25
27
22
-17
-22
1
-37
30
84
-141
-65
97
-85
-15
20
-79
-46
-43
-21
-65
35
60
-92
-50
59
-3
-53
56
36
-47
68
37
-25
-60
65
72
-41
16
17
23
-68
118
122
-122
2
120
21
-49
101
44
-2
66
38
-17
34
-9
-25
-3
18
84
-152
-85
78
-14
-132
38
28
-130
-43
-5
-52
-114
22
17
-58
-24
-26
-29
3
25
-12
65
89
-40
85
77
11
44
92
110
64
60
67
75
-25
29
57
-60
28
28
-41
-79
-47
-12
-72
-84
-7
-3
-113
-115
40
-6
-183
0
113
-157
-58
90
-17
-115
64
128
-54
42
79
37
-25
61
119
-10
7
169
-27
-68
88
-11
-65
-28
61
-71
-100
11
-64
-15
-91
-79
-27
-72
-80
-59
-20
-85
-25
-11
-25
23
-1
40
-6
10
157
24
-15
115
149
33
48
121
95
96
43
54
34
105
39
-39
3
-15
-54
-12
-40
-127
-14
-140
-155
12
-64
-197
-55
-9
-107
-129
-84
64
-119
-79
142
20
-48
57
37
40
95
63
37
17
106
69
54
69
112
89
-36
87
122
-1
44
156
32
-80
57
26
-53
1
-16
-13
-7
-37
-114
-52
40
-110
-156
-1
39
-187
-59
66
-102
-48
18
-60
-75
19
-54
-113
50
86
-68
15
36
18
46
13
105
77
26
24
99
74
-26
5
68
51
-96
68
86
-51
32
43
-85
-9
65
-40
-19
40
-21
-95
24
53
-100
-91
57
-48
-123
101
13
-103
15
34
-19
-32
89
-24
-58
135
50
-98
30
126
-21
-106
49
119
-66
-100
97
28
-84
31
15
1
-10
8
18
-53
38
-40
-94
40
2
-116
-51
77
22
-98
-4
121
-74
-82
73
44
-45
25
27
-9
43
24
5
-2
110
-16
-60
123
44
-110
34
141
-26
-58
121
68
-47
37
80
28
3
38
-65
-26
61
-31
-52
15
-6
-31
-73
-72
-10
-25
-58
-55
-35
-12
-44
-101
0
-34
-88
-11
-41
-28
-71
-63
3
-48
-57
-10
-7
-19
35
-1
-23
10
57
12
-45
51
45
-21
97
29
-53
74
94
-52
-29
104
29
-49
46
86
-86
-33
44
-44
-63
34
-39
-93
-21
-6
-5
-2
52
-9
42
91
53
31
92
60
43
110
51
106
84
96
77
93
112
75
88
151
42
30
153
39
34
39
131
49
-13
139
11
-42
17
-12
31
71
-60
-8
45
-12
-27
-18
4
-4
-27
-70
-48
-15
-47
-109
-30
-10
-74
-121
-54
-30
-68
-70
-96
-50
-46
-73
-60
-13
-46
-119
-97
-42
-83
-62
-55
-104
-104
-92
-127
-129
-76
-139
-154
-84
-122
-203
-189
-129
-165
-217
-154
-181
-223
-158
-155
-181
-133
-107
-163
-156
-29
-47
-110
-50
38
32
-23
37
78
87
59
128
122
104
134
90
89
173
195
101
180
244
162
126
236
247
163
167
271
245
264
343
341
347
394
431
446
439
518
532
501
547
601
586
563
579
585
511
433
457
391
324
217
198
78
-56
-142
-212
-298
-457
-585
-615
-674
-814
-862
-849
-893
-978
-930
-881
-835
-827
-767
-683
-573
-498
-415
-320
-221
-104
-29
54
140
265
322
287
323
426
387
337
373
384
257
191
150
74
-20
-85
-155
-256
-340
-413
-474
-526
-574
-621
-671
-674
-667
-701
-687
-668
-649
-620
-507
-443
-444
-346
-247
-142
-59
49
216
294
400
491
625
735
875
996
1004
1162
1237
1226
1330
1429
1431
1337
1400
1554
1192
1021
1137
1125
857
486
569
539
105
-261
-183
-250
-564
-835
-877
-827
-1048
-1348
-1237
-1110
-1168
-1262
-1172
-992
-969
-962
-796
-455
-320
-313
-132
177
299
379
577
813
957
940
1025
1060
1154
1164
1044
1060
1020
880
601
499
455
252
55
-133
-268
-558
-811
-912
-1019
-1191
-1322
-1406
-1464
-1572
-1617
-1602
-1594
-1493
-1450
-1419
-1278
-1116
-1016
-871
-674
-480
-388
-264
-58
105
197
398
553
600
658
736
844
821
911
956
950
957
962
968
962
931
932
1012
971
976
891
870
1026
995
795
803
1043
1086
236
587
932
764
302
-65
688
242
-484
-511
5
-162
-869
-970
-620
-656
-1336
-1314
-871
-839
-1228
-1462
-921
-709
-1143
-1071
-531
-202
-573
-562
47
353
40
175
784
820
703
705
1054
1084
969
977
990
1117
945
590
506
632
467
107
-111
33
-289
-752
-757
-624
-846
-1243
-1254
-1220
-1377
-1607
-1478
-1369
-1341
-1404
-1377
-1203
-1114
-1048
-961
-692
-496
-370
-299
-67
131
139
354
653
748
721
804
1010
1020
1019
1259
1296
1195
1171
1203
1246
1128
1253
1339
1252
1128
1055
1095
1187
1181
1081
1031
1462
728
-96
791
821
796
-129
-80
520
-666
-1284
-1019
-281
-673
-1430
-1394
-1069
-1510
-2386
-1801
-1044
-1118
-1616
-1744
-994
-1257
-1658
-1174
-410
-199
-700
-459
172
297
-69
499
1147
1227
1023
973
1544
1597
1466
1533
1787
1818
1239
877
1060
1198
733
413
360
158
-467
-905
-687
-637
-1066
-1415
-1451
-1554
-1765
-1966
-1669
-1532
-1766
-1781
-1726
-1596
-1582
-1445
-1081
-788
-791
-728
-552
-440
-263
-27
434
654
565
738
754
712
855
1129
1460
1479
1281
1166
1228
1141
1269
1425
1668
1658
1331
1353
1313
1283
1479
1645
1664
1591
1483
1471
278
603
1314
1220
760
-154
490
-112
-1121
-1324
-625
-395
-1333
-1671
-1728
-1693
-2533
-2711
-1759
-1424
-1811
-2459
-2055
-1612
-2068
-1884
-1059
-443
-761
-983
-410
28
-11
280
1119
1381
1251
1162
1531
1729
1698
1947
2258
2213
1973
1421
1127
1572
1420
1051
721
578
167
-645
-655
-471
-788
-1355
-1536
-1648
-1961
-2085
-2085
-1896
-1983
-2134
-2098
-2024
-1833
-1811
-1660
-1170
-844
-962
-984
-632
-316
-185
132
774
951
703
752
1060
1336
1454
1826
2058
1924
1741
1609
1759
1910
2068
2037
2116
2015
1740
1479
1465
1808
1696
1746
1669
1597
1438
776
-150
479
1152
969
111
-842
-346
-1054
-1964
-1857
-1080
-1021
-2338
-2848
-2501
-2511
-3255
-3088
-2126
-1912
-2580
-3036
-2397
-1891
-2184
-1745
-857
-393
-818
-883
88
593
533
848
1808
2018
1783
1748
2180
2703
2631
2808
2828
2825
2337
1845
2025
2012
1929
1415
1051
626
-155
-568
-613
-563
-1045
-1625
-1999
-2251
-2482
-2779
-2727
-2601
-2669
-2872
-2948
-2712
-2591
-2454
-2180
-1748
-1566
-1353
-1073
-836
-527
-207
458
954
980
1004
1337
1535
1816
2169
2530
2750
2466
2274
2321
2386
2457
2605
2715
2727
2155
1691
1805
1630
1644
1650
1604
1409
1038
868
524
-606
-280
636
412
-471
-1549
-998
-1098
-2178
-2289
-1520
-1381
-2410
-2942
-2476
-2056
-2862
-3210
-2241
-1637
-1952
-2420
-2031
-1309
-1690
-1577
-408
162
-175
-499
209
936
964
1064
1872
2177
1803
1725
2007
2576
2639
2548
2591
2367
2101
1834
1474
1679
1556
1164
634
238
-70
-809
-919
-833
-1127
-1837
-2083
-2254
-2443
-2630
-2771
-2577
-2786
-2823
-2731
-2646
-2438
-2305
-2225
-1714
-1385
-1314
-1155
-782
-190
155
448
944
1072
1073
1536
1959
2207
2310
2542
2719
2439
2252
2745
2906
2641
2522
2340
2391
2116
2044
2036
1855
1725
1362
1217
1173
1249
943
747
9
-590
88
72
-217
-1327
-1458
-792
-1845
-2490
-2297
-1731
-2031
-2912
-2814
-2370
-2699
-3485
-2926
-2191
-2034
-2378
-2420
-1688
-1836
-1914
-1214
-339
-63
-291
-57
583
903
853
1495
2209
2275
2222
2237
2538
2675
2740
2997
3069
2970
2568
1945
2046
1988
1837
1481
880
638
-254
-728
-819
-1016
-1473
-1871
-2225
-2601
-2913
-3445
-3196
-3278
-3157
-3085
-3246
-3049
-3104
-2893
-2476
-1814
-1607
-1408
-1083
-734
-242
120
878
1224
1308
1686
2048
2323
2585
2830
2991
3002
2910
3153
3039
2791
2710
2568
2691
2404
2193
1985
1679
1472
1292
1255
1157
943
531
636
715
49
-1008
-524
-35
-485
-1207
-1545
-957
-1776
-2795
-2860
-2043
-1786
-2562
-2843
-2712
-2628
-3425
-3211
-2060
-1572
-1992
-2465
-1885
-1421
-1568
-1158
-138
358
-71
-12
701
1098
1284
1695
2452
2587
2419
2523
2868
3029
2966
2956
3141
3400
2882
2020
1678
1760
1667
1178
701
340
-366
-1307
-1528
-1547
-1867
-2432
-2856
-3116
-3476
-3667
-3622
-3478
-3477
-3506
-3465
-3249
-2955
-2699
-2244
-1764
-1454
-1122
-603
-40
288
573
1065
1742
2133
2307
2638
2765
2779
2959
3349
3506
3384
3186
3063
2763
2476
2577
2538
2425
1991
1578
1361
1100
1061
820
807
527
297
354
141
-189
-1316
-1004
-317
-516
-1182
-1838
-1209
-1709
-2800
-2919
-1988
-1412
-2471
-2771
-2610
-2463
-3111
-3292
-1945
-1561
-1837
-2380
-2065
-1361
-1422
-1174
-420
258
104
58
690
1248
1487
1439
2028
2666
2628
2717
2858
2985
2995
2925
3161
3285
2924
2254
1895
1873
1751
1265
581
350
-120
-871
-1328
-1531
-1736
-2330
-2849
-3005
-3146
-3486
-3686
-3560
-3407
-3376
-3392
-3192
-2897
-2706
-2412
-1936
-1490
-1069
-588
-256
105
473
1017
1589
1780
2100
2504
2739
2774
2785
3179
3407
3177
3032
3067
2971
2613
2368
2434
2442
1916
1576
1485
1341
1005
548
566
626
360
116
57
29
-672
-1473
-1096
-431
-559
-1441
-1738
-1546
-2100
-2966
-2739
-1728
-1709
-2642
-3003
-2634
-2430
-3019
-2959
-1787
-1373
-1764
-2053
-1419
-755
-1020
-798
91
784
552
549
1216
1655
1776
1650
2303
2752
2719
2725
2765
2896
2716
2696
2860
2887
2436
1784
1521
1406
1312
864
333
-14
-637
-1210
-1599
-1709
-1885
-2378
-2796
-2982
-3079
-3313
-3469
-3360
-3198
-3009
-2855
-2705
-2448
-2344
-2025
-1603
-1064
-518
-162
32
180
681
1180
1662
2014
2218
2352
2279
2443
2844
3117
3068
2790
2751
2708
2390
2147
2231
2316
1995
1491
1230
1250
1040
550
468
526
356
30
-67
11
-263
-948
-1363
-984
-639
-862
-1427
-1716
-1659
-2054
-2511
-2456
-1824
-1698
-2209
-2476
-2405
-2204
-2489
-2332
-1629
-1214
-1332
-1545
-1151
-671
-584
-525
-6
638
814
863
1071
1384
1523
1529
2002
2451
2526
2426
2283
2434
2526
2463
2375
2267
2133
1804
1572
1360
1073
662
123
-49
-296
-639
-1204
-1595
-1739
-2087
-2288
-2431
-2413
-2639
-2870
-2810
-2519
-2233
-2262
-2184
-1932
-1582
-1336
-1149
-680
-207
-33
-16
201
827
1140
1079
1353
1753
1933
1755
1757
2076
2233
2130
2058
2121
1972
1700
1577
1681
1627
1202
884
795
703
510
177
82
-55
-281
-484
-645
-662
-811
-974
-1033
-926
-939
-1112
-1284
-1265
-1177
-1210
-1198
-1135
-912
-1002
-1210
-1341
-1224
-970
-976
-904
-867
-789
-771
-831
-612
-362
-221
-163
-10
233
485
635
708
878
957
1171
1402
1501
1526
1462
1532
1609
1552
1459
1350
1243
1126
1016
947
761
454
182
69
-40
-280
-461
-628
-742
-924
-1125
-1143
-1246
-1365
-1530
-1488
-1287
-1222
-1169
-1239
-1207
-1069
-836
-590
-473
-280
-145
-20
41
303
648
701
666
769
1019
1102
1047
1121
1238
1184
1061
1065
1140
1035
848
751
739
612
432
341
257
91
-166
-239
-245
-392
-593
-680
-701
-816
-949
-992
-944
-1009
-1102
-1052
-950
-905
-947
-859
-743
-699
-654
-525
-390
-382
-358
-222
-53
-38
-68
19
143
162
174
282
441
422
373
493
658
735
647
676
775
829
864
831
855
774
722
681
599
574
489
459
341
228
134
54
-4
-107
-124
-175
-251
-338
-409
-367
-400
-409
-430
-472
-506
-523
-398
-249
-174
-187
-227
-177
-35
142
222
267
331
344
403
401
485
541
525
504
460
475
424
336
308
271
188
80
32
10
-92
-209
-265
-244
-317
-414
-477
-517
-561
-675
-688
-675
-715
-818
-840
-848
-927
-923
-853
-753
-814
-890
-800
-712
-674
-625
-440
-268
-233
-200
-49
132
207
334
536
685
716
708
823
890
862
899
987
1038
919
785
789
783
703
573
533
533
398
235
153
123
35
-123
-177
-192
-251
-372
-461
-453
-459
-524
-591
-569
-517
-511
-561
-581
-501
-436
-411
-391
-300
-204
-172
-130
-1
161
243
331
458
591
644
738
947
1123
1137
1068
1096
1181
1199
1142
1109
1082
957
773
646
573
446
257
137
47
-93
-258
-387
-490
-608
-745
-854
-904
-962
-1056
-1139
-1187
-1232
-1348
-1449
-1443
-1376
-1376
-1429
-1397
-1303
-1247
-1238
-1124
-918
-762
-643
-471
-245
-115
-32
115
328
516
622
725
808
851
871
919
976
989
977
976
982
938
883
872
860
790
690
668
670
596
465
380
350
262
112
-2
-38
-108
-266
-392
-398
-374
-446
-537
-561
-548
-570
-590
-518
-400
-323
-326
-323
-278
-215
-159
-82
19
131
210
225
239
307
424
494
521
614
733
762
731
754
851
896
851
849
917
916
776
712
750
701
537
396
376
282
64
-84
-106
-186
-453
-711
-817
-911
-1080
-1209
-1205
-1254
-1431
-1569
-1567
-1533
-1560
-1543
-1437
-1356
-1339
-1276
-1139
-1002
-883
-732
-525
-351
-237
-88
78
224
392
587
763
835
901
1044
1142
1130
1094
1122
1130
1024
894
859
830
691
511
396
313
164
9
-60
-83
-168
-283
-317
-304
-343
-403
-351
-259
-293
-367
-314
-162
-92
-143
-113
27
44
-54
-44
133
250
143
73
166
231
136
75
183
273
211
114
191
324
338
301
355
464
492
498
570
656
664
635
655
680
693
709
714
667
586
541
511
419
308
252
205
106
-33
-153
-268
-387
-499
-611
-725
-778
-856
-1000
-1137
-1220
-1233
-1253
-1280
-1275
-1215
-1154
-1145
-1125
-1031
-881
-784
-701
-531
-321
-190
-125
11
206
349
403
490
684
789
731
699
810
859
751
679
738
710
514
381
343
292
143
-5
-81
-148
-245
-350
-404
-443
-490
-558
-578
-526
-530
-499
-431
-403
-386
-310
-177
-138
-109
40
225
267
261
389
506
461
427
580
794
813
664
643
723
645
439
415
616
686
455
235
244
276
134
25
118
222
101
-132
-154
-9
22
-85
-108
-22
-4
-113
-206
-142
-37
-48
-132
-174
-147
-147
-263
-345
-280
-212
-256
-374
-410
-307
-303
-436
-433
-228
-162
-316
-321
-110
-35
-170
-120
109
113
-53
4
189
210
131
117
185
176
81
85
151
144
43
-42
44
31
-124
-175
-68
-48
-229
-270
-140
-122
-280
-368
-236
-182
-332
-359
-228
-225
-315
-257
-199
-231
-256
-199
-114
-224
-174
43
-53
-175
-44
140
77
-36
166
354
225
161
371
444
385
528
686
644
625
790
840
638
614
865
911
660
582
737
633
272
89
262
343
82
-148
-178
-251
-564
-766
-666
-548
-627
-892
-1009
-996
-1087
-1096
-1004
-883
-778
-772
-793
-710
-568
-419
-244
-115
108
351
389
474
702
890
1002
1052
1200
1340
1255
1207
1293
1339
1245
1105
1082
1002
753
567
478
367
113
-138
-273
-456
-725
-918
-973
-1058
-1209
-1340
-1389
-1444
-1527
-1485
-1378
-1297
-1239
-1173
-1078
-992
-794
-613
-461
-224
-131
-46
54
208
399
438
589
740
686
577
644
770
662
648
712
645
500
375
381
325
240
237
294
264
185
195
157
136
190
270
366
408
411
390
386
267
197
345
524
594
311
61
101
-30
-310
-371
-158
-83
-477
-903
-921
-850
-1104
-1270
-1057
-852
-998
-1381
-1378
-1081
-1008
-951
-697
-402
-290
-338
-211
137
431
677
957
1173
1333
1432
1536
1707
1922
2126
2237
2177
2070
2004
1868
1798
1807
1749
1485
1035
715
487
140
-98
-276
-607
-991
-1397
-1650
-1836
-2124
-2242
-2346
-2504
-2528
-2549
-2508
-2399
-2335
-2210
-2005
-1764
-1469
-1216
-1023
-697
-361
-123
133
410
723
943
1041
1240
1442
1500
1497
1503
1593
1629
1509
1415
1352
1235
1074
902
864
828
577
399
347
233
129
6
-111
-185
-199
-86
-93
-230
-200
-339
-779
-772
-312
18
-218
-729
-752
-715
-1027
-1118
-721
-342
-577
-1151
-1359
-1090
-974
-1076
-818
-410
-351
-717
-971
-611
-145
23
232
564
712
569
474
796
1248
1538
1791
1868
1820
1784
1717
1809
2038
2316
2407
2073
1783
1631
1446
1297
1203
1259
1056
452
-18
-215
-418
-739
-1059
-1226
-1475
-1938
-2232
-2314
-2367
-2539
-2745
-2679
-2621
-2728
-2713
-2441
-2119
-1973
-1806
-1480
-1213
-1112
-834
-315
158
457
673
906
1063
1199
1406
1731
2007
2099
2053
1899
1885
1870
1792
1816
1771
1524
1133
870
773
670
551
382
179
-41
-390
-604
-576
-423
-378
-560
-737
-742
-987
-1520
-1229
-513
-309
-772
-1362
-1188
-1168
-1533
-1403
-837
-379
-794
-1468
-1432
-1017
-898
-886
-459
-54
-60
-512
-551
60
416
626
820
1041
1101
922
1028
1425
1768
1939
2007
1908
1808
1764
1759
1940
2116
2261
2052
1654
1526
1294
1118
1145
1250
1138
530
9
-177
-426
-660
-662
-908
-1405
-1846
-2194
-2159
-2198
-2333
-2446
-2658
-2649
-2676
-2748
-2466
-2067
-1858
-1819
-1704
-1360
-1096
-972
-538
11
304
486
577
737
1006
1282
1579
1825
1982
1923
1715
1731
1967
2000
1783
1664
1622
1382
1034
788
668
517
365
215
-24
-288
-595
-810
-863
-709
-606
-734
-850
-907
-1039
-1612
-1549
-611
-224
-671
-1450
-1423
-1031
-1273
-1411
-972
-359
-497
-1259
-1394
-798
-518
-711
-416
233
459
-38
-322
342
781
799
996
1373
1529
1161
1057
1413
1704
1854
1897
1901
1734
1540
1516
1612
1808
1898
1742
1412
1159
995
864
903
987
881
467
-42
-313
-490
-525
-526
-895
-1181
-1324
-1706
-2049
-2024
-1791
-1984
-2397
-2229
-1955
-2285
-2516
-2006
-1515
-1618
-1724
-1235
-869
-1025
-859
-268
210
366
382
559
876
1061
1113
1348
1727
1796
1493
1466
1770
1695
1367
1382
1550
1342
937
801
718
446
248
172
49
-198
-355
-476
-716
-801
-740
-768
-821
-729
-775
-915
-1121
-1302
-1014
-481
-395
-999
-1372
-961
-800
-1224
-1189
-498
-299
-909
-1237
-826
-407
-502
-372
160
369
120
-113
177
693
1037
1206
1287
1309
1114
1044
1320
1713
1880
1796
1664
1449
1275
1255
1404
1489
1429
1474
1341
926
668
655
721
691
683
644
265
-184
-299
-353
-468
-378
-425
-868
-1325
-1488
-1388
-1407
-1529
-1420
-1483
-1871
-2106
-1927
-1556
-1356
-1297
-1271
-1302
-1378
-1258
-849
-397
-197
-210
-112
70
151
255
608
934
909
779
909
1120
1055
973
1024
1050
1055
1019
930
632
379
412
467
483
378
47
-286
-393
-296
-144
-157
-295
-541
-750
-727
-511
-199
-42
-329
-977
-1040
-410
-20
-270
-619
-465
-449
-964
-1081
-438
155
-165
-761
-687
-363
-416
-455
66
504
299
-142
-23
518
656
615
817
1089
971
621
752
1160
1233
1086
1062
1093
1043
957
945
1013
1062
1091
1045
942
879
769
694
776
960
1041
786
398
272
358
347
225
136
-12
-464
-888
-845
-709
-920
-1363
-1559
-1530
-1707
-1887
-1772
-1617
-1752
-1989
-1934
-1640
-1455
-1434
-1339
-1164
-1007
-876
-641
-307
-204
-270
-89
318
570
603
704
894
982
969
1032
1161
1186
1134
1074
997
896
818
714
559
478
356
174
13
-52
-57
-183
-371
-513
-490
-398
-374
-400
-400
-452
-859
-988
-466
-13
-205
-761
-732
-365
-525
-786
-390
204
41
-483
-501
-98
30
-148
77
545
545
21
-240
179
578
593
536
598
513
326
390
654
859
836
874
975
887
814
866
1004
1133
1288
1434
1355
1114
873
829
1048
1443
1629
1243
633
286
319
507
596
551
236
-399
-998
-1117
-832
-769
-1153
-1527
-1731
-1955
-2143
-2119
-1906
-1877
-2111
-2168
-1961
-1870
-1904
-1723
-1329
-1045
-987
-956
-769
-505
-294
-2
383
609
594
627
906
1156
1229
1324
1475
1509
1405
1310
1280
1223
1115
1044
932
708
442
224
75
-7
-84
-228
-413
-577
-715
-832
-813
-737
-648
-533
-497
-719
-1206
-1087
-274
193
-112
-606
-505
-172
-218
-343
-81
325
221
-222
-273
130
235
-116
-66
383
511
195
-12
216
395
397
496
702
752
512
356
524
859
1080
1079
929
769
760
876
1055
1252
1399
1283
945
835
943
1072
1120
1058
955
750
486
282
248
309
280
-100
-618
-809
-863
-944
-1016
-1135
-1391
-1722
-1873
-1921
-1967
-1862
-1751
-1775
-1867
-1904
-1874
-1773
-1537
-1189
-946
-883
-822
-752
-619
-301
91
386
540
591
620
721
991
1280
1377
1408
1453
1419
1265
1204
1294
1253
1087
922
715
434
202
71
-82
-312
-535
-744
-866
-813
-843
-1067
-1270
-1209
-971
-864
-749
-492
-427
-744
-855
-328
270
380
51
-5
321
377
178
267
738
931
568
310
537
713
457
393
811
1060
689
201
291
616
698
684
731
660
363
140
257
578
743
637
492
362
209
141
284
606
824
724
443
193
83
191
491
737
686
338
-9
-100
11
127
131
20
-150
-383
-658
-801
-740
-637
-750
-1029
-1183
-1211
-1309
-1360
-1256
-1175
-1252
-1366
-1322
-1137
-1005
-989
-900
-725
-618
-586
-472
-165
121
181
117
155
337
548
754
923
935
771
616
660
854
943
782
511
307
203
139
57
-85
-270
-526
-762
-874
-919
-898
-924
-1029
-1061
-1002
-937
-868
-802
-623
-346
-187
-6
286
322
68
248
955
1374
1068
770
1092
1301
960
806
1260
1671
1356
772
717
949
839
534
578
801
638
130
-140
-60
-78
-166
-103
-97
-345
-573
-509
-389
-424
-415
-207
-111
-243
-289
-160
-53
5
156
323
348
265
226
332
555
786
839
670
524
574
733
840
797
684
518
283
102
84
101
-38
-270
-452
-629
-889
-1069
-997
-931
-1070
-1252
-1287
-1243
-1275
-1290
-1152
-960
-883
-867
-835
-778
-678
-522
-319
-178
-134
-122
-136
-123
-5
156
200
138
88
47
-22
-114
-132
-73
-58
-150
-310
-425
-468
-424
-341
-331
-410
-493
-489
-402
-250
-87
-29
-79
-131
-40
252
604
742
761
919
1065
888
836
1350
1894
1805
1310
1242
1553
1475
1059
1017
1379
1336
668
184
291
331
-108
-378
-197
-223
-751
-1158
-975
-714
-843
-1044
-983
-926
-1040
-993
-671
-425
-512
-619
-426
-136
-18
1
150
415
577
573
615
841
1041
1069
1106
1296
1448
1326
1108
1087
1221
1289
1155
916
717
547
363
224
182
98
-215
-572
-700
-691
-799
-1012
-1108
-1105
-1242
-1473
-1516
-1375
-1282
-1378
-1473
-1435
-1360
-1337
-1284
-1141
-1036
-1040
-1068
-929
-731
-677
-708
-639
-479
-385
-367
-329
-260
-189
-92
-7
27
28
41
97
211
305
266
191
255
366
342
282
360
481
470
394
431
569
634
613
708
928
1011
874
889
1227
1417
1110
915
1241
1504
1193
712
808
1122
849
269
143
413
291
-217
-412
-260
-357
-802
-881
-557
-522
-939
-1180
-908
-675
-753
-769
-544
-458
-627
-578
-203
74
44
52
280
438
423
471
708
921
963
921
905
992
1031
1003
1055
1181
1219
1026
808
804
895
884
799
731
606
363
138
113
156
16
-265
-493
-602
-768
-969
-1068
-1105
-1228
-1418
-1531
-1590
-1696
-1824
-1844
-1751
-1698
-1773
-1915
-1932
-1798
-1655
-1538
-1432
-1350
-1345
-1313
-1092
-753
-490
-394
-326
-174
21
266
552
802
882
857
916
1115
1282
1312
1285
1249
1224
1175
1134
1114
1051
941
840
776
712
607
487
445
457
405
314
305
358
308
197
250
435
329
54
141
441
426
12
-101
252
293
-103
-268
30
160
-190
-400
-165
-5
-317
-523
-191
130
-64
-415
-277
34
-10
-137
29
260
167
-15
52
247
329
319
352
351
326
337
425
526
549
586
629
672
663
642
750
842
840
790
783
758
656
599
582
521
349
205
71
-129
-299
-432
-562
-803
-1057
-1199
-1331
-1515
-1632
-1720
-1896
-2074
-2120
-2036
-1995
-2069
-2112
-2049
-1925
-1774
-1615
-1447
-1272
-1154
-1005
-746
-444
-201
-15
222
455
598
741
965
1190
1317
1359
1410
1488
1510
1497
1499
1467
1374
1238
1110
1043
916
730
555
439
340
156
-48
-156
-235
-365
-454
-457
-439
-510
-622
-590
-449
-309
-289
-318
-176
72
70
-27
245
570
567
318
401
803
787
529
572
878
896
569
492
710
744
440
381
602
570
230
33
264
340
49
-93
52
89
-158
-261
-84
-17
-202
-300
-160
-68
-157
-221
-105
37
19
-60
-1
138
144
45
91
253
274
131
43
104
167
81
-4
-15
-83
-230
-389
-404
-348
-516
-738
-784
-779
-889
-1094
-1098
-1048
-1147
-1223
-1218
-1159
-1191
-1230
-1154
-1033
-921
-871
-816
-698
-542
-433
-296
-83
91
190
255
377
547
715
848
923
948
960
975
986
1047
1088
1001
823
700
669
556
419
330
185
1
-148
-226
-295
-395
-502
-576
-604
-615
-626
-647
-596
-493
-423
-374
-301
-130
64
185
263
367
616
830
712
721
1084
1323
1164
935
1191
1474
1218
938
1074
1289
1050
675
629
757
583
169
146
245
37
-361
-529
-369
-478
-802
-883
-797
-901
-1167
-1162
-965
-954
-1146
-1108
-865
-788
-816
-753
-486
-303
-312
-221
29
221
214
263
477
648
641
569
698
827
749
621
652
714
518
318
317
348
212
-32
-166
-146
-248
-473
-569
-555
-589
-814
-910
-803
-826
-946
-944
-830
-837
-881
-791
-648
-600
-572
-428
-317
-259
-178
-75
42
127
173
206
292
379
394
384
461
519
464
433
422
405
405
381
314
243
213
176
63
10
23
-42
-104
-131
-134
-197
-268
-237
-198
-219
-218
-139
-58
6
27
72
246
378
369
412
633
827
657
566
865
1080
940
643
773
1074
843
454
516
818
611
102
-21
215
152
-391
-485
-199
-290
-760
-979
-681
-606
-953
-1069
-782
-669
-920
-957
-670
-486
-580
-596
-326
-158
-184
-168
23
256
292
281
428
585
555
494
652
833
819
701
700
775
709
625
619
638
533
362
271
251
194
19
-115
-108
-156
-338
-483
-464
-481
-681
-802
-745
-753
-916
-985
-891
-839
-920
-938
-830
-707
-688
-685
-546
-395
-300
-245
-144
28
131
173
262
393
420
405
474
518
531
525
538
523
418
376
373
304
223
175
144
57
-103
-218
-235
-295
-391
-455
-481
-494
-610
-632
-484
-437
-500
-454
-269
-185
-218
-96
173
307
285
303
596
794
585
596
954
1159
924
674
991
1200
834
541
785
991
601
243
348
525
198
-230
-90
64
-215
-638
-588
-329
-582
-885
-770
-540
-696
-961
-836
-526
-537
-759
-600
-318
-267
-358
-251
85
201
134
210
478
609
542
607
842
976
870
823
934
980
842
723
815
860
660
430
397
422
257
-12
-66
-51
-280
-526
-579
-529
-654
-865
-882
-882
-985
-1055
-981
-921
-934
-927
-888
-786
-737
-661
-533
-436
-329
-249
-168
-73
4
89
174
209
221
273
326
345
304
285
281
183
114
82
49
-21
-123
-193
-224
-306
-424
-485
-502
-505
-565
-606
-546
-543
-608
-578
-436
-308
-296
-259
-95
41
105
179
323
553
717
716
756
962
1186
1097
960
1225
1444
1297
1004
1075
1329
1112
737
694
860
694
250
124
221
62
-405
-561
-351
-436
-844
-1064
-843
-766
-1079
-1163
-900
-791
-985
-1017
-730
-500
-528
-497
-221
18
52
49
279
578
662
621
749
984
977
844
948
1166
1107
881
867
994
915
656
596
647
482
241
116
144
58
-214
-346
-331
-381
-586
-708
-650
-656
-817
-889
-798
-797
-867
-856
-748
-689
-745
-707
-598
-520
-483
-468
-378
-252
-205
-187
-143
-91
-21
-36
-45
26
53
33
-23
-60
-36
-46
-84
-149
-211
-209
-237
-301
-343
-359
-381
-409
-428
-415
-394
-399
-398
-374
-345
-273
-213
-178
-96
-43
27
143
234
302
342
459
582
590
639
785
895
859
820
949
1095
968
783
911
1069
956
642
636
888
680
267
240
488
358
-85
-172
40
-20
-435
-514
-255
-249
-575
-705
-439
-333
-576
-654
-408
-303
-474
-525
-284
-139
-232
-248
-43
87
14
-12
141
296
256
197
297
450
422
326
395
512
500
421
420
479
438
363
348
372
360
286
227
195
180
99
12
-15
-32
-133
-247
-283
-272
-303
-398
-439
-468
-521
-561
-573
-576
-579
-595
-628
-637
-612
-608
-612
-624
-606
-591
-598
-579
-558
-547
-540
-490
-478
-491
-458
-413
-373
-355
-329
-295
-248
-195
-137
-88
-42
0
13
57
95
105
153
206
206
193
229
275
272
240
272
328
316
296
305
332
338
345
397
446
446
411
453
559
586
537
562
726
743
580
584
799
860
648
565
729
786
574
420
521
554
350
167
209
251
47
-158
-144
-121
-292
-494
-470
-393
-521
-684
-672
-606
-693
-782
-712
-599
-613
-677
-599
-445
-374
-392
-323
-158
-58
-50
4
182
303
310
364
531
623
570
585
728
805
736
708
802
803
662
606
690
688
513
388
382
312
116
-46
-71
-96
-255
-426
-504
-562
-683
-820
-887
-890
-945
-1068
-1142
-1143
-1146
-1176
-1190
-1138
-1096
-1087
-1050
-968
-868
-790
-730
-628
-493
-394
-295
-158
-7
73
119
226
349
428
460
513
586
618
614
604
615
615
557
513
499
463
376
273
218
157
94
43
1
-35
-74
-119
-165
-164
-130
-119
-105
-41
34
84
149
259
360
416
488
596
669
715
779
837
888
900
901
901
881
844
745
655
621
566
439
269
146
54
-57
-184
-291
-383
-500
-631
-729
-760
-774
-803
-839
-827
-790
-781
-742
-684
-611
-547
-486
-375
-260
-180
-84
33
135
214
300
417
494
522
597
702
764
782
795
820
825
804
784
777
731
639
572
507
415
298
177
83
-45
-156
-240
-366
-503
-609
-669
-787
-948
-1018
-1006
-1027
-1114
-1153
-1113
-1109
-1140
-1106
-989
-886
-853
-789
-663
-534
-438
-342
-207
-76
18
98
189
291
386
450
494
529
556
557
538
534
537
487
405
343
313
250
127
37
-15
-100
-207
-278
-312
-347
-400
-436
-447
-456
-455
-438
-400
-360
-314
-223
-125
-57
7
107
231
320
380
501
658
755
822
906
1016
1069
1035
1074
1158
1173
1096
1045
1052
976
819
724
702
575
360
236
171
35
-165
-299
-375
-500
-673
-786
-829
-916
-1019
-1063
-1039
-1047
-1110
-1081
-969
-906
-886
-811
-669
-541
-428
-289
-119
33
139
242
398
568
685
748
832
951
1026
1062
1110
1160
1150
1093
1059
1043
983
879
782
676
565
419
259
108
-39
-183
-345
-465
-594
-740
-870
-951
-1016
-1105
-1149
-1139
-1125
-1136
-1119
-1051
-967
-899
-839
-728
-588
-477
-391
-282
-153
-51
33
131
214
255
293
360
409
418
380
349
316
269
217
146
84
1
-85
-158
-211
-272
-367
-427
-459
-489
-526
-545
-531
-531
-543
-530
-464
-397
-358
-316
-226
-126
-60
21
155
279
352
428
541
623
677
766
861
934
973
1016
1058
1062
1054
1030
1024
1002
939
895
839
767
658
549
468
361
230
118
24
-102
-218
-313
-419
-522
-650
-722
-774
-829
-861
-891
-880
-878
-880
-891
-831
-732
-665
-589
-496
-382
-291
-185
-33
88
165
244
375
518
613
672
748
829
863
862
877
908
901
856
815
770
701
624
546
450
337
242
157
59
-42
-124
-212
-297
-387
-455
-492
-531
-543
-556
-574
-580
-561
-535
-525
-508
-444
-383
-359
-311
-250
-195
-176
-155
-118
-107
-116
-123
-100
-83
-110
-153
-186
-240
-305
-347
-367
-396
-459
-529
-582
-624
-639
-645
-664
-682
-689
-672
-650
-615
-542
-467
-413
-370
-332
-245
-139
-51
64
169
260
340
425
536
639
727
817
893
938
1009
1102
1152
1162
1141
1138
1129
1092
1076
1056
1003
923
832
763
675
553
431
311
200
93
-24
-128
-222
-354
-480
-575
-641
-696
-753
-774
-794
-814
-835
-840
-825
-772
-708
-667
-610
-540
-451
-367
-285
-189
-110
-26
47
127
209
286
362
420
475
521
564
581
584
582
582
594
566
519
474
437
396
338
304
282
225
147
90
56
41
17
-21
-51
-90
-121
-149
-145
-120
-121
-141
-164
-165
-164
-157
-138
-130
-141
-155
-182
-215
-227
-245
-261
-289
-321
-362
-413
-453
-501
-547
-582
-601
-637
-669
-685
-703
-718
-740
-748
-735
-708
-674
-647
-619
-582
-539
-477
-400
-325
-240
-136
-39
45
129
213
305
410
503
606
689
758
830
882
922
952
994
1031
1039
1044
1031
1006
982
949
901
827
763
693
625
563
482
380
278
187
95
-4
-94
-169
-245
-315
-382
-437
-483
-533
-572
-606
-617
-622
-621
-605
-594
-585
-586
-570
-519
-462
-414
-379
-324
-274
-214
-142
-77
-23
26
87
137
195
254
301
338
357
374
381
387
404
417
403
390
378
359
345
318
290
258
220
188
155
128
116
81
29
-17
-69
-110
-128
-150
-170
-188
-196
-198
-218
-247
-256
-245
-242
-236
-221
-207
-193
-199
-204
-185
-174
-152
-144
-142
-133
-145
-145
-138
-148
-173
-199
-202
-211
-226
-238
-256
-275
-305
-336
-358
-374
-361
-349
-337
-321
-322
-327
-310
-283
-255
-212
-162
-118
-80
-27
26
82
150
223
283
335
386
441
495
563
637
680
690
708
722
736
757
757
744
729
709
659
597
557
526
448
370
300
216
146
98
24
-84
-148
-221
-290
-335
-385
-438
-499
-517
-533
-580
-594
-589
-590
-577
-539
-503
-479
-443
-403
-381
-340
-267
-201
-140
-83
-27
17
53
100
139
172
216
269
293
297
305
321
346
344
343
330
305
303
273
240
212
197
180
166
133
90
69
46
30
3
-20
-37
-52
-80
-98
-99
-100
-104
-111
-115
-111
-110
-122
-137
-151
-151
-146
-127
-118
-129
-147
-171
-180
-178
-181
-184
-188
-198
-199
-207
-218
-225
-233
-220
-223
-230
-230
-228
-205
-186
-186
-186
-171
-149
-110
-79
-58
-47
-22
19
45
75
116
151
185
231
250
273
304
301
312
326
315
318
345
359
341
326
316
304
294
277
247
215
205
181
145
120
111
86
49
27
-6
-35
-56
-85
-128
-164
-168
-177
-190
-192
-211
-226
-223
-206
-187
-181
-173
-186
-184
-141
-113
-104
-96
-82
-60
-44
-37
-11
22
39
61
57
46
54
81
110
112
103
91
73
71
83
75
54
33
33
27
22
20
-7
-29
-40
-47
-46
-49
-51
-58
-56
-58
-62
-48
-31
-15
3
22
20
26
53
86
110
113
114
126
155
179
165
158
173
188
182
157
130
106
88
77
76
54
32
5
-40
-85
-117
-124
-145
-166
-181
-222
-259
-275
-283
-278
-280
-292
-314
-307
-284
-271
-249
-241
-215
-186
-157
-122
-97
-71
-40
14
54
76
102
126
144
163
181
193
222
256
261
243
232
230
227
226
216
176
151
130
100
68
40
16
-20
-56
-77
-93
-109
-123
-154
-186
-194
-196
-199
-207
-214
-210
-215
-216
-187
-164
-148
-118
-101
-75
-42
-11
-7
-8
32
82
114
148
185
205
204
203
219
228
245
254
242
222
205
189
180
164
146
116
85
77
41
-2
-8
-19
-40
-61
-80
-77
-92
-90
-97
-122
-109
-106
-93
-79
-67
-66
-96
-74
-37
-15
-1
14
26
17
28
45
59
66
73
85
74
73
88
85
84
81
59
37
31
29
12
3
-12
-24
-27
-22
-30
-52
-56
-55
-50
-54
-63
-53
-58
-45
-48
-58
-34
-47
-63
-63
-47
-15
-3
-7
-12
-22
-34
-17
4
6
13
9
-10
-31
-39
-44
-57
-55
-58
-84
-117
-103
-98
-116
-117
-140
-145
-138
-128
-122
-143
-142
-140
-130
-116
-108
-98
-78
-40
-17
-8
9
38
63
88
116
148
176
188
206
219
221
253
291
301
302
295
284
258
258
252
236
220
200
184
140
118
95
54
26
1
-41
-101
-129
-146
-182
-211
-241
-258
-267
-272
-293
-314
-309
-298
-293
-295
-275
-252
-228
-197
-171
-150
-126
-102
-82
-53
-9
41
72
91
100
102
122
171
216
242
247
241
245
243
254
265
250
239
236
238
227
201
181
174
161
147
134
101
81
68
45
17
-17
-26
-23
-34
-52
-73
-98
-117
-133
-145
-157
-161
-164
-178
-180
-179
-182
-183
-182
-170
-163
-157
-144
-131
-134
-132
-125
-124
-108
-92
-74
-50
-35
-20
-6
-1
3
18
35
49
53
56
72
90
107
125
124
110
110
116
120
130
136
134
145
159
141
102
91
113
117
135
137
109
84
62
66
73
77
76
59
46
27
4
-11
-25
-32
-37
-66
-89
-96
-98
-110
-131
-150
-176
-191
-199
-215
-228
-225
-232
-233
-216
-220
-227
-233
-225
-210
-193
-156
-140
-134
-112
-90
-70
-48
-4
36
55
75
93
103
125
159
170
185
215
234
254
267
259
235
225
242
240
222
217
210
196
170
141
107
84
73
56
28
3
-6
-35
-68
-82
-102
-127
-133
-128
-134
-135
-128
-139
-159
-172
-164
-154
-142
-134
-127
-113
-88
-66
-59
-41
-20
-2
26
30
22
31
60
98
120
126
117
93
90
114
126
118
94
76
66
59
64
55
33
5
-20
-29
-26
-33
-36
-35
-45
-62
-80
-70
-53
-29
-22
-46
-66
-79
-66
-44
-19
-6
1
9
12
13
29
52
61
71
77
85
86
86
91
82
74
77
81
74
50
20
2
-2
11
10
-21
-46
-70
-81
-78
-79
-80
-93
-106
-114
-119
-103
-93
-90
-105
-121
-118
-100
-72
-45
-31
-37
-36
-26
-13
9
24
38
59
66
71
67
60
63
73
88
94
90
87
87
81
81
71
64
63
50
25
15
21
22
25
18
4
-1
-7
-17
-21
-19
-11
-15
-22
-32
-34
-18
-7
-18
-35
-43
-31
-8
1
1
-6
-28
-19
0
6
8
8
5
1
1
8
16
10
-1
-15
-27
-33
-41
-37
-30
-34
-33
-40
-51
-50
-59
-69
-76
-72
-67
-69
-66
-72
-66
-55
-44
-28
-20
-16
-14
-7
-3
10
28
53
68
55
60
79
96
105
94
71
63
75
88
101
95
90
83
61
64
81
84
72
37
13
4
19
31
19
8
1
-14
-23
-27
-30
-23
-20
-23
-28
-35
-44
-44
-42
-39
-34
-18
-10
-2
-9
-14
-10
-11
-8
-12
-5
6
5
-4
-2
-7
-8
1
-2
-3
7
6
4
-1
-18
-19
-3
14
27
28
20
21
20
11
14
14
14
19
33
49
48
48
30
5
6
12
29
35
30
22
19
6
-7
-12
-10
1
11
4
-5
-18
-29
-21
-24
-22
-29
-38
-46
-53
-47
-52
-55
-59
-60
-57
-46
-45
-57
-60
-57
-43
-38
-34
-44
-60
-56
-52
-47
-37
-23
-28
-37
-37
-31
-33
-22
-5
-12
-20
-17
0
31
42
23
1
5
19
38
50
52
58
46
42
37
28
37
48
55
57
58
54
44
34
13
-7
-7
8
27
25
9
-12
-32
-41
-34
-23
-9
-2
-10
-17
-29
-40
-37
-39
-44
-46
-42
-25
-8
-2
-15
-23
-14
-2
5
11
23
25
29
28
28
41
48
52
54
64
68
66
57
54
62
69
78
84
71
63
61
53
56
46
31
28
25
13
13
18
26
33
33
24
9
15
26
17
11
3
10
20
24
25
8
-5
-7
3
8
16
30
31
29
10
2
0
-5
-2
-10
-16
-32
-42
-50
-66
-75
-82
-90
-102
-105
-103
-96
-90
-100
-105
-110
-100
-98
-95
-80
-75
-64
-50
-47
-50
-50
-45
-33
-19
6
15
11
5
7
22
40
56
66
60
46
31
36
48
46
40
45
48
43
37
11
-6
-9
1
5
-5
-6
-22
-34
-42
-48
-47
-41
-37
-48
-59
-60
-59
-50
-41
-38
-46
-52
-48
-47
-38
-17
-13
-19
-9
8
22
29
41
44
40
44
47
58
80
92
86
69
59
70
81
88
96
90
82
79
60
48
46
54
69
52
51
59
54
50
33
10
11
28
46
40
30
31
35
35
29
17
0
6
21
28
29
33
31
18
11
1
12
20
20
20
11
6
4
2
0
-5
-10
-12
-12
-19
-17
-24
-42
-45
-50
-52
-52
-57
-62
-73
-83
-89
-98
-94
-106
-127
-125
-121
-101
-87
-85
-89
-88
-75
-67
-49
-42
-45
-43
-36
-27
-15
8
11
0
-6
-8
4
40
73
73
50
30
23
32
54
58
57
52
37
16
3
3
13
21
4
-7
-5
-3
5
-3
-10
-13
-22
-8
1
-13
-36
-55
-53
-42
-20
-4
-10
-18
-32
-40
-30
-9
4
11
7
0
0
-2
-5
2
12
21
31
37
40
43
51
57
52
49
54
54
62
80
98
100
91
78
73
60
62
70
67
73
73
80
81
69
53
51
58
56
50
44
43
45
48
39
23
13
25
37
41
20
-4
-14
-12
-8
-14
-16
-26
-43
-47
-51
-59
-65
-75
-80
-88
-90
-94
-102
-102
-108
-106
-112
-113
-118
-130
-117
-98
-87
-84
-78
-65
-55
-52
-44
-32
-10
-1
6
6
7
10
16
29
41
54
57
65
67
70
72
65
62
57
57
52
55
54
34
21
4
-6
-21
-27
-21
-23
-39
-49
-52
-47
-37
-41
-46
-59
-68
-66
-57
-41
-35
-36
-46
-59
-64
-56
-41
-20
-7
-8
-14
-11
2
6
21
41
59
69
65
68
73
75
79
79
85
87
72
66
77
89
86
78
70
61
49
46
52
64
72
67
50
18
-1
2
5
18
23
18
9
2
-5
-15
-9
-10
-3
6
0
-3
-8
-21
-29
-21
-4
6
-1
-19
-35
-47
-33
-2
17
10
5
-1
-13
-17
-25
-20
-17
-25
-25
-30
-25
-6
-13
-12
-20
-32
-29
-32
-34
-24
-7
-5
1
0
-9
-17
-23
-19
-17
-12
-1
0
-13
-33
-42
-35
-18
-4
5
7
4
-15
-36
-26
-8
1
-8
-19
-17
-16
-14
-13
-16
-21
-20
-14
-14
-15
-14
-11
-2
0
0
0
-6
-11
-16
-24
-24
-17
-2
14
17
8
4
2
2
3
-2
8
21
24
21
8
7
18
33
46
50
45
40
25
11
15
18
29
37
31
25
17
21
29
32
30
19
8
-1
-1
0
-6
-1
4
6
-2
-13
-22
-19
-4
-2
3
7
6
9
-1
-7
-7
7
28
28
19
8
-3
-10
-5
9
11
4
5
6
19
39
41
33
20
9
17
32
37
35
25
8
-12
-25
-20
-15
-11
-2
-4
-18
-21
-11
-10
-20
-27
-27
-15
-3
-10
-8
-8
-15
-18
-23
-26
-27
-27
-26
-24
-24
-13
2
5
6
-4
-15
-22
-16
-1
-2
4
5
-3
-8
-9
-12
-7
5
14
27
22
7
-8
-19
-9
1
6
5
-3
-8
-12
-7
-2
-7
-6
-12
-22
-24
-15
1
8
13
20
13
-5
-13
-15
-19
-12
5
18
11
3
-4
-11
-17
-19
-12
-2
14
30
33
21
9
1
11
19
21
19
3
-6
-9
-2
20
22
16
22
16
14
12
12
21
21
22
18
12
16
20
9
9
7
-1
5
-12
-22
-8
-4
10
18
13
0
-6
1
3
11
3
-5
-5
-16
-14
-6
-3
0
4
4
1
0
-7
-11
-7
-9
-2
16
24
12
-12
-21
-20
-20
-12
-14
-23
-13
4
13
13
-1
-14
-21
-22
-5
6
22
29
7
-15
-31
-29
-8
5
2
-2
-10
-13
-12
-5
1
-7
-12
-11
-2
6
14
6
-5
-5
-10
-14
3
9
16
15
-2
-12
-5
11
16
15
12
10
5
1
6
3
-16
-17
-2
13
14
4
-2
-6
-12
-7
14
23
24
7
-3
-2
2
6
-1
5
12
13
17
7
-7
-7
-18
-20
-18
-12
6
11
11
4
0
2
-2
-6
-6
-2
5
9
2
0
-19
-32
-34
-27
-10
9
20
5
-9
-13
-4
4
10
15
20
15
-1
-10
1
20
19
5
4
18
25
14
1
-1
-2
-9
-2
13
26
27
15
-2
-17
-1
18
29
31
13
-21
-28
-16
-2
14
6
-8
-15
-22
-19
1
17
6
-9
-14
-6
-2
-2
4
5
-2
0
-11
-28
-27
-27
-12
9
9
-1
-19
-38
-28
-8
18
28
22
12
0
-18
-15
-1
2
10
10
4
0
-6
4
12
5
-3
-11
0
22
19
7
4
-2
-7
-1
7
6
-5
-12
-17
-12
4
4
-8
-17
-14
-6
4
20
28
28
18
2
-1
-1
-3
1
-2
-11
-8
-12
-18
-25
-31
-25
-20
2
14
-1
-14
-24
-20
-3
7
21
39
39
29
3
-15
-16
-18
-11
-6
-7
11
25
20
6
-5
-6
3
15
21
26
19
11
2
9
25
28
21
11
10
3
4
-4
-4
10
14
13
5
0
5
9
-1
-13
-23
-22
-5
-2
-12
-18
-24
-11
2
-2
-8
-11
-16
-18
-15
-13
-20
-19
-12
-12
-12
-4
0
-6
-8
-14
-15
-1
-1
-2
3
11
7
6
19
29
37
20
4
1
4
28
33
16
5
8
15
18
14
17
17
12
18
24
26
28
3
-12
-4
1
6
-6
-25
-37
-33
-16
2
0
-18
-33
-43
-39
-25
-6
5
0
-21
-39
-38
-23
-6
5
-3
-11
-21
-26
-15
-5
-2
-8
-9
5
11
7
14
9
9
14
15
12
11
19
21
28
32
24
18
13
6
2
2
15
19
13
5
-7
-7
0
5
4
-17
-24
-10
2
11
8
1
-8
-9
-6
-12
-11
1
14
23
24
26
26
11
-12
-29
-22
3
24
31
20
-9
-25
-25
-13
-1
7
8
6
2
-4
-14
-21
-23
-19
-10
-9
-9
-6
-21
-28
-35
-38
-25
-8
3
6
-8
-25
-16
-20
-7
8
2
15
20
24
31
24
29
31
16
13
14
26
53
52
38
17
-1
7
19
31
43
36
30
24
6
6
7
-3
1
-6
-3
-3
-15
-10
-28
-49
-47
-38
-38
-44
-61
-67
-66
-54
-22
-10
-17
-19
-40
-56
-45
-34
-6
7
3
3
1
7
1
-3
7
20
26
41
45
31
24
17
25
42
53
52
36
36
34
33
42
43
44
40
30
32
23
18
17
7
-1
-8
-3
4
-1
-23
-29
-21
-14
-12
-22
-30
-27
-34
-45
-49
-42
-23
-18
-30
-43
-43
-38
-25
-16
-27
-38
-42
-9
23
32
18
-2
-15
-25
-11
-2
14
33
30
26
14
11
19
15
18
26
36
57
61
46
15
-4
-4
5
14
21
21
15
13
6
-8
-14
-16
-16
-3
9
24
25
12
0
-24
-39
-26
-12
-8
-13
-25
-37
-36
-31
-37
-40
-31
-21
-21
-21
-11
-7
-4
5
1
-8
5
8
2
-4
-9
1
13
12
6
4
8
13
22
41
45
41
33
25
29
25
29
43
44
34
7
-6
11
22
16
8
1
-3
-5
1
16
14
1
-17
-27
-27
-26
-17
-34
-45
-36
-25
-13
-12
-23
-38
-39
-29
-12
-10
-10
-11
-8
-8
-19
-22
-29
-19
-5
-6
2
17
19
17
9
9
12
24
29
29
31
25
14
12
12
20
30
19
13
14
18
19
17
-1
-15
-26
-28
-19
-14
-4
-7
-18
-25
-30
-23
-5
-4
-5
-11
-11
4
7
-5
-15
-19
-10
10
23
18
1
-5
2
13
16
16
22
17
17
6
3
8
11
17
7
-5
-14
-8
3
2
4
-1
-3
8
1
-4
-11
-11
0
4
7
0
-9
-13
-14
-9
-18
-21
-13
-11
-4
1
-2
-6
0
3
4
4
2
15
19
23
19
15
22
20
14
17
14
6
-1
1
10
14
20
20
12
1
-2
1
9
9
-7
-22
-17
-15
-19
-21
-24
-15
-12
-13
-17
-22
-23
-25
-22
-14
-4
-6
-3
-9
-16
-12
-10
-1
-4
-8
-10
-17
-13
-2
8
11
2
0
3
2
4
11
23
34
40
40
47
43
22
-1
-16
4
29
30
31
15
4
-5
-21
-12
9
28
24
6
-11
-11
-10
-9
-10
-8
-5
4
10
3
-9
-20
-34
-38
-15
-8
-14
-13
-17
-20
-22
-15
-8
-21
-22
-17
-16
-4
10
6
-4
-8
-18
-3
14
23
22
0
-17
-19
-9
4
16
25
20
20
19
14
18
14
13
10
14
26
39
42
22
3
-3
12
21
23
11
-4
2
15
10
2
-2
-13
-16
-10
-3
8
8
-6
-8
-16
-35
-35
-28
-18
-20
-22
-18
-19
-21
-37
-42
-32
-10
4
-5
-16
-23
-22
-18
-7
5
18
27
8
-4
-4
2
26
29
16
10
-3
10
26
30
47
43
15
3
2
-1
3
7
20
30
30
26
14
4
-12
-18
0
15
20
19
12
-1
-11
-7
4
14
16
3
-17
-27
-23
-26
-33
-33
-35
-29
-17
-10
-9
-20
-27
-21
-14
-1
4
-4
-7
-16
-26
-23
-19
-21
-17
-16
-7
0
6
10
2
-4
-3
17
24
30
40
34
19
5
5
12
22
39
36
23
11
14
21
24
24
11
1
-1
4
11
14
13
6
-2
0
-9
-18
-16
-11
-9
-12
-9
-9
-5
-6
-12
-22
-45
-35
-20
-11
-8
-8
-11
-21
-20
-22
-19
-16
-14
-7
-1
4
5
2
1
3
10
11
13
13
4
17
15
3
3
7
18
20
13
12
6
7
10
7
11
12
13
15
7
-1
2
4
2
8
1
-8
-6
-6
1
5
-1
-17
-23
-3
2
-2
16
22
12
